Date,Time,Open,High,Low,Close,Volume,OpenInt
2016-06-08,15:35:00,99.27,99.27,99.2,99.24,64772,0
2016-06-08,15:40:00,99.23,99.28,99.2,99.23,121332,0
2016-06-08,15:45:00,99.23,99.29,99.22,99.22,106831,0
2016-06-08,15:50:00,99.23,99.26,99.22,99.23,87300,0
2016-06-08,15:55:00,99.2299,99.24,99.21,99.23,72645,0
2016-06-08,16:00:00,99.23,99.25,99.22,99.24,64276,0
2016-06-08,16:05:00,99.23,99.24,99.22,99.22,93874,0
2016-06-08,16:10:00,99.22,99.23,99.21,99.21,26125,0
2016-06-08,16:15:00,99.21,99.22,99.2,99.2,58462,0
2016-06-08,16:20:00,99.2,99.23,99.2,99.225,65582,0
2016-06-08,16:25:00,99.22,99.24,99.2,99.22,133137,0
2016-06-08,16:30:00,99.23,99.23,99.21,99.22,60682,0
2016-06-08,16:35:00,99.22,99.23,99.22,99.22,44091,0
2016-06-08,16:40:00,99.22,99.22,99.21,99.22,13463,0
2016-06-08,16:45:00,99.22,99.23,99.21,99.22,48079,0
2016-06-08,16:50:00,99.22,99.23,99.22,99.22,9069,0
2016-06-08,16:55:00,99.23,99.23,99.21,99.22,34383,0
2016-06-08,17:00:00,99.22,99.23,99.21,99.21,29983,0
2016-06-08,17:05:00,99.21,99.22,99.21,99.22,25402,0
2016-06-08,17:10:00,99.22,99.22,99.21,99.22,35073,0
2016-06-08,17:15:00,99.22,99.22,99.21,99.21,16510,0
2016-06-08,17:20:00,99.21,99.22,99.21,99.22,14829,0
2016-06-08,17:25:00,99.22,99.22,99.21,99.21,11023,0
2016-06-08,17:30:00,99.21,99.22,99.21,99.211,45897,0
2016-06-08,17:35:00,99.21,99.22,99.21,99.21,3493,0
2016-06-08,17:40:00,99.22,99.22,99.2,99.2,60520,0
2016-06-08,17:45:00,99.2,99.21,99.2,99.2,11028,0
2016-06-08,17:50:00,99.2,99.21,99.2,99.21,4182,0
2016-06-08,17:55:00,99.205,99.21,99.2,99.21,17085,0
2016-06-08,18:00:00,99.21,99.21,99.2,99.21,5838,0
2016-06-08,18:05:00,99.21,99.21,99.2,99.205,57480,0
2016-06-08,18:10:00,99.21,99.21,99.2,99.2,19752,0
2016-06-08,18:15:00,99.2,99.21,99.2,99.205,24939,0
2016-06-08,18:20:00,99.205,99.21,99.2,99.2,7176,0
2016-06-08,18:25:00,99.21,99.23,99.2,99.21,71174,0
2016-06-08,18:30:00,99.23,99.23,99.21,99.21,20924,0
2016-06-08,18:35:00,99.21,99.225,99.21,99.22,27151,0
2016-06-08,18:40:00,99.215,99.23,99.21,99.21,34501,0
2016-06-08,18:45:00,99.21,99.22,99.21,99.215,16580,0
2016-06-08,18:50:00,99.21,99.22,99.21,99.21,5639,0
2016-06-08,18:55:00,99.21,99.22,99.21,99.21,6133,0
2016-06-08,19:00:00,99.21,99.22,99.21,99.21,3908,0
2016-06-08,19:05:00,99.21,99.22,99.2,99.2,6610,0
2016-06-08,19:10:00,99.21,99.21,99.2,99.2,8846,0
2016-06-08,19:15:00,99.2,99.21,99.2,99.2,5847,0
2016-06-08,19:20:00,99.2,99.21,99.2,99.21,16222,0
2016-06-08,19:25:00,99.2,99.21,99.2,99.205,17850,0
2016-06-08,19:30:00,99.2,99.21,99.2,99.2,67393,0
2016-06-08,19:35:00,99.21,99.21,99.2,99.2,21864,0
2016-06-08,19:40:00,99.2,99.21,99.2,99.2,6772,0
2016-06-08,19:45:00,99.21,99.21,99.2,99.2,11108,0
2016-06-08,19:50:00,99.2,99.21,99.2,99.2,15600,0
2016-06-08,19:55:00,99.2,99.21,99.2,99.2,20543,0
2016-06-08,20:00:00,99.2,99.21,99.2,99.2,12523,0
2016-06-08,20:05:00,99.2,99.205,99.2,99.2,10012,0
2016-06-08,20:10:00,99.2,99.21,99.2,99.2,4034,0
2016-06-08,20:15:00,99.2,99.205,99.2,99.2,1300,0
2016-06-08,20:20:00,99.2,99.21,99.2,99.2,4109,0
2016-06-08,20:25:00,99.2,99.21,99.2,99.2,1802,0
2016-06-08,20:30:00,99.2039,99.21,99.2,99.2001,1638,0
2016-06-08,20:35:00,99.2001,99.21,99.2,99.21,15709,0
2016-06-08,20:40:00,99.2,99.21,99.2,99.2,7387,0
2016-06-08,20:45:00,99.2,99.21,99.2,99.21,12046,0
2016-06-08,20:50:00,99.2,99.21,99.2,99.2,6496,0
2016-06-08,20:55:00,99.2,99.21,99.2,99.21,102023,0
2016-06-08,21:00:00,99.2,99.21,99.2,99.21,15277,0
2016-06-08,21:05:00,99.2,99.21,99.2,99.205,7369,0
2016-06-08,21:10:00,99.2,99.21,99.2,99.2,4981,0
2016-06-08,21:15:00,99.2,99.21,99.2,99.21,14424,0
2016-06-08,21:20:00,99.21,99.21,99.18,99.2,125421,0
2016-06-08,21:25:00,99.21,99.23,99.2,99.23,12633,0
2016-06-08,21:30:00,99.22,99.25,99.21,99.25,7900,0
2016-06-08,21:35:00,99.25,99.25,99.21,99.23,8922,0
2016-06-08,21:40:00,99.24,99.25,99.21,99.21,7120,0
2016-06-08,21:45:00,99.21,99.22,99.21,99.21,2850,0
2016-06-08,21:50:00,99.21,99.22,99.2,99.2,4353,0
2016-06-08,21:55:00,99.21,99.24,99.2,99.22,21327,0
2016-06-08,22:00:00,99.22,99.23,99.17,99.19,72497,0
2016-06-09,15:35:00,99.21,99.27,99.21,99.23,68453,0
2016-06-09,15:40:00,99.24,99.31,99.22,99.23,112601,0
2016-06-09,15:45:00,99.24,99.34,99.23,99.27,126113,0
2016-06-09,15:50:00,99.26,99.26,99.22,99.22,112438,0
2016-06-09,15:55:00,99.23,99.26,99.22,99.24,86191,0
2016-06-09,16:00:00,99.24,99.24,99.15,99.18,137200,0
2016-06-09,16:05:00,99.18,99.21,99.18,99.21,115708,0
2016-06-09,16:10:00,99.21,99.21,99.16,99.17,101275,0
2016-06-09,16:15:00,99.18,99.18,99.13,99.14,96776,0
2016-06-09,16:20:00,99.15,99.18,99.15,99.17,58679,0
2016-06-09,16:25:00,99.18,99.2,99.17,99.18,39068,0
2016-06-09,16:30:00,99.18,99.2,99.17,99.17,42398,0
2016-06-09,16:35:00,99.18,99.19,99.17,99.17,28141,0
2016-06-09,16:40:00,99.17,99.18,99.17,99.17,38871,0
2016-06-09,16:45:00,99.17,99.19,99.17,99.18,34866,0
2016-06-09,16:50:00,99.17,99.21,99.17,99.19,39014,0
2016-06-09,16:55:00,99.19,99.2,99.18,99.19,18249,0
2016-06-09,17:00:00,99.19,99.19,99.18,99.18,12369,0
2016-06-09,17:05:00,99.19,99.2,99.18,99.18,21982,0
2016-06-09,17:10:00,99.185,99.2,99.18,99.19,47989,0
2016-06-09,17:15:00,99.2,99.2,99.18,99.18,25059,0
2016-06-09,17:20:00,99.19,99.19,99.15,99.15,32903,0
2016-06-09,17:25:00,99.15,99.16,99.12,99.13,58116,0
2016-06-09,17:30:00,99.1275,99.16,99.12,99.15,211317,0
2016-06-09,17:35:00,99.14,99.15,99.14,99.14,22886,0
2016-06-09,17:40:00,99.14,99.15,99.14,99.15,40852,0
2016-06-09,17:45:00,99.15,99.155,99.14,99.14,23892,0
2016-06-09,17:50:00,99.14,99.16,99.14,99.14,58186,0
2016-06-09,17:55:00,99.15,99.15,99.14,99.14,42019,0
2016-06-09,18:00:00,99.14,99.15,99.13,99.13,34347,0
2016-06-09,18:05:00,99.13,99.14,99.12,99.14,37078,0
2016-06-09,18:10:00,99.14,99.15,99.11,99.11,34348,0
2016-06-09,18:15:00,99.11,99.12,99.1,99.11,15073,0
2016-06-09,18:20:00,99.11,99.11,99.1,99.11,25673,0
2016-06-09,18:25:00,99.11,99.13,99.1,99.13,26909,0
2016-06-09,18:30:00,99.13,99.15,99.11,99.12,34032,0
2016-06-09,18:35:00,99.12,99.14,99.1,99.13,33518,0
2016-06-09,18:40:00,99.13,99.14,99.12,99.13,14701,0
2016-06-09,18:45:00,99.125,99.14,99.11,99.12,20920,0
2016-06-09,18:50:00,99.13,99.13,99.115,99.13,19983,0
2016-06-09,18:55:00,99.12,99.14,99.12,99.12,29428,0
2016-06-09,19:00:00,99.13,99.13,99.12,99.13,22626,0
2016-06-09,19:05:00,99.13,99.13,99.11,99.115,21012,0
2016-06-09,19:10:00,99.12,99.12,99.09,99.09,43535,0
2016-06-09,19:15:00,99.1,99.13,99.1,99.13,27272,0
2016-06-09,19:20:00,99.14,99.15,99.13,99.15,35028,0
2016-06-09,19:25:00,99.15,99.15,99.11,99.1408,47345,0
2016-06-09,19:30:00,99.1411,99.15,99.13,99.14,7564,0
2016-06-09,19:35:00,99.14,99.1711,99.13,99.14,50441,0
2016-06-09,19:40:00,99.13,99.14,99.12,99.14,17929,0
2016-06-09,19:45:00,99.13,99.13,99.11,99.13,22374,0
2016-06-09,19:50:00,99.12,99.13,99.1,99.1,21146,0
2016-06-09,19:55:00,99.11,99.12,99.06,99.08,62256,0
2016-06-09,20:00:00,99.08,99.09,99.02,99.06,41499,0
2016-06-09,20:05:00,99.06,99.06,99,99.02,53530,0
2016-06-09,20:10:00,99.01,99.05,99,99.02,31490,0
2016-06-09,20:15:00,99.03,99.11,99.02,99.08,33618,0
2016-06-09,20:20:00,99.085,99.095,99.07,99.08,12455,0
2016-06-09,20:25:00,99.0863,99.12,99.08,99.12,11792,0
2016-06-09,20:30:00,99.12,99.12,99.08,99.09,112645,0
2016-06-09,20:35:00,99.09,99.13,99.09,99.13,20786,0
2016-06-09,20:40:00,99.13,99.13,99.09,99.1,70691,0
2016-06-09,20:45:00,99.11,99.14,99.1,99.14,11202,0
2016-06-09,20:50:00,99.14,99.15,99.11,99.12,7060,0
2016-06-09,20:55:00,99.12,99.14,99.1,99.1,11088,0
2016-06-09,21:00:00,99.11,99.11,99.05,99.06,10926,0
2016-06-09,21:05:00,99.06,99.07,99.05,99.07,8804,0
2016-06-09,21:10:00,99.07,99.11,99.06,99.09,20618,0
2016-06-09,21:15:00,99.08,99.08,99.06,99.06,8001,0
2016-06-09,21:20:00,99.06,99.08,99.05,99.06,15388,0
2016-06-09,21:25:00,99.05,99.07,99.05,99.07,12588,0
2016-06-09,21:30:00,99.07,99.08,99.06,99.08,9392,0
2016-06-09,21:35:00,99.07,99.11,99.07,99.1,9226,0
2016-06-09,21:40:00,99.12,99.12,99.08,99.09,20332,0
2016-06-09,21:45:00,99.09,99.13,99.085,99.1,13029,0
2016-06-09,21:50:00,99.1,99.143,99.1,99.13,14101,0
2016-06-09,21:55:00,99.12,99.13,99.08,99.11,97460,0
2016-06-09,22:00:00,99.11,99.13,99.08,99.08,76796,0
2016-06-10,15:35:00,99.1,99.1401,99.09,99.1,55203,0
2016-06-10,15:40:00,99.11,99.14,99.08,99.14,124206,0
2016-06-10,15:45:00,99.14,99.24,99.11,99.22,55377,0
2016-06-10,15:50:00,99.22,99.28,99.15,99.15,97190,0
2016-06-10,15:55:00,99.15,99.18,99.12,99.125,110978,0
2016-06-10,16:00:00,99.13,99.151,99.11,99.12,88608,0
2016-06-10,16:05:00,99.12,99.14,99.09,99.1,115422,0
2016-06-10,16:10:00,99.1,99.12,99.09,99.09,73654,0
2016-06-10,16:15:00,99.09,99.1,99.08,99.08,52941,0
2016-06-10,16:20:00,99.09,99.13,99.08,99.12,68313,0
2016-06-10,16:25:00,99.11,99.12,99.09,99.12,61467,0
2016-06-10,16:30:00,99.11,99.12,99.09,99.1,48324,0
2016-06-10,16:35:00,99.1,99.13,99.09,99.12,51309,0
2016-06-10,16:40:00,99.12,99.13,99.09,99.1,56615,0
2016-06-10,16:45:00,99.11,99.11,99.1,99.1,20369,0
2016-06-10,16:50:00,99.1,99.11,99.09,99.11,35154,0
2016-06-10,16:55:00,99.1,99.11,99.08,99.1,82994,0
2016-06-10,17:00:00,99.1,99.11,99.09,99.09,50893,0
2016-06-10,17:05:00,99.09,99.11,99.09,99.1,71310,0
2016-06-10,17:10:00,99.09,99.1,99.09,99.1,40585,0
2016-06-10,17:15:00,99.1,99.1,99.09,99.1,24585,0
2016-06-10,17:20:00,99.1,99.1,99.09,99.095,20806,0
2016-06-10,17:25:00,99.09,99.1,99.09,99.09,43799,0
2016-06-10,17:30:00,99.095,99.1,99.09,99.09,74046,0
2016-06-10,17:35:00,99.09,99.1,99.09,99.1,27510,0
2016-06-10,17:40:00,99.1,99.1,99.09,99.09,11458,0
2016-06-10,17:45:00,99.095,99.1,99.09,99.1,16000,0
2016-06-10,17:50:00,99.1,99.1,99.09,99.1,18287,0
2016-06-10,17:55:00,99.095,99.1,99.09,99.095,15329,0
2016-06-10,18:00:00,99.1,99.12,99.1,99.11,33831,0
2016-06-10,18:05:00,99.11,99.12,99.1,99.11,22434,0
2016-06-10,18:10:00,99.1,99.14,99.1,99.12,26698,0
2016-06-10,18:15:00,99.11,99.12,99.09,99.11,94282,0
2016-06-10,18:20:00,99.11,99.11,99.09,99.105,57348,0
2016-06-10,18:25:00,99.1,99.11,99.1,99.1,19792,0
2016-06-10,18:30:00,99.1,99.11,99.1,99.1034,23722,0
2016-06-10,18:35:00,99.11,99.13,99.1,99.12,38852,0
2016-06-10,18:40:00,99.13,99.15,99.12,99.15,8205,0
2016-06-10,18:45:00,99.13,99.16,99.12,99.14,18974,0
2016-06-10,18:50:00,99.13,99.14,99.12,99.13,12672,0
2016-06-10,18:55:00,99.12,99.15,99.12,99.13,18859,0
2016-06-10,19:00:00,99.12,99.14,99.12,99.14,2605,0
2016-06-10,19:05:00,99.12,99.17,99.12,99.15,15956,0
2016-06-10,19:10:00,99.15,99.17,99.13,99.14,6391,0
2016-06-10,19:15:00,99.15,99.19,99.15,99.19,4210,0
2016-06-10,19:20:00,99.19,99.22,99.19,99.22,5550,0
2016-06-10,19:25:00,99.2,99.22,99.17,99.21,5708,0
2016-06-10,19:30:00,99.2,99.21,99.17,99.21,6105,0
2016-06-10,19:35:00,99.2,99.2,99.14,99.15,6653,0
2016-06-10,19:40:00,99.17,99.18,99.16,99.18,2995,0
2016-06-10,19:45:00,99.18,99.2,99.15,99.2,9412,0
2016-06-10,19:50:00,99.2,99.2,99.18,99.18,3128,0
2016-06-10,19:55:00,99.2,99.2,99.16,99.18,5560,0
2016-06-10,20:00:00,99.17,99.19,99.14,99.17,10968,0
2016-06-10,20:05:00,99.18,99.18,99.15,99.17,8408,0
2016-06-10,20:10:00,99.15,99.19,99.14,99.17,10047,0
2016-06-10,20:15:00,99.17,99.17,99.14,99.16,12869,0
2016-06-10,20:20:00,99.15,99.15,99.14,99.15,12377,0
2016-06-10,20:25:00,99.16,99.17,99.14,99.16,6815,0
2016-06-10,20:30:00,99.16,99.17,99.15,99.16,6483,0
2016-06-10,20:35:00,99.15,99.21,99.15,99.2,11100,0
2016-06-10,20:40:00,99.18,99.25,99.18,99.245,11215,0
2016-06-10,20:45:00,99.25,99.25,99.19,99.2,12889,0
2016-06-10,20:50:00,99.2,99.21,99.17,99.19,5806,0
2016-06-10,20:55:00,99.19,99.22,99.18,99.19,4472,0
2016-06-10,21:00:00,99.19,99.19,99.16,99.17,11125,0
2016-06-10,21:05:00,99.18,99.19,99.16,99.19,5000,0
2016-06-10,21:10:00,99.17,99.19,99.13,99.14,11854,0
2016-06-10,21:15:00,99.145,99.16,99.13,99.16,8789,0
2016-06-10,21:20:00,99.15,99.18,99.15,99.16,5350,0
2016-06-10,21:25:00,99.18,99.19,99.16,99.17,4467,0
2016-06-10,21:30:00,99.19,99.23,99.18,99.22,6623,0
2016-06-10,21:35:00,99.23,99.23,99.19,99.22,4200,0
2016-06-10,21:40:00,99.2,99.21,99.16,99.18,9414,0
2016-06-10,21:45:00,99.18,99.2,99.18,99.2,6317,0
2016-06-10,21:50:00,99.18,99.25,99.18,99.25,5568,0
2016-06-10,21:55:00,99.25,99.25,99.17,99.2,13166,0
2016-06-10,22:00:00,99.21,99.26,99.17,99.19,37597,0
2016-06-13,15:35:00,99.14,99.28,99.12,99.25,41139,0
2016-06-13,15:40:00,99.25,99.3,99.16,99.2,75352,0
2016-06-13,15:45:00,99.2,99.27,99.17,99.2,132996,0
2016-06-13,15:50:00,99.19,99.22,99.15,99.19,88697,0
2016-06-13,15:55:00,99.18,99.21,99.15,99.1625,107721,0
2016-06-13,16:00:00,99.16,99.17,99.14,99.15,124447,0
2016-06-13,16:05:00,99.15,99.17,99.13,99.13,145770,0
2016-06-13,16:10:00,99.135,99.15,99.13,99.13,82491,0
2016-06-13,16:15:00,99.13,99.17,99.13,99.14,118947,0
2016-06-13,16:20:00,99.13,99.16,99.13,99.145,109062,0
2016-06-13,16:25:00,99.14,99.16,99.14,99.16,79700,0
2016-06-13,16:30:00,99.16,99.17,99.14,99.14,72152,0
2016-06-13,16:35:00,99.15,99.19,99.14,99.16,54409,0
2016-06-13,16:40:00,99.15,99.17,99.15,99.16,52789,0
2016-06-13,16:45:00,99.15,99.18,99.15,99.15,49225,0
2016-06-13,16:50:00,99.16,99.16,99.15,99.15,36762,0
2016-06-13,16:55:00,99.15,99.15,99.14,99.14,71481,0
2016-06-13,17:00:00,99.15,99.15,99.115,99.12,47212,0
2016-06-13,17:05:00,99.13,99.14,99.11,99.12,84517,0
2016-06-13,17:10:00,99.12,99.12,99.11,99.12,32766,0
2016-06-13,17:15:00,99.11,99.13,99.11,99.12,49617,0
2016-06-13,17:20:00,99.11,99.12,99.1,99.1,33024,0
2016-06-13,17:25:00,99.105,99.12,99.1,99.115,46717,0
2016-06-13,17:30:00,99.11,99.14,99.1,99.12,54321,0
2016-06-13,17:35:00,99.12,99.14,99.12,99.14,57664,0
2016-06-13,17:40:00,99.135,99.19,99.13,99.18,62928,0
2016-06-13,17:45:00,99.18,99.24,99.18,99.19,72441,0
2016-06-13,17:50:00,99.18,99.21,99.17,99.18,42551,0
2016-06-13,17:55:00,99.18,99.18,99.14,99.15,44805,0
2016-06-13,18:00:00,99.16,99.17,99.15,99.17,27187,0
2016-06-13,18:05:00,99.17,99.205,99.15,99.15,53860,0
2016-06-13,18:10:00,99.155,99.18,99.15,99.16,33853,0
2016-06-13,18:15:00,99.16,99.19,99.155,99.19,43561,0
2016-06-13,18:20:00,99.18,99.19,99.17,99.18,21826,0
2016-06-13,18:25:00,99.19,99.21,99.17,99.18,44991,0
2016-06-13,18:30:00,99.18,99.21,99.17,99.19,62173,0
2016-06-13,18:35:00,99.2,99.21,99.18,99.181,43443,0
2016-06-13,18:40:00,99.185,99.2,99.18,99.19,20665,0
2016-06-13,18:45:00,99.19,99.21,99.18,99.21,34190,0
2016-06-13,18:50:00,99.201,99.22,99.19,99.19,43378,0
2016-06-13,18:55:00,99.18,99.19,99.16,99.17,21072,0
2016-06-13,19:00:00,99.16,99.18,99.15,99.16,19978,0
2016-06-13,19:05:00,99.17,99.17,99.15,99.15,33069,0
2016-06-13,19:10:00,99.16,99.16,99.13,99.14,82456,0
2016-06-13,19:15:00,99.145,99.15,99.13,99.14,49320,0
2016-06-13,19:20:00,99.14,99.15,99.13,99.135,38442,0
2016-06-13,19:25:00,99.13,99.14,99.13,99.13,21974,0
2016-06-13,19:30:00,99.13,99.14,99.13,99.14,31504,0
2016-06-13,19:35:00,99.13,99.14,99.13,99.13,39774,0
2016-06-13,19:40:00,99.13,99.14,99.11,99.11,36023,0
2016-06-13,19:45:00,99.11,99.13,99.11,99.12,37810,0
2016-06-13,19:50:00,99.12,99.13,99.11,99.12,23208,0
2016-06-13,19:55:00,99.12,99.12,99.11,99.115,34221,0
2016-06-13,20:00:00,99.11,99.11,99.1,99.1,21636,0
2016-06-13,20:05:00,99.105,99.11,99.08,99.1,43263,0
2016-06-13,20:10:00,99.1,99.105,99.08,99.09,89896,0
2016-06-13,20:15:00,99.09,99.1,99.08,99.095,35481,0
2016-06-13,20:20:00,99.09,99.1,99.09,99.1,50303,0
2016-06-13,20:25:00,99.1,99.1,99.09,99.09,25029,0
2016-06-13,20:30:00,99.09,99.1,99.0899,99.09,30341,0
2016-06-13,20:35:00,99.1,99.1,99.09,99.09,46980,0
2016-06-13,20:40:00,99.1,99.12,99.09,99.115,113316,0
2016-06-13,20:45:00,99.115,99.12,99.1,99.11,50780,0
2016-06-13,20:50:00,99.11,99.11,99.1,99.11,12796,0
2016-06-13,20:55:00,99.11,99.11,99.1,99.1,30685,0
2016-06-13,21:00:00,99.1,99.12,99.1,99.11,62581,0
2016-06-13,21:05:00,99.12,99.13,99.11,99.12,36981,0
2016-06-13,21:10:00,99.13,99.13,99.11,99.1175,29382,0
2016-06-13,21:15:00,99.11,99.12,99.1,99.11,99886,0
2016-06-13,21:20:00,99.1,99.11,99.1,99.105,12659,0
2016-06-13,21:25:00,99.105,99.11,99.1,99.105,14859,0
2016-06-13,21:30:00,99.105,99.175,99.105,99.12,105954,0
2016-06-13,21:35:00,99.14,99.14,99.12,99.12,21231,0
2016-06-13,21:40:00,99.12,99.15,99.12,99.1318,12812,0
2016-06-13,21:45:00,99.13,99.13,99.11,99.12,19200,0
2016-06-13,21:50:00,99.12,99.12,99.11,99.1175,21070,0
2016-06-13,21:55:00,99.11,99.12,99.11,99.12,30832,0
2016-06-13,22:00:00,99.11,99.1395,99.1,99.11,73034,0
2016-06-14,15:35:00,99.12,99.17,99.12,99.14,143027,0
2016-06-14,15:40:00,99.14,99.15,99.11,99.13,165705,0
2016-06-14,15:45:00,99.13,99.15,99.13,99.14,102458,0
2016-06-14,15:50:00,99.13,99.17,99.13,99.17,116488,0
2016-06-14,15:55:00,99.17,99.18,99.13,99.16,141589,0
2016-06-14,16:00:00,99.15,99.185,99.15,99.17,76375,0
2016-06-14,16:05:00,99.17,99.19,99.16,99.185,63014,0
2016-06-14,16:10:00,99.18,99.19,99.165,99.17,58474,0
2016-06-14,16:15:00,99.18,99.18,99.15,99.16,115563,0
2016-06-14,16:20:00,99.16,99.16,99.14,99.15,109074,0
2016-06-14,16:25:00,99.141,99.16,99.14,99.16,59762,0
2016-06-14,16:30:00,99.15,99.155,99.14,99.14,81832,0
2016-06-14,16:35:00,99.14,99.15,99.13,99.13,72198,0
2016-06-14,16:40:00,99.13,99.14,99.12,99.14,137480,0
2016-06-14,16:45:00,99.135,99.14,99.12,99.12,123710,0
2016-06-14,16:50:00,99.125,99.14,99.12,99.12,76213,0
2016-06-14,16:55:00,99.13,99.13,99.11,99.115,54935,0
2016-06-14,17:00:00,99.11,99.12,99.11,99.115,85654,0
2016-06-14,17:05:00,99.12,99.12,99.11,99.115,28517,0
2016-06-14,17:10:00,99.12,99.12,99.11,99.115,94178,0
2016-06-14,17:15:00,99.11,99.12,99.11,99.12,60538,0
2016-06-14,17:20:00,99.115,99.12,99.11,99.12,138911,0
2016-06-14,17:25:00,99.12,99.12,99.11,99.12,26471,0
2016-06-14,17:30:00,99.12,99.12,99.11,99.11,40662,0
2016-06-14,17:35:00,99.11,99.12,99.11,99.115,55154,0
2016-06-14,17:40:00,99.11,99.12,99.11,99.12,68532,0
2016-06-14,17:45:00,99.11,99.12,99.11,99.12,24020,0
2016-06-14,17:50:00,99.1113,99.12,99.11,99.11,79341,0
2016-06-14,17:55:00,99.11,99.12,99.1,99.11,75326,0
2016-06-14,18:00:00,99.1,99.105,99.08,99.1,52929,0
2016-06-14,18:05:00,99.095,99.11,99.09,99.1,21364,0
2016-06-14,18:10:00,99.095,99.1,99.09,99.09,13912,0
2016-06-14,18:15:00,99.09,99.1,99.09,99.095,14623,0
2016-06-14,18:20:00,99.095,99.12,99.095,99.11,51131,0
2016-06-14,18:25:00,99.12,99.14,99.12,99.13,21809,0
2016-06-14,18:30:00,99.14,99.17,99.13,99.15,54124,0
2016-06-14,18:35:00,99.15,99.16,99.13,99.14,32882,0
2016-06-14,18:40:00,99.15,99.16,99.14,99.15,64790,0
2016-06-14,18:45:00,99.14,99.14,99.11,99.12,81215,0
2016-06-14,18:50:00,99.12,99.12,99.11,99.12,17368,0
2016-06-14,18:55:00,99.11,99.11,99.09,99.095,77528,0
2016-06-14,19:00:00,99.09,99.1,99.09,99.09,35559,0
2016-06-14,19:05:00,99.1,99.1,99.09,99.09,11591,0
2016-06-14,19:10:00,99.09,99.1,99.09,99.1,59175,0
2016-06-14,19:15:00,99.09,99.1,99.09,99.09,6071,0
2016-06-14,19:20:00,99.09,99.1,99.09,99.09,4994,0
2016-06-14,19:25:00,99.09,99.1,99.09,99.09,6087,0
2016-06-14,19:30:00,99.1,99.1,99.09,99.09,12085,0
2016-06-14,19:35:00,99.1,99.12,99.09,99.12,31776,0
2016-06-14,19:40:00,99.11,99.12,99.1,99.11,14693,0
2016-06-14,19:45:00,99.105,99.11,99.1,99.1,11050,0
2016-06-14,19:50:00,99.11,99.11,99.09,99.1,30455,0
2016-06-14,19:55:00,99.1,99.11,99.1,99.105,25261,0
2016-06-14,20:00:00,99.1,99.11,99.1,99.1051,7149,0
2016-06-14,20:05:00,99.1,99.11,99.1,99.1,24053,0
2016-06-14,20:10:00,99.11,99.11,99.1,99.11,4930,0
2016-06-14,20:15:00,99.11,99.11,99.1,99.105,22359,0
2016-06-14,20:20:00,99.11,99.14,99.105,99.13,41234,0
2016-06-14,20:25:00,99.14,99.14,99.11,99.12,31257,0
2016-06-14,20:30:00,99.12,99.14,99.11,99.14,15017,0
2016-06-14,20:35:00,99.13,99.15,99.12,99.14,25909,0
2016-06-14,20:40:00,99.14,99.17,99.13,99.16,26829,0
2016-06-14,20:45:00,99.16,99.17,99.15,99.15,24791,0
2016-06-14,20:50:00,99.15,99.16,99.12,99.13,29696,0
2016-06-14,20:55:00,99.14,99.14,99.12,99.12,22146,0
2016-06-14,21:00:00,99.12,99.13,99.11,99.12,10827,0
2016-06-14,21:05:00,99.12,99.15,99.11,99.15,22900,0
2016-06-14,21:10:00,99.15,99.19,99.14,99.18,40917,0
2016-06-14,21:15:00,99.18,99.18,99.15,99.18,28058,0
2016-06-14,21:20:00,99.19,99.2,99.17,99.19,38480,0
2016-06-14,21:25:00,99.19,99.2,99.17,99.17,21129,0
2016-06-14,21:30:00,99.17,99.2,99.17,99.19,13727,0
2016-06-14,21:35:00,99.19,99.2,99.18,99.2,35184,0
2016-06-14,21:40:00,99.19,99.19,99.155,99.19,41821,0
2016-06-14,21:45:00,99.19,99.2,99.18,99.19,19641,0
2016-06-14,21:50:00,99.19,99.2,99.17,99.19,47624,0
2016-06-14,21:55:00,99.19,99.25,99.19,99.24,16367,0
2016-06-14,22:00:00,99.25,99.26,99.15,99.16,91706,0
2016-06-15,15:35:00,99.17,99.24,99.13,99.19,70768,0
2016-06-15,15:40:00,99.18,99.2,99.16,99.16,89258,0
2016-06-15,15:45:00,99.17,99.18,99.13,99.15,137025,0
2016-06-15,15:50:00,99.155,99.16,99.12,99.15,221907,0
2016-06-15,15:55:00,99.15,99.18,99.14,99.15,132291,0
2016-06-15,16:00:00,99.14,99.19,99.14,99.18,61114,0
2016-06-15,16:20:00,99.16,99.17,99.16,99.17,8072,0
2016-06-15,16:25:00,99.16,99.19,99.16,99.18,64950,0
2016-06-15,16:30:00,99.17,99.21,99.17,99.18,73633,0
2016-06-15,16:35:00,99.19,99.22,99.18,99.2,50538,0
2016-06-15,16:40:00,99.2,99.21,99.18,99.2,59026,0
2016-06-15,16:45:00,99.2,99.2,99.18,99.19,50114,0
2016-06-15,16:50:00,99.2,99.2,99.18,99.19,41963,0
2016-06-15,16:55:00,99.19,99.25,99.19,99.22,57821,0
2016-06-15,17:00:00,99.225,99.23,99.2,99.23,32648,0
2016-06-15,17:05:00,99.23,99.25,99.22,99.24,22028,0
2016-06-15,17:10:00,99.25,99.25,99.22,99.23,23363,0
2016-06-15,17:15:00,99.23,99.25,99.22,99.22,18519,0
2016-06-15,17:20:00,99.225,99.25,99.21,99.25,37283,0
2016-06-15,17:25:00,99.25,99.25,99.22,99.25,39048,0
2016-06-15,17:30:00,99.25,99.26,99.22,99.23,54869,0
2016-06-15,17:35:00,99.23,99.24,99.2,99.22,42011,0
2016-06-15,17:40:00,99.22,99.25,99.22,99.23,41456,0
2016-06-15,17:45:00,99.24,99.25,99.23,99.235,25028,0
2016-06-15,17:50:00,99.23,99.25,99.23,99.24,33844,0
2016-06-15,17:55:00,99.24,99.25,99.23,99.24,52187,0
2016-06-15,18:00:00,99.24,99.25,99.225,99.225,47617,0
2016-06-15,18:05:00,99.23,99.23,99.19,99.21,37046,0
2016-06-15,18:10:00,99.21,99.21,99.17,99.17,29106,0
2016-06-15,18:15:00,99.175,99.18,99.16,99.17,44353,0
2016-06-15,18:20:00,99.18,99.19,99.15,99.15,62419,0
2016-06-15,18:25:00,99.16,99.16,99.145,99.15,73747,0
2016-06-15,18:30:00,99.15,99.16,99.15,99.15,35584,0
2016-06-15,18:35:00,99.16,99.17,99.15,99.17,36476,0
2016-06-15,18:40:00,99.16,99.17,99.15,99.17,22297,0
2016-06-15,18:45:00,99.17,99.19,99.15,99.19,105696,0
2016-06-15,18:50:00,99.19,99.19,99.16,99.16,46039,0
2016-06-15,18:55:00,99.16,99.17,99.16,99.17,25630,0
2016-06-15,19:00:00,99.17,99.19,99.16,99.16,54842,0
2016-06-15,19:05:00,99.17,99.18,99.16,99.17,19221,0
2016-06-15,19:10:00,99.16,99.17,99.16,99.17,44496,0
2016-06-15,19:15:00,99.16,99.18,99.16,99.17,16986,0
2016-06-15,19:20:00,99.17,99.18,99.16,99.17,16538,0
2016-06-15,19:25:00,99.17,99.19,99.17,99.18,26949,0
2016-06-15,19:30:00,99.18,99.19,99.17,99.18,19668,0
2016-06-15,19:35:00,99.18,99.18,99.17,99.18,20478,0
2016-06-15,19:40:00,99.175,99.18,99.17,99.17,20542,0
2016-06-15,19:45:00,99.18,99.18,99.16,99.16,23116,0
2016-06-15,19:50:00,99.16,99.17,99.15,99.15,38368,0
2016-06-15,19:55:00,99.15,99.16,99.14,99.15,69555,0
2016-06-15,20:00:00,99.14,99.16,99.14,99.14,65890,0
2016-06-15,20:05:00,99.15,99.17,99.14,99.17,177876,0
2016-06-15,20:10:00,99.16,99.19,99.15,99.16,131959,0
2016-06-15,20:15:00,99.16,99.18,99.15,99.16,129397,0
2016-06-15,20:20:00,99.15,99.18,99.15,99.15,103009,0
2016-06-15,20:25:00,99.16,99.16,99.15,99.155,86703,0
2016-06-15,20:30:00,99.16,99.16,99.15,99.15,62428,0
2016-06-15,20:35:00,99.15,99.17,99.15,99.16,70372,0
2016-06-15,20:40:00,99.16,99.17,99.155,99.17,55185,0
2016-06-15,20:45:00,99.165,99.17,99.16,99.17,58606,0
2016-06-15,20:50:00,99.17,99.2,99.16,99.18,89256,0
2016-06-15,20:55:00,99.18,99.19,99.16,99.17,41767,0
2016-06-15,21:00:00,99.17,99.18,99.16,99.17,23467,0
2016-06-15,21:05:00,99.17,99.18,99.16,99.1635,28418,0
2016-06-15,21:10:00,99.17,99.2,99.165,99.19,32922,0
2016-06-15,21:15:00,99.18,99.2,99.17,99.2,48904,0
2016-06-15,21:20:00,99.19,99.2,99.18,99.18,27853,0
2016-06-15,21:25:00,99.19,99.19,99.18,99.185,31421,0
2016-06-15,21:30:00,99.19,99.19,99.14,99.15,111017,0
2016-06-15,21:35:00,99.15,99.155,99.14,99.14,39722,0
2016-06-15,21:40:00,99.14,99.15,99.14,99.14,35504,0
2016-06-15,21:45:00,99.14,99.14,99.11,99.12,56735,0
2016-06-15,21:50:00,99.12,99.13,99.115,99.12,45562,0
2016-06-15,21:55:00,99.13,99.13,99.1,99.1,45310,0
2016-06-15,22:00:00,99.1,99.13,99.1,99.1,149540,0
2016-06-16,15:35:00,99.17,99.19,99.14,99.16,32275,0
2016-06-16,15:40:00,99.16,99.16,99.14,99.14,22640,0
2016-06-16,15:45:00,99.13,99.14,99.12,99.12,48552,0
2016-06-16,15:50:00,99.125,99.13,99.11,99.12,66831,0
2016-06-16,15:55:00,99.12,99.15,99.12,99.13,51548,0
2016-06-16,16:00:00,99.13,99.14,99.12,99.12,50831,0
2016-06-16,16:05:00,99.13,99.14,99.12,99.13,46974,0
2016-06-16,16:10:00,99.13,99.14,99.12,99.125,16264,0
2016-06-16,16:15:00,99.12,99.13,99.12,99.13,7892,0
2016-06-16,16:20:00,99.13,99.13,99.12,99.12,9471,0
2016-06-16,16:25:00,99.12,99.13,99.12,99.12,9571,0
2016-06-16,16:30:00,99.13,99.13,99.12,99.12,41422,0
2016-06-16,16:35:00,99.12,99.13,99.12,99.12,9200,0
2016-06-16,16:40:00,99.12,99.13,99.12,99.12,9836,0
2016-06-16,16:45:00,99.12,99.13,99.12,99.12,40359,0
2016-06-16,16:50:00,99.12,99.13,99.09,99.09,99327,0
2016-06-16,16:55:00,99.095,99.12,99.09,99.11,117928,0
2016-06-16,17:00:00,99.11,99.13,99.11,99.12,84454,0
2016-06-16,17:05:00,99.125,99.17,99.12,99.16,67370,0
2016-06-16,17:10:00,99.16,99.26,99.15,99.23,231407,0
2016-06-16,17:15:00,99.24,99.25,99.21,99.235,67875,0
2016-06-16,17:20:00,99.23,99.23,99.2,99.23,110755,0
2016-06-16,17:25:00,99.225,99.25,99.22,99.24,68244,0
2016-06-16,17:30:00,99.24,99.26,99.22,99.23,168716,0
2016-06-16,17:35:00,99.23,99.25,99.2,99.21,59085,0
2016-06-16,17:40:00,99.21,99.215,99.14,99.145,100397,0
2016-06-16,17:45:00,99.15,99.16,99.13,99.145,93319,0
2016-06-16,17:50:00,99.145,99.18,99.14,99.16,62529,0
2016-06-16,17:55:00,99.16,99.18,99.16,99.18,35500,0
2016-06-16,18:00:00,99.17,99.18,99.16,99.18,34349,0
2016-06-16,18:05:00,99.19,99.21,99.17,99.2,24847,0
2016-06-16,18:10:00,99.2,99.22,99.19,99.21,17758,0
2016-06-16,18:15:00,99.22,99.22,99.18,99.21,22304,0
2016-06-16,18:20:00,99.21,99.22,99.19,99.22,38241,0
2016-06-16,18:25:00,99.22,99.23,99.2,99.22,53275,0
2016-06-16,18:30:00,99.22,99.23,99.2,99.22,59846,0
2016-06-16,18:35:00,99.2,99.22,99.2,99.22,31551,0
2016-06-16,18:40:00,99.21,99.22,99.2,99.215,52631,0
2016-06-16,18:45:00,99.22,99.22,99.21,99.21,58053,0
2016-06-16,18:50:00,99.22,99.22,99.18,99.18,61329,0
2016-06-16,18:55:00,99.18,99.2,99.17,99.195,69171,0
2016-06-16,19:00:00,99.19,99.21,99.19,99.21,36859,0
2016-06-16,19:05:00,99.21,99.24,99.21,99.23,66469,0
2016-06-16,19:10:00,99.24,99.24,99.21,99.23,61391,0
2016-06-16,19:15:00,99.24,99.25,99.22,99.235,73801,0
2016-06-16,19:20:00,99.24,99.24,99.22,99.235,60984,0
2016-06-16,19:25:00,99.23,99.24,99.23,99.23,70497,0
2016-06-16,19:30:00,99.24,99.25,99.23,99.25,130796,0
2016-06-16,19:35:00,99.25,99.255,99.23,99.24,54370,0
2016-06-16,19:40:00,99.24,99.25,99.21,99.22,76074,0
2016-06-16,19:45:00,99.22,99.22,99.19,99.2,106516,0
2016-06-16,19:50:00,99.21,99.24,99.185,99.185,61948,0
2016-06-16,19:55:00,99.19,99.2,99.16,99.16,34405,0
2016-06-16,20:00:00,99.18,99.18,99.16,99.18,32258,0
2016-06-16,20:05:00,99.18,99.2,99.17,99.19,62392,0
2016-06-16,20:10:00,99.19,99.19,99.18,99.19,46132,0
2016-06-16,20:15:00,99.18,99.2,99.18,99.18,69316,0
2016-06-16,20:20:00,99.19,99.2,99.16,99.16,89674,0
2016-06-16,20:25:00,99.17,99.18,99.16,99.17,46818,0
2016-06-16,20:30:00,99.17,99.18,99.16,99.18,115065,0
2016-06-16,20:35:00,99.19,99.23,99.18,99.22,52983,0
2016-06-16,20:40:00,99.22,99.25,99.21,99.25,48335,0
2016-06-16,20:45:00,99.245,99.3,99.23,99.24,146026,0
2016-06-16,20:50:00,99.25,99.28,99.23,99.28,54188,0
2016-06-16,20:55:00,99.27,99.29,99.26,99.26,71197,0
2016-06-16,21:00:00,99.27,99.27,99.22,99.24,47620,0
2016-06-16,21:05:00,99.25,99.26,99.23,99.25,45605,0
2016-06-16,21:10:00,99.26,99.26,99.22,99.24,50133,0
2016-06-16,21:15:00,99.25,99.26,99.23,99.24,38910,0
2016-06-16,21:20:00,99.24,99.25,99.24,99.24,28139,0
2016-06-16,21:25:00,99.25,99.27,99.24,99.25,33514,0
2016-06-16,21:30:00,99.25,99.26,99.23,99.23,37020,0
2016-06-16,21:35:00,99.24,99.25,99.21,99.22,36477,0
2016-06-16,21:40:00,99.23,99.24,99.205,99.22,23435,0
2016-06-16,21:45:00,99.23,99.25,99.22,99.24,18110,0
2016-06-16,21:50:00,99.24,99.26,99.23,99.24,23266,0
2016-06-16,21:55:00,99.25,99.28,99.23,99.25,64775,0
2016-06-16,22:00:00,99.245,99.25,99.23,99.24,43591,0
2016-06-17,15:35:00,99.29,99.29,99.17,99.19,145733,0
2016-06-17,15:40:00,99.19,99.23,99.18,99.21,95563,0
2016-06-17,15:45:00,99.21,99.25,99.2,99.24,105434,0
2016-06-17,15:50:00,99.24,99.25,99.21,99.22,130065,0
2016-06-17,15:55:00,99.22,99.24,99.21,99.23,136079,0
2016-06-17,16:00:00,99.23,99.24,99.22,99.24,77761,0
2016-06-17,16:05:00,99.24,99.24,99.23,99.23,93251,0
2016-06-17,16:10:00,99.23,99.24,99.22,99.22,105372,0
2016-06-17,16:15:00,99.22,99.24,99.22,99.23,67018,0
2016-06-17,16:20:00,99.23,99.24,99.22,99.23,76747,0
2016-06-17,16:25:00,99.23,99.23,99.22,99.22,71989,0
2016-06-17,16:30:00,99.22,99.23,99.22,99.22,75200,0
2016-06-17,16:35:00,99.22,99.22,99.2,99.21,71456,0
2016-06-17,16:40:00,99.21,99.22,99.2,99.21,76897,0
2016-06-17,16:45:00,99.21,99.22,99.2,99.21,42232,0
2016-06-17,16:50:00,99.21,99.23,99.21,99.21,53538,0
2016-06-17,16:55:00,99.21,99.225,99.21,99.21,29719,0
2016-06-17,17:00:00,99.21,99.23,99.21,99.23,54461,0
2016-06-17,17:05:00,99.23,99.23,99.22,99.22,38056,0
2016-06-17,17:10:00,99.23,99.23,99.21,99.21,60718,0
2016-06-17,17:15:00,99.22,99.22,99.18,99.19,83618,0
2016-06-17,17:20:00,99.19,99.23,99.18,99.23,153592,0
2016-06-17,17:25:00,99.225,99.29,99.22,99.245,151452,0
2016-06-17,17:30:00,99.25,99.25,99.23,99.23,39886,0
2016-06-17,17:35:00,99.23,99.25,99.23,99.24,63958,0
2016-06-17,17:40:00,99.24,99.25,99.23,99.25,40982,0
2016-06-17,17:45:00,99.25,99.255,99.24,99.25,85622,0
2016-06-17,17:50:00,99.24,99.26,99.24,99.24,60490,0
2016-06-17,17:55:00,99.25,99.25,99.24,99.25,21766,0
2016-06-17,18:00:00,99.24,99.25,99.22,99.22,51373,0
2016-06-17,18:05:00,99.225,99.23,99.21,99.22,72835,0
2016-06-17,18:10:00,99.21,99.215,99.2,99.21,55687,0
2016-06-17,18:15:00,99.22,99.22,99.21,99.22,31988,0
2016-06-17,18:20:00,99.21,99.21,99.2,99.2,35325,0
2016-06-17,18:25:00,99.2,99.21,99.2,99.2,43119,0
2016-06-17,18:30:00,99.2,99.21,99.18,99.19,105237,0
2016-06-17,18:35:00,99.185,99.19,99.175,99.18,105788,0
2016-06-17,18:40:00,99.17,99.2,99.17,99.18,76478,0
2016-06-17,18:45:00,99.185,99.2,99.18,99.185,70493,0
2016-06-17,18:50:00,99.185,99.19,99.18,99.18,54364,0
2016-06-17,18:55:00,99.19,99.19,99.18,99.185,37220,0
2016-06-17,19:00:00,99.185,99.19,99.18,99.19,38546,0
2016-06-17,19:05:00,99.19,99.19,99.18,99.19,22388,0
2016-06-17,19:10:00,99.185,99.215,99.185,99.215,60585,0
2016-06-17,19:15:00,99.21,99.24,99.21,99.23,64978,0
2016-06-17,19:20:00,99.23,99.25,99.22,99.25,88906,0
2016-06-17,19:25:00,99.25,99.25,99.24,99.245,74923,0
2016-06-17,19:30:00,99.25,99.25,99.24,99.25,39136,0
2016-06-17,19:35:00,99.25,99.25,99.22,99.22,38534,0
2016-06-17,19:40:00,99.22,99.24,99.22,99.23,30300,0
2016-06-17,19:45:00,99.23,99.24,99.22,99.235,45221,0
2016-06-17,19:50:00,99.24,99.25,99.23,99.24,33558,0
2016-06-17,19:55:00,99.23,99.24,99.23,99.23,24512,0
2016-06-17,20:00:00,99.235,99.24,99.22,99.23,22824,0
2016-06-17,20:05:00,99.22,99.23,99.21,99.22,36628,0
2016-06-17,20:10:00,99.21,99.22,99.21,99.21,30751,0
2016-06-17,20:15:00,99.22,99.22,99.2,99.2,17698,0
2016-06-17,20:20:00,99.2,99.24,99.2,99.23,66460,0
2016-06-17,20:25:00,99.23,99.24,99.22,99.23,47113,0
2016-06-17,20:30:00,99.23,99.24,99.22,99.22,27036,0
2016-06-17,20:35:00,99.23,99.24,99.22,99.24,43169,0
2016-06-17,20:40:00,99.23,99.24,99.23,99.24,29368,0
2016-06-17,20:45:00,99.24,99.24,99.23,99.24,35206,0
2016-06-17,20:50:00,99.24,99.25,99.24,99.24,29092,0
2016-06-17,20:55:00,99.24,99.25,99.21,99.215,26165,0
2016-06-17,21:00:00,99.21,99.22,99.2,99.2,25158,0
2016-06-17,21:05:00,99.205,99.21,99.19,99.19,18117,0
2016-06-17,21:10:00,99.19,99.2,99.19,99.19,20467,0
2016-06-17,21:15:00,99.195,99.2,99.19,99.19,33178,0
2016-06-17,21:20:00,99.195,99.2,99.19,99.19,9133,0
2016-06-17,21:25:00,99.2,99.2,99.18,99.19,22383,0
2016-06-17,21:30:00,99.18,99.19,99.18,99.18,22288,0
2016-06-17,21:35:00,99.18,99.19,99.18,99.18,6746,0
2016-06-17,21:40:00,99.19,99.19,99.18,99.18,13319,0
2016-06-17,21:45:00,99.18,99.2,99.17,99.2,37323,0
2016-06-17,21:50:00,99.2,99.2,99.17,99.17,39468,0
2016-06-17,21:55:00,99.17,99.21,99.17,99.21,78562,0
2016-06-17,22:00:00,99.22,99.23,99.16,99.17,351868,0
2016-06-20,15:35:00,99.25,99.3,99.18,99.2,175636,0
2016-06-20,15:40:00,99.2,99.25,99.2,99.24,151902,0
2016-06-20,15:45:00,99.24,99.24,99.21,99.235,130884,0
2016-06-20,15:50:00,99.24,99.24,99.22,99.22,107180,0
2016-06-20,15:55:00,99.23,99.23,99.21,99.21,116197,0
2016-06-20,16:00:00,99.21,99.22,99.2,99.2,87978,0
2016-06-20,16:05:00,99.21,99.21,99.2,99.21,56515,0
2016-06-20,16:10:00,99.2,99.21,99.2,99.2,26746,0
2016-06-20,16:15:00,99.21,99.21,99.2,99.21,15810,0
2016-06-20,16:20:00,99.21,99.22,99.2,99.22,37446,0
2016-06-20,16:25:00,99.22,99.23,99.21,99.23,16699,0
2016-06-20,16:30:00,99.23,99.23,99.22,99.22,33035,0
2016-06-20,16:35:00,99.22,99.23,99.22,99.23,23356,0
2016-06-20,16:40:00,99.23,99.235,99.22,99.22,28685,0
2016-06-20,16:45:00,99.23,99.24,99.22,99.24,55402,0
2016-06-20,16:50:00,99.24,99.24,99.23,99.23,35011,0
2016-06-20,16:55:00,99.23,99.24,99.22,99.23,69632,0
2016-06-20,17:00:00,99.23,99.24,99.22,99.23,93614,0
2016-06-20,17:05:00,99.23,99.24,99.22,99.23,125537,0
2016-06-20,17:10:00,99.23,99.27,99.22,99.25,197538,0
2016-06-20,17:15:00,99.24,99.25,99.23,99.23,59766,0
2016-06-20,17:20:00,99.24,99.25,99.23,99.25,37732,0
2016-06-20,17:25:00,99.25,99.26,99.24,99.24,36823,0
2016-06-20,17:30:00,99.25,99.26,99.24,99.25,48701,0
2016-06-20,17:35:00,99.25,99.25,99.24,99.24,31125,0
2016-06-20,17:40:00,99.25,99.26,99.24,99.24,39491,0
2016-06-20,17:45:00,99.25,99.25,99.24,99.24,17429,0
2016-06-20,17:50:00,99.25,99.25,99.24,99.24,37611,0
2016-06-20,17:55:00,99.25,99.26,99.24,99.25,77464,0
2016-06-20,18:00:00,99.25,99.25,99.24,99.25,19674,0
2016-06-20,18:05:00,99.25,99.25,99.24,99.25,11767,0
2016-06-20,18:10:00,99.25,99.25,99.24,99.25,10424,0
2016-06-20,18:15:00,99.24,99.25,99.24,99.24,3888,0
2016-06-20,18:20:00,99.24,99.25,99.23,99.25,198786,0
2016-06-20,18:25:00,99.24,99.25,99.24,99.25,9892,0
2016-06-20,18:30:00,99.24,99.25,99.24,99.24,16416,0
2016-06-20,18:35:00,99.24,99.25,99.24,99.25,5935,0
2016-06-20,18:40:00,99.245,99.25,99.24,99.245,11197,0
2016-06-20,18:45:00,99.24,99.25,99.24,99.245,27738,0
2016-06-20,18:50:00,99.24,99.25,99.24,99.25,7760,0
2016-06-20,18:55:00,99.25,99.25,99.24,99.25,35190,0
2016-06-20,19:00:00,99.25,99.25,99.24,99.24,9263,0
2016-06-20,19:05:00,99.25,99.25,99.24,99.25,7017,0
2016-06-20,19:10:00,99.25,99.25,99.24,99.24,12373,0
2016-06-20,19:15:00,99.25,99.25,99.24,99.24,14342,0
2016-06-20,19:20:00,99.24,99.25,99.23,99.23,23578,0
2016-06-20,19:25:00,99.23,99.24,99.23,99.23,17368,0
2016-06-20,19:30:00,99.23,99.23,99.23,99.23,14063,0
2016-06-20,19:35:00,99.23,99.24,99.23,99.23,8774,0
2016-06-20,19:40:00,99.235,99.24,99.23,99.235,9040,0
2016-06-20,19:45:00,99.23,99.24,99.23,99.23,9157,0
2016-06-20,19:50:00,99.23,99.24,99.23,99.23,17987,0
2016-06-20,19:55:00,99.23,99.24,99.23,99.23,4809,0
2016-06-20,20:00:00,99.235,99.24,99.23,99.235,10810,0
2016-06-20,20:05:00,99.235,99.24,99.23,99.23,15752,0
2016-06-20,20:10:00,99.24,99.24,99.23,99.24,6821,0
2016-06-20,20:15:00,99.23,99.25,99.23,99.23,17087,0
2016-06-20,20:20:00,99.235,99.24,99.23,99.24,42481,0
2016-06-20,20:25:00,99.24,99.25,99.23,99.245,8933,0
2016-06-20,20:30:00,99.245,99.25,99.24,99.24,16929,0
2016-06-20,20:35:00,99.24,99.26,99.24,99.25,63617,0
2016-06-20,20:40:00,99.24,99.25,99.24,99.24,7312,0
2016-06-20,20:45:00,99.25,99.25,99.24,99.24,12573,0
2016-06-20,20:50:00,99.24,99.25,99.24,99.2425,11520,0
2016-06-20,20:55:00,99.25,99.25,99.23,99.23,77257,0
2016-06-20,21:00:00,99.24,99.25,99.23,99.235,52171,0
2016-06-20,21:05:00,99.23,99.24,99.23,99.24,22502,0
2016-06-20,21:10:00,99.24,99.25,99.23,99.23,17855,0
2016-06-20,21:15:00,99.24,99.24,99.23,99.23,11128,0
2016-06-20,21:20:00,99.23,99.24,99.21,99.21,42943,0
2016-06-20,21:25:00,99.21,99.23,99.21,99.22,31323,0
2016-06-20,21:30:00,99.22,99.23,99.21,99.21,26829,0
2016-06-20,21:35:00,99.21,99.22,99.21,99.2133,22003,0
2016-06-20,21:40:00,99.21,99.23,99.21,99.22,21135,0
2016-06-20,21:45:00,99.23,99.24,99.22,99.24,16482,0
2016-06-20,21:50:00,99.23,99.25,99.23,99.24,17314,0
2016-06-20,21:55:00,99.245,99.255,99.24,99.245,22191,0
2016-06-20,22:00:00,99.24,99.26,99.23,99.26,46182,0
2016-06-21,15:35:00,99.26,99.26,99.21,99.23,80949,0
2016-06-21,15:40:00,99.23,99.25,99.23,99.24,151620,0
2016-06-21,15:45:00,99.24,99.25,99.22,99.23,155446,0
2016-06-21,15:50:00,99.23,99.24,99.21,99.23,217725,0
2016-06-21,15:55:00,99.235,99.24,99.23,99.23,93771,0
2016-06-21,16:00:00,99.23,99.24,99.23,99.23,50088,0
2016-06-21,16:05:00,99.23,99.24,99.23,99.23,59046,0
2016-06-21,16:10:00,99.23,99.24,99.23,99.23,34093,0
2016-06-21,16:15:00,99.24,99.25,99.22,99.245,219385,0
2016-06-21,16:20:00,99.24,99.25,99.23,99.235,70098,0
2016-06-21,16:25:00,99.23,99.24,99.23,99.24,60345,0
2016-06-21,16:30:00,99.2385,99.24,99.23,99.23,22312,0
2016-06-21,16:35:00,99.235,99.25,99.23,99.25,63290,0
2016-06-21,16:40:00,99.24,99.25,99.24,99.25,34978,0
2016-06-21,16:45:00,99.25,99.25,99.24,99.25,44124,0
2016-06-21,16:50:00,99.25,99.25,99.24,99.24,22236,0
2016-06-21,16:55:00,99.24,99.25,99.24,99.24,8399,0
2016-06-21,17:00:00,99.24,99.25,99.24,99.24,39499,0
2016-06-21,17:05:00,99.245,99.25,99.24,99.25,5395,0
2016-06-21,17:10:00,99.25,99.25,99.24,99.24,21796,0
2016-06-21,17:15:00,99.24,99.25,99.24,99.245,8057,0
2016-06-21,17:20:00,99.245,99.25,99.24,99.24,5134,0
2016-06-21,17:25:00,99.24,99.25,99.24,99.245,26856,0
2016-06-21,17:30:00,99.24,99.25,99.24,99.25,5993,0
2016-06-21,17:35:00,99.24,99.25,99.24,99.24,5300,0
2016-06-21,17:40:00,99.24,99.25,99.24,99.245,23838,0
2016-06-21,17:45:00,99.25,99.26,99.24,99.26,53682,0
2016-06-21,17:50:00,99.25,99.26,99.25,99.25,61482,0
2016-06-21,17:55:00,99.25,99.25,99.24,99.245,15352,0
2016-06-21,18:00:00,99.25,99.25,99.24,99.2433,18836,0
2016-06-21,18:05:00,99.25,99.255,99.245,99.245,22591,0
2016-06-21,18:10:00,99.24,99.25,99.24,99.25,28946,0
2016-06-21,18:15:00,99.24,99.25,99.24,99.24,1100,0
2016-06-21,18:20:00,99.245,99.25,99.24,99.25,2900,0
2016-06-21,18:25:00,99.25,99.25,99.24,99.24,9037,0
2016-06-21,18:30:00,99.245,99.25,99.24,99.245,3603,0
2016-06-21,18:35:00,99.245,99.25,99.23,99.23,66835,0
2016-06-21,18:40:00,99.23,99.24,99.23,99.23,15168,0
2016-06-21,18:45:00,99.23,99.24,99.23,99.23,15898,0
2016-06-21,18:50:00,99.23,99.24,99.23,99.24,12902,0
2016-06-21,18:55:00,99.23,99.24,99.23,99.23,5797,0
2016-06-21,19:00:00,99.23,99.24,99.23,99.23,6965,0
2016-06-21,19:05:00,99.24,99.24,99.23,99.23,6579,0
2016-06-21,19:10:00,99.23,99.24,99.23,99.23,23504,0
2016-06-21,19:15:00,99.23,99.24,99.23,99.23,20957,0
2016-06-21,19:20:00,99.23,99.24,99.23,99.24,63594,0
2016-06-21,19:25:00,99.24,99.24,99.23,99.24,26071,0
2016-06-21,19:30:00,99.23,99.25,99.23,99.25,10078,0
2016-06-21,19:35:00,99.25,99.25,99.23,99.23,40626,0
2016-06-21,19:40:00,99.23,99.24,99.23,99.23,9933,0
2016-06-21,19:45:00,99.23,99.25,99.23,99.25,46542,0
2016-06-21,19:50:00,99.24,99.25,99.24,99.25,17410,0
2016-06-21,19:55:00,99.245,99.25,99.24,99.24,2100,0
2016-06-21,20:00:00,99.245,99.25,99.24,99.25,7800,0
2016-06-21,20:05:00,99.245,99.25,99.24,99.24,31160,0
2016-06-21,20:10:00,99.24,99.25,99.24,99.24,23882,0
2016-06-21,20:15:00,99.245,99.25,99.24,99.24,10980,0
2016-06-21,20:20:00,99.25,99.25,99.24,99.24,24231,0
2016-06-21,20:25:00,99.24,99.25,99.23,99.24,11510,0
2016-06-21,20:30:00,99.235,99.24,99.23,99.23,12220,0
2016-06-21,20:35:00,99.24,99.24,99.23,99.23,17400,0
2016-06-21,20:40:00,99.24,99.25,99.24,99.24,66521,0
2016-06-21,20:45:00,99.235,99.24,99.23,99.235,8854,0
2016-06-21,20:50:00,99.235,99.25,99.235,99.24,17701,0
2016-06-21,20:55:00,99.24,99.25,99.23,99.23,10497,0
2016-06-21,21:00:00,99.23,99.25,99.23,99.24,11211,0
2016-06-21,21:05:00,99.24,99.25,99.24,99.24,30736,0
2016-06-21,21:10:00,99.24,99.24,99.23,99.24,18707,0
2016-06-21,21:15:00,99.235,99.24,99.23,99.23,13680,0
2016-06-21,21:20:00,99.235,99.24,99.215,99.22,51735,0
2016-06-21,21:25:00,99.21,99.22,99.1875,99.21,56173,0
2016-06-21,21:30:00,99.21,99.23,99.21,99.215,33289,0
2016-06-21,21:35:00,99.22,99.23,99.21,99.22,19009,0
2016-06-21,21:40:00,99.21,99.22,99.21,99.21,22297,0
2016-06-21,21:45:00,99.215,99.22,99.19,99.2,37322,0
2016-06-21,21:50:00,99.2,99.21,99.2,99.2,20672,0
2016-06-21,21:55:00,99.2,99.21,99.2,99.21,28296,0
2016-06-21,22:00:00,99.2,99.22,99.19,99.2,112129,0
2016-06-22,15:35:00,99.22,99.24,99.21,99.23,29390,0
2016-06-22,15:40:00,99.23,99.24,99.22,99.24,61220,0
2016-06-22,15:45:00,99.24,99.24,99.23,99.23,55568,0
2016-06-22,15:50:00,99.23,99.23,99.21,99.225,101378,0
2016-06-22,15:55:00,99.22,99.24,99.22,99.225,113852,0
2016-06-22,16:00:00,99.23,99.23,99.21,99.22,55551,0
2016-06-22,16:05:00,99.22,99.22,99.21,99.21,42624,0
2016-06-22,16:10:00,99.21,99.22,99.2,99.21,74552,0
2016-06-22,16:15:00,99.21,99.22,99.2,99.21,43585,0
2016-06-22,16:20:00,99.205,99.22,99.2,99.21,89790,0
2016-06-22,16:25:00,99.21,99.22,99.21,99.22,17379,0
2016-06-22,16:30:00,99.22,99.22,99.21,99.22,7786,0
2016-06-22,16:35:00,99.21,99.24,99.21,99.24,104365,0
2016-06-22,16:40:00,99.24,99.25,99.23,99.24,91532,0
2016-06-22,16:45:00,99.25,99.25,99.24,99.25,57828,0
2016-06-22,16:50:00,99.25,99.25,99.24,99.25,31378,0
2016-06-22,16:55:00,99.25,99.27,99.24,99.25,81303,0
2016-06-22,17:00:00,99.25,99.25,99.24,99.24,12550,0
2016-06-22,17:05:00,99.24,99.24,99.23,99.23,47966,0
2016-06-22,17:10:00,99.23,99.23,99.22,99.22,19311,0
2016-06-22,17:15:00,99.22,99.23,99.22,99.22,15820,0
2016-06-22,17:20:00,99.225,99.23,99.22,99.23,35205,0
2016-06-22,17:25:00,99.23,99.23,99.21,99.21,72136,0
2016-06-22,17:30:00,99.21,99.23,99.21,99.225,81829,0
2016-06-22,17:35:00,99.22,99.23,99.22,99.22,28985,0
2016-06-22,17:40:00,99.22,99.23,99.21,99.21,44702,0
2016-06-22,17:45:00,99.22,99.22,99.21,99.22,8693,0
2016-06-22,17:50:00,99.215,99.22,99.21,99.21,23678,0
2016-06-22,17:55:00,99.215,99.22,99.21,99.215,30916,0
2016-06-22,18:00:00,99.22,99.22,99.21,99.21,10928,0
2016-06-22,18:05:00,99.22,99.22,99.21,99.21,4652,0
2016-06-22,18:10:00,99.21,99.22,99.21,99.215,25745,0
2016-06-22,18:15:00,99.22,99.22,99.21,99.21,4524,0
2016-06-22,18:20:00,99.21,99.22,99.21,99.215,4160,0
2016-06-22,18:25:00,99.21,99.22,99.21,99.215,5206,0
2016-06-22,18:30:00,99.21,99.22,99.21,99.22,8881,0
2016-06-22,18:35:00,99.21,99.22,99.21,99.22,1455,0
2016-06-22,18:40:00,99.215,99.22,99.21,99.21,800,0
2016-06-22,18:45:00,99.215,99.22,99.21,99.21,17496,0
2016-06-22,18:50:00,99.21,99.22,99.21,99.21,14827,0
2016-06-22,18:55:00,99.21,99.22,99.21,99.21,6500,0
2016-06-22,19:00:00,99.21,99.22,99.21,99.21,6476,0
2016-06-22,19:05:00,99.21,99.22,99.21,99.21,2800,0
2016-06-22,19:10:00,99.21,99.22,99.21,99.21,6910,0
2016-06-22,19:15:00,99.21,99.22,99.21,99.22,8426,0
2016-06-22,19:20:00,99.22,99.22,99.21,99.21,16064,0
2016-06-22,19:25:00,99.21,99.22,99.21,99.21,18664,0
2016-06-22,19:30:00,99.21,99.22,99.21,99.215,25838,0
2016-06-22,19:35:00,99.21,99.22,99.21,99.21,7157,0
2016-06-22,19:40:00,99.22,99.22,99.21,99.22,9020,0
2016-06-22,19:45:00,99.215,99.22,99.21,99.22,8371,0
2016-06-22,19:50:00,99.21,99.22,99.21,99.22,14407,0
2016-06-22,19:55:00,99.22,99.22,99.21,99.22,5076,0
2016-06-22,20:00:00,99.22,99.22,99.21,99.22,6414,0
2016-06-22,20:05:00,99.21,99.22,99.21,99.21,5706,0
2016-06-22,20:10:00,99.22,99.22,99.21,99.21,18864,0
2016-06-22,20:15:00,99.21,99.22,99.21,99.22,3063,0
2016-06-22,20:20:00,99.21,99.22,99.21,99.21,4513,0
2016-06-22,20:25:00,99.21,99.22,99.21,99.22,4189,0
2016-06-22,20:30:00,99.215,99.22,99.21,99.21,5046,0
2016-06-22,20:35:00,99.22,99.22,99.21,99.21,20251,0
2016-06-22,20:40:00,99.21,99.22,99.21,99.21,12515,0
2016-06-22,20:45:00,99.21,99.22,99.21,99.22,6230,0
2016-06-22,20:50:00,99.22,99.22,99.21,99.21,4454,0
2016-06-22,20:55:00,99.22,99.22,99.21,99.22,6474,0
2016-06-22,21:00:00,99.22,99.22,99.21,99.22,25720,0
2016-06-22,21:05:00,99.215,99.22,99.21,99.22,11642,0
2016-06-22,21:10:00,99.22,99.22,99.21,99.22,2919,0
2016-06-22,21:15:00,99.215,99.22,99.21,99.215,4400,0
2016-06-22,21:20:00,99.215,99.22,99.21,99.215,4569,0
2016-06-22,21:25:00,99.21,99.22,99.2,99.2,142601,0
2016-06-22,21:30:00,99.2,99.21,99.18,99.185,34925,0
2016-06-22,21:35:00,99.185,99.19,99.17,99.18,22730,0
2016-06-22,21:40:00,99.18,99.2,99.17,99.2,32083,0
2016-06-22,21:45:00,99.2,99.2,99.18,99.19,17304,0
2016-06-22,21:50:00,99.19,99.2,99.18,99.19,6023,0
2016-06-22,21:55:00,99.19,99.195,99.18,99.19,48294,0
2016-06-22,22:00:00,99.19,99.2,99.17,99.17,154415,0
2016-06-23,15:35:00,99.23,99.24,99.22,99.22,83137,0
2016-06-23,15:40:00,99.23,99.24,99.22,99.24,141289,0
2016-06-23,15:45:00,99.24,99.24,99.2,99.2,144712,0
2016-06-23,15:50:00,99.21,99.22,99.2,99.2,120954,0
2016-06-23,15:55:00,99.2,99.22,99.2,99.21,143406,0
2016-06-23,16:00:00,99.22,99.23,99.21,99.23,70150,0
2016-06-23,16:05:00,99.23,99.24,99.22,99.24,114200,0
2016-06-23,16:10:00,99.24,99.24,99.23,99.23,40305,0
2016-06-23,16:15:00,99.23,99.24,99.23,99.24,31057,0
2016-06-23,16:20:00,99.23,99.24,99.23,99.23,20086,0
2016-06-23,16:25:00,99.24,99.27,99.235,99.24,57335,0
2016-06-23,16:30:00,99.24,99.25,99.23,99.24,32290,0
2016-06-23,16:35:00,99.24,99.24,99.23,99.24,24496,0
2016-06-23,16:40:00,99.24,99.24,99.23,99.23,36757,0
2016-06-23,16:45:00,99.24,99.24,99.23,99.24,4498,0
2016-06-23,16:50:00,99.24,99.24,99.23,99.23,13859,0
2016-06-23,16:55:00,99.24,99.24,99.23,99.23,63579,0
2016-06-23,17:00:00,99.23,99.24,99.23,99.23,10164,0
2016-06-23,17:05:00,99.23,99.24,99.22,99.22,16592,0
2016-06-23,17:10:00,99.22,99.22,99.21,99.22,25145,0
2016-06-23,17:15:00,99.21,99.22,99.21,99.21,3473,0
2016-06-23,17:20:00,99.22,99.23,99.22,99.23,38261,0
2016-06-23,17:25:00,99.23,99.24,99.22,99.23,48973,0
2016-06-23,17:30:00,99.23,99.24,99.22,99.22,25318,0
2016-06-23,17:35:00,99.225,99.24,99.22,99.24,33402,0
2016-06-23,17:40:00,99.24,99.24,99.23,99.23,6148,0
2016-06-23,17:45:00,99.24,99.24,99.23,99.23,22466,0
2016-06-23,17:50:00,99.235,99.25,99.23,99.24,29192,0
2016-06-23,17:55:00,99.245,99.26,99.24,99.25,31525,0
2016-06-23,18:00:00,99.245,99.25,99.24,99.245,19592,0
2016-06-23,18:05:00,99.25,99.25,99.24,99.25,6900,0
2016-06-23,18:10:00,99.25,99.25,99.24,99.25,13826,0
2016-06-23,18:15:00,99.25,99.25,99.245,99.25,19796,0
2016-06-23,18:20:00,99.25,99.25,99.2442,99.245,5413,0
2016-06-23,18:25:00,99.25,99.25,99.24,99.25,2900,0
2016-06-23,18:30:00,99.245,99.25,99.245,99.25,2061,0
2016-06-23,18:35:00,99.25,99.25,99.245,99.245,5300,0
2016-06-23,18:40:00,99.245,99.25,99.245,99.25,2000,0
2016-06-23,18:45:00,99.25,99.25,99.24,99.25,5600,0
2016-06-23,18:50:00,99.25,99.25,99.24,99.24,30197,0
2016-06-23,18:55:00,99.24,99.25,99.24,99.24,8601,0
2016-06-23,19:00:00,99.245,99.25,99.24,99.25,10641,0
2016-06-23,19:05:00,99.24,99.25,99.24,99.24,7400,0
2016-06-23,19:10:00,99.24,99.25,99.24,99.25,5500,0
2016-06-23,19:15:00,99.24,99.25,99.24,99.245,9351,0
2016-06-23,19:20:00,99.24,99.25,99.24,99.25,3500,0
2016-06-23,19:25:00,99.245,99.25,99.24,99.24,6689,0
2016-06-23,19:30:00,99.24,99.25,99.24,99.25,6000,0
2016-06-23,19:35:00,99.24,99.25,99.24,99.25,11300,0
2016-06-23,19:40:00,99.25,99.26,99.24,99.25,22110,0
2016-06-23,19:45:00,99.25,99.25,99.245,99.25,7016,0
2016-06-23,19:50:00,99.25,99.255,99.24,99.24,29972,0
2016-06-23,19:55:00,99.24,99.25,99.24,99.24,5293,0
2016-06-23,20:00:00,99.245,99.25,99.23,99.24,21307,0
2016-06-23,20:05:00,99.235,99.24,99.23,99.24,7345,0
2016-06-23,20:10:00,99.24,99.24,99.23,99.235,10802,0
2016-06-23,20:15:00,99.24,99.25,99.23,99.25,9900,0
2016-06-23,20:20:00,99.24,99.25,99.24,99.25,10938,0
2016-06-23,20:25:00,99.245,99.25,99.24,99.24,7399,0
2016-06-23,20:30:00,99.24,99.25,99.24,99.245,18789,0
2016-06-23,20:35:00,99.24,99.25,99.24,99.24,8500,0
2016-06-23,20:40:00,99.245,99.25,99.24,99.25,9604,0
2016-06-23,20:45:00,99.25,99.25,99.24,99.25,5703,0
2016-06-23,20:50:00,99.245,99.25,99.245,99.25,7600,0
2016-06-23,20:55:00,99.25,99.25,99.24,99.25,8108,0
2016-06-23,21:00:00,99.25,99.25,99.24,99.245,10294,0
2016-06-23,21:05:00,99.245,99.25,99.23,99.235,180036,0
2016-06-23,21:10:00,99.23,99.24,99.23,99.23,33766,0
2016-06-23,21:15:00,99.23,99.25,99.23,99.245,120281,0
2016-06-23,21:20:00,99.24,99.25,99.24,99.24,70628,0
2016-06-23,21:25:00,99.24,99.25,99.23,99.231,79498,0
2016-06-23,21:30:00,99.235,99.24,99.23,99.24,74378,0
2016-06-23,21:35:00,99.23,99.24,99.23,99.23,66495,0
2016-06-23,21:40:00,99.23,99.24,99.23,99.24,21001,0
2016-06-23,21:45:00,99.235,99.24,99.22,99.22,73638,0
2016-06-23,21:50:00,99.22,99.25,99.2,99.24,60037,0
2016-06-23,21:55:00,99.24,99.25,99.2,99.23,258057,0
2016-06-23,22:00:00,99.22,99.24,99.2,99.2,2179078,0
