Date,Time,Open,High,Low,Close,Volume,OpenInt
2016-06-21,15:35:00,4.32,4.33,4.32,4.3225,1451,0
2016-06-21,15:40:00,4.32,4.32,4.32,4.32,200,0
2016-06-21,15:45:00,4.315,4.3192,4.31,4.315,400,0
2016-06-21,15:55:00,4.31,4.31,4.305,4.305,2100,0
2016-06-21,16:00:00,4.29,4.3,4.29,4.29,700,0
2016-06-21,16:05:00,4.29,4.29,4.27,4.27,1000,0
2016-06-21,16:10:00,4.28,4.28,4.28,4.28,400,0
2016-06-21,16:15:00,4.28,4.28,4.28,4.28,200,0
2016-06-21,16:25:00,4.29,4.29,4.28,4.28,1300,0
2016-06-21,16:30:00,4.27,4.28,4.27,4.28,400,0
2016-06-21,16:35:00,4.28,4.3,4.28,4.3,300,0
2016-06-21,16:40:00,4.3,4.3,4.3,4.3,100,0
2016-06-21,16:45:00,4.297,4.3,4.297,4.3,200,0
2016-06-21,16:50:00,4.3,4.3,4.28,4.28,3000,0
2016-06-21,17:00:00,4.27,4.27,4.27,4.27,100,0
2016-06-21,17:05:00,4.27,4.27,4.27,4.27,100,0
2016-06-21,17:10:00,4.27,4.28,4.27,4.28,400,0
2016-06-21,17:15:00,4.275,4.3,4.275,4.3,2879,0
2016-06-21,17:20:00,4.3,4.33,4.3,4.32,1300,0
2016-06-21,17:25:00,4.31,4.31,4.31,4.31,100,0
2016-06-21,17:30:00,4.31,4.31,4.3,4.3,300,0
2016-06-21,17:35:00,4.3,4.3,4.3,4.3,100,0
2016-06-21,17:45:00,4.29,4.29,4.29,4.29,200,0
2016-06-21,17:50:00,4.29,4.3,4.27,4.3,6431,0
2016-06-21,18:00:00,4.29,4.29,4.28,4.29,600,0
2016-06-21,18:05:00,4.27,4.27,4.27,4.27,200,0
2016-06-21,18:10:00,4.27,4.28,4.25,4.25,7926,0
2016-06-21,18:15:00,4.25,4.25,4.25,4.25,200,0
2016-06-21,18:25:00,4.25,4.27,4.25,4.255,1644,0
2016-06-21,18:30:00,4.25,4.26,4.25,4.26,400,0
2016-06-21,18:35:00,4.25,4.255,4.23,4.24,4450,0
2016-06-21,18:40:00,4.23,4.24,4.23,4.23,800,0
2016-06-21,18:45:00,4.23,4.25,4.23,4.25,900,0
2016-06-21,18:55:00,4.25,4.26,4.25,4.25,700,0
2016-06-21,19:00:00,4.25,4.265,4.25,4.265,500,0
2016-06-21,19:05:00,4.26,4.27,4.26,4.27,200,0
2016-06-21,19:10:00,4.27,4.27,4.27,4.27,1400,0
2016-06-21,19:15:00,4.27,4.28,4.27,4.28,2000,0
2016-06-21,19:20:00,4.27,4.28,4.27,4.28,300,0
2016-06-21,19:25:00,4.27,4.27,4.27,4.27,200,0
2016-06-21,19:30:00,4.27,4.28,4.27,4.28,700,0
2016-06-21,19:35:00,4.27,4.28,4.26,4.28,300,0
2016-06-21,19:40:00,4.26,4.27,4.25,4.25,1100,0
2016-06-21,19:45:00,4.24,4.24,4.24,4.24,200,0
2016-06-21,19:50:00,4.25,4.25,4.245,4.245,200,0
2016-06-21,19:55:00,4.24,4.24,4.24,4.24,200,0
2016-06-21,20:00:00,4.24,4.25,4.24,4.24,1200,0
2016-06-21,20:05:00,4.24,4.24,4.24,4.24,100,0
2016-06-21,20:15:00,4.25,4.25,4.245,4.245,300,0
2016-06-21,20:20:00,4.24,4.25,4.24,4.25,600,0
2016-06-21,20:25:00,4.25,4.26,4.245,4.25,3118,0
2016-06-21,20:30:00,4.25,4.2599,4.25,4.2599,300,0
2016-06-21,20:35:00,4.2599,4.26,4.2599,4.26,600,0
2016-06-21,20:40:00,4.26,4.28,4.26,4.28,803,0
2016-06-21,20:45:00,4.28,4.28,4.27,4.28,1200,0
2016-06-21,20:50:00,4.27,4.28,4.27,4.28,1000,0
2016-06-21,20:55:00,4.27,4.28,4.27,4.28,850,0
2016-06-21,21:00:00,4.275,4.3099,4.275,4.305,1500,0
2016-06-21,21:05:00,4.31,4.33,4.305,4.3117,3744,0
2016-06-21,21:10:00,4.3299,4.33,4.3299,4.33,300,0
2016-06-21,21:15:00,4.32,4.33,4.31,4.3299,900,0
2016-06-21,21:20:00,4.3239,4.33,4.32,4.33,2500,0
2016-06-21,21:25:00,4.3299,4.33,4.325,4.33,800,0
2016-06-21,21:30:00,4.325,4.33,4.325,4.3299,1800,0
2016-06-21,21:35:00,4.33,4.33,4.3,4.3203,7486,0
2016-06-21,21:40:00,4.31,4.31,4.29,4.29,700,0
2016-06-21,21:45:00,4.31,4.31,4.3,4.3,2000,0
2016-06-21,21:50:00,4.31,4.34,4.31,4.34,2700,0
2016-06-21,21:55:00,4.35,4.365,4.35,4.36,5600,0
2016-06-21,22:00:00,4.36,4.36,4.31,4.31,8446,0
2016-06-22,15:35:00,4.3,4.31,4.3,4.31,2300,0
2016-06-22,15:40:00,4.31,4.31,4.3,4.3,479,0
2016-06-22,15:55:00,4.3,4.3,4.3,4.3,200,0
2016-06-22,16:00:00,4.3,4.3,4.3,4.3,100,0
2016-06-22,16:05:00,4.3,4.31,4.2915,4.2915,8191,0
2016-06-22,16:15:00,4.3,4.3,4.29,4.295,500,0
2016-06-22,16:20:00,4.295,4.295,4.295,4.295,100,0
2016-06-22,16:25:00,4.295,4.3,4.29,4.3,1200,0
2016-06-22,16:30:00,4.3,4.3,4.3,4.3,421,0
2016-06-22,16:35:00,4.3099,4.32,4.305,4.32,1900,0
2016-06-22,16:40:00,4.32,4.32,4.32,4.32,100,0
2016-06-22,16:45:00,4.32,4.32,4.32,4.32,300,0
2016-06-22,16:50:00,4.31,4.32,4.31,4.32,500,0
2016-06-22,16:55:00,4.32,4.32,4.31,4.31,700,0
2016-06-22,17:00:00,4.31,4.31,4.31,4.31,100,0
2016-06-22,17:05:00,4.31,4.31,4.3,4.3,600,0
2016-06-22,17:10:00,4.3,4.3,4.295,4.295,1000,0
2016-06-22,17:15:00,4.29,4.295,4.29,4.295,200,0
2016-06-22,17:20:00,4.29,4.3,4.285,4.29,1800,0
2016-06-22,17:30:00,4.3,4.3,4.29,4.29,300,0
2016-06-22,17:35:00,4.28,4.29,4.28,4.29,400,0
2016-06-22,17:40:00,4.3,4.3,4.29,4.29,400,0
2016-06-22,17:45:00,4.29,4.29,4.27,4.27,7000,0
2016-06-22,17:50:00,4.27,4.32,4.27,4.29,23993,0
2016-06-22,17:55:00,4.29,4.32,4.29,4.32,2325,0
2016-06-22,18:00:00,4.31,4.31,4.31,4.31,100,0
2016-06-22,18:10:00,4.3,4.31,4.3,4.31,200,0
2016-06-22,18:15:00,4.29,4.3,4.29,4.29,300,0
2016-06-22,18:25:00,4.29,4.29,4.27,4.27,1000,0
2016-06-22,18:30:00,4.26,4.26,4.26,4.26,100,0
2016-06-22,18:35:00,4.26,4.26,4.26,4.26,100,0
2016-06-22,18:40:00,4.26,4.26,4.26,4.26,300,0
2016-06-22,18:45:00,4.26,4.26,4.26,4.26,1481,0
2016-06-22,18:50:00,4.24,4.24,4.23,4.23,2300,0
2016-06-22,18:55:00,4.21,4.21,4.21,4.21,590,0
2016-06-22,19:00:00,4.21,4.21,4.21,4.21,200,0
2016-06-22,19:05:00,4.22,4.23,4.21,4.21,900,0
2016-06-22,19:10:00,4.22,4.22,4.21,4.21,800,0
2016-06-22,19:15:00,4.21,4.22,4.21,4.22,400,0
2016-06-22,19:20:00,4.225,4.23,4.22,4.22,1900,0
2016-06-22,19:25:00,4.22,4.22,4.22,4.22,300,0
2016-06-22,19:30:00,4.2199,4.23,4.21,4.23,4204,0
2016-06-22,19:35:00,4.23,4.23,4.23,4.23,100,0
2016-06-22,19:40:00,4.23,4.23,4.23,4.23,100,0
2016-06-22,19:45:00,4.23,4.23,4.22,4.23,400,0
2016-06-22,19:50:00,4.23,4.23,4.23,4.23,100,0
2016-06-22,19:55:00,4.22,4.23,4.22,4.23,400,0
2016-06-22,20:00:00,4.22,4.23,4.215,4.23,1663,0
2016-06-22,20:10:00,4.24,4.24,4.23,4.235,1000,0
2016-06-22,20:15:00,4.24,4.24,4.23,4.23,300,0
2016-06-22,20:25:00,4.24,4.24,4.225,4.225,700,0
2016-06-22,20:30:00,4.225,4.235,4.225,4.23,2683,0
2016-06-22,20:35:00,4.24,4.25,4.235,4.25,300,0
2016-06-22,20:40:00,4.24,4.25,4.24,4.25,200,0
2016-06-22,20:45:00,4.24,4.25,4.24,4.25,700,0
2016-06-22,20:50:00,4.25,4.26,4.245,4.26,1600,0
2016-06-22,20:55:00,4.26,4.26,4.255,4.26,300,0
2016-06-22,21:00:00,4.26,4.27,4.25,4.27,7220,0
2016-06-22,21:05:00,4.27,4.28,4.26,4.28,500,0
2016-06-22,21:10:00,4.3,4.3,4.28,4.3,1100,0
2016-06-22,21:15:00,4.32,4.32,4.285,4.285,1521,0
2016-06-22,21:20:00,4.29,4.29,4.29,4.29,400,0
2016-06-22,21:25:00,4.3,4.3,4.295,4.3,400,0
2016-06-22,21:30:00,4.3,4.3,4.29,4.29,700,0
2016-06-22,21:35:00,4.29,4.29,4.28,4.28,600,0
2016-06-22,21:40:00,4.28,4.28,4.28,4.28,300,0
2016-06-22,21:45:00,4.28,4.29,4.28,4.29,3889,0
2016-06-22,21:50:00,4.29,4.3,4.29,4.29,600,0
2016-06-22,21:55:00,4.29,4.29,4.26,4.265,4154,0
2016-06-22,22:00:00,4.26,4.28,4.25,4.25,4984,0
2016-06-23,15:35:00,4.32,4.32,4.26,4.285,476,0
2016-06-23,15:40:00,4.28,4.28,4.28,4.28,100,0
2016-06-23,15:45:00,4.27,4.287,4.27,4.28,924,0
2016-06-23,15:50:00,4.28,4.29,4.25,4.25,900,0
2016-06-23,15:55:00,4.25,4.26,4.25,4.25,1500,0
2016-06-23,16:00:00,4.25,4.25,4.21,4.21,2049,0
2016-06-23,16:05:00,4.2,4.2,4.2,4.2,300,0
2016-06-23,16:10:00,4.22,4.22,4.2,4.22,4300,0
2016-06-23,16:20:00,4.22,4.22,4.2,4.2,600,0
2016-06-23,16:25:00,4.2,4.2199,4.2,4.2,2815,0
2016-06-23,16:30:00,4.22,4.22,4.19,4.193,500,0
2016-06-23,16:35:00,4.19,4.19,4.16,4.16,4105,0
2016-06-23,16:40:00,4.16,4.17,4.15,4.15,2031,0
2016-06-23,16:45:00,4.15,4.16,4.15,4.15,3703,0
2016-06-23,16:50:00,4.15,4.16,4.143,4.143,1660,0
2016-06-23,16:55:00,4.14,4.143,4.14,4.14,800,0
2016-06-23,17:00:00,4.14,4.14,4.135,4.135,1900,0
2016-06-23,17:05:00,4.13,4.145,4.13,4.145,3745,0
2016-06-23,17:10:00,4.145,4.145,4.14,4.14,1800,0
2016-06-23,17:15:00,4.15,4.16,4.15,4.155,8189,0
2016-06-23,17:20:00,4.16,4.165,4.15,4.165,2200,0
2016-06-23,17:25:00,4.16,4.1688,4.16,4.1688,1400,0
2016-06-23,17:30:00,4.16,4.17,4.16,4.17,2600,0
2016-06-23,17:35:00,4.17,4.17,4.16,4.16,900,0
2016-06-23,17:40:00,4.16,4.17,4.16,4.165,5800,0
2016-06-23,17:45:00,4.165,4.17,4.16,4.16,2198,0
2016-06-23,17:50:00,4.17,4.18,4.17,4.17,1000,0
2016-06-23,17:55:00,4.17,4.18,4.17,4.18,1200,0
2016-06-23,18:00:00,4.17,4.175,4.17,4.17,700,0
2016-06-23,18:05:00,4.175,4.175,4.17,4.17,1200,0
2016-06-23,18:10:00,4.17,4.175,4.17,4.17,1883,0
2016-06-23,18:15:00,4.17,4.18,4.17,4.17,1300,0
2016-06-23,18:20:00,4.175,4.18,4.17,4.175,2400,0
2016-06-23,18:25:00,4.17,4.185,4.17,4.18,2300,0
2016-06-23,18:30:00,4.185,4.19,4.18,4.185,1713,0
2016-06-23,18:35:00,4.18,4.195,4.18,4.195,2100,0
2016-06-23,18:40:00,4.19,4.2,4.19,4.19,1100,0
2016-06-23,18:45:00,4.19,4.19,4.19,4.19,200,0
2016-06-23,18:50:00,4.19,4.2015,4.19,4.19,1900,0
2016-06-23,18:55:00,4.19,4.2,4.19,4.195,1000,0
2016-06-23,19:00:00,4.19,4.19,4.19,4.19,400,0
2016-06-23,19:05:00,4.19,4.1915,4.18,4.18,3800,0
2016-06-23,19:10:00,4.19,4.19,4.18,4.19,1600,0
2016-06-23,19:15:00,4.18,4.19,4.18,4.18,800,0
2016-06-23,19:20:00,4.18,4.2,4.18,4.18,1000,0
2016-06-23,19:25:00,4.18,4.19,4.18,4.18,1408,0
2016-06-23,19:30:00,4.18,4.185,4.18,4.185,900,0
2016-06-23,19:35:00,4.18,4.19,4.18,4.18,2000,0
2016-06-23,19:40:00,4.18,4.19,4.18,4.18,2400,0
2016-06-23,19:45:00,4.18,4.19,4.18,4.19,1000,0
2016-06-23,19:50:00,4.18,4.19,4.18,4.18,2508,0
2016-06-23,19:55:00,4.18,4.22,4.18,4.22,2200,0
2016-06-23,20:00:00,4.22,4.235,4.22,4.22,5889,0
2016-06-23,20:05:00,4.21,4.24,4.21,4.24,1500,0
2016-06-23,20:10:00,4.24,4.24,4.23,4.23,500,0
2016-06-23,20:15:00,4.23,4.2494,4.23,4.23,2166,0
2016-06-23,20:20:00,4.25,4.25,4.23,4.24,800,0
2016-06-23,20:25:00,4.235,4.235,4.22,4.22,900,0
2016-06-23,20:30:00,4.23,4.23,4.23,4.23,900,0
2016-06-23,20:35:00,4.23,4.23,4.23,4.23,1100,0
2016-06-23,20:40:00,4.22,4.22,4.2,4.205,3800,0
2016-06-23,20:45:00,4.2,4.21,4.2,4.21,500,0
2016-06-23,20:50:00,4.205,4.21,4.2,4.205,2100,0
2016-06-23,20:55:00,4.21,4.21,4.2,4.21,1600,0
2016-06-23,21:00:00,4.215,4.22,4.21,4.21,2081,0
2016-06-23,21:05:00,4.21,4.21,4.21,4.21,500,0
2016-06-23,21:10:00,4.22,4.22,4.21,4.21,2000,0
2016-06-23,21:15:00,4.2101,4.215,4.21,4.215,800,0
2016-06-23,21:20:00,4.215,4.22,4.21,4.22,1500,0
2016-06-23,21:25:00,4.21,4.215,4.2,4.2,2300,0
2016-06-23,21:30:00,4.2,4.205,4.2,4.205,1400,0
2016-06-23,21:35:00,4.2,4.21,4.2,4.2,900,0
2016-06-23,21:40:00,4.205,4.21,4.2,4.2,800,0
2016-06-23,21:45:00,4.21,4.23,4.2,4.22,5780,0
2016-06-23,21:50:00,4.23,4.25,4.23,4.24,1100,0
2016-06-23,21:55:00,4.23,4.25,4.23,4.25,5217,0
2016-06-23,22:00:00,4.245,4.25,4.21,4.21,22443,0
2016-06-24,15:35:00,4.11,4.16,4.09,4.1204,4440,0
2016-06-24,15:40:00,4.17,4.17,4.1,4.1,3000,0
2016-06-24,15:45:00,4.105,4.105,4.07,4.09,5973,0
2016-06-24,15:50:00,4.08,4.09,4.08,4.09,1400,0
2016-06-24,15:55:00,4.08,4.09,4.07,4.086,10999,0
2016-06-24,16:00:00,4.1,4.11,4.1,4.101,2780,0
2016-06-24,16:05:00,4.12,4.15,4.1144,4.135,12922,0
2016-06-24,16:10:00,4.15,4.17,4.15,4.17,700,0
2016-06-24,16:20:00,4.17,4.18,4.15,4.16,3038,0
2016-06-24,16:25:00,4.15,4.15,4.15,4.15,800,0
2016-06-24,16:30:00,4.16,4.16,4.16,4.16,900,0
2016-06-24,16:35:00,4.17,4.17,4.17,4.17,100,0
2016-06-24,16:40:00,4.17,4.17,4.1699,4.1699,400,0
2016-06-24,16:45:00,4.17,4.19,4.17,4.19,700,0
2016-06-24,16:50:00,4.19,4.19,4.19,4.19,200,0
2016-06-24,16:55:00,4.19,4.2,4.1899,4.2,2750,0
2016-06-24,17:00:00,4.21,4.23,4.21,4.23,1100,0
2016-06-24,17:05:00,4.2201,4.24,4.2201,4.24,1700,0
2016-06-24,17:15:00,4.24,4.24,4.24,4.24,1600,0
2016-06-24,17:20:00,4.24,4.24,4.24,4.24,300,0
2016-06-24,17:25:00,4.24,4.24,4.24,4.24,100,0
2016-06-24,17:30:00,4.24,4.24,4.2301,4.24,2900,0
2016-06-24,17:40:00,4.235,4.235,4.235,4.235,200,0
2016-06-24,17:45:00,4.24,4.24,4.24,4.24,500,0
2016-06-24,17:50:00,4.23,4.23,4.23,4.23,300,0
2016-06-24,17:55:00,4.23,4.23,4.23,4.23,200,0
2016-06-24,18:00:00,4.23,4.245,4.23,4.245,2100,0
2016-06-24,18:05:00,4.25,4.25,4.24,4.24,1600,0
2016-06-24,18:10:00,4.25,4.26,4.2485,4.26,5275,0
2016-06-24,18:25:00,4.26,4.26,4.25,4.25,600,0
2016-06-24,18:30:00,4.255,4.26,4.255,4.255,1600,0
2016-06-24,18:35:00,4.25,4.25,4.25,4.25,800,0
2016-06-24,18:40:00,4.24,4.25,4.23,4.25,500,0
2016-06-24,18:45:00,4.24,4.24,4.24,4.24,300,0
2016-06-24,18:50:00,4.23,4.23,4.23,4.23,200,0
2016-06-24,18:55:00,4.235,4.235,4.22,4.22,800,0
2016-06-24,19:00:00,4.22,4.22,4.21,4.21,804,0
2016-06-24,19:05:00,4.2285,4.2285,4.22,4.22,1200,0
2016-06-24,19:10:00,4.22,4.22,4.21,4.21,800,0
2016-06-24,19:15:00,4.21,4.21,4.2,4.2,400,0
2016-06-24,19:20:00,4.205,4.205,4.2,4.205,2100,0
2016-06-24,19:25:00,4.207,4.21,4.205,4.205,2000,0
2016-06-24,19:30:00,4.2,4.21,4.19,4.19,800,0
2016-06-24,19:35:00,4.19,4.21,4.19,4.21,700,0
2016-06-24,19:40:00,4.21,4.21,4.2,4.2,700,0
2016-06-24,19:45:00,4.21,4.21,4.2,4.21,1210,0
2016-06-24,19:50:00,4.2,4.21,4.2,4.21,1700,0
2016-06-24,19:55:00,4.21,4.22,4.21,4.22,2209,0
2016-06-24,20:00:00,4.22,4.22,4.21,4.22,600,0
2016-06-24,20:05:00,4.21,4.23,4.21,4.23,1500,0
2016-06-24,20:10:00,4.23,4.23,4.23,4.23,1000,0
2016-06-24,20:15:00,4.23,4.24,4.23,4.24,200,0
2016-06-24,20:20:00,4.24,4.26,4.24,4.26,1200,0
2016-06-24,20:25:00,4.26,4.26,4.25,4.26,3400,0
2016-06-24,20:30:00,4.26,4.27,4.2575,4.26,4418,0
2016-06-24,20:35:00,4.26,4.265,4.26,4.2647,1368,0
2016-06-24,20:40:00,4.27,4.27,4.26,4.26,3028,0
2016-06-24,20:45:00,4.25,4.26,4.25,4.26,1656,0
2016-06-24,20:50:00,4.26,4.27,4.24,4.245,2335,0
2016-06-24,20:55:00,4.245,4.25,4.245,4.25,1200,0
2016-06-24,21:00:00,4.26,4.265,4.2599,4.265,1000,0
2016-06-24,21:05:00,4.2692,4.2692,4.24,4.25,5502,0
2016-06-24,21:10:00,4.25,4.26,4.24,4.25,2200,0
2016-06-24,21:15:00,4.25,4.25,4.21,4.21,2500,0
2016-06-24,21:20:00,4.21,4.21,4.17,4.17,7900,0
2016-06-24,21:25:00,4.17,4.2,4.17,4.2,5438,0
2016-06-24,21:30:00,4.19,4.2099,4.19,4.19,3400,0
2016-06-24,21:35:00,4.19,4.2,4.18,4.19,5600,0
2016-06-24,21:40:00,4.2,4.21,4.2,4.2,5600,0
2016-06-24,21:45:00,4.2,4.205,4.17,4.19,8800,0
2016-06-24,21:50:00,4.19,4.2124,4.19,4.21,5400,0
2016-06-24,21:55:00,4.21,4.22,4.19,4.22,4100,0
2016-06-24,22:00:00,4.21,4.24,4.2,4.21,45390,0
2016-06-27,15:35:00,4.19,4.31,4.19,4.31,731,0
2016-06-27,15:40:00,4.22,4.22,4.2,4.2,200,0
2016-06-27,15:50:00,4.15,4.19,4.15,4.19,261,0
2016-06-27,16:00:00,4.17,4.17,4.15,4.15,11338,0
2016-06-27,16:05:00,4.14,4.14,4.12,4.13,867,0
2016-06-27,16:10:00,4.12,4.14,4.11,4.14,1200,0
2016-06-27,16:15:00,4.11,4.13,4.11,4.12,1100,0
2016-06-27,16:20:00,4.12,4.13,4.1,4.1,1400,0
2016-06-27,16:25:00,4.1,4.1,4.09,4.095,3100,0
2016-06-27,16:30:00,4.1,4.1,4.09,4.0915,600,0
2016-06-27,16:35:00,4.09,4.095,4.09,4.09,781,0
2016-06-27,16:40:00,4.08,4.09,4.075,4.08,4280,0
2016-06-27,16:45:00,4.08,4.1,4.08,4.09,1486,0
2016-06-27,16:50:00,4.08,4.081,4.07,4.07,1400,0
2016-06-27,16:55:00,4.08,4.08,4.07,4.07,3188,0
2016-06-27,17:00:00,4.07,4.07,4.01,4.02,41451,0
2016-06-27,17:05:00,4.02,4.02,4.01,4.01,527,0
2016-06-27,17:10:00,4.01,4.01,4,4,2237,0
2016-06-27,17:15:00,4,4,3.98,3.98,800,0
2016-06-27,17:20:00,3.97,3.98,3.933,3.98,4923,0
2016-06-27,17:25:00,3.9661,3.9661,3.96,3.96,200,0
2016-06-27,17:30:00,3.96,3.97,3.952,3.962,3419,0
2016-06-27,17:35:00,3.97,4.04,3.97,4.04,2230,0
2016-06-27,17:40:00,4.04,4.04,4.02,4.02,1000,0
2016-06-27,17:45:00,4.03,4.03,4.03,4.03,2346,0
2016-06-27,17:50:00,4.03,4.04,4.03,4.03,800,0
2016-06-27,17:55:00,4.01,4.01,3.951,3.951,3576,0
2016-06-27,18:00:00,3.96,3.98,3.96,3.97,2380,0
2016-06-27,18:05:00,3.98,3.98,3.97,3.98,2100,0
2016-06-27,18:10:00,3.98,3.98,3.98,3.98,400,0
2016-06-27,18:15:00,3.98,3.98,3.98,3.98,100,0
2016-06-27,18:20:00,3.98,3.99,3.98,3.99,3300,0
2016-06-27,18:25:00,3.99,4,3.99,4,700,0
2016-06-27,18:30:00,4,4.005,3.995,4.005,4100,0
2016-06-27,18:35:00,4.0099,4.01,4.001,4.01,6500,0
2016-06-27,18:40:00,4,4.015,4,4.015,1692,0
2016-06-27,18:45:00,4.015,4.02,4,4.005,2080,0
2016-06-27,18:50:00,4.01,4.02,4.01,4.02,1600,0
2016-06-27,18:55:00,4.0225,4.03,4.0225,4.03,615,0
2016-06-27,19:00:00,4.03,4.03,4.02,4.02,2600,0
2016-06-27,19:05:00,4.02,4.02,4.02,4.02,500,0
2016-06-27,19:10:00,4.02,4.05,4.01,4.0301,6970,0
2016-06-27,19:15:00,4.04,4.09,4.04,4.07,6400,0
2016-06-27,19:20:00,4.08,4.1,4.08,4.1,5662,0
2016-06-27,19:25:00,4.09,4.12,4.09,4.12,2356,0
2016-06-27,19:30:00,4.12,4.14,4.12,4.14,200,0
2016-06-27,19:35:00,4.13,4.14,4.13,4.13,1600,0
2016-06-27,19:40:00,4.135,4.135,4.11,4.1201,5768,0
2016-06-27,19:45:00,4.11,4.115,4.11,4.115,1900,0
2016-06-27,19:50:00,4.11,4.11,4.11,4.11,200,0
2016-06-27,19:55:00,4.11,4.11,4.11,4.11,2914,0
2016-06-27,20:00:00,4.11,4.12,4.11,4.115,6000,0
2016-06-27,20:05:00,4.11,4.13,4.1,4.1,9979,0
2016-06-27,20:10:00,4.11,4.12,4.11,4.12,200,0
2016-06-27,20:15:00,4.11,4.13,4.11,4.12,700,0
2016-06-27,20:20:00,4.12,4.12,4.12,4.12,100,0
2016-06-27,20:25:00,4.11,4.11,4.11,4.11,600,0
2016-06-27,20:30:00,4.1,4.1,4.1,4.1,200,0
2016-06-27,20:35:00,4.1,4.1,4.1,4.1,2300,0
2016-06-27,20:40:00,4.1,4.1,4.09,4.09,5777,0
2016-06-27,20:45:00,4.09,4.1,4.09,4.1,7000,0
2016-06-27,20:55:00,4.1,4.105,4.09,4.095,9621,0
2016-06-27,21:00:00,4.09,4.1,4.09,4.09,4859,0
2016-06-27,21:10:00,4.1,4.1,4.09,4.095,700,0
2016-06-27,21:15:00,4.09,4.09,4.09,4.09,300,0
2016-06-27,21:20:00,4.09,4.095,4.06,4.07,12900,0
2016-06-27,21:25:00,4.07,4.07,4.05,4.05,1800,0
2016-06-27,21:30:00,4.05,4.05,4.01,4.01,4198,0
2016-06-27,21:35:00,4.015,4.015,4,4,1990,0
2016-06-27,21:40:00,4.001,4.01,4,4,2950,0
2016-06-27,21:45:00,4.01,4.02,4.01,4.02,2700,0
2016-06-27,21:50:00,4.01,4.015,4.01,4.01,1600,0
2016-06-27,21:55:00,4.01,4.03,4,4.03,8617,0
2016-06-27,22:00:00,4.025,4.04,4.02,4.02,21969,0
2016-06-28,15:35:00,4.05,4.05,4.0472,4.0472,375,0
2016-06-28,15:50:00,4.07,4.08,4.07,4.08,400,0
2016-06-28,15:55:00,4.08,4.08,4.06,4.07,1000,0
2016-06-28,16:00:00,4.06,4.06,4.06,4.06,100,0
2016-06-28,16:05:00,4.09,4.09,4.07,4.09,2800,0
2016-06-28,16:10:00,4.09,4.09,4.09,4.09,663,0
2016-06-28,16:15:00,4.0901,4.11,4.09,4.11,1950,0
2016-06-28,16:20:00,4.13,4.13,4.1,4.1,609,0
2016-06-28,16:25:00,4.13,4.13,4.13,4.13,100,0
2016-06-28,16:30:00,4.11,4.15,4.11,4.15,2733,0
2016-06-28,16:35:00,4.17,4.17,4.17,4.17,100,0
2016-06-28,16:40:00,4.16,4.17,4.14,4.14,9100,0
2016-06-28,16:45:00,4.15,4.15,4.15,4.15,100,0
2016-06-28,16:50:00,4.15,4.15,4.15,4.15,1200,0
2016-06-28,16:55:00,4.16,4.18,4.16,4.18,300,0
2016-06-28,17:00:00,4.16,4.16,4.16,4.16,100,0
2016-06-28,17:05:00,4.16,4.16,4.16,4.16,200,0
2016-06-28,17:10:00,4.16,4.16,4.15,4.16,700,0
2016-06-28,17:20:00,4.16,4.16,4.16,4.16,100,0
2016-06-28,17:25:00,4.15,4.15,4.15,4.15,200,0
2016-06-28,17:30:00,4.15,4.15,4.15,4.15,100,0
2016-06-28,17:35:00,4.15,4.15,4.15,4.15,300,0
2016-06-28,17:40:00,4.17,4.17,4.16,4.16,300,0
2016-06-28,17:50:00,4.15,4.15,4.15,4.15,300,0
2016-06-28,17:55:00,4.16,4.16,4.155,4.155,2100,0
2016-06-28,18:00:00,4.16,4.16,4.16,4.16,200,0
2016-06-28,18:10:00,4.155,4.16,4.155,4.16,300,0
2016-06-28,18:20:00,4.1576,4.16,4.15,4.155,6639,0
2016-06-28,18:25:00,4.1589,4.16,4.155,4.16,3980,0
2016-06-28,18:30:00,4.155,4.16,4.15,4.16,500,0
2016-06-28,18:35:00,4.16,4.16,4.16,4.16,400,0
2016-06-28,18:40:00,4.155,4.155,4.155,4.155,200,0
2016-06-28,18:45:00,4.16,4.165,4.16,4.165,1480,0
2016-06-28,18:50:00,4.17,4.17,4.16,4.16,300,0
2016-06-28,18:55:00,4.16,4.16,4.16,4.16,500,0
2016-06-28,19:00:00,4.16,4.16,4.16,4.16,1300,0
2016-06-28,19:05:00,4.16,4.17,4.16,4.17,2000,0
2016-06-28,19:10:00,4.18,4.18,4.17,4.17,200,0
2016-06-28,19:15:00,4.18,4.19,4.17,4.19,300,0
2016-06-28,19:20:00,4.19,4.2,4.19,4.2,300,0
2016-06-28,19:25:00,4.2,4.2,4.16,4.17,4000,0
2016-06-28,19:30:00,4.18,4.19,4.16,4.18,4626,0
2016-06-28,19:35:00,4.2,4.2,4.2,4.2,400,0
2016-06-28,19:45:00,4.2,4.2,4.2,4.2,200,0
2016-06-28,19:50:00,4.2,4.21,4.2,4.2,300,0
2016-06-28,19:55:00,4.21,4.21,4.2,4.2,200,0
2016-06-28,20:00:00,4.21,4.21,4.2,4.2,700,0
2016-06-28,20:05:00,4.2,4.21,4.2,4.21,300,0
2016-06-28,20:10:00,4.2,4.2,4.2,4.2,200,0
2016-06-28,20:15:00,4.21,4.21,4.205,4.2059,526,0
2016-06-28,20:20:00,4.21,4.21,4.2,4.205,400,0
2016-06-28,20:25:00,4.2,4.205,4.2,4.2,509,0
2016-06-28,20:30:00,4.2,4.21,4.2,4.205,500,0
2016-06-28,20:35:00,4.205,4.205,4.2,4.2,800,0
2016-06-28,20:40:00,4.205,4.21,4.2,4.21,400,0
2016-06-28,20:45:00,4.2,4.2,4.2,4.2,300,0
2016-06-28,20:50:00,4.21,4.22,4.2,4.22,2400,0
2016-06-28,20:55:00,4.22,4.23,4.22,4.23,400,0
2016-06-28,21:00:00,4.22,4.22,4.22,4.22,100,0
2016-06-28,21:05:00,4.23,4.23,4.22,4.22,500,0
2016-06-28,21:15:00,4.22,4.25,4.21,4.24,10000,0
2016-06-28,21:20:00,4.25,4.25,4.23,4.23,200,0
2016-06-28,21:25:00,4.23,4.235,4.19,4.2,2500,0
2016-06-28,21:30:00,4.2,4.2,4.17,4.19,4500,0
2016-06-28,21:35:00,4.19,4.19,4.1897,4.1897,400,0
2016-06-28,21:40:00,4.18,4.185,4.17,4.17,5400,0
2016-06-28,21:45:00,4.17,4.18,4.17,4.17,500,0
2016-06-28,21:50:00,4.18,4.195,4.18,4.18,2400,0
2016-06-28,21:55:00,4.17,4.17,4.16,4.16,1300,0
2016-06-28,22:00:00,4.17,4.17,4.13,4.13,14555,0
2016-06-29,15:35:00,4.13,4.14,4.1,4.1399,4889,0
2016-06-29,15:40:00,4.12,4.12,4.11,4.11,409,0
2016-06-29,15:45:00,4.11,4.11,4.11,4.11,100,0
2016-06-29,15:50:00,4.15,4.15,4.15,4.15,100,0
2016-06-29,15:55:00,4.15,4.15,4.15,4.15,100,0
2016-06-29,16:10:00,4.19,4.2,4.19,4.2,1297,0
2016-06-29,16:15:00,4.2,4.21,4.19,4.21,400,0
2016-06-29,16:20:00,4.19,4.202,4.17,4.18,1900,0
2016-06-29,16:25:00,4.19,4.19,4.18,4.185,900,0
2016-06-29,16:30:00,4.19,4.19,4.18,4.18,300,0
2016-06-29,16:35:00,4.19,4.19,4.17,4.18,300,0
2016-06-29,16:40:00,4.17,4.17,4.15,4.17,1157,0
2016-06-29,16:45:00,4.17,4.17,4.17,4.17,300,0
2016-06-29,16:50:00,4.18,4.18,4.18,4.18,200,0
2016-06-29,16:55:00,4.18,4.18,4.17,4.18,1274,0
2016-06-29,17:00:00,4.18,4.18,4.175,4.18,1152,0
2016-06-29,17:05:00,4.17,4.18,4.17,4.18,1300,0
2016-06-29,17:10:00,4.18,4.18,4.17,4.17,600,0
2016-06-29,17:15:00,4.18,4.18,4.17,4.18,400,0
2016-06-29,17:20:00,4.18,4.18,4.18,4.18,2600,0
2016-06-29,17:25:00,4.18,4.18,4.18,4.18,500,0
2016-06-29,17:30:00,4.18,4.18,4.17,4.18,3300,0
2016-06-29,17:35:00,4.18,4.19,4.18,4.19,1500,0
2016-06-29,17:40:00,4.19,4.2,4.18,4.2,400,0
2016-06-29,17:45:00,4.19,4.19,4.18,4.18,600,0
2016-06-29,17:50:00,4.18,4.2,4.18,4.2,400,0
2016-06-29,17:55:00,4.2,4.227,4.2,4.21,1700,0
2016-06-29,18:00:00,4.22,4.24,4.22,4.24,300,0
2016-06-29,18:05:00,4.21,4.23,4.21,4.21,550,0
2016-06-29,18:10:00,4.22,4.22,4.2,4.2093,600,0
2016-06-29,18:15:00,4.2036,4.21,4.2,4.2,600,0
2016-06-29,18:20:00,4.2085,4.2086,4.19,4.2086,1100,0
2016-06-29,18:25:00,4.2093,4.2093,4.2,4.2,200,0
2016-06-29,18:30:00,4.2,4.2,4.2,4.2,300,0
2016-06-29,18:35:00,4.19,4.19,4.19,4.19,100,0
2016-06-29,18:40:00,4.2,4.2,4.2,4.2,100,0
2016-06-29,18:45:00,4.19,4.2,4.19,4.2,200,0
2016-06-29,18:50:00,4.19,4.19,4.19,4.19,200,0
2016-06-29,18:55:00,4.195,4.195,4.19,4.19,200,0
2016-06-29,19:00:00,4.191,4.2,4.17,4.17,1000,0
2016-06-29,19:05:00,4.19,4.2,4.19,4.19,500,0
2016-06-29,19:10:00,4.185,4.185,4.18,4.18,200,0
2016-06-29,19:15:00,4.18,4.19,4.18,4.19,200,0
2016-06-29,19:20:00,4.18,4.19,4.18,4.19,700,0
2016-06-29,19:25:00,4.19,4.2,4.18,4.19,800,0
2016-06-29,19:30:00,4.19,4.1979,4.17,4.1979,603,0
2016-06-29,19:35:00,4.17,4.17,4.17,4.17,100,0
2016-06-29,19:40:00,4.19,4.19,4.19,4.19,100,0
2016-06-29,19:45:00,4.19,4.2,4.18,4.2,300,0
2016-06-29,19:50:00,4.2,4.2,4.2,4.2,200,0
2016-06-29,19:55:00,4.2,4.2,4.19,4.19,300,0
2016-06-29,20:00:00,4.1993,4.2,4.19,4.2,400,0
2016-06-29,20:05:00,4.2,4.2,4.19,4.19,200,0
2016-06-29,20:10:00,4.19,4.19,4.19,4.19,100,0
2016-06-29,20:15:00,4.195,4.22,4.19,4.21,7699,0
2016-06-29,20:20:00,4.2193,4.22,4.21,4.2193,1300,0
2016-06-29,20:25:00,4.2193,4.22,4.21,4.21,700,0
2016-06-29,20:30:00,4.2193,4.22,4.21,4.21,900,0
2016-06-29,20:35:00,4.2193,4.2193,4.21,4.21,1800,0
2016-06-29,20:40:00,4.21,4.21,4.2,4.2,600,0
2016-06-29,20:50:00,4.2,4.2,4.19,4.19,1100,0
2016-06-29,20:55:00,4.19,4.1986,4.17,4.1986,2100,0
2016-06-29,21:00:00,4.18,4.2,4.18,4.2,200,0
2016-06-29,21:05:00,4.18,4.2,4.18,4.19,1200,0
2016-06-29,21:10:00,4.19,4.2,4.19,4.19,1200,0
2016-06-29,21:15:00,4.19,4.19,4.19,4.19,900,0
2016-06-29,21:20:00,4.2,4.2,4.18,4.18,4354,0
2016-06-29,21:25:00,4.1801,4.21,4.18,4.18,2600,0
2016-06-29,21:30:00,4.2,4.2,4.19,4.2,1600,0
2016-06-29,21:35:00,4.2085,4.21,4.2001,4.21,500,0
2016-06-29,21:40:00,4.2,4.21,4.18,4.18,2500,0
2016-06-29,21:45:00,4.19,4.21,4.1801,4.2001,3500,0
2016-06-29,21:50:00,4.2,4.205,4.2,4.2,800,0
2016-06-29,21:55:00,4.2,4.21,4.2,4.21,1800,0
2016-06-29,22:00:00,4.2,4.21,4.19,4.19,4931,0
2016-06-30,15:35:00,4.23,4.23,4.19,4.19,1763,0
2016-06-30,15:45:00,4.16,4.18,4.16,4.18,1900,0
2016-06-30,15:50:00,4.16,4.16,4.16,4.16,200,0
2016-06-30,15:55:00,4.15,4.15,4.15,4.15,200,0
2016-06-30,16:05:00,4.16,4.16,4.12,4.12,400,0
2016-06-30,16:10:00,4.11,4.13,4.11,4.13,600,0
2016-06-30,16:15:00,4.11,4.12,4.11,4.12,200,0
2016-06-30,16:25:00,4.13,4.13,4.11,4.11,2000,0
2016-06-30,16:30:00,4.1,4.1,4.05,4.06,6212,0
2016-06-30,16:35:00,4.05,4.06,4.04,4.04,5090,0
2016-06-30,16:40:00,4.06,4.06,4.06,4.06,100,0
2016-06-30,16:45:00,4.052,4.0527,4.04,4.04,2198,0
2016-06-30,16:50:00,4.04,4.05,4.04,4.05,203,0
2016-06-30,16:55:00,4.07,4.07,4.06,4.06,1400,0
2016-06-30,17:00:00,4.06,4.09,4.06,4.09,500,0
2016-06-30,17:05:00,4.08,4.08,4.08,4.08,700,0
2016-06-30,17:10:00,4.08,4.08,4.08,4.08,100,0
2016-06-30,17:15:00,4.07,4.07,4.0658,4.0658,1600,0
2016-06-30,17:20:00,4.0637,4.0637,4.0637,4.0637,544,0
2016-06-30,17:25:00,4.06,4.06,4.06,4.06,100,0
2016-06-30,17:35:00,4.06,4.07,4.06,4.06,747,0
2016-06-30,17:45:00,4.05,4.05,4.05,4.05,700,0
2016-06-30,17:50:00,4.05,4.05,4,4.015,4709,0
2016-06-30,17:55:00,4.01,4.01,4,4.0077,1049,0
2016-06-30,18:00:00,4.01,4.01,4,4,1471,0
2016-06-30,18:05:00,4.02,4.03,4,4,1000,0
2016-06-30,18:10:00,4.02,4.02,4.01,4.01,300,0
2016-06-30,18:15:00,4.01,4.01,4.01,4.01,400,0
2016-06-30,18:20:00,4,4.0126,4,4,1200,0
2016-06-30,18:25:00,4,4.02,4,4.01,1800,0
2016-06-30,18:30:00,4.01,4.07,4.01,4.07,20991,0
2016-06-30,18:35:00,4.06,4.09,4.06,4.09,1144,0
2016-06-30,18:40:00,4.09,4.09,4.09,4.09,300,0
2016-06-30,18:45:00,4.08,4.1,4.08,4.1,600,0
2016-06-30,18:50:00,4.09,4.09,4.09,4.09,300,0
2016-06-30,18:55:00,4.11,4.11,4.1,4.1,200,0
2016-06-30,19:05:00,4.1,4.12,4.095,4.12,900,0
2016-06-30,19:10:00,4.11,4.13,4.11,4.13,400,0
2016-06-30,19:15:00,4.11,4.13,4.11,4.11,400,0
2016-06-30,19:20:00,4.12,4.125,4.12,4.125,200,0
2016-06-30,19:25:00,4.12,4.12,4.11,4.11,800,0
2016-06-30,19:35:00,4.12,4.12,4.105,4.105,700,0
2016-06-30,19:40:00,4.105,4.105,4.09,4.09,2000,0
2016-06-30,19:45:00,4.0975,4.0975,4.09,4.09,300,0
2016-06-30,19:55:00,4.09,4.09,4.08,4.08,400,0
2016-06-30,20:05:00,4.09,4.09,4.08,4.09,1100,0
2016-06-30,20:10:00,4.085,4.09,4.08,4.08,300,0
2016-06-30,20:20:00,4.085,4.085,4.085,4.085,200,0
2016-06-30,20:25:00,4.085,4.085,4.08,4.08,300,0
2016-06-30,20:30:00,4.085,4.085,4.08,4.08,700,0
2016-06-30,20:35:00,4.08,4.08,4.08,4.08,2900,0
2016-06-30,20:40:00,4.09,4.09,4.09,4.09,900,0
2016-06-30,20:45:00,4.11,4.11,4.09,4.11,1000,0
2016-06-30,20:50:00,4.11,4.12,4.11,4.12,900,0
2016-06-30,20:55:00,4.115,4.115,4.115,4.115,100,0
2016-06-30,21:00:00,4.12,4.12,4.1,4.11,400,0
2016-06-30,21:05:00,4.11,4.11,4.1,4.105,1300,0
2016-06-30,21:10:00,4.11,4.125,4.11,4.125,1200,0
2016-06-30,21:15:00,4.125,4.15,4.125,4.15,1264,0
2016-06-30,21:20:00,4.17,4.1701,4.16,4.1701,6100,0
2016-06-30,21:25:00,4.175,4.18,4.17,4.18,1300,0
2016-06-30,21:30:00,4.18,4.1875,4.18,4.1875,700,0
2016-06-30,21:35:00,4.19,4.19,4.18,4.1813,1139,0
2016-06-30,21:40:00,4.17,4.1701,4.16,4.16,1398,0
2016-06-30,21:45:00,4.16,4.17,4.16,4.16,500,0
2016-06-30,21:50:00,4.16,4.16,4.14,4.14,300,0
2016-06-30,21:55:00,4.14,4.1401,4.13,4.13,1800,0
2016-06-30,22:00:00,4.14,4.16,4.13,4.14,8168,0
2016-07-01,15:35:00,4.11,4.11,4.11,4.11,1787,0
2016-07-01,15:40:00,4.18,4.2,4.18,4.19,3100,0
2016-07-01,15:45:00,4.19,4.19,4.17,4.17,835,0
2016-07-01,15:50:00,4.19,4.19,4.19,4.19,100,0
2016-07-01,15:55:00,4.19,4.21,4.18,4.2,1700,0
2016-07-01,16:00:00,4.2,4.23,4.2,4.21,2300,0
2016-07-01,16:05:00,4.24,4.24,4.23,4.23,200,0
2016-07-01,16:10:00,4.21,4.23,4.2,4.23,800,0
2016-07-01,16:15:00,4.24,4.26,4.24,4.26,400,0
2016-07-01,16:20:00,4.26,4.28,4.26,4.275,1960,0
2016-07-01,16:25:00,4.29,4.3,4.29,4.3,400,0
2016-07-01,16:30:00,4.31,4.31,4.2801,4.31,1300,0
2016-07-01,16:35:00,4.3,4.32,4.3,4.32,1600,0
2016-07-01,16:40:00,4.3,4.33,4.3,4.33,200,0
2016-07-01,16:45:00,4.33,4.33,4.33,4.33,402,0
2016-07-01,16:50:00,4.33,4.33,4.33,4.33,400,0
2016-07-01,16:55:00,4.35,4.36,4.35,4.3539,1600,0
2016-07-01,17:00:00,4.35,4.35,4.35,4.35,100,0
2016-07-01,17:05:00,4.36,4.39,4.36,4.39,700,0
2016-07-01,17:10:00,4.38,4.38,4.3,4.3,1700,0
2016-07-01,17:15:00,4.3,4.31,4.3,4.31,200,0
2016-07-01,17:20:00,4.29,4.29,4.29,4.29,100,0
2016-07-01,17:25:00,4.32,4.32,4.29,4.29,900,0
2016-07-01,17:30:00,4.2801,4.3,4.2801,4.3,650,0
2016-07-01,17:35:00,4.2845,4.31,4.2845,4.31,1100,0
2016-07-01,17:40:00,4.28,4.31,4.28,4.31,500,0
2016-07-01,17:45:00,4.31,4.31,4.31,4.31,100,0
2016-07-01,17:50:00,4.29,4.31,4.29,4.31,400,0
2016-07-01,17:55:00,4.32,4.32,4.32,4.32,200,0
2016-07-01,18:00:00,4.32,4.32,4.32,4.32,200,0
2016-07-01,18:05:00,4.31,4.32,4.2947,4.2947,1600,0
2016-07-01,18:10:00,4.3,4.3138,4.3,4.3138,749,0
2016-07-01,18:20:00,4.32,4.32,4.29,4.32,12100,0
2016-07-01,18:25:00,4.34,4.34,4.32,4.32,1300,0
2016-07-01,18:30:00,4.3202,4.34,4.3202,4.34,600,0
2016-07-01,18:35:00,4.32,4.34,4.32,4.34,900,0
2016-07-01,18:40:00,4.3216,4.34,4.32,4.34,1100,0
2016-07-01,18:50:00,4.34,4.34,4.33,4.34,400,0
2016-07-01,18:55:00,4.34,4.35,4.323,4.35,900,0
2016-07-01,19:00:00,4.37,4.37,4.33,4.36,6831,0
2016-07-01,19:05:00,4.35,4.35,4.34,4.34,800,0
2016-07-01,19:10:00,4.33,4.33,4.33,4.33,100,0
2016-07-01,19:15:00,4.35,4.35,4.345,4.345,300,0
2016-07-01,19:20:00,4.37,4.4,4.37,4.39,400,0
2016-07-01,19:25:00,4.39,4.39,4.39,4.39,200,0
2016-07-01,19:30:00,4.38,4.38,4.37,4.37,1200,0
2016-07-01,19:35:00,4.35,4.353,4.35,4.35,600,0
2016-07-01,19:40:00,4.37,4.37,4.35,4.35,1000,0
2016-07-01,19:45:00,4.37,4.37,4.35,4.35,500,0
2016-07-01,19:50:00,4.37,4.375,4.35,4.375,2162,0
2016-07-01,19:55:00,4.37,4.38,4.32,4.35,10345,0
2016-07-01,20:00:00,4.37,4.37,4.37,4.37,200,0
2016-07-01,20:05:00,4.36,4.385,4.36,4.385,1400,0
2016-07-01,20:10:00,4.38,4.39,4.38,4.39,200,0
2016-07-01,20:15:00,4.39,4.39,4.39,4.39,100,0
2016-07-01,20:20:00,4.38,4.4,4.38,4.39,2399,0
2016-07-01,20:25:00,4.4,4.4,4.39,4.395,400,0
2016-07-01,20:35:00,4.4,4.4,4.39,4.39,1100,0
2016-07-01,20:40:00,4.39,4.39,4.39,4.39,300,0
2016-07-01,20:45:00,4.39,4.4,4.39,4.4,200,0
2016-07-01,20:50:00,4.4,4.4,4.4,4.4,3170,0
2016-07-01,20:55:00,4.4,4.4,4.39,4.4,1300,0
2016-07-01,21:00:00,4.4,4.4,4.39,4.3904,1200,0
2016-07-01,21:05:00,4.39,4.4,4.39,4.4,2782,0
2016-07-01,21:10:00,4.4,4.41,4.22,4.34,30052,0
2016-07-01,21:15:00,4.35,4.37,4.35,4.37,1935,0
2016-07-01,21:20:00,4.36,4.36,4.35,4.35,300,0
2016-07-01,21:25:00,4.35,4.36,4.35,4.36,1100,0
2016-07-01,21:30:00,4.37,4.37,4.37,4.37,100,0
2016-07-01,21:35:00,4.36,4.39,4.36,4.39,1100,0
2016-07-01,21:40:00,4.39,4.39,4.38,4.385,1500,0
2016-07-01,21:45:00,4.38,4.39,4.36,4.39,4082,0
2016-07-01,21:50:00,4.3816,4.3816,4.38,4.38,1400,0
2016-07-01,21:55:00,4.38,4.4,4.38,4.39,1000,0
2016-07-01,22:00:00,4.4,4.4,4.36,4.38,14386,0
2016-07-05,15:35:00,4.37,4.37,4.34,4.34,1510,0
2016-07-05,15:40:00,4.35,4.35,4.35,4.35,100,0
2016-07-05,15:45:00,4.35,4.35,4.31,4.31,3283,0
2016-07-05,15:50:00,4.31,4.33,4.31,4.33,300,0
2016-07-05,15:55:00,4.32,4.32,4.32,4.32,100,0
2016-07-05,16:00:00,4.32,4.32,4.32,4.32,100,0
2016-07-05,16:05:00,4.31,4.31,4.31,4.31,100,0
2016-07-05,16:10:00,4.31,4.31,4.31,4.31,100,0
2016-07-05,16:15:00,4.31,4.31,4.31,4.31,800,0
2016-07-05,16:20:00,4.29,4.29,4.29,4.29,200,0
2016-07-05,16:25:00,4.28,4.3,4.28,4.3,200,0
2016-07-05,16:30:00,4.28,4.28,4.28,4.28,100,0
2016-07-05,16:35:00,4.29,4.29,4.285,4.29,1100,0
2016-07-05,16:40:00,4.28,4.28,4.23,4.23,8700,0
2016-07-05,16:45:00,4.24,4.24,4.24,4.24,200,0
2016-07-05,16:50:00,4.23,4.26,4.23,4.26,721,0
2016-07-05,16:55:00,4.26,4.26,4.26,4.26,100,0
2016-07-05,17:00:00,4.27,4.27,4.27,4.27,200,0
2016-07-05,17:05:00,4.27,4.27,4.25,4.265,900,0
2016-07-05,17:10:00,4.26,4.26,4.23,4.23,1100,0
2016-07-05,17:15:00,4.22,4.23,4.22,4.23,200,0
2016-07-05,17:20:00,4.23,4.23,4.22,4.23,500,0
2016-07-05,17:25:00,4.225,4.26,4.223,4.25,2700,0
2016-07-05,17:30:00,4.24,4.25,4.24,4.25,800,0
2016-07-05,17:35:00,4.24,4.25,4.24,4.25,600,0
2016-07-05,17:40:00,4.2499,4.2499,4.23,4.23,394,0
2016-07-05,17:50:00,4.25,4.25,4.22,4.22,800,0
2016-07-05,18:00:00,4.22,4.22,4.22,4.22,100,0
2016-07-05,18:05:00,4.22,4.23,4.22,4.23,200,0
2016-07-05,18:10:00,4.23,4.23,4.22,4.22,1100,0
2016-07-05,18:20:00,4.22,4.23,4.21,4.22,3400,0
2016-07-05,18:25:00,4.23,4.23,4.23,4.23,100,0
2016-07-05,18:35:00,4.21,4.23,4.21,4.23,200,0
2016-07-05,18:40:00,4.21,4.23,4.21,4.23,200,0
2016-07-05,18:45:00,4.23,4.23,4.23,4.23,100,0
2016-07-05,18:50:00,4.21,4.21,4.21,4.21,200,0
2016-07-05,18:55:00,4.22,4.22,4.215,4.22,9901,0
2016-07-05,19:00:00,4.215,4.22,4.21,4.21,400,0
2016-07-05,19:05:00,4.23,4.23,4.22,4.22,200,0
2016-07-05,19:10:00,4.23,4.23,4.22,4.23,500,0
2016-07-05,19:15:00,4.23,4.23,4.22,4.22,200,0
2016-07-05,19:20:00,4.22,4.22,4.22,4.22,100,0
2016-07-05,19:25:00,4.23,4.23,4.22,4.22,200,0
2016-07-05,19:30:00,4.22,4.22,4.22,4.22,200,0
2016-07-05,19:35:00,4.22,4.225,4.22,4.225,200,0
2016-07-05,19:40:00,4.23,4.23,4.23,4.23,200,0
2016-07-05,19:50:00,4.23,4.23,4.22,4.22,300,0
2016-07-05,19:55:00,4.23,4.23,4.23,4.23,100,0
2016-07-05,20:00:00,4.21,4.21,4.21,4.21,100,0
2016-07-05,20:05:00,4.21,4.22,4.2,4.22,1800,0
2016-07-05,20:10:00,4.21,4.22,4.2001,4.21,934,0
2016-07-05,20:15:00,4.21,4.21,4.2,4.2,200,0
2016-07-05,20:25:00,4.21,4.21,4.21,4.21,100,0
2016-07-05,20:30:00,4.21,4.215,4.21,4.2101,1090,0
2016-07-05,20:35:00,4.21,4.23,4.21,4.21,6041,0
2016-07-05,20:40:00,4.21,4.22,4.21,4.22,500,0
2016-07-05,20:45:00,4.21,4.22,4.21,4.21,900,0
2016-07-05,20:55:00,4.21,4.22,4.21,4.21,400,0
2016-07-05,21:00:00,4.22,4.22,4.21,4.21,1046,0
2016-07-05,21:05:00,4.22,4.22,4.21,4.21,600,0
2016-07-05,21:10:00,4.22,4.22,4.215,4.22,300,0
2016-07-05,21:15:00,4.215,4.22,4.21,4.22,300,0
2016-07-05,21:20:00,4.22,4.22,4.22,4.22,100,0
2016-07-05,21:25:00,4.22,4.22,4.21,4.21,600,0
2016-07-05,21:30:00,4.21,4.22,4.21,4.22,600,0
2016-07-05,21:35:00,4.2116,4.23,4.2116,4.23,1535,0
2016-07-05,21:40:00,4.23,4.23,4.22,4.23,1689,0
2016-07-05,21:45:00,4.2216,4.23,4.22,4.22,800,0
2016-07-05,21:50:00,4.22,4.23,4.22,4.22,800,0
2016-07-05,21:55:00,4.22,4.23,4.22,4.225,1200,0
2016-07-05,22:00:00,4.22,4.22,4.2,4.21,7137,0
2016-07-06,15:35:00,4.2,4.2,4.2,4.2,300,0
2016-07-06,15:40:00,4.19,4.19,4.19,4.19,300,0
2016-07-06,15:45:00,4.2,4.2,4.17,4.17,200,0
2016-07-06,15:50:00,4.19,4.19,4.16,4.16,1343,0
2016-07-06,15:55:00,4.19,4.19,4.19,4.19,100,0
2016-07-06,16:00:00,4.2,4.23,4.2,4.23,900,0
2016-07-06,16:10:00,4.23,4.25,4.23,4.25,400,0
2016-07-06,16:15:00,4.25,4.27,4.25,4.27,200,0
2016-07-06,16:30:00,4.25,4.26,4.25,4.26,300,0
2016-07-06,16:35:00,4.21,4.21,4.21,4.21,100,0
2016-07-06,16:50:00,4.21,4.21,4.21,4.21,100,0
2016-07-06,17:00:00,4.22,4.24,4.22,4.225,300,0
2016-07-06,17:10:00,4.23,4.23,4.23,4.23,100,0
2016-07-06,17:15:00,4.23,4.24,4.2,4.21,7500,0
2016-07-06,17:20:00,4.21,4.21,4.21,4.21,100,0
2016-07-06,17:25:00,4.23,4.23,4.21,4.21,600,0
2016-07-06,17:30:00,4.21,4.23,4.21,4.21,400,0
2016-07-06,17:35:00,4.23,4.23,4.21,4.23,400,0
2016-07-06,17:40:00,4.23,4.23,4.21,4.21,200,0
2016-07-06,17:45:00,4.21,4.23,4.21,4.21,300,0
2016-07-06,17:50:00,4.23,4.23,4.21,4.21,400,0
2016-07-06,17:55:00,4.22,4.22,4.2,4.21,3700,0
2016-07-06,18:00:00,4.21,4.21,4.2,4.2,1100,0
2016-07-06,18:05:00,4.2,4.21,4.2,4.21,3509,0
2016-07-06,18:10:00,4.21,4.23,4.21,4.21,600,0
2016-07-06,18:15:00,4.2,4.2,4.2,4.2,300,0
2016-07-06,18:20:00,4.2,4.205,4.2,4.205,2000,0
2016-07-06,18:25:00,4.2,4.2,4.2,4.2,200,0
2016-07-06,18:30:00,4.2,4.2,4.2,4.2,100,0
2016-07-06,18:35:00,4.2,4.21,4.2,4.2012,1450,0
2016-07-06,18:45:00,4.2,4.21,4.2,4.2,1300,0
2016-07-06,18:50:00,4.205,4.21,4.2,4.21,425,0
2016-07-06,18:55:00,4.21,4.21,4.21,4.21,200,0
2016-07-06,19:00:00,4.2,4.21,4.2,4.205,1220,0
2016-07-06,19:05:00,4.2,4.22,4.2,4.21,3250,0
2016-07-06,19:15:00,4.22,4.22,4.21,4.21,900,0
2016-07-06,19:20:00,4.22,4.22,4.22,4.22,200,0
2016-07-06,19:25:00,4.21,4.21,4.21,4.21,700,0
2016-07-06,19:30:00,4.2,4.2,4.2,4.2,100,0
2016-07-06,19:35:00,4.21,4.23,4.205,4.23,2000,0
2016-07-06,19:40:00,4.21,4.22,4.2,4.22,7374,0
2016-07-06,19:45:00,4.22,4.22,4.22,4.22,200,0
2016-07-06,19:50:00,4.23,4.23,4.22,4.23,500,0
2016-07-06,19:55:00,4.22,4.225,4.22,4.22,300,0
2016-07-06,20:00:00,4.23,4.23,4.215,4.215,800,0
2016-07-06,20:05:00,4.21,4.21,4.21,4.21,700,0
2016-07-06,20:10:00,4.215,4.22,4.21,4.22,600,0
2016-07-06,20:15:00,4.21,4.21,4.21,4.21,300,0
2016-07-06,20:20:00,4.22,4.26,4.215,4.26,3700,0
2016-07-06,20:25:00,4.27,4.28,4.26,4.28,400,0
2016-07-06,20:30:00,4.28,4.28,4.28,4.28,100,0
2016-07-06,20:35:00,4.27,4.28,4.27,4.28,300,0
2016-07-06,20:40:00,4.27,4.27,4.27,4.27,400,0
2016-07-06,20:45:00,4.26,4.27,4.26,4.265,400,0
2016-07-06,20:50:00,4.26,4.26,4.24,4.25,1500,0
2016-07-06,20:55:00,4.24,4.24,4.24,4.24,100,0
2016-07-06,21:00:00,4.25,4.25,4.23,4.23,1500,0
2016-07-06,21:05:00,4.23,4.23,4.23,4.23,300,0
2016-07-06,21:10:00,4.23,4.24,4.22,4.225,4378,0
2016-07-06,21:15:00,4.22,4.23,4.22,4.23,2800,0
2016-07-06,21:20:00,4.23,4.23,4.2216,4.2216,1300,0
2016-07-06,21:25:00,4.22,4.22,4.22,4.22,500,0
2016-07-06,21:30:00,4.23,4.23,4.22,4.23,600,0
2016-07-06,21:35:00,4.22,4.23,4.22,4.22,1955,0
2016-07-06,21:40:00,4.22,4.23,4.22,4.22,2056,0
2016-07-06,21:45:00,4.2216,4.23,4.22,4.23,700,0
2016-07-06,21:50:00,4.22,4.23,4.22,4.23,1100,0
2016-07-06,21:55:00,4.22,4.23,4.21,4.23,3913,0
2016-07-06,22:00:00,4.23,4.24,4.22,4.22,11536,0
2016-07-07,15:35:00,4.21,4.21,4.21,4.21,402,0
2016-07-07,15:55:00,4.28,4.29,4.28,4.29,600,0
2016-07-07,16:00:00,4.26,4.29,4.26,4.29,200,0
2016-07-07,16:10:00,4.28,4.28,4.28,4.28,200,0
2016-07-07,16:15:00,4.27,4.29,4.27,4.29,300,0
2016-07-07,16:20:00,4.26,4.27,4.26,4.26,700,0
2016-07-07,16:30:00,4.27,4.27,4.27,4.27,100,0
2016-07-07,16:35:00,4.27,4.28,4.27,4.28,1000,0
2016-07-07,16:40:00,4.28,4.29,4.28,4.29,1798,0
2016-07-07,16:45:00,4.28,4.28,4.27,4.27,600,0
2016-07-07,16:50:00,4.28,4.28,4.27,4.28,300,0
2016-07-07,17:00:00,4.29,4.29,4.29,4.29,100,0
2016-07-07,17:05:00,4.28,4.28,4.27,4.27,500,0
2016-07-07,17:10:00,4.28,4.28,4.27,4.27,300,0
2016-07-07,17:20:00,4.28,4.28,4.27,4.28,300,0
2016-07-07,17:30:00,4.27,4.27,4.27,4.27,400,0
2016-07-07,17:35:00,4.27,4.28,4.27,4.28,300,0
2016-07-07,17:40:00,4.27,4.28,4.26,4.26,1200,0
2016-07-07,17:45:00,4.26,4.26,4.26,4.26,300,0
2016-07-07,17:50:00,4.26,4.26,4.255,4.255,567,0
2016-07-07,17:55:00,4.25,4.26,4.25,4.26,1400,0
2016-07-07,18:00:00,4.26,4.26,4.26,4.26,600,0
2016-07-07,18:05:00,4.26,4.27,4.26,4.27,1300,0
2016-07-07,18:10:00,4.28,4.28,4.27,4.28,700,0
2016-07-07,18:15:00,4.28,4.29,4.28,4.29,500,0
2016-07-07,18:20:00,4.29,4.29,4.28,4.2825,7500,0
2016-07-07,18:25:00,4.29,4.31,4.285,4.31,2200,0
2016-07-07,18:30:00,4.31,4.31,4.31,4.31,100,0
2016-07-07,18:35:00,4.31,4.33,4.31,4.33,3000,0
2016-07-07,18:45:00,4.33,4.33,4.33,4.33,400,0
2016-07-07,18:50:00,4.33,4.33,4.31,4.31,1000,0
2016-07-07,18:55:00,4.3,4.3,4.3,4.3,200,0
2016-07-07,19:00:00,4.3,4.3,4.29,4.29,1454,0
2016-07-07,19:05:00,4.28,4.28,4.28,4.28,200,0
2016-07-07,19:10:00,4.27,4.27,4.27,4.27,100,0
2016-07-07,19:15:00,4.27,4.27,4.27,4.27,100,0
2016-07-07,19:20:00,4.26,4.27,4.26,4.27,200,0
2016-07-07,19:25:00,4.25,4.26,4.25,4.255,1400,0
2016-07-07,19:30:00,4.26,4.27,4.255,4.27,1300,0
2016-07-07,19:40:00,4.28,4.28,4.28,4.28,100,0
2016-07-07,19:45:00,4.27,4.275,4.27,4.27,600,0
2016-07-07,19:50:00,4.273,4.28,4.26,4.28,650,0
2016-07-07,19:55:00,4.26,4.27,4.26,4.26,300,0
2016-07-07,20:00:00,4.26,4.26,4.26,4.26,200,0
2016-07-07,20:05:00,4.27,4.27,4.27,4.27,200,0
2016-07-07,20:10:00,4.26,4.26,4.26,4.26,400,0
2016-07-07,20:15:00,4.26,4.265,4.255,4.255,800,0
2016-07-07,20:20:00,4.25,4.28,4.25,4.28,2000,0
2016-07-07,20:25:00,4.28,4.3,4.27,4.3,600,0
2016-07-07,20:30:00,4.29,4.29,4.29,4.29,100,0
2016-07-07,20:35:00,4.31,4.31,4.31,4.31,100,0
2016-07-07,20:40:00,4.29,4.29,4.29,4.29,200,0
2016-07-07,20:45:00,4.29,4.29,4.29,4.29,100,0
2016-07-07,20:50:00,4.29,4.29,4.29,4.29,200,0
2016-07-07,20:55:00,4.29,4.29,4.26,4.26,612,0
2016-07-07,21:00:00,4.26,4.27,4.26,4.26,600,0
2016-07-07,21:05:00,4.26,4.26,4.26,4.26,800,0
2016-07-07,21:10:00,4.27,4.28,4.26,4.28,1300,0
2016-07-07,21:15:00,4.28,4.28,4.28,4.28,200,0
2016-07-07,21:20:00,4.29,4.29,4.2816,4.2816,1300,0
2016-07-07,21:25:00,4.28,4.28,4.27,4.27,1000,0
2016-07-07,21:30:00,4.2761,4.2761,4.27,4.275,1500,0
2016-07-07,21:35:00,4.27,4.28,4.27,4.27,500,0
2016-07-07,21:40:00,4.27,4.28,4.27,4.27,2400,0
2016-07-07,21:45:00,4.27,4.28,4.27,4.27,1700,0
2016-07-07,21:50:00,4.275,4.28,4.27,4.27,1500,0
2016-07-07,21:55:00,4.27,4.28,4.26,4.27,5400,0
2016-07-07,22:00:00,4.27,4.28,4.25,4.26,14257,0
2016-07-08,15:35:00,4.3,4.3,4.3,4.3,147,0
2016-07-08,15:40:00,4.3101,4.33,4.28,4.28,950,0
2016-07-08,15:45:00,4.33,4.33,4.3,4.33,1700,0
2016-07-08,15:50:00,4.34,4.34,4.34,4.34,100,0
2016-07-08,16:00:00,4.35,4.36,4.34,4.35,3065,0
2016-07-08,16:05:00,4.36,4.36,4.355,4.355,800,0
2016-07-08,16:10:00,4.36,4.39,4.33,4.36,11029,0
2016-07-08,16:15:00,4.36,4.36,4.36,4.36,100,0
2016-07-08,16:20:00,4.36,4.36,4.36,4.36,100,0
2016-07-08,16:25:00,4.36,4.37,4.36,4.37,1700,0
2016-07-08,16:30:00,4.39,4.4,4.39,4.4,4018,0
2016-07-08,16:35:00,4.4,4.4,4.38,4.38,4600,0
2016-07-08,16:40:00,4.39,4.39,4.39,4.39,1500,0
2016-07-08,16:45:00,4.4,4.4,4.38,4.3801,3000,0
2016-07-08,16:50:00,4.38,4.38,4.38,4.38,100,0
2016-07-08,16:55:00,4.39,4.39,4.39,4.39,2900,0
2016-07-08,17:00:00,4.39,4.3901,4.39,4.39,1000,0
2016-07-08,17:05:00,4.39,4.39,4.385,4.385,4200,0
2016-07-08,17:10:00,4.39,4.42,4.385,4.41,6300,0
2016-07-08,17:15:00,4.4016,4.4016,4.4,4.4,1900,0
2016-07-08,17:20:00,4.42,4.42,4.395,4.395,2000,0
2016-07-08,17:25:00,4.39,4.41,4.39,4.41,2000,0
2016-07-08,17:30:00,4.42,4.425,4.4,4.403,4600,0
2016-07-08,17:35:00,4.38,4.39,4.38,4.39,900,0
2016-07-08,17:40:00,4.39,4.39,4.39,4.39,100,0
2016-07-08,17:45:00,4.39,4.4,4.39,4.4,800,0
2016-07-08,17:50:00,4.4,4.42,4.4,4.41,3390,0
2016-07-08,17:55:00,4.41,4.43,4.41,4.42,1400,0
2016-07-08,18:00:00,4.42,4.43,4.4,4.4,4420,0
2016-07-08,18:05:00,4.4022,4.42,4.4,4.4,2058,0
2016-07-08,18:10:00,4.4,4.41,4.4,4.41,1000,0
2016-07-08,18:15:00,4.41,4.42,4.39,4.42,2400,0
2016-07-08,18:20:00,4.42,4.42,4.41,4.41,1800,0
2016-07-08,18:25:00,4.42,4.42,4.41,4.41,800,0
2016-07-08,18:30:00,4.42,4.42,4.4,4.4,1700,0
2016-07-08,18:35:00,4.41,4.42,4.4,4.42,1100,0
2016-07-08,18:40:00,4.41,4.41,4.4,4.4,1200,0
2016-07-08,18:45:00,4.4048,4.41,4.4048,4.41,2100,0
2016-07-08,18:50:00,4.42,4.43,4.41,4.41,4104,0
2016-07-08,18:55:00,4.42,4.4376,4.42,4.4202,8596,0
2016-07-08,19:00:00,4.43,4.43,4.43,4.43,2000,0
2016-07-08,19:05:00,4.43,4.45,4.43,4.45,3000,0
2016-07-08,19:10:00,4.45,4.47,4.44,4.44,7559,0
2016-07-08,19:15:00,4.45,4.45,4.45,4.45,100,0
2016-07-08,19:20:00,4.441,4.441,4.42,4.4302,4700,0
2016-07-08,19:25:00,4.43,4.45,4.425,4.44,3100,0
2016-07-08,19:30:00,4.44,4.445,4.44,4.445,1300,0
2016-07-08,19:40:00,4.445,4.445,4.4425,4.4425,200,0
2016-07-08,19:45:00,4.445,4.445,4.44,4.445,1200,0
2016-07-08,19:50:00,4.44,4.45,4.44,4.445,985,0
2016-07-08,19:55:00,4.45,4.45,4.44,4.45,2800,0
2016-07-08,20:00:00,4.455,4.455,4.45,4.45,200,0
2016-07-08,20:10:00,4.455,4.46,4.45,4.45,4600,0
2016-07-08,20:15:00,4.45,4.45,4.43,4.4431,1800,0
2016-07-08,20:20:00,4.45,4.45,4.45,4.45,1700,0
2016-07-08,20:25:00,4.45,4.45,4.45,4.45,500,0
2016-07-08,20:30:00,4.455,4.455,4.455,4.455,100,0
2016-07-08,20:35:00,4.45,4.47,4.45,4.47,3163,0
2016-07-08,20:40:00,4.47,4.473,4.45,4.45,3100,0
2016-07-08,20:45:00,4.45,4.45,4.45,4.45,1087,0
2016-07-08,20:50:00,4.451,4.451,4.4436,4.4436,5800,0
2016-07-08,20:55:00,4.45,4.47,4.45,4.47,2340,0
2016-07-08,21:00:00,4.4735,4.4735,4.46,4.47,3098,0
2016-07-08,21:10:00,4.46,4.4601,4.455,4.455,1500,0
2016-07-08,21:15:00,4.46,4.47,4.45,4.45,3200,0
2016-07-08,21:20:00,4.45,4.4501,4.45,4.4501,800,0
2016-07-08,21:25:00,4.45,4.46,4.45,4.45,1170,0
2016-07-08,21:30:00,4.455,4.46,4.42,4.44,9380,0
2016-07-08,21:35:00,4.45,4.45,4.45,4.45,200,0
2016-07-08,21:40:00,4.448,4.45,4.42,4.42,4825,0
2016-07-08,21:45:00,4.41,4.41,4.395,4.395,3500,0
2016-07-08,21:50:00,4.4,4.4,4.39,4.3916,800,0
2016-07-08,21:55:00,4.4,4.4,4.39,4.395,6123,0
2016-07-08,22:00:00,4.395,4.4,4.38,4.38,7110,0
