Date,Time,Open,High,Low,Close,Volume,OpenInt
2016-06-22,15:35:00,8.89,8.92,8.89,8.92,11263,0
2016-06-22,15:40:00,8.91,8.92,8.87,8.87,1356,0
2016-06-22,15:45:00,8.87,8.89,8.87,8.88,3998,0
2016-06-22,15:50:00,8.88,8.9,8.88,8.89,5150,0
2016-06-22,15:55:00,8.8899,8.89,8.88,8.88,1700,0
2016-06-22,16:00:00,8.885,8.885,8.87,8.88,6000,0
2016-06-22,16:05:00,8.87,8.89,8.865,8.865,16133,0
2016-06-22,16:10:00,8.87,8.92,8.865,8.92,26661,0
2016-06-22,16:15:00,8.9135,8.94,8.91,8.935,6559,0
2016-06-22,16:20:00,8.935,8.935,8.91,8.91,7300,0
2016-06-22,16:25:00,8.91,8.91,8.9,8.9,2400,0
2016-06-22,16:30:00,8.9,8.91,8.89,8.905,36100,0
2016-06-22,16:35:00,8.905,8.91,8.9,8.9,2459,0
2016-06-22,16:40:00,8.905,8.91,8.9,8.9,1700,0
2016-06-22,16:45:00,8.9,8.91,8.9,8.905,4529,0
2016-06-22,16:50:00,8.905,8.91,8.9,8.9,6685,0
2016-06-22,16:55:00,8.905,8.91,8.9,8.91,1200,0
2016-06-22,17:00:00,8.9,8.91,8.89,8.89,9997,0
2016-06-22,17:05:00,8.9,8.92,8.89,8.915,11034,0
2016-06-22,17:10:00,8.915,8.92,8.91,8.915,3060,0
2016-06-22,17:15:00,8.91,8.92,8.91,8.915,3775,0
2016-06-22,17:20:00,8.91,8.92,8.9,8.92,7460,0
2016-06-22,17:25:00,8.915,8.92,8.91,8.92,3400,0
2016-06-22,17:30:00,8.915,8.915,8.9028,8.915,11223,0
2016-06-22,17:35:00,8.91,8.91,8.9,8.91,13347,0
2016-06-22,17:40:00,8.9,8.93,8.9,8.925,6882,0
2016-06-22,17:45:00,8.925,8.929,8.91,8.915,6103,0
2016-06-22,17:50:00,8.915,8.92,8.91,8.91,1300,0
2016-06-22,17:55:00,8.92,8.92,8.91,8.91,2600,0
2016-06-22,18:00:00,8.91,8.92,8.91,8.915,6000,0
2016-06-22,18:05:00,8.91,8.92,8.91,8.91,2500,0
2016-06-22,18:10:00,8.91,8.92,8.91,8.92,6400,0
2016-06-22,18:15:00,8.92,8.94,8.915,8.94,9398,0
2016-06-22,18:20:00,8.935,8.95,8.92,8.92,16156,0
2016-06-22,18:25:00,8.93,8.93,8.895,8.895,33658,0
2016-06-22,18:30:00,8.9,8.9,8.885,8.89,9546,0
2016-06-22,18:35:00,8.8901,8.92,8.8901,8.92,7300,0
2016-06-22,18:40:00,8.92,8.92,8.91,8.9167,2100,0
2016-06-22,18:45:00,8.915,8.92,8.9,8.9199,9381,0
2016-06-22,18:50:00,8.91,8.9163,8.9,8.9131,21019,0
2016-06-22,18:55:00,8.915,8.9165,8.91,8.91,5583,0
2016-06-22,19:00:00,8.91,8.92,8.91,8.915,7100,0
2016-06-22,19:05:00,8.91,8.92,8.91,8.915,1301,0
2016-06-22,19:10:00,8.915,8.92,8.905,8.915,12045,0
2016-06-22,19:15:00,8.915,8.915,8.9,8.915,10520,0
2016-06-22,19:20:00,8.92,8.92,8.915,8.92,4628,0
2016-06-22,19:25:00,8.915,8.92,8.91,8.91,5406,0
2016-06-22,19:30:00,8.91,8.92,8.91,8.92,7439,0
2016-06-22,19:35:00,8.925,8.93,8.91,8.917,9490,0
2016-06-22,19:40:00,8.91,8.92,8.91,8.92,2100,0
2016-06-22,19:45:00,8.915,8.92,8.91,8.915,1700,0
2016-06-22,19:50:00,8.915,8.94,8.91,8.935,12460,0
2016-06-22,19:55:00,8.94,8.94,8.93,8.94,4400,0
2016-06-22,20:00:00,8.94,8.94,8.93,8.93,1915,0
2016-06-22,20:05:00,8.94,8.94,8.93,8.93,3400,0
2016-06-22,20:10:00,8.94,8.94,8.92,8.925,9004,0
2016-06-22,20:15:00,8.93,8.93,8.92,8.92,7778,0
2016-06-22,20:20:00,8.925,8.95,8.925,8.945,22214,0
2016-06-22,20:25:00,8.95,8.95,8.935,8.935,8048,0
2016-06-22,20:30:00,8.93,8.94,8.93,8.94,1100,0
2016-06-22,20:35:00,8.935,8.94,8.93,8.94,2500,0
2016-06-22,20:40:00,8.93,8.94,8.93,8.94,5372,0
2016-06-22,20:45:00,8.94,8.94,8.93,8.93,10606,0
2016-06-22,20:50:00,8.93,8.93,8.91,8.917,28815,0
2016-06-22,20:55:00,8.915,8.9165,8.89,8.895,19542,0
2016-06-22,21:00:00,8.895,8.8952,8.89,8.895,6700,0
2016-06-22,21:05:00,8.895,8.905,8.89,8.9,146160,0
2016-06-22,21:10:00,8.895,8.9,8.89,8.89,5400,0
2016-06-22,21:15:00,8.895,8.9,8.89,8.9,5245,0
2016-06-22,21:20:00,8.89,8.9,8.89,8.9,6760,0
2016-06-22,21:25:00,8.895,8.9,8.89,8.895,9044,0
2016-06-22,21:30:00,8.9,8.9,8.88,8.88,31948,0
2016-06-22,21:35:00,8.885,8.89,8.88,8.885,9580,0
2016-06-22,21:40:00,8.89,8.89,8.88,8.88,6237,0
2016-06-22,21:45:00,8.89,8.89,8.88,8.88,10739,0
2016-06-22,21:50:00,8.885,8.8899,8.86,8.87,58263,0
2016-06-22,21:55:00,8.875,8.875,8.85,8.855,39995,0
2016-06-22,22:00:00,8.86,8.87,8.85,8.85,101545,0
2016-06-23,15:35:00,8.96,8.96,8.86,8.95,9777,0
2016-06-23,15:40:00,8.94,8.98,8.94,8.98,9577,0
2016-06-23,15:45:00,8.99,9,8.96,8.97,30853,0
2016-06-23,15:50:00,8.98,9.0099,8.98,9,17970,0
2016-06-23,15:55:00,9.01,9.01,8.985,8.995,15222,0
2016-06-23,16:00:00,9,9.05,8.9967,9.05,30841,0
2016-06-23,16:05:00,9.06,9.08,9.04,9.07,54861,0
2016-06-23,16:10:00,9.07,9.07,9.06,9.07,8682,0
2016-06-23,16:15:00,9.065,9.07,9.055,9.07,10400,0
2016-06-23,16:20:00,9.06,9.08,9.06,9.075,7963,0
2016-06-23,16:25:00,9.07,9.08,9.07,9.07,5945,0
2016-06-23,16:30:00,9.07,9.08,9.05,9.08,24250,0
2016-06-23,16:35:00,9.07,9.08,9.07,9.07,3112,0
2016-06-23,16:40:00,9.075,9.08,9.07,9.0701,2350,0
2016-06-23,16:45:00,9.07,9.1,9.07,9.1,19228,0
2016-06-23,16:50:00,9.1,9.12,9.1,9.11,25441,0
2016-06-23,16:55:00,9.105,9.11,9.1,9.11,3111,0
2016-06-23,17:00:00,9.1,9.115,9.1,9.115,8300,0
2016-06-23,17:05:00,9.12,9.14,9.115,9.135,22957,0
2016-06-23,17:10:00,9.13,9.13,9.1112,9.115,11639,0
2016-06-23,17:15:00,9.12,9.12,9.11,9.12,4660,0
2016-06-23,17:20:00,9.12,9.13,9.12,9.13,6990,0
2016-06-23,17:25:00,9.13,9.13,9.12,9.12,6459,0
2016-06-23,17:30:00,9.12,9.12,9.095,9.111,41433,0
2016-06-23,17:35:00,9.12,9.12,9.11,9.11,1900,0
2016-06-23,17:40:00,9.111,9.12,9.11,9.115,4429,0
2016-06-23,17:45:00,9.115,9.12,9.11,9.12,11720,0
2016-06-23,17:50:00,9.11,9.12,9.11,9.12,2030,0
2016-06-23,17:55:00,9.115,9.12,9.1,9.1,12500,0
2016-06-23,18:00:00,9.11,9.11,9.1,9.105,1200,0
2016-06-23,18:05:00,9.11,9.11,9.1,9.1,4300,0
2016-06-23,18:10:00,9.1033,9.11,9.1,9.11,2658,0
2016-06-23,18:15:00,9.105,9.11,9.1,9.1,5500,0
2016-06-23,18:20:00,9.105,9.11,9.1,9.1,3850,0
2016-06-23,18:25:00,9.1099,9.135,9.105,9.135,27932,0
2016-06-23,18:30:00,9.135,9.135,9.13,9.135,9110,0
2016-06-23,18:35:00,9.14,9.14,9.13,9.135,2700,0
2016-06-23,18:40:00,9.135,9.14,9.13,9.135,3346,0
2016-06-23,18:45:00,9.135,9.14,9.13,9.135,2300,0
2016-06-23,18:50:00,9.13,9.14,9.13,9.14,10596,0
2016-06-23,18:55:00,9.135,9.135,9.13,9.135,4200,0
2016-06-23,19:00:00,9.13,9.14,9.11,9.11,10034,0
2016-06-23,19:05:00,9.115,9.115,9.1,9.1,9699,0
2016-06-23,19:10:00,9.1,9.1099,9.09,9.09,13318,0
2016-06-23,19:15:00,9.095,9.11,9.09,9.0905,21443,0
2016-06-23,19:20:00,9.095,9.1,9.09,9.095,2200,0
2016-06-23,19:25:00,9.09,9.1,9.09,9.0989,1500,0
2016-06-23,19:30:00,9.1,9.1,9.09,9.09,3476,0
2016-06-23,19:35:00,9.1,9.1,9.09,9.09,10126,0
2016-06-23,19:40:00,9.0933,9.1,9.09,9.09,3479,0
2016-06-23,19:45:00,9.09,9.1,9.09,9.09,2100,0
2016-06-23,19:50:00,9.09,9.1,9.09,9.1,6700,0
2016-06-23,19:55:00,9.095,9.1,9.09,9.0938,2000,0
2016-06-23,20:00:00,9.1,9.1,9.09,9.09,4453,0
2016-06-23,20:05:00,9.095,9.1,9.09,9.09,1100,0
2016-06-23,20:10:00,9.09,9.1,9.09,9.095,6726,0
2016-06-23,20:15:00,9.095,9.1,9.09,9.095,10300,0
2016-06-23,20:20:00,9.095,9.1,9.09,9.09,9300,0
2016-06-23,20:25:00,9.09,9.1,9.07,9.07,15636,0
2016-06-23,20:30:00,9.08,9.08,9.07,9.075,3600,0
2016-06-23,20:35:00,9.075,9.09,9.07,9.08,26277,0
2016-06-23,20:40:00,9.085,9.09,9.08,9.0885,1300,0
2016-06-23,20:45:00,9.085,9.09,9.08,9.085,1700,0
2016-06-23,20:50:00,9.085,9.09,9.08,9.085,2552,0
2016-06-23,20:55:00,9.085,9.09,9.08,9.08,2900,0
2016-06-23,21:00:00,9.08,9.09,9.08,9.08,7800,0
2016-06-23,21:05:00,9.09,9.09,9.0801,9.09,17908,0
2016-06-23,21:10:00,9.09,9.1,9.09,9.095,25515,0
2016-06-23,21:15:00,9.1,9.12,9.095,9.115,17685,0
2016-06-23,21:20:00,9.115,9.12,9.11,9.12,9246,0
2016-06-23,21:25:00,9.115,9.12,9.1,9.105,21978,0
2016-06-23,21:30:00,9.105,9.11,9.1,9.1,12200,0
2016-06-23,21:35:00,9.105,9.11,9.1,9.105,49831,0
2016-06-23,21:40:00,9.11,9.11,9.1,9.1,12111,0
2016-06-23,21:45:00,9.11,9.14,9.1,9.14,42898,0
2016-06-23,21:50:00,9.14,9.14,9.13,9.13,13827,0
2016-06-23,21:55:00,9.135,9.17,9.13,9.15,92789,0
2016-06-23,22:00:00,9.15,9.1567,9.1,9.11,421360,0
2016-06-24,15:35:00,8.77,8.9299,8.76,8.82,50264,0
2016-06-24,15:40:00,8.81,8.89,8.8,8.8725,41607,0
2016-06-24,15:45:00,8.875,8.91,8.86,8.895,85677,0
2016-06-24,15:50:00,8.895,8.9,8.87,8.885,39915,0
2016-06-24,15:55:00,8.88,8.915,8.88,8.89,47139,0
2016-06-24,16:00:00,8.89,8.94,8.89,8.915,24280,0
2016-06-24,16:05:00,8.915,8.96,8.915,8.945,39591,0
2016-06-24,16:10:00,8.9439,8.97,8.94,8.956,12350,0
2016-06-24,16:15:00,8.955,8.96,8.95,8.96,10503,0
2016-06-24,16:20:00,8.955,8.955,8.91,8.91,26156,0
2016-06-24,16:25:00,8.913,8.93,8.895,8.925,27700,0
2016-06-24,16:30:00,8.92,8.965,8.92,8.9599,30357,0
2016-06-24,16:35:00,8.9525,8.965,8.94,8.94,43798,0
2016-06-24,16:40:00,8.94,8.98,8.94,8.98,30546,0
2016-06-24,16:45:00,8.975,8.98,8.95,8.975,25833,0
2016-06-24,16:50:00,8.976,8.98,8.97,8.9799,29859,0
2016-06-24,16:55:00,8.98,8.98,8.94,8.94,27423,0
2016-06-24,17:00:00,8.935,8.935,8.92,8.92,3400,0
2016-06-24,17:05:00,8.915,8.915,8.89,8.89,15360,0
2016-06-24,17:10:00,8.89,8.93,8.89,8.93,20300,0
2016-06-24,17:15:00,8.93,8.93,8.91,8.915,11968,0
2016-06-24,17:20:00,8.915,8.92,8.9008,8.91,27001,0
2016-06-24,17:25:00,8.9167,8.9167,8.9,8.9,11235,0
2016-06-24,17:30:00,8.9,8.9065,8.89,8.89,7935,0
2016-06-24,17:35:00,8.89,8.8965,8.89,8.89,5781,0
2016-06-24,17:40:00,8.88,8.9,8.88,8.8965,19733,0
2016-06-24,17:45:00,8.9,8.9,8.88,8.88,4887,0
2016-06-24,17:50:00,8.89,8.9,8.88,8.88,12011,0
2016-06-24,17:55:00,8.88,8.88,8.86,8.87,9108,0
2016-06-24,18:00:00,8.87,8.88,8.86,8.866,11612,0
2016-06-24,18:05:00,8.8639,8.87,8.86,8.865,4301,0
2016-06-24,18:10:00,8.865,8.87,8.85,8.855,15309,0
2016-06-24,18:15:00,8.86,8.865,8.85,8.86,8858,0
2016-06-24,18:20:00,8.85,8.86,8.85,8.855,1700,0
2016-06-24,18:25:00,8.856,8.86,8.85,8.8561,7114,0
2016-06-24,18:30:00,8.8599,8.88,8.8599,8.88,10430,0
2016-06-24,18:35:00,8.875,8.88,8.84,8.84,12254,0
2016-06-24,18:40:00,8.845,8.85,8.84,8.85,5312,0
2016-06-24,18:45:00,8.85,8.85,8.84,8.84,8270,0
2016-06-24,18:50:00,8.84,8.85,8.84,8.845,6049,0
2016-06-24,18:55:00,8.845,8.85,8.83,8.835,15789,0
2016-06-24,19:00:00,8.83,8.835,8.82,8.825,18818,0
2016-06-24,19:05:00,8.825,8.83,8.82,8.825,4085,0
2016-06-24,19:10:00,8.82,8.83,8.82,8.83,15334,0
2016-06-24,19:15:00,8.83,8.84,8.8227,8.84,10390,0
2016-06-24,19:20:00,8.84,8.85,8.835,8.845,22543,0
2016-06-24,19:25:00,8.85,8.85,8.845,8.85,5079,0
2016-06-24,19:30:00,8.85,8.86,8.84,8.8467,41094,0
2016-06-24,19:35:00,8.84,8.85,8.835,8.84,45145,0
2016-06-24,19:40:00,8.84,8.84,8.83,8.83,2700,0
2016-06-24,19:45:00,8.84,8.84,8.81,8.81,15600,0
2016-06-24,19:50:00,8.805,8.81,8.8,8.8,15754,0
2016-06-24,19:55:00,8.8,8.81,8.8,8.8099,14600,0
2016-06-24,20:00:00,8.805,8.81,8.8,8.805,4495,0
2016-06-24,20:05:00,8.805,8.81,8.8,8.805,4744,0
2016-06-24,20:10:00,8.805,8.81,8.8,8.805,3700,0
2016-06-24,20:15:00,8.805,8.81,8.8,8.805,8550,0
2016-06-24,20:20:00,8.805,8.81,8.8,8.803,11306,0
2016-06-24,20:25:00,8.81,8.81,8.8,8.805,22356,0
2016-06-24,20:30:00,8.8,8.81,8.8,8.805,7203,0
2016-06-24,20:35:00,8.805,8.81,8.78,8.785,35804,0
2016-06-24,20:40:00,8.78,8.7899,8.76,8.765,11896,0
2016-06-24,20:45:00,8.77,8.77,8.75,8.755,51847,0
2016-06-24,20:50:00,8.75,8.77,8.74,8.77,34717,0
2016-06-24,20:55:00,8.77,8.785,8.75,8.765,62482,0
2016-06-24,21:00:00,8.77,8.78,8.77,8.78,11600,0
2016-06-24,21:05:00,8.78,8.79,8.77,8.79,30700,0
2016-06-24,21:10:00,8.79,8.82,8.785,8.8,45482,0
2016-06-24,21:15:00,8.8,8.81,8.78,8.79,21396,0
2016-06-24,21:20:00,8.79,8.8,8.7799,8.7799,12716,0
2016-06-24,21:25:00,8.78,8.79,8.77,8.77,14700,0
2016-06-24,21:30:00,8.77,8.775,8.76,8.765,13315,0
2016-06-24,21:35:00,8.77,8.78,8.76,8.78,33994,0
2016-06-24,21:40:00,8.78,8.79,8.77,8.775,19061,0
2016-06-24,21:45:00,8.775,8.79,8.77,8.78,33393,0
2016-06-24,21:50:00,8.79,8.79,8.78,8.785,18914,0
2016-06-24,21:55:00,8.78,8.78,8.73,8.74,266264,0
2016-06-24,22:00:00,8.74,8.75,8.72,8.72,227556,0
2016-06-27,15:35:00,8.63,8.6499,8.58,8.61,41319,0
2016-06-27,15:40:00,8.61,8.61,8.54,8.5599,53470,0
2016-06-27,15:45:00,8.56,8.57,8.52,8.57,54697,0
2016-06-27,15:50:00,8.58,8.6,8.56,8.56,49352,0
2016-06-27,15:55:00,8.57,8.59,8.56,8.57,19563,0
2016-06-27,16:00:00,8.57,8.58,8.56,8.56,15643,0
2016-06-27,16:05:00,8.555,8.57,8.54,8.56,25705,0
2016-06-27,16:10:00,8.56,8.56,8.525,8.525,10625,0
2016-06-27,16:15:00,8.52,8.5294,8.51,8.51,26047,0
2016-06-27,16:20:00,8.51,8.5167,8.48,8.48,76331,0
2016-06-27,16:25:00,8.4801,8.52,8.48,8.49,67491,0
2016-06-27,16:30:00,8.49,8.495,8.46,8.46,22046,0
2016-06-27,16:35:00,8.46,8.47,8.45,8.47,26578,0
2016-06-27,16:40:00,8.475,8.5,8.475,8.49,23593,0
2016-06-27,16:45:00,8.49,8.5,8.47,8.475,32244,0
2016-06-27,16:50:00,8.47,8.47,8.42,8.43,46805,0
2016-06-27,16:55:00,8.43,8.43,8.41,8.41,8999,0
2016-06-27,17:00:00,8.4101,8.43,8.4,8.42,73661,0
2016-06-27,17:05:00,8.4133,8.45,8.4133,8.44,11407,0
2016-06-27,17:10:00,8.43,8.445,8.4,8.41,40284,0
2016-06-27,17:15:00,8.4099,8.41,8.39,8.3967,50129,0
2016-06-27,17:20:00,8.39,8.41,8.3801,8.4,16825,0
2016-06-27,17:25:00,8.41,8.41,8.38,8.39,18850,0
2016-06-27,17:30:00,8.38,8.44,8.38,8.44,28960,0
2016-06-27,17:35:00,8.44,8.46,8.44,8.45,29664,0
2016-06-27,17:40:00,8.44,8.45,8.44,8.4499,37161,0
2016-06-27,17:45:00,8.445,8.45,8.44,8.4469,23377,0
2016-06-27,17:50:00,8.4499,8.48,8.445,8.48,25500,0
2016-06-27,17:55:00,8.48,8.48,8.46,8.475,26579,0
2016-06-27,18:00:00,8.48,8.49,8.475,8.48,18493,0
2016-06-27,18:05:00,8.475,8.48,8.47,8.48,10822,0
2016-06-27,18:10:00,8.48,8.48,8.47,8.47,10116,0
2016-06-27,18:15:00,8.46,8.465,8.45,8.45,10200,0
2016-06-27,18:20:00,8.46,8.49,8.455,8.47,30522,0
2016-06-27,18:25:00,8.47,8.48,8.47,8.48,500,0
2016-06-27,18:30:00,8.48,8.5,8.48,8.4996,19281,0
2016-06-27,18:35:00,8.4999,8.5,8.48,8.49,23701,0
2016-06-27,18:40:00,8.48,8.49,8.48,8.48,2400,0
2016-06-27,18:45:00,8.48,8.48,8.47,8.4775,14889,0
2016-06-27,18:50:00,8.4725,8.48,8.47,8.48,7398,0
2016-06-27,18:55:00,8.48,8.495,8.475,8.475,22167,0
2016-06-27,19:00:00,8.475,8.49,8.475,8.485,14600,0
2016-06-27,19:05:00,8.4865,8.5,8.48,8.5,16938,0
2016-06-27,19:10:00,8.495,8.5,8.4901,8.4901,11208,0
2016-06-27,19:15:00,8.49,8.5,8.49,8.5,7028,0
2016-06-27,19:20:00,8.495,8.5,8.49,8.495,5750,0
2016-06-27,19:25:00,8.49,8.5,8.49,8.495,9800,0
2016-06-27,19:30:00,8.5,8.5,8.4901,8.5,8400,0
2016-06-27,19:35:00,8.5,8.5,8.47,8.48,20132,0
2016-06-27,19:40:00,8.475,8.4767,8.46,8.465,8447,0
2016-06-27,19:45:00,8.465,8.47,8.45,8.45,12612,0
2016-06-27,19:50:00,8.45,8.46,8.45,8.455,4523,0
2016-06-27,19:55:00,8.46,8.46,8.45,8.45,6200,0
2016-06-27,20:00:00,8.455,8.46,8.44,8.45,10727,0
2016-06-27,20:05:00,8.44,8.45,8.44,8.445,3833,0
2016-06-27,20:10:00,8.44,8.45,8.44,8.445,8600,0
2016-06-27,20:15:00,8.4401,8.45,8.42,8.42,24951,0
2016-06-27,20:20:00,8.4267,8.43,8.42,8.425,3000,0
2016-06-27,20:25:00,8.42,8.43,8.42,8.42,1900,0
2016-06-27,20:30:00,8.42,8.44,8.42,8.43,18847,0
2016-06-27,20:35:00,8.43,8.435,8.415,8.42,21596,0
2016-06-27,20:40:00,8.41,8.42,8.38,8.38,60558,0
2016-06-27,20:45:00,8.385,8.4,8.38,8.38,42823,0
2016-06-27,20:50:00,8.38,8.39,8.37,8.37,17173,0
2016-06-27,20:55:00,8.375,8.375,8.35,8.35,18515,0
2016-06-27,21:00:00,8.35,8.37,8.34,8.365,57879,0
2016-06-27,21:05:00,8.365,8.39,8.365,8.38,16000,0
2016-06-27,21:10:00,8.39,8.39,8.36,8.36,38814,0
2016-06-27,21:15:00,8.36,8.38,8.36,8.375,12762,0
2016-06-27,21:20:00,8.38,8.38,8.37,8.37,16535,0
2016-06-27,21:25:00,8.37,8.3767,8.35,8.35,33000,0
2016-06-27,21:30:00,8.355,8.37,8.35,8.365,27557,0
2016-06-27,21:35:00,8.36,8.38,8.36,8.38,23067,0
2016-06-27,21:40:00,8.38,8.38,8.37,8.38,50077,0
2016-06-27,21:45:00,8.37,8.38,8.36,8.36,19712,0
2016-06-27,21:50:00,8.36,8.39,8.36,8.385,256202,0
2016-06-27,21:55:00,8.385,8.39,8.38,8.385,38661,0
2016-06-27,22:00:00,8.39,8.39,8.37,8.38,269385,0
2016-06-28,15:35:00,8.5,8.61,8.4573,8.49,27159,0
2016-06-28,15:40:00,8.46,8.49,8.44,8.48,22809,0
2016-06-28,15:45:00,8.47,8.485,8.46,8.469,24450,0
2016-06-28,15:50:00,8.47,8.495,8.47,8.4759,27640,0
2016-06-28,15:55:00,8.48,8.48,8.465,8.475,10800,0
2016-06-28,16:00:00,8.47,8.485,8.47,8.48,10351,0
2016-06-28,16:05:00,8.49,8.5081,8.46,8.5,45907,0
2016-06-28,16:10:00,8.5,8.5,8.45,8.4599,10700,0
2016-06-28,16:15:00,8.45,8.47,8.45,8.47,12480,0
2016-06-28,16:20:00,8.47,8.48,8.47,8.47,4100,0
2016-06-28,16:25:00,8.4799,8.48,8.455,8.455,7900,0
2016-06-28,16:30:00,8.46,8.465,8.45,8.46,8200,0
2016-06-28,16:35:00,8.4562,8.4738,8.45,8.46,5646,0
2016-06-28,16:40:00,8.451,8.46,8.44,8.44,21362,0
2016-06-28,16:45:00,8.44,8.44,8.42,8.44,12376,0
2016-06-28,16:50:00,8.4301,8.45,8.43,8.43,11991,0
2016-06-28,16:55:00,8.44,8.44,8.43,8.44,4755,0
2016-06-28,17:00:00,8.435,8.44,8.43,8.44,15018,0
2016-06-28,17:05:00,8.4344,8.435,8.4,8.4,9467,0
2016-06-28,17:10:00,8.4,8.4299,8.4,8.41,19475,0
2016-06-28,17:15:00,8.405,8.41,8.4,8.4,8423,0
2016-06-28,17:20:00,8.395,8.41,8.39,8.41,2905,0
2016-06-28,17:25:00,8.405,8.41,8.39,8.39,9347,0
2016-06-28,17:30:00,8.39,8.4,8.39,8.39,12909,0
2016-06-28,17:35:00,8.4,8.41,8.39,8.41,7800,0
2016-06-28,17:40:00,8.41,8.43,8.41,8.42,11900,0
2016-06-28,17:45:00,8.41,8.42,8.41,8.4165,9970,0
2016-06-28,17:50:00,8.42,8.43,8.42,8.4272,4100,0
2016-06-28,17:55:00,8.425,8.435,8.42,8.435,3869,0
2016-06-28,18:00:00,8.44,8.44,8.435,8.44,770,0
2016-06-28,18:05:00,8.44,8.45,8.43,8.45,8200,0
2016-06-28,18:10:00,8.45,8.45,8.445,8.45,1400,0
2016-06-28,18:15:00,8.45,8.45,8.445,8.45,2100,0
2016-06-28,18:20:00,8.45,8.45,8.43,8.4361,9047,0
2016-06-28,18:25:00,8.434,8.44,8.42,8.43,12239,0
2016-06-28,18:30:00,8.42,8.43,8.42,8.43,2600,0
2016-06-28,18:35:00,8.425,8.44,8.425,8.435,12929,0
2016-06-28,18:40:00,8.44,8.45,8.435,8.45,8100,0
2016-06-28,18:45:00,8.45,8.46,8.4499,8.458,5452,0
2016-06-28,18:50:00,8.4599,8.46,8.4599,8.46,4936,0
2016-06-28,18:55:00,8.46,8.47,8.46,8.47,4400,0
2016-06-28,19:00:00,8.47,8.475,8.46,8.47,12008,0
2016-06-28,19:05:00,8.465,8.47,8.464,8.47,4900,0
2016-06-28,19:10:00,8.47,8.47,8.45,8.47,19662,0
2016-06-28,19:15:00,8.465,8.49,8.465,8.485,11115,0
2016-06-28,19:20:00,8.485,8.49,8.46,8.46,10684,0
2016-06-28,19:25:00,8.465,8.47,8.45,8.4559,7899,0
2016-06-28,19:30:00,8.4548,8.47,8.45,8.45,11637,0
2016-06-28,19:35:00,8.45,8.469,8.45,8.4565,9445,0
2016-06-28,19:40:00,8.46,8.46,8.4567,8.46,6999,0
2016-06-28,19:45:00,8.4577,8.47,8.4577,8.47,3957,0
2016-06-28,19:50:00,8.465,8.47,8.465,8.465,2127,0
2016-06-28,19:55:00,8.465,8.47,8.46,8.4699,2918,0
2016-06-28,20:00:00,8.465,8.48,8.465,8.479,15032,0
2016-06-28,20:05:00,8.48,8.49,8.475,8.475,15668,0
2016-06-28,20:10:00,8.475,8.475,8.46,8.465,3242,0
2016-06-28,20:15:00,8.465,8.465,8.455,8.4599,5489,0
2016-06-28,20:20:00,8.4599,8.47,8.455,8.465,6438,0
2016-06-28,20:25:00,8.47,8.47,8.465,8.47,1800,0
2016-06-28,20:30:00,8.47,8.47,8.465,8.47,6000,0
2016-06-28,20:35:00,8.47,8.49,8.4635,8.485,8189,0
2016-06-28,20:40:00,8.49,8.51,8.485,8.495,14543,0
2016-06-28,20:45:00,8.4965,8.5,8.4933,8.4933,8200,0
2016-06-28,20:50:00,8.495,8.5,8.4933,8.5,9600,0
2016-06-28,20:55:00,8.5,8.51,8.5,8.51,4922,0
2016-06-28,21:00:00,8.51,8.52,8.51,8.52,5875,0
2016-06-28,21:05:00,8.515,8.52,8.515,8.515,2900,0
2016-06-28,21:10:00,8.52,8.52,8.505,8.51,12888,0
2016-06-28,21:15:00,8.51,8.52,8.501,8.515,6580,0
2016-06-28,21:20:00,8.52,8.52,8.48,8.48,21230,0
2016-06-28,21:25:00,8.48,8.49,8.47,8.475,23275,0
2016-06-28,21:30:00,8.48,8.485,8.46,8.465,24123,0
2016-06-28,21:35:00,8.47,8.48,8.465,8.47,21941,0
2016-06-28,21:40:00,8.465,8.49,8.46,8.485,17669,0
2016-06-28,21:45:00,8.49,8.5,8.485,8.5,12943,0
2016-06-28,21:50:00,8.5,8.5,8.49,8.5,23939,0
2016-06-28,21:55:00,8.5,8.51,8.48,8.485,42090,0
2016-06-28,22:00:00,8.485,8.49,8.48,8.49,248859,0
2016-06-29,15:35:00,8.6,8.62,8.58,8.58,19054,0
2016-06-29,15:40:00,8.58,8.59,8.52,8.53,17507,0
2016-06-29,15:45:00,8.53,8.54,8.52,8.5215,17077,0
2016-06-29,15:50:00,8.53,8.57,8.52,8.57,13319,0
2016-06-29,15:55:00,8.56,8.57,8.56,8.565,4945,0
2016-06-29,16:00:00,8.5639,8.61,8.56,8.6,53661,0
2016-06-29,16:05:00,8.595,8.595,8.57,8.575,18678,0
2016-06-29,16:10:00,8.57,8.59,8.56,8.57,10003,0
2016-06-29,16:15:00,8.57,8.575,8.56,8.56,8152,0
2016-06-29,16:20:00,8.57,8.57,8.56,8.57,1900,0
2016-06-29,16:25:00,8.57,8.58,8.57,8.575,13500,0
2016-06-29,16:30:00,8.57,8.58,8.57,8.575,4054,0
2016-06-29,16:35:00,8.57,8.595,8.56,8.57,13653,0
2016-06-29,16:40:00,8.565,8.565,8.55,8.56,13787,0
2016-06-29,16:45:00,8.56,8.57,8.55,8.56,8035,0
2016-06-29,16:50:00,8.56,8.57,8.55,8.565,7300,0
2016-06-29,16:55:00,8.566,8.575,8.56,8.565,20632,0
2016-06-29,17:00:00,8.56,8.5699,8.55,8.56,16378,0
2016-06-29,17:05:00,8.57,8.59,8.57,8.59,8500,0
2016-06-29,17:10:00,8.58,8.58,8.57,8.57,9365,0
2016-06-29,17:15:00,8.5767,8.59,8.57,8.58,6911,0
2016-06-29,17:20:00,8.585,8.585,8.57,8.57,5600,0
2016-06-29,17:25:00,8.5701,8.59,8.57,8.57,7051,0
2016-06-29,17:30:00,8.56,8.58,8.56,8.58,5791,0
2016-06-29,17:35:00,8.58,8.59,8.57,8.59,8700,0
2016-06-29,17:40:00,8.5856,8.6,8.58,8.5934,12664,0
2016-06-29,17:45:00,8.5901,8.61,8.59,8.6,9852,0
2016-06-29,17:50:00,8.6,8.61,8.59,8.61,6777,0
2016-06-29,17:55:00,8.6,8.6185,8.6,8.6155,5950,0
2016-06-29,18:00:00,8.615,8.62,8.61,8.61,4971,0
2016-06-29,18:05:00,8.6,8.61,8.6,8.6,1125,0
2016-06-29,18:10:00,8.6,8.61,8.6,8.6,3007,0
2016-06-29,18:15:00,8.607,8.61,8.59,8.61,7835,0
2016-06-29,18:20:00,8.6,8.605,8.6,8.605,300,0
2016-06-29,18:25:00,8.61,8.61,8.6,8.6,1500,0
2016-06-29,18:30:00,8.605,8.6067,8.6,8.605,2100,0
2016-06-29,18:35:00,8.605,8.609,8.605,8.605,1200,0
2016-06-29,18:40:00,8.6071,8.61,8.6,8.605,2900,0
2016-06-29,18:45:00,8.605,8.62,8.6,8.61,14512,0
2016-06-29,18:50:00,8.61,8.615,8.6,8.61,3100,0
2016-06-29,18:55:00,8.605,8.615,8.601,8.615,13534,0
2016-06-29,19:00:00,8.6067,8.61,8.6,8.605,4100,0
2016-06-29,19:05:00,8.61,8.64,8.61,8.6268,26739,0
2016-06-29,19:10:00,8.63,8.63,8.62,8.62,1200,0
2016-06-29,19:15:00,8.61,8.61,8.6,8.6,2300,0
2016-06-29,19:20:00,8.61,8.62,8.605,8.6101,7800,0
2016-06-29,19:25:00,8.61,8.615,8.61,8.61,600,0
2016-06-29,19:30:00,8.615,8.63,8.615,8.625,5203,0
2016-06-29,19:35:00,8.625,8.625,8.615,8.625,7624,0
2016-06-29,19:40:00,8.63,8.63,8.61,8.617,3000,0
2016-06-29,19:45:00,8.62,8.62,8.61,8.61,1700,0
2016-06-29,19:50:00,8.61,8.62,8.61,8.615,900,0
2016-06-29,19:55:00,8.61,8.62,8.61,8.62,2000,0
2016-06-29,20:00:00,8.615,8.63,8.61,8.62,7100,0
2016-06-29,20:05:00,8.625,8.63,8.62,8.62,3960,0
2016-06-29,20:10:00,8.63,8.66,8.63,8.66,14324,0
2016-06-29,20:15:00,8.66,8.67,8.66,8.66,14097,0
2016-06-29,20:20:00,8.653,8.66,8.63,8.63,3655,0
2016-06-29,20:25:00,8.64,8.65,8.64,8.65,6333,0
2016-06-29,20:30:00,8.655,8.655,8.65,8.65,1400,0
2016-06-29,20:35:00,8.655,8.67,8.65,8.66,8067,0
2016-06-29,20:40:00,8.66,8.66,8.65,8.65,3538,0
2016-06-29,20:45:00,8.65,8.655,8.65,8.65,1600,0
2016-06-29,20:50:00,8.65,8.658,8.64,8.64,6159,0
2016-06-29,20:55:00,8.64,8.65,8.64,8.64,2000,0
2016-06-29,21:00:00,8.64,8.655,8.64,8.655,9712,0
2016-06-29,21:05:00,8.66,8.67,8.65,8.655,11660,0
2016-06-29,21:10:00,8.6565,8.67,8.655,8.66,13684,0
2016-06-29,21:15:00,8.66,8.68,8.66,8.68,6780,0
2016-06-29,21:20:00,8.67,8.68,8.66,8.67,7381,0
2016-06-29,21:25:00,8.67,8.67,8.65,8.65,11410,0
2016-06-29,21:30:00,8.65,8.685,8.65,8.685,18886,0
2016-06-29,21:35:00,8.67,8.68,8.66,8.66,10624,0
2016-06-29,21:40:00,8.67,8.67,8.66,8.66,6614,0
2016-06-29,21:45:00,8.67,8.67,8.66,8.66,10754,0
2016-06-29,21:50:00,8.66,8.67,8.66,8.67,6592,0
2016-06-29,21:55:00,8.67,8.68,8.665,8.67,44968,0
2016-06-29,22:00:00,8.67,8.68,8.67,8.68,95596,0
2016-06-30,15:35:00,8.66,8.694,8.64,8.64,26002,0
2016-06-30,15:40:00,8.65,8.6599,8.6,8.6,28384,0
2016-06-30,15:45:00,8.6,8.6,8.54,8.54,25864,0
2016-06-30,15:50:00,8.53,8.56,8.53,8.55,23861,0
2016-06-30,15:55:00,8.54,8.545,8.5,8.515,15997,0
2016-06-30,16:00:00,8.5101,8.545,8.51,8.53,31060,0
2016-06-30,16:05:00,8.535,8.57,8.535,8.55,12363,0
2016-06-30,16:10:00,8.555,8.57,8.55,8.565,5184,0
2016-06-30,16:15:00,8.57,8.58,8.55,8.555,21977,0
2016-06-30,16:20:00,8.555,8.56,8.54,8.54,13395,0
2016-06-30,16:25:00,8.54,8.55,8.495,8.5,39171,0
2016-06-30,16:30:00,8.495,8.5,8.48,8.49,14760,0
2016-06-30,16:35:00,8.49,8.51,8.49,8.51,17198,0
2016-06-30,16:40:00,8.51,8.51,8.49,8.5,9267,0
2016-06-30,16:45:00,8.5,8.5,8.48,8.5,15111,0
2016-06-30,16:50:00,8.51,8.51,8.5,8.5,5692,0
2016-06-30,16:55:00,8.505,8.51,8.5,8.51,2400,0
2016-06-30,17:00:00,8.5,8.52,8.5,8.52,6200,0
2016-06-30,17:05:00,8.515,8.53,8.515,8.53,10600,0
2016-06-30,17:10:00,8.53,8.555,8.53,8.555,8500,0
2016-06-30,17:15:00,8.555,8.56,8.54,8.555,13878,0
2016-06-30,17:20:00,8.55,8.5551,8.535,8.55,13416,0
2016-06-30,17:25:00,8.55,8.57,8.55,8.57,14200,0
2016-06-30,17:30:00,8.57,8.59,8.56,8.585,15582,0
2016-06-30,17:35:00,8.585,8.615,8.57,8.575,18191,0
2016-06-30,17:40:00,8.575,8.58,8.555,8.565,18103,0
2016-06-30,17:45:00,8.565,8.58,8.56,8.58,5000,0
2016-06-30,17:50:00,8.575,8.58,8.57,8.58,1600,0
2016-06-30,17:55:00,8.57,8.59,8.57,8.59,22487,0
2016-06-30,18:00:00,8.58,8.59,8.575,8.585,7674,0
2016-06-30,18:05:00,8.585,8.59,8.575,8.575,7200,0
2016-06-30,18:10:00,8.57,8.585,8.57,8.57,26377,0
2016-06-30,18:15:00,8.58,8.59,8.58,8.585,4127,0
2016-06-30,18:20:00,8.59,8.6,8.59,8.59,5100,0
2016-06-30,18:25:00,8.59,8.6,8.59,8.595,700,0
2016-06-30,18:30:00,8.599,8.6,8.59,8.595,4089,0
2016-06-30,18:35:00,8.595,8.62,8.595,8.618,8403,0
2016-06-30,18:40:00,8.61,8.635,8.6,8.63,21205,0
2016-06-30,18:45:00,8.635,8.65,8.635,8.64,1814,0
2016-06-30,18:50:00,8.635,8.64,8.63,8.63,8600,0
2016-06-30,18:55:00,8.64,8.655,8.625,8.625,10151,0
2016-06-30,19:00:00,8.625,8.63,8.61,8.62,8400,0
2016-06-30,19:05:00,8.62,8.64,8.62,8.6336,6613,0
2016-06-30,19:10:00,8.634,8.64,8.62,8.625,17621,0
2016-06-30,19:15:00,8.62,8.63,8.62,8.62,12488,0
2016-06-30,19:20:00,8.62,8.625,8.62,8.62,3000,0
2016-06-30,19:25:00,8.62,8.629,8.61,8.6175,12410,0
2016-06-30,19:30:00,8.619,8.625,8.61,8.625,12860,0
2016-06-30,19:35:00,8.62,8.628,8.61,8.615,7347,0
2016-06-30,19:40:00,8.61,8.63,8.61,8.62,7200,0
2016-06-30,19:45:00,8.62,8.627,8.61,8.625,9418,0
2016-06-30,19:50:00,8.62,8.6295,8.61,8.61,6646,0
2016-06-30,19:55:00,8.615,8.62,8.61,8.61,2400,0
2016-06-30,20:00:00,8.61,8.6167,8.61,8.61,6343,0
2016-06-30,20:05:00,8.61,8.62,8.61,8.61,1516,0
2016-06-30,20:10:00,8.61,8.635,8.61,8.62,11541,0
2016-06-30,20:15:00,8.625,8.625,8.62,8.62,2265,0
2016-06-30,20:20:00,8.62,8.64,8.62,8.635,3851,0
2016-06-30,20:25:00,8.63,8.65,8.63,8.65,6300,0
2016-06-30,20:30:00,8.64,8.65,8.62,8.625,16551,0
2016-06-30,20:35:00,8.625,8.63,8.62,8.63,2000,0
2016-06-30,20:40:00,8.62,8.63,8.62,8.625,3447,0
2016-06-30,20:45:00,8.6265,8.63,8.62,8.63,6610,0
2016-06-30,20:50:00,8.63,8.63,8.62,8.625,1900,0
2016-06-30,20:55:00,8.63,8.64,8.625,8.635,6750,0
2016-06-30,21:00:00,8.6382,8.65,8.6382,8.65,10892,0
2016-06-30,21:05:00,8.65,8.65,8.645,8.645,1800,0
2016-06-30,21:10:00,8.645,8.665,8.645,8.6593,23921,0
2016-06-30,21:15:00,8.655,8.66,8.65,8.655,3100,0
2016-06-30,21:20:00,8.655,8.655,8.63,8.63,23870,0
2016-06-30,21:25:00,8.63,8.6367,8.62,8.63,13610,0
2016-06-30,21:30:00,8.6201,8.64,8.6201,8.635,5850,0
2016-06-30,21:35:00,8.635,8.65,8.63,8.65,10325,0
2016-06-30,21:40:00,8.65,8.65,8.64,8.65,6839,0
2016-06-30,21:45:00,8.65,8.65,8.64,8.64,22994,0
2016-06-30,21:50:00,8.645,8.645,8.63,8.64,14545,0
2016-06-30,21:55:00,8.64,8.67,8.635,8.67,41835,0
2016-06-30,22:00:00,8.67,8.71,8.66,8.71,376765,0
2016-07-01,15:35:00,8.69,8.72,8.62,8.65,21313,0
2016-07-01,15:40:00,8.65,8.6663,8.64,8.65,13152,0
2016-07-01,15:45:00,8.65,8.67,8.65,8.6699,9743,0
2016-07-01,15:50:00,8.66,8.66,8.64,8.655,17270,0
2016-07-01,15:55:00,8.66,8.66,8.65,8.66,16050,0
2016-07-01,16:00:00,8.665,8.67,8.63,8.635,20872,0
2016-07-01,16:05:00,8.65,8.67,8.65,8.67,9500,0
2016-07-01,16:10:00,8.67,8.685,8.6601,8.6601,13590,0
2016-07-01,16:15:00,8.665,8.68,8.66,8.675,3300,0
2016-07-01,16:20:00,8.68,8.68,8.66,8.66,22306,0
2016-07-01,16:25:00,8.66,8.67,8.65,8.65,29100,0
2016-07-01,16:30:00,8.65,8.6567,8.65,8.65,2148,0
2016-07-01,16:35:00,8.65,8.66,8.64,8.64,8985,0
2016-07-01,16:40:00,8.65,8.66,8.64,8.66,7500,0
2016-07-01,16:45:00,8.66,8.67,8.65,8.67,9815,0
2016-07-01,16:50:00,8.6667,8.67,8.66,8.66,1000,0
2016-07-01,16:55:00,8.662,8.662,8.655,8.655,2445,0
2016-07-01,17:00:00,8.66,8.67,8.65,8.67,8977,0
2016-07-01,17:05:00,8.67,8.68,8.665,8.675,5400,0
2016-07-01,17:10:00,8.675,8.68,8.665,8.6696,8925,0
2016-07-01,17:15:00,8.67,8.68,8.64,8.65,22697,0
2016-07-01,17:20:00,8.65,8.65,8.63,8.63,4000,0
2016-07-01,17:25:00,8.64,8.64,8.61,8.61,10400,0
2016-07-01,17:30:00,8.61,8.62,8.61,8.616,4455,0
2016-07-01,17:35:00,8.615,8.625,8.61,8.62,7900,0
2016-07-01,17:40:00,8.6163,8.62,8.61,8.61,3797,0
2016-07-01,17:45:00,8.61,8.62,8.61,8.6189,1660,0
2016-07-01,17:50:00,8.6138,8.62,8.61,8.62,3010,0
2016-07-01,17:55:00,8.61,8.62,8.61,8.62,2216,0
2016-07-01,18:00:00,8.61,8.62,8.61,8.62,1400,0
2016-07-01,18:05:00,8.615,8.62,8.6,8.6,5050,0
2016-07-01,18:10:00,8.6,8.61,8.6,8.605,6345,0
2016-07-01,18:15:00,8.61,8.63,8.605,8.63,16311,0
2016-07-01,18:20:00,8.62,8.63,8.61,8.61,5299,0
2016-07-01,18:25:00,8.61,8.61,8.6,8.605,7537,0
2016-07-01,18:30:00,8.605,8.61,8.6,8.605,2887,0
2016-07-01,18:35:00,8.605,8.61,8.6,8.61,1450,0
2016-07-01,18:40:00,8.6093,8.61,8.6,8.6,1600,0
2016-07-01,18:45:00,8.6,8.61,8.6,8.6089,2500,0
2016-07-01,18:50:00,8.605,8.61,8.6,8.61,2700,0
2016-07-01,18:55:00,8.61,8.61,8.6,8.61,4800,0
2016-07-01,19:00:00,8.605,8.625,8.6,8.6138,17771,0
2016-07-01,19:05:00,8.61,8.61,8.6,8.61,8700,0
2016-07-01,19:10:00,8.605,8.61,8.6,8.61,1029,0
2016-07-01,19:15:00,8.61,8.61,8.6,8.6,5100,0
2016-07-01,19:20:00,8.605,8.61,8.6,8.605,5200,0
2016-07-01,19:25:00,8.6093,8.61,8.6,8.61,4279,0
2016-07-01,19:30:00,8.605,8.61,8.59,8.595,21856,0
2016-07-01,19:35:00,8.59,8.61,8.59,8.61,10550,0
2016-07-01,19:40:00,8.61,8.61,8.59,8.59,4399,0
2016-07-01,19:45:00,8.59,8.5993,8.59,8.59,1715,0
2016-07-01,19:50:00,8.59,8.61,8.59,8.61,16317,0
2016-07-01,19:55:00,8.6,8.61,8.6,8.6,1200,0
2016-07-01,20:00:00,8.6,8.6,8.59,8.5985,6171,0
2016-07-01,20:05:00,8.6,8.6,8.59,8.59,4708,0
2016-07-01,20:10:00,8.595,8.5992,8.59,8.59,2790,0
2016-07-01,20:15:00,8.5968,8.5989,8.59,8.59,2882,0
2016-07-01,20:20:00,8.59,8.5989,8.59,8.5989,900,0
2016-07-01,20:25:00,8.595,8.6,8.59,8.6,1670,0
2016-07-01,20:30:00,8.595,8.6,8.59,8.6,1916,0
2016-07-01,20:35:00,8.59,8.6,8.58,8.58,11337,0
2016-07-01,20:40:00,8.5872,8.5872,8.57,8.57,14451,0
2016-07-01,20:45:00,8.58,8.58,8.57,8.57,1000,0
2016-07-01,20:50:00,8.57,8.5789,8.57,8.57,2000,0
2016-07-01,20:55:00,8.57,8.58,8.57,8.57,15769,0
2016-07-01,21:00:00,8.57,8.5792,8.57,8.575,2660,0
2016-07-01,21:05:00,8.57,8.58,8.57,8.5799,4682,0
2016-07-01,21:10:00,8.57,8.5899,8.57,8.585,15098,0
2016-07-01,21:15:00,8.5885,8.59,8.58,8.586,7280,0
2016-07-01,21:20:00,8.58,8.59,8.58,8.58,4662,0
2016-07-01,21:25:00,8.58,8.59,8.58,8.585,3700,0
2016-07-01,21:30:00,8.59,8.59,8.57,8.57,5979,0
2016-07-01,21:35:00,8.57,8.59,8.57,8.57,29905,0
2016-07-01,21:40:00,8.575,8.58,8.56,8.57,8984,0
2016-07-01,21:45:00,8.565,8.58,8.56,8.57,26180,0
2016-07-01,21:50:00,8.58,8.58,8.57,8.58,6778,0
2016-07-01,21:55:00,8.58,8.58,8.57,8.58,27472,0
2016-07-01,22:00:00,8.58,8.58,8.56,8.58,203854,0
2016-07-05,15:35:00,8.56,8.56,8.47,8.47,24509,0
2016-07-05,15:40:00,8.48,8.495,8.45,8.475,21455,0
2016-07-05,15:45:00,8.47,8.48,8.41,8.42,35556,0
2016-07-05,15:50:00,8.42,8.42,8.39,8.4,28855,0
2016-07-05,15:55:00,8.39,8.4,8.39,8.39,7600,0
2016-07-05,16:00:00,8.395,8.4,8.38,8.38,5899,0
2016-07-05,16:05:00,8.38,8.39,8.37,8.37,17921,0
2016-07-05,16:10:00,8.38,8.38,8.32,8.32,24875,0
2016-07-05,16:15:00,8.32,8.344,8.31,8.34,35549,0
2016-07-05,16:20:00,8.33,8.335,8.27,8.27,43583,0
2016-07-05,16:25:00,8.27,8.3,8.26,8.285,46602,0
2016-07-05,16:30:00,8.29,8.31,8.285,8.31,28526,0
2016-07-05,16:35:00,8.32,8.35,8.32,8.3437,21909,0
2016-07-05,16:40:00,8.345,8.35,8.34,8.34,16364,0
2016-07-05,16:45:00,8.34,8.36,8.335,8.35,41743,0
2016-07-05,16:50:00,8.34,8.345,8.31,8.315,22717,0
2016-07-05,16:55:00,8.31,8.31,8.295,8.3,35909,0
2016-07-05,17:00:00,8.3,8.309,8.295,8.3,16807,0
2016-07-05,17:05:00,8.31,8.31,8.29,8.31,13383,0
2016-07-05,17:10:00,8.3082,8.32,8.3,8.32,9009,0
2016-07-05,17:15:00,8.32,8.32,8.28,8.28,14040,0
2016-07-05,17:20:00,8.285,8.31,8.285,8.3,17278,0
2016-07-05,17:25:00,8.31,8.32,8.3,8.31,7992,0
2016-07-05,17:30:00,8.31,8.32,8.3,8.3,6917,0
2016-07-05,17:35:00,8.3,8.31,8.3,8.3,14202,0
2016-07-05,17:40:00,8.3,8.305,8.3,8.3025,4400,0
2016-07-05,17:45:00,8.305,8.31,8.29,8.29,17244,0
2016-07-05,17:50:00,8.2993,8.2993,8.275,8.275,20736,0
2016-07-05,17:55:00,8.2766,8.2766,8.26,8.26,3770,0
2016-07-05,18:00:00,8.265,8.28,8.26,8.275,12522,0
2016-07-05,18:05:00,8.275,8.3,8.27,8.3,13605,0
2016-07-05,18:10:00,8.3,8.3,8.29,8.295,5427,0
2016-07-05,18:15:00,8.3,8.3,8.28,8.28,6576,0
2016-07-05,18:20:00,8.28,8.29,8.28,8.28,2498,0
2016-07-05,18:25:00,8.29,8.29,8.28,8.28,1500,0
2016-07-05,18:30:00,8.28,8.31,8.28,8.305,58068,0
2016-07-05,18:35:00,8.305,8.31,8.3,8.3067,2334,0
2016-07-05,18:40:00,8.305,8.31,8.3,8.3,2890,0
2016-07-05,18:45:00,8.305,8.31,8.29,8.29,19948,0
2016-07-05,18:50:00,8.29,8.2999,8.29,8.29,1742,0
2016-07-05,18:55:00,8.29,8.29,8.285,8.29,12105,0
2016-07-05,19:00:00,8.29,8.3,8.29,8.29,2309,0
2016-07-05,19:05:00,8.295,8.2999,8.29,8.29,3875,0
2016-07-05,19:10:00,8.295,8.295,8.29,8.29,2000,0
2016-07-05,19:15:00,8.29,8.3,8.28,8.28,10404,0
2016-07-05,19:20:00,8.28,8.29,8.28,8.28,6900,0
2016-07-05,19:25:00,8.28,8.29,8.28,8.28,11368,0
2016-07-05,19:30:00,8.28,8.29,8.28,8.28,4463,0
2016-07-05,19:35:00,8.29,8.29,8.28,8.28,6586,0
2016-07-05,19:40:00,8.28,8.29,8.28,8.28,6313,0
2016-07-05,19:45:00,8.28,8.29,8.25,8.25,52607,0
2016-07-05,19:50:00,8.255,8.27,8.25,8.265,26580,0
2016-07-05,19:55:00,8.26,8.27,8.26,8.26,3772,0
2016-07-05,20:00:00,8.27,8.27,8.26,8.26,3660,0
2016-07-05,20:05:00,8.26,8.27,8.26,8.26,6800,0
2016-07-05,20:10:00,8.27,8.29,8.26,8.28,28766,0
2016-07-05,20:15:00,8.29,8.31,8.28,8.31,29300,0
2016-07-05,20:20:00,8.31,8.32,8.3,8.32,13261,0
2016-07-05,20:25:00,8.32,8.32,8.3,8.3,25977,0
2016-07-05,20:30:00,8.3,8.3099,8.3,8.3,5877,0
2016-07-05,20:35:00,8.3,8.3,8.29,8.29,9900,0
2016-07-05,20:40:00,8.29,8.2965,8.29,8.29,7263,0
2016-07-05,20:45:00,8.29,8.29,8.28,8.28,10753,0
2016-07-05,20:50:00,8.28,8.2896,8.28,8.285,20061,0
2016-07-05,20:55:00,8.285,8.2899,8.28,8.28,16364,0
2016-07-05,21:00:00,8.28,8.29,8.28,8.28,13521,0
2016-07-05,21:05:00,8.28,8.29,8.275,8.28,16416,0
2016-07-05,21:10:00,8.27,8.28,8.27,8.27,32148,0
2016-07-05,21:15:00,8.27,8.28,8.27,8.27,28291,0
2016-07-05,21:20:00,8.275,8.29,8.27,8.29,25624,0
2016-07-05,21:25:00,8.2865,8.29,8.27,8.27,39060,0
2016-07-05,21:30:00,8.27,8.3,8.27,8.299,30048,0
2016-07-05,21:35:00,8.29,8.31,8.29,8.3,38839,0
2016-07-05,21:40:00,8.305,8.33,8.304,8.325,36991,0
2016-07-05,21:45:00,8.325,8.34,8.32,8.33,68416,0
2016-07-05,21:50:00,8.335,8.34,8.3,8.31,125447,0
2016-07-05,21:55:00,8.31,8.32,8.29,8.3,93754,0
2016-07-05,22:00:00,8.31,8.31,8.3,8.3,137456,0
2016-07-06,15:35:00,8.24,8.32,8.18,8.265,31358,0
2016-07-06,15:40:00,8.2665,8.27,8.26,8.26,8978,0
2016-07-06,15:45:00,8.265,8.28,8.255,8.28,59655,0
2016-07-06,15:50:00,8.28,8.28,8.2689,8.27,13849,0
2016-07-06,15:55:00,8.265,8.29,8.265,8.29,17617,0
2016-07-06,16:00:00,8.285,8.308,8.28,8.295,22486,0
2016-07-06,16:05:00,8.29,8.35,8.29,8.3,28774,0
2016-07-06,16:10:00,8.29,8.29,8.26,8.28,17708,0
2016-07-06,16:15:00,8.28,8.28,8.27,8.2765,3174,0
2016-07-06,16:20:00,8.275,8.28,8.253,8.253,3225,0
2016-07-06,16:25:00,8.2565,8.26,8.24,8.25,5672,0
2016-07-06,16:30:00,8.26,8.275,8.25,8.255,16652,0
2016-07-06,16:35:00,8.26,8.26,8.245,8.2499,3002,0
2016-07-06,16:40:00,8.25,8.265,8.25,8.26,13169,0
2016-07-06,16:45:00,8.26,8.265,8.255,8.26,14500,0
2016-07-06,16:50:00,8.25,8.28,8.25,8.2701,27281,0
2016-07-06,16:55:00,8.28,8.28,8.254,8.259,16620,0
2016-07-06,17:00:00,8.26,8.28,8.2567,8.28,10550,0
2016-07-06,17:05:00,8.285,8.3,8.28,8.29,24668,0
2016-07-06,17:10:00,8.29,8.305,8.29,8.3,25026,0
2016-07-06,17:15:00,8.3,8.305,8.29,8.29,26474,0
2016-07-06,17:20:00,8.2965,8.2965,8.29,8.29,5166,0
2016-07-06,17:25:00,8.295,8.295,8.29,8.295,4600,0
2016-07-06,17:30:00,8.29,8.3,8.29,8.295,3550,0
2016-07-06,17:35:00,8.29,8.2999,8.28,8.28,8202,0
2016-07-06,17:40:00,8.28,8.2899,8.28,8.28,4200,0
2016-07-06,17:45:00,8.285,8.29,8.27,8.28,21751,0
2016-07-06,17:50:00,8.275,8.28,8.2701,8.2701,1638,0
2016-07-06,17:55:00,8.28,8.3,8.27,8.29,24959,0
2016-07-06,18:00:00,8.3,8.3,8.2835,8.2835,1416,0
2016-07-06,18:05:00,8.285,8.31,8.285,8.31,30597,0
2016-07-06,18:10:00,8.31,8.32,8.31,8.315,11337,0
2016-07-06,18:15:00,8.315,8.32,8.305,8.305,15130,0
2016-07-06,18:20:00,8.3,8.3,8.29,8.3,6400,0
2016-07-06,18:25:00,8.3,8.31,8.29,8.29,15921,0
2016-07-06,18:30:00,8.29,8.29,8.28,8.29,10600,0
2016-07-06,18:35:00,8.29,8.295,8.285,8.29,24281,0
2016-07-06,18:40:00,8.29,8.305,8.28,8.28,34200,0
2016-07-06,18:45:00,8.29,8.305,8.285,8.3,40056,0
2016-07-06,18:50:00,8.2978,8.3,8.28,8.283,6060,0
2016-07-06,18:55:00,8.2873,8.3,8.2873,8.298,4613,0
2016-07-06,19:00:00,8.3,8.3,8.29,8.29,5242,0
2016-07-06,19:05:00,8.295,8.3,8.29,8.29,12937,0
2016-07-06,19:10:00,8.295,8.305,8.29,8.3,48563,0
2016-07-06,19:15:00,8.305,8.305,8.3,8.3,3200,0
2016-07-06,19:20:00,8.305,8.31,8.3,8.305,2300,0
2016-07-06,19:25:00,8.31,8.31,8.29,8.29,18502,0
2016-07-06,19:30:00,8.3,8.3,8.29,8.295,4137,0
2016-07-06,19:35:00,8.3,8.31,8.3,8.3068,27462,0
2016-07-06,19:40:00,8.3099,8.32,8.305,8.315,4200,0
2016-07-06,19:45:00,8.32,8.33,8.315,8.32,8000,0
2016-07-06,19:50:00,8.33,8.33,8.31,8.315,11650,0
2016-07-06,19:55:00,8.31,8.3165,8.31,8.31,8238,0
2016-07-06,20:00:00,8.3199,8.3199,8.3,8.3,14501,0
2016-07-06,20:05:00,8.3,8.31,8.29,8.3,29215,0
2016-07-06,20:10:00,8.305,8.31,8.295,8.305,14940,0
2016-07-06,20:15:00,8.31,8.31,8.293,8.293,14083,0
2016-07-06,20:20:00,8.29,8.31,8.29,8.3,8800,0
2016-07-06,20:25:00,8.305,8.315,8.305,8.315,15237,0
2016-07-06,20:30:00,8.317,8.32,8.31,8.32,6900,0
2016-07-06,20:35:00,8.32,8.32,8.31,8.31,2300,0
2016-07-06,20:40:00,8.315,8.32,8.31,8.31,7500,0
2016-07-06,20:45:00,8.31,8.32,8.3,8.3,25338,0
2016-07-06,20:50:00,8.305,8.31,8.3,8.3,8700,0
2016-07-06,20:55:00,8.3,8.31,8.3,8.3,10131,0
2016-07-06,21:00:00,8.31,8.32,8.3,8.31,19750,0
2016-07-06,21:05:00,8.31,8.325,8.31,8.315,43993,0
2016-07-06,21:10:00,8.315,8.32,8.31,8.32,7438,0
2016-07-06,21:15:00,8.32,8.33,8.315,8.33,13056,0
2016-07-06,21:20:00,8.33,8.33,8.325,8.3256,5726,0
2016-07-06,21:25:00,8.33,8.33,8.31,8.31,17194,0
2016-07-06,21:30:00,8.31,8.32,8.31,8.31,4400,0
2016-07-06,21:35:00,8.31,8.32,8.31,8.31,7100,0
2016-07-06,21:40:00,8.315,8.32,8.31,8.31,9482,0
2016-07-06,21:45:00,8.31,8.33,8.31,8.33,25364,0
2016-07-06,21:50:00,8.33,8.33,8.3,8.3,39237,0
2016-07-06,21:55:00,8.3,8.305,8.27,8.28,68307,0
2016-07-06,22:00:00,8.27,8.3,8.27,8.29,107662,0
2016-07-07,15:35:00,8.33,8.35,8.282,8.33,25446,0
2016-07-07,15:40:00,8.33,8.34,8.3,8.3,21171,0
2016-07-07,15:45:00,8.3,8.335,8.3,8.32,10883,0
2016-07-07,15:50:00,8.325,8.33,8.3235,8.325,1464,0
2016-07-07,15:55:00,8.325,8.33,8.325,8.33,4484,0
2016-07-07,16:00:00,8.325,8.33,8.325,8.33,2900,0
2016-07-07,16:05:00,8.325,8.33,8.32,8.325,30649,0
2016-07-07,16:10:00,8.325,8.33,8.32,8.325,10293,0
2016-07-07,16:15:00,8.325,8.33,8.325,8.325,11051,0
2016-07-07,16:20:00,8.325,8.33,8.325,8.325,3000,0
2016-07-07,16:25:00,8.32,8.33,8.32,8.33,15750,0
2016-07-07,16:30:00,8.33,8.33,8.3201,8.33,3645,0
2016-07-07,16:35:00,8.33,8.33,8.31,8.32,17092,0
2016-07-07,16:40:00,8.315,8.33,8.315,8.325,16575,0
2016-07-07,16:45:00,8.3299,8.33,8.32,8.32,3447,0
2016-07-07,16:50:00,8.325,8.33,8.32,8.325,7442,0
2016-07-07,16:55:00,8.325,8.33,8.3,8.3,17133,0
2016-07-07,17:00:00,8.305,8.305,8.29,8.3,11997,0
2016-07-07,17:05:00,8.29,8.3,8.29,8.29,16983,0
2016-07-07,17:10:00,8.285,8.3,8.285,8.3,7466,0
2016-07-07,17:15:00,8.3,8.31,8.296,8.31,12092,0
2016-07-07,17:20:00,8.31,8.33,8.31,8.33,7709,0
2016-07-07,17:25:00,8.3298,8.33,8.32,8.32,21415,0
2016-07-07,17:30:00,8.3167,8.3186,8.31,8.3186,3222,0
2016-07-07,17:35:00,8.3199,8.3199,8.31,8.31,982,0
2016-07-07,17:40:00,8.3165,8.32,8.315,8.315,673,0
2016-07-07,17:45:00,8.315,8.32,8.315,8.315,5600,0
2016-07-07,17:50:00,8.315,8.32,8.31,8.31,26549,0
2016-07-07,17:55:00,8.32,8.32,8.305,8.31,10106,0
2016-07-07,18:00:00,8.3,8.32,8.3,8.32,9300,0
2016-07-07,18:05:00,8.3199,8.34,8.3199,8.335,13826,0
2016-07-07,18:10:00,8.34,8.34,8.335,8.335,3000,0
2016-07-07,18:15:00,8.34,8.34,8.34,8.34,1000,0
2016-07-07,18:20:00,8.34,8.34,8.3305,8.34,1681,0
2016-07-07,18:25:00,8.34,8.34,8.32,8.325,13768,0
2016-07-07,18:30:00,8.32,8.325,8.315,8.315,3900,0
2016-07-07,18:35:00,8.3167,8.33,8.3167,8.33,10112,0
2016-07-07,18:40:00,8.325,8.3299,8.315,8.3299,9171,0
2016-07-07,18:45:00,8.32,8.325,8.32,8.325,2000,0
2016-07-07,18:50:00,8.32,8.325,8.3199,8.3199,4143,0
2016-07-07,18:55:00,8.31,8.31,8.29,8.29,5737,0
2016-07-07,19:00:00,8.295,8.295,8.28,8.285,7800,0
2016-07-07,19:05:00,8.285,8.29,8.28,8.285,3400,0
2016-07-07,19:10:00,8.28,8.29,8.28,8.29,9708,0
2016-07-07,19:15:00,8.2899,8.295,8.2899,8.295,2700,0
2016-07-07,19:20:00,8.2965,8.3,8.295,8.3,1500,0
2016-07-07,19:25:00,8.3067,8.31,8.3067,8.31,1200,0
2016-07-07,19:30:00,8.31,8.325,8.31,8.3111,9300,0
2016-07-07,19:35:00,8.32,8.335,8.3101,8.335,20383,0
2016-07-07,19:40:00,8.33,8.34,8.3265,8.34,4080,0
2016-07-07,19:45:00,8.34,8.34,8.32,8.33,12934,0
2016-07-07,19:50:00,8.33,8.33,8.32,8.325,2200,0
2016-07-07,19:55:00,8.3265,8.3265,8.31,8.3167,31054,0
2016-07-07,20:00:00,8.32,8.33,8.317,8.33,3600,0
2016-07-07,20:05:00,8.3299,8.34,8.3255,8.3301,31214,0
2016-07-07,20:10:00,8.335,8.335,8.32,8.3201,10715,0
2016-07-07,20:15:00,8.325,8.325,8.31,8.31,2767,0
2016-07-07,20:20:00,8.31,8.3164,8.305,8.3164,6305,0
2016-07-07,20:25:00,8.315,8.32,8.31,8.31,1700,0
2016-07-07,20:30:00,8.3173,8.32,8.31,8.32,1639,0
2016-07-07,20:35:00,8.3165,8.32,8.31,8.315,3195,0
2016-07-07,20:40:00,8.32,8.33,8.31,8.33,3900,0
2016-07-07,20:45:00,8.33,8.33,8.32,8.32,8411,0
2016-07-07,20:50:00,8.32,8.33,8.3199,8.33,2700,0
2016-07-07,20:55:00,8.325,8.33,8.32,8.325,4511,0
2016-07-07,21:00:00,8.32,8.325,8.315,8.315,3200,0
2016-07-07,21:05:00,8.315,8.32,8.305,8.32,13105,0
2016-07-07,21:10:00,8.32,8.34,8.32,8.34,12274,0
2016-07-07,21:15:00,8.34,8.345,8.335,8.335,22137,0
2016-07-07,21:20:00,8.34,8.34,8.335,8.34,3142,0
2016-07-07,21:25:00,8.335,8.34,8.335,8.34,1800,0
2016-07-07,21:30:00,8.335,8.34,8.33,8.335,10189,0
2016-07-07,21:35:00,8.335,8.34,8.33,8.34,12929,0
2016-07-07,21:40:00,8.335,8.34,8.32,8.32,22721,0
2016-07-07,21:45:00,8.32,8.33,8.31,8.31,39410,0
2016-07-07,21:50:00,8.315,8.32,8.3,8.3,38054,0
2016-07-07,21:55:00,8.305,8.31,8.3,8.3,17353,0
2016-07-07,22:00:00,8.31,8.32,8.3,8.31,178633,0
2016-07-08,15:35:00,8.36,8.42,8.36,8.41,25672,0
2016-07-08,15:40:00,8.41,8.415,8.396,8.41,20693,0
2016-07-08,15:45:00,8.41,8.41,8.39,8.4,31935,0
2016-07-08,15:50:00,8.4,8.415,8.3985,8.41,24300,0
2016-07-08,15:55:00,8.41,8.44,8.4036,8.44,58686,0
2016-07-08,16:00:00,8.4499,8.45,8.44,8.45,3050,0
2016-07-08,16:05:00,8.45,8.45,8.44,8.45,3400,0
2016-07-08,16:10:00,8.4461,8.45,8.44,8.45,14840,0
2016-07-08,16:15:00,8.445,8.4499,8.43,8.44,11695,0
2016-07-08,16:20:00,8.445,8.45,8.44,8.448,10580,0
2016-07-08,16:25:00,8.44,8.445,8.41,8.43,11636,0
2016-07-08,16:30:00,8.43,8.45,8.43,8.44,8400,0
2016-07-08,16:35:00,8.44,8.45,8.43,8.43,24365,0
2016-07-08,16:40:00,8.43,8.44,8.425,8.435,27657,0
2016-07-08,16:45:00,8.435,8.44,8.43,8.44,1000,0
2016-07-08,16:50:00,8.44,8.45,8.435,8.45,12643,0
2016-07-08,16:55:00,8.44,8.45,8.44,8.44,3100,0
2016-07-08,17:00:00,8.4499,8.465,8.44,8.455,19589,0
2016-07-08,17:05:00,8.455,8.455,8.44,8.445,48301,0
2016-07-08,17:10:00,8.45,8.46,8.445,8.455,7825,0
2016-07-08,17:15:00,8.45,8.46,8.45,8.4597,1700,0
2016-07-08,17:20:00,8.46,8.46,8.45,8.46,6200,0
2016-07-08,17:25:00,8.465,8.48,8.465,8.47,11788,0
2016-07-08,17:30:00,8.46,8.48,8.46,8.475,7650,0
2016-07-08,17:35:00,8.46,8.46,8.44,8.445,6178,0
2016-07-08,17:40:00,8.45,8.455,8.445,8.45,4100,0
2016-07-08,17:45:00,8.45,8.46,8.45,8.4567,8620,0
2016-07-08,17:50:00,8.46,8.48,8.45,8.48,20753,0
2016-07-08,17:55:00,8.47,8.49,8.47,8.485,4100,0
2016-07-08,18:00:00,8.48,8.5,8.48,8.49,6330,0
2016-07-08,18:05:00,8.4899,8.49,8.48,8.4899,3800,0
2016-07-08,18:10:00,8.49,8.495,8.485,8.495,4290,0
2016-07-08,18:15:00,8.495,8.5,8.48,8.485,21258,0
2016-07-08,18:20:00,8.495,8.495,8.48,8.49,5407,0
2016-07-08,18:25:00,8.48,8.49,8.48,8.48,1000,0
2016-07-08,18:30:00,8.49,8.49,8.48,8.485,1400,0
2016-07-08,18:35:00,8.48,8.485,8.46,8.46,6004,0
2016-07-08,18:40:00,8.4665,8.47,8.46,8.47,6396,0
2016-07-08,18:45:00,8.47,8.48,8.47,8.47,1100,0
2016-07-08,18:50:00,8.48,8.485,8.47,8.47,13525,0
2016-07-08,18:55:00,8.47,8.48,8.47,8.48,1300,0
2016-07-08,19:00:00,8.4712,8.48,8.47,8.47,1000,0
2016-07-08,19:05:00,8.4765,8.48,8.475,8.475,9450,0
2016-07-08,19:10:00,8.47,8.48,8.47,8.48,1200,0
2016-07-08,19:15:00,8.47,8.48,8.47,8.47,1000,0
2016-07-08,19:20:00,8.48,8.48,8.46,8.46,12226,0
2016-07-08,19:25:00,8.46,8.47,8.46,8.46,3379,0
2016-07-08,19:30:00,8.465,8.47,8.46,8.47,14400,0
2016-07-08,19:35:00,8.46,8.475,8.46,8.47,6499,0
2016-07-08,19:40:00,8.47,8.4781,8.47,8.475,1925,0
2016-07-08,19:45:00,8.4701,8.4798,8.47,8.47,1625,0
2016-07-08,19:50:00,8.47,8.47,8.46,8.46,3107,0
2016-07-08,19:55:00,8.46,8.47,8.46,8.47,2444,0
2016-07-08,20:00:00,8.465,8.47,8.46,8.46,1100,0
2016-07-08,20:05:00,8.46,8.465,8.46,8.46,1678,0
2016-07-08,20:10:00,8.465,8.47,8.46,8.46,3107,0
2016-07-08,20:15:00,8.47,8.47,8.46,8.46,1200,0
2016-07-08,20:20:00,8.46,8.47,8.46,8.4652,7566,0
2016-07-08,20:25:00,8.47,8.48,8.46,8.4767,10500,0
2016-07-08,20:30:00,8.47,8.49,8.47,8.49,11356,0
2016-07-08,20:35:00,8.48,8.5,8.48,8.495,13672,0
2016-07-08,20:40:00,8.4999,8.5,8.49,8.49,8278,0
2016-07-08,20:45:00,8.48,8.49,8.47,8.475,3915,0
2016-07-08,20:50:00,8.475,8.4765,8.47,8.47,1893,0
2016-07-08,20:55:00,8.47,8.475,8.46,8.47,12396,0
2016-07-08,21:00:00,8.4799,8.48,8.47,8.475,4450,0
2016-07-08,21:05:00,8.475,8.48,8.47,8.48,3284,0
2016-07-08,21:10:00,8.475,8.48,8.47,8.48,1755,0
2016-07-08,21:15:00,8.47,8.48,8.47,8.48,4606,0
2016-07-08,21:20:00,8.4799,8.48,8.47,8.47,2800,0
2016-07-08,21:25:00,8.475,8.48,8.47,8.475,1900,0
2016-07-08,21:30:00,8.47,8.48,8.47,8.48,5600,0
2016-07-08,21:35:00,8.47,8.48,8.47,8.47,6295,0
2016-07-08,21:40:00,8.475,8.48,8.46,8.48,35718,0
2016-07-08,21:45:00,8.47,8.48,8.47,8.48,4108,0
2016-07-08,21:50:00,8.47,8.48,8.47,8.48,25187,0
2016-07-08,21:55:00,8.48,8.51,8.47,8.51,70631,0
2016-07-08,22:00:00,8.505,8.505,8.49,8.49,238064,0
