Date,Time,Open,High,Low,Close,Volume,OpenInt
2016-06-21,15:35:00,1.37,1.39,1.37,1.39,13218,0
2016-06-21,15:40:00,1.39,1.39,1.39,1.39,2047,0
2016-06-21,15:45:00,1.39,1.39,1.39,1.39,6225,0
2016-06-21,15:50:00,1.39,1.4,1.39,1.4,9875,0
2016-06-21,16:00:00,1.4,1.4,1.4,1.4,200,0
2016-06-21,16:10:00,1.3992,1.3992,1.3901,1.3933,2300,0
2016-06-21,16:15:00,1.4,1.4,1.4,1.4,400,0
2016-06-21,16:20:00,1.4,1.4,1.4,1.4,100,0
2016-06-21,16:25:00,1.3938,1.3938,1.3938,1.3938,1000,0
2016-06-21,16:30:00,1.4,1.4,1.4,1.4,200,0
2016-06-21,16:35:00,1.39,1.39,1.39,1.39,500,0
2016-06-21,16:40:00,1.4,1.4,1.39,1.39,600,0
2016-06-21,16:45:00,1.395,1.395,1.39,1.39,900,0
2016-06-21,16:50:00,1.39,1.39,1.39,1.39,400,0
2016-06-21,16:55:00,1.39,1.4,1.38,1.38,7400,0
2016-06-21,17:00:00,1.38,1.38,1.38,1.38,5200,0
2016-06-21,17:05:00,1.3884,1.3884,1.38,1.38,1700,0
2016-06-21,17:10:00,1.39,1.39,1.38,1.39,16100,0
2016-06-21,17:15:00,1.4,1.4,1.395,1.4,32900,0
2016-06-21,17:20:00,1.4,1.41,1.4,1.4001,34124,0
2016-06-21,17:25:00,1.4,1.4,1.4,1.4,200,0
2016-06-21,17:30:00,1.39,1.395,1.39,1.395,5900,0
2016-06-21,17:35:00,1.39,1.39,1.39,1.39,300,0
2016-06-21,17:40:00,1.4,1.4,1.39,1.39,400,0
2016-06-21,17:45:00,1.39,1.4,1.39,1.39,600,0
2016-06-21,17:50:00,1.39,1.395,1.39,1.39,500,0
2016-06-21,17:55:00,1.39,1.395,1.39,1.39,400,0
2016-06-21,18:00:00,1.395,1.395,1.39,1.39,300,0
2016-06-21,18:05:00,1.39,1.4,1.39,1.39,500,0
2016-06-21,18:10:00,1.395,1.395,1.395,1.395,300,0
2016-06-21,18:15:00,1.39,1.395,1.39,1.395,800,0
2016-06-21,18:20:00,1.39,1.4,1.39,1.4,9002,0
2016-06-21,18:25:00,1.4,1.4,1.4,1.4,100,0
2016-06-21,18:30:00,1.39,1.39,1.39,1.39,500,0
2016-06-21,18:35:00,1.39,1.395,1.39,1.39,2212,0
2016-06-21,18:40:00,1.39,1.391,1.39,1.39,4700,0
2016-06-21,18:45:00,1.39,1.395,1.39,1.39,900,0
2016-06-21,18:50:00,1.39,1.39,1.39,1.39,200,0
2016-06-21,18:55:00,1.39,1.4,1.39,1.39,900,0
2016-06-21,19:00:00,1.395,1.395,1.39,1.39,500,0
2016-06-21,19:05:00,1.39,1.3972,1.39,1.39,321,0
2016-06-21,19:10:00,1.39,1.4,1.39,1.39,2400,0
2016-06-21,19:15:00,1.39,1.395,1.39,1.39,1100,0
2016-06-21,19:20:00,1.39,1.4,1.39,1.4,400,0
2016-06-21,19:25:00,1.395,1.395,1.39,1.39,400,0
2016-06-21,19:30:00,1.39,1.395,1.39,1.39,900,0
2016-06-21,19:35:00,1.39,1.4,1.39,1.39,900,0
2016-06-21,19:40:00,1.39,1.39,1.37,1.38,20441,0
2016-06-21,19:45:00,1.375,1.375,1.375,1.375,200,0
2016-06-21,19:50:00,1.3799,1.38,1.375,1.375,7006,0
2016-06-21,19:55:00,1.375,1.375,1.375,1.375,200,0
2016-06-21,20:00:00,1.375,1.38,1.37,1.37,1807,0
2016-06-21,20:05:00,1.37,1.39,1.37,1.39,700,0
2016-06-21,20:10:00,1.385,1.385,1.38,1.385,3500,0
2016-06-21,20:15:00,1.38,1.385,1.37,1.37,19434,0
2016-06-21,20:20:00,1.37,1.38,1.37,1.38,300,0
2016-06-21,20:25:00,1.37,1.37,1.37,1.37,100,0
2016-06-21,20:30:00,1.375,1.375,1.37,1.37,600,0
2016-06-21,20:35:00,1.37,1.38,1.37,1.38,200,0
2016-06-21,20:40:00,1.375,1.375,1.37,1.37,300,0
2016-06-21,20:45:00,1.38,1.38,1.37,1.38,600,0
2016-06-21,20:50:00,1.37,1.37,1.37,1.37,200,0
2016-06-21,20:55:00,1.37,1.37,1.37,1.37,200,0
2016-06-21,21:00:00,1.37,1.38,1.37,1.37,300,0
2016-06-21,21:05:00,1.37,1.38,1.37,1.37,400,0
2016-06-21,21:10:00,1.37,1.37,1.37,1.37,300,0
2016-06-21,21:15:00,1.37,1.38,1.37,1.38,400,0
2016-06-21,21:20:00,1.37,1.38,1.37,1.37,1508,0
2016-06-21,21:25:00,1.37,1.38,1.37,1.37,300,0
2016-06-21,21:30:00,1.37,1.38,1.37,1.38,4700,0
2016-06-21,21:35:00,1.37,1.38,1.37,1.37,12700,0
2016-06-21,21:40:00,1.38,1.38,1.37,1.38,3500,0
2016-06-21,21:45:00,1.37,1.38,1.37,1.375,1000,0
2016-06-21,21:50:00,1.38,1.38,1.37,1.375,3300,0
2016-06-21,21:55:00,1.37,1.38,1.37,1.37,2200,0
2016-06-21,22:00:00,1.375,1.38,1.37,1.37,11888,0
2016-06-22,15:35:00,1.39,1.39,1.38,1.38,1597,0
2016-06-22,15:40:00,1.37,1.37,1.37,1.37,3700,0
2016-06-22,15:50:00,1.38,1.39,1.38,1.39,200,0
2016-06-22,15:55:00,1.37,1.38,1.37,1.3799,750,0
2016-06-22,16:00:00,1.375,1.375,1.37,1.3701,1840,0
2016-06-22,16:05:00,1.38,1.38,1.38,1.38,100,0
2016-06-22,16:10:00,1.37,1.37,1.37,1.37,10000,0
2016-06-22,16:15:00,1.38,1.38,1.3789,1.38,1200,0
2016-06-22,16:20:00,1.3701,1.3701,1.3701,1.3701,1000,0
2016-06-22,16:25:00,1.375,1.375,1.37,1.37,4400,0
2016-06-22,16:30:00,1.38,1.38,1.38,1.38,100,0
2016-06-22,16:35:00,1.37,1.3715,1.37,1.37,9116,0
2016-06-22,16:40:00,1.37,1.37,1.37,1.37,6848,0
2016-06-22,16:45:00,1.37,1.38,1.37,1.37,400,0
2016-06-22,16:50:00,1.37,1.37,1.37,1.37,400,0
2016-06-22,16:55:00,1.37,1.37,1.37,1.37,300,0
2016-06-22,17:00:00,1.37,1.38,1.37,1.37,5362,0
2016-06-22,17:05:00,1.37,1.37,1.36,1.37,34612,0
2016-06-22,17:10:00,1.36,1.36,1.36,1.36,4400,0
2016-06-22,17:15:00,1.36,1.3699,1.36,1.36,2900,0
2016-06-22,17:20:00,1.3683,1.3683,1.36,1.36,800,0
2016-06-22,17:25:00,1.36,1.36,1.36,1.36,600,0
2016-06-22,17:30:00,1.3683,1.37,1.36,1.37,2000,0
2016-06-22,17:35:00,1.37,1.37,1.36,1.37,5227,0
2016-06-22,17:40:00,1.37,1.37,1.36,1.36,6900,0
2016-06-22,17:45:00,1.36,1.37,1.36,1.37,7900,0
2016-06-22,17:50:00,1.36,1.3601,1.36,1.36,400,0
2016-06-22,17:55:00,1.365,1.365,1.36,1.36,3800,0
2016-06-22,18:00:00,1.37,1.37,1.36,1.36,800,0
2016-06-22,18:05:00,1.364,1.365,1.36,1.36,21675,0
2016-06-22,18:10:00,1.3628,1.365,1.36,1.36,4100,0
2016-06-22,18:15:00,1.36,1.37,1.36,1.36,800,0
2016-06-22,18:20:00,1.36,1.36,1.36,1.36,200,0
2016-06-22,18:25:00,1.36,1.37,1.36,1.36,2100,0
2016-06-22,18:30:00,1.36,1.3638,1.36,1.36,1700,0
2016-06-22,18:35:00,1.36,1.37,1.36,1.36,5200,0
2016-06-22,18:40:00,1.36,1.367,1.36,1.36,2050,0
2016-06-22,18:45:00,1.36,1.37,1.36,1.36,400,0
2016-06-22,18:50:00,1.365,1.365,1.36,1.36,638,0
2016-06-22,18:55:00,1.36,1.36,1.36,1.36,200,0
2016-06-22,19:00:00,1.36,1.37,1.36,1.37,300,0
2016-06-22,19:05:00,1.36,1.365,1.36,1.36,8500,0
2016-06-22,19:10:00,1.36,1.36,1.36,1.36,2400,0
2016-06-22,19:15:00,1.36,1.37,1.36,1.36,1300,0
2016-06-22,19:20:00,1.36,1.36,1.36,1.36,200,0
2016-06-22,19:25:00,1.36,1.37,1.36,1.37,5100,0
2016-06-22,19:30:00,1.37,1.37,1.37,1.37,3802,0
2016-06-22,19:35:00,1.37,1.37,1.36,1.37,1000,0
2016-06-22,19:40:00,1.3699,1.37,1.365,1.365,700,0
2016-06-22,19:45:00,1.36,1.38,1.36,1.38,21210,0
2016-06-22,19:50:00,1.37,1.37,1.37,1.37,666,0
2016-06-22,19:55:00,1.37,1.37,1.37,1.37,200,0
2016-06-22,20:00:00,1.3699,1.37,1.3699,1.37,4414,0
2016-06-22,20:05:00,1.37,1.37,1.37,1.37,300,0
2016-06-22,20:10:00,1.36,1.36,1.36,1.36,100,0
2016-06-22,20:15:00,1.36,1.365,1.36,1.365,300,0
2016-06-22,20:20:00,1.365,1.365,1.36,1.365,400,0
2016-06-22,20:25:00,1.365,1.37,1.365,1.37,400,0
2016-06-22,20:30:00,1.36,1.37,1.36,1.365,5100,0
2016-06-22,20:35:00,1.37,1.37,1.36,1.36,1900,0
2016-06-22,20:40:00,1.36,1.36,1.36,1.36,15800,0
2016-06-22,20:45:00,1.36,1.37,1.36,1.36,900,0
2016-06-22,20:50:00,1.36,1.37,1.36,1.36,1200,0
2016-06-22,20:55:00,1.36,1.37,1.36,1.36,11300,0
2016-06-22,21:00:00,1.36,1.37,1.36,1.37,4680,0
2016-06-22,21:05:00,1.36,1.37,1.35,1.355,77172,0
2016-06-22,21:10:00,1.355,1.36,1.35,1.35,14675,0
2016-06-22,21:15:00,1.35,1.36,1.35,1.35,2200,0
2016-06-22,21:20:00,1.35,1.36,1.35,1.35,1300,0
2016-06-22,21:25:00,1.35,1.36,1.35,1.35,4500,0
2016-06-22,21:30:00,1.35,1.36,1.35,1.355,1300,0
2016-06-22,21:35:00,1.355,1.355,1.35,1.35,3000,0
2016-06-22,21:40:00,1.35,1.36,1.35,1.35,6566,0
2016-06-22,21:45:00,1.35,1.355,1.35,1.35,2600,0
2016-06-22,21:50:00,1.35,1.355,1.35,1.35,3900,0
2016-06-22,21:55:00,1.36,1.36,1.35,1.35,14900,0
2016-06-22,22:00:00,1.355,1.36,1.35,1.35,26621,0
2016-06-23,15:35:00,1.36,1.4,1.36,1.3837,11597,0
2016-06-23,15:40:00,1.3799,1.38,1.3799,1.38,6100,0
2016-06-23,15:50:00,1.3601,1.3601,1.3601,1.3601,200,0
2016-06-23,16:05:00,1.3675,1.378,1.3675,1.378,1900,0
2016-06-23,16:10:00,1.38,1.38,1.38,1.38,100,0
2016-06-23,16:25:00,1.38,1.38,1.38,1.38,100,0
2016-06-23,16:30:00,1.37,1.37,1.37,1.37,5844,0
2016-06-23,16:35:00,1.37,1.37,1.35,1.36,8500,0
2016-06-23,16:40:00,1.355,1.355,1.355,1.355,100,0
2016-06-23,16:45:00,1.355,1.37,1.355,1.37,2080,0
2016-06-23,16:50:00,1.365,1.365,1.36,1.36,7350,0
2016-06-23,16:55:00,1.35,1.3501,1.35,1.35,3450,0
2016-06-23,17:00:00,1.35,1.36,1.35,1.35,500,0
2016-06-23,17:05:00,1.35,1.36,1.35,1.355,10023,0
2016-06-23,17:10:00,1.355,1.355,1.355,1.355,300,0
2016-06-23,17:15:00,1.355,1.36,1.355,1.355,500,0
2016-06-23,17:20:00,1.35,1.36,1.35,1.36,3100,0
2016-06-23,17:25:00,1.36,1.36,1.355,1.36,1100,0
2016-06-23,17:30:00,1.3531,1.3531,1.35,1.35,2200,0
2016-06-23,17:35:00,1.35,1.355,1.35,1.355,300,0
2016-06-23,17:40:00,1.36,1.36,1.35,1.35,600,0
2016-06-23,17:45:00,1.35,1.36,1.35,1.36,2200,0
2016-06-23,17:50:00,1.36,1.36,1.36,1.36,1700,0
2016-06-23,17:55:00,1.3599,1.3599,1.3599,1.3599,6000,0
2016-06-23,18:00:00,1.36,1.365,1.36,1.365,4200,0
2016-06-23,18:05:00,1.365,1.37,1.365,1.37,300,0
2016-06-23,18:10:00,1.36,1.36,1.36,1.36,100,0
2016-06-23,18:15:00,1.36,1.37,1.36,1.36,500,0
2016-06-23,18:20:00,1.36,1.365,1.36,1.36,400,0
2016-06-23,18:25:00,1.36,1.36,1.36,1.36,200,0
2016-06-23,18:30:00,1.36,1.36,1.36,1.36,200,0
2016-06-23,18:35:00,1.36,1.37,1.36,1.37,6900,0
2016-06-23,18:40:00,1.36,1.36,1.36,1.36,200,0
2016-06-23,18:45:00,1.36,1.36,1.36,1.36,200,0
2016-06-23,18:50:00,1.36,1.365,1.36,1.36,800,0
2016-06-23,18:55:00,1.36,1.36,1.36,1.36,200,0
2016-06-23,19:00:00,1.36,1.36,1.36,1.36,200,0
2016-06-23,19:05:00,1.36,1.365,1.36,1.36,500,0
2016-06-23,19:10:00,1.36,1.36,1.36,1.36,200,0
2016-06-23,19:15:00,1.36,1.37,1.36,1.36,300,0
2016-06-23,19:20:00,1.36,1.365,1.36,1.36,300,0
2016-06-23,19:25:00,1.36,1.37,1.36,1.37,300,0
2016-06-23,19:30:00,1.36,1.36,1.36,1.36,200,0
2016-06-23,19:35:00,1.36,1.365,1.36,1.36,400,0
2016-06-23,19:40:00,1.36,1.37,1.36,1.36,400,0
2016-06-23,19:45:00,1.36,1.36,1.36,1.36,200,0
2016-06-23,19:50:00,1.36,1.37,1.36,1.36,500,0
2016-06-23,19:55:00,1.36,1.36,1.36,1.36,200,0
2016-06-23,20:00:00,1.36,1.364,1.36,1.36,3300,0
2016-06-23,20:05:00,1.36,1.365,1.36,1.365,500,0
2016-06-23,20:10:00,1.36,1.36,1.36,1.36,200,0
2016-06-23,20:15:00,1.36,1.36,1.36,1.36,200,0
2016-06-23,20:20:00,1.36,1.365,1.36,1.36,400,0
2016-06-23,20:25:00,1.36,1.365,1.36,1.36,1000,0
2016-06-23,20:30:00,1.36,1.36,1.36,1.36,300,0
2016-06-23,20:35:00,1.36,1.37,1.36,1.37,700,0
2016-06-23,20:40:00,1.36,1.36,1.36,1.36,300,0
2016-06-23,20:45:00,1.36,1.36,1.36,1.36,200,0
2016-06-23,20:50:00,1.36,1.37,1.36,1.36,2200,0
2016-06-23,20:55:00,1.36,1.36,1.36,1.36,200,0
2016-06-23,21:00:00,1.36,1.37,1.36,1.36,1400,0
2016-06-23,21:05:00,1.37,1.37,1.36,1.36,300,0
2016-06-23,21:10:00,1.36,1.37,1.36,1.37,2900,0
2016-06-23,21:15:00,1.37,1.37,1.36,1.36,1000,0
2016-06-23,21:20:00,1.3616,1.3616,1.36,1.36,1100,0
2016-06-23,21:25:00,1.36,1.37,1.36,1.36,1100,0
2016-06-23,21:30:00,1.36,1.365,1.36,1.36,2600,0
2016-06-23,21:35:00,1.365,1.37,1.36,1.37,1032,0
2016-06-23,21:40:00,1.3616,1.37,1.36,1.365,2263,0
2016-06-23,21:45:00,1.365,1.37,1.3616,1.365,1250,0
2016-06-23,21:50:00,1.37,1.37,1.36,1.37,2600,0
2016-06-23,21:55:00,1.36,1.37,1.36,1.365,5048,0
2016-06-23,22:00:00,1.36,1.37,1.36,1.36,13307,0
2016-06-24,15:35:00,1.33,1.33,1.31,1.32,43637,0
2016-06-24,15:40:00,1.33,1.33,1.325,1.325,1602,0
2016-06-24,15:45:00,1.32,1.33,1.31,1.3285,15578,0
2016-06-24,15:50:00,1.33,1.33,1.324,1.33,13108,0
2016-06-24,15:55:00,1.3299,1.34,1.3299,1.34,9396,0
2016-06-24,16:00:00,1.34,1.34,1.32,1.322,7454,0
2016-06-24,16:05:00,1.325,1.329,1.32,1.329,3000,0
2016-06-24,16:10:00,1.33,1.33,1.32,1.33,3432,0
2016-06-24,16:15:00,1.334,1.334,1.33,1.33,1900,0
2016-06-24,16:20:00,1.33,1.33,1.33,1.33,200,0
2016-06-24,16:35:00,1.335,1.34,1.33,1.33,3000,0
2016-06-24,16:40:00,1.335,1.35,1.335,1.35,51341,0
2016-06-24,16:45:00,1.345,1.35,1.345,1.35,3151,0
2016-06-24,16:50:00,1.35,1.35,1.35,1.35,100,0
2016-06-24,16:55:00,1.35,1.35,1.35,1.35,100,0
2016-06-24,17:00:00,1.35,1.35,1.35,1.35,100,0
2016-06-24,17:05:00,1.35,1.35,1.35,1.35,100,0
2016-06-24,17:10:00,1.341,1.35,1.341,1.35,1100,0
2016-06-24,17:20:00,1.35,1.35,1.35,1.35,200,0
2016-06-24,17:25:00,1.3499,1.35,1.3499,1.35,200,0
2016-06-24,17:30:00,1.35,1.35,1.35,1.35,200,0
2016-06-24,17:45:00,1.3418,1.35,1.3418,1.3478,509,0
2016-06-24,17:50:00,1.346,1.35,1.346,1.35,17600,0
2016-06-24,17:55:00,1.345,1.353,1.345,1.347,6700,0
2016-06-24,18:05:00,1.35,1.35,1.35,1.35,200,0
2016-06-24,18:10:00,1.35,1.35,1.35,1.35,200,0
2016-06-24,18:20:00,1.345,1.35,1.345,1.35,981,0
2016-06-24,18:25:00,1.35,1.35,1.35,1.35,100,0
2016-06-24,18:35:00,1.35,1.35,1.335,1.335,20490,0
2016-06-24,18:40:00,1.335,1.335,1.33,1.335,4835,0
2016-06-24,18:45:00,1.33,1.335,1.33,1.33,5157,0
2016-06-24,18:50:00,1.33,1.335,1.3272,1.335,3400,0
2016-06-24,18:55:00,1.3284,1.34,1.3284,1.34,4937,0
2016-06-24,19:00:00,1.34,1.34,1.34,1.34,2400,0
2016-06-24,19:05:00,1.34,1.34,1.3353,1.34,1200,0
2016-06-24,19:10:00,1.335,1.34,1.33,1.3353,3000,0
2016-06-24,19:20:00,1.34,1.34,1.335,1.3399,13800,0
2016-06-24,19:25:00,1.335,1.335,1.335,1.335,100,0
2016-06-24,19:30:00,1.33,1.33,1.32,1.32,3205,0
2016-06-24,19:35:00,1.3201,1.33,1.32,1.33,4730,0
2016-06-24,19:40:00,1.3393,1.3393,1.3393,1.3393,950,0
2016-06-24,19:45:00,1.34,1.34,1.33,1.33,13744,0
2016-06-24,19:55:00,1.33,1.34,1.32,1.33,20556,0
2016-06-24,20:00:00,1.3365,1.34,1.33,1.3395,2426,0
2016-06-24,20:05:00,1.33,1.34,1.33,1.34,500,0
2016-06-24,20:10:00,1.3338,1.3338,1.33,1.33,9228,0
2016-06-24,20:15:00,1.33,1.33,1.33,1.33,100,0
2016-06-24,20:20:00,1.33,1.3363,1.33,1.33,9262,0
2016-06-24,20:25:00,1.33,1.33,1.33,1.33,3400,0
2016-06-24,20:30:00,1.33,1.33,1.33,1.33,200,0
2016-06-24,20:35:00,1.33,1.34,1.33,1.33,4600,0
2016-06-24,20:40:00,1.33,1.34,1.33,1.34,14170,0
2016-06-24,20:45:00,1.33,1.333,1.32,1.32,12900,0
2016-06-24,20:50:00,1.321,1.321,1.321,1.321,1000,0
2016-06-24,20:55:00,1.33,1.33,1.33,1.33,300,0
2016-06-24,21:00:00,1.33,1.33,1.33,1.33,3100,0
2016-06-24,21:05:00,1.32,1.33,1.32,1.325,1200,0
2016-06-24,21:10:00,1.33,1.33,1.32,1.32,21436,0
2016-06-24,21:15:00,1.325,1.325,1.32,1.32,600,0
2016-06-24,21:20:00,1.32,1.32,1.31,1.31,14635,0
2016-06-24,21:25:00,1.31,1.32,1.31,1.31,5500,0
2016-06-24,21:30:00,1.31,1.32,1.3,1.3,49774,0
2016-06-24,21:35:00,1.3,1.31,1.3,1.3,14499,0
2016-06-24,21:40:00,1.3,1.31,1.3,1.3,9262,0
2016-06-24,21:45:00,1.305,1.31,1.3,1.3,7300,0
2016-06-24,21:50:00,1.3,1.31,1.3,1.3,18922,0
2016-06-24,21:55:00,1.3,1.3,1.28,1.28,82108,0
2016-06-24,22:00:00,1.28,1.28,1.26,1.27,90883,0
2016-06-27,15:35:00,1.28,1.29,1.28,1.28,3665,0
2016-06-27,15:40:00,1.28,1.2801,1.28,1.28,15243,0
2016-06-27,15:45:00,1.28,1.3,1.28,1.2801,12109,0
2016-06-27,15:50:00,1.29,1.29,1.28,1.28,1000,0
2016-06-27,15:55:00,1.2799,1.29,1.275,1.29,25200,0
2016-06-27,16:00:00,1.29,1.3,1.29,1.3,9500,0
2016-06-27,16:10:00,1.29,1.29,1.29,1.29,100,0
2016-06-27,16:15:00,1.3,1.31,1.3,1.31,25000,0
2016-06-27,16:20:00,1.31,1.31,1.3068,1.31,11600,0
2016-06-27,16:25:00,1.31,1.31,1.305,1.31,4400,0
2016-06-27,16:30:00,1.3,1.31,1.3,1.307,1720,0
2016-06-27,16:35:00,1.3,1.31,1.3,1.305,10300,0
2016-06-27,16:40:00,1.3001,1.31,1.3,1.3,9300,0
2016-06-27,16:45:00,1.305,1.31,1.3,1.3,19200,0
2016-06-27,16:50:00,1.31,1.31,1.3,1.3,2500,0
2016-06-27,16:55:00,1.305,1.31,1.3,1.3,2800,0
2016-06-27,17:00:00,1.308,1.31,1.3,1.3,5400,0
2016-06-27,17:05:00,1.3,1.31,1.3,1.305,3601,0
2016-06-27,17:10:00,1.3,1.305,1.3,1.3,6520,0
2016-06-27,17:15:00,1.3,1.3,1.3,1.3,1100,0
2016-06-27,17:20:00,1.3,1.3,1.3,1.3,41139,0
2016-06-27,17:25:00,1.29,1.29,1.285,1.285,14950,0
2016-06-27,17:30:00,1.285,1.285,1.2815,1.285,3707,0
2016-06-27,17:35:00,1.285,1.29,1.285,1.285,2000,0
2016-06-27,17:40:00,1.29,1.29,1.281,1.29,6200,0
2016-06-27,17:45:00,1.29,1.29,1.285,1.29,8700,0
2016-06-27,17:50:00,1.29,1.29,1.28,1.285,4600,0
2016-06-27,17:55:00,1.29,1.29,1.29,1.29,600,0
2016-06-27,18:00:00,1.28,1.29,1.28,1.29,1300,0
2016-06-27,18:05:00,1.29,1.29,1.29,1.29,2200,0
2016-06-27,18:10:00,1.29,1.29,1.2837,1.29,4310,0
2016-06-27,18:15:00,1.29,1.29,1.285,1.285,1300,0
2016-06-27,18:20:00,1.29,1.29,1.285,1.285,1100,0
2016-06-27,18:25:00,1.29,1.29,1.285,1.285,12594,0
2016-06-27,18:30:00,1.285,1.29,1.28,1.2899,10538,0
2016-06-27,18:35:00,1.29,1.29,1.28,1.29,4002,0
2016-06-27,18:40:00,1.28,1.29,1.28,1.29,3000,0
2016-06-27,18:45:00,1.28,1.29,1.28,1.28,9920,0
2016-06-27,18:50:00,1.28,1.28,1.27,1.27,25209,0
2016-06-27,18:55:00,1.27,1.2769,1.27,1.27,3200,0
2016-06-27,19:00:00,1.27,1.28,1.27,1.27,7460,0
2016-06-27,19:05:00,1.28,1.28,1.27,1.275,955,0
2016-06-27,19:10:00,1.275,1.275,1.265,1.265,8201,0
2016-06-27,19:15:00,1.26,1.27,1.26,1.26,3410,0
2016-06-27,19:20:00,1.2636,1.2636,1.25,1.255,25600,0
2016-06-27,19:25:00,1.2561,1.27,1.255,1.26,14564,0
2016-06-27,19:30:00,1.26,1.27,1.255,1.255,17979,0
2016-06-27,19:40:00,1.251,1.26,1.251,1.255,2059,0
2016-06-27,19:45:00,1.25,1.26,1.25,1.255,2100,0
2016-06-27,19:50:00,1.25,1.26,1.25,1.2525,9550,0
2016-06-27,19:55:00,1.26,1.26,1.2501,1.26,3468,0
2016-06-27,20:00:00,1.26,1.26,1.255,1.2599,5500,0
2016-06-27,20:05:00,1.26,1.26,1.26,1.26,400,0
2016-06-27,20:10:00,1.26,1.26,1.2599,1.2599,3263,0
2016-06-27,20:15:00,1.26,1.26,1.26,1.26,1700,0
2016-06-27,20:20:00,1.26,1.26,1.255,1.26,30096,0
2016-06-27,20:25:00,1.26,1.26,1.255,1.255,400,0
2016-06-27,20:30:00,1.26,1.26,1.255,1.26,7600,0
2016-06-27,20:35:00,1.25,1.26,1.25,1.255,6500,0
2016-06-27,20:40:00,1.25,1.26,1.25,1.25,1200,0
2016-06-27,20:45:00,1.26,1.26,1.25,1.25,1300,0
2016-06-27,20:50:00,1.26,1.26,1.255,1.26,18324,0
2016-06-27,20:55:00,1.26,1.26,1.255,1.255,400,0
2016-06-27,21:00:00,1.26,1.26,1.255,1.26,500,0
2016-06-27,21:05:00,1.26,1.26,1.255,1.26,900,0
2016-06-27,21:10:00,1.26,1.26,1.255,1.255,800,0
2016-06-27,21:15:00,1.255,1.26,1.2538,1.2538,1380,0
2016-06-27,21:20:00,1.255,1.26,1.255,1.26,600,0
2016-06-27,21:25:00,1.26,1.26,1.26,1.26,700,0
2016-06-27,21:30:00,1.26,1.26,1.25,1.26,500,0
2016-06-27,21:35:00,1.26,1.26,1.255,1.26,1100,0
2016-06-27,21:40:00,1.26,1.26,1.255,1.26,1462,0
2016-06-27,21:45:00,1.26,1.26,1.255,1.255,1800,0
2016-06-27,21:50:00,1.255,1.26,1.255,1.26,2500,0
2016-06-27,21:55:00,1.26,1.26,1.25,1.26,7488,0
2016-06-27,22:00:00,1.26,1.26,1.25,1.25,18141,0
2016-06-28,15:35:00,1.25,1.29,1.25,1.28,33241,0
2016-06-28,15:40:00,1.2701,1.2701,1.2701,1.2701,1000,0
2016-06-28,15:45:00,1.285,1.31,1.285,1.31,19957,0
2016-06-28,15:50:00,1.31,1.31,1.3001,1.31,6000,0
2016-06-28,15:55:00,1.3099,1.31,1.305,1.31,12900,0
2016-06-28,16:00:00,1.3101,1.32,1.31,1.32,3588,0
2016-06-28,16:05:00,1.315,1.315,1.31,1.31,8200,0
2016-06-28,16:10:00,1.31,1.31,1.31,1.31,1700,0
2016-06-28,16:15:00,1.32,1.32,1.32,1.32,200,0
2016-06-28,16:20:00,1.31,1.314,1.3,1.309,7300,0
2016-06-28,16:25:00,1.3099,1.3099,1.3,1.3,1100,0
2016-06-28,16:30:00,1.3,1.305,1.3,1.305,300,0
2016-06-28,16:35:00,1.3,1.3,1.3,1.3,440,0
2016-06-28,16:40:00,1.3,1.3,1.29,1.29,3700,0
2016-06-28,16:45:00,1.29,1.29,1.29,1.29,100,0
2016-06-28,16:50:00,1.29,1.295,1.29,1.295,200,0
2016-06-28,16:55:00,1.29,1.29,1.29,1.29,10600,0
2016-06-28,17:00:00,1.29,1.2999,1.29,1.29,6000,0
2016-06-28,17:05:00,1.29,1.29,1.29,1.29,3900,0
2016-06-28,17:10:00,1.2899,1.2899,1.28,1.28,2701,0
2016-06-28,17:15:00,1.29,1.29,1.285,1.29,1973,0
2016-06-28,17:25:00,1.29,1.29,1.2899,1.2899,1800,0
2016-06-28,17:30:00,1.29,1.29,1.287,1.29,1300,0
2016-06-28,17:35:00,1.29,1.3,1.29,1.29,1351,0
2016-06-28,17:40:00,1.2935,1.2935,1.2935,1.2935,500,0
2016-06-28,17:45:00,1.3,1.3,1.29,1.29,1500,0
2016-06-28,17:50:00,1.3,1.3,1.29,1.29,2851,0
2016-06-28,18:00:00,1.295,1.295,1.29,1.29,200,0
2016-06-28,18:05:00,1.29,1.3,1.29,1.29,1600,0
2016-06-28,18:10:00,1.295,1.3,1.29,1.29,600,0
2016-06-28,18:15:00,1.297,1.3,1.29,1.3,4700,0
2016-06-28,18:20:00,1.2999,1.3,1.2935,1.2999,1551,0
2016-06-28,18:25:00,1.295,1.3,1.29,1.29,649,0
2016-06-28,18:30:00,1.3,1.3,1.295,1.295,1449,0
2016-06-28,18:35:00,1.3,1.3,1.3,1.3,100,0
2016-06-28,18:45:00,1.3,1.3,1.3,1.3,100,0
2016-06-28,18:50:00,1.295,1.295,1.295,1.295,100,0
2016-06-28,18:55:00,1.3,1.3,1.29,1.29,500,0
2016-06-28,19:00:00,1.29,1.29,1.29,1.29,100,0
2016-06-28,19:05:00,1.3,1.3,1.29,1.29,200,0
2016-06-28,19:10:00,1.3,1.3,1.3,1.3,598,0
2016-06-28,19:15:00,1.3,1.3,1.3,1.3,200,0
2016-06-28,19:20:00,1.3,1.3,1.29,1.29,4700,0
2016-06-28,19:25:00,1.3,1.3,1.29,1.29,398,0
2016-06-28,19:30:00,1.295,1.3,1.29,1.3,900,0
2016-06-28,19:35:00,1.29,1.29,1.29,1.29,100,0
2016-06-28,19:40:00,1.29,1.3,1.29,1.3,400,0
2016-06-28,19:45:00,1.3,1.3,1.29,1.3,1528,0
2016-06-28,19:50:00,1.29,1.29,1.29,1.29,100,0
2016-06-28,19:55:00,1.29,1.3,1.29,1.29,3100,0
2016-06-28,20:00:00,1.29,1.298,1.29,1.29,6000,0
2016-06-28,20:05:00,1.3,1.3,1.29,1.29,6100,0
2016-06-28,20:10:00,1.295,1.3,1.29,1.29,700,0
2016-06-28,20:15:00,1.29,1.29,1.29,1.29,100,0
2016-06-28,20:20:00,1.29,1.2901,1.29,1.29,2475,0
2016-06-28,20:25:00,1.295,1.295,1.29,1.29,300,0
2016-06-28,20:30:00,1.29,1.3,1.29,1.29,14750,0
2016-06-28,20:35:00,1.29,1.3,1.28,1.29,21923,0
2016-06-28,20:40:00,1.28,1.28,1.27,1.27,11300,0
2016-06-28,20:45:00,1.27,1.2729,1.265,1.2675,9300,0
2016-06-28,20:50:00,1.265,1.265,1.23,1.24,53876,0
2016-06-28,20:55:00,1.245,1.25,1.245,1.2499,29013,0
2016-06-28,21:00:00,1.25,1.2585,1.2485,1.25,57617,0
2016-06-28,21:05:00,1.25,1.25,1.245,1.25,3480,0
2016-06-28,21:10:00,1.25,1.26,1.245,1.25,16480,0
2016-06-28,21:15:00,1.25,1.26,1.245,1.25,10575,0
2016-06-28,21:20:00,1.255,1.26,1.25,1.25,3100,0
2016-06-28,21:25:00,1.255,1.26,1.25,1.25,5100,0
2016-06-28,21:30:00,1.25,1.26,1.25,1.25,4377,0
2016-06-28,21:35:00,1.25,1.25,1.24,1.24,1600,0
2016-06-28,21:40:00,1.245,1.25,1.245,1.25,8415,0
2016-06-28,21:45:00,1.245,1.26,1.245,1.2599,5300,0
2016-06-28,21:50:00,1.26,1.27,1.254,1.254,36600,0
2016-06-28,21:55:00,1.25,1.26,1.25,1.255,12300,0
2016-06-28,22:00:00,1.26,1.27,1.26,1.27,8000,0
2016-06-29,15:35:00,1.27,1.32,1.27,1.29,38950,0
2016-06-29,15:40:00,1.31,1.31,1.3,1.3,31000,0
2016-06-29,15:45:00,1.3,1.31,1.3,1.31,4000,0
2016-06-29,15:50:00,1.31,1.31,1.29,1.2999,2800,0
2016-06-29,15:55:00,1.2997,1.2997,1.29,1.29,3441,0
2016-06-29,16:00:00,1.293,1.295,1.29,1.29,11000,0
2016-06-29,16:05:00,1.29,1.29,1.289,1.289,4435,0
2016-06-29,16:10:00,1.29,1.29,1.28,1.29,1000,0
2016-06-29,16:15:00,1.28,1.28,1.28,1.28,1100,0
2016-06-29,16:20:00,1.285,1.29,1.28,1.29,3300,0
2016-06-29,16:25:00,1.28,1.289,1.28,1.28,1840,0
2016-06-29,16:30:00,1.28,1.28,1.28,1.28,700,0
2016-06-29,16:35:00,1.28,1.3,1.28,1.285,18259,0
2016-06-29,16:40:00,1.29,1.3,1.28,1.2882,9695,0
2016-06-29,16:45:00,1.28,1.29,1.28,1.28,3400,0
2016-06-29,16:50:00,1.28,1.29,1.28,1.285,2300,0
2016-06-29,16:55:00,1.285,1.29,1.28,1.29,300,0
2016-06-29,17:00:00,1.28,1.28,1.28,1.28,22100,0
2016-06-29,17:05:00,1.28,1.29,1.2799,1.28,39521,0
2016-06-29,17:10:00,1.29,1.299,1.275,1.28,73659,0
2016-06-29,17:15:00,1.28,1.29,1.28,1.28,1200,0
2016-06-29,17:20:00,1.27,1.28,1.27,1.28,1400,0
2016-06-29,17:25:00,1.28,1.29,1.275,1.2799,30730,0
2016-06-29,17:30:00,1.28,1.28,1.27,1.27,29500,0
2016-06-29,17:35:00,1.28,1.29,1.27,1.28,139170,0
2016-06-29,17:40:00,1.2801,1.29,1.27,1.28,117018,0
2016-06-29,17:45:00,1.28,1.29,1.27,1.2899,37429,0
2016-06-29,17:50:00,1.285,1.285,1.28,1.28,300,0
2016-06-29,17:55:00,1.29,1.29,1.2818,1.2818,4300,0
2016-06-29,18:00:00,1.285,1.29,1.28,1.285,8200,0
2016-06-29,18:05:00,1.285,1.29,1.28,1.28,7919,0
2016-06-29,18:10:00,1.29,1.29,1.28,1.28,400,0
2016-06-29,18:15:00,1.29,1.29,1.2801,1.285,1200,0
2016-06-29,18:20:00,1.28,1.29,1.28,1.285,8100,0
2016-06-29,18:25:00,1.29,1.3,1.29,1.29,188481,0
2016-06-29,18:30:00,1.2899,1.29,1.28,1.28,6800,0
2016-06-29,18:35:00,1.29,1.29,1.28,1.28,500,0
2016-06-29,18:40:00,1.28,1.28,1.28,1.28,400,0
2016-06-29,18:45:00,1.28,1.28,1.28,1.28,500,0
2016-06-29,18:50:00,1.29,1.29,1.28,1.28,1000,0
2016-06-29,18:55:00,1.28,1.29,1.27,1.2761,33361,0
2016-06-29,19:00:00,1.275,1.275,1.275,1.275,200,0
2016-06-29,19:05:00,1.28,1.28,1.275,1.275,500,0
2016-06-29,19:10:00,1.275,1.275,1.27,1.275,300,0
2016-06-29,19:15:00,1.27,1.28,1.27,1.275,4040,0
2016-06-29,19:20:00,1.275,1.2799,1.275,1.275,2700,0
2016-06-29,19:25:00,1.275,1.28,1.275,1.28,600,0
2016-06-29,19:30:00,1.28,1.28,1.275,1.275,6111,0
2016-06-29,19:35:00,1.28,1.28,1.275,1.275,8580,0
2016-06-29,19:40:00,1.275,1.28,1.275,1.275,6842,0
2016-06-29,19:45:00,1.28,1.29,1.28,1.29,21231,0
2016-06-29,19:50:00,1.28,1.29,1.28,1.285,3500,0
2016-06-29,19:55:00,1.28,1.285,1.28,1.285,200,0
2016-06-29,20:00:00,1.28,1.29,1.28,1.29,3000,0
2016-06-29,20:05:00,1.29,1.3,1.28,1.28,30100,0
2016-06-29,20:10:00,1.282,1.3,1.28,1.3,475,0
2016-06-29,20:15:00,1.3,1.3,1.28,1.299,10400,0
2016-06-29,20:20:00,1.28,1.295,1.28,1.295,8700,0
2016-06-29,20:25:00,1.29,1.3,1.28,1.2999,19723,0
2016-06-29,20:30:00,1.29,1.3,1.29,1.29,600,0
2016-06-29,20:35:00,1.3,1.3,1.29,1.29,500,0
2016-06-29,20:40:00,1.29,1.3,1.29,1.29,300,0
2016-06-29,20:45:00,1.295,1.3,1.29,1.29,600,0
2016-06-29,20:50:00,1.29,1.3,1.29,1.29,1900,0
2016-06-29,20:55:00,1.29,1.3,1.29,1.3,500,0
2016-06-29,21:00:00,1.29,1.3,1.29,1.3,5700,0
2016-06-29,21:05:00,1.3,1.3,1.29,1.29,3584,0
2016-06-29,21:10:00,1.3,1.3,1.29,1.29,1856,0
2016-06-29,21:15:00,1.29,1.3,1.29,1.29,913,0
2016-06-29,21:20:00,1.29,1.29,1.29,1.29,700,0
2016-06-29,21:25:00,1.29,1.29,1.29,1.29,1200,0
2016-06-29,21:30:00,1.29,1.3,1.29,1.2985,10645,0
2016-06-29,21:35:00,1.3,1.3,1.29,1.299,4100,0
2016-06-29,21:40:00,1.295,1.3,1.29,1.29,5006,0
2016-06-29,21:45:00,1.295,1.3,1.29,1.29,2561,0
2016-06-29,21:50:00,1.3,1.3,1.295,1.3,8823,0
2016-06-29,21:55:00,1.3,1.32,1.3,1.32,38463,0
2016-06-29,22:00:00,1.315,1.335,1.305,1.33,163649,0
2016-06-30,15:35:00,1.31,1.33,1.31,1.315,6114,0
2016-06-30,15:40:00,1.3199,1.3199,1.315,1.315,1000,0
2016-06-30,15:45:00,1.31,1.31,1.31,1.31,3900,0
2016-06-30,15:50:00,1.31,1.3164,1.31,1.3164,1200,0
2016-06-30,15:55:00,1.32,1.32,1.32,1.32,200,0
2016-06-30,16:00:00,1.3138,1.3138,1.3138,1.3138,400,0
2016-06-30,16:05:00,1.32,1.32,1.31,1.315,2300,0
2016-06-30,16:10:00,1.32,1.32,1.315,1.315,3500,0
2016-06-30,16:15:00,1.3101,1.32,1.3101,1.32,6600,0
2016-06-30,16:20:00,1.32,1.33,1.3195,1.33,5820,0
2016-06-30,16:25:00,1.33,1.33,1.33,1.33,300,0
2016-06-30,16:30:00,1.33,1.33,1.33,1.33,300,0
2016-06-30,16:35:00,1.33,1.33,1.31,1.31,7595,0
2016-06-30,16:40:00,1.31,1.31,1.3,1.3,12700,0
2016-06-30,16:45:00,1.3,1.3,1.3,1.3,10045,0
2016-06-30,16:50:00,1.3,1.31,1.28,1.28,22710,0
2016-06-30,16:55:00,1.285,1.29,1.28,1.28,31100,0
2016-06-30,17:00:00,1.285,1.29,1.28,1.28,15815,0
2016-06-30,17:05:00,1.285,1.29,1.28,1.28,18300,0
2016-06-30,17:10:00,1.285,1.29,1.275,1.28,75025,0
2016-06-30,17:15:00,1.28,1.285,1.28,1.285,25680,0
2016-06-30,17:20:00,1.28,1.28,1.275,1.2799,11895,0
2016-06-30,17:30:00,1.28,1.28,1.2799,1.2799,2600,0
2016-06-30,17:35:00,1.27,1.277,1.27,1.277,1300,0
2016-06-30,17:40:00,1.28,1.29,1.28,1.28,9300,0
2016-06-30,17:45:00,1.279,1.279,1.279,1.279,1000,0
2016-06-30,17:50:00,1.28,1.28,1.275,1.2767,6925,0
2016-06-30,17:55:00,1.28,1.28,1.28,1.28,1300,0
2016-06-30,18:00:00,1.28,1.29,1.28,1.29,600,0
2016-06-30,18:05:00,1.295,1.295,1.295,1.295,100,0
2016-06-30,18:15:00,1.29,1.29,1.29,1.29,1200,0
2016-06-30,18:20:00,1.292,1.3,1.292,1.3,1100,0
2016-06-30,18:25:00,1.2982,1.2982,1.295,1.295,827,0
2016-06-30,18:30:00,1.295,1.295,1.29,1.29,1100,0
2016-06-30,18:35:00,1.2938,1.2938,1.2938,1.2938,212,0
2016-06-30,18:45:00,1.3,1.3,1.29,1.29,3000,0
2016-06-30,18:50:00,1.29,1.29,1.28,1.28,30200,0
2016-06-30,18:55:00,1.28,1.28,1.27,1.2799,4700,0
2016-06-30,19:00:00,1.275,1.28,1.27,1.275,2400,0
2016-06-30,19:05:00,1.27,1.28,1.27,1.28,1950,0
2016-06-30,19:10:00,1.275,1.275,1.275,1.275,250,0
2016-06-30,19:15:00,1.2799,1.2799,1.2799,1.2799,890,0
2016-06-30,19:20:00,1.28,1.28,1.27,1.27,57945,0
2016-06-30,19:25:00,1.27,1.28,1.27,1.27,34900,0
2016-06-30,19:30:00,1.27,1.28,1.27,1.27,7208,0
2016-06-30,19:35:00,1.27,1.2799,1.27,1.27,1000,0
2016-06-30,19:40:00,1.275,1.275,1.27,1.27,5280,0
2016-06-30,19:45:00,1.27,1.28,1.27,1.27,900,0
2016-06-30,19:50:00,1.27,1.2799,1.27,1.2799,3600,0
2016-06-30,19:55:00,1.27,1.2737,1.27,1.27,800,0
2016-06-30,20:00:00,1.28,1.28,1.27,1.27,4800,0
2016-06-30,20:05:00,1.27,1.275,1.25,1.26,157620,0
2016-06-30,20:10:00,1.264,1.27,1.264,1.27,1300,0
2016-06-30,20:15:00,1.26,1.27,1.26,1.2624,7453,0
2016-06-30,20:20:00,1.26,1.27,1.26,1.265,4500,0
2016-06-30,20:25:00,1.26,1.27,1.26,1.265,4600,0
2016-06-30,20:30:00,1.27,1.27,1.26,1.26,4605,0
2016-06-30,20:35:00,1.27,1.27,1.263,1.265,5500,0
2016-06-30,20:40:00,1.27,1.27,1.265,1.265,2251,0
2016-06-30,20:45:00,1.27,1.27,1.27,1.27,100,0
2016-06-30,20:50:00,1.27,1.28,1.265,1.27,15374,0
2016-06-30,20:55:00,1.28,1.29,1.28,1.28,5600,0
2016-06-30,21:00:00,1.285,1.29,1.28,1.28,16218,0
2016-06-30,21:05:00,1.28,1.28,1.2502,1.255,74326,0
2016-06-30,21:10:00,1.26,1.27,1.2592,1.265,18289,0
2016-06-30,21:15:00,1.26,1.27,1.26,1.27,4932,0
2016-06-30,21:20:00,1.27,1.27,1.2402,1.25,74746,0
2016-06-30,21:25:00,1.25,1.255,1.245,1.255,9620,0
2016-06-30,21:30:00,1.25,1.26,1.25,1.26,8069,0
2016-06-30,21:35:00,1.26,1.26,1.25,1.26,6200,0
2016-06-30,21:40:00,1.26,1.27,1.26,1.26,18534,0
2016-06-30,21:45:00,1.26,1.27,1.26,1.27,18240,0
2016-06-30,21:50:00,1.27,1.27,1.25,1.25,28054,0
2016-06-30,21:55:00,1.25,1.26,1.24,1.24,65738,0
2016-06-30,22:00:00,1.24,1.26,1.24,1.25,172064,0
2016-07-01,15:35:00,1.29,1.3,1.29,1.29,13481,0
2016-07-01,15:40:00,1.28,1.29,1.26,1.29,22077,0
2016-07-01,15:45:00,1.28,1.29,1.28,1.28,850,0
2016-07-01,15:50:00,1.28,1.29,1.275,1.29,1200,0
2016-07-01,15:55:00,1.29,1.29,1.2811,1.29,3000,0
2016-07-01,16:00:00,1.29,1.3,1.2893,1.3,22450,0
2016-07-01,16:05:00,1.3,1.3,1.2907,1.3,7700,0
2016-07-01,16:10:00,1.3,1.3,1.2962,1.3,1300,0
2016-07-01,16:15:00,1.3,1.3,1.3,1.3,400,0
2016-07-01,16:20:00,1.2901,1.3,1.29,1.3,5500,0
2016-07-01,16:25:00,1.3,1.305,1.3,1.3,34994,0
2016-07-01,16:30:00,1.2926,1.3,1.29,1.2998,3215,0
2016-07-01,16:35:00,1.3,1.3,1.295,1.3,400,0
2016-07-01,16:40:00,1.2936,1.3,1.2936,1.3,1008,0
2016-07-01,16:45:00,1.3,1.3,1.3,1.3,500,0
2016-07-01,16:50:00,1.3,1.3,1.3,1.3,900,0
2016-07-01,16:55:00,1.3,1.3,1.3,1.3,500,0
2016-07-01,17:00:00,1.3,1.3,1.2989,1.3,1000,0
2016-07-01,17:05:00,1.3,1.3,1.295,1.3,4696,0
2016-07-01,17:10:00,1.3,1.3,1.2995,1.3,18027,0
2016-07-01,17:15:00,1.3,1.3,1.295,1.3,500,0
2016-07-01,17:20:00,1.3,1.3,1.296,1.3,400,0
2016-07-01,17:25:00,1.3,1.3,1.3,1.3,600,0
2016-07-01,17:30:00,1.3,1.3,1.3,1.3,400,0
2016-07-01,17:35:00,1.3,1.3,1.3,1.3,600,0
2016-07-01,17:40:00,1.3,1.3,1.3,1.3,400,0
2016-07-01,17:45:00,1.3,1.3,1.2901,1.3,2700,0
2016-07-01,17:50:00,1.3,1.3,1.2901,1.3,2000,0
2016-07-01,17:55:00,1.3,1.3,1.3,1.3,300,0
2016-07-01,18:00:00,1.3,1.3,1.3,1.3,400,0
2016-07-01,18:05:00,1.3,1.3,1.3,1.3,800,0
2016-07-01,18:10:00,1.3,1.3,1.2937,1.3,1207,0
2016-07-01,18:15:00,1.3,1.3,1.3,1.3,700,0
2016-07-01,18:20:00,1.3,1.3,1.2937,1.3,700,0
2016-07-01,18:25:00,1.3,1.3,1.3,1.3,500,0
2016-07-01,18:30:00,1.295,1.3,1.2915,1.3,9776,0
2016-07-01,18:35:00,1.3,1.3,1.292,1.3,2900,0
2016-07-01,18:40:00,1.3,1.3,1.3,1.3,300,0
2016-07-01,18:45:00,1.3,1.3,1.295,1.3,10700,0
2016-07-01,18:50:00,1.29,1.3,1.29,1.3,4500,0
2016-07-01,18:55:00,1.3,1.3,1.291,1.3,600,0
2016-07-01,19:00:00,1.3,1.3,1.295,1.3,1550,0
2016-07-01,19:05:00,1.3,1.3,1.3,1.3,600,0
2016-07-01,19:10:00,1.295,1.3,1.295,1.3,1500,0
2016-07-01,19:15:00,1.3,1.3,1.3,1.3,500,0
2016-07-01,19:20:00,1.3,1.3,1.2999,1.2999,1000,0
2016-07-01,19:25:00,1.3,1.3,1.3,1.3,400,0
2016-07-01,19:30:00,1.2963,1.3,1.2963,1.3,850,0
2016-07-01,19:35:00,1.3,1.3,1.3,1.3,700,0
2016-07-01,19:40:00,1.3,1.3,1.2982,1.2982,2700,0
2016-07-01,19:45:00,1.3,1.3,1.2904,1.2904,2500,0
2016-07-01,19:50:00,1.3,1.3,1.295,1.2996,17381,0
2016-07-01,19:55:00,1.3,1.3,1.2971,1.3,1800,0
2016-07-01,20:00:00,1.3,1.3,1.2901,1.2901,2500,0
2016-07-01,20:05:00,1.3,1.3,1.2925,1.3,15900,0
2016-07-01,20:10:00,1.3,1.3,1.295,1.295,1900,0
2016-07-01,20:15:00,1.3,1.3,1.295,1.3,900,0
2016-07-01,20:20:00,1.3,1.3,1.3,1.3,800,0
2016-07-01,20:25:00,1.3,1.3,1.3,1.3,400,0
2016-07-01,20:30:00,1.3,1.3,1.3,1.3,700,0
2016-07-01,20:35:00,1.3,1.3,1.3,1.3,600,0
2016-07-01,20:40:00,1.3,1.3,1.3,1.3,700,0
2016-07-01,20:45:00,1.3,1.3,1.3,1.3,400,0
2016-07-01,20:50:00,1.3,1.3,1.3,1.3,800,0
2016-07-01,20:55:00,1.3,1.3,1.296,1.296,2200,0
2016-07-01,21:00:00,1.3,1.3,1.2951,1.3,752,0
2016-07-01,21:05:00,1.3,1.3,1.29,1.29,1000,0
2016-07-01,21:10:00,1.3,1.3,1.3,1.3,600,0
2016-07-01,21:15:00,1.3,1.3,1.29,1.3,13700,0
2016-07-01,21:20:00,1.3,1.3,1.3,1.3,1200,0
2016-07-01,21:25:00,1.3,1.3,1.3,1.3,5780,0
2016-07-01,21:30:00,1.3,1.3,1.2901,1.3,1300,0
2016-07-01,21:35:00,1.3,1.3,1.3,1.3,1200,0
2016-07-01,21:40:00,1.3,1.3,1.3,1.3,1400,0
2016-07-01,21:45:00,1.3,1.3,1.3,1.3,1600,0
2016-07-01,21:50:00,1.3,1.3,1.3,1.3,1800,0
2016-07-01,21:55:00,1.3,1.3,1.3,1.3,4719,0
2016-07-01,22:00:00,1.3,1.3,1.29,1.3,16141,0
2016-07-05,15:35:00,1.27,1.29,1.27,1.28,35392,0
2016-07-05,15:40:00,1.285,1.285,1.263,1.263,23326,0
2016-07-05,15:45:00,1.27,1.27,1.25,1.25,101115,0
2016-07-05,15:50:00,1.25,1.25,1.24,1.2406,23575,0
2016-07-05,15:55:00,1.25,1.26,1.25,1.26,6800,0
2016-07-05,16:05:00,1.2536,1.2536,1.2536,1.2536,1000,0
2016-07-05,16:10:00,1.2584,1.2584,1.2584,1.2584,1000,0
2016-07-05,16:15:00,1.26,1.26,1.26,1.26,1400,0
2016-07-05,16:20:00,1.27,1.27,1.27,1.27,1420,0
2016-07-05,16:25:00,1.27,1.28,1.27,1.27,1700,0
2016-07-05,16:40:00,1.2689,1.275,1.2689,1.27,3900,0
2016-07-05,16:45:00,1.275,1.28,1.27,1.28,300,0
2016-07-05,16:55:00,1.28,1.28,1.27,1.27,300,0
2016-07-05,17:05:00,1.26,1.265,1.26,1.2634,1500,0
2016-07-05,17:15:00,1.26,1.265,1.26,1.265,700,0
2016-07-05,17:20:00,1.27,1.27,1.27,1.27,300,0
2016-07-05,17:25:00,1.2662,1.2662,1.2662,1.2662,3930,0
2016-07-05,17:30:00,1.27,1.28,1.27,1.27,12300,0
2016-07-05,17:35:00,1.268,1.27,1.268,1.27,327,0
2016-07-05,17:40:00,1.267,1.267,1.267,1.267,1500,0
2016-07-05,17:45:00,1.2635,1.27,1.2601,1.27,2800,0
2016-07-05,17:50:00,1.27,1.27,1.27,1.27,2900,0
2016-07-05,18:00:00,1.27,1.27,1.27,1.27,600,0
2016-07-05,18:05:00,1.26,1.26,1.26,1.26,100,0
2016-07-05,18:15:00,1.27,1.27,1.27,1.27,400,0
2016-07-05,18:20:00,1.27,1.27,1.27,1.27,1000,0
2016-07-05,18:25:00,1.265,1.265,1.26,1.2601,27158,0
2016-07-05,18:30:00,1.27,1.27,1.27,1.27,100,0
2016-07-05,18:35:00,1.26,1.26,1.26,1.26,100,0
2016-07-05,18:40:00,1.26,1.27,1.26,1.27,200,0
2016-07-05,18:45:00,1.27,1.27,1.27,1.27,14000,0
2016-07-05,18:50:00,1.27,1.27,1.265,1.265,2642,0
2016-07-05,18:55:00,1.27,1.27,1.2699,1.2699,559,0
2016-07-05,19:00:00,1.27,1.27,1.27,1.27,100,0
2016-07-05,19:05:00,1.27,1.27,1.26,1.26,200,0
2016-07-05,19:10:00,1.27,1.27,1.2699,1.27,2000,0
2016-07-05,19:15:00,1.2601,1.27,1.2601,1.27,4350,0
2016-07-05,19:20:00,1.2661,1.2661,1.2661,1.2661,200,0
2016-07-05,19:25:00,1.265,1.27,1.265,1.27,300,0
2016-07-05,19:35:00,1.265,1.265,1.26,1.26,300,0
2016-07-05,19:40:00,1.27,1.27,1.27,1.27,300,0
2016-07-05,19:50:00,1.27,1.27,1.26,1.26,300,0
2016-07-05,19:55:00,1.26,1.265,1.26,1.265,1700,0
2016-07-05,20:00:00,1.27,1.27,1.27,1.27,200,0
2016-07-05,20:05:00,1.26,1.27,1.26,1.27,52445,0
2016-07-05,20:10:00,1.26,1.27,1.26,1.27,1000,0
2016-07-05,20:20:00,1.26,1.26,1.26,1.26,900,0
2016-07-05,20:25:00,1.26,1.27,1.26,1.27,1900,0
2016-07-05,20:35:00,1.26,1.265,1.255,1.26,27569,0
2016-07-05,20:40:00,1.2549,1.26,1.2549,1.2574,2200,0
2016-07-05,20:45:00,1.2599,1.2599,1.2599,1.2599,1000,0
2016-07-05,20:50:00,1.26,1.26,1.25,1.255,3400,0
2016-07-05,20:55:00,1.26,1.26,1.26,1.26,200,0
2016-07-05,21:00:00,1.26,1.26,1.26,1.26,200,0
2016-07-05,21:05:00,1.255,1.26,1.25,1.26,10700,0
2016-07-05,21:10:00,1.25,1.27,1.25,1.26,11027,0
2016-07-05,21:15:00,1.26,1.26,1.26,1.26,4500,0
2016-07-05,21:20:00,1.26,1.26,1.26,1.26,2500,0
2016-07-05,21:25:00,1.26,1.26,1.26,1.26,10700,0
2016-07-05,21:30:00,1.26,1.26,1.26,1.26,600,0
2016-07-05,21:35:00,1.26,1.26,1.26,1.26,1600,0
2016-07-05,21:45:00,1.26,1.26,1.26,1.26,500,0
2016-07-05,21:55:00,1.255,1.26,1.25,1.25,9688,0
2016-07-05,22:00:00,1.255,1.26,1.25,1.25,13819,0
2016-07-06,15:35:00,1.24,1.25,1.24,1.25,27800,0
2016-07-06,15:40:00,1.25,1.25,1.24,1.24,19962,0
2016-07-06,15:45:00,1.25,1.25,1.25,1.25,400,0
2016-07-06,15:50:00,1.24,1.24,1.23,1.24,17200,0
2016-07-06,15:55:00,1.24,1.24,1.2399,1.2399,9400,0
2016-07-06,16:00:00,1.24,1.24,1.2313,1.24,8400,0
2016-07-06,16:05:00,1.25,1.25,1.2448,1.25,6160,0
2016-07-06,16:10:00,1.25,1.25,1.25,1.25,300,0
2016-07-06,16:15:00,1.24,1.25,1.23,1.24,56220,0
2016-07-06,16:20:00,1.24,1.24,1.24,1.24,500,0
2016-07-06,16:25:00,1.24,1.24,1.24,1.24,1180,0
2016-07-06,16:30:00,1.24,1.24,1.23,1.24,1430,0
2016-07-06,16:35:00,1.24,1.24,1.24,1.24,200,0
2016-07-06,16:40:00,1.24,1.24,1.23,1.24,2700,0
2016-07-06,16:45:00,1.24,1.24,1.235,1.24,400,0
2016-07-06,16:50:00,1.24,1.24,1.235,1.235,200,0
2016-07-06,16:55:00,1.24,1.24,1.24,1.24,3200,0
2016-07-06,17:05:00,1.23,1.23,1.23,1.23,100,0
2016-07-06,17:10:00,1.25,1.25,1.24,1.24,3413,0
2016-07-06,17:15:00,1.24,1.2436,1.24,1.2436,300,0
2016-07-06,17:20:00,1.24,1.25,1.24,1.2436,5300,0
2016-07-06,17:30:00,1.25,1.25,1.24,1.24,300,0
2016-07-06,17:35:00,1.24,1.24,1.24,1.24,100,0
2016-07-06,17:40:00,1.25,1.25,1.25,1.25,2000,0
2016-07-06,17:45:00,1.25,1.25,1.25,1.25,100,0
2016-07-06,17:50:00,1.24,1.24,1.24,1.24,600,0
2016-07-06,17:55:00,1.24,1.25,1.24,1.24,6541,0
2016-07-06,18:00:00,1.25,1.25,1.24,1.24,200,0
2016-07-06,18:10:00,1.244,1.25,1.24,1.25,1050,0
2016-07-06,18:20:00,1.24,1.24,1.24,1.24,200,0
2016-07-06,18:25:00,1.25,1.25,1.25,1.25,300,0
2016-07-06,18:35:00,1.245,1.245,1.24,1.24,200,0
2016-07-06,18:40:00,1.25,1.25,1.25,1.25,200,0
2016-07-06,18:50:00,1.25,1.25,1.24,1.24,400,0
2016-07-06,19:00:00,1.25,1.25,1.2499,1.25,1200,0
2016-07-06,19:05:00,1.25,1.25,1.2499,1.25,1000,0
2016-07-06,19:10:00,1.24,1.24,1.24,1.24,100,0
2016-07-06,19:15:00,1.24,1.25,1.24,1.25,5200,0
2016-07-06,19:20:00,1.24,1.24,1.24,1.24,100,0
2016-07-06,19:30:00,1.24,1.24,1.24,1.24,3500,0
2016-07-06,19:35:00,1.245,1.25,1.24,1.24,6200,0
2016-07-06,19:40:00,1.25,1.25,1.245,1.245,300,0
2016-07-06,19:50:00,1.24,1.24,1.24,1.24,7400,0
2016-07-06,19:55:00,1.245,1.25,1.245,1.25,2700,0
2016-07-06,20:00:00,1.2485,1.25,1.2485,1.25,1309,0
2016-07-06,20:05:00,1.24,1.24,1.24,1.24,300,0
2016-07-06,20:10:00,1.25,1.25,1.25,1.25,200,0
2016-07-06,20:15:00,1.24,1.24,1.24,1.24,720,0
2016-07-06,20:20:00,1.24,1.24,1.24,1.24,100,0
2016-07-06,20:25:00,1.25,1.25,1.24,1.24,300,0
2016-07-06,20:30:00,1.24,1.24,1.24,1.24,500,0
2016-07-06,20:35:00,1.24,1.25,1.24,1.25,5500,0
2016-07-06,20:40:00,1.25,1.25,1.25,1.25,700,0
2016-07-06,20:45:00,1.24,1.24,1.24,1.24,100,0
2016-07-06,20:50:00,1.2425,1.2425,1.24,1.24,550,0
2016-07-06,20:55:00,1.24,1.25,1.24,1.25,4345,0
2016-07-06,21:00:00,1.245,1.25,1.245,1.25,2700,0
2016-07-06,21:05:00,1.2475,1.2475,1.24,1.24,2975,0
2016-07-06,21:10:00,1.25,1.25,1.245,1.245,300,0
2016-07-06,21:15:00,1.241,1.245,1.241,1.245,1200,0
2016-07-06,21:20:00,1.25,1.25,1.24,1.24,7002,0
2016-07-06,21:25:00,1.245,1.245,1.245,1.245,100,0
2016-07-06,21:30:00,1.245,1.25,1.245,1.25,1100,0
2016-07-06,21:35:00,1.245,1.245,1.24,1.24,200,0
2016-07-06,21:40:00,1.245,1.25,1.245,1.25,400,0
2016-07-06,21:45:00,1.25,1.25,1.245,1.25,1200,0
2016-07-06,21:50:00,1.25,1.25,1.24,1.25,10250,0
2016-07-06,21:55:00,1.25,1.25,1.24,1.25,5579,0
2016-07-06,22:00:00,1.245,1.25,1.24,1.24,5950,0
2016-07-07,15:35:00,1.25,1.25,1.23,1.23,38015,0
2016-07-07,15:40:00,1.24,1.25,1.24,1.2401,14400,0
2016-07-07,15:45:00,1.25,1.25,1.24,1.24,3300,0
2016-07-07,15:50:00,1.25,1.26,1.2401,1.26,32737,0
2016-07-07,15:55:00,1.26,1.26,1.243,1.247,56700,0
2016-07-07,16:00:00,1.24,1.25,1.24,1.25,11000,0
2016-07-07,16:05:00,1.25,1.25,1.25,1.25,3200,0
2016-07-07,16:10:00,1.25,1.25,1.25,1.25,4400,0
2016-07-07,16:15:00,1.25,1.25,1.24,1.25,32120,0
2016-07-07,16:20:00,1.25,1.25,1.2487,1.25,4811,0
2016-07-07,16:25:00,1.25,1.25,1.245,1.25,14100,0
2016-07-07,16:30:00,1.25,1.26,1.25,1.25,44260,0
2016-07-07,16:35:00,1.25,1.25,1.25,1.25,300,0
2016-07-07,16:40:00,1.25,1.25,1.245,1.25,10725,0
2016-07-07,16:45:00,1.25,1.26,1.25,1.25,14027,0
2016-07-07,16:50:00,1.26,1.26,1.2426,1.25,20980,0
2016-07-07,17:00:00,1.25,1.25,1.2449,1.25,12088,0
2016-07-07,17:05:00,1.25,1.25,1.24,1.25,4482,0
2016-07-07,17:10:00,1.25,1.25,1.245,1.25,3900,0
2016-07-07,17:15:00,1.245,1.25,1.245,1.245,4300,0
2016-07-07,17:20:00,1.25,1.25,1.245,1.245,3700,0
2016-07-07,17:25:00,1.25,1.25,1.24,1.245,4800,0
2016-07-07,17:30:00,1.245,1.25,1.24,1.245,4000,0
2016-07-07,17:35:00,1.25,1.25,1.245,1.2479,8800,0
2016-07-07,17:40:00,1.25,1.25,1.241,1.25,8200,0
2016-07-07,17:45:00,1.25,1.25,1.2438,1.25,5500,0
2016-07-07,17:50:00,1.245,1.25,1.24,1.25,15440,0
2016-07-07,17:55:00,1.24,1.25,1.235,1.235,36626,0
2016-07-07,18:00:00,1.24,1.24,1.235,1.235,800,0
2016-07-07,18:05:00,1.2399,1.24,1.235,1.24,9924,0
2016-07-07,18:10:00,1.24,1.25,1.235,1.24,18260,0
2016-07-07,18:15:00,1.245,1.25,1.24,1.25,5100,0
2016-07-07,18:20:00,1.24,1.25,1.24,1.245,12700,0
2016-07-07,18:25:00,1.245,1.25,1.24,1.25,9600,0
2016-07-07,18:30:00,1.25,1.25,1.245,1.25,6000,0
2016-07-07,18:35:00,1.25,1.25,1.24,1.25,11200,0
2016-07-07,18:40:00,1.245,1.25,1.235,1.235,21800,0
2016-07-07,18:45:00,1.235,1.24,1.235,1.235,12600,0
2016-07-07,18:50:00,1.234,1.24,1.234,1.24,14202,0
2016-07-07,18:55:00,1.24,1.24,1.235,1.24,3900,0
2016-07-07,19:00:00,1.24,1.24,1.235,1.24,3600,0
2016-07-07,19:05:00,1.235,1.24,1.235,1.24,3100,0
2016-07-07,19:10:00,1.24,1.24,1.235,1.24,8500,0
2016-07-07,19:15:00,1.235,1.24,1.235,1.238,4600,0
2016-07-07,19:20:00,1.24,1.24,1.24,1.24,3735,0
2016-07-07,19:25:00,1.24,1.24,1.24,1.24,5252,0
2016-07-07,19:30:00,1.24,1.24,1.24,1.24,3200,0
2016-07-07,19:35:00,1.24,1.25,1.24,1.25,8600,0
2016-07-07,19:40:00,1.25,1.25,1.245,1.25,2600,0
2016-07-07,19:45:00,1.245,1.25,1.245,1.25,5700,0
2016-07-07,19:50:00,1.25,1.25,1.245,1.25,2800,0
2016-07-07,19:55:00,1.25,1.25,1.25,1.25,2600,0
2016-07-07,20:00:00,1.25,1.25,1.245,1.25,3000,0
2016-07-07,20:05:00,1.25,1.25,1.25,1.25,4300,0
2016-07-07,20:10:00,1.25,1.25,1.2401,1.25,6938,0
2016-07-07,20:15:00,1.25,1.25,1.25,1.25,5300,0
2016-07-07,20:20:00,1.25,1.25,1.245,1.25,4200,0
2016-07-07,20:25:00,1.25,1.25,1.2407,1.25,7800,0
2016-07-07,20:30:00,1.25,1.25,1.25,1.25,3225,0
2016-07-07,20:35:00,1.25,1.25,1.245,1.25,4855,0
2016-07-07,20:40:00,1.25,1.25,1.24,1.25,4600,0
2016-07-07,20:45:00,1.25,1.25,1.25,1.25,3125,0
2016-07-07,20:50:00,1.25,1.25,1.25,1.25,6200,0
2016-07-07,20:55:00,1.25,1.25,1.2499,1.25,11800,0
2016-07-07,21:00:00,1.25,1.25,1.25,1.25,3900,0
2016-07-07,21:05:00,1.25,1.25,1.25,1.25,2941,0
2016-07-07,21:10:00,1.25,1.26,1.25,1.255,10177,0
2016-07-07,21:15:00,1.255,1.26,1.25,1.25,18460,0
2016-07-07,21:20:00,1.25,1.26,1.25,1.25,1000,0
2016-07-07,21:25:00,1.25,1.25,1.25,1.25,1800,0
2016-07-07,21:30:00,1.25,1.25,1.25,1.25,4600,0
2016-07-07,21:35:00,1.25,1.25,1.24,1.25,11939,0
2016-07-07,21:40:00,1.25,1.25,1.25,1.25,6500,0
2016-07-07,21:45:00,1.25,1.26,1.25,1.25,51196,0
2016-07-07,21:50:00,1.24,1.25,1.24,1.25,2600,0
2016-07-07,21:55:00,1.25,1.26,1.25,1.26,15939,0
2016-07-07,22:00:00,1.26,1.27,1.25,1.26,72441,0
2016-07-08,15:35:00,1.28,1.28,1.27,1.28,81162,0
2016-07-08,15:40:00,1.27,1.28,1.27,1.28,38443,0
2016-07-08,15:45:00,1.28,1.29,1.28,1.29,11386,0
2016-07-08,15:50:00,1.29,1.3,1.29,1.3,99232,0
2016-07-08,15:55:00,1.295,1.3,1.2901,1.3,72700,0
2016-07-08,16:00:00,1.3,1.3,1.29,1.3,26696,0
2016-07-08,16:05:00,1.3,1.31,1.2999,1.2999,52250,0
2016-07-08,16:10:00,1.3,1.3,1.3,1.3,20000,0
2016-07-08,16:15:00,1.3,1.3,1.2986,1.2986,15800,0
2016-07-08,16:20:00,1.3,1.3,1.2999,1.2999,15600,0
2016-07-08,16:25:00,1.3,1.3,1.2999,1.3,15900,0
2016-07-08,16:30:00,1.3,1.31,1.2999,1.31,8500,0
2016-07-08,16:35:00,1.31,1.31,1.3,1.3099,11800,0
2016-07-08,16:40:00,1.31,1.31,1.3,1.3099,19800,0
2016-07-08,16:45:00,1.305,1.31,1.3,1.31,34300,0
2016-07-08,16:50:00,1.31,1.3174,1.3093,1.31,69000,0
2016-07-08,16:55:00,1.31,1.31,1.3,1.3,61311,0
2016-07-08,17:00:00,1.3,1.3,1.29,1.3,20549,0
2016-07-08,17:05:00,1.3,1.3,1.29,1.2999,37251,0
2016-07-08,17:10:00,1.3,1.3,1.2983,1.3,802,0
2016-07-08,17:15:00,1.3,1.3,1.29,1.2982,550,0
2016-07-08,17:20:00,1.3,1.3,1.3,1.3,700,0
2016-07-08,17:25:00,1.3,1.3,1.3,1.3,600,0
2016-07-08,17:30:00,1.3,1.3,1.3,1.3,400,0
2016-07-08,17:35:00,1.295,1.3,1.29,1.3,2550,0
2016-07-08,17:40:00,1.3,1.3,1.3,1.3,500,0
2016-07-08,17:45:00,1.3,1.3,1.3,1.3,600,0
2016-07-08,17:50:00,1.3,1.3,1.3,1.3,400,0
2016-07-08,17:55:00,1.3,1.3,1.29,1.29,5600,0
2016-07-08,18:00:00,1.29,1.3,1.29,1.3,500,0
2016-07-08,18:05:00,1.3,1.3,1.3,1.3,500,0
2016-07-08,18:10:00,1.3,1.3,1.3,1.3,300,0
2016-07-08,18:15:00,1.3,1.3,1.294,1.3,1050,0
2016-07-08,18:20:00,1.3,1.3,1.3,1.3,400,0
2016-07-08,18:25:00,1.3,1.3,1.3,1.3,400,0
2016-07-08,18:30:00,1.3,1.3,1.3,1.3,800,0
2016-07-08,18:35:00,1.3,1.3,1.3,1.3,500,0
2016-07-08,18:40:00,1.3,1.3,1.2911,1.3,400,0
2016-07-08,18:45:00,1.3,1.3,1.3,1.3,300,0
2016-07-08,18:50:00,1.3,1.3,1.3,1.3,300,0
2016-07-08,18:55:00,1.3,1.3,1.3,1.3,600,0
2016-07-08,19:00:00,1.3,1.31,1.3,1.31,19320,0
2016-07-08,19:05:00,1.31,1.31,1.3064,1.31,2050,0
2016-07-08,19:10:00,1.31,1.31,1.31,1.31,500,0
2016-07-08,19:15:00,1.31,1.31,1.304,1.31,1275,0
2016-07-08,19:20:00,1.31,1.31,1.3,1.31,400,0
2016-07-08,19:25:00,1.31,1.31,1.31,1.31,300,0
2016-07-08,19:30:00,1.31,1.31,1.31,1.31,400,0
2016-07-08,19:35:00,1.31,1.31,1.3001,1.31,3500,0
2016-07-08,19:40:00,1.31,1.31,1.3,1.3,10194,0
2016-07-08,19:45:00,1.31,1.31,1.31,1.31,200,0
2016-07-08,19:50:00,1.31,1.31,1.3001,1.3001,1100,0
2016-07-08,19:55:00,1.31,1.31,1.3001,1.31,4600,0
2016-07-08,20:00:00,1.31,1.31,1.31,1.31,400,0
2016-07-08,20:05:00,1.31,1.31,1.3,1.3,6800,0
2016-07-08,20:10:00,1.31,1.31,1.3,1.3,2108,0
2016-07-08,20:15:00,1.31,1.31,1.3,1.3,820,0
2016-07-08,20:20:00,1.31,1.31,1.3,1.3,19770,0
2016-07-08,20:25:00,1.31,1.31,1.305,1.305,700,0
2016-07-08,20:30:00,1.31,1.31,1.3,1.3,8880,0
2016-07-08,20:35:00,1.31,1.31,1.3,1.31,8400,0
2016-07-08,20:40:00,1.31,1.31,1.3,1.31,400,0
2016-07-08,20:45:00,1.305,1.305,1.3,1.3,1550,0
2016-07-08,20:50:00,1.31,1.31,1.3099,1.3099,1600,0
2016-07-08,20:55:00,1.3,1.31,1.3,1.31,2100,0
2016-07-08,21:00:00,1.31,1.31,1.3,1.31,9950,0
2016-07-08,21:05:00,1.31,1.31,1.28,1.28,72321,0
2016-07-08,21:10:00,1.28,1.29,1.28,1.29,3600,0
2016-07-08,21:15:00,1.29,1.29,1.29,1.29,100,0
2016-07-08,21:20:00,1.29,1.29,1.29,1.29,3600,0
2016-07-08,21:25:00,1.29,1.29,1.29,1.29,600,0
2016-07-08,21:30:00,1.29,1.29,1.285,1.29,1100,0
2016-07-08,21:35:00,1.29,1.29,1.28,1.29,11400,0
2016-07-08,21:40:00,1.29,1.29,1.29,1.29,3900,0
2016-07-08,21:45:00,1.29,1.29,1.28,1.29,7491,0
2016-07-08,21:50:00,1.29,1.29,1.29,1.29,1000,0
2016-07-08,21:55:00,1.29,1.29,1.28,1.285,28452,0
2016-07-08,22:00:00,1.29,1.29,1.28,1.29,22374,0
