Date,Time,Open,High,Low,Close,Volume,OpenInt
2016-06-17,15:35:00,17.52,17.52,17.52,17.52,18203,0
2016-06-17,15:40:00,17.3,17.3,17.3,17.3,100,0
2016-06-17,15:45:00,17.45,17.49,17.45,17.49,400,0
2016-06-17,15:50:00,17.54,17.59,17.51,17.51,2800,0
2016-06-17,15:55:00,17.54,17.54,17.46,17.46,400,0
2016-06-17,16:05:00,17.45,17.45,17.41,17.41,400,0
2016-06-17,16:10:00,17.46,17.5,17.46,17.5,300,0
2016-06-17,16:15:00,17.5,17.5,17.5,17.5,100,0
2016-06-17,16:25:00,17.54,17.58,17.54,17.54,800,0
2016-06-17,16:30:00,17.58,17.58,17.58,17.58,100,0
2016-06-17,16:35:00,17.51,17.55,17.5,17.55,400,0
2016-06-17,16:40:00,17.54,17.57,17.54,17.57,600,0
2016-06-17,16:45:00,17.58,17.61,17.58,17.58,850,0
2016-06-17,16:50:00,17.63,17.63,17.63,17.63,100,0
2016-06-17,16:55:00,17.62,17.62,17.6072,17.6072,200,0
2016-06-17,17:00:00,17.6,17.6,17.6,17.6,200,0
2016-06-17,17:05:00,17.57,17.57,17.57,17.57,200,0
2016-06-17,17:10:00,17.55,17.55,17.53,17.53,300,0
2016-06-17,17:15:00,17.56,17.56,17.52,17.537,300,0
2016-06-17,17:20:00,17.49,17.5,17.46,17.5,600,0
2016-06-17,17:25:00,17.5,17.5,17.47,17.49,800,0
2016-06-17,17:35:00,17.46,17.46,17.46,17.46,100,0
2016-06-17,17:45:00,17.49,17.49,17.49,17.49,100,0
2016-06-17,17:55:00,17.46,17.51,17.46,17.51,400,0
2016-06-17,18:00:00,17.51,17.5234,17.51,17.5234,400,0
2016-06-17,18:10:00,17.51,17.53,17.51,17.53,400,0
2016-06-17,18:20:00,17.52,17.52,17.52,17.52,200,0
2016-06-17,18:30:00,17.47,17.47,17.47,17.47,100,0
2016-06-17,18:45:00,17.53,17.53,17.53,17.53,100,0
2016-06-17,18:55:00,17.48,17.48,17.48,17.48,100,0
2016-06-17,19:05:00,17.42,17.45,17.42,17.44,550,0
2016-06-17,19:10:00,17.46,17.46,17.46,17.46,300,0
2016-06-17,19:15:00,17.47,17.47,17.44,17.44,500,0
2016-06-17,19:30:00,17.47,17.47,17.47,17.47,100,0
2016-06-17,19:40:00,17.472,17.472,17.47,17.47,225,0
2016-06-17,19:45:00,17.5,17.5,17.5,17.5,100,0
2016-06-17,19:55:00,17.55,17.56,17.51,17.51,900,0
2016-06-17,20:00:00,17.53,17.53,17.5,17.5,200,0
2016-06-17,20:10:00,17.5,17.5,17.425,17.425,2600,0
2016-06-17,20:15:00,17.45,17.49,17.45,17.49,900,0
2016-06-17,20:20:00,17.46,17.46,17.46,17.46,100,0
2016-06-17,20:25:00,17.46,17.47,17.445,17.47,2100,0
2016-06-17,20:30:00,17.5,17.5,17.49,17.49,600,0
2016-06-17,20:35:00,17.54,17.54,17.54,17.54,100,0
2016-06-17,20:40:00,17.55,17.55,17.53,17.53,200,0
2016-06-17,20:45:00,17.59,17.59,17.59,17.59,100,0
2016-06-17,20:50:00,17.55,17.55,17.55,17.55,200,0
2016-06-17,20:55:00,17.51,17.54,17.51,17.54,200,0
2016-06-17,21:00:00,17.5,17.5,17.5,17.5,100,0
2016-06-17,21:05:00,17.55,17.55,17.49,17.49,200,0
2016-06-17,21:10:00,17.49,17.49,17.46,17.46,300,0
2016-06-17,21:15:00,17.48,17.52,17.48,17.51,700,0
2016-06-17,21:20:00,17.53,17.53,17.5,17.5,256,0
2016-06-17,21:25:00,17.49,17.49,17.49,17.49,200,0
2016-06-17,21:30:00,17.5115,17.53,17.5115,17.53,1600,0
2016-06-17,21:40:00,17.52,17.55,17.5,17.5,1389,0
2016-06-17,21:45:00,17.4935,17.51,17.4935,17.51,200,0
2016-06-17,21:50:00,17.48,17.51,17.48,17.51,1500,0
2016-06-17,21:55:00,17.51,17.52,17.48,17.5,2300,0
2016-06-17,22:00:00,17.51,17.59,17.51,17.57,13321,0
2016-06-20,15:35:00,17.65,17.76,17.65,17.76,4968,0
2016-06-20,15:40:00,17.88,17.9,17.88,17.9,400,0
2016-06-20,15:45:00,17.87,17.9,17.86,17.9,1600,0
2016-06-20,15:50:00,17.945,17.945,17.81,17.85,4024,0
2016-06-20,15:55:00,17.9,17.9,17.81,17.81,800,0
2016-06-20,16:00:00,17.79,17.79,17.76,17.76,200,0
2016-06-20,16:05:00,17.9,17.9,17.9,17.9,100,0
2016-06-20,16:10:00,17.94,17.97,17.94,17.97,1407,0
2016-06-20,16:15:00,17.97,17.98,17.88,17.92,4050,0
2016-06-20,16:20:00,17.92,17.92,17.91,17.91,500,0
2016-06-20,16:25:00,17.86,17.87,17.85,17.854,1200,0
2016-06-20,16:30:00,17.85,17.85,17.85,17.85,100,0
2016-06-20,16:35:00,17.84,17.89,17.84,17.89,1344,0
2016-06-20,16:45:00,17.94,17.97,17.94,17.96,650,0
2016-06-20,16:50:00,17.99,18,17.95,17.95,700,0
2016-06-20,16:55:00,17.93,17.93,17.92,17.92,200,0
2016-06-20,17:00:00,17.945,17.945,17.9,17.9,300,0
2016-06-20,17:05:00,17.9,17.92,17.9,17.92,400,0
2016-06-20,17:10:00,17.94,17.94,17.94,17.94,300,0
2016-06-20,17:15:00,17.95,17.95,17.95,17.95,300,0
2016-06-20,17:20:00,17.92,17.92,17.92,17.92,100,0
2016-06-20,17:25:00,17.94,17.94,17.9286,17.93,1500,0
2016-06-20,17:30:00,17.89,17.9,17.89,17.9,300,0
2016-06-20,17:35:00,17.88,17.8831,17.84,17.88,2892,0
2016-06-20,17:40:00,17.8801,17.93,17.86,17.86,2300,0
2016-06-20,17:45:00,17.86,17.92,17.86,17.92,600,0
2016-06-20,17:50:00,17.9,17.9146,17.9,17.91,300,0
2016-06-20,17:55:00,17.88,17.88,17.88,17.88,100,0
2016-06-20,18:00:00,17.86,17.86,17.86,17.86,100,0
2016-06-20,18:05:00,17.87,17.91,17.87,17.91,700,0
2016-06-20,18:15:00,17.92,17.92,17.89,17.89,849,0
2016-06-20,18:20:00,17.89,17.89,17.89,17.89,300,0
2016-06-20,18:25:00,17.88,17.88,17.88,17.88,100,0
2016-06-20,18:30:00,17.89,17.89,17.89,17.89,100,0
2016-06-20,18:35:00,17.9,17.92,17.9,17.92,400,0
2016-06-20,18:45:00,17.88,17.88,17.88,17.88,100,0
2016-06-20,18:50:00,17.91,17.96,17.91,17.96,500,0
2016-06-20,18:55:00,17.91,17.9251,17.91,17.91,700,0
2016-06-20,19:10:00,17.86,17.86,17.86,17.86,100,0
2016-06-20,19:15:00,17.8496,17.8625,17.8496,17.85,400,0
2016-06-20,19:20:00,17.79,17.83,17.79,17.83,600,0
2016-06-20,19:35:00,17.78,17.78,17.77,17.78,300,0
2016-06-20,19:40:00,17.79,17.83,17.79,17.8,1100,0
2016-06-20,19:50:00,17.79,17.79,17.79,17.79,300,0
2016-06-20,19:55:00,17.8,17.8,17.8,17.8,100,0
2016-06-20,20:00:00,17.79,17.79,17.79,17.79,100,0
2016-06-20,20:05:00,17.77,17.77,17.77,17.77,100,0
2016-06-20,20:10:00,17.77,17.77,17.77,17.77,100,0
2016-06-20,20:15:00,17.75,17.75,17.725,17.725,600,0
2016-06-20,20:20:00,17.72,17.75,17.72,17.74,800,0
2016-06-20,20:30:00,17.77,17.77,17.77,17.77,100,0
2016-06-20,20:35:00,17.77,17.77,17.77,17.77,100,0
2016-06-20,20:40:00,17.77,17.77,17.74,17.74,1364,0
2016-06-20,20:45:00,17.74,17.75,17.72,17.725,1670,0
2016-06-20,21:00:00,17.69,17.73,17.69,17.73,800,0
2016-06-20,21:10:00,17.74,17.74,17.72,17.73,400,0
2016-06-20,21:15:00,17.715,17.715,17.7,17.71,300,0
2016-06-20,21:20:00,17.705,17.705,17.68,17.7,500,0
2016-06-20,21:25:00,17.71,17.71,17.68,17.68,200,0
2016-06-20,21:30:00,17.69,17.69,17.66,17.68,1667,0
2016-06-20,21:35:00,17.66,17.66,17.63,17.66,1750,0
2016-06-20,21:40:00,17.6599,17.69,17.6599,17.69,1700,0
2016-06-20,21:45:00,17.7,17.7,17.69,17.69,628,0
2016-06-20,21:50:00,17.63,17.65,17.63,17.65,1300,0
2016-06-20,21:55:00,17.66,17.66,17.64,17.65,1600,0
2016-06-20,22:00:00,17.66,17.67,17.62,17.64,2819,0
2016-06-21,15:35:00,17.64,17.64,17.64,17.64,363,0
2016-06-21,15:40:00,17.746,17.746,17.54,17.54,500,0
2016-06-21,15:45:00,17.58,17.59,17.5,17.53,4200,0
2016-06-21,15:50:00,17.47,17.5,17.45,17.49,1400,0
2016-06-21,15:55:00,17.51,17.55,17.4701,17.54,900,0
2016-06-21,16:00:00,17.5,17.5,17.42,17.42,1587,0
2016-06-21,16:05:00,17.4,17.4,17.255,17.29,3091,0
2016-06-21,16:10:00,17.26,17.35,17.26,17.27,6300,0
2016-06-21,16:15:00,17.28,17.33,17.28,17.33,1625,0
2016-06-21,16:20:00,17.29,17.29,17.25,17.27,1700,0
2016-06-21,16:25:00,17.29,17.29,17.21,17.25,3375,0
2016-06-21,16:30:00,17.295,17.3,17.27,17.27,300,0
2016-06-21,16:35:00,17.33,17.41,17.33,17.41,200,0
2016-06-21,16:40:00,17.38,17.38,17.32,17.32,1600,0
2016-06-21,16:45:00,17.33,17.38,17.33,17.38,1074,0
2016-06-21,16:55:00,17.34,17.34,17.34,17.34,600,0
2016-06-21,17:05:00,17.335,17.335,17.33,17.33,1100,0
2016-06-21,17:10:00,17.33,17.34,17.33,17.34,300,0
2016-06-21,17:15:00,17.33,17.33,17.33,17.33,100,0
2016-06-21,17:20:00,17.34,17.34,17.34,17.34,200,0
2016-06-21,17:25:00,17.37,17.39,17.37,17.39,600,0
2016-06-21,17:35:00,17.38,17.38,17.38,17.38,100,0
2016-06-21,17:45:00,17.32,17.32,17.32,17.32,200,0
2016-06-21,17:50:00,17.31,17.31,17.31,17.31,100,0
2016-06-21,17:55:00,17.28,17.2832,17.28,17.2832,400,0
2016-06-21,18:00:00,17.3,17.3,17.3,17.3,200,0
2016-06-21,18:10:00,17.31,17.32,17.31,17.31,500,0
2016-06-21,18:20:00,17.34,17.34,17.34,17.34,108,0
2016-06-21,18:30:00,17.33,17.34,17.33,17.34,600,0
2016-06-21,18:35:00,17.32,17.32,17.32,17.32,100,0
2016-06-21,18:40:00,17.31,17.31,17.305,17.305,245,0
2016-06-21,18:50:00,17.32,17.38,17.29,17.295,4480,0
2016-06-21,18:55:00,17.29,17.29,17.25,17.26,7180,0
2016-06-21,19:00:00,17.265,17.265,17.25,17.25,1300,0
2016-06-21,19:05:00,17.25,17.35,17.25,17.35,1107,0
2016-06-21,19:10:00,17.34,17.39,17.34,17.39,1100,0
2016-06-21,19:15:00,17.4,17.48,17.4,17.4699,2500,0
2016-06-21,19:20:00,17.41,17.41,17.4,17.4,476,0
2016-06-21,19:25:00,17.39,17.45,17.39,17.45,800,0
2016-06-21,19:40:00,17.4,17.4,17.4,17.4,300,0
2016-06-21,19:45:00,17.34,17.34,17.34,17.34,100,0
2016-06-21,19:50:00,17.32,17.33,17.29,17.32,2500,0
2016-06-21,19:55:00,17.32,17.32,17.32,17.32,100,0
2016-06-21,20:00:00,17.32,17.39,17.32,17.39,2300,0
2016-06-21,20:05:00,17.375,17.375,17.35,17.35,400,0
2016-06-21,20:10:00,17.32,17.32,17.31,17.314,700,0
2016-06-21,20:20:00,17.32,17.32,17.32,17.32,500,0
2016-06-21,20:25:00,17.34,17.41,17.33,17.41,32930,0
2016-06-21,20:30:00,17.41,17.41,17.38,17.395,2700,0
2016-06-21,20:35:00,17.4,17.41,17.39,17.41,1597,0
2016-06-21,20:40:00,17.47,17.52,17.46,17.51,5900,0
2016-06-21,20:45:00,17.49,17.49,17.47,17.47,800,0
2016-06-21,20:50:00,17.43,17.47,17.43,17.47,900,0
2016-06-21,20:55:00,17.48,17.52,17.48,17.52,200,0
2016-06-21,21:00:00,17.5,17.51,17.4601,17.505,1600,0
2016-06-21,21:05:00,17.47,17.51,17.46,17.51,500,0
2016-06-21,21:10:00,17.4701,17.495,17.4701,17.495,300,0
2016-06-21,21:15:00,17.5,17.5,17.5,17.5,100,0
2016-06-21,21:20:00,17.49,17.52,17.49,17.52,711,0
2016-06-21,21:25:00,17.5,17.5,17.5,17.5,329,0
2016-06-21,21:30:00,17.52,17.53,17.52,17.53,800,0
2016-06-21,21:35:00,17.53,17.53,17.49,17.5,1200,0
2016-06-21,21:40:00,17.5,17.53,17.5,17.52,1000,0
2016-06-21,21:45:00,17.54,17.59,17.53,17.57,1300,0
2016-06-21,21:50:00,17.59,17.59,17.55,17.56,2133,0
2016-06-21,21:55:00,17.58,17.59,17.56,17.59,2000,0
2016-06-21,22:00:00,17.56,17.57,17.53,17.55,6038,0
2016-06-22,15:35:00,17.6,17.78,17.6,17.7,2567,0
2016-06-22,15:40:00,17.68,17.7,17.54,17.585,3793,0
2016-06-22,15:45:00,17.58,17.58,17.52,17.52,950,0
2016-06-22,15:50:00,17.6,17.6,17.52,17.53,300,0
2016-06-22,15:55:00,17.58,17.58,17.53,17.53,700,0
2016-06-22,16:00:00,17.52,17.52,17.51,17.51,400,0
2016-06-22,16:05:00,17.51,17.51,17.43,17.43,900,0
2016-06-22,16:10:00,17.4199,17.4199,17.4,17.4,276,0
2016-06-22,16:15:00,17.335,17.36,17.3,17.34,550,0
2016-06-22,16:20:00,17.33,17.4025,17.33,17.35,19867,0
2016-06-22,16:25:00,17.34,17.41,17.3,17.38,6399,0
2016-06-22,16:30:00,17.36,17.4,17.36,17.39,673,0
2016-06-22,16:35:00,17.39,17.51,17.39,17.43,2506,0
2016-06-22,16:40:00,17.49,17.49,17.43,17.43,2400,0
2016-06-22,16:45:00,17.41,17.42,17.41,17.42,200,0
2016-06-22,16:50:00,17.42,17.47,17.42,17.46,700,0
2016-06-22,16:55:00,17.5,17.55,17.5,17.54,500,0
2016-06-22,17:00:00,17.51,17.51,17.51,17.51,300,0
2016-06-22,17:05:00,17.55,17.56,17.55,17.56,200,0
2016-06-22,17:10:00,17.57,17.57,17.54,17.54,200,0
2016-06-22,17:15:00,17.54,17.58,17.54,17.58,400,0
2016-06-22,17:20:00,17.57,17.63,17.54,17.63,1400,0
2016-06-22,17:25:00,17.59,17.6,17.5692,17.59,1200,0
2016-06-22,17:30:00,17.57,17.6,17.57,17.59,500,0
2016-06-22,17:35:00,17.56,17.56,17.54,17.54,200,0
2016-06-22,17:40:00,17.55,17.56,17.54,17.54,700,0
2016-06-22,17:50:00,17.51,17.51,17.48,17.48,200,0
2016-06-22,17:55:00,17.48,17.52,17.48,17.52,200,0
2016-06-22,18:00:00,17.5,17.5,17.47,17.47,545,0
2016-06-22,18:05:00,17.51,17.51,17.46,17.46,200,0
2016-06-22,18:15:00,17.47,17.47,17.47,17.47,100,0
2016-06-22,18:20:00,17.48,17.51,17.48,17.48,300,0
2016-06-22,18:25:00,17.49,17.49,17.4,17.4,704,0
2016-06-22,18:30:00,17.42,17.43,17.41,17.41,300,0
2016-06-22,18:35:00,17.52,17.52,17.52,17.52,100,0
2016-06-22,18:40:00,17.48,17.48,17.47,17.47,400,0
2016-06-22,18:45:00,17.45,17.45,17.4,17.44,600,0
2016-06-22,18:50:00,17.46,17.5,17.46,17.5,300,0
2016-06-22,18:55:00,17.47,17.47,17.47,17.47,100,0
2016-06-22,19:00:00,17.46,17.46,17.46,17.46,100,0
2016-06-22,19:05:00,17.46,17.46,17.38,17.41,492,0
2016-06-22,19:10:00,17.48,17.48,17.41,17.46,600,0
2016-06-22,19:15:00,17.45,17.45,17.44,17.45,600,0
2016-06-22,19:20:00,17.43,17.44,17.36,17.44,5200,0
2016-06-22,19:25:00,17.43,17.43,17.405,17.405,800,0
2016-06-22,19:30:00,17.44,17.44,17.4,17.4,300,0
2016-06-22,19:35:00,17.43,17.44,17.43,17.43,400,0
2016-06-22,19:40:00,17.43,17.43,17.43,17.43,100,0
2016-06-22,19:45:00,17.42,17.42,17.42,17.42,200,0
2016-06-22,19:50:00,17.4,17.4,17.4,17.4,200,0
2016-06-22,19:55:00,17.4,17.4,17.4,17.4,100,0
2016-06-22,20:00:00,17.42,17.42,17.42,17.42,100,0
2016-06-22,20:05:00,17.41,17.42,17.41,17.42,200,0
2016-06-22,20:10:00,17.42,17.42,17.42,17.42,300,0
2016-06-22,20:15:00,17.41,17.41,17.41,17.41,200,0
2016-06-22,20:20:00,17.41,17.41,17.41,17.41,100,0
2016-06-22,20:25:00,17.4,17.4,17.39,17.39,479,0
2016-06-22,20:30:00,17.39,17.45,17.39,17.43,600,0
2016-06-22,20:35:00,17.41,17.41,17.41,17.41,100,0
2016-06-22,20:40:00,17.41,17.41,17.39,17.4,1000,0
2016-06-22,20:45:00,17.4,17.4,17.4,17.4,400,0
2016-06-22,20:50:00,17.39,17.39,17.39,17.39,100,0
2016-06-22,20:55:00,17.39,17.4,17.39,17.4,200,0
2016-06-22,21:00:00,17.41,17.41,17.39,17.4,400,0
2016-06-22,21:05:00,17.42,17.438,17.4,17.438,1300,0
2016-06-22,21:10:00,17.44,17.44,17.41,17.41,200,0
2016-06-22,21:15:00,17.41,17.411,17.39,17.39,400,0
2016-06-22,21:20:00,17.42,17.42,17.39,17.39,300,0
2016-06-22,21:25:00,17.39,17.4,17.355,17.355,1445,0
2016-06-22,21:30:00,17.37,17.37,17.3673,17.3673,400,0
2016-06-22,21:35:00,17.38,17.44,17.38,17.44,1900,0
2016-06-22,21:40:00,17.42,17.42,17.42,17.42,200,0
2016-06-22,21:45:00,17.44,17.495,17.44,17.46,2000,0
2016-06-22,21:50:00,17.45,17.46,17.45,17.46,200,0
2016-06-22,21:55:00,17.46,17.49,17.452,17.49,2800,0
2016-06-22,22:00:00,17.49,17.49,17.43,17.46,3754,0
2016-06-23,15:35:00,17.64,17.64,17.64,17.64,319,0
2016-06-23,15:40:00,17.5,17.5,17.5,17.5,250,0
2016-06-23,15:50:00,17.71,17.768,17.71,17.73,900,0
2016-06-23,15:55:00,17.73,17.73,17.59,17.59,500,0
2016-06-23,16:00:00,17.684,17.684,17.684,17.684,100,0
2016-06-23,16:05:00,17.62,17.62,17.62,17.62,100,0
2016-06-23,16:10:00,17.68,17.71,17.68,17.71,200,0
2016-06-23,16:15:00,17.67,17.68,17.6675,17.6675,400,0
2016-06-23,16:20:00,17.68,17.75,17.68,17.75,1900,0
2016-06-23,16:25:00,17.85,17.85,17.85,17.85,200,0
2016-06-23,16:30:00,17.81,17.81,17.81,17.81,100,0
2016-06-23,16:35:00,17.79,17.8,17.75,17.7886,1700,0
2016-06-23,16:40:00,17.77,17.77,17.7675,17.7675,400,0
2016-06-23,16:45:00,17.79,17.79,17.77,17.78,400,0
2016-06-23,16:50:00,17.8,17.8,17.8,17.8,200,0
2016-06-23,16:55:00,17.84,17.86,17.79,17.82,700,0
2016-06-23,17:00:00,17.81,17.81,17.74,17.74,619,0
2016-06-23,17:05:00,17.81,17.81,17.81,17.81,100,0
2016-06-23,17:10:00,17.77,17.77,17.77,17.77,100,0
2016-06-23,17:15:00,17.76,17.82,17.76,17.82,1400,0
2016-06-23,17:20:00,17.82,17.86,17.82,17.86,572,0
2016-06-23,17:25:00,17.86,17.86,17.79,17.825,800,0
2016-06-23,17:30:00,17.83,17.83,17.83,17.83,100,0
2016-06-23,17:35:00,17.82,17.82,17.82,17.82,100,0
2016-06-23,17:40:00,17.85,17.85,17.85,17.85,300,0
2016-06-23,17:45:00,17.85,17.85,17.83,17.83,200,0
2016-06-23,17:50:00,17.815,17.86,17.815,17.86,1100,0
2016-06-23,17:55:00,17.86,17.9,17.86,17.88,800,0
2016-06-23,18:05:00,17.93,17.93,17.86,17.86,918,0
2016-06-23,18:10:00,17.91,17.91,17.91,17.91,200,0
2016-06-23,18:15:00,17.87,17.87,17.87,17.87,100,0
2016-06-23,18:20:00,17.89,17.89,17.89,17.89,200,0
2016-06-23,18:25:00,17.87,17.87,17.86,17.86,300,0
2016-06-23,18:30:00,17.84,17.8415,17.82,17.82,400,0
2016-06-23,18:35:00,17.84,17.84,17.84,17.84,100,0
2016-06-23,18:50:00,17.81,17.81,17.77,17.77,700,0
2016-06-23,18:55:00,17.77,17.77,17.77,17.77,100,0
2016-06-23,19:00:00,17.79,17.7901,17.79,17.7901,500,0
2016-06-23,19:10:00,17.79,17.8,17.76,17.77,900,0
2016-06-23,19:15:00,17.75,17.8,17.75,17.8,500,0
2016-06-23,19:25:00,17.83,17.83,17.83,17.83,200,0
2016-06-23,19:30:00,17.82,17.82,17.8,17.8,200,0
2016-06-23,19:35:00,17.81,17.83,17.81,17.83,200,0
2016-06-23,19:40:00,17.79,17.79,17.79,17.79,200,0
2016-06-23,19:50:00,17.77,17.77,17.77,17.77,100,0
2016-06-23,19:55:00,17.75,17.78,17.75,17.78,200,0
2016-06-23,20:05:00,17.75,17.75,17.74,17.74,400,0
2016-06-23,20:30:00,17.76,17.76,17.76,17.76,100,0
2016-06-23,20:40:00,17.77,17.78,17.77,17.77,400,0
2016-06-23,20:50:00,17.8,17.8,17.8,17.8,100,0
2016-06-23,20:55:00,17.82,17.82,17.82,17.82,200,0
2016-06-23,21:00:00,17.82,17.83,17.81,17.81,900,0
2016-06-23,21:10:00,17.7601,17.79,17.7601,17.78,408,0
2016-06-23,21:15:00,17.741,17.8,17.741,17.8,1800,0
2016-06-23,21:25:00,17.77,17.77,17.66,17.66,2280,0
2016-06-23,21:30:00,17.67,17.7,17.65,17.68,700,0
2016-06-23,21:35:00,17.68,17.6801,17.64,17.67,3200,0
2016-06-23,21:45:00,17.63,17.72,17.63,17.72,1755,0
2016-06-23,21:50:00,17.71,17.72,17.7,17.72,400,0
2016-06-23,21:55:00,17.73,17.73,17.69,17.69,1400,0
2016-06-23,22:00:00,17.68,17.75,17.68,17.74,4087,0
2016-06-24,15:35:00,16.97,17.24,16.8,16.92,6061,0
2016-06-24,15:40:00,16.94,16.98,16.82,16.82,5635,0
2016-06-24,15:45:00,16.865,16.99,16.85,16.88,6700,0
2016-06-24,15:50:00,16.87,17.0899,16.87,17.0342,5508,0
2016-06-24,15:55:00,17.055,17.68,17.055,17.44,33670,0
2016-06-24,16:00:00,17.44,17.53,17.41,17.49,4466,0
2016-06-24,16:05:00,17.534,17.5946,17.52,17.59,1452,0
2016-06-24,16:10:00,17.55,17.55,17.48,17.5315,1900,0
2016-06-24,16:15:00,17.508,17.56,17.5,17.56,3000,0
2016-06-24,16:20:00,17.52,17.52,17.469,17.5,1200,0
2016-06-24,16:25:00,17.45,17.45,17.37,17.38,11000,0
2016-06-24,16:30:00,17.38,17.42,17.38,17.42,200,0
2016-06-24,16:35:00,17.48,17.48,17.43,17.43,1578,0
2016-06-24,16:40:00,17.43,17.43,17.36,17.39,2200,0
2016-06-24,16:45:00,17.39,17.4,17.39,17.4,700,0
2016-06-24,16:50:00,17.4,17.4,17.4,17.4,100,0
2016-06-24,16:55:00,17.39,17.39,17.34,17.34,600,0
2016-06-24,17:05:00,17.36,17.36,17.35,17.35,600,0
2016-06-24,17:10:00,17.32,17.4,17.32,17.4,957,0
2016-06-24,17:15:00,17.4,17.4,17.34,17.36,900,0
2016-06-24,17:20:00,17.3845,17.3845,17.35,17.35,800,0
2016-06-24,17:25:00,17.3599,17.36,17.28,17.28,800,0
2016-06-24,17:30:00,17.33,17.36,17.32,17.36,500,0
2016-06-24,17:35:00,17.38,17.38,17.36,17.365,900,0
2016-06-24,17:40:00,17.3278,17.36,17.32,17.32,1610,0
2016-06-24,17:45:00,17.36,17.3625,17.36,17.3625,300,0
2016-06-24,17:50:00,17.37,17.37,17.37,17.37,300,0
2016-06-24,17:55:00,17.39,17.39,17.32,17.35,500,0
2016-06-24,18:00:00,17.31,17.31,17.2996,17.2996,350,0
2016-06-24,18:05:00,17.33,17.33,17.33,17.33,580,0
2016-06-24,18:10:00,17.305,17.32,17.28,17.32,500,0
2016-06-24,18:15:00,17.33,17.33,17.28,17.28,300,0
2016-06-24,18:25:00,17.28,17.28,17.27,17.27,200,0
2016-06-24,18:30:00,17.26,17.2801,17.26,17.28,300,0
2016-06-24,18:35:00,17.26,17.28,17.26,17.28,700,0
2016-06-24,18:40:00,17.265,17.3299,17.25,17.29,1929,0
2016-06-24,18:45:00,17.3006,17.327,17.3006,17.327,400,0
2016-06-24,18:50:00,17.35,17.35,17.35,17.35,100,0
2016-06-24,18:55:00,17.35,17.35,17.35,17.35,100,0
2016-06-24,19:00:00,17.35,17.375,17.31,17.37,1300,0
2016-06-24,19:05:00,17.33,17.33,17.33,17.33,100,0
2016-06-24,19:10:00,17.33,17.35,17.29,17.29,1000,0
2016-06-24,19:15:00,17.3,17.37,17.29,17.37,953,0
2016-06-24,19:20:00,17.36,17.36,17.34,17.34,1000,0
2016-06-24,19:25:00,17.38,17.38,17.35,17.35,500,0
2016-06-24,19:30:00,17.34,17.34,17.251,17.251,1800,0
2016-06-24,19:40:00,17.22,17.26,17.22,17.26,400,0
2016-06-24,19:45:00,17.27,17.3,17.25,17.25,300,0
2016-06-24,19:50:00,17.26,17.26,17.25,17.25,200,0
2016-06-24,20:00:00,17.2014,17.21,17.2014,17.21,300,0
2016-06-24,20:05:00,17.26,17.28,17.26,17.28,300,0
2016-06-24,20:10:00,17.3,17.3,17.24,17.24,900,0
2016-06-24,20:25:00,17.27,17.27,17.22,17.22,1175,0
2016-06-24,20:30:00,17.25,17.2799,17.22,17.27,2100,0
2016-06-24,20:35:00,17.22,17.22,17.22,17.22,200,0
2016-06-24,20:40:00,17.17,17.2,17.13,17.2,876,0
2016-06-24,20:45:00,17.22,17.22,17.19,17.19,3105,0
2016-06-24,20:50:00,17.19,17.24,17.15,17.24,800,0
2016-06-24,20:55:00,17.26,17.26,17.26,17.26,700,0
2016-06-24,21:00:00,17.3,17.3,17.26,17.26,2400,0
2016-06-24,21:05:00,17.25,17.26,17.22,17.22,1100,0
2016-06-24,21:10:00,17.23,17.3,17.17,17.3,2911,0
2016-06-24,21:15:00,17.3,17.3,17.28,17.29,3636,0
2016-06-24,21:20:00,17.3,17.3,17.26,17.26,500,0
2016-06-24,21:25:00,17.22,17.3,17.22,17.28,1552,0
2016-06-24,21:30:00,17.28,17.3,17.28,17.3,200,0
2016-06-24,21:35:00,17.28,17.305,17.28,17.3,8330,0
2016-06-24,21:40:00,17.2995,17.33,17.283,17.29,2400,0
2016-06-24,21:45:00,17.25,17.31,17.25,17.29,2485,0
2016-06-24,21:55:00,17.25,17.3,17.22,17.22,10881,0
2016-06-24,22:00:00,17.24,17.27,17.21,17.22,6094,0
2016-06-27,15:35:00,17.09,17.09,17.06,17.06,1003,0
2016-06-27,15:40:00,17.08,17.08,16.82,16.83,4733,0
2016-06-27,15:45:00,16.86,16.89,16.85,16.89,2481,0
2016-06-27,15:50:00,16.94,16.94,16.848,16.85,400,0
2016-06-27,15:55:00,16.9,16.92,16.83,16.83,1324,0
2016-06-27,16:00:00,16.83,16.86,16.8,16.8,3512,0
2016-06-27,16:05:00,16.8,16.82,16.7499,16.76,2600,0
2016-06-27,16:10:00,16.77,16.77,16.7699,16.7699,600,0
2016-06-27,16:15:00,16.78,16.795,16.77,16.77,988,0
2016-06-27,16:20:00,16.75,16.77,16.72,16.73,1320,0
2016-06-27,16:25:00,16.7586,16.7586,16.65,16.65,2600,0
2016-06-27,16:30:00,16.66,16.66,16.6,16.6,300,0
2016-06-27,16:35:00,16.595,16.595,16.57,16.57,400,0
2016-06-27,16:40:00,16.57,16.57,16.54,16.56,1216,0
2016-06-27,16:45:00,16.6,16.6,16.57,16.57,200,0
2016-06-27,16:50:00,16.51,16.53,16.46,16.46,800,0
2016-06-27,16:55:00,16.46,16.47,16.451,16.47,800,0
2016-06-27,17:00:00,16.49,16.52,16.41,16.41,1242,0
2016-06-27,17:05:00,16.44,16.45,16.425,16.45,400,0
2016-06-27,17:10:00,16.4814,16.4814,16.48,16.48,300,0
2016-06-27,17:15:00,16.45,16.45,16.45,16.45,400,0
2016-06-27,17:20:00,16.43,16.43,16.39,16.41,2204,0
2016-06-27,17:25:00,16.41,16.41,16.41,16.41,100,0
2016-06-27,17:30:00,16.41,16.46,16.41,16.46,200,0
2016-06-27,17:35:00,16.49,16.49,16.46,16.475,800,0
2016-06-27,17:40:00,16.4805,16.58,16.4805,16.58,700,0
2016-06-27,17:45:00,16.52,16.53,16.51,16.5205,909,0
2016-06-27,17:50:00,16.57,16.61,16.52,16.52,1350,0
2016-06-27,17:55:00,16.52,16.52,16.48,16.495,700,0
2016-06-27,18:00:00,16.56,16.56,16.53,16.55,700,0
2016-06-27,18:05:00,16.54,16.55,16.54,16.55,300,0
2016-06-27,18:10:00,16.53,16.53,16.52,16.52,400,0
2016-06-27,18:15:00,16.52,16.52,16.52,16.52,303,0
2016-06-27,18:20:00,16.515,16.55,16.515,16.55,631,0
2016-06-27,18:30:00,16.58,16.65,16.58,16.65,400,0
2016-06-27,18:35:00,16.62,16.62,16.6,16.6,400,0
2016-06-27,18:45:00,16.56,16.56,16.52,16.55,502,0
2016-06-27,18:50:00,16.57,16.62,16.56,16.62,600,0
2016-06-27,18:55:00,16.61,16.66,16.6,16.61,700,0
2016-06-27,19:00:00,16.64,16.64,16.64,16.64,200,0
2016-06-27,19:05:00,16.64,16.69,16.64,16.675,2000,0
2016-06-27,19:10:00,16.6884,16.79,16.6884,16.71,3415,0
2016-06-27,19:15:00,16.705,16.77,16.7,16.73,1289,0
2016-06-27,19:20:00,16.7106,16.74,16.7106,16.74,419,0
2016-06-27,19:25:00,16.75,16.75,16.72,16.73,500,0
2016-06-27,19:30:00,16.73,16.73,16.73,16.73,100,0
2016-06-27,19:35:00,16.72,16.72,16.68,16.68,700,0
2016-06-27,19:40:00,16.69,16.69,16.67,16.67,200,0
2016-06-27,19:45:00,16.61,16.62,16.61,16.62,300,0
2016-06-27,19:55:00,16.62,16.62,16.61,16.61,300,0
2016-06-27,20:00:00,16.6,16.68,16.55,16.64,2435,0
2016-06-27,20:05:00,16.66,16.66,16.65,16.65,600,0
2016-06-27,20:10:00,16.68,16.68,16.66,16.68,500,0
2016-06-27,20:15:00,16.67,16.67,16.63,16.63,800,0
2016-06-27,20:20:00,16.63,16.63,16.63,16.63,367,0
2016-06-27,20:25:00,16.63,16.63,16.63,16.63,200,0
2016-06-27,20:30:00,16.62,16.63,16.62,16.63,200,0
2016-06-27,20:35:00,16.63,16.67,16.6,16.6,1400,0
2016-06-27,20:40:00,16.58,16.6,16.58,16.6,500,0
2016-06-27,20:45:00,16.54,16.56,16.53,16.53,300,0
2016-06-27,20:50:00,16.56,16.56,16.5,16.5099,950,0
2016-06-27,20:55:00,16.49,16.52,16.49,16.52,622,0
2016-06-27,21:00:00,16.51,16.51,16.47,16.48,700,0
2016-06-27,21:05:00,16.53,16.535,16.4811,16.535,3400,0
2016-06-27,21:10:00,16.56,16.56,16.55,16.55,500,0
2016-06-27,21:15:00,16.54,16.5505,16.52,16.5505,1004,0
2016-06-27,21:20:00,16.52,16.53,16.52,16.52,300,0
2016-06-27,21:25:00,16.5001,16.52,16.5,16.5,1616,0
2016-06-27,21:30:00,16.5,16.5407,16.495,16.53,1520,0
2016-06-27,21:35:00,16.5,16.5,16.48,16.49,1400,0
2016-06-27,21:40:00,16.49,16.52,16.49,16.52,1401,0
2016-06-27,21:45:00,16.54,16.54,16.52,16.54,1400,0
2016-06-27,21:50:00,16.525,16.53,16.5001,16.51,2551,0
2016-06-27,21:55:00,16.5,16.51,16.47,16.485,2290,0
2016-06-27,22:00:00,16.48,16.52,16.48,16.5,13418,0
2016-06-28,15:35:00,16.73,16.78,16.68,16.68,5050,0
2016-06-28,15:40:00,16.82,16.83,16.68,16.7,2899,0
2016-06-28,15:50:00,16.87,16.9,16.85,16.9,2000,0
2016-06-28,15:55:00,16.9,16.9,16.82,16.845,1290,0
2016-06-28,16:00:00,16.82,16.8899,16.81,16.865,1824,0
2016-06-28,16:05:00,16.82,16.82,16.82,16.82,100,0
2016-06-28,16:10:00,16.84,16.84,16.71,16.71,4200,0
2016-06-28,16:15:00,16.7145,16.7145,16.69,16.7,900,0
2016-06-28,16:20:00,16.7,16.77,16.7,16.7685,1081,0
2016-06-28,16:25:00,16.79,16.79,16.72,16.72,800,0
2016-06-28,16:30:00,16.68,16.72,16.68,16.72,500,0
2016-06-28,16:35:00,16.77,16.77,16.77,16.77,100,0
2016-06-28,16:40:00,16.71,16.71,16.71,16.71,200,0
2016-06-28,16:45:00,16.66,16.66,16.65,16.66,300,0
2016-06-28,16:50:00,16.69,16.86,16.69,16.86,1407,0
2016-06-28,16:55:00,16.86,16.88,16.82,16.82,600,0
2016-06-28,17:00:00,16.72,16.72,16.72,16.72,100,0
2016-06-28,17:05:00,16.8,16.8,16.73,16.73,500,0
2016-06-28,17:10:00,16.75,16.779,16.75,16.779,700,0
2016-06-28,17:15:00,16.73,16.73,16.72,16.72,348,0
2016-06-28,17:20:00,16.69,16.69,16.69,16.69,500,0
2016-06-28,17:25:00,16.68,16.68,16.68,16.68,300,0
2016-06-28,17:30:00,16.645,16.673,16.645,16.66,1200,0
2016-06-28,17:35:00,16.69,16.7,16.69,16.7,400,0
2016-06-28,17:40:00,16.73,16.73,16.73,16.73,100,0
2016-06-28,17:45:00,16.7,16.7,16.7,16.7,100,0
2016-06-28,17:50:00,16.75,16.75,16.73,16.73,300,0
2016-06-28,17:55:00,16.75,16.7863,16.75,16.77,2705,0
2016-06-28,18:00:00,16.7802,16.79,16.7802,16.79,445,0
2016-06-28,18:10:00,16.77,16.77,16.77,16.77,200,0
2016-06-28,18:20:00,16.79,16.85,16.79,16.85,600,0
2016-06-28,18:25:00,16.82,16.82,16.82,16.82,100,0
2016-06-28,18:30:00,16.83,16.83,16.83,16.83,100,0
2016-06-28,18:35:00,16.83,16.83,16.83,16.83,400,0
2016-06-28,18:40:00,16.84,16.845,16.83,16.845,300,0
2016-06-28,18:45:00,16.821,16.91,16.82,16.91,800,0
2016-06-28,18:55:00,16.86,16.86,16.86,16.86,100,0
2016-06-28,19:00:00,16.81,16.81,16.78,16.78,400,0
2016-06-28,19:10:00,16.8199,16.8199,16.72,16.72,496,0
2016-06-28,19:20:00,16.73,16.73,16.7,16.7,490,0
2016-06-28,19:25:00,16.67,16.6986,16.67,16.67,1748,0
2016-06-28,19:35:00,16.8,16.8,16.729,16.729,730,0
2016-06-28,19:40:00,16.77,16.8,16.72,16.745,2100,0
2016-06-28,19:45:00,16.767,16.767,16.741,16.741,518,0
2016-06-28,19:50:00,16.74,16.75,16.74,16.75,400,0
2016-06-28,20:00:00,16.73,16.79,16.73,16.79,600,0
2016-06-28,20:05:00,16.786,16.786,16.77,16.77,400,0
2016-06-28,20:10:00,16.7799,16.7799,16.7799,16.7799,100,0
2016-06-28,20:15:00,16.79,16.79,16.78,16.78,200,0
2016-06-28,20:25:00,16.76,16.77,16.76,16.77,1300,0
2016-06-28,20:30:00,16.78,16.81,16.77,16.81,300,0
2016-06-28,20:35:00,16.83,16.83,16.78,16.81,1000,0
2016-06-28,20:45:00,16.81,16.82,16.79,16.7994,760,0
2016-06-28,20:55:00,16.82,16.82,16.82,16.82,100,0
2016-06-28,21:00:00,16.82,16.86,16.82,16.82,1100,0
2016-06-28,21:05:00,16.85,16.89,16.85,16.89,400,0
2016-06-28,21:10:00,16.84,16.84,16.82,16.82,1300,0
2016-06-28,21:15:00,16.81,16.87,16.81,16.87,800,0
2016-06-28,21:20:00,16.822,16.822,16.822,16.822,400,0
2016-06-28,21:25:00,16.82,16.82,16.78,16.78,500,0
2016-06-28,21:30:00,16.72,16.73,16.72,16.73,500,0
2016-06-28,21:35:00,16.74,16.74,16.7,16.71,400,0
2016-06-28,21:40:00,16.68,16.72,16.68,16.72,600,0
2016-06-28,21:45:00,16.72,16.74,16.67,16.68,3200,0
2016-06-28,21:50:00,16.696,16.71,16.696,16.71,300,0
2016-06-28,21:55:00,16.67,16.68,16.64,16.66,2000,0
2016-06-28,22:00:00,16.67,16.67,16.64,16.67,6614,0
2016-06-29,15:35:00,16.91,16.91,16.8173,16.8438,1093,0
2016-06-29,15:40:00,16.7201,16.95,16.7201,16.95,700,0
2016-06-29,15:45:00,17,17,16.8,16.8,4100,0
2016-06-29,15:50:00,16.9,17.01,16.8,17.01,2163,0
2016-06-29,15:55:00,17.02,17.1,17.01,17.03,1675,0
2016-06-29,16:00:00,17.01,17.07,16.97,17.04,2625,0
2016-06-29,16:05:00,17,17.07,16.99,17.07,3325,0
2016-06-29,16:10:00,17.06,17.16,17.06,17.11,750,0
2016-06-29,16:25:00,17.13,17.13,17.11,17.11,636,0
2016-06-29,16:30:00,17.12,17.12,17.1,17.12,400,0
2016-06-29,16:35:00,17.15,17.15,17.15,17.15,100,0
2016-06-29,16:40:00,17.06,17.06,17,17,730,0
2016-06-29,16:45:00,17,17,17,17,200,0
2016-06-29,16:50:00,17.03,17.03,17.02,17.02,1500,0
2016-06-29,16:55:00,17.02,17.0399,17.02,17.0399,700,0
2016-06-29,17:00:00,17.02,17.04,17.02,17.02,500,0
2016-06-29,17:05:00,17.02,17.04,17.02,17.04,500,0
2016-06-29,17:10:00,17.09,17.09,17.03,17.03,300,0
2016-06-29,17:15:00,17.06,17.06,17.06,17.06,200,0
2016-06-29,17:20:00,17.05,17.06,17.05,17.05,1800,0
2016-06-29,17:25:00,17,17,16.95,16.97,2100,0
2016-06-29,17:30:00,16.98,17,16.98,17,620,0
2016-06-29,17:40:00,17.03,17.03,17,17,1823,0
2016-06-29,17:45:00,17.01,17.03,17,17.01,1340,0
2016-06-29,17:55:00,17,17.02,17,17.02,498,0
2016-06-29,18:00:00,17.03,17.03,17.03,17.03,300,0
2016-06-29,18:05:00,17.01,17.01,17.01,17.01,156,0
2016-06-29,18:15:00,17.03,17.03,17.03,17.03,100,0
2016-06-29,18:20:00,17.0053,17.0053,16.99,16.99,2449,0
2016-06-29,18:25:00,16.96,16.98,16.96,16.98,400,0
2016-06-29,18:35:00,16.97,16.97,16.97,16.97,200,0
2016-06-29,18:40:00,16.97,16.97,16.97,16.97,175,0
2016-06-29,18:50:00,16.96,16.96,16.93,16.94,900,0
2016-06-29,19:05:00,16.9,16.9,16.9,16.9,426,0
2016-06-29,19:10:00,16.88,16.88,16.86,16.8799,300,0
2016-06-29,19:15:00,16.87,16.87,16.87,16.87,300,0
2016-06-29,19:20:00,16.8818,16.8818,16.87,16.87,300,0
2016-06-29,19:25:00,16.88,16.88,16.88,16.88,400,0
2016-06-29,19:35:00,16.88,16.94,16.87,16.87,5350,0
2016-06-29,19:40:00,16.87,16.89,16.87,16.88,300,0
2016-06-29,19:45:00,16.9,16.9,16.88,16.88,1298,0
2016-06-29,19:50:00,16.87,16.87,16.86,16.86,200,0
2016-06-29,19:55:00,16.86,16.88,16.83,16.88,1553,0
2016-06-29,20:00:00,16.85,16.85,16.84,16.84,400,0
2016-06-29,20:05:00,16.83,16.86,16.81,16.81,300,0
2016-06-29,20:10:00,16.86,16.9,16.86,16.89,1785,0
2016-06-29,20:20:00,16.88,16.9,16.83,16.9,400,0
2016-06-29,20:25:00,16.87,16.87,16.86,16.86,400,0
2016-06-29,20:30:00,16.89,16.89,16.89,16.89,400,0
2016-06-29,20:35:00,16.89,16.9,16.89,16.8938,1300,0
2016-06-29,20:40:00,16.9,16.92,16.8999,16.92,2178,0
2016-06-29,20:45:00,16.92,16.92,16.92,16.92,647,0
2016-06-29,20:50:00,16.92,16.92,16.92,16.92,200,0
2016-06-29,20:55:00,16.89,16.9,16.89,16.9,400,0
2016-06-29,21:00:00,16.92,16.92,16.92,16.92,200,0
2016-06-29,21:05:00,16.94,16.94,16.9375,16.9375,700,0
2016-06-29,21:10:00,16.925,16.925,16.89,16.89,500,0
2016-06-29,21:15:00,16.93,16.93,16.9,16.9,450,0
2016-06-29,21:20:00,16.9,16.9,16.89,16.9,2811,0
2016-06-29,21:25:00,16.9,16.9,16.87,16.87,2280,0
2016-06-29,21:30:00,16.88,16.88,16.88,16.88,100,0
2016-06-29,21:35:00,16.88,16.88,16.83,16.83,1300,0
2016-06-29,21:40:00,16.85,16.86,16.85,16.85,1458,0
2016-06-29,21:45:00,16.86,16.87,16.84,16.87,1300,0
2016-06-29,21:50:00,16.85,16.87,16.85,16.87,1400,0
2016-06-29,21:55:00,16.86,16.88,16.8495,16.88,2153,0
2016-06-29,22:00:00,16.87,16.88,16.85,16.87,5420,0
2016-06-30,15:35:00,16.97,17.04,16.9608,16.9608,740,0
2016-06-30,15:40:00,16.92,16.97,16.92,16.97,600,0
2016-06-30,15:45:00,16.98,16.98,16.88,16.9,1700,0
2016-06-30,15:50:00,16.9,16.9,16.805,16.81,1050,0
2016-06-30,15:55:00,16.82,16.82,16.6,16.67,2544,0
2016-06-30,16:00:00,16.61,16.6133,16.587,16.6133,810,0
2016-06-30,16:05:00,16.66,16.73,16.66,16.66,1500,0
2016-06-30,16:10:00,16.69,16.71,16.69,16.71,200,0
2016-06-30,16:15:00,16.73,16.73,16.67,16.67,210,0
2016-06-30,16:20:00,16.71,16.72,16.71,16.72,300,0
2016-06-30,16:25:00,16.66,16.7,16.66,16.7,600,0
2016-06-30,16:30:00,16.67,16.69,16.6491,16.69,778,0
2016-06-30,16:35:00,16.69,16.71,16.69,16.71,300,0
2016-06-30,16:40:00,16.66,16.67,16.66,16.67,300,0
2016-06-30,16:45:00,16.64,16.71,16.64,16.71,300,0
2016-06-30,16:55:00,16.74,16.74,16.74,16.74,100,0
2016-06-30,17:00:00,16.738,16.77,16.738,16.77,1020,0
2016-06-30,17:15:00,16.83,16.84,16.806,16.82,1400,0
2016-06-30,17:20:00,16.82,16.82,16.77,16.77,500,0
2016-06-30,17:25:00,16.77,16.79,16.77,16.79,300,0
2016-06-30,17:30:00,16.8,16.8,16.77,16.77,300,0
2016-06-30,17:35:00,16.81,16.86,16.7935,16.8,2100,0
2016-06-30,17:40:00,16.72,16.72,16.72,16.72,200,0
2016-06-30,17:45:00,16.735,16.735,16.735,16.735,250,0
2016-06-30,17:55:00,16.77,16.77,16.73,16.73,500,0
2016-06-30,18:00:00,16.75,16.77,16.75,16.77,800,0
2016-06-30,18:45:00,16.8603,16.8603,16.8603,16.8603,330,0
2016-06-30,18:50:00,16.9,16.9,16.9,16.9,100,0
2016-06-30,18:55:00,16.9,16.9232,16.89,16.92,1024,0
2016-06-30,19:05:00,16.91,16.91,16.91,16.91,100,0
2016-06-30,19:15:00,16.87,16.88,16.87,16.87,400,0
2016-06-30,19:20:00,16.85,16.85,16.85,16.85,100,0
2016-06-30,19:30:00,16.85,16.8699,16.85,16.8699,428,0
2016-06-30,19:35:00,16.86,16.86,16.86,16.86,100,0
2016-06-30,19:40:00,16.82,16.82,16.82,16.82,100,0
2016-06-30,19:45:00,16.85,16.87,16.85,16.87,400,0
2016-06-30,19:50:00,16.86,16.86,16.86,16.86,100,0
2016-06-30,19:55:00,16.86,16.88,16.86,16.88,250,0
2016-06-30,20:00:00,16.9,16.9,16.9,16.9,200,0
2016-06-30,20:15:00,16.92,16.92,16.9048,16.9048,575,0
2016-06-30,20:20:00,16.89,16.89,16.85,16.875,1740,0
2016-06-30,20:35:00,16.9,16.94,16.9,16.91,822,0
2016-06-30,20:40:00,16.9396,16.9396,16.9396,16.9396,200,0
2016-06-30,20:45:00,16.92,16.92,16.92,16.92,100,0
2016-06-30,20:55:00,16.94,16.95,16.94,16.95,200,0
2016-06-30,21:00:00,16.97,16.97,16.97,16.97,600,0
2016-06-30,21:15:00,16.93,16.93,16.93,16.93,100,0
2016-06-30,21:20:00,16.91,16.91,16.9,16.9,200,0
2016-06-30,21:25:00,16.88,16.93,16.88,16.93,631,0
2016-06-30,21:30:00,16.93,16.93,16.92,16.92,200,0
2016-06-30,21:35:00,16.93,16.95,16.915,16.93,700,0
2016-06-30,21:40:00,16.92,16.92,16.88,16.89,900,0
2016-06-30,21:45:00,16.91,16.93,16.88,16.88,791,0
2016-06-30,21:50:00,16.88,16.8975,16.875,16.8975,1700,0
2016-06-30,21:55:00,16.905,16.91,16.9,16.91,900,0
2016-06-30,22:00:00,16.91,16.96,16.9,16.95,8001,0
2016-07-01,15:40:00,17.01,17.25,17.01,17.19,3400,0
2016-07-01,15:45:00,17.18,17.24,17.03,17.09,3633,0
2016-07-01,15:50:00,17.14,17.21,17.14,17.21,200,0
2016-07-01,15:55:00,17.172,17.1832,17.172,17.18,500,0
2016-07-01,16:00:00,17.17,17.17,17.17,17.17,100,0
2016-07-01,16:05:00,17.17,17.17,17.17,17.17,200,0
2016-07-01,16:10:00,17.25,17.25,17.25,17.25,100,0
2016-07-01,16:15:00,17.17,17.17,17.17,17.17,100,0
2016-07-01,16:20:00,17.2,17.2,17.1599,17.1599,850,0
2016-07-01,16:25:00,17.145,17.145,17.07,17.07,200,0
2016-07-01,16:30:00,17.07,17.13,17.07,17.12,500,0
2016-07-01,16:35:00,17.09,17.12,17.06,17.11,8032,0
2016-07-01,16:40:00,17.13,17.13,17.1,17.13,300,0
2016-07-01,16:50:00,17.16,17.21,17.16,17.2,600,0
2016-07-01,16:55:00,17.25,17.27,17.22,17.27,300,0
2016-07-01,17:05:00,17.26,17.26,17.24,17.24,381,0
2016-07-01,17:10:00,17.2011,17.2011,17.19,17.2,475,0
2016-07-01,17:20:00,17.16,17.16,17.1599,17.16,926,0
2016-07-01,17:25:00,17.1601,17.1601,17.16,17.16,325,0
2016-07-01,17:30:00,17.17,17.17,17.17,17.17,100,0
2016-07-01,17:40:00,17.14,17.14,17.1,17.1,2116,0
2016-07-01,17:50:00,17.08,17.08,17.08,17.08,100,0
2016-07-01,17:55:00,17.09,17.09,17.05,17.05,300,0
2016-07-01,18:00:00,17.08,17.09,17.06,17.09,1500,0
2016-07-01,18:10:00,17.09,17.09,17.09,17.09,100,0
2016-07-01,18:15:00,17.09,17.13,17.09,17.13,300,0
2016-07-01,18:25:00,17.13,17.13,17.1,17.13,600,0
2016-07-01,18:30:00,17.115,17.115,17.1,17.1,219,0
2016-07-01,18:35:00,17.102,17.102,17.09,17.09,280,0
2016-07-01,18:40:00,17.09,17.09,17.09,17.09,500,0
2016-07-01,18:45:00,17.07,17.07,17.07,17.07,200,0
2016-07-01,18:50:00,17.08,17.11,17.08,17.11,700,0
2016-07-01,19:10:00,17.1,17.12,17.1,17.1,1300,0
2016-07-01,19:15:00,17.1,17.1,17.09,17.1,500,0
2016-07-01,19:20:00,17.09,17.09,17.05,17.05,300,0
2016-07-01,19:25:00,17.09,17.09,17.09,17.09,200,0
2016-07-01,19:30:00,17.06,17.07,17.05,17.05,700,0
2016-07-01,19:35:00,17.04,17.0588,17.04,17.04,1000,0
2016-07-01,19:40:00,17.05,17.07,17.05,17.07,200,0
2016-07-01,19:45:00,17.05,17.05,17.05,17.05,100,0
2016-07-01,19:50:00,17.05,17.08,17.05,17.08,700,0
2016-07-01,19:55:00,17.08,17.08,17.08,17.08,100,0
2016-07-01,20:00:00,17.09,17.09,17.07,17.07,632,0
2016-07-01,20:05:00,17.07,17.07,17.07,17.07,300,0
2016-07-01,20:15:00,17.07,17.07,17.07,17.07,100,0
2016-07-01,20:20:00,17.07,17.07,17.07,17.07,214,0
2016-07-01,20:25:00,17.05,17.05,17.04,17.04,200,0
2016-07-01,20:30:00,17.04,17.04,17.04,17.04,100,0
2016-07-01,20:35:00,17.04,17.04,17.04,17.04,200,0
2016-07-01,20:40:00,17.03,17.03,17.03,17.03,100,0
2016-07-01,20:50:00,17.03,17.03,17.03,17.03,300,0
2016-07-01,20:55:00,17.04,17.04,17.04,17.04,100,0
2016-07-01,21:00:00,17.04,17.09,17.04,17.09,1400,0
2016-07-01,21:10:00,17.1,17.15,17.1,17.15,500,0
2016-07-01,21:15:00,17.1428,17.16,17.1428,17.16,985,0
2016-07-01,21:20:00,17.13,17.13,17.13,17.13,400,0
2016-07-01,21:25:00,17.13,17.13,17.09,17.0954,675,0
2016-07-01,21:30:00,17.09,17.09,17.09,17.09,100,0
2016-07-01,21:35:00,17.07,17.1,17.07,17.07,400,0
2016-07-01,21:40:00,17.08,17.08,17.05,17.05,355,0
2016-07-01,21:45:00,17.06,17.14,17.06,17.14,2300,0
2016-07-01,21:50:00,17.13,17.13,17.13,17.13,378,0
2016-07-01,21:55:00,17.12,17.17,17.12,17.14,2800,0
2016-07-01,22:00:00,17.15,17.16,17.13,17.15,6184,0
2016-07-05,15:35:00,17.04,17.04,17.04,17.04,453,0
2016-07-05,15:50:00,16.77,16.77,16.72,16.72,289,0
2016-07-05,15:55:00,16.761,16.761,16.761,16.761,175,0
2016-07-05,16:00:00,16.7,16.74,16.7,16.72,300,0
2016-07-05,16:05:00,16.75,16.8699,16.75,16.8699,1410,0
2016-07-05,16:10:00,16.84,17,16.84,17,400,0
2016-07-05,16:20:00,16.96,16.96,16.96,16.96,500,0
2016-07-05,16:30:00,16.84,16.9,16.67,16.812,6643,0
2016-07-05,16:35:00,16.82,16.82,16.76,16.76,200,0
2016-07-05,16:40:00,16.83,16.87,16.81,16.84,500,0
2016-07-05,16:45:00,16.8,16.83,16.8,16.83,200,0
2016-07-05,16:50:00,16.81,16.81,16.79,16.79,700,0
2016-07-05,17:00:00,16.764,16.78,16.764,16.78,1200,0
2016-07-05,17:10:00,16.78,16.78,16.755,16.755,200,0
2016-07-05,17:15:00,16.75,16.75,16.75,16.75,100,0
2016-07-05,17:20:00,16.73,16.74,16.73,16.74,310,0
2016-07-05,17:40:00,16.655,16.68,16.62,16.62,2000,0
2016-07-05,17:45:00,16.67,16.685,16.66,16.685,300,0
2016-07-05,17:50:00,16.6653,16.6653,16.6653,16.6653,1000,0
2016-07-05,17:55:00,16.66,16.66,16.63,16.63,700,0
2016-07-05,18:00:00,16.66,16.67,16.6451,16.67,650,0
2016-07-05,18:05:00,16.73,16.76,16.65,16.68,7800,0
2016-07-05,18:10:00,16.68,16.7105,16.68,16.7105,1400,0
2016-07-05,18:20:00,16.73,16.73,16.73,16.73,100,0
2016-07-05,18:25:00,16.73,16.73,16.73,16.73,438,0
2016-07-05,18:30:00,16.74,16.77,16.74,16.77,2000,0
2016-07-05,18:35:00,16.76,16.76,16.72,16.72,700,0
2016-07-05,18:40:00,16.72,16.72,16.69,16.71,600,0
2016-07-05,18:45:00,16.73,16.75,16.73,16.75,300,0
2016-07-05,18:50:00,16.7305,16.7305,16.7305,16.7305,245,0
2016-07-05,18:55:00,16.73,16.75,16.73,16.75,200,0
2016-07-05,19:00:00,16.75,16.76,16.72,16.76,400,0
2016-07-05,19:05:00,16.78,16.78,16.75,16.75,200,0
2016-07-05,19:10:00,16.79,16.83,16.76,16.83,600,0
2016-07-05,19:15:00,16.78,16.8,16.69,16.69,1300,0
2016-07-05,19:25:00,16.68,16.71,16.68,16.71,1600,0
2016-07-05,19:30:00,16.71,16.74,16.71,16.71,600,0
2016-07-05,19:35:00,16.73,16.73,16.7,16.7,200,0
2016-07-05,19:40:00,16.76,16.76,16.7339,16.7339,300,0
2016-07-05,19:45:00,16.7033,16.7033,16.7033,16.7033,300,0
2016-07-05,19:50:00,16.7,16.72,16.7,16.72,400,0
2016-07-05,19:55:00,16.75,16.77,16.74,16.77,300,0
2016-07-05,20:05:00,16.76,16.77,16.73,16.77,1000,0
2016-07-05,20:10:00,16.76,16.79,16.76,16.79,500,0
2016-07-05,20:15:00,16.78,16.8,16.77,16.77,600,0
2016-07-05,20:20:00,16.76,16.76,16.76,16.76,100,0
2016-07-05,20:25:00,16.75,16.75,16.74,16.74,1000,0
2016-07-05,20:30:00,16.69,16.69,16.69,16.69,100,0
2016-07-05,20:35:00,16.725,16.76,16.725,16.76,500,0
2016-07-05,20:40:00,16.71,16.79,16.71,16.75,908,0
2016-07-05,20:45:00,16.75,16.75,16.75,16.75,200,0
2016-07-05,20:50:00,16.72,16.75,16.72,16.73,700,0
2016-07-05,20:55:00,16.72,16.74,16.72,16.73,2202,0
2016-07-05,21:00:00,16.7685,16.7685,16.74,16.74,300,0
2016-07-05,21:05:00,16.77,16.77,16.77,16.77,200,0
2016-07-05,21:10:00,16.755,16.755,16.755,16.755,100,0
2016-07-05,21:15:00,16.74,16.77,16.72,16.73,4452,0
2016-07-05,21:25:00,16.73,16.73,16.72,16.73,300,0
2016-07-05,21:30:00,16.73,16.74,16.73,16.74,621,0
2016-07-05,21:35:00,16.74,16.78,16.74,16.78,800,0
2016-07-05,21:40:00,16.77,16.77,16.75,16.77,300,0
2016-07-05,21:45:00,16.77,16.77,16.75,16.77,500,0
2016-07-05,21:50:00,16.76,16.78,16.76,16.78,300,0
2016-07-05,21:55:00,16.8,16.8,16.7765,16.7765,1750,0
2016-07-05,22:00:00,16.78,16.79,16.74,16.76,6900,0
2016-07-06,15:35:00,16.64,16.77,16.64,16.77,1525,0
2016-07-06,15:40:00,16.77,16.8,16.61,16.61,2900,0
2016-07-06,15:45:00,16.62,16.64,16.58,16.58,1700,0
2016-07-06,15:50:00,16.67,16.72,16.6,16.68,2300,0
2016-07-06,15:55:00,16.72,16.72,16.72,16.72,100,0
2016-07-06,16:00:00,16.76,16.76,16.76,16.76,200,0
2016-07-06,16:05:00,16.87,16.88,16.72,16.86,2800,0
2016-07-06,16:10:00,16.9,16.91,16.8299,16.8299,1338,0
2016-07-06,16:15:00,16.81,16.81,16.75,16.75,1000,0
2016-07-06,16:20:00,16.73,16.73,16.73,16.73,100,0
2016-07-06,16:25:00,16.75,16.75,16.75,16.75,100,0
2016-07-06,16:30:00,16.77,16.78,16.77,16.77,300,0
2016-07-06,16:40:00,16.73,16.73,16.73,16.73,200,0
2016-07-06,16:50:00,16.6702,16.7056,16.66,16.69,2100,0
2016-07-06,16:55:00,16.7,16.77,16.7,16.76,500,0
2016-07-06,17:00:00,16.82,16.82,16.71,16.73,1400,0
2016-07-06,17:05:00,16.74,16.74,16.64,16.71,6960,0
2016-07-06,17:10:00,16.7699,16.7699,16.71,16.74,1500,0
2016-07-06,17:15:00,16.76,16.76,16.75,16.75,200,0
2016-07-06,17:20:00,16.77,16.78,16.77,16.78,500,0
2016-07-06,17:25:00,16.82,16.82,16.78,16.78,200,0
2016-07-06,17:30:00,16.77,16.77,16.77,16.77,300,0
2016-07-06,17:35:00,16.84,16.88,16.84,16.88,300,0
2016-07-06,17:40:00,16.83,16.83,16.81,16.81,500,0
2016-07-06,17:45:00,16.76,16.79,16.76,16.79,400,0
2016-07-06,17:55:00,16.83,16.83,16.795,16.8,800,0
2016-07-06,18:00:00,16.845,16.845,16.84,16.84,400,0
2016-07-06,18:10:00,16.9,16.92,16.86,16.86,780,0
2016-07-06,18:15:00,16.84,16.86,16.84,16.86,300,0
2016-07-06,18:20:00,16.845,16.87,16.845,16.87,222,0
2016-07-06,18:25:00,16.88,16.88,16.87,16.87,200,0
2016-07-06,18:30:00,16.88,16.9,16.88,16.9,392,0
2016-07-06,18:50:00,16.9,16.9,16.885,16.885,650,0
2016-07-06,18:55:00,16.915,16.915,16.915,16.915,100,0
2016-07-06,19:00:00,16.93,16.93,16.93,16.93,100,0
2016-07-06,19:05:00,16.93,16.93,16.93,16.93,100,0
2016-07-06,19:10:00,16.93,16.93,16.93,16.93,100,0
2016-07-06,19:15:00,16.9799,16.9799,16.9799,16.9799,1010,0
2016-07-06,19:20:00,16.95,16.9544,16.94,16.94,1200,0
2016-07-06,19:30:00,16.89,16.89,16.89,16.89,100,0
2016-07-06,19:35:00,16.91,16.92,16.91,16.91,400,0
2016-07-06,19:45:00,16.94,16.94,16.94,16.94,100,0
2016-07-06,20:00:00,16.92,16.92,16.915,16.915,289,0
2016-07-06,20:05:00,16.88,16.93,16.88,16.93,500,0
2016-07-06,20:10:00,16.8847,16.91,16.8847,16.91,450,0
2016-07-06,20:25:00,16.9,16.9,16.9,16.9,100,0
2016-07-06,20:30:00,16.9,16.9,16.83,16.86,800,0
2016-07-06,20:35:00,16.83,16.83,16.83,16.83,100,0
2016-07-06,20:40:00,16.85,16.85,16.85,16.85,200,0
2016-07-06,20:45:00,16.8875,16.8875,16.8875,16.8875,100,0
2016-07-06,20:50:00,16.9,16.9,16.866,16.866,600,0
2016-07-06,20:55:00,16.88,16.88,16.88,16.88,100,0
2016-07-06,21:00:00,16.86,16.86,16.86,16.86,100,0
2016-07-06,21:05:00,16.86,16.8744,16.86,16.8744,300,0
2016-07-06,21:10:00,16.86,16.86,16.84,16.86,300,0
2016-07-06,21:15:00,16.8579,16.8579,16.8579,16.8579,121,0
2016-07-06,21:20:00,16.8663,16.88,16.8663,16.88,600,0
2016-07-06,21:25:00,16.87,16.87,16.86,16.86,200,0
2016-07-06,21:30:00,16.88,16.89,16.88,16.89,500,0
2016-07-06,21:35:00,16.86,16.87,16.86,16.87,300,0
2016-07-06,21:45:00,16.88,16.9,16.86,16.894,1500,0
2016-07-06,21:50:00,16.89,16.895,16.86,16.87,1400,0
2016-07-06,21:55:00,16.86,16.87,16.84,16.86,3400,0
2016-07-06,22:00:00,16.85,16.89,16.85,16.89,2500,0
2016-07-07,15:35:00,16.86,17.09,16.86,17.01,4083,0
2016-07-07,15:40:00,17,17.04,16.95,16.98,1800,0
2016-07-07,15:45:00,16.98,17.03,16.97,17.03,1500,0
2016-07-07,15:50:00,17.085,17.085,17.0359,17.08,1200,0
2016-07-07,15:55:00,17.07,17.07,17.07,17.07,100,0
2016-07-07,16:05:00,17.03,17.03,17.03,17.03,200,0
2016-07-07,16:10:00,17.07,17.1,17.07,17.09,2600,0
2016-07-07,16:15:00,17.1071,17.12,17.1071,17.12,1390,0
2016-07-07,16:20:00,17.11,17.12,17.11,17.12,818,0
2016-07-07,16:25:00,17.11,17.11,17.06,17.07,900,0
2016-07-07,16:30:00,17.04,17.04,17.04,17.04,100,0
2016-07-07,16:35:00,17.06,17.1,17.06,17.06,1300,0
2016-07-07,16:40:00,17.04,17.04,17.04,17.04,100,0
2016-07-07,16:45:00,17.0216,17.06,17,17.03,850,0
2016-07-07,16:55:00,17.02,17.02,17.02,17.02,100,0
2016-07-07,17:00:00,17,17,17,17,100,0
2016-07-07,17:05:00,16.99,17,16.97,16.97,700,0
2016-07-07,17:10:00,16.95,16.95,16.95,16.95,500,0
2016-07-07,17:20:00,16.97,17.05,16.97,17.02,500,0
2016-07-07,17:25:00,17.02,17.04,17.02,17.04,400,0
2016-07-07,17:30:00,17.08,17.08,17.08,17.08,100,0
2016-07-07,17:45:00,17.03,17.03,17.03,17.03,100,0
2016-07-07,17:50:00,17.03,17.03,17,17,200,0
2016-07-07,18:00:00,16.94,16.97,16.94,16.97,300,0
2016-07-07,18:15:00,16.94,16.97,16.94,16.97,200,0
2016-07-07,18:20:00,16.93,16.93,16.93,16.93,100,0
2016-07-07,18:25:00,16.92,16.93,16.85,16.85,500,0
2016-07-07,18:30:00,16.85,16.94,16.85,16.94,600,0
2016-07-07,18:35:00,16.9297,16.94,16.9297,16.94,1100,0
2016-07-07,18:40:00,16.95,16.97,16.95,16.97,400,0
2016-07-07,18:45:00,16.97,16.97,16.97,16.97,100,0
2016-07-07,18:50:00,16.96,16.96,16.95,16.95,200,0
2016-07-07,18:55:00,16.93,16.93,16.91,16.91,695,0
2016-07-07,19:00:00,16.86,16.88,16.86,16.88,300,0
2016-07-07,19:05:00,16.89,16.89,16.89,16.89,100,0
2016-07-07,19:15:00,16.87,16.87,16.87,16.87,200,0
2016-07-07,19:20:00,16.85,16.89,16.85,16.89,400,0
2016-07-07,19:25:00,16.93,16.93,16.93,16.93,200,0
2016-07-07,19:30:00,16.93,16.94,16.93,16.94,400,0
2016-07-07,19:40:00,16.92,16.92,16.92,16.92,700,0
2016-07-07,20:00:00,16.89,16.89,16.89,16.89,518,0
2016-07-07,20:10:00,16.89,16.89,16.87,16.87,700,0
2016-07-07,20:15:00,16.86,16.86,16.86,16.86,100,0
2016-07-07,20:25:00,16.89,16.91,16.89,16.9,900,0
2016-07-07,20:30:00,16.9,16.9,16.9,16.9,200,0
2016-07-07,20:35:00,16.86,16.9,16.86,16.9,200,0
2016-07-07,20:40:00,16.91,16.93,16.91,16.93,500,0
2016-07-07,20:45:00,16.93,16.93,16.89,16.89,200,0
2016-07-07,20:50:00,16.8999,16.91,16.8999,16.91,400,0
2016-07-07,21:00:00,16.92,16.92,16.89,16.9,400,0
2016-07-07,21:10:00,16.89,16.93,16.89,16.93,700,0
2016-07-07,21:15:00,16.95,16.95,16.95,16.95,300,0
2016-07-07,21:25:00,16.94,16.97,16.94,16.97,200,0
2016-07-07,21:30:00,16.97,16.97,16.97,16.97,100,0
2016-07-07,21:35:00,16.96,16.99,16.96,16.98,1461,0
2016-07-07,21:40:00,16.98,17.03,16.98,17.02,1900,0
2016-07-07,21:45:00,17.03,17.05,17,17,1450,0
2016-07-07,21:50:00,17.02,17.05,17.02,17.05,1700,0
2016-07-07,21:55:00,17.04,17.05,17.01,17.0299,1913,0
2016-07-07,22:00:00,17.03,17.05,17.03,17.03,6013,0
2016-07-08,15:35:00,17.2,17.2,17.2,17.2,389,0
2016-07-08,15:40:00,17.26,17.26,17.26,17.26,393,0
2016-07-08,15:45:00,17.32,17.32,17.32,17.32,200,0
2016-07-08,15:50:00,17.35,17.38,17.28,17.3,5135,0
2016-07-08,15:55:00,17.3,17.3,17.23,17.2401,1010,0
2016-07-08,16:00:00,17.23,17.37,17.23,17.3,4000,0
2016-07-08,16:05:00,17.42,17.42,17.31,17.31,700,0
2016-07-08,16:10:00,17.32,17.32,17.24,17.25,1100,0
2016-07-08,16:15:00,17.2854,17.2854,17.24,17.24,200,0
2016-07-08,16:20:00,17.24,17.24,17.22,17.22,510,0
2016-07-08,16:25:00,17.22,17.22,17.11,17.11,1430,0
2016-07-08,16:30:00,17.15,17.27,17.15,17.27,1550,0
2016-07-08,16:35:00,17.29,17.3,17.29,17.3,200,0
2016-07-08,16:40:00,17.3,17.3,17.29,17.29,1200,0
2016-07-08,16:45:00,17.3,17.3,17.2851,17.2851,200,0
2016-07-08,16:55:00,17.3,17.3,17.3,17.3,214,0
2016-07-08,17:00:00,17.31,17.31,17.3,17.3,800,0
2016-07-08,17:05:00,17.27,17.27,17.27,17.27,300,0
2016-07-08,17:10:00,17.28,17.28,17.28,17.28,200,0
2016-07-08,17:15:00,17.2994,17.2994,17.2994,17.2994,100,0
2016-07-08,17:25:00,17.3,17.3105,17.3,17.3,500,0
2016-07-08,17:35:00,17.28,17.3,17.28,17.28,600,0
2016-07-08,17:40:00,17.27,17.27,17.27,17.27,100,0
2016-07-08,17:45:00,17.31,17.32,17.29,17.2962,2800,0
2016-07-08,17:50:00,17.3,17.3,17.3,17.3,400,0
2016-07-08,17:55:00,17.3,17.39,17.3,17.3321,9879,0
2016-07-08,18:00:00,17.33,17.35,17.295,17.35,500,0
2016-07-08,18:05:00,17.31,17.31,17.31,17.31,100,0
2016-07-08,18:15:00,17.3286,17.35,17.3286,17.35,1600,0
2016-07-08,18:25:00,17.38,17.38,17.36,17.36,500,0
2016-07-08,18:45:00,17.3658,17.3658,17.3658,17.3658,390,0
2016-07-08,18:50:00,17.385,17.385,17.385,17.385,125,0
2016-07-08,18:55:00,17.41,17.41,17.4,17.4,600,0
2016-07-08,19:05:00,17.39,17.41,17.39,17.41,663,0
2016-07-08,19:10:00,17.38,17.4,17.38,17.4,300,0
2016-07-08,19:15:00,17.4,17.4,17.4,17.4,100,0
2016-07-08,19:25:00,17.37,17.37,17.37,17.37,300,0
2016-07-08,19:30:00,17.31,17.35,17.31,17.35,200,0
2016-07-08,19:35:00,17.37,17.37,17.3494,17.3494,300,0
2016-07-08,19:40:00,17.33,17.36,17.33,17.35,1300,0
2016-07-08,19:45:00,17.36,17.36,17.35,17.35,200,0
2016-07-08,19:50:00,17.34,17.34,17.3,17.3,300,0
2016-07-08,19:55:00,17.32,17.33,17.31,17.31,500,0
2016-07-08,20:00:00,17.31,17.34,17.25,17.34,1200,0
2016-07-08,20:05:00,17.32,17.33,17.3,17.302,1488,0
2016-07-08,20:10:00,17.31,17.33,17.31,17.33,300,0
2016-07-08,20:15:00,17.33,17.33,17.33,17.33,100,0
2016-07-08,20:20:00,17.34,17.35,17.3317,17.35,1300,0
2016-07-08,20:25:00,17.36,17.4,17.31,17.31,1226,0
2016-07-08,20:30:00,17.33,17.35,17.33,17.35,400,0
2016-07-08,20:35:00,17.35,17.35,17.35,17.35,1000,0
2016-07-08,20:40:00,17.36,17.37,17.33,17.33,600,0
2016-07-08,20:45:00,17.31,17.32,17.31,17.32,200,0
2016-07-08,20:50:00,17.3001,17.34,17.3,17.31,2325,0
2016-07-08,21:00:00,17.28,17.28,17.28,17.28,400,0
2016-07-08,21:05:00,17.28,17.28,17.24,17.24,200,0
2016-07-08,21:10:00,17.23,17.23,17.23,17.23,100,0
2016-07-08,21:15:00,17.26,17.26,17.245,17.26,800,0
2016-07-08,21:20:00,17.26,17.26,17.25,17.26,500,0
2016-07-08,21:25:00,17.21,17.21,17.21,17.21,100,0
2016-07-08,21:30:00,17.2,17.2,17.19,17.2,400,0
2016-07-08,21:35:00,17.2,17.2,17.16,17.19,1200,0
2016-07-08,21:40:00,17.16,17.18,17.16,17.18,1600,0
2016-07-08,21:45:00,17.19,17.19,17.13,17.13,1990,0
2016-07-08,21:50:00,17.13,17.19,17.13,17.19,1300,0
2016-07-08,21:55:00,17.2,17.24,17.19,17.2081,1545,0
2016-07-08,22:00:00,17.21,17.2114,17.18,17.2,7776,0
