Date,Time,Open,High,Low,Close,Volume,OpenInt
2016-04-20,21:05:00,26.504,26.504,26.504,26.504,101,0
2016-04-21,15:40:00,26.623,26.623,26.623,26.623,101,0
2016-04-21,16:30:00,26.768,26.768,26.768,26.768,706,0
2016-04-21,17:20:00,26.352,26.491,26.274,26.491,1916,0
2016-04-21,20:40:00,26.649,26.649,26.649,26.649,101,0
2016-04-21,21:40:00,26.62,26.62,26.62,26.62,101,0
2016-04-21,21:50:00,26.52,26.52,26.52,26.52,101,0
2016-04-21,22:00:00,26.471,26.6,26.471,26.6,202,0
2016-04-22,20:40:00,26.624,26.624,26.624,26.624,393,0
2016-04-25,15:35:00,26.57,26.57,26.57,26.57,303,0
2016-04-25,21:35:00,26.62,26.798,26.62,26.62,2460,0
2016-04-26,15:50:00,26.798,26.798,26.798,26.798,456,0
2016-04-26,16:10:00,26.867,26.867,26.867,26.867,504,0
2016-04-26,16:15:00,26.917,26.917,26.867,26.867,2066,0
2016-04-26,16:25:00,26.837,26.837,26.837,26.837,807,0
2016-04-26,16:30:00,26.778,26.798,26.768,26.768,835,0
2016-04-26,16:35:00,26.867,26.867,26.867,26.867,202,0
2016-04-26,17:30:00,26.768,26.768,26.768,26.768,101,0
2016-04-26,22:00:00,26.758,26.758,26.758,26.758,202,0
2016-04-27,20:25:00,26.689,26.689,26.679,26.679,202,0
2016-04-27,20:45:00,26.52,26.538,26.52,26.538,807,0
2016-04-28,16:30:00,26.659,26.669,26.659,26.669,202,0
2016-04-28,19:00:00,26.611,26.611,26.611,26.611,202,0
2016-04-28,19:45:00,26.62,26.62,26.62,26.62,101,0
2016-04-28,20:10:00,26.595,26.595,26.595,26.595,101,0
2016-04-29,16:05:00,26.648,26.648,26.648,26.648,101,0
2016-04-29,20:10:00,26.688,26.689,26.688,26.688,397,0
2016-05-02,15:55:00,26.448,26.448,26.448,26.448,706,0
2016-05-02,21:25:00,26.372,26.491,26.372,26.491,807,0
2016-05-02,21:30:00,26.292,26.292,26.292,26.292,101,0
2016-05-02,21:35:00,26.302,26.401,26.292,26.352,908,0
2016-05-02,22:00:00,26.302,26.461,26.302,26.461,403,0
2016-05-03,17:05:00,26.312,26.312,26.302,26.302,202,0
2016-05-03,18:15:00,26.273,26.273,26.273,26.273,1236,0
2016-05-03,18:45:00,26.312,26.312,26.283,26.283,303,0
2016-05-03,21:10:00,26.659,26.659,26.659,26.659,202,0
2016-05-04,16:15:00,26.53,26.53,26.322,26.322,1311,0
2016-05-04,16:25:00,26.54,26.55,26.322,26.322,1715,0
2016-05-04,17:00:00,26.54,26.55,26.53,26.55,3127,0
2016-05-04,17:05:00,26.55,26.55,26.55,26.55,1110,0
2016-05-04,17:10:00,26.55,26.55,26.322,26.322,2294,0
2016-05-04,17:45:00,26.55,26.55,26.55,26.55,1677,0
2016-05-04,18:00:00,26.57,26.57,26.57,26.57,2723,0
2016-05-04,20:20:00,26.58,26.58,26.58,26.58,202,0
2016-05-04,21:50:00,26.669,26.674,26.639,26.669,2522,0
2016-05-04,21:55:00,27.105,27.363,27.105,27.314,2032,0
2016-05-04,22:00:00,27.294,27.314,27.264,27.314,8039,0
2016-05-05,15:35:00,27.314,27.314,27.314,27.314,202,0
2016-05-05,15:55:00,27.135,27.165,27.135,27.165,202,0
2016-05-05,16:55:00,27.026,27.026,27.026,27.026,101,0
2016-05-05,17:00:00,27.415,27.415,27.415,27.415,101,0
2016-05-05,17:25:00,26.902,26.902,26.902,26.902,101,0
2016-05-05,18:30:00,26.788,26.788,26.788,26.788,101,0
2016-05-05,18:55:00,26.838,26.838,26.838,26.838,101,0
2016-05-05,19:00:00,27.264,27.314,27.016,27.026,2740,0
2016-05-05,19:20:00,26.867,26.867,26.867,26.867,101,0
2016-05-05,19:30:00,27.016,27.016,27.016,27.016,101,0
2016-05-05,19:50:00,26.964,26.964,26.964,26.964,101,0
2016-05-05,20:05:00,26.768,26.768,26.768,26.768,101,0
2016-05-05,20:20:00,27.016,27.016,27.016,27.016,303,0
2016-05-05,20:25:00,27.006,27.061,27.006,27.061,302,0
2016-05-05,20:50:00,26.917,26.917,26.917,26.917,101,0
2016-05-05,21:25:00,26.927,26.927,26.927,26.927,101,0
2016-05-05,21:40:00,27.036,27.036,27.016,27.016,202,0
2016-05-05,21:55:00,26.838,26.838,26.838,26.838,101,0
2016-05-05,22:00:00,26.867,26.867,26.818,26.818,2690,0
2016-05-06,15:35:00,26.58,26.58,26.58,26.58,447,0
2016-05-06,16:00:00,27.041,27.041,27.041,27.041,202,0
2016-05-06,16:15:00,26.719,26.719,26.719,26.719,605,0
2016-05-06,16:20:00,26.768,26.768,26.719,26.719,1614,0
2016-05-06,16:25:00,26.768,26.768,26.719,26.719,915,0
2016-05-06,17:00:00,26.768,26.768,26.669,26.767,3429,0
2016-05-06,17:05:00,26.768,26.768,26.669,26.768,3127,0
2016-05-06,17:10:00,26.768,26.838,26.768,26.828,5839,0
2016-05-06,17:15:00,26.986,26.986,26.986,26.986,303,0
2016-05-06,17:20:00,26.986,26.986,26.986,26.986,101,0
2016-05-06,17:30:00,26.986,26.986,26.897,26.897,706,0
2016-05-06,17:40:00,26.768,26.768,26.758,26.758,605,0
2016-05-06,17:45:00,26.758,26.758,26.669,26.719,8326,0
2016-05-06,17:50:00,26.639,26.639,26.57,26.58,2164,0
2016-05-06,18:05:00,26.6,26.6,26.6,26.6,101,0
2016-05-06,19:20:00,26.58,26.58,26.58,26.58,101,0
2016-05-06,20:25:00,26.58,26.58,26.58,26.58,101,0
2016-05-06,20:30:00,26.58,26.58,26.58,26.58,101,0
2016-05-06,21:00:00,26.729,26.729,26.729,26.729,403,0
2016-05-06,21:30:00,26.639,26.639,26.639,26.639,101,0
2016-05-06,21:40:00,26.639,26.639,26.639,26.639,101,0
2016-05-06,21:45:00,26.709,26.709,26.709,26.709,101,0
2016-05-06,22:00:00,26.679,26.739,26.679,26.719,1856,0
2016-05-09,15:35:00,26.808,26.867,26.808,26.867,521,0
2016-05-09,15:55:00,26.765,26.765,26.765,26.765,101,0
2016-05-09,16:30:00,26.768,26.768,26.758,26.758,605,0
2016-05-09,16:35:00,26.591,26.591,26.591,26.591,504,0
2016-05-09,17:35:00,26.768,26.768,26.768,26.768,1580,0
2016-05-09,20:45:00,26.768,26.768,26.768,26.768,303,0
2016-05-09,20:55:00,26.768,26.768,26.768,26.768,202,0
2016-05-09,21:00:00,26.768,26.768,26.768,26.768,202,0
2016-05-09,21:05:00,26.719,26.719,26.709,26.709,202,0
2016-05-09,21:35:00,26.758,26.768,26.747,26.758,1009,0
2016-05-09,21:55:00,26.768,26.768,26.768,26.768,1009,0
2016-05-09,22:00:00,26.748,26.748,26.748,26.748,101,0
2016-05-10,15:35:00,26.54,26.54,26.54,26.54,514,0
2016-05-10,16:10:00,26.784,26.784,26.784,26.784,504,0
2016-05-10,16:15:00,26.729,26.729,26.729,26.729,101,0
2016-05-10,17:10:00,26.748,26.748,26.669,26.669,202,0
2016-05-10,18:35:00,26.748,26.748,26.748,26.748,101,0
2016-05-10,20:05:00,27.244,27.244,27.244,27.244,101,0
2016-05-10,22:00:00,27.195,27.195,27.195,27.195,101,0
2016-05-11,18:30:00,27.046,27.11,27.046,27.11,397,0
2016-05-11,19:30:00,27.046,27.046,27.046,27.046,403,0
2016-05-11,20:45:00,27.125,27.181,27.105,27.181,1311,0
2016-05-11,21:40:00,27.462,27.462,27.462,27.462,101,0
2016-05-11,22:00:00,27.383,27.383,27.383,27.383,101,0
2016-05-12,15:35:00,27.244,27.244,27.244,27.244,144,0
2016-05-12,15:45:00,27.105,27.168,27.086,27.086,1210,0
2016-05-12,15:50:00,27.095,27.095,27.095,27.095,101,0
2016-05-12,18:15:00,27.284,27.284,27.115,27.244,2334,0
2016-05-12,18:20:00,27.413,27.413,27.413,27.413,101,0
2016-05-12,18:35:00,27.175,27.175,27.115,27.115,1513,0
2016-05-12,18:45:00,27.115,27.115,27.115,27.115,454,0
2016-05-12,20:35:00,27.066,27.066,27.066,27.066,202,0
2016-05-12,21:15:00,27.105,27.105,27.105,27.105,101,0
2016-05-12,21:30:00,27.115,27.115,27.115,27.115,279,0
2016-05-12,22:00:00,27.026,27.026,27.026,27.026,110,0
2016-05-13,16:45:00,27.264,27.264,27.264,27.264,1009,0
2016-05-13,16:50:00,27.264,27.264,27.026,27.244,1680,0
2016-05-13,17:05:00,27.036,27.036,27.036,27.036,101,0
2016-05-13,17:10:00,27.026,27.131,27.026,27.131,1933,0
2016-05-13,17:35:00,27.264,27.264,27.214,27.214,403,0
2016-05-13,18:00:00,27.066,27.066,27.066,27.066,101,0
2016-05-13,19:20:00,27.264,27.264,27.264,27.264,706,0
2016-05-13,19:35:00,27.452,27.452,27.452,27.452,101,0
2016-05-13,19:50:00,27.274,27.274,27.264,27.264,305,0
2016-05-13,20:15:00,27.393,27.393,27.393,27.393,101,0
2016-05-13,20:20:00,27.264,27.264,27.264,27.264,101,0
2016-05-13,20:50:00,27.363,27.363,27.363,27.363,101,0
2016-05-13,20:55:00,27.363,27.363,27.363,27.363,202,0
2016-05-13,21:25:00,27.363,27.363,27.363,27.363,101,0
2016-05-13,21:35:00,27.284,27.284,27.284,27.284,101,0
2016-05-13,22:00:00,27.363,27.462,27.363,27.442,403,0
2016-05-16,15:35:00,27.214,27.214,27.214,27.214,144,0
2016-05-16,15:55:00,27.294,27.294,27.294,27.294,245,0
2016-05-16,16:05:00,27.194,27.194,27.194,27.194,1009,0
2016-05-16,16:15:00,27.413,27.413,27.413,27.413,101,0
2016-05-16,17:00:00,27.209,27.304,27.175,27.289,2844,0
2016-05-16,17:05:00,27.294,27.413,27.274,27.413,605,0
2016-05-16,17:10:00,27.433,27.462,27.433,27.462,2501,0
2016-05-16,17:55:00,27.452,27.452,27.452,27.452,101,0
2016-05-16,18:15:00,27.423,27.423,27.423,27.423,101,0
2016-05-16,19:50:00,27.462,27.462,27.462,27.462,101,0
2016-05-16,19:55:00,27.442,27.626,27.442,27.626,2535,0
2016-05-16,20:00:00,27.545,27.546,27.482,27.497,2003,0
2016-05-16,20:15:00,27.482,27.482,27.482,27.482,101,0
2016-05-16,20:45:00,27.502,27.502,27.502,27.502,101,0
2016-05-16,20:50:00,27.611,27.611,27.611,27.611,101,0
2016-05-16,21:20:00,27.76,27.76,27.76,27.76,101,0
2016-05-16,21:25:00,27.78,27.908,27.78,27.894,303,0
2016-05-16,21:30:00,27.902,27.917,27.902,27.917,807,0
2016-05-16,21:50:00,28.077,28.077,28.077,28.077,101,0
2016-05-16,22:00:00,28.097,28.097,28.097,28.097,1009,0
2016-05-17,15:45:00,28.322,28.322,28.322,28.322,1009,0
2016-05-17,16:35:00,28.652,28.652,28.652,28.652,101,0
2016-05-17,18:00:00,27.988,28.027,27.988,27.988,504,0
2016-05-17,22:00:00,27.998,27.998,27.998,27.998,101,0
2016-05-18,17:30:00,28.516,28.543,28.275,28.543,1440,0
2016-05-18,18:20:00,28.483,28.493,28.474,28.474,1110,0
2016-05-18,18:25:00,28.474,28.483,28.474,28.483,202,0
2016-05-18,18:30:00,28.27,28.493,28.047,28.493,1110,0
2016-05-18,19:00:00,28.444,28.602,28.444,28.593,6394,0
2016-05-18,19:10:00,28.632,29.366,28.632,29.366,1325,0
2016-05-18,19:15:00,29.019,29.019,28.662,28.672,2510,0
2016-05-18,19:40:00,28.954,29.128,28.692,29.059,1412,0
2016-05-18,19:45:00,29.058,29.574,29.058,29.574,807,0
2016-05-18,20:05:00,29.549,29.549,29.549,29.549,101,0
2016-05-18,20:10:00,29.346,29.346,29.346,29.346,101,0
2016-05-18,20:15:00,29.346,29.534,29.346,29.495,1009,0
2016-05-18,20:20:00,29.395,29.495,29.386,29.386,1110,0
2016-05-18,20:35:00,29.098,29.554,29.098,29.445,807,0
2016-05-18,20:40:00,29.554,29.614,29.544,29.614,303,0
2016-05-18,21:10:00,29.554,29.782,29.554,29.763,706,0
2016-05-18,21:20:00,29.554,30.09,29.554,30.09,1665,0
2016-05-18,21:25:00,30.01,30.07,29.842,29.966,807,0
2016-05-18,21:30:00,30.06,30.06,30.06,30.06,101,0
2016-05-18,21:45:00,30.09,30.09,30.026,30.09,2118,0
2016-05-18,21:50:00,30.397,30.476,30.109,30.476,2183,0
2016-05-18,21:55:00,30.288,30.288,30.09,30.1,706,0
2016-05-18,22:00:00,30.476,30.486,30.099,30.486,1638,0
2016-05-19,16:10:00,31.398,31.398,31.398,31.398,202,0
2016-05-19,16:20:00,30.77,30.77,30.77,30.77,202,0
2016-05-19,16:30:00,30.85,30.85,30.85,30.85,309,0
2016-05-19,16:35:00,30.868,31.22,30.868,31.22,1110,0
2016-05-19,16:40:00,30.774,30.774,30.734,30.734,1151,0
2016-05-19,16:45:00,30.733,30.733,30.733,30.733,504,0
2016-05-19,16:50:00,30.546,30.546,30.546,30.546,202,0
2016-05-19,16:55:00,30.486,30.486,30.387,30.387,1570,0
2016-05-19,17:00:00,30.456,30.456,30.456,30.456,202,0
2016-05-19,17:05:00,30.238,30.486,30.04,30.04,1412,0
2016-05-19,17:10:00,30.241,30.337,30.139,30.337,1134,0
2016-05-19,17:15:00,30.224,30.238,30.189,30.189,706,0
2016-05-19,17:25:00,30.337,30.337,30.284,30.284,303,0
2016-05-19,17:30:00,30.28,30.28,30.28,30.28,202,0
2016-05-19,17:35:00,30.238,30.337,30.238,30.337,765,0
2016-05-19,18:10:00,30.318,30.318,30.318,30.318,101,0
2016-05-19,18:20:00,29.941,29.941,29.941,29.941,1009,0
2016-05-19,19:45:00,29.971,30.06,29.941,30.06,303,0
2016-05-19,19:50:00,30.05,30.05,29.916,29.916,858,0
2016-05-19,19:55:00,30.09,30.09,30.09,30.09,101,0
2016-05-19,21:05:00,29.554,29.554,29.554,29.554,252,0
2016-05-19,21:15:00,29.346,29.743,29.118,29.743,883,0
2016-05-19,21:25:00,29.346,29.445,29.346,29.445,1715,0
2016-05-19,21:30:00,29.346,29.346,29.346,29.346,101,0
2016-05-19,21:35:00,29.672,29.733,29.672,29.672,1506,0
2016-05-19,21:45:00,29.733,29.733,29.733,29.733,2205,0
2016-05-19,21:50:00,29.519,29.733,29.519,29.713,353,0
2016-05-19,21:55:00,29.455,29.495,29.455,29.455,706,0
2016-05-19,22:00:00,29.752,29.752,29.752,29.752,202,0
2016-05-20,15:35:00,29.812,29.812,29.812,29.812,303,0
2016-05-20,16:40:00,30.248,30.248,30.238,30.238,202,0
2016-05-20,16:45:00,30.585,30.585,30.585,30.585,303,0
2016-05-20,16:50:00,30.139,30.139,30.139,30.139,159,0
2016-05-20,17:45:00,30.08,30.734,30.04,30.238,3028,0
2016-05-20,17:50:00,30.357,30.357,30.357,30.357,202,0
2016-05-20,20:55:00,30.145,30.145,30.145,30.145,101,0
2016-05-20,22:00:00,30.536,30.536,30.536,30.536,202,0
2016-05-23,15:35:00,30.288,30.288,30.288,30.288,145,0
2016-05-23,16:00:00,30.377,30.377,30.377,30.377,101,0
2016-05-23,16:10:00,30.833,30.833,30.833,30.833,101,0
2016-05-23,16:15:00,31.022,31.022,31.022,31.022,303,0
2016-05-23,16:20:00,30.744,30.744,30.595,30.635,562,0
2016-05-23,16:25:00,30.833,30.932,30.784,30.813,403,0
2016-05-23,16:30:00,30.893,30.893,30.893,30.893,202,0
2016-05-23,17:40:00,31.131,31.131,31.131,31.131,101,0
2016-05-23,17:45:00,30.867,31.23,30.867,31.071,1210,0
2016-05-23,18:00:00,31.061,31.061,31.061,31.061,101,0
2016-05-23,18:20:00,30.932,31.081,30.793,31.081,2061,0
2016-05-23,18:25:00,31.071,31.081,31.051,31.071,1816,0
2016-05-23,18:30:00,31.081,31.081,31.002,31.002,1816,0
2016-05-23,18:55:00,31.041,31.041,31.041,31.041,101,0
2016-05-23,19:00:00,31.081,31.081,31.081,31.081,101,0
2016-05-23,19:15:00,31.081,31.081,31.081,31.081,101,0
2016-05-23,19:20:00,31.051,31.051,30.972,30.972,403,0
2016-05-23,19:35:00,31.051,31.051,31.051,31.051,101,0
2016-05-23,19:55:00,31.051,31.051,31.051,31.051,101,0
2016-05-23,20:10:00,30.997,31.051,30.997,31.017,303,0
2016-05-23,20:25:00,31.051,31.051,31.051,31.051,101,0
2016-05-23,20:30:00,30.982,30.982,30.962,30.962,803,0
2016-05-23,20:50:00,30.932,30.932,30.932,30.932,101,0
2016-05-23,21:00:00,31.012,31.012,30.734,30.734,504,0
2016-05-23,21:15:00,31.012,31.012,31.012,31.012,101,0
2016-05-23,21:20:00,30.932,30.932,30.754,30.754,1110,0
2016-05-23,21:25:00,31.002,31.051,30.813,31.031,807,0
2016-05-23,21:30:00,31.002,31.002,31.002,31.002,202,0
2016-05-23,21:40:00,30.982,30.982,30.982,30.982,101,0
2016-05-23,21:50:00,30.903,30.903,30.694,30.734,2723,0
2016-05-23,21:55:00,30.982,30.982,30.952,30.952,539,0
2016-05-23,22:00:00,31.23,31.23,30.744,31.131,1715,0
2016-05-24,16:00:00,30.585,31.23,30.546,31.23,1110,0
2016-05-24,16:45:00,30.615,31.121,30.615,31.121,908,0
2016-05-24,16:50:00,30.645,30.645,30.645,30.645,101,0
2016-05-24,17:05:00,31.23,31.23,30.744,31.23,605,0
2016-05-24,17:15:00,31.031,31.031,31.031,31.031,101,0
2016-05-24,17:30:00,31.23,31.478,31.23,31.279,916,0
2016-05-24,17:35:00,31.478,31.527,31.378,31.379,605,0
2016-05-24,17:45:00,31.507,31.725,31.507,31.725,706,0
2016-05-24,18:00:00,31.725,31.725,31.725,31.725,101,0
2016-05-24,18:25:00,31.725,31.785,31.725,31.785,303,0
2016-05-24,18:30:00,31.825,31.825,31.825,31.825,101,0
2016-05-24,18:35:00,31.834,31.869,31.706,31.725,1202,0
2016-05-24,18:40:00,31.725,31.725,31.661,31.661,403,0
2016-05-24,19:10:00,31.726,31.726,31.725,31.725,202,0
2016-05-24,19:15:00,32.36,32.36,32.36,32.36,101,0
2016-05-24,19:20:00,32.221,32.221,32.221,32.221,101,0
2016-05-24,19:50:00,31.839,31.852,31.735,31.735,571,0
2016-05-24,20:20:00,32.053,32.053,32.023,32.023,504,0
2016-05-24,20:45:00,31.914,31.914,31.914,31.914,221,0
2016-05-24,20:55:00,31.924,31.924,31.924,31.924,202,0
2016-05-24,21:15:00,31.775,31.944,31.775,31.944,2219,0
2016-05-24,21:20:00,31.755,32.122,31.725,32.122,2282,0
2016-05-24,21:45:00,31.914,32.092,31.914,32.092,706,0
2016-05-24,21:55:00,32.008,32.102,31.947,32.102,303,0
2016-05-24,22:00:00,32.112,32.221,32.112,32.221,605,0
2016-05-25,15:35:00,32.181,32.181,32.181,32.181,346,0
2016-05-25,16:15:00,32.013,32.013,32.013,32.013,101,0
2016-05-25,16:25:00,31.616,31.626,31.616,31.626,303,0
2016-05-25,16:35:00,31.924,32.142,31.924,32.142,303,0
2016-05-25,17:15:00,31.725,31.725,31.696,31.696,246,0
2016-05-25,17:50:00,31.725,31.726,31.725,31.726,202,0
2016-05-25,18:00:00,31.725,31.725,31.725,31.725,101,0
2016-05-25,18:05:00,31.725,31.725,31.725,31.725,403,0
2016-05-25,18:15:00,31.527,31.527,31.527,31.527,101,0
2016-05-25,18:45:00,31.973,31.973,31.973,31.973,101,0
2016-05-25,19:35:00,31.973,31.973,31.973,31.973,303,0
2016-05-25,19:55:00,31.735,31.735,31.735,31.735,706,0
2016-05-25,20:20:00,31.735,31.735,31.735,31.735,101,0
2016-05-25,20:25:00,31.735,31.735,31.735,31.735,101,0
2016-05-25,21:05:00,31.735,31.735,31.686,31.686,202,0
2016-05-25,21:15:00,31.686,31.854,31.686,31.854,504,0
2016-05-25,21:20:00,31.745,31.924,31.745,31.924,202,0
2016-05-25,21:40:00,31.973,31.973,31.973,31.973,106,0
2016-05-25,21:45:00,31.973,31.973,31.973,31.973,202,0
2016-05-25,21:50:00,31.973,31.973,31.973,31.973,101,0
2016-05-25,22:00:00,31.963,32.667,31.963,32.657,1715,0
2016-05-26,15:35:00,32.409,32.409,32.409,32.409,303,0
2016-05-26,16:00:00,32.201,32.201,32.201,32.201,101,0
2016-05-26,16:05:00,32.162,32.162,31.301,31.301,1513,0
2016-05-26,16:25:00,32.152,32.172,32.112,32.172,1210,0
2016-05-26,16:30:00,31.924,31.924,31.924,31.924,483,0
2016-05-26,16:35:00,31.944,31.944,31.874,31.874,605,0
2016-05-26,16:50:00,31.864,31.864,31.864,31.864,101,0
2016-05-26,16:55:00,31.974,31.974,31.974,31.974,1009,0
2016-05-26,17:25:00,32.211,32.271,32.211,32.271,303,0
2016-05-26,17:35:00,32.261,32.261,32.261,32.261,101,0
2016-05-26,17:50:00,32.191,32.231,32.023,32.023,605,0
2016-05-26,17:55:00,32.102,32.112,32.102,32.112,605,0
2016-05-26,18:05:00,32.469,32.469,32.469,32.469,101,0
2016-05-26,18:20:00,32.072,32.122,32.072,32.122,202,0
2016-05-26,18:25:00,32.072,32.211,31.577,31.577,303,0
2016-05-26,19:00:00,32.221,32.221,32.221,32.221,101,0
2016-05-26,19:10:00,32.023,32.023,32.023,32.023,202,0
2016-05-26,19:25:00,32.062,32.062,32.062,32.062,101,0
2016-05-26,19:40:00,31.865,32.211,31.755,32.112,1412,0
2016-05-26,19:45:00,32.211,32.211,32.211,32.211,101,0
2016-05-26,20:05:00,32.191,32.191,31.775,31.882,1916,0
2016-05-26,20:25:00,32.221,32.221,32.221,32.221,101,0
2016-05-26,20:30:00,31.978,31.978,31.978,31.978,565,0
2016-05-26,20:40:00,31.984,31.984,31.914,31.914,1110,0
2016-05-26,20:45:00,32.211,32.211,32.211,32.211,101,0
2016-05-26,20:50:00,32.181,32.181,32.142,32.147,1210,0
2016-05-26,20:55:00,32.072,32.072,31.904,31.904,2017,0
2016-05-26,21:00:00,31.934,31.934,31.904,31.904,1715,0
2016-05-26,21:05:00,31.924,31.924,31.924,31.924,101,0
2016-05-26,21:10:00,31.964,31.983,31.964,31.983,202,0
2016-05-26,21:15:00,31.963,32.025,31.587,32.025,1816,0
2016-05-26,21:20:00,31.944,31.972,31.715,31.715,2219,0
2016-05-26,21:25:00,32.142,32.142,32.142,32.142,101,0
2016-05-26,21:30:00,31.864,32.201,31.854,31.854,504,0
2016-05-26,21:35:00,32.013,32.013,31.259,31.696,2824,0
2016-05-26,21:40:00,31.696,31.696,31.478,31.478,1210,0
2016-05-26,21:45:00,31.433,31.433,31.433,31.433,101,0
2016-05-26,21:50:00,31.428,31.428,31.428,31.428,101,0
2016-05-26,21:55:00,30.932,32.211,30.912,32.211,706,0
2016-05-26,22:00:00,31.626,31.924,31.428,31.547,1514,0
2016-05-27,17:05:00,31.89,32.608,31.89,32.608,303,0
2016-05-27,18:30:00,32.062,32.062,31.527,31.973,303,0
2016-05-27,18:35:00,31.676,31.676,31.676,31.676,101,0
2016-05-27,18:45:00,31.081,31.23,31.081,31.23,1110,0
2016-05-27,18:50:00,31.23,31.72,31.23,31.641,1412,0
2016-05-27,18:55:00,31.478,32.211,31.428,31.428,605,0
2016-05-27,19:10:00,31.527,31.527,31.527,31.527,202,0
2016-05-27,19:45:00,31.448,31.448,31.428,31.428,706,0
2016-05-27,19:50:00,31.775,31.775,31.715,31.77,403,0
2016-05-27,20:00:00,31.924,31.924,31.726,31.864,706,0
2016-05-27,20:15:00,31.626,31.636,31.487,31.636,403,0
2016-05-27,20:30:00,31.686,31.686,31.686,31.686,155,0
2016-05-27,21:10:00,32.023,32.023,31.75,31.75,438,0
2016-05-27,21:20:00,31.983,31.983,31.666,31.666,303,0
2016-05-27,21:25:00,31.864,31.914,31.666,31.914,1122,0
2016-05-27,21:30:00,31.914,31.914,31.666,31.666,202,0
2016-05-27,21:50:00,31.894,31.894,31.894,31.894,101,0
2016-05-27,22:00:00,31.894,31.924,31.418,31.924,2320,0
2016-05-31,15:35:00,31.924,32.003,31.924,32.003,292,0
2016-05-31,15:50:00,31.279,31.279,31.279,31.279,101,0
2016-05-31,16:00:00,31.339,31.339,31.339,31.339,101,0
2016-05-31,16:20:00,31.339,31.339,31.23,31.23,202,0
2016-05-31,17:15:00,31.16,31.16,31.16,31.16,101,0
2016-05-31,18:00:00,31.2,31.2,30.734,30.734,1210,0
2016-05-31,18:05:00,31.24,31.24,31.24,31.24,101,0
2016-05-31,18:10:00,31.507,31.507,31.507,31.507,101,0
2016-05-31,18:20:00,31.497,31.497,31.497,31.497,101,0
2016-05-31,19:00:00,31.487,31.487,31.487,31.487,101,0
2016-05-31,20:20:00,31.398,31.398,31.398,31.398,101,0
2016-05-31,21:10:00,31.398,31.398,31.398,31.398,101,0
2016-05-31,21:25:00,30.992,30.992,30.992,30.992,143,0
2016-05-31,21:40:00,31.19,31.378,31.002,31.378,1009,0
2016-05-31,22:00:00,31.487,31.487,31.487,31.487,387,0
2016-06-01,15:35:00,31.14,31.14,31.14,31.14,303,0
2016-06-01,15:55:00,30.754,30.754,30.754,30.754,303,0
2016-06-01,16:05:00,30.764,30.868,30.754,30.764,1354,0
2016-06-01,17:25:00,30.764,30.764,30.764,30.764,101,0
2016-06-01,17:45:00,30.754,31.061,30.754,30.754,303,0
2016-06-01,17:55:00,31.23,31.23,31.22,31.22,202,0
2016-06-01,18:00:00,30.793,31.198,30.793,30.803,504,0
2016-06-01,18:05:00,30.734,31.23,30.734,31.17,1412,0
2016-06-01,18:10:00,31.23,31.23,30.734,30.982,1210,0
2016-06-01,18:20:00,30.992,30.992,30.992,30.992,101,0
2016-06-01,18:25:00,30.992,30.992,30.992,30.992,101,0
2016-06-01,18:30:00,31.23,31.23,30.744,30.744,504,0
2016-06-01,18:35:00,30.992,30.992,30.774,30.992,654,0
2016-06-01,18:40:00,30.992,30.992,30.992,30.992,202,0
2016-06-01,18:50:00,30.982,30.982,30.982,30.982,101,0
2016-06-01,18:55:00,30.997,30.997,30.803,30.997,605,0
2016-06-01,19:00:00,30.884,30.997,30.884,30.997,1210,0
2016-06-01,19:15:00,31.111,31.111,31.111,31.111,101,0
2016-06-01,19:35:00,31.007,31.007,31.007,31.007,101,0
2016-06-01,19:45:00,30.982,30.982,30.982,30.982,101,0
2016-06-01,19:55:00,30.982,30.992,30.982,30.992,202,0
2016-06-01,20:00:00,31.051,31.051,31.051,31.051,101,0
2016-06-01,20:05:00,30.982,30.992,30.982,30.992,605,0
2016-06-01,20:15:00,31.091,31.091,31.091,31.091,101,0
2016-06-01,20:25:00,30.982,31.21,30.982,31.21,303,0
2016-06-01,20:40:00,31.17,31.17,31.17,31.17,101,0
2016-06-01,20:45:00,31.051,31.22,31.051,31.22,202,0
2016-06-01,21:00:00,31.22,31.22,31.22,31.22,101,0
2016-06-01,21:10:00,31.051,31.051,31.051,31.051,101,0
2016-06-01,21:15:00,31.22,31.22,31.22,31.22,101,0
2016-06-01,21:20:00,31.051,31.2,31.051,31.2,504,0
2016-06-01,21:30:00,31.14,31.14,31.14,31.14,101,0
2016-06-01,21:45:00,31.22,31.22,31.22,31.22,101,0
2016-06-01,22:00:00,31.031,31.21,30.704,30.734,2416,0
2016-06-02,15:35:00,30.734,30.734,30.734,30.734,759,0
2016-06-02,15:40:00,31.14,31.14,31.071,31.071,482,0
2016-06-02,16:25:00,31.061,31.146,30.982,31.146,1210,0
2016-06-02,16:35:00,30.992,31.666,30.982,31.666,2320,0
2016-06-02,16:40:00,31.131,31.131,31.131,31.131,101,0
2016-06-02,16:50:00,31.179,31.552,30.982,31.552,1971,0
2016-06-02,17:00:00,30.982,31.656,30.982,31.656,202,0
2016-06-02,17:05:00,31.676,31.676,31.676,31.676,101,0
2016-06-02,17:50:00,31.25,31.324,31.22,31.229,403,0
2016-06-02,17:55:00,31.22,31.22,31.22,31.22,101,0
2016-06-02,18:50:00,31.606,31.606,31.606,31.606,101,0
2016-06-02,19:00:00,31.587,31.587,31.587,31.587,101,0
2016-06-02,19:25:00,31.15,31.15,31.101,31.131,1174,0
2016-06-02,19:55:00,31.23,31.23,31.23,31.23,101,0
2016-06-02,20:00:00,31.24,31.24,31.21,31.21,403,0
2016-06-02,20:55:00,31.408,31.408,31.408,31.408,101,0
2016-06-02,21:10:00,31.468,31.468,31.468,31.468,101,0
2016-06-02,21:20:00,31.18,31.18,31.14,31.14,403,0
2016-06-02,21:25:00,31.304,31.304,31.304,31.304,101,0
2016-06-02,21:35:00,31.299,31.299,31.299,31.299,101,0
2016-06-02,21:40:00,31.16,31.16,30.367,30.952,1721,0
2016-06-02,21:55:00,30.917,30.917,30.893,30.893,403,0
2016-06-02,22:00:00,30.893,31.245,30.893,31.245,303,0
2016-06-03,15:35:00,30.863,30.863,30.734,30.833,2021,0
2016-06-03,15:40:00,30.853,30.853,30.853,30.853,117,0
2016-06-03,15:55:00,30.833,30.833,30.833,30.833,101,0
2016-06-03,16:45:00,31.269,31.269,30.833,30.853,303,0
2016-06-03,17:35:00,31.597,31.597,31.597,31.597,101,0
2016-06-03,18:25:00,31.329,31.329,31.329,31.329,101,0
2016-06-03,19:45:00,31.577,31.577,31.577,31.577,101,0
2016-06-03,20:55:00,31.517,31.517,31.23,31.497,303,0
2016-06-03,21:15:00,31.478,31.517,31.14,31.517,726,0
2016-06-03,21:40:00,31.23,31.497,31.18,31.497,403,0
2016-06-03,21:50:00,31.14,31.14,31.14,31.14,303,0
2016-06-03,21:55:00,31.091,31.428,31.091,31.428,403,0
2016-06-03,22:00:00,31.448,31.448,31.448,31.448,101,0
2016-06-06,15:35:00,31.031,31.031,30.962,30.962,1825,0
2016-06-06,15:40:00,30.992,30.992,30.962,30.962,202,0
2016-06-06,15:50:00,30.972,31.111,30.962,31.111,303,0
2016-06-06,15:55:00,31.091,31.091,31.091,31.091,213,0
2016-06-06,16:00:00,30.784,30.784,30.744,30.784,303,0
2016-06-06,16:05:00,30.793,30.793,30.784,30.784,202,0
2016-06-06,16:15:00,30.734,31.15,30.258,30.258,601,0
2016-06-06,16:20:00,30.784,30.784,30.784,30.784,504,0
2016-06-06,16:45:00,30.139,30.139,30.139,30.139,101,0
2016-06-06,16:50:00,30.684,30.734,30.684,30.734,202,0
2016-06-06,17:05:00,30.723,30.723,30.446,30.446,1110,0
2016-06-06,17:25:00,31.408,31.408,31.408,31.408,101,0
2016-06-06,17:30:00,30.565,30.927,30.565,30.927,202,0
2016-06-06,17:40:00,31.398,31.398,30.476,30.982,908,0
2016-06-06,17:45:00,30.714,30.714,29.584,29.584,9695,0
2016-06-06,17:55:00,29.891,29.926,29.891,29.926,403,0
2016-06-06,18:00:00,29.752,29.752,29.752,29.752,101,0
2016-06-06,18:15:00,29.951,29.951,29.951,29.951,101,0
2016-06-06,18:35:00,30,30,30,30,101,0
2016-06-06,18:40:00,30.288,30.288,30.288,30.288,101,0
2016-06-06,18:55:00,30.328,30.328,30.328,30.328,101,0
2016-06-06,19:00:00,30.238,30.238,30.238,30.238,202,0
2016-06-06,19:05:00,30.238,30.238,30.238,30.238,403,0
2016-06-06,19:25:00,29.852,29.852,29.852,29.852,101,0
2016-06-06,19:30:00,30.189,30.189,30.189,30.189,101,0
2016-06-06,19:35:00,30.005,30.005,30.005,30.005,202,0
2016-06-06,19:50:00,30.238,30.238,30.238,30.238,101,0
2016-06-06,20:05:00,30.238,30.238,30.238,30.238,101,0
2016-06-06,20:10:00,29.871,29.871,29.871,29.871,101,0
2016-06-06,20:20:00,30.238,30.238,30.238,30.238,101,0
2016-06-06,20:40:00,30.238,30.238,29.842,29.842,202,0
2016-06-06,20:50:00,29.852,29.852,29.852,29.852,101,0
2016-06-06,20:55:00,30.238,30.238,30.139,30.139,202,0
2016-06-06,21:05:00,30.238,30.238,30.025,30.06,2623,0
2016-06-06,21:10:00,30.129,30.218,30.04,30.218,504,0
2016-06-06,21:15:00,30.109,30.198,29.921,30.198,403,0
2016-06-06,21:20:00,30.199,30.199,30.07,30.07,908,0
2016-06-06,21:25:00,30.139,30.139,29.981,29.981,403,0
2016-06-06,21:30:00,30.129,30.129,30.129,30.129,101,0
2016-06-06,21:35:00,30.04,30.139,29.991,29.991,1311,0
2016-06-06,21:40:00,29.946,30.03,29.931,30.03,605,0
2016-06-06,21:45:00,30,30,29.951,29.951,202,0
2016-06-06,21:50:00,30.109,30.109,30.109,30.109,101,0
2016-06-06,21:55:00,30,30,29.951,29.951,706,0
2016-06-06,22:00:00,30.04,30.268,29.921,30.268,628,0
2016-06-07,15:35:00,30.268,30.615,30.268,30.505,958,0
2016-06-07,15:50:00,30.347,30.666,30.075,30.666,2118,0
2016-06-07,15:55:00,30.536,30.536,30.04,30.04,807,0
2016-06-07,16:00:00,30,30,30,30,807,0
2016-06-07,16:05:00,30.04,30.04,30,30,202,0
2016-06-07,16:10:00,30.099,30.099,30.05,30.05,706,0
2016-06-07,16:15:00,30,30.01,30,30.01,202,0
2016-06-07,16:20:00,30,30.04,29.951,29.951,875,0
2016-06-07,16:35:00,30.149,30.149,30.149,30.149,101,0
2016-06-07,17:30:00,30.01,30.015,29.99,30.015,706,0
2016-06-07,17:45:00,30.526,30.526,30.526,30.526,101,0
2016-06-07,17:55:00,30.318,30.838,29.743,30.813,1521,0
2016-06-07,18:00:00,30.347,30.347,30.347,30.347,101,0
2016-06-07,18:15:00,30.07,30.07,30.05,30.05,303,0
2016-06-07,18:40:00,30.075,30.075,30.075,30.075,101,0
2016-06-07,18:50:00,30.06,30.06,30.06,30.06,101,0
2016-06-07,18:55:00,30.075,30.075,30.075,30.075,101,0
2016-06-07,19:10:00,30.08,30.08,30.08,30.08,202,0
2016-06-07,19:15:00,30.085,30.085,30.085,30.085,101,0
2016-06-07,19:30:00,30.189,30.189,30.189,30.189,101,0
2016-06-07,19:45:00,30.308,30.308,30.095,30.095,202,0
2016-06-07,20:00:00,30.238,30.238,30.124,30.124,504,0
2016-06-07,20:15:00,30.268,30.268,30.139,30.139,202,0
2016-06-07,20:30:00,30.238,30.238,29.99,30.04,908,0
2016-06-07,20:40:00,30.01,30.01,29.99,30.01,303,0
2016-06-07,20:45:00,30.01,30.01,30,30,303,0
2016-06-07,20:50:00,30.039,30.139,30.039,30.139,504,0
2016-06-07,20:55:00,30.139,30.139,30.139,30.139,1513,0
2016-06-07,21:00:00,30.139,30.139,30.139,30.139,101,0
2016-06-07,21:05:00,30.139,30.139,30.139,30.139,101,0
2016-06-07,21:10:00,30.387,30.387,30.263,30.263,202,0
2016-06-07,21:20:00,30.139,30.139,30.139,30.139,202,0
2016-06-07,21:30:00,30.248,30.248,30.095,30.095,1311,0
2016-06-07,21:45:00,30,30,30,30,101,0
2016-06-07,21:55:00,30.04,30.04,30.04,30.04,101,0
2016-06-07,22:00:00,30.144,30.328,30.144,30.328,303,0
2016-06-08,15:35:00,30.09,30.09,30.09,30.09,101,0
2016-06-08,16:30:00,30.635,30.635,30.635,30.635,101,0
2016-06-08,17:15:00,30.585,30.734,30.097,30.734,1210,0
2016-06-08,17:25:00,30.491,30.491,30.491,30.491,101,0
2016-06-08,17:35:00,30.496,30.734,30.496,30.734,202,0
2016-06-08,17:40:00,30.298,30.526,30.258,30.526,1872,0
2016-06-08,18:00:00,30.734,30.734,30.734,30.734,101,0
2016-06-08,18:15:00,30.506,30.506,30.506,30.506,101,0
2016-06-08,18:25:00,30.734,30.734,30.734,30.734,101,0
2016-06-08,18:45:00,30.516,30.516,30.516,30.516,101,0
2016-06-08,18:55:00,30.675,30.675,30.675,30.675,101,0
2016-06-08,19:20:00,30.474,30.474,30.377,30.377,1210,0
2016-06-08,19:30:00,30.387,30.387,30.387,30.387,101,0
2016-06-08,20:00:00,30.635,30.635,30.635,30.635,101,0
2016-06-08,20:25:00,30.546,30.546,30.546,30.546,101,0
2016-06-08,20:30:00,30.635,30.635,30.635,30.635,101,0
2016-06-08,20:55:00,30.476,30.476,30.476,30.476,202,0
2016-06-08,21:10:00,30.486,30.486,30.466,30.466,605,0
2016-06-08,21:20:00,30.461,30.461,30.461,30.461,101,0
2016-06-08,21:25:00,30.675,30.675,30.675,30.675,101,0
2016-06-08,21:50:00,30.486,30.486,30.486,30.486,101,0
2016-06-09,15:35:00,30.476,30.476,30.476,30.476,303,0
2016-06-09,16:00:00,30.238,30.238,30.238,30.238,101,0
2016-06-09,16:05:00,30.288,30.288,30.288,30.288,101,0
2016-06-09,19:45:00,30.982,31.14,30.318,31.14,2875,0
2016-06-09,21:15:00,30.486,31.121,30.486,30.486,605,0
2016-06-09,21:30:00,30.486,30.486,30.486,30.486,303,0
2016-06-10,15:35:00,30.169,30.169,30.169,30.169,323,0
2016-06-10,16:00:00,30.833,30.912,30.833,30.912,403,0
2016-06-10,17:45:00,30.318,30.318,30.149,30.149,1110,0
2016-06-10,17:50:00,30.288,30.288,30.288,30.288,202,0
2016-06-10,18:25:00,30.813,30.813,30.813,30.813,101,0
2016-06-10,18:50:00,30.546,30.546,30.546,30.546,101,0
2016-06-10,18:55:00,30.675,30.675,30.675,30.675,605,0
2016-06-10,19:25:00,30.474,30.474,30.474,30.474,202,0
2016-06-10,19:30:00,30.347,30.558,30.337,30.558,303,0
2016-06-10,19:35:00,30.793,30.793,30.793,30.793,101,0
2016-06-10,20:10:00,30.764,30.764,30.764,30.764,101,0
2016-06-10,20:45:00,30.744,30.744,30.744,30.744,101,0
2016-06-10,21:15:00,30.724,30.724,30.724,30.724,101,0
2016-06-10,22:00:00,30.308,30.308,30.308,30.308,101,0
2016-06-13,15:35:00,30.298,30.298,30.298,30.298,202,0
2016-06-13,15:40:00,30.278,30.278,30.248,30.248,403,0
2016-06-13,16:00:00,29.832,29.832,29.832,29.832,101,0
2016-06-13,18:40:00,30.129,30.129,30.02,30.02,202,0
2016-06-13,18:45:00,30.139,30.139,30.109,30.109,303,0
2016-06-13,18:50:00,30.099,30.119,30.07,30.07,303,0
2016-06-13,18:55:00,30.119,30.119,30.119,30.119,101,0
2016-06-13,19:00:00,30.238,30.238,30.228,30.228,202,0
2016-06-13,19:05:00,30.238,30.238,30.238,30.238,202,0
2016-06-13,19:10:00,30.228,30.238,30.07,30.179,1210,0
2016-06-13,19:15:00,30.298,30.308,30.298,30.298,303,0
2016-06-13,19:20:00,30.509,30.509,30.509,30.509,439,0
2016-06-13,19:25:00,30.427,30.506,30.109,30.288,1816,0
2016-06-13,19:30:00,30.318,30.318,30.318,30.318,101,0
2016-06-13,19:35:00,30.258,30.278,30.258,30.278,202,0
2016-06-13,19:55:00,30.08,30.08,30.08,30.08,101,0
2016-06-13,20:00:00,30.08,30.08,30.08,30.08,101,0
2016-06-13,20:25:00,30.258,30.258,30.258,30.258,101,0
2016-06-13,21:15:00,30.655,30.655,30.655,30.655,101,0
2016-06-13,21:25:00,30.625,30.625,30.625,30.625,101,0
2016-06-13,21:35:00,30.119,30.119,30.119,30.119,101,0
2016-06-13,21:55:00,30.546,30.546,30.546,30.546,101,0
2016-06-13,22:00:00,30.536,30.536,30.218,30.218,202,0
2016-06-14,15:50:00,29.852,29.852,29.852,29.852,101,0
2016-06-14,16:50:00,29.88,29.88,29.88,29.88,164,0
2016-06-14,16:55:00,30.075,30.075,30.075,30.075,101,0
2016-06-14,17:40:00,29.877,29.877,29.877,29.877,121,0
2016-06-14,18:10:00,30.04,30.179,30.04,30.179,202,0
2016-06-14,19:00:00,30,30,30,30,101,0
2016-06-14,19:55:00,30.07,30.07,29.941,29.941,399,0
2016-06-14,20:10:00,29.852,29.852,29.832,29.832,202,0
2016-06-14,21:05:00,29.971,30.05,29.971,30.01,908,0
2016-06-14,22:00:00,29.752,30.04,29.752,30.04,202,0
2016-06-15,17:00:00,30.54,30.54,30.54,30.54,100,0
2016-06-15,17:05:00,30.21,30.75,30.1,30.1,300,0
2016-06-15,17:10:00,30.75,30.75,30.75,30.75,1000,0
2016-06-15,18:00:00,30.57,30.57,30.57,30.57,100,0
2016-06-15,18:20:00,30.74,30.74,30.74,30.74,100,0
2016-06-15,19:25:00,30.7,30.7,30.7,30.7,100,0
2016-06-15,20:15:00,30.6,30.6,30.6,30.6,100,0
2016-06-15,21:15:00,30.26,30.26,30.26,30.26,100,0
2016-06-15,21:20:00,30.6,30.6,30.6,30.6,100,0
2016-06-15,21:35:00,30.7,30.7,30.7,30.7,100,0
2016-06-15,21:45:00,30.4,30.4,30.4,30.4,100,0
2016-06-15,21:50:00,30.17,30.17,30.17,30.17,100,0
2016-06-15,21:55:00,30.305,30.51,30.3,30.3,18400,0
2016-06-15,22:00:00,30.45,30.45,30.45,30.45,106,0
2016-06-16,15:35:00,30.44,30.44,30.44,30.44,200,0
2016-06-16,16:10:00,31.346,31.346,31.346,31.346,170,0
2016-06-16,16:50:00,30.69,30.69,30.69,30.69,100,0
2016-06-16,16:55:00,30.63,30.75,30.29,30.39,2800,0
2016-06-16,17:00:00,30.57,30.57,30.25,30.25,700,0
2016-06-16,17:05:00,30.37,30.37,30.1,30.1,900,0
2016-06-16,17:10:00,30.1,30.185,29.95,30.1707,1300,0
2016-06-16,17:15:00,30.02,30.32,30.02,30.27,1630,0
2016-06-16,17:20:00,30.08,30.18,30.08,30.18,200,0
2016-06-16,17:25:00,30.29,30.29,30.145,30.145,300,0
2016-06-16,17:30:00,30.18,30.19,30.03,30.03,1500,0
2016-06-16,17:35:00,29.99,30.22,29.99,30.1405,1300,0
2016-06-16,17:55:00,30.17,30.17,30.03,30.03,200,0
2016-06-16,18:15:00,30.12,30.155,30.01,30.01,400,0
2016-06-16,18:35:00,29.9,29.9,29.9,29.9,100,0
2016-06-16,18:50:00,30,30,30,30,100,0
2016-06-16,19:45:00,30.28,30.28,30,30,700,0
2016-06-16,19:55:00,30.12,30.24,30,30.24,900,0
2016-06-16,21:25:00,30.05,30.05,30.05,30.05,200,0
2016-06-16,21:55:00,29.9,30.16,29.9,30.16,700,0
2016-06-16,22:00:00,29.9,30.16,29.9,30.16,405,0
2016-06-17,16:40:00,30.34,30.34,29.83,29.83,1200,0
2016-06-17,16:45:00,29.77,29.77,29.74,29.74,200,0
2016-06-17,16:50:00,29.76,29.76,29.76,29.76,100,0
2016-06-17,17:05:00,29.5,29.64,29.34,29.64,2200,0
2016-06-17,17:10:00,29.51,29.77,29.51,29.55,1000,0
2016-06-17,17:15:00,29.56,29.56,29.56,29.56,100,0
2016-06-17,17:20:00,29.5,29.55,29.5,29.5,1000,0
2016-06-17,17:50:00,29.99,29.99,29.99,29.99,100,0
2016-06-17,18:20:00,29.97,29.97,29.51,29.51,300,0
2016-06-17,18:25:00,29.5,29.5,29.41,29.41,200,0
2016-06-17,18:35:00,29.41,29.41,29.41,29.41,100,0
2016-06-17,18:40:00,29.41,29.41,29.41,29.41,100,0
2016-06-17,18:45:00,29.41,29.41,29.41,29.41,180,0
2016-06-17,19:10:00,29.53,29.53,29.475,29.475,300,0
2016-06-17,19:20:00,29.42,29.42,29.42,29.42,200,0
2016-06-17,19:40:00,29.37,29.4,29.37,29.4,800,0
2016-06-17,20:00:00,29.96,29.96,29.96,29.96,100,0
2016-06-17,20:20:00,29.31,29.31,29.31,29.31,400,0
2016-06-17,20:35:00,29.62,29.62,29.62,29.62,100,0
2016-06-17,20:45:00,29.61,29.61,29.61,29.61,100,0
2016-06-17,20:50:00,29.31,29.35,29.31,29.35,200,0
2016-06-17,21:05:00,29.64,29.64,29.64,29.64,100,0
2016-06-17,21:20:00,29.48,29.48,29.48,29.48,100,0
2016-06-17,21:30:00,29.77,29.77,29.77,29.77,100,0
2016-06-17,21:45:00,29.5,29.88,29.5,29.88,200,0
2016-06-17,21:55:00,29.87,29.87,29.87,29.87,100,0
2016-06-17,22:00:00,29.94,29.95,29.86,29.95,2149,0
2016-06-20,15:55:00,30.01,30.02,29.76,29.76,399,0
2016-06-20,16:00:00,29.73,29.73,29.65,29.7,1195,0
2016-06-20,16:05:00,29.6,29.6,29.53,29.53,200,0
2016-06-20,16:10:00,30.27,30.27,30.27,30.27,100,0
2016-06-20,16:15:00,30.35,30.36,29.95,29.99,600,0
2016-06-20,16:35:00,29.89,29.89,29.89,29.89,100,0
2016-06-20,18:00:00,29.76,29.76,29.76,29.76,200,0
2016-06-20,18:10:00,29.69,29.69,29.69,29.69,100,0
2016-06-20,18:15:00,29.33,29.33,29.3,29.3,200,0
2016-06-20,18:20:00,29.91,29.91,29.91,29.91,100,0
2016-06-20,18:45:00,29.59,29.59,29.415,29.49,900,0
2016-06-20,18:50:00,29.57,29.57,29.51,29.51,700,0
2016-06-20,18:55:00,29.42,29.56,29.42,29.5395,1500,0
2016-06-20,19:00:00,29.57,29.63,29.56,29.63,1463,0
2016-06-20,19:05:00,29.64,29.64,29.64,29.64,500,0
2016-06-20,19:15:00,29.78,29.78,29.675,29.75,941,0
2016-06-20,19:20:00,29.75,29.75,29.75,29.75,800,0
2016-06-20,19:25:00,29.84,29.84,29.79,29.79,200,0
2016-06-20,19:45:00,29.84,29.84,29.84,29.84,100,0
2016-06-20,19:50:00,29.84,29.84,29.84,29.84,1400,0
2016-06-20,20:05:00,29.77,29.77,29.76,29.76,200,0
2016-06-20,20:25:00,29.85,29.88,29.85,29.88,200,0
2016-06-20,20:30:00,29.76,29.76,29.76,29.76,100,0
2016-06-20,20:45:00,29.88,29.88,29.88,29.88,100,0
2016-06-20,21:10:00,29.88,29.88,29.88,29.88,100,0
2016-06-20,21:30:00,30,30,30,30,100,0
2016-06-20,21:45:00,30,30,30,30,100,0
2016-06-20,21:55:00,29.88,29.88,29.83,29.83,400,0
2016-06-20,22:00:00,29.83,29.83,29.77,29.77,344,0
2016-06-21,15:35:00,29.88,29.88,29.88,29.88,200,0
2016-06-21,15:40:00,29.78,29.78,29.25,29.25,725,0
2016-06-21,17:45:00,29.46,29.46,29.46,29.46,100,0
2016-06-21,18:25:00,29.65,29.65,29.65,29.65,100,0
2016-06-21,18:45:00,29.66,29.66,29.46,29.46,200,0
2016-06-21,18:55:00,29.63,29.71,29.485,29.71,600,0
2016-06-21,19:20:00,29.31,30,29.31,29.31,500,0
2016-06-21,19:25:00,29.31,29.9,29.278,29.31,400,0
2016-06-21,19:30:00,29.34,29.91,29.31,29.31,300,0
2016-06-21,19:35:00,29.42,29.99,29.31,29.31,400,0
2016-06-21,19:45:00,29.99,29.99,29.99,29.99,100,0
2016-06-21,20:10:00,29.99,29.99,29.99,29.99,200,0
2016-06-21,20:20:00,29.31,29.31,29.31,29.31,100,0
2016-06-21,20:35:00,29.99,29.99,29.99,29.99,200,0
2016-06-21,20:55:00,29.79,29.99,29.705,29.705,600,0
2016-06-21,21:05:00,29.58,29.58,29.58,29.58,100,0
2016-06-21,21:10:00,29.85,29.85,29.48,29.48,700,0
2016-06-21,21:15:00,29.8,29.8,29.8,29.8,100,0
2016-06-21,21:30:00,29.84,29.84,29.84,29.84,200,0
2016-06-21,21:35:00,29.48,29.66,29.48,29.62,400,0
2016-06-21,21:40:00,29.48,29.66,29.48,29.66,200,0
2016-06-21,21:45:00,29.66,29.66,29.66,29.66,100,0
2016-06-21,21:50:00,29.56,29.56,29.56,29.56,183,0
2016-06-21,21:55:00,30,30,30,30,200,0
2016-06-21,22:00:00,30,30,29.75,29.75,500,0
2016-06-22,15:35:00,29.6,29.6,29.6,29.6,300,0
2016-06-22,15:55:00,29.89,29.89,29.89,29.89,100,0
2016-06-22,16:00:00,29.63,29.669,29.63,29.669,414,0
2016-06-22,16:20:00,30,30,30,30,200,0
2016-06-22,16:30:00,30,30,30,30,100,0
2016-06-22,16:50:00,29.99,29.99,29.7522,29.7522,400,0
2016-06-22,17:15:00,29.99,29.99,29.99,29.99,200,0
2016-06-22,17:25:00,29.99,29.99,29.99,29.99,100,0
2016-06-22,17:50:00,29.98,29.99,29.98,29.99,200,0
2016-06-22,17:55:00,29.91,29.91,29.91,29.91,100,0
2016-06-22,18:00:00,29.92,29.92,29.92,29.92,100,0
2016-06-22,18:05:00,29.99,29.99,29.99,29.99,100,0
2016-06-22,18:30:00,29.99,29.99,29.815,29.815,200,0
2016-06-22,18:50:00,29.98,29.9895,29.98,29.9895,200,0
2016-06-22,19:10:00,29.98,29.98,29.98,29.98,200,0
2016-06-22,19:15:00,29.91,29.91,29.91,29.91,100,0
2016-06-22,19:35:00,29.95,29.95,29.95,29.95,200,0
2016-06-22,19:45:00,29.97,30,29.9,30,1823,0
2016-06-22,19:50:00,30.18,30.18,30.18,30.18,100,0
2016-06-22,20:05:00,30.2,30.2,30.18,30.18,600,0
2016-06-22,20:15:00,30.43,30.43,30.43,30.43,200,0
2016-06-22,20:25:00,30.39,30.43,30.39,30.43,200,0
2016-06-22,20:35:00,30.43,30.43,30.41,30.41,200,0
2016-06-22,20:50:00,29.9,30.14,29.9,30.14,200,0
2016-06-22,20:55:00,30.37,30.37,30.37,30.37,200,0
2016-06-22,21:00:00,30.38,30.38,30.38,30.38,200,0
2016-06-22,21:15:00,30.43,30.44,30.43,30.44,200,0
2016-06-22,21:20:00,30.95,30.95,30.95,30.95,100,0
2016-06-22,21:25:00,30.91,30.91,30.91,30.91,100,0
2016-06-22,21:30:00,30.91,30.91,30.3,30.86,400,0
2016-06-22,21:35:00,30.4,30.4,30.4,30.4,100,0
2016-06-22,21:45:00,30.44,30.88,30.44,30.88,200,0
2016-06-22,21:50:00,30.71,30.81,30.06,30.72,700,0
2016-06-22,21:55:00,30.53,30.72,30.53,30.72,300,0
2016-06-22,22:00:00,30.72,30.89,30.53,30.88,1300,0
2016-06-23,15:35:00,30.71,30.71,30.71,30.71,200,0
2016-06-23,15:55:00,30.88,30.88,30.78,30.78,200,0
2016-06-23,16:10:00,30.88,30.88,30.88,30.88,200,0
2016-06-23,16:25:00,30.88,30.9,30.88,30.9,600,0
2016-06-23,16:30:00,30.18,30.9198,30.18,30.9198,600,0
2016-06-23,16:35:00,31.7,31.7,30.35,30.35,200,0
2016-06-23,16:40:00,30.91,31.9,30.4285,31.9,1300,0
2016-06-23,16:55:00,31.78,31.78,31.78,31.78,200,0
2016-06-23,17:05:00,31.45,31.45,31.45,31.45,117,0
2016-06-23,17:10:00,30.66,31.065,30.66,31.065,200,0
2016-06-23,17:15:00,31.78,31.78,31.78,31.78,200,0
2016-06-23,17:20:00,31.07,31.07,30.9,30.9,296,0
2016-06-23,17:25:00,31.65,31.65,31.31,31.37,900,0
2016-06-23,17:30:00,31.19,31.5,31.18,31.4899,1500,0
2016-06-23,17:35:00,30.65,31.03,30.57,30.82,1100,0
2016-06-23,17:40:00,30.9,30.9,30.9,30.9,200,0
2016-06-23,17:45:00,31.325,31.325,31.325,31.325,100,0
2016-06-23,17:50:00,31.29,31.29,31.29,31.29,200,0
2016-06-23,17:55:00,31.2,31.21,31.1,31.11,760,0
2016-06-23,18:00:00,31.144,31.144,31.144,31.144,100,0
2016-06-23,18:05:00,31.16,31.2,31.16,31.2,489,0
2016-06-23,18:10:00,31.14,31.14,31.14,31.14,155,0
2016-06-23,18:15:00,31.16,31.16,31.16,31.16,100,0
2016-06-23,18:20:00,30.99,31.05,30.99,31.05,300,0
2016-06-23,18:30:00,31.72,31.74,31.72,31.74,289,0
2016-06-23,18:45:00,31.24,31.72,31.24,31.72,200,0
2016-06-23,18:50:00,31.73,31.73,31.6,31.73,400,0
2016-06-23,18:55:00,31.06,31.06,31.06,31.06,100,0
2016-06-23,19:00:00,31.67,31.67,31.67,31.67,100,0
2016-06-23,19:10:00,31.29,31.29,31.24,31.24,400,0
2016-06-23,19:15:00,31.03,31.03,31.03,31.03,100,0
2016-06-23,19:20:00,31.03,31.0395,31.03,31.03,300,0
2016-06-23,19:25:00,31.05,31.05,31.05,31.05,100,0
2016-06-23,19:30:00,31.05,31.05,31.05,31.05,400,0
2016-06-23,19:40:00,31.09,31.11,31.09,31.11,211,0
2016-06-23,19:55:00,31.11,31.11,31.11,31.11,100,0
2016-06-23,20:00:00,30.97,31.11,30.97,31.11,300,0
2016-06-23,20:05:00,31.1,31.1,29.9319,31,2390,0
2016-06-23,20:10:00,30.74,30.99,30.66,30.99,300,0
2016-06-23,20:15:00,30.62,30.6998,30.62,30.6998,300,0
2016-06-23,20:20:00,30.99,30.99,30.99,30.99,200,0
2016-06-23,20:25:00,30.97,30.97,30.97,30.97,100,0
2016-06-23,20:30:00,30.685,30.685,30.685,30.685,100,0
2016-06-23,20:35:00,30.97,30.97,30.97,30.97,200,0
2016-06-23,20:40:00,30.97,30.97,30.89,30.89,400,0
2016-06-23,20:50:00,30.4801,30.53,30.4801,30.53,300,0
2016-06-23,20:55:00,30.65,30.8,30.64,30.8,500,0
2016-06-23,21:00:00,30.72,30.72,30.72,30.72,100,0
2016-06-23,21:05:00,30.76,30.76,30.76,30.76,100,0
2016-06-23,21:10:00,30.575,30.6099,30.45,30.45,800,0
2016-06-23,21:15:00,30.65,30.65,30.65,30.65,100,0
2016-06-23,21:20:00,30.41,30.44,30.2,30.2,700,0
2016-06-23,21:25:00,30.536,30.536,30.536,30.536,100,0
2016-06-23,21:30:00,30.17,30.17,30.17,30.17,100,0
2016-06-23,21:35:00,30.17,30.17,30.01,30.01,229,0
2016-06-23,21:40:00,30.11,30.42,30.11,30.42,1000,0
2016-06-23,21:50:00,30.25,30.49,30.25,30.2595,600,0
2016-06-23,21:55:00,30.01,30.23,30.01,30.22,1400,0
2016-06-23,22:00:00,30.49,30.49,29.97,30.12,1659,0
2016-06-24,16:20:00,29.48,29.48,28.74,28.74,400,0
2016-06-24,16:25:00,29.08,29.1299,29.08,29.08,300,0
2016-06-24,16:40:00,29.1,29.1,29.09,29.09,266,0
2016-06-24,16:45:00,29.65,29.65,29.65,29.65,200,0
2016-06-24,16:50:00,29.67,29.67,29.61,29.61,371,0
2016-06-24,16:55:00,29.67,29.67,29.66,29.66,200,0
2016-06-24,17:05:00,29.5,29.51,29.5,29.51,300,0
2016-06-24,17:20:00,29.54,29.54,29.54,29.54,100,0
2016-06-24,17:30:00,29.54,29.54,29.54,29.54,100,0
2016-06-24,17:40:00,29.32,29.32,29.32,29.32,100,0
2016-06-24,17:45:00,29.32,29.32,29.31,29.32,300,0
2016-06-24,17:50:00,29.45,29.47,29.45,29.47,200,0
2016-06-24,17:55:00,29.99,29.99,29.46,29.46,300,0
2016-06-24,18:35:00,29.87,29.97,29.84,29.84,300,0
2016-06-24,18:45:00,29.42,29.95,29.42,29.95,200,0
2016-06-24,18:50:00,29.525,29.525,29.525,29.525,100,0
2016-06-24,19:05:00,29.53,29.92,29.1097,29.92,800,0
2016-06-24,19:10:00,29.3,29.3,29.3,29.3,100,0
2016-06-24,19:20:00,29.91,29.91,29.32,29.32,300,0
2016-06-24,19:25:00,29.9,29.9,29.9,29.9,100,0
2016-06-24,19:55:00,29.3,29.3,29.3,29.3,100,0
2016-06-24,20:00:00,29.68,29.68,29.59,29.59,200,0
2016-06-24,20:05:00,29.51,29.51,29.51,29.51,100,0
2016-06-24,20:20:00,29.46,29.505,29.46,29.49,600,0
2016-06-24,20:25:00,29.5,29.565,29.33,29.33,2725,0
2016-06-24,20:30:00,29.35,29.35,29.35,29.35,200,0
2016-06-24,20:45:00,29.58,29.58,29.58,29.58,100,0
2016-06-24,20:55:00,29.41,29.41,29.3,29.3,794,0
2016-06-24,21:10:00,29.86,29.86,29.86,29.86,100,0
2016-06-24,21:15:00,29.86,29.86,29.85,29.85,300,0
2016-06-24,21:20:00,29.84,29.85,29.3,29.78,800,0
2016-06-24,21:25:00,29.6,29.78,29.6,29.74,800,0
2016-06-24,21:30:00,29.79,29.79,29.3,29.3,603,0
2016-06-24,21:35:00,29.79,29.806,29.73,29.806,696,0
2016-06-24,21:40:00,29.78,29.89,29.78,29.86,600,0
2016-06-24,21:45:00,29.89,29.97,29.89,29.96,700,0
2016-06-24,21:50:00,29.755,30.46,29.755,30.46,468,0
2016-06-24,21:55:00,30.08,30.61,29.98,30.15,700,0
2016-06-24,22:00:00,29.91,30.41,29.74,29.8,177021,0
2016-06-27,15:35:00,30.23,30.23,30.23,30.23,777,0
2016-06-27,15:40:00,29.25,29.2999,29.25,29.25,600,0
2016-06-27,15:45:00,29.6,29.6,29.6,29.6,100,0
2016-06-27,15:50:00,29.5,29.8,29.5,29.8,1100,0
2016-06-27,16:10:00,29.23,29.23,29.23,29.23,197,0
2016-06-27,16:20:00,29.27,29.27,29.27,29.27,100,0
2016-06-27,16:55:00,29.09,29.3,29.07,29.07,600,0
2016-06-27,18:10:00,29.01,29.02,29.01,29.02,200,0
2016-06-27,18:15:00,29.1,29.1,29.1,29.1,100,0
2016-06-27,18:25:00,28.91,28.91,28.91,28.91,100,0
2016-06-27,18:45:00,29,29,29,29,100,0
2016-06-27,18:50:00,28.89,28.89,28.83,28.83,600,0
2016-06-27,19:30:00,28.59,28.59,28.59,28.59,100,0
2016-06-27,19:35:00,28.71,28.71,28.71,28.71,100,0
2016-06-27,19:50:00,28.56,28.56,28.56,28.56,100,0
2016-06-27,19:55:00,28.3,28.42,28.3,28.4,904,0
2016-06-27,20:15:00,28.21,28.21,28.17,28.17,500,0
2016-06-27,20:20:00,28.17,28.17,28.16,28.16,200,0
2016-06-27,20:45:00,28.15,28.15,28.15,28.15,100,0
2016-06-27,20:50:00,28.07,28.07,28.07,28.07,100,0
2016-06-27,21:00:00,28.05,28.05,28.05,28.05,100,0
2016-06-27,21:05:00,28.13,28.13,28.13,28.13,100,0
2016-06-27,21:10:00,28.19,28.19,28.125,28.125,200,0
2016-06-27,21:40:00,28.04,28.04,28.04,28.04,100,0
2016-06-27,21:45:00,27.9,27.9,27.9,27.9,100,0
2016-06-27,21:50:00,27.97,28,27.97,27.99,500,0
2016-06-27,21:55:00,27.99,27.99,27.9488,27.98,400,0
2016-06-27,22:00:00,27.975,28,27.9,27.9,3112,0
2016-06-28,15:35:00,28.2,28.2,28.1,28.1,301,0
2016-06-28,15:40:00,28,28,28,28,100,0
2016-06-28,15:50:00,27.95,27.9595,27.95,27.9595,300,0
2016-06-28,15:55:00,28.39,28.39,28.39,28.39,100,0
2016-06-28,16:25:00,27.87,27.87,27.87,27.87,100,0
2016-06-28,16:50:00,27.935,27.935,27.935,27.935,100,0
2016-06-28,17:00:00,27.72,27.72,27.72,27.72,100,0
2016-06-28,17:30:00,27.77,27.79,27.7,27.77,3208,0
2016-06-28,17:40:00,27.8235,27.8235,27.8235,27.8235,250,0
2016-06-28,17:55:00,27.81,27.81,27.81,27.81,400,0
2016-06-28,19:15:00,27.91,27.92,27.91,27.92,200,0
2016-06-28,19:55:00,27.9499,27.95,27.92,27.92,1729,0
2016-06-28,20:55:00,28.26,28.26,28.26,28.26,100,0
2016-06-28,21:00:00,28.19,28.19,28.19,28.19,102,0
2016-06-28,21:10:00,28.19,28.19,28.19,28.19,171,0
2016-06-28,21:30:00,28.69,28.69,28.69,28.69,100,0
2016-06-28,21:40:00,28.34,28.34,28.34,28.34,100,0
2016-06-28,21:50:00,28.705,28.705,28.705,28.705,100,0
2016-06-28,21:55:00,28.71,28.71,28.36,28.36,500,0
2016-06-28,22:00:00,28.54,28.7,28.34,28.69,2636,0
2016-06-29,17:20:00,28.66,28.66,28.66,28.66,100,0
2016-06-29,17:25:00,28.59,28.68,28.59,28.68,440,0
2016-06-29,17:40:00,28.97,28.97,28.85,28.85,300,0
2016-06-29,18:20:00,28.6,28.9,28.6,28.9,800,0
2016-06-29,18:35:00,28.8,28.8,28.8,28.8,100,0
2016-06-29,20:15:00,28.36,28.36,28.36,28.36,100,0
2016-06-29,20:30:00,28.72,28.72,28.72,28.72,100,0
2016-06-29,20:35:00,28.5,28.53,28.5,28.53,300,0
2016-06-29,21:00:00,28.58,28.58,28.58,28.58,100,0
2016-06-29,21:15:00,28.57,28.57,28.57,28.57,200,0
2016-06-29,21:30:00,28.6,28.6,28.55,28.55,600,0
2016-06-29,21:35:00,28.6,28.6,28.54,28.54,300,0
2016-06-29,22:00:00,28.56,28.8,28.56,28.8,1182,0
2016-06-30,15:35:00,28.7,28.7,28.7,28.7,115,0
2016-06-30,16:20:00,29.1,29.1,29.1,29.1,200,0
2016-06-30,16:30:00,29.41,29.41,29.41,29.41,100,0
2016-06-30,16:45:00,29.31,29.31,29.31,29.31,100,0
2016-06-30,16:50:00,29.28,29.28,29.28,29.28,100,0
2016-06-30,17:20:00,29.4,29.4,29.4,29.4,100,0
2016-06-30,18:10:00,29.4155,29.4155,29.4155,29.4155,385,0
2016-06-30,18:40:00,29.04,29.04,29.04,29.04,100,0
2016-06-30,19:00:00,29.04,29.04,29.04,29.04,100,0
2016-06-30,19:20:00,29.37,29.37,29.37,29.37,100,0
2016-06-30,19:40:00,29.4,29.45,29.4,29.45,200,0
2016-06-30,20:00:00,29.42,29.42,29.42,29.42,100,0
2016-06-30,20:05:00,29.37,29.37,29.37,29.37,100,0
2016-06-30,20:10:00,29.32,29.32,29.08,29.08,350,0
2016-06-30,20:35:00,29.11,29.11,29.11,29.11,100,0
2016-06-30,21:20:00,29.16,29.16,29.16,29.16,100,0
2016-06-30,22:00:00,29.37,29.41,29.25,29.35,1732,0
2016-07-01,15:35:00,29.17,29.17,29.17,29.17,300,0
2016-07-01,16:20:00,30.02,30.02,30.02,30.02,100,0
2016-07-01,16:30:00,29.645,29.645,29.645,29.645,100,0
2016-07-01,16:55:00,29.98,29.98,29.98,29.98,100,0
2016-07-01,17:10:00,29.97,29.97,29.97,29.97,100,0
2016-07-01,17:15:00,29.63,29.63,29.63,29.63,100,0
2016-07-01,17:30:00,29.625,29.625,29.625,29.625,428,0
2016-07-01,17:35:00,29.95,29.95,29.95,29.95,300,0
2016-07-01,17:40:00,29.51,29.54,29.51,29.54,200,0
2016-07-01,17:50:00,29.79,29.79,29.79,29.79,100,0
2016-07-01,17:55:00,29.4,29.595,29.4,29.49,900,0
2016-07-01,19:10:00,29.52,29.52,29.52,29.52,100,0
2016-07-01,19:25:00,29.5,29.5,29.5,29.5,100,0
2016-07-01,19:50:00,29.31,29.31,29.31,29.31,100,0
2016-07-01,20:05:00,29.24,29.24,29.21,29.21,300,0
2016-07-01,20:25:00,29.53,29.53,29.53,29.53,200,0
2016-07-01,21:00:00,29.52,29.52,29.52,29.52,300,0
2016-07-01,21:15:00,29.55,29.57,29.55,29.57,200,0
2016-07-01,21:25:00,29.56,29.56,29.56,29.56,100,0
2016-07-01,21:45:00,29.53,29.53,29.53,29.53,200,0
2016-07-01,21:55:00,29.53,29.53,29.53,29.53,100,0
2016-07-01,22:00:00,29.83,29.83,29.38,29.38,812,0
2016-07-05,15:35:00,29.5,29.5,29.5,29.5,200,0
2016-07-05,16:05:00,29.66,29.66,29.66,29.66,122,0
2016-07-05,16:40:00,29.31,29.505,29.31,29.505,400,0
2016-07-05,17:00:00,29.58,29.58,29.58,29.58,135,0
2016-07-05,17:10:00,29.5,29.5,29.32,29.32,200,0
2016-07-05,17:15:00,29.5,29.5,29.5,29.5,100,0
2016-07-05,17:30:00,29.29,29.29,29.29,29.29,200,0
2016-07-05,17:35:00,29.29,29.29,29.29,29.29,100,0
2016-07-05,17:40:00,29.29,29.29,29.29,29.29,100,0
2016-07-05,17:45:00,29.36,29.36,29.36,29.36,200,0
2016-07-05,17:50:00,29.42,29.42,29.42,29.42,100,0
2016-07-05,17:55:00,29.48,29.48,29.48,29.48,300,0
2016-07-05,18:40:00,29.5,29.5,29.5,29.5,100,0
2016-07-05,18:50:00,29.5,29.5,29.5,29.5,100,0
2016-07-05,19:05:00,29.35,29.35,29.35,29.35,200,0
2016-07-05,19:10:00,29.5,29.5,29.5,29.5,100,0
2016-07-05,19:40:00,29.35,29.35,29.35,29.35,200,0
2016-07-05,19:50:00,29.49,29.49,29.35,29.35,300,0
2016-07-05,20:55:00,29.385,29.385,29.3,29.351,695,0
2016-07-05,21:00:00,29.3,29.3,29.3,29.3,234,0
2016-07-05,21:05:00,29.2901,29.2901,29.2901,29.2901,300,0
2016-07-05,21:45:00,29.45,29.45,29.45,29.45,100,0
2016-07-05,21:50:00,29.31,29.31,29.31,29.31,200,0
2016-07-05,21:55:00,29.45,29.45,29.27,29.44,500,0
2016-07-05,22:00:00,29.44,29.44,29.15,29.15,1841,0
2016-07-06,15:35:00,29.23,29.5,29.23,29.5,2350,0
2016-07-06,16:10:00,29,29,29,29,200,0
2016-07-06,16:15:00,28.64,28.64,28.64,28.64,100,0
2016-07-06,19:55:00,29.09,29.3,29.09,29.3,722,0
2016-07-06,21:50:00,28.94,28.94,28.94,28.94,100,0
2016-07-06,21:55:00,29,29,29,29,150,0
2016-07-06,22:00:00,28.95,29.26,28.95,29.26,945,0
2016-07-07,15:35:00,29.5,29.5,29.5,29.5,500,0
2016-07-07,16:20:00,29.7,29.7,29.7,29.7,677,0
2016-07-07,20:10:00,29.52,29.52,29.52,29.52,300,0
2016-07-07,21:15:00,29.39,29.39,29.34,29.34,200,0
2016-07-07,22:00:00,29.3,29.47,29.3,29.47,728,0
2016-07-08,16:20:00,29.6033,29.6033,29.6033,29.6033,139,0
2016-07-08,20:05:00,29.7168,30.16,29.7168,30.16,600,0
2016-07-08,20:40:00,29.94,29.965,29.94,29.965,300,0
2016-07-08,20:45:00,29.94,29.94,29.94,29.94,100,0
2016-07-08,20:50:00,29.75,29.75,29.75,29.75,100,0
2016-07-08,20:55:00,29.7699,29.8,29.76,29.8,700,0
2016-07-08,21:00:00,29.93,29.93,29.93,29.93,100,0
2016-07-08,21:05:00,29.97,29.97,29.97,29.97,100,0
2016-07-08,21:40:00,30.04,30.4,30.04,30.4,200,0
2016-07-08,21:45:00,30.06,30.06,29.88,29.88,500,0
2016-07-08,22:00:00,30.06,30.08,30.04,30.08,1186,0
