Date,Time,Open,High,Low,Close,Volume,OpenInt
2016-05-20,15:35:00,5,5,5,5,485,0
2016-05-20,15:40:00,4.9922,5,4.9895,5,2900,0
2016-05-20,15:55:00,4.99,4.99,4.98,4.9808,1200,0
2016-05-20,16:10:00,4.99,4.99,4.99,4.99,200,0
2016-05-20,16:25:00,4.98,4.99,4.98,4.99,200,0
2016-05-20,16:40:00,4.93,4.93,4.93,4.93,100,0
2016-05-20,17:25:00,4.98,4.98,4.98,4.98,300,0
2016-05-20,18:20:00,4.98,5,4.97,4.99,2391,0
2016-05-20,18:35:00,4.99,4.99,4.99,4.99,400,0
2016-05-20,19:30:00,4.99,4.99,4.98,4.98,700,0
2016-05-20,19:35:00,4.99,4.99,4.99,4.99,100,0
2016-05-20,19:40:00,5,5,4.99,5,2000,0
2016-05-20,19:45:00,5,5,4.99,5,14700,0
2016-05-20,19:55:00,5,5,5,5,500,0
2016-05-20,20:00:00,5,5,5,5,100,0
2016-05-20,20:10:00,5,5,4.99,5,900,0
2016-05-20,20:15:00,5,5.06,5,5.04,15726,0
2016-05-20,20:20:00,5.05,5.05,5.05,5.05,100,0
2016-05-20,20:30:00,5.06,5.06,5,5,2366,0
2016-05-20,20:40:00,5.03,5.03,5,5,900,0
2016-05-20,20:45:00,5.01,5.01,5.01,5.01,200,0
2016-05-20,21:00:00,5.01,5.01,5.01,5.01,100,0
2016-05-20,21:10:00,5.03,5.03,5.03,5.03,400,0
2016-05-20,21:15:00,5.0289,5.03,5,5.02,1966,0
2016-05-20,21:20:00,5,5,5,5,100,0
2016-05-20,21:25:00,5.03,5.03,5.03,5.03,300,0
2016-05-20,21:30:00,5,5,5,5,100,0
2016-05-20,21:35:00,5.02,5.02,5,5,1585,0
2016-05-20,21:40:00,5.03,5.03,5.03,5.03,300,0
2016-05-20,21:45:00,5.03,5.03,5.03,5.03,100,0
2016-05-20,21:50:00,5.01,5.01,5.01,5.01,200,0
2016-05-20,21:55:00,5.03,5.03,5.01,5.01,400,0
2016-05-20,22:00:00,5.01,5.03,5,5.03,4001,0
2016-05-23,15:35:00,5.01,5.01,4.95,4.95,2600,0
2016-05-23,15:40:00,4.99,5,4.95,4.95,700,0
2016-05-23,15:45:00,4.99,4.99,4.95,4.95,300,0
2016-05-23,15:50:00,4.99,4.99,4.99,4.99,100,0
2016-05-23,15:55:00,4.99,4.99,4.96,4.98,700,0
2016-05-23,16:00:00,4.99,5,4.99,5,200,0
2016-05-23,16:05:00,5,5,4.96,4.96,1812,0
2016-05-23,16:10:00,4.99,4.99,4.96,4.96,600,0
2016-05-23,16:25:00,4.9955,5,4.9955,5,20700,0
2016-05-23,16:30:00,5,5,5,5,100,0
2016-05-23,16:35:00,5,5,5,5,30199,0
2016-05-23,16:40:00,5,5,4.9955,5,3200,0
2016-05-23,16:50:00,5,5,5,5,400,0
2016-05-23,16:55:00,5,5,5,5,200,0
2016-05-23,17:00:00,5,5,5,5,100,0
2016-05-23,17:05:00,5,5,5,5,500,0
2016-05-23,17:10:00,5,5,5,5,100,0
2016-05-23,17:15:00,5,5,5,5,100,0
2016-05-23,17:20:00,5,5,5,5,100,0
2016-05-23,17:25:00,5,5,5,5,100,0
2016-05-23,17:30:00,5,5,5,5,100,0
2016-05-23,17:35:00,5,5,5,5,100,0
2016-05-23,17:45:00,5,5,5,5,100,0
2016-05-23,17:50:00,5,5,5,5,200,0
2016-05-23,18:00:00,5,5,5,5,100,0
2016-05-23,18:10:00,5,5,5,5,300,0
2016-05-23,18:20:00,5,5,5,5,200,0
2016-05-23,18:25:00,5,5,5,5,200,0
2016-05-23,18:30:00,5,5,5,5,100,0
2016-05-23,18:35:00,5,5,5,5,400,0
2016-05-23,18:45:00,5,5,5,5,100,0
2016-05-23,18:50:00,5,5,5,5,100,0
2016-05-23,18:55:00,5,5.01,4.97,4.97,22516,0
2016-05-23,19:00:00,4.98,4.98,4.98,4.98,100,0
2016-05-23,19:10:00,5,5,5,5,300,0
2016-05-23,19:15:00,5,5,5,5,100,0
2016-05-23,19:20:00,5,5,5,5,100,0
2016-05-23,19:25:00,5,5,5,5,400,0
2016-05-23,19:30:00,5,5,5,5,300,0
2016-05-23,19:35:00,5,5,5,5,300,0
2016-05-23,19:40:00,5,5,5,5,500,0
2016-05-23,19:45:00,5,5,5,5,100,0
2016-05-23,19:50:00,5,5,5,5,2000,0
2016-05-23,19:55:00,5,5,5,5,1900,0
2016-05-23,20:00:00,5,5,5,5,1900,0
2016-05-23,20:05:00,5,5,4.99,5,1700,0
2016-05-23,20:10:00,5,5,4.99,5,1800,0
2016-05-23,21:05:00,5.09,5.09,5.09,5.09,100,0
2016-05-23,21:35:00,5.1,5.1,5.1,5.1,100,0
2016-05-23,21:55:00,5.08,5.08,5.08,5.08,100,0
2016-05-23,22:00:00,5.09,5.09,5.05,5.06,1994,0
2016-05-24,15:35:00,5.05,5.06,4.95,4.95,1070,0
2016-05-24,15:40:00,5.04,5.04,5,5.03,604,0
2016-05-24,16:15:00,5.04,5.04,5.04,5.04,796,0
2016-05-24,16:20:00,5.06,5.06,5.04,5.04,1100,0
2016-05-24,16:25:00,5.04,5.04,5.04,5.04,500,0
2016-05-24,16:30:00,5.04,5.04,5.04,5.04,300,0
2016-05-24,16:35:00,5.04,5.04,5.04,5.04,300,0
2016-05-24,16:40:00,5.04,5.04,5.04,5.04,300,0
2016-05-24,16:45:00,5.04,5.04,5.04,5.04,300,0
2016-05-24,16:50:00,5.04,5.04,5.04,5.04,300,0
2016-05-24,16:55:00,5.04,5.04,5.04,5.04,200,0
2016-05-24,17:00:00,5.04,5.05,5.04,5.05,6800,0
2016-05-24,17:25:00,5.09,5.09,5.07,5.07,200,0
2016-05-24,17:30:00,5.07,5.07,5.07,5.07,300,0
2016-05-24,17:45:00,5.1,5.1,5.1,5.1,100,0
2016-05-24,18:40:00,5.1,5.1,5.06,5.06,200,0
2016-05-24,18:50:00,5.09,5.1,5.09,5.1,300,0
2016-05-24,18:55:00,5.06,5.06,5.06,5.06,100,0
2016-05-24,19:05:00,5.1,5.1,5.1,5.1,200,0
2016-05-24,19:10:00,5.1,5.1,5.1,5.1,100,0
2016-05-24,19:20:00,5.1,5.1,5.07,5.07,200,0
2016-05-24,19:30:00,5.1,5.1,5.1,5.1,100,0
2016-05-24,21:35:00,5.085,5.085,5.085,5.085,100,0
2016-05-24,21:40:00,5.1,5.1,5.09,5.1,700,0
2016-05-24,21:45:00,5.1,5.1,5.09,5.09,200,0
2016-05-24,21:50:00,5.0975,5.0975,5.0975,5.0975,100,0
2016-05-24,22:00:00,5.0995,5.0995,5.0995,5.0995,100,0
2016-05-25,15:35:00,5.1,5.1,5.1,5.1,3496,0
2016-05-25,15:40:00,5.1,5.1,5.06,5.1,1600,0
2016-05-25,15:45:00,5.1,5.1,5.1,5.1,1700,0
2016-05-25,15:50:00,5.09,5.1,5.05,5.09,1600,0
2016-05-25,15:55:00,5.09,5.1,5.05,5.1,4804,0
2016-05-25,16:00:00,5.09,5.09,5.05,5.05,4500,0
2016-05-25,16:05:00,5.0499,5.0499,5.0499,5.0499,100,0
2016-05-25,16:10:00,5.05,5.05,5.05,5.05,200,0
2016-05-25,16:15:00,5.05,5.09,5.05,5.09,1400,0
2016-05-25,16:20:00,5.09,5.09,5.05,5.07,1700,0
2016-05-25,16:25:00,5.05,5.07,5.05,5.05,1800,0
2016-05-25,16:30:00,5.05,5.06,5.0399,5.0399,3723,0
2016-05-25,16:35:00,5.0301,5.0301,5.0301,5.0301,100,0
2016-05-25,16:40:00,5.05,5.06,5.05,5.05,2100,0
2016-05-25,16:45:00,5.05,5.07,5.05,5.05,1300,0
2016-05-25,16:50:00,5.06,5.07,5.05,5.07,1700,0
2016-05-25,16:55:00,5.07,5.07,5.04,5.04,2300,0
2016-05-25,17:00:00,5.05,5.07,5.05,5.07,1400,0
2016-05-25,17:05:00,5.07,5.09,5.06,5.09,1800,0
2016-05-25,17:10:00,5.1,5.1,5.07,5.07,3300,0
2016-05-25,17:15:00,5.1,5.1,5.08,5.1,15158,0
2016-05-25,17:20:00,5.1,5.1899,5.08,5.1,26480,0
2016-05-25,17:25:00,5.14,5.14,5.1,5.1,768,0
2016-05-25,17:30:00,5.14,5.2,5.1,5.1,13439,0
2016-05-25,17:35:00,5.13,5.14,5.06,5.06,2434,0
2016-05-25,17:45:00,5.12,5.14,5.07,5.14,5904,0
2016-05-25,17:50:00,5.1301,5.1699,5.1301,5.1699,1344,0
2016-05-25,17:55:00,5.12,5.17,5.12,5.1699,632,0
2016-05-25,18:05:00,5.15,5.15,5.15,5.15,900,0
2016-05-25,18:20:00,5.18,5.18,5.18,5.18,200,0
2016-05-25,18:45:00,5.19,5.2289,5.19,5.2289,1208,0
2016-05-25,18:55:00,5.2,5.25,5.2,5.24,2900,0
2016-05-25,19:00:00,5.21,5.21,5.21,5.21,100,0
2016-05-25,19:05:00,5.215,5.23,5.215,5.22,500,0
2016-05-25,19:25:00,5.23,5.23,5.23,5.23,100,0
2016-05-25,19:40:00,5.25,5.25,5.23,5.23,700,0
2016-05-25,19:45:00,5.24,5.24,5.23,5.23,1200,0
2016-05-25,19:50:00,5.23,5.23,5.2,5.2,900,0
2016-05-25,19:55:00,5.17,5.17,5.17,5.17,100,0
2016-05-25,20:25:00,5.15,5.17,5.13,5.17,7800,0
2016-05-25,20:30:00,5.17,5.2,5.17,5.2,23135,0
2016-05-25,20:35:00,5.11,5.1163,5.1,5.11,3300,0
2016-05-25,20:40:00,5.07,5.07,5.07,5.07,100,0
2016-05-25,20:55:00,5.085,5.1,5.085,5.1,500,0
2016-05-25,21:00:00,5.1,5.1,5.1,5.1,400,0
2016-05-25,21:05:00,5.1,5.1,5.1,5.1,1900,0
2016-05-25,21:55:00,5.08,5.08,5.08,5.08,100,0
2016-05-25,22:00:00,5.1,5.1,5.09,5.09,2780,0
2016-05-26,15:35:00,5.09,5.09,5.07,5.07,1055,0
2016-05-26,15:45:00,5.07,5.07,5.06,5.06,1100,0
2016-05-26,16:00:00,5.02,5.02,5,5,300,0
2016-05-26,16:05:00,5.03,5.07,5.02,5.07,1300,0
2016-05-26,16:50:00,5.06,5.06,5.06,5.06,800,0
2016-05-26,16:55:00,5.05,5.05,5.05,5.05,200,0
2016-05-26,18:20:00,5.09,5.09,5.07,5.07,300,0
2016-05-26,18:35:00,5.09,5.09,5.09,5.09,100,0
2016-05-26,19:00:00,5.09,5.09,5.09,5.09,400,0
2016-05-26,19:05:00,5.09,5.1,5.09,5.1,200,0
2016-05-26,19:20:00,5.09,5.14,5.09,5.14,717,0
2016-05-26,19:40:00,5.1588,5.1588,5.1588,5.1588,1770,0
2016-05-26,20:45:00,5.1445,5.1445,5.1445,5.1445,750,0
2016-05-26,21:10:00,5.18,5.18,5.18,5.18,100,0
2016-05-26,22:00:00,5.13,5.16,5.13,5.16,300,0
2016-05-27,15:35:00,5.12,5.25,5.12,5.25,2733,0
2016-05-27,15:40:00,5.11,5.11,5.04,5.04,2200,0
2016-05-27,15:45:00,5.11,5.11,5.11,5.11,600,0
2016-05-27,15:50:00,5.13,5.13,5.13,5.13,100,0
2016-05-27,16:05:00,5.1,5.1,5.1,5.1,500,0
2016-05-27,16:10:00,5.1,5.1,5.09,5.09,900,0
2016-05-27,16:15:00,5.08,5.08,5.08,5.08,1000,0
2016-05-27,16:25:00,5.1,5.1,5.1,5.1,100,0
2016-05-27,16:30:00,5.11,5.11,5.11,5.11,200,0
2016-05-27,16:35:00,5.11,5.11,5.08,5.08,900,0
2016-05-27,16:40:00,5.11,5.11,5.11,5.11,1000,0
2016-05-27,16:45:00,5.11,5.11,5.11,5.11,700,0
2016-05-27,16:50:00,5.11,5.11,5.11,5.11,700,0
2016-05-27,16:55:00,5.11,5.12,5.11,5.12,700,0
2016-05-27,17:00:00,5.12,5.12,5.09,5.09,1300,0
2016-05-27,17:05:00,5.12,5.12,5.09,5.1,700,0
2016-05-27,17:10:00,5.1,5.12,5.09,5.09,1400,0
2016-05-27,17:15:00,5.12,5.12,5.09,5.09,900,0
2016-05-27,17:20:00,5.12,5.12,5.1,5.12,800,0
2016-05-27,17:25:00,5.1,5.12,5.09,5.1,1000,0
2016-05-27,17:30:00,5.1,5.1,5.1,5.1,200,0
2016-05-27,17:35:00,5.1,5.1,5.1,5.1,100,0
2016-05-27,17:45:00,5.12,5.1299,5.1001,5.11,4802,0
2016-05-27,17:50:00,5.1,5.1,5.1,5.1,1400,0
2016-05-27,18:00:00,5.1,5.11,5.1,5.11,3065,0
2016-05-27,18:05:00,5.11,5.11,5.1,5.1,500,0
2016-05-27,18:10:00,5.1,5.1,5.1,5.1,500,0
2016-05-27,18:15:00,5.1,5.1,5.1,5.1,500,0
2016-05-27,18:20:00,5.1,5.1,5.1,5.1,400,0
2016-05-27,18:25:00,5.1,5.1,5.1,5.1,700,0
2016-05-27,18:30:00,5.1,5.1,5.1,5.1,500,0
2016-05-27,18:35:00,5.1,5.1,5.1,5.1,600,0
2016-05-27,18:40:00,5.1,5.1,5.1,5.1,700,0
2016-05-27,18:45:00,5.1,5.1,5.1,5.1,400,0
2016-05-27,18:50:00,5.1,5.1,5.1,5.1,400,0
2016-05-27,18:55:00,5.1,5.1,5.0985,5.1,2600,0
2016-05-27,19:00:00,5.1,5.1,5.1,5.1,500,0
2016-05-27,19:05:00,5.1,5.1,5.1,5.1,1600,0
2016-05-27,19:10:00,5.1,5.1,5.1,5.1,500,0
2016-05-27,19:15:00,5.1,5.1,5.1,5.1,500,0
2016-05-27,19:20:00,5.11,5.11,5.1,5.1,2400,0
2016-05-27,19:25:00,5.1,5.1,5.1,5.1,700,0
2016-05-27,19:30:00,5.1,5.1,5.1,5.1,500,0
2016-05-27,19:35:00,5.1,5.1,5.1,5.1,500,0
2016-05-27,19:40:00,5.1,5.12,5.1,5.1,700,0
2016-05-27,19:45:00,5.1,5.1,5.1,5.1,500,0
2016-05-27,19:50:00,5.1,5.1,5.1,5.1,400,0
2016-05-27,19:55:00,5.1,5.1,5.1,5.1,500,0
2016-05-27,20:00:00,5.1,5.1,5.1,5.1,700,0
2016-05-27,20:05:00,5.1,5.12,5.1,5.12,400,0
2016-05-27,20:10:00,5.11,5.11,5.11,5.11,600,0
2016-05-27,20:15:00,5.11,5.11,5.1,5.1,500,0
2016-05-27,20:20:00,5.1,5.1,5.1,5.1,500,0
2016-05-27,20:25:00,5.1,5.1,5.1,5.1,600,0
2016-05-27,20:30:00,5.1,5.1,5.1,5.1,500,0
2016-05-27,20:35:00,5.1,5.1,5.07,5.07,1500,0
2016-05-27,20:45:00,5.07,5.07,5.07,5.07,600,0
2016-05-27,20:50:00,5.07,5.07,5.07,5.07,500,0
2016-05-27,20:55:00,5.07,5.07,5.06,5.07,600,0
2016-05-27,21:00:00,5.07,5.07,5.07,5.07,800,0
2016-05-27,21:05:00,5.07,5.07,5.07,5.07,700,0
2016-05-27,21:10:00,5.07,5.07,5.06,5.07,1000,0
2016-05-27,21:15:00,5.07,5.07,5.06,5.07,900,0
2016-05-27,21:20:00,5.07,5.07,5.06,5.07,1300,0
2016-05-27,21:25:00,5.07,5.07,5.06,5.07,900,0
2016-05-27,21:30:00,5.07,5.07,5.06,5.06,800,0
2016-05-27,21:35:00,5.07,5.07,5.07,5.07,1000,0
2016-05-27,21:40:00,5.07,5.1,5.06,5.1,1400,0
2016-05-27,21:45:00,5.1,5.1,5.07,5.07,1000,0
2016-05-27,21:50:00,5.1,5.11,5.07,5.11,1400,0
2016-05-27,21:55:00,5.1,5.11,5.08,5.08,2200,0
2016-05-27,22:00:00,5.1,5.11,5.06,5.06,7068,0
2016-05-31,15:35:00,5.05,5.1,5.05,5.1,804,0
2016-05-31,15:40:00,5.1,5.1,5.1,5.1,300,0
2016-05-31,15:45:00,5.09,5.1,5.08,5.08,600,0
2016-05-31,15:50:00,5.08,5.09,5.08,5.08,906,0
2016-05-31,15:55:00,5.11,5.11,5.01,5.01,1200,0
2016-05-31,16:00:00,5.1,5.1,5.01,5.01,850,0
2016-05-31,16:05:00,5.1,5.1,5.05,5.05,300,0
2016-05-31,16:10:00,5.1,5.1,5.1,5.1,300,0
2016-05-31,17:00:00,5.1,5.13,5.03,5.09,5650,0
2016-05-31,17:05:00,5.1,5.1,5.06,5.06,400,0
2016-05-31,17:15:00,5.1,5.1,5.1,5.1,100,0
2016-05-31,17:20:00,5.13,5.13,5.1,5.1,500,0
2016-05-31,17:35:00,5.11,5.11,5.1,5.1,300,0
2016-05-31,17:50:00,5.2,5.2,5.2,5.2,200,0
2016-05-31,19:10:00,5.1144,5.1144,5.1144,5.1144,100,0
2016-05-31,20:05:00,5.16,5.16,5.16,5.16,100,0
2016-05-31,20:15:00,5.1201,5.1201,5.1201,5.1201,500,0
2016-05-31,20:20:00,5.1201,5.1201,5.1201,5.1201,500,0
2016-05-31,21:55:00,5.15,5.15,5.15,5.15,200,0
2016-05-31,22:00:00,5.15,5.15,5.15,5.15,400,0
2016-06-01,15:35:00,5.15,5.19,5.07,5.07,518,0
2016-06-01,16:00:00,5.11,5.17,5.1,5.14,1800,0
2016-06-01,16:05:00,5.15,5.17,5.09,5.12,8000,0
2016-06-01,16:40:00,5.1,5.1,5.1,5.1,500,0
2016-06-01,16:55:00,5.12,5.12,5.12,5.12,200,0
2016-06-01,17:00:00,5.1211,5.1211,5.1211,5.1211,150,0
2016-06-01,17:05:00,5.14,5.14,5.14,5.14,100,0
2016-06-01,17:10:00,5.16,5.16,5.15,5.15,300,0
2016-06-01,17:20:00,5.18,5.18,5.18,5.18,100,0
2016-06-01,17:25:00,5.18,5.18,5.17,5.17,300,0
2016-06-01,17:40:00,5.17,5.17,5.17,5.17,100,0
2016-06-01,17:50:00,5.18,5.18,5.18,5.18,300,0
2016-06-01,18:10:00,5.17,5.2,5.165,5.165,700,0
2016-06-01,18:40:00,5.17,5.19,5.17,5.19,200,0
2016-06-01,19:10:00,5.19,5.19,5.1301,5.1301,630,0
2016-06-01,19:15:00,5.15,5.15,5.15,5.15,1800,0
2016-06-01,19:40:00,5.19,5.19,5.1799,5.1799,200,0
2016-06-01,19:55:00,5.18,5.19,5.18,5.19,1800,0
2016-06-01,20:05:00,5.19,5.19,5.19,5.19,200,0
2016-06-01,20:10:00,5.185,5.185,5.185,5.185,100,0
2016-06-01,20:15:00,5.19,5.19,5.19,5.19,700,0
2016-06-01,20:50:00,5.185,5.1899,5.185,5.1892,900,0
2016-06-01,20:55:00,5.185,5.185,5.185,5.185,100,0
2016-06-01,21:00:00,5.19,5.19,5.19,5.19,200,0
2016-06-01,21:20:00,5.19,5.19,5.18,5.18,500,0
2016-06-01,21:30:00,5.19,5.19,5.19,5.19,400,0
2016-06-01,21:40:00,5.18,5.18,5.18,5.18,500,0
2016-06-01,21:55:00,5.18,5.185,5.18,5.185,200,0
2016-06-01,22:00:00,5.18,5.18,5.16,5.1605,900,0
2016-06-02,15:35:00,5.17,5.17,5.17,5.17,360,0
2016-06-02,15:40:00,5.19,5.19,5.17,5.17,200,0
2016-06-02,15:45:00,5.16,5.16,5.16,5.16,100,0
2016-06-02,15:50:00,5.19,5.19,5.19,5.19,200,0
2016-06-02,16:35:00,5.2,5.2,5.2,5.2,100,0
2016-06-02,17:55:00,5.19,5.195,5.19,5.195,400,0
2016-06-02,18:20:00,5.1601,5.1601,5.1601,5.1601,110,0
2016-06-02,18:25:00,5.18,5.18,5.18,5.18,100,0
2016-06-02,18:30:00,5.2,5.2,5.2,5.2,100,0
2016-06-02,18:55:00,5.2,5.2,5.2,5.2,100,0
2016-06-02,19:00:00,5.2,5.2,5.2,5.2,100,0
2016-06-02,19:15:00,5.2,5.2,5.2,5.2,100,0
2016-06-02,20:55:00,5.195,5.2,5.195,5.2,400,0
2016-06-02,21:15:00,5.197,5.1992,5.197,5.1992,200,0
2016-06-02,21:25:00,5.2,5.2,5.19,5.195,300,0
2016-06-02,21:55:00,5.19,5.19,5.19,5.19,100,0
2016-06-02,22:00:00,5.18,5.2,5.17,5.2,2200,0
2016-06-03,15:35:00,5.19,5.19,5.19,5.19,1779,0
2016-06-03,15:40:00,5.2,5.2,5.2,5.2,300,0
2016-06-03,16:00:00,5.19,5.19,5.155,5.155,800,0
2016-06-03,16:25:00,5.13,5.17,5.13,5.17,200,0
2016-06-03,16:50:00,5.1,5.14,5.0577,5.14,2700,0
2016-06-03,17:15:00,5.13,5.13,5.13,5.13,100,0
2016-06-03,18:00:00,5.16,5.18,5.16,5.18,20000,0
2016-06-03,18:05:00,5.17,5.17,5.15,5.17,5200,0
2016-06-03,18:10:00,5.19,5.19,5.19,5.19,800,0
2016-06-03,18:15:00,5.19,5.19,5.19,5.19,200,0
2016-06-03,18:20:00,5.18,5.2,5.18,5.2,700,0
2016-06-03,19:15:00,5.2,5.2,5.19,5.19,400,0
2016-06-03,19:20:00,5.19,5.19,5.19,5.19,300,0
2016-06-03,19:40:00,5.19,5.19,5.19,5.19,100,0
2016-06-03,19:55:00,5.2,5.2,5.19,5.19,200,0
2016-06-03,20:10:00,5.1801,5.1801,5.1801,5.1801,893,0
2016-06-03,20:40:00,5.2,5.2,5.19,5.19,2500,0
2016-06-03,20:55:00,5.19,5.19,5.19,5.19,300,0
2016-06-03,21:00:00,5.19,5.19,5.19,5.19,2600,0
2016-06-03,21:50:00,5.18,5.18,5.18,5.18,100,0
2016-06-03,22:00:00,5.2,5.2,5.17,5.19,19809,0
2016-06-06,15:35:00,5.17,5.2,5.15,5.17,49300,0
2016-06-06,15:40:00,5.17,5.2,5.17,5.17,150000,0
2016-06-06,15:45:00,5.19,5.19,5.19,5.19,1000,0
2016-06-06,15:50:00,5.19,5.19,5.19,5.19,501,0
2016-06-06,15:55:00,5.19,5.19,5.17,5.17,1200,0
2016-06-06,16:05:00,5.19,5.19,5.19,5.19,100,0
2016-06-06,16:15:00,5.19,5.19,5.19,5.19,300,0
2016-06-06,16:25:00,5.19,5.2,5.19,5.2,500,0
2016-06-06,16:35:00,5.19,5.19,5.19,5.19,200,0
2016-06-06,16:40:00,5.19,5.19,5.19,5.19,200,0
2016-06-06,16:45:00,5.19,5.19,5.19,5.19,200,0
2016-06-06,16:55:00,5.175,5.19,5.175,5.19,200,0
2016-06-06,17:05:00,5.19,5.19,5.19,5.19,400,0
2016-06-06,17:10:00,5.19,5.19,5.1601,5.1601,821,0
2016-06-06,17:15:00,5.19,5.19,5.19,5.19,200,0
2016-06-06,17:20:00,5.17,5.18,5.17,5.17,800,0
2016-06-06,17:25:00,5.17,5.17,5.16,5.16,500,0
2016-06-06,17:30:00,5.17,5.17,5.17,5.17,1000,0
2016-06-06,17:35:00,5.17,5.17,5.17,5.17,100,0
2016-06-06,17:40:00,5.17,5.17,5.17,5.17,100,0
2016-06-06,17:45:00,5.17,5.17,5.17,5.17,6300,0
2016-06-06,17:50:00,5.17,5.17,5.17,5.17,100,0
2016-06-06,17:55:00,5.17,5.17,5.17,5.17,100,0
2016-06-06,18:00:00,5.17,5.17,5.16,5.16,800,0
2016-06-06,18:25:00,5.17,5.17,5.17,5.17,200,0
2016-06-06,18:40:00,5.17,5.17,5.17,5.17,300,0
2016-06-06,18:45:00,5.17,5.17,5.17,5.17,100,0
2016-06-06,18:55:00,5.17,5.17,5.17,5.17,100,0
2016-06-06,19:10:00,5.17,5.17,5.17,5.17,100,0
2016-06-06,19:25:00,5.17,5.17,5.17,5.17,200,0
2016-06-06,19:30:00,5.16,5.16,5.16,5.16,700,0
2016-06-06,19:35:00,5.1414,5.1414,5.1414,5.1414,1770,0
2016-06-06,19:45:00,5.16,5.16,5.16,5.16,100,0
2016-06-06,19:55:00,5.17,5.17,5.17,5.17,200,0
2016-06-06,20:00:00,5.17,5.17,5.17,5.17,100,0
2016-06-06,20:05:00,5.1699,5.17,5.1699,5.17,514,0
2016-06-06,20:10:00,5.17,5.17,5.155,5.155,900,0
2016-06-06,20:15:00,5.17,5.17,5.17,5.17,200,0
2016-06-06,20:20:00,5.17,5.17,5.17,5.17,100,0
2016-06-06,20:25:00,5.155,5.155,5.155,5.155,100,0
2016-06-06,20:30:00,5.17,5.17,5.17,5.17,100,0
2016-06-06,20:35:00,5.17,5.17,5.17,5.17,100,0
2016-06-06,20:45:00,5.17,5.17,5.1499,5.17,500,0
2016-06-06,20:50:00,5.17,5.17,5.16,5.17,1200,0
2016-06-06,20:55:00,5.17,5.17,5.17,5.17,500,0
2016-06-06,21:00:00,5.17,5.17,5.17,5.17,400,0
2016-06-06,21:10:00,5.16,5.16,5.16,5.16,100,0
2016-06-06,21:20:00,5.1364,5.1364,5.1364,5.1364,200,0
2016-06-06,21:25:00,5.1364,5.1364,5.1364,5.1364,200,0
2016-06-06,21:30:00,5.13,5.13,5.13,5.13,100,0
2016-06-06,21:35:00,5.17,5.17,5.1599,5.1599,200,0
2016-06-06,21:45:00,5.165,5.165,5.165,5.165,100,0
2016-06-06,21:50:00,5.17,5.17,5.1499,5.15,1600,0
2016-06-06,21:55:00,5.16,5.17,5.1599,5.17,2000,0
2016-06-06,22:00:00,5.17,5.17,5.15,5.15,1278,0
2016-06-07,15:35:00,5.13,5.13,5.13,5.13,733,0
2016-06-07,15:50:00,5.1576,5.1576,5.1576,5.1576,650,0
2016-06-07,16:15:00,5.141,5.141,5.141,5.141,500,0
2016-06-07,16:30:00,5.15,5.15,5.15,5.15,400,0
2016-06-07,17:25:00,5.15,5.16,5.15,5.15,1400,0
2016-06-07,17:30:00,5.17,5.17,5.15,5.15,1300,0
2016-06-07,17:35:00,5.1699,5.1699,5.1699,5.1699,100,0
2016-06-07,17:40:00,5.17,5.17,5.17,5.17,200,0
2016-06-07,17:45:00,5.17,5.17,5.17,5.17,600,0
2016-06-07,17:50:00,5.16,5.16,5.15,5.15,800,0
2016-06-07,17:55:00,5.16,5.17,5.15,5.15,2500,0
2016-06-07,18:00:00,5.17,5.17,5.15,5.15,800,0
2016-06-07,18:05:00,5.16,5.17,5.15,5.15,900,0
2016-06-07,18:10:00,5.17,5.17,5.16,5.16,1200,0
2016-06-07,18:15:00,5.1699,5.1699,5.1699,5.1699,100,0
2016-06-07,18:20:00,5.16,5.16,5.15,5.15,800,0
2016-06-07,18:25:00,5.17,5.17,5.17,5.17,100,0
2016-06-07,18:30:00,5.17,5.17,5.16,5.16,700,0
2016-06-07,18:35:00,5.16,5.17,5.16,5.17,300,0
2016-06-07,18:40:00,5.17,5.17,5.14,5.14,3100,0
2016-06-07,18:50:00,5.14,5.14,5.14,5.14,700,0
2016-06-07,18:55:00,5.15,5.15,5.15,5.15,700,0
2016-06-07,19:00:00,5.15,5.15,5.15,5.15,100,0
2016-06-07,19:05:00,5.15,5.15,5.15,5.15,700,0
2016-06-07,19:10:00,5.15,5.15,5.15,5.15,100,0
2016-06-07,19:20:00,5.15,5.15,5.145,5.145,900,0
2016-06-07,19:25:00,5.1499,5.15,5.1499,5.15,300,0
2016-06-07,19:35:00,5.1499,5.1499,5.1499,5.1499,100,0
2016-06-07,19:45:00,5.15,5.15,5.1499,5.1499,800,0
2016-06-07,19:55:00,5.1499,5.15,5.1499,5.15,1100,0
2016-06-07,20:00:00,5.15,5.15,5.14,5.15,7800,0
2016-06-07,20:05:00,5.1499,5.1499,5.1499,5.1499,100,0
2016-06-07,20:10:00,5.15,5.15,5.15,5.15,900,0
2016-06-07,20:15:00,5.15,5.15,5.15,5.15,1000,0
2016-06-07,20:20:00,5.15,5.15,5.1499,5.1499,1500,0
2016-06-07,20:30:00,5.15,5.15,5.1499,5.1499,900,0
2016-06-07,20:40:00,5.15,5.15,5.1416,5.1416,1200,0
2016-06-07,20:45:00,5.15,5.15,5.1416,5.1499,1000,0
2016-06-07,20:50:00,5.1416,5.1416,5.1416,5.1416,100,0
2016-06-07,20:55:00,5.1499,5.15,5.1499,5.15,300,0
2016-06-07,21:00:00,5.15,5.15,5.15,5.15,700,0
2016-06-07,21:05:00,5.1499,5.15,5.1499,5.15,200,0
2016-06-07,21:10:00,5.15,5.15,5.15,5.15,400,0
2016-06-07,21:15:00,5.145,5.15,5.145,5.15,700,0
2016-06-07,21:20:00,5.15,5.15,5.15,5.15,800,0
2016-06-07,21:25:00,5.15,5.15,5.15,5.15,1500,0
2016-06-07,21:30:00,5.1499,5.1499,5.1499,5.1499,100,0
2016-06-07,21:35:00,5.15,5.15,5.15,5.15,100,0
2016-06-07,21:40:00,5.15,5.15,5.1499,5.1499,300,0
2016-06-07,21:45:00,5.15,5.15,5.15,5.15,800,0
2016-06-07,21:50:00,5.15,5.15,5.15,5.15,500,0
2016-06-07,21:55:00,5.15,5.15,5.15,5.15,900,0
2016-06-07,22:00:00,5.15,5.15,5.15,5.15,4325,0
2016-06-08,15:35:00,5.18,5.18,5.18,5.18,2750,0
2016-06-08,15:40:00,5.16,5.16,5.16,5.16,100,0
2016-06-08,15:45:00,5.145,5.16,5.145,5.16,1450,0
2016-06-08,16:00:00,5.15,5.15,5.15,5.15,200,0
2016-06-08,16:40:00,5.147,5.1492,5.147,5.1492,200,0
2016-06-08,17:10:00,5.15,5.15,5.14,5.15,8200,0
2016-06-08,17:15:00,5.15,5.15,5.15,5.15,3600,0
2016-06-08,17:25:00,5.15,5.15,5.15,5.15,6600,0
2016-06-08,17:30:00,5.15,5.15,5.15,5.15,6500,0
2016-06-08,17:40:00,5.15,5.15,5.15,5.15,200,0
2016-06-08,17:55:00,5.15,5.15,5.15,5.15,13700,0
2016-06-08,18:05:00,5.15,5.15,5.15,5.15,34482,0
2016-06-08,18:10:00,5.15,5.15,5.15,5.15,500,0
2016-06-08,19:10:00,5.15,5.15,5.15,5.15,200,0
2016-06-08,19:25:00,5.15,5.15,5.15,5.15,100,0
2016-06-08,19:50:00,5.15,5.15,5.15,5.15,200,0
2016-06-08,19:55:00,5.15,5.15,5.15,5.15,200,0
2016-06-08,20:00:00,5.15,5.15,5.15,5.15,100,0
2016-06-08,20:10:00,5.15,5.15,5.15,5.15,100,0
2016-06-08,20:20:00,5.15,5.15,5.15,5.15,200,0
2016-06-08,20:30:00,5.15,5.17,5.15,5.17,32850,0
2016-06-08,20:40:00,5.18,5.18,5.18,5.18,300,0
2016-06-08,20:45:00,5.18,5.18,5.18,5.18,492,0
2016-06-08,20:50:00,5.19,5.19,5.19,5.19,100,0
2016-06-08,21:15:00,5.1865,5.1865,5.1865,5.1865,300,0
2016-06-08,21:20:00,5.2,5.2,5.2,5.2,100,0
2016-06-08,21:55:00,5.2,5.2,5.2,5.2,200,0
2016-06-08,22:00:00,5.18,5.2,5.17,5.2,5641,0
2016-06-09,15:35:00,5.17,5.17,5.17,5.17,250,0
2016-06-09,16:00:00,5.17,5.17,5.17,5.17,100,0
2016-06-09,16:20:00,5.2,5.2,5.15,5.19,3900,0
2016-06-09,16:25:00,5.17,5.2,5.17,5.2,200,0
2016-06-09,17:05:00,5.2,5.2,5.19,5.19,800,0
2016-06-09,17:30:00,5.2,5.2,5.2,5.2,400,0
2016-06-09,17:35:00,5.2,5.2,5.18,5.2,1200,0
2016-06-09,18:50:00,5.195,5.2,5.15,5.19,49700,0
2016-06-09,18:55:00,5.2,5.2,5.2,5.2,200,0
2016-06-09,19:05:00,5.2,5.2,5.19,5.2,600,0
2016-06-09,19:40:00,5.19,5.19,5.19,5.19,200,0
2016-06-09,19:50:00,5.2,5.2,5.19,5.2,600,0
2016-06-09,20:20:00,5.19,5.19,5.16,5.17,7000,0
2016-06-09,20:25:00,5.17,5.17,5.16,5.16,2100,0
2016-06-09,20:35:00,5.16,5.16,5.16,5.16,200,0
2016-06-09,21:20:00,5.16,5.16,5.16,5.16,100,0
2016-06-09,21:25:00,5.16,5.16,5.16,5.16,100,0
2016-06-09,21:30:00,5.16,5.16,5.16,5.16,200,0
2016-06-09,21:35:00,5.16,5.16,5.16,5.16,100,0
2016-06-09,21:45:00,5.16,5.16,5.16,5.16,100,0
2016-06-09,21:50:00,5.16,5.16,5.16,5.16,100,0
2016-06-09,21:55:00,5.155,5.16,5.15,5.155,8699,0
2016-06-09,22:00:00,5.155,5.16,5.15,5.16,32500,0
2016-06-10,15:35:00,5.15,5.2,5.15,5.2,801,0
2016-06-10,15:40:00,5.16,5.16,5.16,5.16,100,0
2016-06-10,15:50:00,5.17,5.17,5.17,5.17,100,0
2016-06-10,16:25:00,5.17,5.17,5.121,5.17,6515,0
2016-06-10,16:30:00,5.15,5.15,5.15,5.15,300,0
2016-06-10,16:40:00,5.15,5.15,5.15,5.15,100,0
2016-06-10,16:55:00,5.12,5.14,5.12,5.13,600,0
2016-06-10,17:10:00,5.12,5.12,5.12,5.12,100,0
2016-06-10,17:15:00,5.13,5.13,5.13,5.13,100,0
2016-06-10,18:25:00,5.14,5.14,5.14,5.14,1100,0
2016-06-10,18:30:00,5.14,5.18,5.14,5.16,10625,0
2016-06-10,18:40:00,5.18,5.18,5.18,5.18,100,0
2016-06-10,18:45:00,5.19,5.19,5.18,5.18,600,0
2016-06-10,19:00:00,5.19,5.19,5.19,5.19,100,0
2016-06-10,19:05:00,5.19,5.19,5.18,5.18,500,0
2016-06-10,19:15:00,5.18,5.18,5.17,5.17,500,0
2016-06-10,19:20:00,5.17,5.17,5.14,5.16,400,0
2016-06-10,19:25:00,5.16,5.16,5.14,5.14,2400,0
2016-06-10,19:30:00,5.14,5.15,5.14,5.15,200,0
2016-06-10,19:35:00,5.13,5.14,5.13,5.14,200,0
2016-06-10,19:45:00,5.17,5.17,5.17,5.17,200,0
2016-06-10,20:00:00,5.18,5.18,5.18,5.18,200,0
2016-06-10,20:05:00,5.18,5.18,5.18,5.18,200,0
2016-06-10,20:10:00,5.17,5.17,5.17,5.17,200,0
2016-06-10,20:25:00,5.17,5.17,5.14,5.14,1900,0
2016-06-10,20:30:00,5.15,5.15,5.15,5.15,800,0
2016-06-10,20:40:00,5.15,5.15,5.15,5.15,100,0
2016-06-10,20:45:00,5.15,5.15,5.15,5.15,200,0
2016-06-10,20:50:00,5.15,5.15,5.1401,5.1401,1100,0
2016-06-10,20:55:00,5.14,5.15,5.14,5.15,500,0
2016-06-10,21:00:00,5.14,5.15,5.13,5.14,1200,0
2016-06-10,21:10:00,5.14,5.14,5.1,5.1,900,0
2016-06-10,21:15:00,5.12,5.12,5.11,5.12,300,0
2016-06-10,21:20:00,5.11,5.12,5.08,5.08,7490,0
2016-06-10,21:25:00,5.1,5.1,5.1,5.1,400,0
2016-06-10,21:30:00,5.11,5.11,5.11,5.11,200,0
2016-06-10,21:35:00,5.12,5.12,5.12,5.12,200,0
2016-06-10,21:40:00,5.14,5.14,5.14,5.14,100,0
2016-06-10,21:45:00,5.14,5.15,5.14,5.15,300,0
2016-06-10,21:50:00,5.16,5.18,5.16,5.16,700,0
2016-06-10,21:55:00,5.14,5.16,5.14,5.16,500,0
2016-06-10,22:00:00,5.17,5.17,5.1,5.15,11500,0
2016-06-13,15:35:00,5.13,5.13,5.13,5.13,100,0
2016-06-13,16:55:00,5.12,5.12,5.12,5.12,100,0
2016-06-13,17:10:00,5.1299,5.1299,5.1299,5.1299,100,0
2016-06-13,17:15:00,5.07,5.07,5.07,5.07,300,0
2016-06-13,17:25:00,5.09,5.1,5.09,5.1,1800,0
2016-06-13,17:45:00,5.13,5.13,5.13,5.13,100,0
2016-06-13,17:55:00,5.1,5.1,5.1,5.1,1600,0
2016-06-13,18:00:00,5.1,5.1,5.1,5.1,100,0
2016-06-13,18:10:00,5.1,5.1,5.1,5.1,700,0
2016-06-13,18:15:00,5.09,5.09,5.09,5.09,100,0
2016-06-13,18:25:00,5.1,5.1,5.1,5.1,717,0
2016-06-13,18:45:00,5.14,5.14,5.14,5.14,200,0
2016-06-13,19:20:00,5.1,5.1,5.1,5.1,200,0
2016-06-13,19:25:00,5.1,5.1,5.1,5.1,100,0
2016-06-13,19:30:00,5.1,5.1,5.1,5.1,2175,0
2016-06-13,19:40:00,5.08,5.08,5.08,5.08,100,0
2016-06-13,21:10:00,5.06,5.06,5.06,5.06,100,0
2016-06-13,21:45:00,5.09,5.09,5.09,5.09,100,0
2016-06-13,22:00:00,5.07,5.07,5.07,5.07,479,0
2016-06-14,15:35:00,5.06,5.06,5.06,5.06,1088,0
2016-06-14,15:50:00,5.09,5.09,5.09,5.09,100,0
2016-06-14,15:55:00,5.1,5.115,5.08,5.115,1700,0
2016-06-14,16:00:00,5.1,5.1,5.1,5.1,200,0
2016-06-14,16:05:00,5.1,5.1,5.06,5.1,1500,0
2016-06-14,16:10:00,5.1,5.1,5.1,5.1,400,0
2016-06-14,16:20:00,5.1,5.1,5.1,5.1,500,0
2016-06-14,16:25:00,5.06,5.1,5.06,5.1,400,0
2016-06-14,16:30:00,5.1,5.13,5.09,5.12,10000,0
2016-06-14,16:35:00,5.12,5.12,5.12,5.12,100,0
2016-06-14,16:40:00,5.12,5.12,5.12,5.12,100,0
2016-06-14,16:45:00,5.12,5.12,5.12,5.12,100,0
2016-06-14,16:55:00,5.12,5.12,5.12,5.12,11803,0
2016-06-14,17:00:00,5.07,5.1,5.07,5.1,200,0
2016-06-14,17:10:00,5.1,5.1,5.07,5.1,900,0
2016-06-14,17:25:00,5.08,5.1,5.07,5.1,900,0
2016-06-14,17:30:00,5.1,5.1,5.1,5.1,100,0
2016-06-14,17:35:00,5.1,5.1,5.1,5.1,25000,0
2016-06-14,17:40:00,5.1,5.1,5.1,5.1,10300,0
2016-06-14,17:45:00,5.09,5.09,5.09,5.09,300,0
2016-06-14,17:55:00,5.09,5.09,5.09,5.09,400,0
2016-06-14,18:30:00,5.09,5.09,5.09,5.09,100,0
2016-06-14,18:35:00,5.095,5.095,5.095,5.095,500,0
2016-06-14,18:40:00,5.09,5.09,5.09,5.09,3500,0
2016-06-14,19:00:00,5.09,5.09,5.09,5.09,100,0
2016-06-14,19:05:00,5.095,5.095,5.095,5.095,100,0
2016-06-14,19:10:00,5.1,5.1,5.1,5.1,100,0
2016-06-14,19:15:00,5.1,5.1,5.1,5.1,300,0
2016-06-14,19:20:00,5.1,5.1,5.095,5.1,500,0
2016-06-14,19:25:00,5.1,5.1,5.1,5.1,300,0
2016-06-14,19:30:00,5.1,5.1,5.09,5.1,500,0
2016-06-14,19:35:00,5.095,5.095,5.095,5.095,400,0
2016-06-14,19:40:00,5.095,5.095,5.09,5.09,400,0
2016-06-14,19:45:00,5.095,5.095,5.095,5.095,300,0
2016-06-14,19:50:00,5.095,5.095,5.09,5.095,500,0
2016-06-14,19:55:00,5.09,5.095,5.09,5.095,500,0
2016-06-14,20:00:00,5.095,5.095,5.095,5.095,400,0
2016-06-14,20:05:00,5.095,5.1,5.09,5.1,500,0
2016-06-14,20:10:00,5.1,5.1,5.1,5.1,300,0
2016-06-14,20:15:00,5.1,5.1,5.095,5.095,700,0
2016-06-14,20:20:00,5.1,5.1,5.09,5.09,2800,0
2016-06-14,20:25:00,5.095,5.095,5.09,5.095,500,0
2016-06-14,20:30:00,5.095,5.095,5.095,5.095,400,0
2016-06-14,20:35:00,5.095,5.095,5.09,5.09,500,0
2016-06-14,20:40:00,5.095,5.095,5.09,5.095,600,0
2016-06-14,20:45:00,5.095,5.1,5.095,5.1,500,0
2016-06-14,20:50:00,5.1,5.1,5.1,5.1,400,0
2016-06-14,20:55:00,5.095,5.1,5.095,5.095,500,0
2016-06-14,21:00:00,5.095,5.1,5.09,5.095,900,0
2016-06-14,21:05:00,5.095,5.095,5.095,5.095,400,0
2016-06-14,21:10:00,5.095,5.1,5.0916,5.095,700,0
2016-06-14,21:15:00,5.095,5.1,5.0916,5.095,600,0
2016-06-14,21:20:00,5.09,5.1,5.09,5.0916,900,0
2016-06-14,21:25:00,5.095,5.1,5.0916,5.095,1000,0
2016-06-14,21:30:00,5.1,5.1,5.09,5.1,1200,0
2016-06-14,21:35:00,5.095,5.1,5.095,5.1,1100,0
2016-06-14,21:40:00,5.095,5.1,5.0916,5.095,1600,0
2016-06-14,21:45:00,5.1,5.1,5.09,5.095,1400,0
2016-06-14,21:50:00,5.095,5.1,5.09,5.1,2100,0
2016-06-14,21:55:00,5.1,5.1,5.09,5.0916,3712,0
2016-06-14,22:00:00,5.1,5.1,5.09,5.1,7793,0
2016-06-15,15:35:00,5.1,5.1,5.1,5.1,568,0
2016-06-15,15:50:00,5.12,5.12,5.12,5.12,100,0
2016-06-15,16:20:00,5.1,5.1,5.1,5.1,1000,0
2016-06-15,16:25:00,5.095,5.095,5.095,5.095,200,0
2016-06-15,16:30:00,5.095,5.1,5.095,5.095,300,0
2016-06-15,16:40:00,5.095,5.1,5.095,5.095,700,0
2016-06-15,17:35:00,5.1,5.1,5.09,5.09,1600,0
2016-06-15,17:50:00,5.09,5.09,5.085,5.09,499,0
2016-06-15,17:55:00,5.08,5.1,5.08,5.095,55500,0
2016-06-15,18:05:00,5.095,5.095,5.095,5.095,25000,0
2016-06-15,18:10:00,5.095,5.095,5.095,5.095,25100,0
2016-06-15,18:15:00,5.095,5.095,5.09,5.09,400,0
2016-06-15,18:35:00,5.09,5.09,5.09,5.09,100,0
2016-06-15,18:45:00,5.09,5.09,5.09,5.09,100,0
2016-06-15,18:55:00,5.095,5.095,5.09,5.09,400,0
2016-06-15,19:05:00,5.0885,5.11,5.0885,5.1,31600,0
2016-06-15,19:10:00,5.1,5.12,5.1,5.11,9400,0
2016-06-15,19:15:00,5.1,5.1567,5.1,5.12,2100,0
2016-06-15,19:20:00,5.12,5.125,5.11,5.11,800,0
2016-06-15,19:40:00,5.11,5.11,5.11,5.11,100,0
2016-06-15,19:45:00,5.115,5.115,5.1,5.1,400,0
2016-06-15,20:05:00,5.11,5.11,5.11,5.11,300,0
2016-06-15,20:30:00,5.1,5.1,5.1,5.1,100,0
2016-06-15,20:40:00,5.1,5.1,5.1,5.1,100,0
2016-06-15,20:45:00,5.1,5.1,5.09,5.09,1294,0
2016-06-15,20:55:00,5.09,5.09,5.09,5.09,100,0
2016-06-15,21:00:00,5.08,5.08,5.07,5.08,3200,0
2016-06-15,21:05:00,5.06,5.06,5.06,5.06,100,0
2016-06-15,21:15:00,5.075,5.075,5.075,5.075,100,0
2016-06-15,21:25:00,5.06,5.06,5.06,5.06,100,0
2016-06-15,21:35:00,5.075,5.075,5.075,5.075,100,0
2016-06-15,21:50:00,5.08,5.09,5.08,5.09,200,0
2016-06-15,21:55:00,5.08,5.08,5.07,5.08,1999,0
2016-06-16,15:35:00,5.03,5.03,5.03,5.03,3346,0
2016-06-16,15:40:00,5.035,5.05,5.035,5.05,700,0
2016-06-16,16:20:00,5.08,5.08,5.08,5.08,100,0
2016-06-16,16:30:00,5.09,5.09,5.09,5.09,100,0
2016-06-16,16:40:00,5.05,5.056,5.05,5.056,2000,0
2016-06-16,16:45:00,5.07,5.07,5.065,5.065,900,0
2016-06-16,16:50:00,5.065,5.065,5.065,5.065,200,0
2016-06-16,16:55:00,5.06,5.06,5.06,5.06,100,0
2016-06-16,17:00:00,5.08,5.08,5.08,5.08,100,0
2016-06-16,17:20:00,5.07,5.07,5.07,5.07,1855,0
2016-06-16,17:35:00,5.08,5.08,5.08,5.08,300,0
2016-06-16,18:00:00,5.08,5.08,5.08,5.08,100,0
2016-06-16,20:05:00,5.1,5.1,5.1,5.1,100,0
2016-06-16,21:00:00,5.1,5.1,5.1,5.1,200,0
2016-06-16,21:05:00,5.09,5.09,5.09,5.09,200,0
2016-06-16,21:10:00,5.0895,5.09,5.0895,5.09,200,0
2016-06-16,21:15:00,5.075,5.075,5.075,5.075,515,0
2016-06-16,21:55:00,5.09,5.09,5.08,5.09,300,0
2016-06-16,22:00:00,5.07,5.07,5.06,5.06,2075,0
2016-06-17,15:35:00,5.04,5.04,5.04,5.04,100,0
2016-06-17,15:40:00,5.1,5.1,5.1,5.1,300,0
2016-06-17,16:00:00,5.03,5.03,5.03,5.03,100,0
2016-06-17,16:05:00,5.0977,5.0977,5.0977,5.0977,170,0
2016-06-17,19:25:00,5.07,5.07,5.07,5.07,100,0
2016-06-17,20:35:00,5.07,5.07,5.07,5.07,100,0
2016-06-17,21:15:00,5.1,5.1,5.1,5.1,100,0
2016-06-17,21:40:00,5.09,5.09,5.09,5.09,200,0
2016-06-17,21:55:00,5.0611,5.0611,5.0611,5.0611,300,0
2016-06-17,22:00:00,5.07,5.07,5.07,5.07,100,0
2016-06-20,15:35:00,5.08,5.1,5.08,5.1,200,0
2016-06-20,16:45:00,5.1,5.1,5.1,5.1,100,0
2016-06-20,17:05:00,5.1,5.1,5.1,5.1,100,0
2016-06-20,17:35:00,5.1,5.1,5.1,5.1,200,0
2016-06-20,17:55:00,5.08,5.08,5.08,5.08,100,0
2016-06-20,18:05:00,5.1,5.1,5.1,5.1,100,0
2016-06-20,18:10:00,5.1,5.1,5.085,5.085,300,0
2016-06-20,18:40:00,5.1,5.1,5.1,5.1,100,0
2016-06-20,19:05:00,5.09,5.09,5.09,5.09,100,0
2016-06-20,19:10:00,5.1,5.1,5.1,5.1,100,0
2016-06-20,19:45:00,5.1,5.1,5.1,5.1,400,0
2016-06-20,20:15:00,5.1,5.1,5.1,5.1,100,0
2016-06-20,20:20:00,5.1,5.1,5.1,5.1,100,0
2016-06-20,20:40:00,5.1,5.1,5.1,5.1,300,0
2016-06-20,20:45:00,5.1,5.1,5.1,5.1,100,0
2016-06-20,20:50:00,5.1,5.1,5.1,5.1,400,0
2016-06-20,20:55:00,5.1,5.1,5.1,5.1,100,0
2016-06-20,21:00:00,5.1,5.1,5.1,5.1,100,0
2016-06-20,21:25:00,5.1,5.1,5.095,5.095,300,0
2016-06-20,21:55:00,5.1,5.1,5.1,5.1,100,0
2016-06-20,22:00:00,5.1,5.1,5.095,5.1,500,0
2016-06-21,15:35:00,5.09,5.09,5.09,5.09,700,0
2016-06-21,16:00:00,5.08,5.08,5.08,5.08,1000,0
2016-06-21,16:05:00,5.08,5.08,5.08,5.08,900,0
2016-06-21,16:30:00,5.09,5.09,5.09,5.09,100,0
2016-06-21,17:35:00,5.1,5.1,5.1,5.1,100,0
2016-06-21,18:20:00,5.1,5.1,5.1,5.1,100,0
2016-06-21,18:25:00,5.07,5.07,5.07,5.07,100,0
2016-06-21,19:30:00,5.09,5.09,5.09,5.09,100,0
2016-06-21,19:50:00,5.08,5.08,5.08,5.08,300,0
2016-06-21,20:20:00,5.07,5.0701,5.07,5.0701,1400,0
2016-06-21,20:55:00,5.06,5.06,5.05,5.05,1600,0
2016-06-21,21:40:00,5.05,5.05,5.05,5.05,1520,0
2016-06-21,22:00:00,5.045,5.07,5.045,5.07,643,0
2016-06-22,15:35:00,5.06,5.06,5.06,5.06,200,0
2016-06-22,16:20:00,5.07,5.07,5.07,5.07,100,0
2016-06-22,16:35:00,5.07,5.07,5.07,5.07,200,0
2016-06-22,16:55:00,5.07,5.07,5.07,5.07,100,0
2016-06-22,17:25:00,5.05,5.05,5.05,5.05,100,0
2016-06-22,17:55:00,5.05,5.05,5.05,5.05,100,0
2016-06-22,18:00:00,5.06,5.06,5.04,5.06,5831,0
2016-06-22,18:05:00,5.045,5.07,5.045,5.07,300,0
2016-06-22,18:10:00,5.07,5.07,5.03,5.07,2526,0
2016-06-22,18:15:00,5.07,5.07,5.03,5.07,900,0
2016-06-22,18:30:00,5.06,5.06,5.06,5.06,200,0
2016-06-22,18:40:00,5.05,5.05,5.05,5.05,100,0
2016-06-22,18:45:00,5.07,5.1,5.065,5.08,2000,0
2016-06-22,19:20:00,5.07,5.07,5.06,5.07,700,0
2016-06-22,19:25:00,5.07,5.09,5.07,5.09,1017,0
2016-06-22,21:00:00,5.05,5.05,5.05,5.05,100,0
2016-06-22,21:30:00,5.05,5.06,5.05,5.06,200,0
2016-06-22,21:50:00,5.05,5.05,5.05,5.05,200,0
2016-06-22,22:00:00,5.04,5.06,5.035,5.035,400,0
2016-06-23,15:35:00,5.06,5.06,5.06,5.06,112,0
2016-06-23,16:35:00,5.04,5.04,5.04,5.04,100,0
2016-06-23,16:50:00,5.05,5.05,5.05,5.05,8200,0
2016-06-23,16:55:00,5.06,5.06,5.06,5.06,100,0
2016-06-23,17:35:00,5.07,5.07,5.07,5.07,100,0
2016-06-23,19:20:00,5.07,5.07,5.07,5.07,100,0
2016-06-23,19:25:00,5.07,5.07,5.07,5.07,400,0
2016-06-23,19:45:00,5.07,5.07,5.07,5.07,100,0
2016-06-23,19:50:00,5.058,5.07,5.058,5.07,1500,0
2016-06-23,19:55:00,5.07,5.07,5.07,5.07,100,0
2016-06-23,21:25:00,5.07,5.07,5.052,5.052,500,0
2016-06-23,21:30:00,5.07,5.07,5.07,5.07,100,0
2016-06-23,21:40:00,5.07,5.07,5.06,5.07,2700,0
2016-06-23,21:55:00,5.07,5.07,5.07,5.07,300,0
2016-06-23,22:00:00,5.07,5.07,5.07,5.07,112,0
2016-06-24,15:35:00,4.95,4.95,4.95,4.95,784,0
2016-06-24,16:00:00,5,5,4.96,4.97,2850,0
2016-06-24,16:05:00,4.97,4.97,4.95,4.95,2900,0
2016-06-24,16:10:00,4.95,4.95,4.9,4.9,850,0
2016-06-24,16:25:00,5.03,5.03,5.03,5.03,100,0
2016-06-24,16:55:00,4.96,4.96,4.95,4.95,1100,0
2016-06-24,17:00:00,4.95,4.96,4.94,4.95,2150,0
2016-06-24,17:15:00,4.98,4.98,4.98,4.98,100,0
2016-06-24,17:45:00,4.99,4.99,4.9865,4.99,1479,0
2016-06-24,18:15:00,4.941,4.941,4.941,4.941,499,0
2016-06-24,20:25:00,4.9999,5,4.96,4.98,1300,0
2016-06-24,20:30:00,4.99,5,4.99,5,722,0
2016-06-24,20:50:00,5.04,5.04,5.04,5.04,100,0
2016-06-24,20:55:00,5.03,5.03,5.03,5.03,200,0
2016-06-24,21:35:00,5.01,5.0275,4.98,4.98,725,0
2016-06-27,15:35:00,4.97,5.02,4.97,5.02,579,0
2016-06-27,15:50:00,4.9,4.9001,4.9,4.9001,1100,0
2016-06-27,16:00:00,5.03,5.03,5.03,5.03,100,0
2016-06-27,16:05:00,5.03,5.03,5.03,5.03,100,0
2016-06-27,16:25:00,5.02,5.02,5.02,5.02,100,0
2016-06-27,17:50:00,4.98,5.025,4.98,5.025,1000,0
2016-06-27,17:55:00,5,5,5,5,1700,0
2016-06-27,18:10:00,5,5.01,5,5.01,500,0
2016-06-27,18:20:00,5,5,5,5,200,0
2016-06-27,18:50:00,5,5,5,5,580,0
2016-06-27,19:10:00,5,5.01,5,5.01,200,0
2016-06-27,19:35:00,5,5,5,5,200,0
2016-06-27,20:25:00,5.01,5.01,5.01,5.01,100,0
2016-06-27,21:40:00,5,5.02,5,5.02,200,0
2016-06-27,21:45:00,5.01,5.01,5.01,5.01,100,0
2016-06-27,22:00:00,5.03,5.03,5.03,5.03,579,0
2016-06-28,15:35:00,5.04,5.09,5.03,5.03,5175,0
2016-06-28,15:40:00,5.09,5.1,5.03,5.07,5100,0
2016-06-28,15:55:00,5.06,5.06,5.06,5.06,300,0
2016-06-28,16:00:00,5.03,5.045,5.03,5.03,35400,0
2016-06-28,16:15:00,5.03,5.055,5.03,5.03,1457,0
2016-06-28,20:00:00,5,5.02,5,5.02,200,0
2016-06-28,20:05:00,5.015,5.015,5.015,5.015,100,0
2016-06-28,20:10:00,5.03,5.03,5.03,5.03,100,0
2016-06-28,21:00:00,5.01,5.01,5.01,5.01,200,0
2016-06-28,21:05:00,5,5,5,5,400,0
2016-06-28,21:50:00,5.01,5.01,4.99,4.99,1300,0
2016-06-28,21:55:00,5.01,5.01,4.985,5.01,1700,0
2016-06-28,22:00:00,5,5.01,4.97,4.97,1175,0
2016-06-29,15:35:00,5,5,4.93,4.93,410,0
2016-06-29,15:40:00,4.985,4.985,4.985,4.985,100,0
2016-06-29,16:00:00,4.98,4.98,4.98,4.98,200,0
2016-06-29,16:10:00,4.975,4.975,4.975,4.975,800,0
2016-06-29,16:15:00,4.975,4.975,4.975,4.975,100,0
2016-06-29,16:35:00,4.98,4.98,4.98,4.98,100,0
2016-06-29,16:50:00,4.99,4.99,4.99,4.99,200,0
2016-06-29,18:30:00,5,5,4.99,4.99,200,0
2016-06-29,18:35:00,5,5,5,5,100,0
2016-06-29,18:40:00,5,5,5,5,100,0
2016-06-29,19:05:00,5,5,5,5,100,0
2016-06-29,19:50:00,4.99,5,4.99,5,700,0
2016-06-29,19:55:00,5,5,5,5,100,0
2016-06-29,20:00:00,5,5,5,5,100,0
2016-06-29,21:35:00,4.99,5,4.99,5,600,0
2016-06-29,22:00:00,5,5,4.99,5,800,0
2016-06-30,15:35:00,5,5,4.97,5,19796,0
2016-06-30,15:55:00,5,5,5,5,2000,0
2016-06-30,16:05:00,5.01,5.01,5.01,5.01,100,0
2016-06-30,16:10:00,5.01,5.01,5.01,5.01,200,0
2016-06-30,16:15:00,4.995,5,4.995,5,200,0
2016-06-30,16:25:00,5,5,5,5,400,0
2016-06-30,16:40:00,5,5,5,5,100,0
2016-06-30,16:50:00,5,5,5,5,100,0
2016-06-30,17:10:00,5,5,5,5,300,0
2016-06-30,17:30:00,5,5,5,5,100,0
2016-06-30,17:45:00,5,5,5,5,100,0
2016-06-30,17:50:00,5,5,5,5,200,0
2016-06-30,18:00:00,5,5,5,5,100,0
2016-06-30,18:20:00,5,5,5,5,200,0
2016-06-30,18:25:00,5,5,5,5,200,0
2016-06-30,19:00:00,5,5,5,5,100,0
2016-06-30,20:50:00,5,5,5,5,100,0
2016-06-30,20:55:00,4.995,4.995,4.995,4.995,200,0
2016-06-30,21:00:00,4.995,4.995,4.995,4.995,100,0
2016-06-30,21:10:00,4.995,4.995,4.995,4.995,100,0
2016-06-30,21:20:00,4.995,5,4.99,4.995,2002,0
2016-06-30,21:25:00,5,5,5,5,100,0
2016-06-30,21:30:00,5,5,4.9901,4.9901,400,0
2016-06-30,21:35:00,4.99,4.995,4.99,4.99,800,0
2016-06-30,21:40:00,4.99,4.9901,4.99,4.9901,800,0
2016-06-30,21:45:00,4.99,4.995,4.99,4.995,800,0
2016-06-30,21:50:00,4.99,5,4.96,4.98,7400,0
2016-06-30,21:55:00,4.99,4.99,4.99,4.99,16600,0
2016-06-30,22:00:00,5,5,4.95,4.95,12064,0
2016-07-01,15:35:00,4.97,4.97,4.97,4.97,100,0
2016-07-01,15:40:00,4.98,4.99,4.98,4.99,200,0
2016-07-01,18:00:00,4.9814,4.9814,4.9814,4.9814,300,0
2016-07-01,18:20:00,5,5,5,5,100,0
2016-07-01,18:25:00,5,5,5,5,600,0
2016-07-01,18:30:00,5,5,5,5,600,0
2016-07-01,18:45:00,5,5,5,5,200,0
2016-07-01,18:50:00,5,5.01,5,5.01,1300,0
2016-07-01,18:55:00,5.02,5.02,5,5,300,0
2016-07-01,19:00:00,5.005,5.005,5,5,200,0
2016-07-01,20:10:00,4.9801,4.9801,4.98,4.98,300,0
2016-07-01,20:25:00,5,5,5,5,500,0
2016-07-01,20:30:00,5,5,5,5,300,0
2016-07-01,20:40:00,5,5,5,5,100,0
2016-07-01,20:45:00,5,5,4.99,4.99,400,0
2016-07-01,21:00:00,5,5,5,5,400,0
2016-07-01,21:05:00,5,5,5,5,100,0
2016-07-01,21:10:00,5,5,5,5,100,0
2016-07-01,21:45:00,5,5,5,5,1200,0
2016-07-01,21:50:00,5,5,5,5,200,0
2016-07-01,21:55:00,5,5,5,5,400,0
2016-07-01,22:00:00,5,5,4.98,4.98,500,0
2016-07-05,17:15:00,5.0199,5.0199,4.9801,4.9801,682,0
2016-07-05,17:35:00,5,5,5,5,100,0
2016-07-05,18:00:00,5,5,5,5,500,0
2016-07-05,18:10:00,5.01,5.01,5.01,5.01,100,0
2016-07-05,18:20:00,5.01,5.01,5.01,5.01,900,0
2016-07-05,18:25:00,5.01,5.01,5.01,5.01,200,0
2016-07-05,18:40:00,5.03,5.03,5.01,5.01,4100,0
2016-07-05,18:45:00,5,5,5,5,100,0
2016-07-05,19:10:00,5.01,5.01,5.01,5.01,1200,0
2016-07-05,19:15:00,5.01,5.01,5.01,5.01,100,0
2016-07-05,19:25:00,5.01,5.01,5.01,5.01,100,0
2016-07-05,20:30:00,5,5,5,5,800,0
2016-07-05,20:35:00,4.99,4.99,4.99,4.99,100,0
2016-07-05,21:55:00,5,5,5,5,300,0
2016-07-05,22:00:00,4.98,5,4.98,4.98,940,0
2016-07-06,15:35:00,4.98,4.98,4.98,4.98,100,0
2016-07-06,17:25:00,4.99,4.99,4.99,4.99,200,0
2016-07-06,18:40:00,5,5,5,5,500,0
2016-07-06,19:25:00,5,5,5,5,200,0
2016-07-06,19:55:00,4.9853,4.9853,4.9853,4.9853,325,0
2016-07-06,21:45:00,5,5,5,5,100,0
2016-07-06,22:00:00,5.08,5.09,5.08,5.08,700,0
2016-07-07,15:35:00,5.07,5.07,5.07,5.07,100,0
2016-07-07,15:40:00,5.015,5.03,5.015,5.03,4100,0
2016-07-07,16:00:00,5,5,5,5,200,0
2016-07-07,16:10:00,4.99,5.1,4.99,5.01,1800,0
2016-07-07,16:20:00,5.01,5.08,5.01,5.01,400,0
2016-07-07,16:40:00,5.02,5.09,4.985,5.04,5900,0
2016-07-07,16:45:00,5.03,5.06,5.03,5.06,800,0
2016-07-07,16:50:00,5.04,5.04,5.04,5.04,100,0
2016-07-07,16:55:00,5.04,5.045,5.03,5.045,1600,0
2016-07-07,17:10:00,5,5,4.99,4.99,500,0
2016-07-07,17:15:00,5,5,5,5,100,0
2016-07-07,17:30:00,5.05,5.05,5.05,5.05,200,0
2016-07-07,17:40:00,5,5.01,4.98,4.98,800,0
2016-07-07,17:50:00,4.97,4.97,4.95,4.95,700,0
2016-07-07,17:55:00,4.93,4.97,4.91,4.91,1400,0
2016-07-07,18:00:00,4.89,4.89,4.87,4.87,631,0
2016-07-07,18:05:00,4.84,4.84,4.83,4.83,600,0
2016-07-07,18:10:00,4.9,4.91,4.835,4.87,1700,0
2016-07-07,18:15:00,4.84,4.87,4.77,4.77,1300,0
2016-07-07,18:20:00,4.76,4.76,4.74,4.74,400,0
2016-07-07,18:25:00,4.74,4.74,4.74,4.74,1200,0
2016-07-07,18:40:00,4.75,4.75,4.74,4.74,2300,0
2016-07-07,18:55:00,4.76,4.76,4.76,4.76,300,0
2016-07-07,19:00:00,4.76,4.82,4.76,4.77,2300,0
2016-07-07,19:05:00,4.75,4.75,4.75,4.75,400,0
2016-07-07,19:10:00,4.8,4.8,4.75,4.8,800,0
2016-07-07,19:15:00,4.79,4.8,4.79,4.8,200,0
2016-07-07,19:20:00,4.75,4.81,4.75,4.81,700,0
2016-07-07,19:25:00,4.81,4.82,4.8,4.82,800,0
2016-07-07,19:30:00,4.82,4.83,4.77,4.83,500,0
2016-07-07,19:35:00,4.77,4.77,4.75,4.75,2700,0
2016-07-07,19:40:00,4.76,4.7601,4.76,4.7601,1000,0
2016-07-07,19:45:00,4.83,4.83,4.76,4.76,1000,0
2016-07-07,19:50:00,4.76,4.76,4.75,4.75,1200,0
2016-07-07,19:55:00,4.83,4.83,4.76,4.7705,2300,0
2016-07-07,20:00:00,4.76,4.76,4.76,4.76,1500,0
2016-07-07,20:05:00,4.795,4.795,4.795,4.795,100,0
2016-07-07,20:10:00,4.805,4.805,4.805,4.805,200,0
2016-07-07,20:15:00,4.84,4.84,4.77,4.77,1300,0
2016-07-07,20:20:00,4.83,4.83,4.77,4.77,500,0
2016-07-07,20:25:00,4.77,4.77,4.77,4.77,400,0
2016-07-07,20:30:00,4.77,4.77,4.76,4.76,1500,0
2016-07-07,20:35:00,4.76,4.76,4.76,4.76,900,0
2016-07-07,20:40:00,4.76,4.76,4.76,4.76,1500,0
2016-07-07,20:45:00,4.77,4.82,4.76,4.76,900,0
2016-07-07,20:50:00,4.82,4.82,4.76,4.76,600,0
2016-07-07,20:55:00,4.82,4.82,4.75,4.75,1900,0
2016-07-07,21:00:00,4.81,4.81,4.75,4.75,2900,0
2016-07-07,21:05:00,4.8,4.81,4.8,4.81,400,0
2016-07-07,21:15:00,4.77,4.83,4.77,4.83,4350,0
2016-07-07,21:20:00,4.83,4.87,4.83,4.87,2000,0
2016-07-07,21:25:00,4.89,4.95,4.88,4.915,1550,0
2016-07-07,21:30:00,4.9,4.9,4.9,4.9,600,0
2016-07-07,21:35:00,4.9,4.99,4.88,4.99,4200,0
2016-07-07,21:40:00,4.99,4.99,4.99,4.99,800,0
2016-07-07,21:45:00,4.99,5,4.9,4.91,1200,0
2016-07-07,21:50:00,4.98,4.98,4.91,4.91,1500,0
2016-07-07,21:55:00,4.91,4.91,4.88,4.88,600,0
2016-07-07,22:00:00,4.88,4.99,4.88,4.98,4689,0
2016-07-08,15:35:00,4.93,4.93,4.73,4.73,1212,0
2016-07-08,16:00:00,5.02,5.02,5.02,5.02,100,0
2016-07-08,16:05:00,5.03,5.03,5.03,5.03,100,0
2016-07-08,16:15:00,4.98,4.98,4.98,4.98,100,0
2016-07-08,19:10:00,5.01,5.01,5,5,10219,0
2016-07-08,19:25:00,5.07,5.07,5.07,5.07,100,0
2016-07-08,19:35:00,5.01,5.01,5.01,5.01,2800,0
2016-07-08,20:20:00,5,5,5,5,200,0
2016-07-08,20:25:00,4.96,4.96,4.96,4.96,100,0
2016-07-08,21:15:00,5.01,5.01,5.01,5.01,100,0
2016-07-08,22:00:00,4.97,4.99,4.97,4.99,300,0
