Date,Time,Open,High,Low,Close,Volume,OpenInt
2016-06-10,15:35:00,2.71,2.785,2.7,2.7101,38047,0
2016-06-10,15:40:00,2.7899,2.88,2.72,2.8595,7140,0
2016-06-10,15:45:00,2.82,2.85,2.82,2.85,3300,0
2016-06-10,15:50:00,2.9,2.9,2.81,2.89,6940,0
2016-06-10,15:55:00,2.9,3.02,2.9,3.01,21126,0
2016-06-10,16:00:00,3.026,3.04,3,3,14160,0
2016-06-10,16:05:00,3.04,3.0737,3.01,3.0245,14946,0
2016-06-10,16:10:00,3.0001,3.05,3.0001,3.05,2560,0
2016-06-10,16:15:00,3.05,3.07,3.049,3.06,2800,0
2016-06-10,16:20:00,3.07,3.07,3.01,3.05,11337,0
2016-06-10,16:25:00,3.08,3.15,3.05,3.05,54750,0
2016-06-10,16:35:00,3.09,3.1,3.07,3.1,3800,0
2016-06-10,16:40:00,3.09,3.09,3.06,3.06,3280,0
2016-06-10,16:45:00,3.05,3.05,3.0011,3.049,10913,0
2016-06-10,16:50:00,3,3,3,3,2700,0
2016-06-10,16:55:00,3.03,3.06,3.03,3.06,400,0
2016-06-10,17:00:00,3.04,3.04,3,3,10500,0
2016-06-10,17:05:00,3,3.05,3,3,8900,0
2016-06-10,17:10:00,3.0399,3.0399,2.96,2.97,1200,0
2016-06-10,17:15:00,3.024,3.024,3.024,3.024,1000,0
2016-06-10,17:20:00,3.04,3.04,3.04,3.04,200,0
2016-06-10,17:25:00,3.0399,3.0399,3.01,3.0152,5300,0
2016-06-10,17:35:00,3.04,3.08,3.03,3.03,11283,0
2016-06-10,17:40:00,3,3,2.96,2.98,12690,0
2016-06-10,17:50:00,2.98,2.99,2.97,2.99,2700,0
2016-06-10,17:55:00,2.99,3.01,2.99,3,21900,0
2016-06-10,18:10:00,3.0499,3.0499,3.0101,3.0101,1280,0
2016-06-10,18:15:00,3.03,3.049,3.03,3.049,650,0
2016-06-10,18:25:00,3.005,3.005,3.005,3.005,125,0
2016-06-10,18:35:00,2.98,2.98,2.92,2.92,23596,0
2016-06-10,18:40:00,2.97,2.97,2.91,2.91,19700,0
2016-06-10,18:45:00,2.91,3.02,2.91,3.02,1650,0
2016-06-10,18:50:00,3.02,3.02,3.02,3.02,100,0
2016-06-10,19:00:00,2.9885,2.9885,2.9885,2.9885,200,0
2016-06-10,19:15:00,3,3,3,3,1000,0
2016-06-10,19:35:00,2.9766,2.99,2.9766,2.99,250,0
2016-06-10,19:45:00,2.98,2.98,2.98,2.98,200,0
2016-06-10,20:00:00,2.97,2.97,2.97,2.97,200,0
2016-06-10,20:10:00,2.9699,2.98,2.955,2.98,8400,0
2016-06-10,20:20:00,2.99,2.99,2.97,2.9898,12250,0
2016-06-10,20:25:00,2.94,2.99,2.94,2.99,15450,0
2016-06-10,20:30:00,2.9301,2.9301,2.9301,2.9301,400,0
2016-06-10,20:40:00,2.98,2.98,2.98,2.98,100,0
2016-06-10,20:50:00,2.96,2.98,2.96,2.98,200,0
2016-06-10,21:05:00,2.95,2.95,2.95,2.95,3440,0
2016-06-10,21:10:00,2.98,2.98,2.98,2.98,200,0
2016-06-10,21:15:00,2.965,2.979,2.965,2.979,300,0
2016-06-10,21:20:00,2.96,2.96,2.96,2.96,200,0
2016-06-10,21:25:00,2.97,2.97,2.97,2.97,800,0
2016-06-10,21:30:00,2.98,2.99,2.98,2.99,5950,0
2016-06-10,21:35:00,2.99,2.99,2.98,2.98,1800,0
2016-06-10,21:40:00,2.98,2.9894,2.98,2.98,2300,0
2016-06-10,21:45:00,2.99,3.02,2.9801,3.02,6400,0
2016-06-10,21:50:00,3.02,3.049,3.02,3.0399,9100,0
2016-06-10,21:55:00,3.03,3.03,2.99,2.9992,8500,0
2016-06-10,22:00:00,2.9999,3,2.95,2.99,14598,0
2016-06-13,15:35:00,2.95,2.98,2.95,2.97,4174,0
2016-06-13,15:45:00,2.98,2.98,2.98,2.98,500,0
2016-06-13,15:50:00,2.9438,2.9438,2.9438,2.9438,500,0
2016-06-13,16:00:00,2.9444,2.9444,2.9444,2.9444,250,0
2016-06-13,16:05:00,2.95,3.14,2.84,2.949,82141,0
2016-06-13,16:10:00,3.015,3.015,2.94,2.95,15914,0
2016-06-13,16:20:00,3.06,3.06,3.06,3.06,100,0
2016-06-13,16:25:00,3.1099,3.1099,3.1099,3.1099,1000,0
2016-06-13,16:30:00,3.06,3.079,3.06,3.079,599,0
2016-06-13,16:35:00,3.0799,3.0799,3.05,3.05,935,0
2016-06-13,16:40:00,3.0501,3.0799,3.05,3.0799,5300,0
2016-06-13,16:45:00,3.08,3.08,3.08,3.08,100,0
2016-06-13,16:50:00,3.08,3.08,3.08,3.08,100,0
2016-06-13,17:00:00,3.08,3.08,3.08,3.08,200,0
2016-06-13,17:05:00,3.08,3.08,3.07,3.0725,3100,0
2016-06-13,17:10:00,3.07,3.07,3.0301,3.0301,476,0
2016-06-13,17:20:00,3.058,3.058,3.058,3.058,1000,0
2016-06-13,17:25:00,3.05,3.0634,3.05,3.0634,3500,0
2016-06-13,17:35:00,3.05,3.05,3.05,3.05,1883,0
2016-06-13,17:45:00,3.07,3.07,3.07,3.07,100,0
2016-06-13,18:05:00,3.0109,3.0109,3.0109,3.0109,1000,0
2016-06-13,18:10:00,3.02,3.02,3.01,3.01,1400,0
2016-06-13,18:20:00,3.01,3.01,3.01,3.01,200,0
2016-06-13,18:25:00,3.01,3.048,3.008,3.048,14500,0
2016-06-13,18:30:00,3.045,3.045,3.0307,3.0402,400,0
2016-06-13,18:40:00,3.0201,3.0337,3.02,3.0337,3400,0
2016-06-13,18:55:00,3.06,3.08,3.06,3.08,10400,0
2016-06-13,19:00:00,3.05,3.08,3.05,3.08,400,0
2016-06-13,19:10:00,3.0599,3.0599,3.0599,3.0599,382,0
2016-06-13,19:20:00,3.05,3.05,3.05,3.05,1728,0
2016-06-13,19:25:00,3.04,3.045,3.04,3.0402,1100,0
2016-06-13,19:30:00,3.05,3.05,3.05,3.05,200,0
2016-06-13,19:35:00,3.06,3.08,3.06,3.08,2400,0
2016-06-13,19:40:00,3.08,3.08,3.04,3.0694,18620,0
2016-06-13,19:45:00,3.06,3.06,3.06,3.06,400,0
2016-06-13,19:55:00,3.0699,3.07,3.06,3.06,2300,0
2016-06-13,20:15:00,3.06,3.06,3.06,3.06,100,0
2016-06-13,20:30:00,3.0601,3.0601,3.02,3.02,1800,0
2016-06-13,20:35:00,3.06,3.06,3.06,3.06,100,0
2016-06-13,20:40:00,3.0301,3.0301,3.03,3.03,2650,0
2016-06-13,20:55:00,3.06,3.06,3.06,3.06,200,0
2016-06-13,21:10:00,3.07,3.07,3.07,3.07,100,0
2016-06-13,21:15:00,3.07,3.07,3.07,3.07,100,0
2016-06-13,21:20:00,3.07,3.07,3.0637,3.07,650,0
2016-06-13,21:30:00,3.07,3.07,3.07,3.07,400,0
2016-06-13,21:35:00,3.065,3.085,3.05,3.06,3600,0
2016-06-13,21:40:00,3.05,3.08,3.05,3.05,4500,0
2016-06-13,21:45:00,3.06,3.0752,3.05,3.05,1600,0
2016-06-13,21:50:00,3.0581,3.1,3.0581,3.08,800,0
2016-06-13,21:55:00,3.06,3.0681,3.05,3.06,8335,0
2016-06-13,22:00:00,3.08,3.08,3.05,3.05,9500,0
2016-06-14,15:35:00,3.01,3.04,3.01,3.04,1044,0
2016-06-14,15:40:00,3.04,3.05,3,3.01,10074,0
2016-06-14,15:55:00,3.0111,3.0499,3,3.0499,2800,0
2016-06-14,16:00:00,3.05,3.05,3.05,3.05,200,0
2016-06-14,16:10:00,3.036,3.036,3.036,3.036,325,0
2016-06-14,16:15:00,3.036,3.036,3.036,3.036,325,0
2016-06-14,16:25:00,3.01,3.01,3.01,3.01,980,0
2016-06-14,16:30:00,3.034,3.034,3.03,3.03,800,0
2016-06-14,16:35:00,3.0101,3.03,3.0101,3.03,600,0
2016-06-14,16:45:00,3.03,3.05,3.03,3.05,550,0
2016-06-14,16:50:00,3.05,3.05,3.05,3.05,300,0
2016-06-14,16:55:00,3.02,3.02,3,3,5050,0
2016-06-14,17:05:00,2.9898,3.03,2.9898,3.03,630,0
2016-06-14,17:15:00,3.03,3.03,3.03,3.03,1951,0
2016-06-14,17:20:00,3.0138,3.0138,3,3,4500,0
2016-06-14,17:25:00,3.03,3.03,3.03,3.03,450,0
2016-06-14,17:35:00,3.04,3.05,3.005,3.017,1924,0
2016-06-14,17:40:00,3.0034,3.0034,2.96,2.96,11200,0
2016-06-14,17:45:00,2.94,2.98,2.94,2.9799,1300,0
2016-06-14,17:50:00,2.95,2.95,2.95,2.95,200,0
2016-06-14,17:55:00,2.9459,2.9459,2.9459,2.9459,200,0
2016-06-14,18:00:00,2.95,2.95,2.95,2.95,100,0
2016-06-14,18:05:00,2.95,2.99,2.95,2.99,23480,0
2016-06-14,18:25:00,3,3,3,3,100,0
2016-06-14,18:30:00,2.99,2.99,2.9897,2.9897,5000,0
2016-06-14,18:35:00,2.99,3,2.99,3,1600,0
2016-06-14,18:40:00,3,3,2.9876,2.9876,1200,0
2016-06-14,19:00:00,3,3,3,3,100,0
2016-06-14,19:15:00,3,3,3,3,100,0
2016-06-14,19:25:00,2.989,2.989,2.989,2.989,375,0
2016-06-14,19:40:00,3,3,3,3,100,0
2016-06-14,19:55:00,2.993,2.993,2.993,2.993,150,0
2016-06-14,20:25:00,3,3,3,3,200,0
2016-06-14,20:30:00,2.9996,2.9996,2.9996,2.9996,2000,0
2016-06-14,20:40:00,3,3,2.98,2.98,3210,0
2016-06-14,20:45:00,2.97,2.97,2.97,2.97,100,0
2016-06-14,20:50:00,2.9825,2.9825,2.97,2.9701,3900,0
2016-06-14,20:55:00,3,3,2.97,2.97,300,0
2016-06-14,21:05:00,3,3,3,3,200,0
2016-06-14,21:10:00,2.981,2.981,2.95,2.981,10100,0
2016-06-14,21:15:00,2.95,2.95,2.95,2.95,290,0
2016-06-14,21:20:00,2.95,2.95,2.95,2.95,700,0
2016-06-14,21:25:00,2.96,2.9686,2.96,2.9686,1100,0
2016-06-14,21:35:00,2.97,2.98,2.97,2.98,900,0
2016-06-14,21:40:00,3,3,3,3,300,0
2016-06-14,21:45:00,2.97,2.97,2.97,2.97,244,0
2016-06-14,21:50:00,3,3,2.98,2.99,5000,0
2016-06-14,21:55:00,2.97,2.97,2.97,2.97,134,0
2016-06-14,22:00:00,2.98,2.99,2.97,2.99,5523,0
2016-06-15,15:35:00,3,3.0199,3,3.0101,6478,0
2016-06-15,15:40:00,2.9977,3.0199,2.99,3,5550,0
2016-06-15,15:45:00,2.99,3.01,2.99,3.01,2600,0
2016-06-15,15:50:00,3,3,3,3,6170,0
2016-06-15,16:00:00,2.9971,2.9971,2.99,2.99,3950,0
2016-06-15,16:20:00,2.9884,2.9884,2.9884,2.9884,5000,0
2016-06-15,16:30:00,2.9798,2.9798,2.9798,2.9798,650,0
2016-06-15,16:35:00,2.99,2.99,2.98,2.98,200,0
2016-06-15,16:40:00,2.9988,2.9988,2.9988,2.9988,5000,0
2016-06-15,16:45:00,3,3,3,3,1400,0
2016-06-15,16:55:00,3.025,3.025,3,3,4084,0
2016-06-15,17:00:00,3,3,3,3,500,0
2016-06-15,17:05:00,3,3.0057,3,3,6189,0
2016-06-15,17:15:00,3.03,3.03,3.03,3.03,3000,0
2016-06-15,17:20:00,3.06,3.06,3,3,850,0
2016-06-15,17:25:00,3.05,3.05,3.025,3.025,200,0
2016-06-15,17:30:00,3,3.0079,2.99,3.0079,3340,0
2016-06-15,18:00:00,3,3,3,3,300,0
2016-06-15,18:05:00,3.0099,3.01,3.0099,3.01,2000,0
2016-06-15,18:15:00,3.01,3.01,3.01,3.01,100,0
2016-06-15,18:20:00,2.9949,2.9951,2.99,2.99,1000,0
2016-06-15,18:25:00,3,3.0099,3,3,3000,0
2016-06-15,18:30:00,3,3.02,3,3,7400,0
2016-06-15,18:35:00,3.05,3.05,2.99,2.99,350,0
2016-06-15,18:40:00,3.02,3.03,3.02,3.02,5309,0
2016-06-15,18:50:00,3.03,3.03,3.03,3.03,100,0
2016-06-15,18:55:00,3.0399,3.0399,3.0399,3.0399,208,0
2016-06-15,19:00:00,3.03,3.03,3.03,3.03,100,0
2016-06-15,19:05:00,3,3.03,3,3.03,1000,0
2016-06-15,19:15:00,3.02,3.02,3.02,3.02,100,0
2016-06-15,19:20:00,3.02,3.02,3.02,3.02,200,0
2016-06-15,19:25:00,3.02,3.02,3,3,400,0
2016-06-15,19:30:00,3,3,2.99,2.99,350,0
2016-06-15,19:35:00,3,3,3,3,100,0
2016-06-15,19:55:00,3,3,3,3,100,0
2016-06-15,20:00:00,2.99,2.9927,2.99,2.99,19020,0
2016-06-15,20:15:00,2.9925,2.9925,2.9925,2.9925,735,0
2016-06-15,20:45:00,3,3,3,3,100,0
2016-06-15,20:50:00,3,3,3,3,100,0
2016-06-15,20:55:00,2.99,2.99,2.98,2.99,7681,0
2016-06-15,21:00:00,2.9825,2.99,2.9805,2.99,1700,0
2016-06-15,21:05:00,3.01,3.01,3.01,3.01,100,0
2016-06-15,21:10:00,3.01,3.01,3.01,3.01,1500,0
2016-06-15,21:15:00,2.99,2.99,2.99,2.99,200,0
2016-06-15,21:20:00,3.0099,3.0099,3,3,2885,0
2016-06-15,21:35:00,3,3,3,3,200,0
2016-06-15,21:40:00,3.0021,3.0021,2.98,2.99,3600,0
2016-06-15,21:50:00,2.99,2.99,2.98,2.98,600,0
2016-06-15,21:55:00,2.98,2.98,2.98,2.98,200,0
2016-06-15,22:00:00,3,3,2.98,2.98,500,0
2016-06-16,15:35:00,3,3,2.945,2.96,11448,0
2016-06-16,15:40:00,2.97,2.97,2.9,2.9,7576,0
2016-06-16,15:45:00,2.91,2.91,2.87,2.9,2244,0
2016-06-16,15:50:00,2.9,2.9,2.8807,2.9,1600,0
2016-06-16,15:55:00,2.9,2.91,2.9,2.91,300,0
2016-06-16,16:00:00,2.9399,2.9399,2.9,2.9,200,0
2016-06-16,16:05:00,2.9,2.92,2.9,2.92,1898,0
2016-06-16,16:10:00,2.8801,2.8801,2.8801,2.8801,500,0
2016-06-16,16:15:00,2.93,2.93,2.93,2.93,200,0
2016-06-16,16:30:00,2.9199,2.9199,2.9199,2.9199,1000,0
2016-06-16,16:35:00,2.93,2.93,2.93,2.93,200,0
2016-06-16,16:40:00,2.91,2.91,2.9,2.9,500,0
2016-06-16,17:00:00,2.9,2.918,2.9,2.918,1200,0
2016-06-16,17:10:00,2.93,2.93,2.93,2.93,200,0
2016-06-16,17:25:00,2.91,2.91,2.91,2.91,200,0
2016-06-16,17:30:00,2.9,2.9,2.9,2.9,388,0
2016-06-16,18:00:00,2.93,2.94,2.9,2.9,1200,0
2016-06-16,18:10:00,2.93,2.93,2.93,2.93,100,0
2016-06-16,18:20:00,2.94,2.94,2.94,2.94,100,0
2016-06-16,18:30:00,2.94,2.94,2.94,2.94,200,0
2016-06-16,18:40:00,2.913,2.913,2.913,2.913,250,0
2016-06-16,18:45:00,2.9101,2.95,2.9101,2.95,543,0
2016-06-16,18:55:00,2.9203,2.9203,2.92,2.92,1200,0
2016-06-16,19:05:00,2.95,2.95,2.95,2.95,100,0
2016-06-16,19:10:00,2.93,2.93,2.93,2.93,100,0
2016-06-16,19:25:00,2.92,2.92,2.92,2.92,1400,0
2016-06-16,19:30:00,2.92,2.92,2.92,2.92,1100,0
2016-06-16,19:40:00,2.9301,2.9301,2.9301,2.9301,500,0
2016-06-16,19:50:00,2.9301,2.9301,2.9301,2.9301,1500,0
2016-06-16,19:55:00,2.91,2.91,2.91,2.91,100,0
2016-06-16,20:00:00,2.9,2.9082,2.9,2.9082,2600,0
2016-06-16,20:05:00,2.9001,2.9001,2.9,2.9,2300,0
2016-06-16,20:15:00,2.9,2.9,2.9,2.9,600,0
2016-06-16,20:30:00,2.9,2.9,2.9,2.9,200,0
2016-06-16,20:35:00,2.9,2.98,2.9,2.98,15055,0
2016-06-16,20:40:00,2.9201,2.9499,2.9201,2.935,1100,0
2016-06-16,20:45:00,2.9201,2.9201,2.9201,2.9201,1000,0
2016-06-16,20:50:00,2.935,2.9401,2.9301,2.9401,1100,0
2016-06-16,20:55:00,2.97,2.97,2.97,2.97,100,0
2016-06-16,21:05:00,2.9639,2.9639,2.9639,2.9639,1700,0
2016-06-16,21:25:00,2.97,2.97,2.9699,2.9699,1000,0
2016-06-16,21:30:00,2.97,2.97,2.9401,2.9401,1610,0
2016-06-16,21:35:00,2.9521,2.9678,2.9521,2.9678,5000,0
2016-06-16,21:40:00,2.955,2.99,2.955,2.99,200,0
2016-06-16,21:55:00,2.9501,2.97,2.9501,2.97,2200,0
2016-06-16,22:00:00,2.97,2.98,2.95,2.98,1671,0
2016-06-17,15:35:00,2.98,2.9897,2.91,2.93,9668,0
2016-06-17,15:50:00,2.95,2.95,2.95,2.95,200,0
2016-06-17,15:55:00,2.94,2.94,2.93,2.93,1000,0
2016-06-17,16:00:00,2.93,2.9315,2.93,2.93,2400,0
2016-06-17,16:05:00,2.93,2.93,2.93,2.93,200,0
2016-06-17,16:15:00,2.99,2.99,2.99,2.99,100,0
2016-06-17,16:20:00,2.9835,2.9835,2.9835,2.9835,3000,0
2016-06-17,16:25:00,2.94,2.94,2.94,2.94,1000,0
2016-06-17,16:30:00,2.97,2.97,2.97,2.97,1200,0
2016-06-17,16:35:00,2.9617,2.9617,2.94,2.94,850,0
2016-06-17,16:40:00,2.97,2.97,2.97,2.97,100,0
2016-06-17,16:45:00,2.95,2.95,2.95,2.95,2260,0
2016-06-17,16:55:00,2.9514,2.9514,2.9514,2.9514,500,0
2016-06-17,17:10:00,2.9301,2.9301,2.93,2.93,900,0
2016-06-17,17:15:00,2.93,2.93,2.93,2.93,200,0
2016-06-17,17:20:00,2.93,2.93,2.92,2.92,3800,0
2016-06-17,17:25:00,2.932,2.932,2.932,2.932,300,0
2016-06-17,17:35:00,2.94,2.94,2.94,2.94,100,0
2016-06-17,17:40:00,2.93,2.9475,2.91,2.93,5100,0
2016-06-17,17:55:00,2.93,2.93,2.9188,2.9199,2704,0
2016-06-17,18:00:00,2.92,2.92,2.91,2.92,900,0
2016-06-17,18:05:00,2.915,2.915,2.9,2.9,21531,0
2016-06-17,18:10:00,2.9,2.9,2.9,2.9,595,0
2016-06-17,18:20:00,2.9,2.9,2.9,2.9,2574,0
2016-06-17,18:25:00,2.9,2.9,2.9,2.9,1300,0
2016-06-17,18:30:00,2.92,2.92,2.8901,2.8901,495,0
2016-06-17,18:35:00,2.9,2.9,2.9,2.9,200,0
2016-06-17,18:40:00,2.9,2.906,2.9,2.9,4200,0
2016-06-17,18:45:00,2.9,2.9,2.9,2.9,1300,0
2016-06-17,18:50:00,2.91,2.91,2.9099,2.9099,1100,0
2016-06-17,18:55:00,2.9,2.9,2.9,2.9,3200,0
2016-06-17,19:10:00,2.9,2.91,2.9,2.91,300,0
2016-06-17,19:20:00,2.89,2.9,2.89,2.9,2500,0
2016-06-17,19:25:00,2.9,2.92,2.9,2.92,6100,0
2016-06-17,19:40:00,2.92,2.92,2.92,2.92,100,0
2016-06-17,19:55:00,2.91,2.91,2.91,2.91,200,0
2016-06-17,20:00:00,2.908,2.908,2.908,2.908,1000,0
2016-06-17,20:05:00,2.92,2.92,2.92,2.92,500,0
2016-06-17,20:15:00,2.93,2.93,2.93,2.93,100,0
2016-06-17,20:20:00,2.9118,2.9118,2.9118,2.9118,500,0
2016-06-17,20:40:00,2.9,2.9,2.9,2.9,1390,0
2016-06-17,20:45:00,2.92,2.92,2.91,2.91,600,0
2016-06-17,20:50:00,2.9,2.9,2.9,2.9,1650,0
2016-06-17,20:55:00,2.9,2.9,2.9,2.9,200,0
2016-06-17,21:00:00,2.9,2.91,2.9,2.91,700,0
2016-06-17,21:05:00,2.91,2.91,2.9,2.9,800,0
2016-06-17,21:15:00,2.89,2.89,2.89,2.89,100,0
2016-06-17,21:20:00,2.92,2.92,2.92,2.92,100,0
2016-06-17,21:30:00,2.91,2.92,2.9025,2.9025,1580,0
2016-06-17,21:35:00,2.9199,2.9199,2.9199,2.9199,500,0
2016-06-17,21:40:00,2.9001,2.9001,2.9001,2.9001,1300,0
2016-06-17,21:45:00,2.91,2.91,2.91,2.91,100,0
2016-06-17,21:50:00,2.9001,2.9001,2.9,2.9,1200,0
2016-06-17,21:55:00,2.9001,2.9011,2.9,2.9,1900,0
2016-06-17,22:00:00,2.9,2.93,2.9,2.93,5794,0
2016-06-20,15:35:00,2.93,2.93,2.93,2.93,3281,0
2016-06-20,15:40:00,2.95,2.95,2.93,2.93,3246,0
2016-06-20,15:45:00,2.9248,2.9399,2.9,2.92,5600,0
2016-06-20,15:50:00,2.9,2.9,2.87,2.87,2900,0
2016-06-20,15:55:00,2.87,2.87,2.87,2.87,1400,0
2016-06-20,16:05:00,2.85,2.89,2.85,2.85,738,0
2016-06-20,16:10:00,2.85,2.8501,2.85,2.85,1200,0
2016-06-20,16:15:00,2.85,2.85,2.85,2.85,1100,0
2016-06-20,16:20:00,2.8501,2.8501,2.85,2.85,1800,0
2016-06-20,16:25:00,2.88,2.88,2.8,2.85,45060,0
2016-06-20,16:30:00,2.8,2.84,2.7501,2.7501,11195,0
2016-06-20,16:35:00,2.78,2.78,2.76,2.76,2600,0
2016-06-20,16:40:00,2.79,2.79,2.72,2.79,23498,0
2016-06-20,16:45:00,2.77,2.77,2.73,2.73,15000,0
2016-06-20,16:50:00,2.73,2.79,2.71,2.79,19200,0
2016-06-20,16:55:00,2.75,2.78,2.6201,2.78,29400,0
2016-06-20,17:00:00,2.745,2.76,2.74,2.76,1400,0
2016-06-20,17:05:00,2.76,2.77,2.75,2.755,20400,0
2016-06-20,17:10:00,2.75,2.75,2.746,2.746,3600,0
2016-06-20,17:15:00,2.742,2.75,2.742,2.7489,7000,0
2016-06-20,17:20:00,2.75,2.75,2.73,2.75,9000,0
2016-06-20,17:25:00,2.75,2.75,2.73,2.75,4742,0
2016-06-20,17:30:00,2.75,2.75,2.744,2.744,2800,0
2016-06-20,17:35:00,2.75,2.7756,2.75,2.77,4650,0
2016-06-20,17:40:00,2.7999,2.8,2.7999,2.8,3100,0
2016-06-20,17:45:00,2.8,2.8,2.8,2.8,1000,0
2016-06-20,17:50:00,2.8,2.88,2.7925,2.85,8756,0
2016-06-20,17:55:00,2.85,2.885,2.844,2.85,5104,0
2016-06-20,18:00:00,2.85,2.85,2.84,2.85,900,0
2016-06-20,18:10:00,2.8301,2.9,2.8301,2.85,11706,0
2016-06-20,18:15:00,2.84,2.84,2.84,2.84,100,0
2016-06-20,18:20:00,2.85,2.85,2.79,2.84,11819,0
2016-06-20,18:30:00,2.84,2.84,2.84,2.84,220,0
2016-06-20,18:35:00,2.84,2.84,2.84,2.84,260,0
2016-06-20,18:40:00,2.84,2.84,2.8298,2.8298,200,0
2016-06-20,18:45:00,2.82,2.84,2.82,2.84,700,0
2016-06-20,18:50:00,2.84,2.84,2.83,2.84,500,0
2016-06-20,19:00:00,2.84,2.84,2.8301,2.835,1554,0
2016-06-20,19:05:00,2.8399,2.84,2.835,2.84,6775,0
2016-06-20,19:10:00,2.87,2.87,2.87,2.87,1300,0
2016-06-20,19:15:00,2.9,2.9,2.9,2.9,100,0
2016-06-20,19:20:00,2.92,2.94,2.905,2.92,6689,0
2016-06-20,19:25:00,2.9442,2.9442,2.9442,2.9442,1000,0
2016-06-20,19:30:00,2.9499,2.9499,2.9499,2.9499,1000,0
2016-06-20,19:40:00,2.91,2.91,2.86,2.88,2000,0
2016-06-20,19:45:00,2.93,2.94,2.93,2.94,300,0
2016-06-20,19:50:00,2.884,2.884,2.884,2.884,100,0
2016-06-20,20:10:00,2.89,2.89,2.89,2.89,100,0
2016-06-20,20:25:00,2.92,2.92,2.8901,2.8901,1600,0
2016-06-20,20:30:00,2.8901,2.8901,2.88,2.89,1700,0
2016-06-20,20:35:00,2.8601,2.87,2.8601,2.87,200,0
2016-06-20,20:40:00,2.87,2.87,2.8501,2.8501,800,0
2016-06-20,20:55:00,2.86,2.91,2.86,2.9,22426,0
2016-06-20,21:15:00,2.91,2.9357,2.91,2.9357,200,0
2016-06-20,21:20:00,2.9114,2.9114,2.9114,2.9114,235,0
2016-06-20,21:25:00,2.91,2.91,2.9,2.91,3630,0
2016-06-20,21:30:00,2.91,2.93,2.9,2.9286,4810,0
2016-06-20,21:45:00,2.9298,2.9298,2.91,2.91,6379,0
2016-06-20,21:50:00,2.95,2.95,2.95,2.95,100,0
2016-06-20,21:55:00,2.93,2.98,2.93,2.98,5956,0
2016-06-20,22:00:00,2.98,2.98,2.97,2.98,4567,0
2016-06-21,15:35:00,2.97,2.97,2.95,2.95,2450,0
2016-06-21,15:40:00,2.94,2.97,2.91,2.96,2800,0
2016-06-21,15:50:00,2.94,2.97,2.94,2.9699,1100,0
2016-06-21,16:00:00,2.9487,2.9487,2.9487,2.9487,1010,0
2016-06-21,16:05:00,2.935,2.935,2.935,2.935,100,0
2016-06-21,16:10:00,2.9301,2.94,2.86,2.9,2200,0
2016-06-21,16:35:00,2.9,2.9,2.9,2.9,275,0
2016-06-21,16:40:00,2.9,2.9,2.9,2.9,200,0
2016-06-21,17:00:00,2.93,2.9399,2.93,2.93,3985,0
2016-06-21,17:10:00,2.934,2.934,2.92,2.92,700,0
2016-06-21,17:15:00,2.94,2.94,2.92,2.92,325,0
2016-06-21,17:20:00,2.9185,2.9185,2.9,2.9,2100,0
2016-06-21,17:25:00,2.92,2.92,2.91,2.91,200,0
2016-06-21,17:55:00,2.94,2.94,2.89,2.89,1900,0
2016-06-21,18:00:00,2.885,2.89,2.87,2.87,3500,0
2016-06-21,18:10:00,2.855,2.855,2.855,2.855,100,0
2016-06-21,18:25:00,2.87,2.87,2.87,2.87,100,0
2016-06-21,18:35:00,2.875,2.875,2.87,2.87,1900,0
2016-06-21,18:40:00,2.87,2.88,2.87,2.875,3300,0
2016-06-21,18:50:00,2.875,2.88,2.875,2.88,760,0
2016-06-21,18:55:00,2.875,2.875,2.875,2.875,500,0
2016-06-21,19:05:00,2.8785,2.89,2.8739,2.88,5770,0
2016-06-21,19:45:00,2.89,2.91,2.89,2.9,1100,0
2016-06-21,20:00:00,2.89,2.8901,2.85,2.88,14300,0
2016-06-21,20:05:00,2.8899,2.89,2.88,2.88,8100,0
2016-06-21,20:10:00,2.88,2.89,2.88,2.89,900,0
2016-06-21,20:15:00,2.89,2.93,2.89,2.9279,3730,0
2016-06-21,20:20:00,2.91,2.915,2.89,2.89,2300,0
2016-06-21,20:25:00,2.89,2.9,2.885,2.885,500,0
2016-06-21,20:30:00,2.88,2.88,2.87,2.88,5480,0
2016-06-21,20:45:00,2.89,2.89,2.89,2.89,200,0
2016-06-21,20:50:00,2.8999,2.8999,2.8999,2.8999,1000,0
2016-06-21,21:00:00,2.89,2.89,2.89,2.89,100,0
2016-06-21,21:15:00,2.89,2.89,2.88,2.88,1900,0
2016-06-21,21:35:00,2.88,2.89,2.88,2.89,576,0
2016-06-21,21:40:00,2.89,2.9,2.89,2.9,2100,0
2016-06-21,21:45:00,2.9,2.9,2.8908,2.9,1400,0
2016-06-21,21:50:00,2.9,2.9,2.88,2.9,5201,0
2016-06-21,21:55:00,2.9,2.93,2.9,2.925,16961,0
2016-06-21,22:00:00,2.9269,2.98,2.9269,2.98,6258,0
2016-06-22,15:35:00,2.99,3,2.97,3,4105,0
2016-06-22,15:45:00,2.97,2.97,2.97,2.97,200,0
2016-06-22,16:05:00,2.97,2.97,2.97,2.97,500,0
2016-06-22,16:10:00,2.95,2.95,2.95,2.95,200,0
2016-06-22,16:15:00,2.94,2.9499,2.94,2.945,800,0
2016-06-22,16:20:00,2.95,2.95,2.95,2.95,400,0
2016-06-22,16:30:00,2.9647,2.9647,2.9647,2.9647,2000,0
2016-06-22,16:35:00,2.97,2.97,2.97,2.97,200,0
2016-06-22,16:40:00,2.9885,2.9885,2.9885,2.9885,5000,0
2016-06-22,16:45:00,2.99,3,2.97,2.97,6200,0
2016-06-22,17:00:00,2.9808,2.9808,2.9808,2.9808,1195,0
2016-06-22,17:05:00,2.9752,3,2.9752,3,16991,0
2016-06-22,17:10:00,3.01,3.07,3,3.07,14981,0
2016-06-22,17:15:00,3.07,3.07,3.05,3.05,3300,0
2016-06-22,17:20:00,3.04,3.08,3.0375,3.07,6500,0
2016-06-22,17:25:00,3.09,3.11,3.09,3.09,20700,0
2016-06-22,17:30:00,3.09,3.09,3.0899,3.09,2350,0
2016-06-22,17:35:00,3.09,3.09,3.06,3.06,15690,0
2016-06-22,17:40:00,3.05,3.05,3,3.03,5905,0
2016-06-22,17:45:00,3.03,3.045,3.03,3.045,400,0
2016-06-22,17:50:00,3.03,3.06,3.03,3.03,8300,0
2016-06-22,18:00:00,3.0352,3.0352,3.03,3.03,7300,0
2016-06-22,18:05:00,3.04,3.04,3.04,3.04,300,0
2016-06-22,18:10:00,3.04,3.04,3.01,3.01,2200,0
2016-06-22,18:15:00,3.02,3.02,3,3,1700,0
2016-06-22,18:20:00,3,3,3,3,100,0
2016-06-22,18:25:00,3,3,2.99,2.99,300,0
2016-06-22,18:55:00,2.9501,2.9501,2.9501,2.9501,1000,0
2016-06-22,19:00:00,2.96,2.96,2.96,2.96,100,0
2016-06-22,19:10:00,2.95,2.95,2.94,2.95,2600,0
2016-06-22,19:30:00,2.95,2.95,2.95,2.95,300,0
2016-06-22,19:50:00,2.9401,2.95,2.9401,2.95,1095,0
2016-06-22,19:55:00,2.94,2.94,2.93,2.93,2200,0
2016-06-22,20:00:00,2.93,2.93,2.93,2.93,100,0
2016-06-22,20:05:00,2.92,2.93,2.92,2.93,600,0
2016-06-22,20:10:00,2.945,2.945,2.945,2.945,3000,0
2016-06-22,20:20:00,2.96,2.96,2.94,2.94,300,0
2016-06-22,20:35:00,2.9302,2.9302,2.9302,2.9302,900,0
2016-06-22,20:40:00,2.95,2.95,2.95,2.95,100,0
2016-06-22,20:50:00,2.93,2.95,2.93,2.95,2145,0
2016-06-22,21:10:00,2.96,2.96,2.96,2.96,100,0
2016-06-22,21:20:00,2.97,2.97,2.97,2.97,100,0
2016-06-22,21:25:00,2.93,2.93,2.92,2.92,400,0
2016-06-22,21:30:00,2.9,2.9,2.9,2.9,100,0
2016-06-22,21:35:00,2.96,2.96,2.96,2.96,100,0
2016-06-22,21:50:00,2.94,2.94,2.94,2.94,100,0
2016-06-22,21:55:00,2.96,3,2.96,3,6304,0
2016-06-22,22:00:00,3.003,3.02,2.99,3,12151,0
2016-06-23,15:35:00,3,3,3,3,6329,0
2016-06-23,15:40:00,2.95,2.95,2.95,2.95,500,0
2016-06-23,15:45:00,2.95,2.95,2.9,2.9001,5001,0
2016-06-23,16:10:00,2.99,2.99,2.98,2.98,300,0
2016-06-23,16:15:00,2.9795,2.9795,2.9795,2.9795,200,0
2016-06-23,16:25:00,2.92,2.9534,2.92,2.9534,1400,0
2016-06-23,16:40:00,2.9648,2.9648,2.9648,2.9648,500,0
2016-06-23,16:45:00,3,3,3,3,100,0
2016-06-23,17:00:00,2.99,2.99,2.94,2.94,200,0
2016-06-23,17:05:00,2.995,2.995,2.93,2.93,2820,0
2016-06-23,17:15:00,2.98,2.98,2.9,2.905,6357,0
2016-06-23,17:20:00,2.98,2.98,2.98,2.98,100,0
2016-06-23,17:35:00,2.97,2.97,2.97,2.97,100,0
2016-06-23,17:40:00,2.92,2.92,2.92,2.92,100,0
2016-06-23,18:05:00,2.95,2.95,2.95,2.95,200,0
2016-06-23,18:30:00,3,3,3,3,100,0
2016-06-23,18:35:00,2.9614,2.9614,2.9614,2.9614,5000,0
2016-06-23,18:55:00,2.929,2.929,2.929,2.929,1000,0
2016-06-23,19:00:00,2.9201,2.9201,2.92,2.92,1950,0
2016-06-23,19:05:00,2.96,2.96,2.9,2.9428,4100,0
2016-06-23,19:10:00,2.94,2.955,2.94,2.95,1400,0
2016-06-23,19:15:00,2.97,2.97,2.97,2.97,100,0
2016-06-23,19:30:00,2.97,2.97,2.97,2.97,100,0
2016-06-23,19:45:00,2.97,2.97,2.95,2.95,2660,0
2016-06-23,19:55:00,2.94,2.94,2.94,2.94,100,0
2016-06-23,20:15:00,2.9531,2.9531,2.9531,2.9531,100,0
2016-06-23,20:35:00,2.97,2.97,2.97,2.97,300,0
2016-06-23,20:50:00,2.95,2.9634,2.95,2.9634,750,0
2016-06-23,20:55:00,2.96,2.97,2.96,2.97,668,0
2016-06-23,21:05:00,2.98,2.98,2.98,2.98,200,0
2016-06-23,21:15:00,2.9799,2.9799,2.9799,2.9799,2000,0
2016-06-23,21:20:00,2.97,2.98,2.97,2.98,200,0
2016-06-23,21:25:00,2.98,2.98,2.98,2.98,300,0
2016-06-23,21:30:00,2.97,2.98,2.97,2.97,1760,0
2016-06-23,21:35:00,2.97,2.975,2.97,2.975,4100,0
2016-06-23,21:40:00,2.95,2.95,2.95,2.95,100,0
2016-06-23,21:45:00,2.97,2.97,2.9699,2.9699,400,0
2016-06-23,21:50:00,2.97,2.971,2.97,2.971,500,0
2016-06-23,21:55:00,2.98,2.995,2.975,2.98,11838,0
2016-06-23,22:00:00,2.98,3.01,2.953,3.01,39363,0
2016-06-24,15:35:00,2.86,2.86,2.86,2.86,4440,0
2016-06-24,15:40:00,2.87,2.87,2.85,2.85,5260,0
2016-06-24,15:50:00,2.9,2.9,2.8846,2.89,1835,0
2016-06-24,16:00:00,2.9,2.9076,2.9,2.9076,7640,0
2016-06-24,16:05:00,2.9124,2.95,2.9124,2.95,8500,0
2016-06-24,16:10:00,2.95,2.96,2.95,2.96,500,0
2016-06-24,16:15:00,2.97,2.99,2.97,2.97,15000,0
2016-06-24,16:20:00,2.98,2.99,2.95,2.965,11200,0
2016-06-24,16:25:00,2.965,2.965,2.965,2.965,100,0
2016-06-24,16:30:00,2.98,2.99,2.98,2.99,538,0
2016-06-24,16:35:00,2.99,3,2.99,3,13500,0
2016-06-24,16:45:00,2.9628,3,2.9628,3,1300,0
2016-06-24,16:50:00,2.9899,2.9899,2.9899,2.9899,500,0
2016-06-24,16:55:00,2.99,3.01,2.98,3.0001,23134,0
2016-06-24,17:00:00,3,3.01,2.98,2.991,10928,0
2016-06-24,17:05:00,3,3,3,3,600,0
2016-06-24,17:10:00,3,3,2.99,2.99,1200,0
2016-06-24,17:15:00,3,3,3,3,200,0
2016-06-24,17:20:00,2.99,2.99,2.99,2.99,100,0
2016-06-24,17:25:00,3,3,3,3,200,0
2016-06-24,17:30:00,2.9999,2.9999,2.9999,2.9999,4500,0
2016-06-24,17:35:00,2.98,2.9999,2.98,2.9999,700,0
2016-06-24,17:50:00,2.9601,2.9601,2.9601,2.9601,109,0
2016-06-24,18:05:00,2.98,2.98,2.96,2.96,900,0
2016-06-24,18:10:00,2.98,2.98,2.96,2.965,2600,0
2016-06-24,18:15:00,2.95,2.965,2.95,2.95,30500,0
2016-06-24,18:25:00,2.96,2.96,2.96,2.96,100,0
2016-06-24,18:30:00,2.95,2.95,2.95,2.95,200,0
2016-06-24,18:35:00,2.95,2.95,2.945,2.95,3100,0
2016-06-24,18:40:00,2.95,2.95,2.94,2.95,1800,0
2016-06-24,18:45:00,2.95,2.95,2.95,2.95,400,0
2016-06-24,18:50:00,2.95,2.95,2.95,2.95,400,0
2016-06-24,18:55:00,2.96,2.975,2.95,2.95,1100,0
2016-06-24,19:00:00,2.97,2.97,2.95,2.95,200,0
2016-06-24,19:15:00,2.9793,2.99,2.9793,2.99,845,0
2016-06-24,19:25:00,2.96,2.97,2.96,2.97,1500,0
2016-06-24,19:30:00,2.97,2.97,2.97,2.97,400,0
2016-06-24,19:35:00,2.97,2.97,2.97,2.97,400,0
2016-06-24,19:40:00,2.95,2.95,2.95,2.95,300,0
2016-06-24,19:45:00,2.94,2.94,2.94,2.94,1800,0
2016-06-24,19:50:00,2.94,2.94,2.94,2.94,200,0
2016-06-24,19:55:00,2.94,2.9414,2.94,2.94,8848,0
2016-06-24,20:00:00,2.9544,2.9544,2.9544,2.9544,2000,0
2016-06-24,20:10:00,2.94,2.94,2.94,2.94,4250,0
2016-06-24,20:15:00,2.94,2.94,2.94,2.94,8100,0
2016-06-24,20:20:00,2.94,2.94,2.94,2.94,500,0
2016-06-24,20:25:00,2.94,2.94,2.94,2.94,4000,0
2016-06-24,20:40:00,2.9133,2.9133,2.9133,2.9133,3000,0
2016-06-24,21:05:00,2.91,2.91,2.91,2.91,100,0
2016-06-24,21:10:00,2.9,2.9,2.9,2.9,400,0
2016-06-24,21:25:00,2.93,2.93,2.93,2.93,100,0
2016-06-24,21:40:00,2.93,2.93,2.93,2.93,100,0
2016-06-24,21:45:00,2.921,2.921,2.921,2.921,200,0
2016-06-24,21:50:00,2.92,2.92,2.92,2.92,100,0
2016-06-24,21:55:00,2.92,2.97,2.915,2.97,15928,0
2016-06-24,22:00:00,2.98,3,2.95,2.99,34590,0
2016-06-27,15:35:00,2.95,2.95,2.95,2.95,761,0
2016-06-27,15:55:00,2.8898,2.8898,2.8898,2.8898,2640,0
2016-06-27,16:00:00,2.874,2.88,2.87,2.88,1305,0
2016-06-27,16:05:00,2.87,2.9199,2.87,2.9199,7100,0
2016-06-27,16:20:00,2.9,2.9,2.87,2.89,3968,0
2016-06-27,16:30:00,2.8687,2.8687,2.8678,2.8678,1600,0
2016-06-27,16:35:00,2.9,2.9,2.85,2.85,2280,0
2016-06-27,16:40:00,2.86,2.86,2.86,2.86,100,0
2016-06-27,16:50:00,2.8752,2.89,2.85,2.85,4202,0
2016-06-27,17:20:00,2.86,2.89,2.86,2.89,500,0
2016-06-27,17:35:00,2.86,2.86,2.85,2.85,4195,0
2016-06-27,17:40:00,2.85,2.89,2.85,2.89,1418,0
2016-06-27,18:05:00,2.877,2.88,2.865,2.8792,5300,0
2016-06-27,18:10:00,2.8799,2.8799,2.87,2.87,2710,0
2016-06-27,18:15:00,2.86,2.86,2.86,2.86,800,0
2016-06-27,18:25:00,2.89,2.89,2.88,2.88,300,0
2016-06-27,18:35:00,2.865,2.865,2.865,2.865,1000,0
2016-06-27,18:45:00,2.89,2.89,2.89,2.89,100,0
2016-06-27,19:10:00,2.88,2.88,2.88,2.88,1000,0
2016-06-27,19:15:00,2.89,2.89,2.89,2.89,100,0
2016-06-27,19:20:00,2.8564,2.8564,2.8564,2.8564,510,0
2016-06-27,19:25:00,2.85,2.87,2.85,2.87,6525,0
2016-06-27,19:30:00,2.87,2.87,2.86,2.86,300,0
2016-06-27,19:35:00,2.88,2.88,2.88,2.88,100,0
2016-06-27,19:40:00,2.8511,2.86,2.85,2.86,7000,0
2016-06-27,19:45:00,2.85,2.85,2.85,2.85,2453,0
2016-06-27,19:50:00,2.87,2.87,2.85,2.85,200,0
2016-06-27,20:05:00,2.87,2.87,2.85,2.85,10700,0
2016-06-27,20:10:00,2.84,2.84,2.84,2.84,900,0
2016-06-27,20:15:00,2.8411,2.8421,2.84,2.84,4500,0
2016-06-27,20:20:00,2.84,2.842,2.84,2.842,400,0
2016-06-27,20:25:00,2.84,2.84,2.84,2.84,1400,0
2016-06-27,20:35:00,2.84,2.84,2.84,2.84,130,0
2016-06-27,20:40:00,2.86,2.86,2.85,2.85,500,0
2016-06-27,20:45:00,2.85,2.8501,2.85,2.85,5600,0
2016-06-27,20:50:00,2.85,2.85,2.84,2.84,400,0
2016-06-27,20:55:00,2.84,2.848,2.838,2.848,7600,0
2016-06-27,21:00:00,2.87,2.87,2.83,2.8339,13600,0
2016-06-27,21:10:00,2.839,2.88,2.835,2.8799,14178,0
2016-06-27,21:15:00,2.88,2.88,2.88,2.88,200,0
2016-06-27,21:20:00,2.88,2.88,2.88,2.88,500,0
2016-06-27,21:25:00,2.8799,2.8799,2.85,2.859,700,0
2016-06-27,21:30:00,2.88,2.88,2.88,2.88,100,0
2016-06-27,21:35:00,2.8573,2.8573,2.8573,2.8573,300,0
2016-06-27,21:40:00,2.87,2.87,2.87,2.87,200,0
2016-06-27,21:45:00,2.868,2.87,2.868,2.87,300,0
2016-06-27,21:50:00,2.87,2.87,2.87,2.87,100,0
2016-06-27,21:55:00,2.85,2.86,2.85,2.86,6182,0
2016-06-27,22:00:00,2.85,2.9,2.85,2.9,15999,0
2016-06-28,15:35:00,2.94,2.94,2.9361,2.9361,2316,0
2016-06-28,15:40:00,2.94,2.94,2.94,2.94,3495,0
2016-06-28,15:45:00,2.978,2.978,2.978,2.978,250,0
2016-06-28,15:50:00,2.98,2.98,2.98,2.98,100,0
2016-06-28,15:55:00,2.94,2.9401,2.94,2.9401,3794,0
2016-06-28,16:00:00,2.94,2.94,2.93,2.93,1400,0
2016-06-28,16:05:00,2.9599,2.9599,2.9599,2.9599,1500,0
2016-06-28,16:10:00,2.96,2.96,2.94,2.95,8280,0
2016-06-28,16:15:00,2.93,2.9499,2.93,2.9499,3300,0
2016-06-28,16:25:00,2.95,2.96,2.95,2.96,960,0
2016-06-28,16:30:00,2.9599,2.9599,2.95,2.95,7100,0
2016-06-28,16:35:00,2.95,2.95,2.95,2.95,400,0
2016-06-28,16:45:00,2.95,2.95,2.95,2.95,100,0
2016-06-28,16:55:00,2.9335,2.9335,2.9335,2.9335,444,0
2016-06-28,17:05:00,2.93,2.93,2.93,2.93,100,0
2016-06-28,17:10:00,2.94,2.96,2.94,2.95,5800,0
2016-06-28,17:25:00,2.96,2.96,2.96,2.96,600,0
2016-06-28,17:30:00,2.9579,2.96,2.95,2.95,12740,0
2016-06-28,17:35:00,2.93,2.93,2.93,2.93,100,0
2016-06-28,17:40:00,2.94,2.94,2.94,2.94,100,0
2016-06-28,17:45:00,2.9496,2.9496,2.9496,2.9496,200,0
2016-06-28,17:55:00,2.96,2.96,2.9579,2.9579,2200,0
2016-06-28,18:00:00,2.95,2.96,2.95,2.9534,1524,0
2016-06-28,18:05:00,2.96,2.96,2.955,2.955,989,0
2016-06-28,18:10:00,2.96,2.96,2.96,2.96,3482,0
2016-06-28,18:15:00,2.96,2.96,2.96,2.96,600,0
2016-06-28,18:25:00,2.96,2.96,2.96,2.96,200,0
2016-06-28,18:30:00,2.96,2.96,2.95,2.95,900,0
2016-06-28,19:00:00,2.95,2.95,2.95,2.95,100,0
2016-06-28,19:30:00,2.94,2.95,2.94,2.95,300,0
2016-06-28,19:40:00,2.95,2.95,2.95,2.95,100,0
2016-06-28,19:45:00,2.95,2.95,2.95,2.95,10000,0
2016-06-28,19:55:00,2.95,2.95,2.95,2.95,100,0
2016-06-28,20:05:00,2.94,2.94,2.94,2.94,100,0
2016-06-28,20:45:00,2.95,2.95,2.9399,2.9399,2600,0
2016-06-28,20:50:00,2.92,2.92,2.92,2.92,100,0
2016-06-28,21:00:00,2.93,2.93,2.93,2.93,100,0
2016-06-28,21:05:00,2.93,2.93,2.93,2.93,200,0
2016-06-28,21:15:00,2.93,2.93,2.93,2.93,200,0
2016-06-28,21:25:00,2.935,2.95,2.93,2.95,16215,0
2016-06-28,21:30:00,2.95,2.95,2.95,2.95,1000,0
2016-06-28,21:35:00,2.949,2.95,2.949,2.95,1700,0
2016-06-28,21:40:00,2.95,2.95,2.9401,2.9401,800,0
2016-06-28,21:45:00,2.95,2.97,2.9499,2.97,18534,0
2016-06-28,21:50:00,2.975,3,2.975,2.995,2817,0
2016-06-28,21:55:00,2.99,3,2.9601,2.9601,3891,0
2016-06-28,22:00:00,2.97,3.01,2.97,3,5455,0
2016-06-29,15:35:00,3,3,2.95,2.95,8050,0
2016-06-29,15:40:00,2.9965,2.9965,2.95,2.966,2000,0
2016-06-29,15:45:00,2.96,2.9899,2.96,2.9899,275,0
2016-06-29,16:05:00,2.96,2.9603,2.95,2.95,700,0
2016-06-29,16:10:00,2.96,2.96,2.95,2.95,1800,0
2016-06-29,16:20:00,2.95,2.97,2.95,2.95,2150,0
2016-06-29,16:25:00,2.95,2.99,2.95,2.95,14100,0
2016-06-29,16:30:00,2.9899,2.9899,2.9899,2.9899,245,0
2016-06-29,16:35:00,2.95,2.96,2.95,2.96,200,0
2016-06-29,16:40:00,2.9799,2.9799,2.95,2.95,1675,0
2016-06-29,16:50:00,2.9602,2.975,2.95,2.95,2358,0
2016-06-29,16:55:00,2.9501,2.9501,2.95,2.95,350,0
2016-06-29,17:05:00,2.9799,2.9799,2.95,2.95,2007,0
2016-06-29,17:25:00,2.98,2.98,2.98,2.98,300,0
2016-06-29,17:30:00,2.98,2.98,2.96,2.96,400,0
2016-06-29,17:40:00,2.97,2.974,2.96,2.974,400,0
2016-06-29,17:45:00,2.96,2.96,2.96,2.96,100,0
2016-06-29,18:00:00,2.98,2.98,2.96,2.96,2800,0
2016-06-29,18:05:00,2.9834,2.9834,2.97,2.975,1200,0
2016-06-29,18:15:00,2.9899,2.9899,2.97,2.97,4700,0
2016-06-29,18:20:00,2.99,2.99,2.99,2.99,1800,0
2016-06-29,18:25:00,3,3,2.99,2.99,700,0
2016-06-29,18:30:00,2.98,2.99,2.9701,2.9701,1000,0
2016-06-29,19:20:00,2.96,2.96,2.96,2.96,200,0
2016-06-29,19:25:00,2.961,2.975,2.96,2.96,2175,0
2016-06-29,19:30:00,2.99,2.99,2.99,2.99,200,0
2016-06-29,19:45:00,3,3,2.98,2.98,3900,0
2016-06-29,19:55:00,3,3,2.98,2.98,1600,0
2016-06-29,20:00:00,2.99,3,2.95,2.9676,16270,0
2016-06-29,20:05:00,2.96,2.98,2.96,2.98,1300,0
2016-06-29,20:10:00,2.98,2.98,2.98,2.98,300,0
2016-06-29,20:15:00,2.99,3,2.99,3,11676,0
2016-06-29,20:20:00,3,3,2.979,2.979,350,0
2016-06-29,20:25:00,3,3,3,3,400,0
2016-06-29,20:40:00,3,3,3,3,200,0
2016-06-29,20:50:00,3,3,3,3,600,0
2016-06-29,21:00:00,3,3,3,3,1600,0
2016-06-29,21:10:00,3,3,2.99,2.9974,10380,0
2016-06-29,21:25:00,3,3,2.9999,3,1145,0
2016-06-29,21:30:00,3,3,2.9925,3,4462,0
2016-06-29,21:35:00,3,3,2.9801,2.9801,2000,0
2016-06-29,21:40:00,3,3,3,3,1000,0
2016-06-29,21:50:00,2.98,2.98,2.98,2.98,300,0
2016-06-29,22:00:00,2.983,3,2.983,3,3494,0
2016-06-30,15:35:00,2.98,2.98,2.98,2.98,140,0
2016-06-30,15:40:00,2.96,2.96,2.96,2.96,300,0
2016-06-30,15:45:00,2.96,2.96,2.96,2.96,400,0
2016-06-30,15:50:00,2.96,2.9999,2.96,2.96,3157,0
2016-06-30,16:05:00,2.9701,2.9701,2.97,2.97,312,0
2016-06-30,16:15:00,3,3,3,3,200,0
2016-06-30,16:25:00,2.9887,3,2.97,2.97,1900,0
2016-06-30,16:35:00,3,3,3,3,100,0
2016-06-30,16:50:00,2.997,2.997,2.97,2.97,1152,0
2016-06-30,16:55:00,3,3,2.98,2.98,1100,0
2016-06-30,17:00:00,2.9901,2.9901,2.965,2.98,1400,0
2016-06-30,17:10:00,3,3,2.99,2.99,2400,0
2016-06-30,17:15:00,3,3,3,3,200,0
2016-06-30,17:20:00,2.99,2.99,2.96,2.96,500,0
2016-06-30,17:35:00,2.98,2.9999,2.98,2.98,1699,0
2016-06-30,18:00:00,3,3,2.99,2.99,2300,0
2016-06-30,18:05:00,2.9937,2.9937,2.99,2.99,2300,0
2016-06-30,18:15:00,3,3,2.99,3,2360,0
2016-06-30,18:20:00,2.9983,2.9983,2.99,2.99,1486,0
2016-06-30,18:25:00,3,3,2.99,2.99,1500,0
2016-06-30,18:30:00,3,3,2.99,2.99,1522,0
2016-06-30,18:35:00,3,3,3,3,600,0
2016-06-30,18:40:00,2.99,3,2.99,2.993,3900,0
2016-06-30,18:45:00,2.9916,2.9916,2.99,2.99,1800,0
2016-06-30,18:55:00,3,3,2.99,2.99,2041,0
2016-06-30,19:00:00,3,3,2.99,2.99,700,0
2016-06-30,19:05:00,3,3,3,3,200,0
2016-06-30,19:10:00,2.9961,2.9961,2.99,2.99,350,0
2016-06-30,19:20:00,2.999,2.999,2.99,2.99,1000,0
2016-06-30,19:25:00,3,3,3,3,400,0
2016-06-30,19:30:00,3,3,2.99,3,400,0
2016-06-30,19:40:00,3,3,2.99,3,800,0
2016-06-30,20:15:00,2.99,2.99,2.99,2.99,100,0
2016-06-30,20:20:00,2.99,2.993,2.99,2.993,400,0
2016-06-30,20:30:00,3,3,2.9901,2.9901,200,0
2016-06-30,20:50:00,2.995,2.995,2.9701,2.98,4700,0
2016-06-30,20:55:00,2.98,2.98,2.98,2.98,200,0
2016-06-30,21:05:00,2.98,2.9887,2.97,2.97,1750,0
2016-06-30,21:20:00,2.98,2.9801,2.98,2.9801,1800,0
2016-06-30,21:25:00,3,3,3,3,100,0
2016-06-30,21:40:00,2.98,2.9801,2.98,2.9801,4900,0
2016-06-30,21:50:00,2.989,2.989,2.97,2.97,3900,0
2016-06-30,21:55:00,2.9701,2.99,2.97,2.98,6500,0
2016-06-30,22:00:00,2.98,2.99,2.97,2.99,4922,0
2016-07-01,15:35:00,3,3,3,3,25600,0
2016-07-01,15:40:00,3,3.04,3,3.04,83687,0
2016-07-01,15:45:00,3.03,3.0401,3.01,3.02,26680,0
2016-07-01,15:50:00,3.01,3.02,3,3.01,19150,0
2016-07-01,15:55:00,3.01,3.01,2.98,2.98,3200,0
2016-07-01,16:00:00,3,3,2.98,2.98,300,0
2016-07-01,16:10:00,3,3,2.99,3,3200,0
2016-07-01,16:15:00,2.99,3,2.99,3,6160,0
2016-07-01,16:20:00,3,3,3,3,1300,0
2016-07-01,16:25:00,3,3,2.995,3,2700,0
2016-07-01,16:30:00,3,3,2.9999,2.9999,2300,0
2016-07-01,16:35:00,2.9965,2.9965,2.9965,2.9965,400,0
2016-07-01,16:40:00,2.9999,3,2.9925,3,24111,0
2016-07-01,16:45:00,3,3.04,3,3.01,10570,0
2016-07-01,16:50:00,3.04,3.04,3.02,3.025,11548,0
2016-07-01,16:55:00,3.03,3.03,3.02,3.026,2500,0
2016-07-01,17:10:00,3.0343,3.04,3.03,3.04,1670,0
2016-07-01,17:15:00,3.04,3.04,3.0245,3.0245,470,0
2016-07-01,17:20:00,3.02,3.02,3,3,23165,0
2016-07-01,17:30:00,2.98,3,2.98,3,10700,0
2016-07-01,17:35:00,3,3,2.9699,2.9699,22100,0
2016-07-01,17:40:00,2.98,2.98,2.9328,2.9328,900,0
2016-07-01,17:50:00,2.94,2.94,2.94,2.94,1106,0
2016-07-01,17:55:00,2.95,2.96,2.95,2.96,300,0
2016-07-01,18:00:00,2.97,2.98,2.97,2.98,300,0
2016-07-01,18:05:00,2.98,2.98,2.98,2.98,200,0
2016-07-01,18:20:00,2.98,2.98,2.98,2.98,300,0
2016-07-01,18:25:00,2.97,2.97,2.97,2.97,200,0
2016-07-01,18:35:00,2.98,2.98,2.98,2.98,300,0
2016-07-01,18:40:00,2.97,2.9733,2.96,2.96,2387,0
2016-07-01,19:05:00,2.96,2.96,2.95,2.95,300,0
2016-07-01,19:25:00,2.95,2.95,2.95,2.95,200,0
2016-07-01,19:40:00,2.96,2.96,2.96,2.96,100,0
2016-07-01,19:55:00,2.98,2.98,2.98,2.98,200,0
2016-07-01,20:00:00,2.98,2.99,2.98,2.99,300,0
2016-07-01,20:10:00,2.99,2.99,2.99,2.99,1000,0
2016-07-01,20:15:00,2.98,2.98,2.98,2.98,100,0
2016-07-01,20:25:00,2.99,2.99,2.99,2.99,100,0
2016-07-01,20:30:00,2.99,2.99,2.99,2.99,100,0
2016-07-01,20:40:00,2.99,2.99,2.98,2.98,700,0
2016-07-01,20:45:00,2.98,2.98,2.98,2.98,500,0
2016-07-01,20:50:00,2.97,2.9775,2.97,2.9775,1700,0
2016-07-01,21:10:00,2.99,2.99,2.99,2.99,1800,0
2016-07-01,21:25:00,2.99,2.99,2.99,2.99,100,0
2016-07-01,21:30:00,2.98,2.99,2.98,2.99,4200,0
2016-07-01,21:35:00,2.98,2.99,2.98,2.99,1199,0
2016-07-01,21:40:00,3,3,3,3,1100,0
2016-07-01,21:45:00,2.99,3,2.99,3,1900,0
2016-07-01,21:50:00,3,3,2.99,3,3100,0
2016-07-01,21:55:00,2.99,3,2.99,3,1307,0
2016-07-01,22:00:00,3,3.01,2.98,3.01,27083,0
2016-07-05,15:35:00,3,3,2.9401,2.95,12727,0
2016-07-05,15:40:00,2.9799,2.9799,2.96,2.96,2407,0
2016-07-05,15:45:00,2.96,2.97,2.96,2.97,1200,0
2016-07-05,15:50:00,2.975,2.975,2.975,2.975,1007,0
2016-07-05,16:05:00,2.98,2.99,2.98,2.986,6400,0
2016-07-05,16:10:00,2.98,2.98,2.9404,2.9404,1850,0
2016-07-05,16:15:00,2.94,2.94,2.93,2.93,300,0
2016-07-05,16:20:00,2.93,2.93,2.93,2.93,400,0
2016-07-05,16:25:00,2.93,2.93,2.92,2.9286,3587,0
2016-07-05,16:30:00,2.91,2.9299,2.91,2.9299,1170,0
2016-07-05,16:35:00,2.922,2.93,2.922,2.93,600,0
2016-07-05,16:40:00,2.93,2.9392,2.93,2.9392,685,0
2016-07-05,16:45:00,2.94,2.95,2.936,2.936,1325,0
2016-07-05,16:50:00,2.94,2.94,2.9288,2.9288,752,0
2016-07-05,16:55:00,2.93,2.93,2.93,2.93,300,0
2016-07-05,17:00:00,2.92,2.93,2.92,2.93,300,0
2016-07-05,17:05:00,2.921,2.94,2.921,2.94,1100,0
2016-07-05,17:10:00,2.94,2.94,2.94,2.94,300,0
2016-07-05,17:25:00,2.94,2.97,2.92,2.97,8638,0
2016-07-05,17:30:00,2.927,2.927,2.927,2.927,788,0
2016-07-05,17:35:00,2.92,2.92,2.92,2.92,955,0
2016-07-05,17:45:00,2.94,2.94,2.94,2.94,100,0
2016-07-05,17:50:00,2.96,2.96,2.93,2.93,500,0
2016-07-05,18:00:00,2.93,2.93,2.93,2.93,100,0
2016-07-05,18:05:00,2.93,2.93,2.93,2.93,100,0
2016-07-05,18:10:00,2.93,2.93,2.93,2.93,300,0
2016-07-05,18:20:00,2.93,2.93,2.93,2.93,100,0
2016-07-05,18:55:00,2.94,2.94,2.9399,2.9399,325,0
2016-07-05,19:00:00,2.92,2.92,2.92,2.92,200,0
2016-07-05,19:10:00,2.92,2.93,2.92,2.93,200,0
2016-07-05,19:15:00,2.93,2.9428,2.93,2.94,800,0
2016-07-05,19:20:00,2.93,2.93,2.93,2.93,100,0
2016-07-05,19:30:00,2.93,2.97,2.93,2.96,3400,0
2016-07-05,19:35:00,2.94,2.94,2.94,2.94,100,0
2016-07-05,19:40:00,2.95,2.95,2.95,2.95,100,0
2016-07-05,19:45:00,2.94,2.94,2.94,2.94,100,0
2016-07-05,19:50:00,2.94,2.95,2.94,2.95,950,0
2016-07-05,19:55:00,2.9446,2.9446,2.9446,2.9446,540,0
2016-07-05,20:10:00,2.94,2.94,2.94,2.94,200,0
2016-07-05,20:40:00,2.935,2.9478,2.935,2.9478,2775,0
2016-07-05,20:45:00,2.95,2.95,2.95,2.95,1700,0
2016-07-05,20:50:00,2.95,2.95,2.95,2.95,200,0
2016-07-05,20:55:00,2.95,2.95,2.94,2.95,550,0
2016-07-05,21:00:00,2.95,2.95,2.95,2.95,100,0
2016-07-05,21:05:00,2.95,2.95,2.95,2.95,800,0
2016-07-05,21:10:00,2.95,2.95,2.95,2.95,200,0
2016-07-05,21:15:00,2.95,2.95,2.94,2.94,500,0
2016-07-05,21:20:00,2.94,2.94,2.94,2.94,100,0
2016-07-05,21:25:00,2.946,2.9499,2.946,2.9499,1242,0
2016-07-05,21:30:00,2.945,2.95,2.945,2.95,400,0
2016-07-05,21:35:00,2.95,2.95,2.95,2.95,700,0
2016-07-05,21:40:00,2.95,2.95,2.94,2.94,1900,0
2016-07-05,21:50:00,2.95,2.98,2.94,2.95,8500,0
2016-07-05,21:55:00,2.94,2.94,2.92,2.92,2485,0
2016-07-05,22:00:00,2.9201,2.94,2.92,2.92,3346,0
2016-07-06,15:35:00,2.9,2.9,2.9,2.9,110,0
2016-07-06,15:55:00,2.94,2.94,2.94,2.94,100,0
2016-07-06,16:00:00,2.9499,2.9499,2.93,2.93,600,0
2016-07-06,16:10:00,2.92,2.92,2.92,2.92,100,0
2016-07-06,16:15:00,2.9286,2.9286,2.91,2.9271,2870,0
2016-07-06,16:20:00,2.928,2.928,2.91,2.91,600,0
2016-07-06,16:25:00,2.9302,2.94,2.9302,2.94,8790,0
2016-07-06,16:30:00,2.93,2.93,2.91,2.91,4000,0
2016-07-06,16:35:00,2.91,2.91,2.91,2.91,200,0
2016-07-06,16:40:00,2.91,2.91,2.91,2.91,400,0
2016-07-06,16:45:00,2.9,2.903,2.884,2.8985,7352,0
2016-07-06,17:00:00,2.89,2.89,2.87,2.87,1000,0
2016-07-06,17:05:00,2.87,2.87,2.85,2.85,5320,0
2016-07-06,17:10:00,2.88,2.91,2.87,2.87,21330,0
2016-07-06,17:15:00,2.91,2.91,2.91,2.91,1000,0
2016-07-06,17:25:00,2.91,2.91,2.91,2.91,100,0
2016-07-06,17:45:00,2.91,2.91,2.91,2.91,300,0
2016-07-06,17:50:00,2.8916,2.8916,2.8916,2.8916,1000,0
2016-07-06,18:00:00,2.89,2.89,2.89,2.89,600,0
2016-07-06,18:10:00,2.9,2.9,2.9,2.9,100,0
2016-07-06,18:25:00,2.8974,2.9,2.89,2.9,2500,0
2016-07-06,18:30:00,2.9,2.94,2.9,2.9,10614,0
2016-07-06,18:35:00,2.9289,2.9289,2.9289,2.9289,1000,0
2016-07-06,18:40:00,2.93,2.93,2.93,2.93,980,0
2016-07-06,18:45:00,2.9348,2.9348,2.9348,2.9348,1000,0
2016-07-06,19:00:00,2.9318,2.9318,2.9318,2.9318,1500,0
2016-07-06,19:15:00,2.94,2.94,2.94,2.94,100,0
2016-07-06,19:25:00,2.94,2.95,2.93,2.95,1900,0
2016-07-06,19:35:00,2.95,2.95,2.935,2.935,1100,0
2016-07-06,19:50:00,2.95,2.95,2.94,2.94,1023,0
2016-07-06,20:10:00,2.92,2.92,2.92,2.92,100,0
2016-07-06,20:20:00,2.925,2.93,2.925,2.93,400,0
2016-07-06,20:25:00,2.95,2.9501,2.95,2.95,3500,0
2016-07-06,20:30:00,2.96,2.99,2.96,2.9792,2580,0
2016-07-06,20:35:00,2.98,2.99,2.975,2.99,8756,0
2016-07-06,20:40:00,2.988,2.988,2.981,2.981,2942,0
2016-07-06,20:45:00,2.99,3,2.99,3,8360,0
2016-07-06,20:50:00,3,3,2.9937,3,4200,0
2016-07-06,21:00:00,3,3,2.991,2.991,3000,0
2016-07-06,21:05:00,2.99,3,2.98,3,7798,0
2016-07-06,21:10:00,3,3,2.99,2.99,780,0
2016-07-06,21:40:00,2.99,2.99,2.99,2.99,600,0
2016-07-06,21:45:00,3,3,3,3,100,0
2016-07-06,21:50:00,3,3,3,3,300,0
2016-07-06,21:55:00,3,3,3,3,100,0
2016-07-06,22:00:00,2.99,3,2.97,2.97,4238,0
2016-07-07,15:35:00,2.97,2.97,2.97,2.97,699,0
2016-07-07,15:40:00,2.98,2.98,2.975,2.9799,5600,0
2016-07-07,16:00:00,2.96,2.98,2.96,2.9601,2250,0
2016-07-07,16:10:00,2.9704,2.9704,2.95,2.95,4000,0
2016-07-07,16:40:00,2.93,2.93,2.93,2.93,100,0
2016-07-07,17:00:00,2.9251,2.95,2.9251,2.95,1500,0
2016-07-07,17:10:00,2.94,2.94,2.94,2.94,100,0
2016-07-07,17:15:00,2.95,2.95,2.9499,2.95,6300,0
2016-07-07,17:20:00,2.925,2.925,2.91,2.91,600,0
2016-07-07,17:25:00,2.91,2.92,2.91,2.9195,2200,0
2016-07-07,17:30:00,2.93,2.95,2.91,2.91,400,0
2016-07-07,17:40:00,2.92,2.92,2.92,2.92,200,0
2016-07-07,17:50:00,2.91,2.91,2.9,2.9,400,0
2016-07-07,17:55:00,2.9,2.94,2.9,2.94,1560,0
2016-07-07,18:00:00,2.91,2.91,2.91,2.91,100,0
2016-07-07,18:05:00,2.92,2.92,2.92,2.92,200,0
2016-07-07,18:10:00,2.93,2.94,2.91,2.94,8300,0
2016-07-07,18:30:00,2.91,2.94,2.91,2.9197,4100,0
2016-07-07,18:35:00,2.94,2.94,2.94,2.94,200,0
2016-07-07,18:45:00,2.935,2.935,2.935,2.935,100,0
2016-07-07,18:50:00,2.93,2.93,2.93,2.93,400,0
2016-07-07,19:00:00,2.92,2.92,2.92,2.92,500,0
2016-07-07,19:10:00,2.94,2.94,2.92,2.925,2400,0
2016-07-07,19:15:00,2.9299,2.9299,2.9299,2.9299,450,0
2016-07-07,19:20:00,2.925,2.925,2.925,2.925,100,0
2016-07-07,19:25:00,2.92,2.9207,2.92,2.9207,600,0
2016-07-07,19:30:00,2.92,2.93,2.92,2.93,200,0
2016-07-07,19:40:00,2.93,2.93,2.93,2.93,100,0
2016-07-07,19:50:00,2.925,2.925,2.92,2.92,200,0
2016-07-07,20:00:00,2.925,2.925,2.925,2.925,100,0
2016-07-07,20:05:00,2.92,2.92,2.92,2.92,100,0
2016-07-07,20:10:00,2.93,2.93,2.93,2.93,200,0
2016-07-07,20:15:00,2.93,2.93,2.93,2.93,100,0
2016-07-07,20:20:00,2.925,2.93,2.925,2.93,200,0
2016-07-07,20:30:00,2.93,2.93,2.93,2.93,100,0
2016-07-07,20:35:00,2.93,2.93,2.92,2.92,1172,0
2016-07-07,20:40:00,2.93,2.93,2.93,2.93,100,0
2016-07-07,20:45:00,2.94,2.94,2.9399,2.9399,1300,0
2016-07-07,20:50:00,2.93,2.93,2.93,2.93,100,0
2016-07-07,21:00:00,2.93,2.93,2.93,2.93,100,0
2016-07-07,21:05:00,2.94,2.95,2.93,2.94,5478,0
2016-07-07,21:10:00,2.95,2.95,2.93,2.93,9688,0
2016-07-07,21:15:00,2.95,2.95,2.94,2.94,700,0
2016-07-07,21:20:00,2.935,2.94,2.935,2.94,400,0
2016-07-07,21:30:00,2.93,2.93,2.92,2.92,1500,0
2016-07-07,21:35:00,2.93,2.93,2.93,2.93,100,0
2016-07-07,21:40:00,2.94,2.97,2.92,2.94,6680,0
2016-07-07,21:45:00,2.9472,2.9472,2.9472,2.9472,1000,0
2016-07-07,21:50:00,2.93,2.93,2.92,2.93,500,0
2016-07-07,21:55:00,2.92,2.92,2.92,2.92,5233,0
2016-07-07,22:00:00,2.92,2.94,2.92,2.92,1609,0
2016-07-08,15:35:00,2.97,2.97,2.97,2.97,1000,0
2016-07-08,15:40:00,2.9001,2.9001,2.9001,2.9001,187,0
2016-07-08,16:00:00,2.96,2.96,2.96,2.96,200,0
2016-07-08,16:05:00,2.94,2.95,2.94,2.94,1600,0
2016-07-08,16:10:00,2.95,2.95,2.95,2.95,500,0
2016-07-08,16:20:00,2.95,2.95,2.95,2.95,100,0
2016-07-08,16:30:00,2.95,2.95,2.9492,2.9492,2598,0
2016-07-08,16:35:00,2.97,2.97,2.9699,2.9699,600,0
2016-07-08,16:40:00,2.972,2.972,2.972,2.972,300,0
2016-07-08,16:50:00,2.98,2.99,2.9795,2.99,3100,0
2016-07-08,16:55:00,3,3,3,3,100,0
2016-07-08,17:05:00,3,3,2.985,3,6400,0
2016-07-08,17:10:00,2.9805,3,2.9801,3,5069,0
2016-07-08,17:15:00,2.9852,3,2.9801,2.99,8050,0
2016-07-08,17:20:00,2.99,2.99,2.985,2.985,200,0
2016-07-08,17:30:00,2.98,2.98,2.98,2.98,286,0
2016-07-08,17:35:00,2.98,2.98,2.9601,2.9601,9200,0
2016-07-08,17:40:00,2.98,3,2.9797,3,10609,0
2016-07-08,17:45:00,2.9808,2.9808,2.9808,2.9808,2000,0
2016-07-08,17:55:00,3,3,2.9985,3,9344,0
2016-07-08,18:00:00,3,3,3,3,1200,0
2016-07-08,18:05:00,3,3,3,3,100,0
2016-07-08,18:10:00,3,3,2.9901,2.995,13700,0
2016-07-08,18:15:00,2.99,2.9901,2.9514,2.9514,6084,0
2016-07-08,18:30:00,2.965,2.965,2.965,2.965,800,0
2016-07-08,19:10:00,2.98,2.99,2.97,2.97,2933,0
2016-07-08,19:20:00,2.99,2.99,2.9899,2.9899,728,0
2016-07-08,19:25:00,2.985,2.985,2.985,2.985,200,0
2016-07-08,19:30:00,2.98,2.98,2.98,2.98,500,0
2016-07-08,19:35:00,2.98,2.98,2.98,2.98,100,0
2016-07-08,19:40:00,2.98,3,2.975,3,4514,0
2016-07-08,19:50:00,2.99,2.99,2.99,2.99,225,0
2016-07-08,20:05:00,3,3,2.995,3,1300,0
2016-07-08,20:10:00,3,3,3,3,300,0
2016-07-08,20:15:00,3,3,3,3,1300,0
2016-07-08,20:25:00,3,3,2.995,3,1100,0
2016-07-08,20:30:00,3,3,3,3,200,0
2016-07-08,20:35:00,3,3,3,3,300,0
2016-07-08,20:40:00,3,3,2.98,2.98,5900,0
2016-07-08,20:45:00,2.97,2.97,2.96,2.962,5370,0
2016-07-08,21:05:00,2.991,3,2.99,2.99,4300,0
2016-07-08,21:10:00,2.9886,2.995,2.9886,2.995,269,0
2016-07-08,21:15:00,2.9901,2.9901,2.9901,2.9901,1000,0
2016-07-08,21:20:00,3,3,3,3,200,0
2016-07-08,21:25:00,2.995,2.995,2.99,2.99,2000,0
2016-07-08,21:30:00,3,3,3,3,100,0
2016-07-08,21:35:00,3,3,2.99,2.99,3460,0
2016-07-08,21:40:00,2.9825,2.99,2.9825,2.99,1400,0
2016-07-08,21:45:00,2.99,3,2.99,2.9995,5600,0
2016-07-08,21:50:00,2.9801,2.99,2.9801,2.99,718,0
2016-07-08,21:55:00,2.98,2.98,2.98,2.98,1600,0
2016-07-08,22:00:00,2.99,3,2.97,2.99,14274,0
