Date,Time,Open,High,Low,Close,Volume,OpenInt
2013-02-05,15:35:00,65.838,65.838,65.818,65.818,447,0
2013-02-05,17:55:00,65.799,65.799,65.799,65.799,240,0
2013-02-05,21:10:00,65.799,65.799,65.799,65.799,435,0
2013-02-05,21:50:00,65.782,65.782,65.782,65.782,342,0
2013-02-06,16:05:00,65.879,65.879,65.879,65.879,571,0
2013-02-06,18:10:00,65.846,65.846,65.846,65.846,240,0
2013-02-06,20:35:00,65.875,65.875,65.875,65.875,107,0
2013-02-06,21:25:00,65.855,65.855,65.855,65.855,102,0
2013-02-06,21:30:00,65.879,65.879,65.879,65.879,342,0
2013-02-07,15:50:00,65.818,65.818,65.809,65.818,684,0
2013-02-07,15:55:00,65.818,65.818,65.818,65.818,447,0
2013-02-07,16:15:00,65.774,65.774,65.774,65.774,102,0
2013-02-07,16:25:00,65.747,65.747,65.747,65.747,102,0
2013-02-07,16:30:00,65.739,65.739,65.739,65.739,102,0
2013-02-07,16:40:00,65.732,65.732,65.732,65.732,102,0
2013-02-07,16:50:00,65.732,65.732,65.732,65.732,102,0
2013-02-07,17:05:00,65.668,65.668,65.668,65.668,102,0
2013-02-07,17:15:00,65.668,65.668,65.668,65.668,102,0
2013-02-07,17:25:00,65.652,65.652,65.652,65.652,102,0
2013-02-07,17:35:00,65.652,65.652,65.652,65.652,102,0
2013-02-07,17:45:00,65.652,65.652,65.652,65.652,102,0
2013-02-07,18:00:00,65.652,65.652,65.652,65.652,102,0
2013-02-07,18:10:00,65.652,65.652,65.652,65.652,102,0
2013-02-07,18:20:00,65.659,65.659,65.659,65.659,102,0
2013-02-07,18:30:00,65.652,65.652,65.652,65.652,102,0
2013-02-07,18:40:00,65.634,65.634,65.634,65.634,447,0
2013-02-07,18:50:00,65.634,65.634,65.634,65.634,102,0
2013-02-07,19:00:00,65.634,65.634,65.634,65.634,102,0
2013-02-07,19:10:00,65.634,65.634,65.634,65.634,102,0
2013-02-07,19:20:00,65.634,65.634,65.634,65.634,102,0
2013-02-07,19:30:00,65.634,65.634,65.634,65.634,102,0
2013-02-07,19:40:00,65.634,65.634,65.634,65.634,102,0
2013-02-07,19:50:00,65.606,65.606,65.606,65.606,102,0
2013-02-07,19:55:00,65.626,65.626,65.626,65.626,102,0
2013-02-07,20:00:00,65.592,65.592,65.592,65.592,4323,0
2013-02-07,20:10:00,65.687,65.687,65.687,65.687,102,0
2013-02-07,21:05:00,65.724,65.724,65.724,65.724,102,0
2013-02-11,19:05:00,65.766,65.766,65.766,65.766,684,0
2013-02-12,17:20:00,65.687,65.687,65.686,65.686,399,0
2013-02-12,21:50:00,65.678,65.678,65.678,65.678,102,0
2013-02-13,16:55:00,65.576,65.576,65.576,65.576,102,0
2013-02-13,20:10:00,65.731,65.731,65.731,65.731,133,0
2013-02-13,22:00:00,65.774,65.774,65.774,65.774,171,0
2013-02-14,16:50:00,65.766,65.766,65.766,65.766,342,0
2013-02-14,16:55:00,65.766,65.766,65.766,65.766,228,0
2013-02-14,20:30:00,66.005,66.005,65.828,65.828,684,0
2013-02-15,15:35:00,65.926,65.926,65.926,65.926,102,0
2013-02-20,21:20:00,65.944,65.944,65.944,65.944,102,0
2013-02-22,18:05:00,66.134,66.134,66.134,66.134,342,0
2013-02-22,21:15:00,66.134,66.134,66.134,66.134,419,0
2013-02-25,20:00:00,66.178,66.178,66.178,66.178,102,0
2013-02-26,18:20:00,66.298,66.298,66.298,66.298,144,0
2013-02-28,19:20:00,66.391,66.391,66.391,66.391,102,0
2013-03-01,21:25:00,66.441,66.441,66.441,66.441,240,0
2013-03-06,16:10:00,66.491,66.491,66.491,66.491,102,0
2013-03-06,21:00:00,66.489,66.489,66.489,66.489,102,0
2013-03-08,15:35:00,66.233,66.233,66.233,66.233,137,0
2013-03-08,18:10:00,66.02,66.02,66.02,66.02,102,0
2013-03-13,19:30:00,66.344,66.344,66.344,66.344,102,0
2013-03-13,19:35:00,66.348,66.348,66.348,66.348,240,0
2013-03-13,20:05:00,66.348,66.348,66.348,66.348,684,0
2013-03-13,21:00:00,66.348,66.348,66.348,66.348,102,0
2013-03-14,14:35:00,66.311,66.311,66.311,66.311,2999,0
2013-03-14,14:45:00,66.294,66.311,66.294,66.294,908,0
2013-03-14,15:05:00,66.294,66.294,66.294,66.294,342,0
2013-03-14,15:10:00,66.32,66.338,66.32,66.338,951,0
2013-03-14,21:00:00,66.391,66.391,66.391,66.391,454,0
2013-03-15,18:25:00,66.384,66.384,66.384,66.384,102,0
2013-03-18,15:25:00,66.356,66.356,66.356,66.356,240,0
2013-03-18,19:30:00,66.356,66.356,66.353,66.353,908,0
2013-03-18,20:15:00,66.356,66.356,66.356,66.356,240,0
2013-03-19,14:35:00,66.195,66.195,66.195,66.195,1978,0
2013-03-19,18:35:00,66.629,66.629,66.629,66.629,102,0
2013-03-21,15:40:00,66.391,66.391,66.391,66.391,133,0
2013-03-21,21:00:00,66.449,66.449,66.449,66.449,102,0
2013-03-26,14:35:00,66.255,66.271,66.255,66.271,791,0
2013-03-27,15:00:00,66.395,66.395,66.395,66.395,102,0
2013-03-27,16:50:00,66.342,66.342,66.342,66.342,102,0
2013-03-27,19:25:00,66.507,66.507,66.507,66.507,424,0
2013-04-01,20:35:00,66.58,66.58,66.58,66.58,102,0
2013-04-04,20:45:00,66.624,66.624,66.624,66.624,409,0
2013-04-10,18:40:00,67.02,67.02,67.02,67.02,442,0
2013-04-10,19:55:00,67.045,67.045,67.045,67.045,102,0
2013-04-16,20:20:00,67.141,67.141,67.141,67.141,102,0
2013-04-17,17:25:00,67.204,67.204,67.204,67.204,239,0
2013-04-17,18:20:00,66.992,67.039,66.992,67.039,239,0
2013-04-18,19:45:00,66.978,66.978,66.978,66.978,102,0
2013-04-23,16:00:00,67.303,67.303,67.303,67.303,178,0
2013-05-01,17:35:00,67.554,67.554,67.554,67.554,238,0
2013-05-02,19:50:00,67.86,67.86,67.86,67.86,340,0
2013-05-03,18:15:00,67.914,67.914,67.914,67.914,102,0
2013-05-03,18:30:00,67.794,67.794,67.794,67.794,238,0
2013-05-06,15:35:00,67.794,67.794,67.794,67.794,299,0
2013-05-06,18:25:00,67.64,67.64,67.64,67.64,102,0
2013-05-07,15:35:00,67.694,67.694,67.694,67.694,102,0
2013-05-08,20:05:00,67.844,67.844,67.844,67.844,133,0
2013-05-09,21:00:00,67.794,67.794,67.794,67.794,238,0
2013-05-09,21:10:00,67.817,67.817,67.817,67.817,340,0
2013-05-10,16:25:00,67.545,67.615,67.545,67.615,340,0
2013-05-10,16:50:00,67.481,67.519,67.481,67.519,373,0
2013-05-10,19:00:00,67.536,67.536,67.536,67.536,102,0
2013-05-14,19:50:00,67.356,67.356,67.356,67.356,238,0
2013-05-14,20:10:00,67.307,67.307,67.307,67.307,102,0
2013-05-14,21:45:00,67.377,67.377,67.377,67.377,238,0
2013-05-15,18:55:00,67.183,67.183,67.091,67.091,340,0
2013-05-15,19:00:00,67.091,67.261,67.058,67.173,445,0
2013-05-15,19:05:00,67.127,67.137,67.084,67.127,903,0
2013-05-16,17:55:00,67.508,67.508,67.508,67.508,102,0
2013-05-16,19:15:00,67.383,67.383,67.383,67.383,238,0
2013-05-16,21:25:00,67.621,67.632,67.621,67.632,664,0
2013-05-17,18:25:00,67.456,67.456,67.456,67.456,299,0
2013-05-17,18:35:00,67.447,67.447,67.447,67.447,445,0
2013-05-20,17:45:00,67.357,67.357,67.357,67.357,102,0
2013-05-20,18:25:00,67.307,67.307,67.307,67.307,102,0
2013-05-20,21:35:00,67.377,67.377,67.377,67.377,238,0
2013-05-21,16:10:00,66.808,66.808,66.808,66.808,593,0
2013-05-21,19:40:00,67.183,67.183,67.183,67.183,299,0
2013-05-22,15:35:00,67.563,67.563,67.563,67.563,238,0
2013-05-23,17:05:00,67.404,67.404,67.404,67.404,680,0
2013-05-23,20:50:00,67.349,67.349,67.349,67.349,225,0
2013-05-23,21:20:00,67.349,67.349,67.349,67.349,432,0
2013-05-24,15:35:00,67.371,67.371,67.371,67.371,444,0
2013-05-24,15:40:00,66.956,66.956,66.956,66.956,319,0
2013-05-24,16:35:00,66.956,66.956,66.956,66.956,102,0
2013-05-24,16:45:00,66.956,66.956,66.956,66.956,444,0
2013-05-29,18:15:00,66.436,66.436,66.436,66.436,102,0
2013-05-30,15:35:00,66.396,66.396,66.396,66.396,137,0
2013-05-30,16:05:00,66.893,66.893,66.893,66.893,102,0
2013-05-30,18:05:00,66.388,66.388,66.388,66.388,444,0
2013-05-30,19:05:00,66.465,66.465,66.465,66.465,102,0
2013-06-07,17:40:00,66.163,66.163,66.163,66.163,102,0
2013-06-07,19:40:00,66.209,66.209,66.209,66.209,102,0
2013-06-13,21:50:00,65.556,65.556,65.556,65.556,102,0
2013-06-14,16:15:00,65.747,65.757,65.747,65.757,2028,0
2013-06-14,20:15:00,65.515,65.515,65.515,65.515,237,0
2013-06-18,18:40:00,65.6,65.6,65.6,65.6,102,0
2013-06-18,18:50:00,65.475,65.475,65.475,65.475,237,0
2013-06-18,19:00:00,65.475,65.475,65.475,65.475,237,0
2013-06-19,15:35:00,65.829,65.829,65.829,65.829,195,0
2013-06-19,18:05:00,65.419,65.419,65.419,65.419,102,0
2013-06-19,18:35:00,65.419,65.419,65.419,65.419,102,0
2013-06-19,19:05:00,65.385,65.385,65.385,65.385,102,0
2013-06-19,19:35:00,65.385,65.385,65.385,65.385,102,0
2013-06-19,20:35:00,65.272,65.272,65.272,65.272,102,0
2013-06-19,21:05:00,64.737,64.737,64.737,64.737,102,0
2013-06-19,21:35:00,64.728,64.728,64.728,64.728,102,0
2013-06-19,22:00:00,65.547,65.547,65.547,65.547,102,0
2013-06-20,19:05:00,65.193,65.193,65.193,65.193,102,0
2013-06-20,20:35:00,65.164,65.164,65.164,65.164,102,0
2013-06-20,21:10:00,64.712,64.712,64.295,64.295,264,0
2013-06-21,15:35:00,63.479,63.479,63.479,63.479,237,0
2013-06-27,15:45:00,64.394,64.394,64.394,64.394,236,0
2013-07-05,15:40:00,63.664,63.664,63.567,63.612,1576,0
2013-07-08,21:15:00,64.225,64.225,64.225,64.225,102,0
2013-07-08,21:20:00,64.225,64.225,64.225,64.225,236,0
2013-07-09,18:05:00,64.518,64.519,64.518,64.519,731,0
2013-07-09,20:20:00,64.519,64.519,64.519,64.519,676,0
2013-07-16,20:50:00,65.504,65.504,65.504,65.504,676,0
2013-07-17,15:35:00,65.851,65.851,65.851,65.851,361,0
2013-07-17,21:20:00,65.805,65.805,65.805,65.805,102,0
2013-07-18,16:30:00,65.37,65.37,65.361,65.361,338,0
2013-07-24,16:50:00,65.851,65.851,65.806,65.806,442,0
2013-07-24,21:20:00,65.851,65.851,65.851,65.851,674,0
2013-07-24,21:25:00,65.894,65.894,65.894,65.894,442,0
2013-07-25,16:45:00,65.713,65.713,65.713,65.713,235,0
2013-07-25,20:35:00,65.334,65.334,65.334,65.334,235,0
2013-07-26,21:45:00,65.276,65.276,65.276,65.276,147,0
2013-07-30,19:55:00,65.604,65.604,65.604,65.604,140,0
2013-08-06,17:20:00,65.577,65.577,65.577,65.577,442,0
2013-08-15,19:40:00,64.89,64.89,64.89,64.89,133,0
2013-08-19,17:35:00,64.309,64.309,64.309,64.309,235,0
2013-08-23,15:55:00,64.645,64.645,64.645,64.645,235,0
2013-08-28,18:05:00,65.228,65.228,65.228,65.228,440,0
2013-08-29,21:10:00,65.228,65.228,65.228,65.228,140,0
2013-08-30,18:10:00,65.163,65.164,65.163,65.164,776,0
2013-09-05,18:50:00,64.858,64.858,64.858,64.858,101,0
2013-09-06,19:40:00,64.467,64.467,64.467,64.467,222,0
2013-09-09,18:30:00,64.462,64.462,64.462,64.462,234,0
2013-09-13,21:40:00,65.21,65.211,65.155,65.155,3587,0
2013-09-16,17:50:00,65.412,65.412,65.412,65.412,891,0
2013-09-17,18:45:00,65.501,65.501,65.501,65.501,170,0
2013-09-18,20:00:00,64.775,64.775,64.775,64.775,101,0
2013-09-19,18:00:00,65.953,66.023,65.953,66.023,3250,0
2013-09-19,22:00:00,65.979,65.979,65.979,65.979,111,0
2013-09-20,21:10:00,66.33,66.33,66.33,66.33,537,0
2013-09-23,20:15:00,66.003,66.003,66.003,66.003,460,0
2013-09-27,18:45:00,66.089,66.225,66.08,66.08,3448,0
2013-09-27,18:50:00,66.225,66.225,66.215,66.215,1559,0
2013-09-27,19:20:00,66.118,66.118,66.118,66.118,1559,0
2013-09-27,19:25:00,66.15,66.225,66.15,66.225,1668,0
2013-09-27,20:05:00,66.127,66.178,66.127,66.178,774,0
2013-09-27,21:10:00,66.127,66.225,66.127,66.225,1003,0
2013-09-27,21:15:00,66.187,66.205,66.127,66.168,1559,0
2013-09-27,21:20:00,66.168,66.196,66.108,66.108,1336,0
2013-10-01,19:25:00,66.072,66.072,66.044,66.044,253,0
2013-10-02,19:00:00,66.215,66.215,66.215,66.215,304,0
2013-10-04,17:40:00,66.306,66.306,66.306,66.306,101,0
2013-10-04,17:45:00,66.127,66.254,66.127,66.254,1113,0
2013-10-04,17:50:00,66.225,66.225,66.205,66.215,561,0
2013-10-04,18:05:00,66.118,66.118,66.118,66.118,334,0
2013-10-04,18:10:00,66.133,66.133,66.133,66.133,101,0
2013-10-04,18:15:00,66.15,66.16,66.15,66.16,334,0
2013-10-04,18:20:00,66.225,66.225,66.205,66.205,774,0
2013-10-04,18:55:00,66.16,66.168,66.133,66.168,1113,0
2013-10-04,19:00:00,66.235,66.235,66.168,66.225,2115,0
2013-10-04,19:10:00,66.142,66.235,66.142,66.225,1113,0
2013-10-04,19:15:00,66.225,66.225,66.215,66.215,439,0
2013-10-04,19:20:00,66.16,66.254,66.133,66.225,4674,0
2013-10-04,19:25:00,66.178,66.178,66.142,66.142,233,0
2013-10-04,20:55:00,66.16,66.187,66.16,66.187,669,0
2013-10-04,21:10:00,66.263,66.263,66.263,66.263,439,0
2013-10-04,21:15:00,66.244,66.263,66.225,66.263,334,0
2013-10-04,21:20:00,66.205,66.205,66.205,66.205,101,0
2013-10-04,21:25:00,66.168,66.168,66.168,66.168,334,0
2013-10-04,21:30:00,66.16,66.254,66.16,66.187,1668,0
2013-10-04,21:35:00,66.254,66.254,66.15,66.178,2665,0
2013-10-04,21:40:00,66.244,66.244,66.15,66.15,2227,0
2013-10-04,21:45:00,66.187,66.215,66.142,66.142,1336,0
2013-10-04,21:55:00,66.16,66.205,66.16,66.196,774,0
2013-10-07,16:05:00,66.215,66.215,66.178,66.178,334,0
2013-10-07,16:25:00,66.225,66.225,66.225,66.225,101,0
2013-10-07,16:50:00,66.215,66.215,66.215,66.215,101,0
2013-10-07,17:20:00,66.244,66.244,66.244,66.244,101,0
2013-10-07,17:30:00,66.178,66.178,66.178,66.178,101,0
2013-10-07,18:55:00,66.225,66.225,66.225,66.225,101,0
2013-10-07,21:55:00,66.133,66.133,66.133,66.133,101,0
2013-10-08,16:55:00,66.127,66.127,66.127,66.127,101,0
2013-10-08,20:20:00,66.16,66.16,66.16,66.16,101,0
2013-10-09,16:50:00,66.142,66.142,66.142,66.142,1482,0
2013-10-09,19:35:00,66.178,66.225,66.178,66.196,334,0
2013-10-17,15:35:00,66.205,66.244,66.187,66.187,1668,0
2013-10-21,21:10:00,67.164,67.164,67.164,67.164,101,0
2013-10-24,17:20:00,66.915,66.915,66.915,66.915,179,0
2013-10-28,15:20:00,67.12,67.2,67.048,67.2,1110,0
2013-10-28,15:25:00,67.12,67.2,67.111,67.111,1775,0
2013-10-28,15:30:00,67.111,67.111,67.111,67.111,101,0
2013-10-28,15:40:00,67.2,67.2,67.2,67.2,667,0
2013-10-28,16:45:00,67.137,67.21,67.137,67.184,1333,0
2013-10-28,17:00:00,67.156,67.192,67.074,67.164,2324,0
2013-10-28,17:05:00,67.156,67.164,67.048,67.074,3332,0
2013-10-28,17:10:00,67.074,67.074,67.048,67.048,333,0
2013-10-28,18:10:00,67.074,67.074,67.074,67.074,101,0
2013-10-28,20:30:00,66.993,67.032,66.993,67.032,232,0
2013-10-28,20:35:00,67.032,67.12,67.032,67.048,1333,0
2013-10-28,20:55:00,67.032,67.032,67.032,67.032,101,0
2013-10-29,15:40:00,67.101,67.101,67.101,67.101,101,0
2013-10-29,16:35:00,66.99,66.99,66.99,66.99,122,0
2013-10-29,18:15:00,67.111,67.111,67.111,67.111,232,0
2013-10-29,18:30:00,67.146,67.146,67.146,67.146,101,0
2013-10-29,18:55:00,67.21,67.21,67.21,67.21,101,0
2013-11-04,19:50:00,67.363,67.363,67.344,67.344,560,0
2013-11-06,19:15:00,67.12,67.12,67.12,67.12,1511,0
2013-11-14,19:35:00,66.541,66.541,66.541,66.541,333,0
2013-11-15,16:55:00,66.741,66.741,66.741,66.741,170,0
2013-11-20,20:05:00,67.101,67.101,67.066,67.066,1110,0
2013-11-22,15:35:00,67.215,67.215,67.215,67.215,583,0
2013-11-26,18:05:00,67.475,67.475,67.475,67.475,2521,0
2013-11-29,16:00:00,67.314,67.314,67.314,67.314,322,0
2013-12-02,16:30:00,66.889,66.889,66.889,66.889,122,0
2013-12-03,15:35:00,66.899,66.899,66.899,66.899,384,0
2013-12-06,16:55:00,67.105,67.105,67.105,67.105,179,0
2013-12-09,19:30:00,66.708,66.708,66.708,66.708,332,0
2013-12-12,15:50:00,66.663,66.842,66.663,66.842,1893,0
2013-12-12,20:30:00,66.736,66.736,66.736,66.736,101,0
2013-12-12,20:35:00,66.761,66.761,66.761,66.761,101,0
2013-12-13,15:35:00,67.457,67.457,67.457,67.457,665,0
2013-12-13,20:25:00,67.14,67.14,67.14,67.14,557,0
2013-12-17,15:35:00,66.834,66.834,66.834,66.834,101,0
2013-12-19,15:50:00,67.457,67.457,67.457,67.457,300,0
2013-12-20,17:50:00,67.396,67.405,67.169,67.372,999,0
2013-12-27,20:00:00,66.848,66.848,66.848,66.848,435,0
2013-12-30,21:05:00,67.348,67.348,67.348,67.348,330,0
2014-01-02,16:25:00,67.389,67.389,67.389,67.389,169,0
2014-01-02,17:30:00,67.405,67.405,67.405,67.405,169,0
2014-01-03,17:00:00,67.376,67.376,67.376,67.376,348,0
2014-01-07,21:50:00,67.577,67.577,67.577,67.577,179,0
2014-01-13,18:35:00,67.812,67.812,67.812,67.812,100,0
2014-01-14,21:45:00,67.844,67.844,67.844,67.844,105,0
2014-01-17,19:55:00,67.694,67.694,67.694,67.694,230,0
2014-01-22,18:00:00,67.911,67.911,67.911,67.911,100,0
2014-01-23,15:40:00,67.965,67.965,67.965,67.965,435,0
2014-01-23,20:35:00,68.013,68.013,68.008,68.008,1210,0
2014-01-23,21:40:00,68.013,68.013,68.013,68.013,230,0
2014-01-27,21:05:00,67.911,67.911,67.911,67.911,299,0
2014-01-29,19:10:00,67.478,67.478,67.478,67.478,164,0
2014-01-31,16:20:00,67.466,67.466,67.447,67.447,990,0
2014-02-04,17:00:00,68.131,68.131,68.131,68.131,349,0
2014-02-04,21:30:00,68.175,68.175,68.175,68.175,138,0
2014-02-11,17:15:00,68.274,68.274,68.274,68.274,229,0
2014-02-13,19:50:00,68.041,68.041,68.041,68.041,228,0
2014-02-24,19:45:00,67.621,67.621,67.621,67.621,715,0
2014-03-03,20:10:00,68.415,68.514,68.415,68.463,1202,0
2014-03-03,20:25:00,68.568,68.568,68.568,68.568,125,0
2014-03-04,18:15:00,68.872,68.872,68.855,68.855,1755,0
2014-03-04,21:40:00,68.872,68.872,68.872,68.872,549,0
2014-03-05,21:40:00,68.735,68.735,68.735,68.735,513,0
2014-03-06,21:05:00,68.195,68.195,68.195,68.195,657,0
2014-03-07,15:35:00,68.478,68.478,68.478,68.478,246,0
2014-03-10,15:10:00,68.463,68.463,68.362,68.362,2621,0
2014-03-11,20:45:00,68.435,68.435,68.435,68.435,228,0
2014-03-12,15:35:00,68.55,68.55,68.55,68.55,228,0
2014-03-12,18:05:00,68.55,68.55,68.55,68.55,100,0
2014-03-12,19:50:00,68.55,68.55,68.55,68.55,100,0
2014-03-12,20:35:00,68.55,68.55,68.55,68.55,228,0
2014-03-14,19:20:00,68.313,68.352,68.313,68.352,761,0
2014-03-14,19:25:00,68.478,68.478,68.478,68.478,100,0
2014-03-17,15:25:00,68.531,68.531,68.531,68.531,549,0
2014-03-17,20:30:00,68.578,68.578,68.578,68.578,433,0
2014-03-18,16:25:00,68.55,68.55,68.55,68.55,228,0
2014-03-18,16:30:00,68.568,68.568,68.568,68.568,657,0
2014-03-20,20:10:00,68.522,68.531,68.522,68.531,1527,0
2014-03-20,20:15:00,68.538,68.538,68.538,68.538,2962,0
2014-03-20,21:00:00,68.541,68.578,68.541,68.578,655,0
2014-03-21,15:40:00,68.522,68.522,68.516,68.516,547,0
2014-03-21,17:30:00,68.531,68.531,68.531,68.531,227,0
2014-03-24,17:30:00,68.587,68.587,68.587,68.587,100,0
2014-03-24,19:10:00,68.568,68.768,68.568,68.759,5414,0
2014-03-26,15:45:00,68.606,68.613,68.606,68.613,160,0
2014-03-26,16:45:00,68.7,68.7,68.7,68.7,70,0
2014-03-27,20:20:00,68.75,68.75,68.75,68.75,100,0
2014-03-28,15:40:00,68.945,68.945,68.945,68.945,326,0
2014-03-28,19:30:00,68.624,68.624,68.624,68.624,326,0
2014-03-28,19:55:00,68.945,68.945,68.945,68.945,543,0
2014-03-31,21:40:00,68.882,68.882,68.873,68.873,431,0
2014-04-01,16:10:00,68.855,68.855,68.855,68.855,326,0
2014-04-01,17:55:00,68.873,68.873,68.873,68.873,431,0
2014-04-01,20:30:00,68.873,68.873,68.873,68.873,326,0
2014-04-01,21:35:00,68.873,68.873,68.873,68.873,226,0
2014-04-02,16:40:00,68.873,68.873,68.873,68.873,431,0
2014-04-04,16:55:00,68.864,68.864,68.864,68.864,543,0
2014-04-09,16:20:00,69.158,69.158,69.158,69.158,403,0
2014-04-09,21:50:00,69.176,69.176,69.176,69.176,403,0
2014-04-10,17:00:00,69.304,69.304,69.304,69.304,431,0
2014-04-17,15:45:00,68.809,68.907,68.809,68.907,1069,0
2014-04-17,15:50:00,68.702,68.711,68.702,68.711,226,0
2014-04-17,15:55:00,68.882,68.882,68.837,68.837,868,0
2014-04-28,16:05:00,68.744,68.837,68.744,68.837,2868,0
2014-04-28,16:10:00,68.819,68.846,68.701,68.769,2738,0
2014-04-28,16:15:00,68.744,68.762,68.744,68.762,757,0
2014-04-28,16:20:00,68.819,68.819,68.789,68.789,1649,0
2014-04-30,21:55:00,69.103,69.104,69.103,69.104,326,0
2014-05-05,16:40:00,69.435,69.435,69.435,69.435,585,0
2014-05-05,17:05:00,69.389,69.389,69.389,69.389,100,0
2014-05-05,17:10:00,69.389,69.389,69.389,69.389,326,0
2014-05-05,21:10:00,69.316,69.316,69.316,69.316,174,0
2014-05-06,21:15:00,69.462,69.462,69.462,69.462,100,0
2014-05-06,21:40:00,69.462,69.462,69.462,69.462,226,0
2014-05-13,17:10:00,70.08,70.08,70.08,70.08,688,0
2014-05-16,18:05:00,69.823,69.823,69.794,69.794,653,0
2014-05-16,21:25:00,70.166,70.166,70.166,70.166,100,0
2014-05-20,18:20:00,70.089,70.089,70.089,70.089,326,0
2014-05-20,18:25:00,70.136,70.136,70.136,70.136,100,0
2014-05-20,18:30:00,70.136,70.136,70.136,70.136,100,0
2014-05-20,18:35:00,70.059,70.059,70.059,70.059,100,0
2014-05-20,18:40:00,70.089,70.119,70.089,70.119,326,0
2014-05-20,18:45:00,70.119,70.136,70.119,70.126,326,0
2014-05-20,18:50:00,70.059,70.059,70.059,70.059,100,0
2014-05-20,20:15:00,70.126,70.126,70.107,70.112,757,0
2014-05-20,20:25:00,70.119,70.136,70.096,70.096,431,0
2014-05-21,16:20:00,70.146,70.146,70.146,70.146,100,0
2014-05-21,16:40:00,70.145,70.145,70.065,70.065,226,0
2014-05-21,16:55:00,70.136,70.136,70.128,70.132,980,0
2014-05-21,18:10:00,70.126,70.146,70.126,70.146,226,0
2014-05-21,18:15:00,70.101,70.101,70.101,70.101,226,0
2014-05-21,18:20:00,70.061,70.061,70.061,70.061,100,0
2014-05-21,18:30:00,70.057,70.057,70.057,70.057,100,0
2014-05-21,18:35:00,70.141,70.141,70.141,70.141,100,0
2014-05-21,18:55:00,70.119,70.119,70.059,70.059,326,0
2014-05-21,19:00:00,70.146,70.146,70.146,70.146,100,0
2014-05-21,19:30:00,70.057,70.057,70.057,70.057,226,0
2014-05-21,19:55:00,70.042,70.061,70.042,70.042,868,0
2014-05-21,20:20:00,70.061,70.061,70.043,70.052,326,0
2014-05-23,15:35:00,69.867,69.867,69.867,69.867,104,0
2014-05-29,16:20:00,70.394,70.394,70.394,70.394,325,0
2014-05-29,20:50:00,70.333,70.333,70.333,70.333,225,0
2014-05-29,21:55:00,70.413,70.413,70.413,70.413,225,0
2014-05-30,15:50:00,70.217,70.217,70.217,70.217,541,0
2014-05-30,20:25:00,70.217,70.217,70.217,70.217,100,0
2014-06-02,18:45:00,70.098,70.098,70.098,70.098,485,0
2014-06-03,15:35:00,69.536,69.536,69.536,69.536,2,0
2014-06-03,15:45:00,70.024,70.024,70.024,70.024,19,0
2014-06-03,17:20:00,70.024,70.024,70.024,70.024,48,0
2014-06-03,21:50:00,69.536,69.536,69.536,69.536,50,0
2014-06-05,20:15:00,69.858,69.858,69.848,69.848,755,0
2014-06-05,20:35:00,69.815,69.815,69.815,69.815,131,0
2014-06-05,20:50:00,69.815,69.815,69.815,69.815,131,0
2014-06-05,21:00:00,69.844,69.848,69.839,69.839,651,0
2014-06-06,16:05:00,70.024,70.024,70.024,70.024,541,0
2014-06-06,16:10:00,70.024,70.061,70.024,70.037,755,0
2014-06-06,20:00:00,69.955,69.955,69.955,69.955,100,0
2014-06-06,20:20:00,69.947,69.947,69.947,69.947,1731,0
2014-06-09,17:25:00,69.977,69.997,69.977,69.997,541,0
2014-06-10,21:00:00,70.014,70.014,70.014,70.014,1,0
2014-06-12,17:35:00,70.184,70.184,70.166,70.166,324,0
2014-06-12,17:40:00,70.184,70.191,69.691,69.691,679,0
2014-06-18,19:15:00,70.254,70.254,70.254,70.254,693,0
2014-06-18,20:05:00,70.226,70.226,70.226,70.226,631,0
2014-06-18,20:10:00,70.226,70.226,70.226,70.226,1214,0
2014-06-23,21:00:00,70.013,70.013,70.013,70.013,1246,0
2014-06-23,22:00:00,70.174,70.174,70.174,70.174,324,0
2014-06-25,16:30:00,70.523,70.523,70.518,70.518,649,0
2014-06-25,17:40:00,70.449,70.449,70.449,70.449,428,0
2014-06-25,21:15:00,70.452,70.515,70.452,70.515,3344,0
2014-06-26,15:45:00,70.245,70.245,70.245,70.245,4315,0
2014-06-30,15:35:00,70.041,70.041,70.041,70.041,1939,0
2014-07-01,19:20:00,70.365,70.365,70.337,70.337,569,0
2014-07-01,21:55:00,70.385,70.385,70.349,70.349,324,0
2014-07-02,17:25:00,70.236,70.236,70.236,70.236,2,0
2014-07-03,18:10:00,70.107,70.107,70.107,70.107,324,0
2014-07-07,16:15:00,70.191,70.191,70.191,70.191,100,0
2014-07-08,20:15:00,70.479,70.56,70.471,70.56,3986,0
2014-07-09,17:55:00,70.489,70.491,70.487,70.487,862,0
2014-07-09,20:55:00,70.264,70.264,70.264,70.264,399,0
2014-07-11,15:35:00,70.107,70.107,70.107,70.107,297,0
2014-07-14,16:25:00,70.163,70.163,70.163,70.163,224,0
2014-07-16,21:25:00,70.346,70.346,70.346,70.346,323,0
2014-07-22,15:45:00,70.097,70.097,70.097,70.097,860,0
2014-07-24,15:45:00,70.118,70.118,70.118,70.118,450,0
2014-07-25,19:40:00,70.419,70.419,70.419,70.419,751,0
2014-07-28,16:50:00,70.442,70.442,70.442,70.442,223,0
2014-07-28,16:55:00,70.376,70.376,70.376,70.376,100,0
2014-07-28,18:45:00,70.217,70.217,70.217,70.217,223,0
2014-07-29,15:35:00,70.595,70.599,70.595,70.599,393,0
2014-07-29,17:30:00,70.584,70.584,70.581,70.584,427,0
2014-08-05,20:10:00,69.773,69.773,69.773,69.773,316,0
2014-08-06,21:25:00,69.754,69.754,69.566,69.566,3861,0
2014-08-19,15:35:00,70.768,70.768,70.768,70.768,1897,0
2014-08-19,16:00:00,70.672,70.672,70.672,70.672,1645,0
2014-08-25,15:35:00,70.878,70.878,70.878,70.878,1074,0
2014-08-28,15:40:00,71.222,71.222,71.167,71.207,1825,0
2014-08-28,20:25:00,71.115,71.115,71.115,71.115,100,0
2014-09-02,16:25:00,70.868,70.868,70.868,70.868,724,0
2014-09-03,17:30:00,70.3,70.795,70.3,70.346,729,0
2014-09-05,18:15:00,70.71,70.71,70.71,70.71,284,0
2014-09-05,21:45:00,70.643,70.643,70.643,70.643,284,0
2014-09-08,15:50:00,70.712,70.712,70.712,70.712,322,0
2014-09-08,19:15:00,70.207,70.207,70.207,70.207,322,0
2014-09-08,21:00:00,70.608,70.608,70.608,70.608,222,0
2014-09-17,20:55:00,69.713,69.713,69.713,69.713,426,0
2014-09-18,19:35:00,69.806,69.815,69.806,69.815,1068,0
2014-09-18,19:40:00,70.02,70.02,69.9,69.9,424,0
2014-09-22,15:40:00,70.096,70.096,70.096,70.096,321,0
2014-09-23,20:20:00,70.226,70.226,70.226,70.226,3825,0
2014-09-24,18:45:00,70.151,70.151,70.151,70.151,100,0
2014-09-30,16:25:00,69.489,69.489,69.489,69.489,321,0
2014-09-30,21:55:00,69.912,69.912,69.912,69.912,194,0
2014-10-07,20:00:00,70.124,70.124,70.124,70.124,237,0
2014-10-10,19:35:00,70.843,70.843,70.843,70.843,321,0
2014-10-13,17:40:00,70.966,71.2,70.946,71.2,3740,0
2014-10-14,18:15:00,70.966,70.966,70.966,70.966,335,0
2014-10-14,20:35:00,70.984,70.984,70.984,70.984,100,0
2014-10-15,20:30:00,70.911,70.911,70.911,70.911,362,0
2014-10-15,21:05:00,70.875,70.875,70.875,70.875,431,0
2014-10-15,21:35:00,70.737,70.737,70.737,70.737,138,0
2014-10-15,21:40:00,70.782,70.782,70.782,70.782,127,0
2014-10-16,21:25:00,70.486,70.486,70.486,70.486,127,0
2014-10-17,16:35:00,70.646,70.646,70.646,70.646,860,0
2014-10-17,22:00:00,70.472,70.472,70.472,70.472,424,0
2014-10-20,15:35:00,71.163,71.163,71.163,71.163,562,0
2014-10-21,20:05:00,70.917,70.917,70.917,70.917,280,0
2014-10-22,16:05:00,71.031,71.031,71.031,71.031,747,0
2014-10-29,14:45:00,70.994,70.994,70.994,70.994,100,0
2014-10-29,19:35:00,70.88,70.88,70.88,70.88,319,0
2014-11-03,15:35:00,70.272,70.272,70.272,70.272,1067,0
2014-11-07,16:20:00,70.281,70.281,70.281,70.281,219,0
2014-11-18,17:00:00,70.566,70.566,70.566,70.566,424,0
2014-11-19,17:55:00,70.521,70.521,70.521,70.521,950,0
2014-11-20,15:45:00,70.623,70.623,70.623,70.623,331,0
2014-11-20,16:35:00,70.615,70.615,70.615,70.615,338,0
2014-11-20,18:10:00,70.606,70.606,70.606,70.606,663,0
2014-11-21,20:40:00,70.515,70.515,70.515,70.515,243,0
2014-11-25,20:15:00,70.46,70.46,70.46,70.46,1393,0
2014-11-26,15:35:00,70.344,70.344,70.344,70.344,568,0
2014-11-26,17:00:00,70.478,70.478,70.478,70.478,319,0
2014-11-26,17:55:00,70.46,70.46,70.46,70.46,532,0
2014-11-28,15:45:00,71.361,71.361,71.361,71.361,639,0
2014-11-28,17:20:00,71.371,71.371,71.371,71.371,100,0
2014-11-28,18:25:00,71.361,71.361,71.361,71.361,219,0
2014-12-01,15:55:00,71.438,71.438,71.438,71.438,319,0
2014-12-01,19:10:00,71.324,71.324,71.324,71.324,422,0
2014-12-01,20:15:00,70.496,70.496,70.496,70.496,128,0
2014-12-01,20:25:00,71.324,71.324,71.324,71.324,319,0
2014-12-02,18:30:00,71.004,71.004,71.004,71.004,100,0
2014-12-02,18:45:00,70.486,70.486,70.486,70.486,218,0
2014-12-09,17:15:00,70.995,70.995,70.995,70.995,352,0
2014-12-10,18:50:00,70.884,70.884,70.884,70.884,194,0
2014-12-11,19:10:00,70.194,70.194,70.194,70.194,122,0
2014-12-16,18:30:00,70.937,70.937,70.937,70.937,100,0
2014-12-17,21:25:00,69.349,69.349,69.349,69.349,102,0
2014-12-18,15:35:00,69.988,69.988,69.988,69.988,100,0
2014-12-18,15:55:00,70.779,70.779,70.779,70.779,218,0
2014-12-19,15:35:00,70.754,70.754,70.754,70.754,2094,0
2014-12-19,15:40:00,70.894,70.913,70.894,70.913,420,0
2014-12-19,22:00:00,70.235,70.235,70.235,70.235,100,0
2014-12-23,16:05:00,70.408,70.408,70.408,70.408,636,0
2014-12-24,18:45:00,70.802,70.802,70.802,70.802,106,0
2014-12-26,21:40:00,70.802,70.802,70.802,70.802,100,0
2015-01-02,21:20:00,70.497,70.497,70.497,70.497,134,0
2015-01-05,16:05:00,70.494,70.494,70.494,70.494,137,0
2015-01-08,21:50:00,70.764,70.764,70.764,70.764,318,0
2015-01-12,15:35:00,71.426,71.426,71.426,71.426,420,0
2015-01-13,19:10:00,71.077,71.077,71.077,71.077,318,0
2015-01-14,17:25:00,71.784,71.784,71.784,71.784,100,0
2015-01-15,21:55:00,71.207,71.207,71.207,71.207,1638,0
2015-01-15,22:00:00,71.206,71.206,71.206,71.206,816,0
2015-01-16,15:35:00,71.037,71.037,71.037,71.037,1024,0
2015-01-21,21:05:00,71.291,71.291,71.291,71.291,246,0
2015-01-26,17:25:00,71.358,71.368,71.358,71.368,454,0
2015-01-26,20:10:00,71.435,71.435,71.435,71.435,2746,0
2015-01-26,20:20:00,71.63,71.633,71.63,71.633,2850,0
2015-01-27,18:20:00,72.032,72.042,71.975,71.975,2214,0
2015-01-27,21:45:00,71.899,71.899,71.899,71.899,186,0
2015-02-02,15:35:00,72.07,72.07,72.07,72.07,212,0
2015-02-02,15:45:00,72.145,72.145,72.145,72.145,216,0
2015-02-02,15:55:00,72.183,72.183,72.183,72.183,216,0
2015-02-02,16:05:00,72.158,72.158,72.158,72.158,216,0
2015-02-02,16:15:00,72.173,72.173,72.173,72.173,100,0
2015-02-02,16:30:00,72.183,72.183,72.183,72.183,100,0
2015-02-02,16:45:00,72.183,72.183,72.183,72.183,100,0
2015-02-02,17:00:00,72.183,72.183,72.183,72.183,100,0
2015-02-02,17:15:00,72.183,72.183,72.183,72.183,100,0
2015-02-02,17:30:00,72.183,72.183,72.183,72.183,100,0
2015-02-02,17:45:00,72.183,72.183,72.183,72.183,100,0
2015-02-02,18:00:00,72.183,72.183,72.183,72.183,100,0
2015-02-02,18:10:00,72.183,72.183,72.183,72.183,100,0
2015-02-02,18:30:00,72.183,72.183,72.183,72.183,270,0
2015-02-02,18:45:00,72.022,72.022,72.022,72.022,632,0
2015-02-02,21:55:00,72.259,72.259,72.259,72.259,100,0
2015-02-03,17:10:00,72.173,72.173,72.173,72.173,417,0
2015-02-03,19:30:00,71.611,71.611,71.611,71.611,198,0
2015-02-03,19:50:00,72.193,72.202,72.193,72.202,3162,0
2015-02-03,20:10:00,72.107,72.107,72.107,72.107,632,0
2015-02-03,20:15:00,72.022,72.022,72.022,72.022,1683,0
2015-02-03,21:05:00,72.022,72.022,72.022,72.022,1476,0
2015-02-04,18:00:00,72.045,72.045,72.045,72.045,367,0
2015-02-05,20:35:00,71.483,71.483,71.483,71.483,1044,0
2015-02-05,21:25:00,71.919,71.919,71.416,71.919,375,0
2015-02-10,15:35:00,71.831,71.831,71.831,71.831,346,0
2015-02-10,18:45:00,71.786,71.786,71.786,71.786,420,0
2015-02-10,21:15:00,71.786,71.786,71.757,71.757,417,0
2015-02-11,15:50:00,71.927,71.927,71.927,71.927,130,0
2015-02-11,16:20:00,71.927,71.927,71.927,71.927,845,0
2015-02-12,18:40:00,71.894,71.894,71.894,71.894,100,0
2015-02-12,20:35:00,71.994,71.994,71.994,71.994,417,0
2015-02-13,20:20:00,71.32,71.32,71.32,71.32,100,0
2015-02-17,19:40:00,71.537,71.537,71.537,71.537,316,0
2015-02-17,20:15:00,71.34,71.34,71.34,71.34,100,0
2015-02-17,20:40:00,71.075,71.075,71.075,71.075,160,0
2015-02-20,15:35:00,71.879,71.879,71.879,71.879,100,0
2015-02-20,16:20:00,71.955,71.955,71.955,71.955,216,0
2015-02-20,19:45:00,71.349,71.349,71.349,71.349,100,0
2015-02-23,18:25:00,71.947,71.947,71.947,71.947,101,0
2015-02-23,20:45:00,71.231,71.231,71.231,71.231,109,0
2015-02-23,21:15:00,71.871,71.871,71.871,71.871,100,0
2015-02-24,22:00:00,71.568,71.568,71.568,71.568,216,0
2015-02-25,19:25:00,71.82,71.82,71.82,71.82,116,0
2015-02-25,21:00:00,71.767,71.767,71.767,71.767,127,0
2015-02-27,18:45:00,72.327,72.327,72.327,72.327,446,0
2015-03-02,16:05:00,71.663,71.663,71.663,71.663,1,0
2015-03-02,16:25:00,72.204,72.204,72.204,72.204,1,0
2015-03-02,16:40:00,72.205,72.205,72.205,72.205,3,0
2015-03-02,19:55:00,72.128,72.128,72.128,72.128,13,0
2015-03-02,20:10:00,71.979,71.979,71.979,71.979,33,0
2015-03-05,17:55:00,71.529,71.529,71.529,71.529,154,0
2015-03-06,15:55:00,71.519,71.519,71.493,71.493,227,0
2015-03-16,19:50:00,71.321,71.368,71.321,71.321,1468,0
2015-03-16,20:00:00,71.368,71.368,71.368,71.368,239,0
2015-03-18,19:40:00,71.767,71.777,71.767,71.777,316,0
2015-04-14,15:40:00,72.585,72.585,72.585,72.585,416,0
2015-04-15,21:30:00,72.398,72.398,72.398,72.398,276,0
2015-04-17,19:00:00,72.919,72.919,72.919,72.919,100,0
2015-04-17,19:40:00,72.432,72.432,72.432,72.432,570,0
2015-04-17,20:55:00,72.713,72.713,72.713,72.713,100,0
2015-04-20,18:05:00,72.262,72.262,72.262,72.262,214,0
2015-04-20,18:25:00,72.76,72.855,72.76,72.855,3447,0
2015-04-20,21:05:00,72.865,72.865,72.865,72.865,414,0
2015-04-22,16:05:00,72.54,72.54,72.54,72.54,276,0
2015-04-22,18:05:00,72.213,72.213,72.213,72.213,100,0
2015-04-22,20:25:00,72.214,72.328,72.214,72.328,837,0
2015-04-27,20:50:00,72.855,72.855,72.855,72.855,732,0
2015-04-28,17:25:00,72.816,72.816,72.816,72.816,264,0
2015-04-28,20:10:00,72.338,72.35,72.338,72.35,311,0
2015-05-01,17:30:00,72.252,72.252,72.252,72.252,308,0
2015-05-01,17:35:00,72.252,72.252,72.252,72.252,235,0
2015-05-01,18:40:00,72.063,72.063,72.063,72.063,214,0
2015-05-01,21:05:00,71.717,71.717,71.458,71.458,3494,0
2015-05-05,15:55:00,71.458,71.458,71.458,71.458,134,0
2015-05-14,21:50:00,71.152,71.152,71.152,71.152,560,0
2015-05-15,17:00:00,71.698,71.698,71.698,71.698,150,0
2015-05-18,16:20:00,71.41,71.41,71.41,71.41,186,0
2015-05-20,19:05:00,71.276,71.276,71.276,71.276,326,0
2015-05-28,20:25:00,72.227,72.227,72.227,72.227,566,0
2015-05-29,19:05:00,72.323,72.323,72.323,72.323,424,0
2015-06-01,21:40:00,71.96,71.96,71.96,71.96,669,0
2015-06-03,18:15:00,71.236,71.236,71.236,71.236,138,0
2015-06-09,16:00:00,70.877,71.167,70.877,71.167,213,0
2015-06-09,16:30:00,70.877,71.167,70.877,71.167,213,0
2015-06-09,17:10:00,70.882,70.882,70.882,70.882,100,0
2015-06-09,17:55:00,71.237,71.237,71.237,71.237,100,0
2015-06-09,18:35:00,71.237,71.237,71.237,71.237,100,0
2015-06-09,19:30:00,70.931,71.237,70.931,71.237,213,0
2015-06-12,21:20:00,71.19,71.19,71.19,71.19,1355,0
2015-06-19,17:10:00,71.142,71.142,71.142,71.142,138,0
2015-06-22,15:45:00,71.142,71.142,71.142,71.142,100,0
2015-06-22,16:50:00,71.113,71.113,71.113,71.113,212,0
2015-06-22,18:10:00,71.113,71.113,71.113,71.113,212,0
2015-06-22,20:05:00,71.084,71.084,71.084,71.084,212,0
2015-06-22,21:10:00,71.075,71.075,71.075,71.075,212,0
2015-06-22,21:50:00,71.075,71.075,71.075,71.075,100,0
2015-06-24,18:30:00,70.862,70.862,70.862,70.862,100,0
2015-06-25,18:35:00,70.881,70.881,70.881,70.881,100,0
2015-06-26,17:25:00,70.678,70.678,70.678,70.678,100,0
2015-06-26,18:30:00,70.265,70.265,70.265,70.265,464,0
2015-06-26,19:10:00,70.216,70.216,70.216,70.216,100,0
2015-07-07,17:55:00,71.257,71.257,71.257,71.257,139,0
2015-07-08,16:20:00,71.807,71.807,71.742,71.742,228,0
2015-07-08,17:40:00,71.61,71.61,71.61,71.61,133,0
2015-07-10,16:35:00,70.409,70.843,70.389,70.843,1503,0
2015-07-10,17:25:00,70.968,70.968,70.968,70.968,130,0
2015-07-10,17:35:00,70.786,70.786,70.786,70.786,100,0
2015-07-10,17:40:00,70.678,70.678,70.678,70.678,829,0
2015-07-13,20:30:00,70.93,70.93,70.93,70.93,212,0
2015-07-14,17:50:00,70.429,70.429,70.429,70.429,212,0
2015-07-15,17:25:00,70.424,70.424,70.424,70.424,518,0
2015-07-20,21:55:00,70.92,70.92,70.92,70.92,4,0
2015-07-29,16:50:00,70.496,70.738,70.486,70.738,1136,0
2015-07-29,17:10:00,70.728,70.728,70.728,70.728,100,0
2015-07-29,17:40:00,70.767,70.767,70.767,70.767,411,0
2015-07-30,20:00:00,70.864,70.864,70.864,70.864,826,0
2015-08-03,17:45:00,70.873,71.484,70.873,71.484,211,0
2015-08-03,21:55:00,71.047,71.047,71.047,71.047,100,0
2015-08-10,21:00:00,70.689,70.689,70.689,70.689,752,0
2015-08-14,17:05:00,70.583,70.583,70.583,70.583,131,0
2015-08-25,17:15:00,70.729,70.729,70.729,70.729,100,0
2015-08-26,15:35:00,69.408,69.408,69.408,69.408,211,0
2015-08-26,17:40:00,70.273,70.273,70.273,70.273,116,0
2015-08-26,20:35:00,70.243,70.243,70.219,70.219,3604,0
2015-08-26,21:30:00,70.31,70.398,70.31,70.388,720,0
2015-08-26,21:35:00,70.389,70.389,70.389,70.389,215,0
2015-09-09,20:15:00,70.65,70.66,70.65,70.66,5759,0
2015-09-09,20:25:00,71.02,71.049,71.02,71.049,821,0
2015-09-09,21:45:00,70.65,70.65,70.65,70.65,210,0
2015-09-15,18:40:00,70.534,70.534,70.534,70.534,100,0
2015-09-16,19:50:00,70.32,70.32,70.32,70.32,130,0
2015-09-17,16:15:00,70.632,70.632,70.632,70.632,419,0
2015-09-24,15:35:00,70.924,70.924,70.924,70.924,100,0
2015-09-28,22:00:00,70.486,70.486,70.486,70.486,209,0
2015-09-29,15:35:00,70.669,70.669,70.669,70.669,173,0
2015-10-07,15:35:00,70.709,70.709,70.709,70.709,224,0
2015-10-07,19:20:00,70.424,70.424,70.424,70.424,230,0
2015-10-12,15:35:00,71.265,71.265,71.265,71.265,512,0
2015-10-12,20:30:00,70.77,70.77,70.77,70.77,303,0
2015-10-13,21:20:00,70.889,70.947,70.888,70.947,409,0
2015-10-23,16:35:00,71.179,71.179,71.179,71.179,100,0
2015-11-11,16:10:00,70.683,70.683,70.683,70.683,100,0
2015-11-13,15:35:00,70.542,70.542,70.542,70.542,100,0
2015-11-13,20:10:00,70.826,70.826,70.826,70.826,108,0
2015-11-16,19:05:00,71.139,71.139,71.139,71.139,1,0
2015-11-16,21:35:00,70.855,70.855,70.855,70.855,60,0
2015-11-17,18:40:00,70.659,70.659,70.659,70.659,100,0
2015-11-17,18:45:00,70.718,70.718,70.718,70.718,100,0
2015-11-18,16:50:00,70.61,70.62,70.61,70.62,511,0
2015-11-19,16:00:00,71.109,71.109,71.109,71.109,110,0
2015-11-24,20:15:00,71.174,71.174,71.174,71.174,350,0
2015-11-25,21:00:00,71.193,71.193,71.193,71.193,257,0
2015-11-27,15:35:00,70.937,70.937,70.937,70.937,100,0
2015-12-02,16:05:00,71.27,71.27,71.27,71.27,100,0
2015-12-02,16:25:00,71.339,71.339,71.339,71.339,100,0
2015-12-03,18:35:00,70.917,70.917,70.917,70.917,100,0
2015-12-07,17:35:00,70.879,70.879,70.879,70.879,144,0
2015-12-08,15:35:00,70.917,70.917,70.917,70.917,207,0
2015-12-23,22:00:00,70.582,70.582,70.582,70.582,206,0
2015-12-28,15:45:00,70.588,70.588,70.26,70.279,509,0
2015-12-31,19:15:00,70.309,70.309,70.279,70.279,972,0
2015-12-31,20:10:00,70.279,70.279,70.279,70.279,206,0
2016-01-05,15:35:00,70.26,70.26,70.26,70.26,185,0
2016-01-07,16:55:00,70.387,70.387,70.387,70.387,100,0
2016-01-07,20:00:00,70.822,70.822,70.822,70.822,121,0
2016-01-19,15:35:00,70.053,70.053,70.053,70.053,106,0
2016-01-19,18:45:00,70.152,70.152,70.152,70.152,20,0
2016-01-19,19:55:00,69.67,69.67,69.67,69.67,3,0
2016-01-19,20:00:00,69.67,69.67,69.67,69.67,1,0
2016-01-19,21:10:00,69.803,69.803,69.803,69.803,125,0
2016-01-21,19:45:00,69.444,69.444,69.444,69.444,100,0
2016-01-21,21:40:00,69.444,69.444,69.444,69.444,612,0
2016-01-22,15:35:00,69.405,69.518,69.375,69.513,1283,0
2016-01-22,15:40:00,69.523,69.523,69.483,69.483,1424,0
2016-01-22,16:15:00,69.503,69.503,69.493,69.503,3157,0
2016-01-22,20:10:00,69.307,69.307,69.307,69.307,306,0
2016-01-22,20:25:00,69.572,69.572,69.572,69.572,3257,0
2016-01-22,21:15:00,69.582,69.641,69.582,69.611,712,0
2016-01-22,21:25:00,69.601,69.601,69.601,69.601,2444,0
2016-01-29,15:35:00,70.124,70.124,70.124,70.124,195,0
2016-01-29,19:20:00,70.032,70.032,70.032,70.032,323,0
2016-01-29,21:25:00,70.094,70.094,69.957,69.957,435,0
2016-02-02,15:50:00,69.956,69.956,69.956,69.956,115,0
2016-02-02,16:05:00,69.956,69.956,69.956,69.956,390,0
2016-02-02,21:05:00,69.956,69.956,69.956,69.956,100,0
2016-02-03,15:35:00,70.074,70.074,70.074,70.074,126,0
2016-02-04,18:15:00,69.792,69.792,69.792,69.792,105,0
2016-02-08,17:25:00,70.092,70.121,70.092,70.121,1093,0
2016-02-08,17:30:00,70.092,70.092,70.092,70.092,365,0
2016-02-08,21:10:00,69.937,69.937,69.937,69.937,100,0
2016-02-10,15:35:00,69.877,69.877,69.877,69.877,420,0
2016-02-12,18:35:00,69.355,69.355,68.783,68.783,512,0
2016-02-16,15:35:00,69.355,69.355,69.346,69.346,700,0
2016-02-16,15:45:00,68.683,68.683,68.683,68.683,152,0
2016-02-16,17:00:00,69.064,69.266,69.064,69.246,405,0
2016-02-16,17:05:00,69.227,69.227,69.227,69.227,100,0
2016-02-16,17:10:00,68.754,68.754,68.754,68.754,100,0
2016-02-16,18:25:00,69.04,69.04,69.001,69.001,305,0
2016-02-16,19:50:00,68.908,68.908,68.908,68.908,321,0
2016-02-16,21:55:00,69.154,69.158,69.152,69.158,321,0
2016-02-19,21:15:00,69.502,69.502,69.502,69.502,234,0
2016-02-24,19:25:00,69.982,69.982,69.982,69.982,113,0
2016-02-25,19:55:00,70.002,70.002,70.002,70.002,100,0
2016-02-25,20:00:00,70.002,70.002,70.002,70.002,204,0
2016-02-25,21:10:00,70.031,70.041,70.021,70.041,2024,0
2016-02-25,22:00:00,70.002,70.002,70.002,70.002,204,0
2016-02-26,21:55:00,70.161,70.161,70.16,70.16,2326,0
2016-02-29,17:50:00,70.259,70.259,70.259,70.259,304,0
2016-02-29,18:45:00,70.224,70.229,70.209,70.214,3238,0
2016-02-29,18:50:00,70.219,70.229,70.219,70.229,2630,0
2016-03-01,17:55:00,70.19,70.199,70.19,70.199,912,0
2016-03-01,20:45:00,70.136,70.141,70.136,70.141,912,0
2016-03-04,15:35:00,70.871,70.871,70.783,70.803,404,0
2016-03-04,15:50:00,70.833,70.833,70.833,70.833,100,0
2016-03-04,16:45:00,70.803,70.803,70.803,70.803,100,0
2016-03-04,16:50:00,70.773,70.773,70.753,70.753,404,0
2016-03-04,17:50:00,70.753,70.753,70.743,70.743,404,0
2016-03-04,19:05:00,70.773,70.773,70.773,70.773,100,0
2016-03-04,19:45:00,70.778,70.778,70.713,70.713,204,0
2016-03-09,15:35:00,71.534,71.534,71.534,71.534,670,0
2016-03-10,15:35:00,71.326,71.326,71.326,71.326,14,0
2016-03-10,19:55:00,71.205,71.276,71.205,71.276,612,0
2016-03-11,20:10:00,71.435,71.435,71.435,71.435,121,0
2016-03-14,14:35:00,71.612,71.612,71.612,71.612,124,0
2016-03-15,18:15:00,71.741,71.741,71.672,71.737,2024,0
2016-03-16,19:55:00,71.363,71.363,71.363,71.363,340,0
2016-03-17,19:25:00,72.098,72.098,72.098,72.098,100,0
2016-03-21,16:15:00,72.296,72.296,72.296,72.296,403,0
2016-03-23,20:45:00,72.35,72.35,72.35,72.35,318,0
2016-03-23,20:50:00,72.35,72.35,72.35,72.35,691,0
2016-03-29,18:15:00,72.233,72.233,72.233,72.233,203,0
2016-03-29,20:35:00,71.902,71.902,71.902,71.902,100,0
2016-04-01,17:35:00,72.44,72.44,72.44,72.44,100,0
2016-04-01,20:30:00,72.597,72.637,72.558,72.637,496,0
2016-04-05,15:35:00,72.617,72.617,72.617,72.617,203,0
2016-04-07,21:05:00,72.894,72.894,72.894,72.894,205,0
2016-04-08,20:00:00,72.679,72.679,72.679,72.679,100,0
2016-04-08,21:35:00,72.845,72.845,72.845,72.845,135,0
2016-04-11,15:35:00,72.855,72.855,72.855,72.855,224,0
2016-04-11,15:45:00,72.577,72.577,72.577,72.577,470,0
2016-04-12,16:30:00,72.707,72.707,72.707,72.707,182,0
2016-04-12,19:40:00,72.151,72.151,72.151,72.151,150,0
2016-04-18,15:45:00,73.143,73.143,73.104,73.104,303,0
2016-04-18,18:25:00,73.143,73.143,73.143,73.143,100,0
2016-04-18,19:45:00,72.994,72.994,72.994,72.994,3218,0
2016-04-19,17:20:00,73.133,73.133,73.133,73.133,303,0
2016-04-19,17:25:00,73.153,73.153,73.133,73.133,1109,0
2016-04-21,15:45:00,73.351,73.351,73.351,73.351,100,0
2016-04-26,21:55:00,72.988,72.988,72.988,72.988,199,0
2016-05-02,15:35:00,73.823,73.823,73.823,73.823,100,0
2016-05-04,16:00:00,73.734,73.734,73.734,73.734,125,0
2016-05-09,16:55:00,73.452,73.452,73.452,73.452,130,0
2016-05-11,15:35:00,73.684,73.684,73.564,73.564,1947,0
2016-05-11,15:45:00,73.574,73.574,73.572,73.574,402,0
2016-05-11,20:30:00,73.604,73.604,73.604,73.604,117,0
2016-05-12,16:30:00,73.372,73.372,73.372,73.372,347,0
2016-05-12,20:50:00,73.684,73.684,73.684,73.684,100,0
2016-05-12,21:25:00,73.684,73.684,73.684,73.684,202,0
2016-05-17,18:30:00,73.616,73.616,73.616,73.616,135,0
2016-05-17,20:10:00,73.455,73.455,73.455,73.455,150,0
2016-05-17,21:25:00,73.421,73.421,73.421,73.421,341,0
2016-05-17,21:30:00,73.37,73.37,73.37,73.37,100,0
2016-05-17,21:50:00,73.256,73.256,73.256,73.256,100,0
2016-05-18,15:50:00,73.594,73.624,73.594,73.624,342,0
2016-05-18,16:10:00,73.574,73.574,73.574,73.574,100,0
2016-05-18,16:55:00,73.574,73.574,73.574,73.574,100,0
2016-05-18,17:30:00,73.564,73.564,73.564,73.564,100,0
2016-05-18,17:45:00,73.574,73.574,73.574,73.574,100,0
2016-05-18,18:55:00,73.564,73.564,73.564,73.564,100,0
2016-05-18,20:00:00,73.187,73.564,73.187,73.564,202,0
2016-05-18,20:20:00,73.137,73.137,73.088,73.088,3018,0
2016-05-19,20:00:00,73.316,73.316,73.316,73.316,100,0
2016-05-19,21:10:00,73.386,73.386,73.386,73.386,100,0
2016-05-20,16:10:00,73.326,73.326,73.326,73.326,100,0
2016-05-20,20:40:00,73.286,73.286,73.286,73.286,145,0
2016-05-23,21:35:00,73.323,73.323,73.323,73.323,150,0
2016-05-26,17:20:00,73.6,73.6,73.6,73.6,201,0
2016-06-01,18:20:00,73.989,73.989,73.989,73.989,100,0
2016-06-01,20:20:00,73.699,73.699,73.699,73.699,141,0
2016-06-02,18:55:00,73.441,73.441,73.441,73.441,338,0
2016-06-03,20:35:00,74.238,74.238,74.238,74.238,199,0
2016-06-03,21:00:00,74.087,74.087,74.087,74.087,203,0
2016-06-07,19:35:00,74.398,74.398,74.398,74.398,201,0
2016-06-09,20:55:00,74.647,74.677,74.617,74.667,1770,0
2016-06-10,15:35:00,74.717,74.717,74.717,74.717,2043,0
2016-06-10,16:25:00,74.687,74.687,74.687,74.687,100,0
2016-06-10,17:40:00,74.707,74.707,74.707,74.707,100,0
2016-06-10,19:15:00,74.657,74.657,74.657,74.657,100,0
2016-06-13,17:35:00,74.095,74.095,74.095,74.095,152,0
2016-06-14,20:35:00,74.388,74.438,74.388,74.388,401,0
2016-06-15,17:35:00,74.228,74.228,74.228,74.228,100,0
2016-06-16,17:40:00,74.308,74.308,74.308,74.308,100,0
2016-06-16,19:15:00,73.69,73.69,73.69,73.69,401,0
2016-06-22,22:00:00,74.5099,74.5099,74.5099,74.5099,133,0
2016-06-27,19:35:00,74.7,74.7,74.7,74.7,100,0
2016-06-27,19:40:00,73.96,73.96,73.87,73.9,400,0
2016-06-27,19:45:00,73.82,74,73.82,74,700,0
2016-06-27,19:50:00,74.2,74.25,74.18,74.18,900,0
2016-06-27,19:55:00,74.25,74.25,74,74,701,0
2016-06-27,20:00:00,73.96,74.1,73.91,74.1,1000,0
2016-06-27,20:05:00,74.2,74.2,74.18,74.18,1300,0
2016-06-27,21:00:00,74,74,73.9,73.9,600,0
2016-06-27,21:05:00,74.1,74.4,74.09,74.15,700,0
2016-06-27,21:10:00,74.05,74.1,74.05,74.1,1501,0
2016-06-28,15:40:00,73.7926,73.7926,73.7926,73.7926,133,0
2016-06-28,15:45:00,74.03,74.03,74.03,74.03,100,0
2016-06-28,20:40:00,74.1,74.1,74.1,74.1,200,0
2016-06-30,21:50:00,74.36,74.6531,74.36,74.37,1100,0
2016-07-05,16:40:00,75.09,75.09,75.09,75.09,100,0
2016-07-05,17:10:00,75.02,75.02,75.02,75.02,100,0
2016-07-06,15:40:00,74.64,75.1428,74.64,75.1428,200,0
2016-07-07,20:30:00,75.48,75.48,75.48,75.48,100,0
2016-07-07,20:35:00,74.96,74.96,74.96,74.96,100,0
