Date,Time,Open,High,Low,Close,Volume,OpenInt
2016-06-22,15:35:00,26.7,26.74,26.54,26.7,82968,0
2016-06-22,15:40:00,26.69,26.695,26.62,26.69,63117,0
2016-06-22,15:45:00,26.69,26.77,26.68,26.7601,83469,0
2016-06-22,15:50:00,26.76,26.785,26.7,26.705,112938,0
2016-06-22,15:55:00,26.705,26.75,26.7,26.7,70622,0
2016-06-22,16:00:00,26.7,26.71,26.655,26.655,61459,0
2016-06-22,16:05:00,26.65,26.71,26.63,26.66,66251,0
2016-06-22,16:10:00,26.66,26.69,26.655,26.68,28357,0
2016-06-22,16:15:00,26.68,26.69,26.65,26.65,28041,0
2016-06-22,16:20:00,26.655,26.69,26.65,26.65,57313,0
2016-06-22,16:25:00,26.65,26.67,26.65,26.65,27647,0
2016-06-22,16:30:00,26.66,26.7,26.64,26.695,59857,0
2016-06-22,16:35:00,26.69,26.7054,26.65,26.7,66910,0
2016-06-22,16:40:00,26.7,26.715,26.655,26.66,48254,0
2016-06-22,16:45:00,26.65,26.73,26.65,26.725,52546,0
2016-06-22,16:50:00,26.725,26.725,26.69,26.7024,76711,0
2016-06-22,16:55:00,26.71,26.75,26.705,26.735,48225,0
2016-06-22,17:00:00,26.73,26.77,26.73,26.75,38143,0
2016-06-22,17:05:00,26.76,26.77,26.7246,26.75,39756,0
2016-06-22,17:10:00,26.74,26.78,26.73,26.7733,67839,0
2016-06-22,17:15:00,26.78,26.81,26.77,26.8,37817,0
2016-06-22,17:20:00,26.8,26.8,26.78,26.78,40165,0
2016-06-22,17:25:00,26.79,26.79,26.77,26.775,35190,0
2016-06-22,17:30:00,26.775,26.815,26.77,26.795,43727,0
2016-06-22,17:35:00,26.79,26.795,26.695,26.71,51859,0
2016-06-22,17:40:00,26.7,26.745,26.695,26.71,43383,0
2016-06-22,17:45:00,26.71,26.72,26.68,26.6854,45511,0
2016-06-22,17:50:00,26.685,26.71,26.67,26.71,44145,0
2016-06-22,17:55:00,26.71,26.71,26.68,26.7,44438,0
2016-06-22,18:00:00,26.7,26.75,26.7,26.73,47238,0
2016-06-22,18:05:00,26.73,26.74,26.715,26.73,18642,0
2016-06-22,18:10:00,26.735,26.74,26.7006,26.715,20901,0
2016-06-22,18:15:00,26.71,26.73,26.71,26.71,18844,0
2016-06-22,18:20:00,26.72,26.73,26.69,26.69,29750,0
2016-06-22,18:25:00,26.69,26.7,26.64,26.65,48553,0
2016-06-22,18:30:00,26.64,26.65,26.63,26.64,34793,0
2016-06-22,18:35:00,26.645,26.65,26.63,26.645,36762,0
2016-06-22,18:40:00,26.65,26.66,26.635,26.635,45892,0
2016-06-22,18:45:00,26.64,26.65,26.605,26.62,33186,0
2016-06-22,18:50:00,26.62,26.62,26.59,26.61,41348,0
2016-06-22,18:55:00,26.605,26.62,26.59,26.6,43597,0
2016-06-22,19:00:00,26.6046,26.62,26.59,26.615,19376,0
2016-06-22,19:05:00,26.61,26.615,26.57,26.58,66921,0
2016-06-22,19:10:00,26.58,26.6,26.54,26.54,43106,0
2016-06-22,19:15:00,26.535,26.56,26.51,26.56,19640,0
2016-06-22,19:20:00,26.55,26.555,26.535,26.545,24487,0
2016-06-22,19:25:00,26.54,26.55,26.52,26.53,23774,0
2016-06-22,19:30:00,26.533,26.575,26.53,26.57,34481,0
2016-06-22,19:35:00,26.58,26.6,26.57,26.59,48115,0
2016-06-22,19:40:00,26.59,26.59,26.56,26.575,24516,0
2016-06-22,19:45:00,26.58,26.58,26.55,26.565,19611,0
2016-06-22,19:50:00,26.565,26.58,26.54,26.5501,35105,0
2016-06-22,19:55:00,26.56,26.5899,26.55,26.5899,25059,0
2016-06-22,20:00:00,26.585,26.6,26.57,26.58,33755,0
2016-06-22,20:05:00,26.58,26.59,26.57,26.5899,12986,0
2016-06-22,20:10:00,26.58,26.61,26.58,26.61,24141,0
2016-06-22,20:15:00,26.61,26.62,26.6,26.61,21532,0
2016-06-22,20:20:00,26.62,26.66,26.61,26.625,39909,0
2016-06-22,20:25:00,26.62,26.63,26.61,26.63,16020,0
2016-06-22,20:30:00,26.63,26.6665,26.62,26.655,34557,0
2016-06-22,20:35:00,26.655,26.67,26.64,26.65,60389,0
2016-06-22,20:40:00,26.65,26.66,26.63,26.64,33339,0
2016-06-22,20:45:00,26.64,26.66,26.62,26.625,29567,0
2016-06-22,20:50:00,26.63,26.63,26.6,26.61,28005,0
2016-06-22,20:55:00,26.62,26.63,26.605,26.63,26169,0
2016-06-22,21:00:00,26.625,26.65,26.62,26.65,19205,0
2016-06-22,21:05:00,26.64,26.68,26.635,26.65,42236,0
2016-06-22,21:10:00,26.66,26.675,26.63,26.65,131939,0
2016-06-22,21:15:00,26.66,26.69,26.64,26.64,144570,0
2016-06-22,21:20:00,26.64,26.65,26.63,26.645,74618,0
2016-06-22,21:25:00,26.64,26.65,26.63,26.63,88658,0
2016-06-22,21:30:00,26.63,26.65,26.61,26.62,42695,0
2016-06-22,21:35:00,26.62,26.63,26.62,26.625,23098,0
2016-06-22,21:40:00,26.62,26.65,26.6,26.65,85112,0
2016-06-22,21:45:00,26.65,26.66,26.62,26.62,45757,0
2016-06-22,21:50:00,26.62,26.64,26.61,26.61,77155,0
2016-06-22,21:55:00,26.61,26.615,26.57,26.585,199832,0
2016-06-22,22:00:00,26.585,26.59,26.54,26.56,565580,0
2016-06-23,15:35:00,26.83,26.92,26.79,26.91,85305,0
2016-06-23,15:40:00,26.91,26.99,26.9,26.98,99136,0
2016-06-23,15:45:00,26.97,27.02,26.92,26.99,79491,0
2016-06-23,15:50:00,27,27.05,26.995,27.04,41037,0
2016-06-23,15:55:00,27.03,27.03,26.93,26.97,40483,0
2016-06-23,16:00:00,26.96,27.01,26.94,27.01,100646,0
2016-06-23,16:05:00,27.02,27.03,26.97,27.02,30615,0
2016-06-23,16:10:00,27.02,27.02,26.97,26.99,97136,0
2016-06-23,16:15:00,26.981,27.01,26.97,26.9933,43925,0
2016-06-23,16:20:00,27,27.02,26.96,26.97,48051,0
2016-06-23,16:25:00,26.965,27,26.95,27,22298,0
2016-06-23,16:30:00,26.9912,27.04,26.99,26.99,41982,0
2016-06-23,16:35:00,26.99,26.99,26.9,26.93,46897,0
2016-06-23,16:40:00,26.92,26.955,26.905,26.9499,20412,0
2016-06-23,16:45:00,26.94,26.95,26.91,26.925,24165,0
2016-06-23,16:50:00,26.937,26.937,26.895,26.9,19812,0
2016-06-23,16:55:00,26.91,26.95,26.905,26.94,22006,0
2016-06-23,17:00:00,26.94,26.96,26.93,26.94,38553,0
2016-06-23,17:05:00,26.94,26.95,26.93,26.94,21338,0
2016-06-23,17:10:00,26.95,26.96,26.91,26.92,18853,0
2016-06-23,17:15:00,26.92,26.95,26.91,26.945,20703,0
2016-06-23,17:20:00,26.95,27,26.945,26.96,21223,0
2016-06-23,17:25:00,26.965,26.965,26.94,26.95,31397,0
2016-06-23,17:30:00,26.95,26.97,26.925,26.95,30448,0
2016-06-23,17:35:00,26.95,26.97,26.95,26.955,16790,0
2016-06-23,17:40:00,26.96,26.98,26.95,26.97,47177,0
2016-06-23,17:45:00,26.965,26.97,26.91,26.91,17462,0
2016-06-23,17:50:00,26.91,26.9261,26.91,26.925,19935,0
2016-06-23,17:55:00,26.925,26.94,26.91,26.91,35862,0
2016-06-23,18:00:00,26.91,26.92,26.9,26.92,21233,0
2016-06-23,18:05:00,26.92,26.955,26.915,26.925,18565,0
2016-06-23,18:10:00,26.92,27,26.92,26.97,142075,0
2016-06-23,18:15:00,26.98,27.005,26.97,26.98,58644,0
2016-06-23,18:20:00,26.975,27.01,26.975,26.985,17045,0
2016-06-23,18:25:00,26.985,26.99,26.96,26.965,19110,0
2016-06-23,18:30:00,26.965,26.975,26.95,26.9599,18330,0
2016-06-23,18:35:00,26.955,26.96,26.94,26.96,19990,0
2016-06-23,18:40:00,26.96,26.98,26.94,26.945,21353,0
2016-06-23,18:45:00,26.945,26.945,26.89,26.905,28881,0
2016-06-23,18:50:00,26.9,26.905,26.87,26.87,26788,0
2016-06-23,18:55:00,26.87,26.92,26.87,26.92,10680,0
2016-06-23,19:00:00,26.93,26.93,26.89,26.89,18079,0
2016-06-23,19:05:00,26.89,26.9,26.88,26.885,18526,0
2016-06-23,19:10:00,26.885,26.885,26.855,26.885,25092,0
2016-06-23,19:15:00,26.89,26.89,26.86,26.865,18329,0
2016-06-23,19:20:00,26.865,26.875,26.85,26.86,17850,0
2016-06-23,19:25:00,26.865,26.885,26.86,26.86,14463,0
2016-06-23,19:30:00,26.86,26.89,26.86,26.885,29671,0
2016-06-23,19:35:00,26.89,26.9,26.875,26.88,33123,0
2016-06-23,19:40:00,26.875,26.88,26.85,26.855,12728,0
2016-06-23,19:45:00,26.855,26.875,26.84,26.855,23513,0
2016-06-23,19:50:00,26.855,26.86,26.84,26.84,29827,0
2016-06-23,19:55:00,26.84,26.845,26.82,26.83,53339,0
2016-06-23,20:00:00,26.835,26.85,26.83,26.85,15384,0
2016-06-23,20:05:00,26.84,26.85,26.82,26.845,24531,0
2016-06-23,20:10:00,26.845,26.86,26.83,26.85,21050,0
2016-06-23,20:15:00,26.86,26.87,26.845,26.87,36146,0
2016-06-23,20:20:00,26.87,26.9,26.865,26.87,36800,0
2016-06-23,20:25:00,26.875,26.895,26.86,26.87,37833,0
2016-06-23,20:30:00,26.87,26.9,26.87,26.895,15882,0
2016-06-23,20:35:00,26.89,26.895,26.87,26.8732,25551,0
2016-06-23,20:40:00,26.88,26.88,26.86,26.88,14548,0
2016-06-23,20:45:00,26.875,26.88,26.85,26.85,45624,0
2016-06-23,20:50:00,26.855,26.9,26.85,26.88,55912,0
2016-06-23,20:55:00,26.88,26.9,26.87,26.9,28377,0
2016-06-23,21:00:00,26.9,26.92,26.895,26.905,25869,0
2016-06-23,21:05:00,26.9,26.91,26.89,26.89,43424,0
2016-06-23,21:10:00,26.892,26.9,26.88,26.885,28557,0
2016-06-23,21:15:00,26.88,26.92,26.88,26.92,18843,0
2016-06-23,21:20:00,26.92,26.92,26.89,26.895,30506,0
2016-06-23,21:25:00,26.89,26.9,26.86,26.865,32919,0
2016-06-23,21:30:00,26.86,26.9,26.86,26.9,52694,0
2016-06-23,21:35:00,26.895,26.9,26.875,26.9,50205,0
2016-06-23,21:40:00,26.895,26.91,26.89,26.895,48977,0
2016-06-23,21:45:00,26.89,26.94,26.89,26.94,84375,0
2016-06-23,21:50:00,26.94,26.96,26.93,26.96,90080,0
2016-06-23,21:55:00,26.96,26.99,26.95,26.985,121070,0
2016-06-23,22:00:00,26.985,27.01,26.97,27,230806,0
2016-06-24,15:35:00,25.87,26.19,25.85,26.18,267816,0
2016-06-24,15:40:00,26.19,26.26,26.13,26.245,221778,0
2016-06-24,15:45:00,26.24,26.33,26.15,26.16,343606,0
2016-06-24,15:50:00,26.16,26.16,26,26.08,190969,0
2016-06-24,15:55:00,26.08,26.14,25.99,26.14,177285,0
2016-06-24,16:00:00,26.14,26.26,26.13,26.18,165019,0
2016-06-24,16:05:00,26.18,26.29,26.15,26.24,90122,0
2016-06-24,16:10:00,26.25,26.29,26.18,26.28,144478,0
2016-06-24,16:15:00,26.29,26.34,26.25,26.26,103391,0
2016-06-24,16:20:00,26.26,26.26,26.145,26.175,117983,0
2016-06-24,16:25:00,26.18,26.21,26.1,26.19,187372,0
2016-06-24,16:30:00,26.19,26.21,26.13,26.16,65370,0
2016-06-24,16:35:00,26.17,26.21,26.16,26.18,116851,0
2016-06-24,16:40:00,26.18,26.21,26.1,26.2,70084,0
2016-06-24,16:45:00,26.2,26.205,26.15,26.15,34820,0
2016-06-24,16:50:00,26.15,26.16,26.05,26.06,96589,0
2016-06-24,16:55:00,26.06,26.08,26.02,26.04,52437,0
2016-06-24,17:00:00,26.045,26.069,25.93,25.94,94527,0
2016-06-24,17:05:00,25.9499,25.97,25.9,25.93,99135,0
2016-06-24,17:10:00,25.93,26.005,25.92,26.005,53450,0
2016-06-24,17:15:00,26.005,26.01,25.95,25.99,36810,0
2016-06-24,17:20:00,25.99,26,25.92,25.94,41507,0
2016-06-24,17:25:00,25.93,25.95,25.86,25.89,45545,0
2016-06-24,17:30:00,25.891,25.95,25.87,25.94,48643,0
2016-06-24,17:35:00,25.94,25.98,25.93,25.94,38989,0
2016-06-24,17:40:00,25.95,25.98,25.93,25.94,45185,0
2016-06-24,17:45:00,25.93,25.95,25.87,25.91,83792,0
2016-06-24,17:50:00,25.9,25.94,25.83,25.84,67521,0
2016-06-24,17:55:00,25.86,25.86,25.81,25.81,60832,0
2016-06-24,18:00:00,25.82,25.848,25.81,25.84,52360,0
2016-06-24,18:05:00,25.83,25.93,25.82,25.89,134246,0
2016-06-24,18:10:00,25.9,25.915,25.87,25.88,81755,0
2016-06-24,18:15:00,25.87,25.885,25.77,25.78,101437,0
2016-06-24,18:20:00,25.8,25.84,25.78,25.81,74672,0
2016-06-24,18:25:00,25.82,25.855,25.81,25.811,57789,0
2016-06-24,18:30:00,25.81,25.86,25.81,25.83,47943,0
2016-06-24,18:35:00,25.83,25.855,25.82,25.83,44813,0
2016-06-24,18:40:00,25.825,25.86,25.8,25.81,86925,0
2016-06-24,18:45:00,25.81,25.81,25.75,25.765,102491,0
2016-06-24,18:50:00,25.7699,25.77,25.73,25.765,55288,0
2016-06-24,18:55:00,25.7601,25.82,25.75,25.82,37322,0
2016-06-24,19:00:00,25.82,25.85,25.77,25.815,49838,0
2016-06-24,19:05:00,25.82,25.8899,25.81,25.875,94832,0
2016-06-24,19:10:00,25.875,25.88,25.81,25.825,61213,0
2016-06-24,19:15:00,25.82,25.9025,25.81,25.89,55633,0
2016-06-24,19:20:00,25.9,25.91,25.85,25.86,35656,0
2016-06-24,19:25:00,25.87,25.8752,25.85,25.875,49535,0
2016-06-24,19:30:00,25.88,25.895,25.85,25.88,37678,0
2016-06-24,19:35:00,25.875,25.94,25.86,25.92,40312,0
2016-06-24,19:40:00,25.92,25.955,25.92,25.92,23749,0
2016-06-24,19:45:00,25.93,25.93,25.88,25.89,34951,0
2016-06-24,19:50:00,25.895,25.8995,25.84,25.86,31208,0
2016-06-24,19:55:00,25.86,25.9,25.84,25.9,42983,0
2016-06-24,20:00:00,25.89,25.89,25.84,25.87,34361,0
2016-06-24,20:05:00,25.88,25.91,25.861,25.88,26521,0
2016-06-24,20:10:00,25.88,25.92,25.88,25.92,29628,0
2016-06-24,20:15:00,25.93,25.94,25.905,25.92,41131,0
2016-06-24,20:20:00,25.921,25.921,25.87,25.875,49392,0
2016-06-24,20:25:00,25.87,25.88,25.8046,25.8046,45604,0
2016-06-24,20:30:00,25.8,25.82,25.77,25.78,48722,0
2016-06-24,20:35:00,25.78,25.78,25.73,25.75,75992,0
2016-06-24,20:40:00,25.75,25.78,25.7101,25.76,37015,0
2016-06-24,20:45:00,25.76,25.78,25.7247,25.7254,41261,0
2016-06-24,20:50:00,25.72,25.725,25.65,25.66,138233,0
2016-06-24,20:55:00,25.66,25.745,25.655,25.74,54522,0
2016-06-24,21:00:00,25.75,25.77,25.73,25.7301,40506,0
2016-06-24,21:05:00,25.735,25.7559,25.71,25.735,43313,0
2016-06-24,21:10:00,25.74,25.74,25.68,25.695,49797,0
2016-06-24,21:15:00,25.7,25.7,25.59,25.6,153695,0
2016-06-24,21:20:00,25.6,25.6,25.51,25.54,104251,0
2016-06-24,21:25:00,25.54,25.59,25.525,25.565,165753,0
2016-06-24,21:30:00,25.57,25.595,25.54,25.56,97052,0
2016-06-24,21:35:00,25.55,25.6,25.55,25.6,176131,0
2016-06-24,21:40:00,25.6,25.66,25.6,25.64,402252,0
2016-06-24,21:45:00,25.6425,25.67,25.64,25.65,268397,0
2016-06-24,21:50:00,25.65,25.715,25.635,25.705,255594,0
2016-06-24,21:55:00,25.705,25.81,25.7,25.775,277540,0
2016-06-24,22:00:00,25.78,25.78,25.68,25.7,591971,0
2016-06-27,15:35:00,25.41,25.58,25.12,25.18,261162,0
2016-06-27,15:40:00,25.18,25.22,25.07,25.08,92037,0
2016-06-27,15:45:00,25.09,25.12,24.99,24.995,174932,0
2016-06-27,15:50:00,24.99,25.06,24.97,24.995,192010,0
2016-06-27,15:55:00,24.99,25.05,24.97,24.993,122458,0
2016-06-27,16:00:00,24.99,24.995,24.9,24.9,51597,0
2016-06-27,16:05:00,24.91,25.01,24.9,24.92,58189,0
2016-06-27,16:10:00,24.92,24.92,24.77,24.79,79215,0
2016-06-27,16:15:00,24.79,24.805,24.72,24.74,112107,0
2016-06-27,16:20:00,24.74,24.745,24.65,24.67,127827,0
2016-06-27,16:25:00,24.67,24.7054,24.65,24.66,73118,0
2016-06-27,16:30:00,24.6602,24.7269,24.65,24.69,193760,0
2016-06-27,16:35:00,24.69,24.8,24.69,24.795,188612,0
2016-06-27,16:40:00,24.795,24.82,24.739,24.74,79849,0
2016-06-27,16:45:00,24.75,24.795,24.73,24.74,78731,0
2016-06-27,16:50:00,24.74,24.749,24.62,24.625,83088,0
2016-06-27,16:55:00,24.625,24.63,24.52,24.55,74815,0
2016-06-27,17:00:00,24.54,24.555,24.51,24.5199,70688,0
2016-06-27,17:05:00,24.515,24.6275,24.51,24.6,75874,0
2016-06-27,17:10:00,24.6037,24.6501,24.58,24.59,69262,0
2016-06-27,17:15:00,24.59,24.6,24.54,24.55,78274,0
2016-06-27,17:20:00,24.55,24.61,24.54,24.6099,70254,0
2016-06-27,17:25:00,24.61,24.65,24.58,24.6,81799,0
2016-06-27,17:30:00,24.61,24.69,24.56,24.685,103937,0
2016-06-27,17:35:00,24.69,24.84,24.685,24.82,176419,0
2016-06-27,17:40:00,24.8199,24.9,24.8,24.9,86829,0
2016-06-27,17:45:00,24.89,24.94,24.88,24.92,44210,0
2016-06-27,17:50:00,24.915,24.98,24.885,24.91,75582,0
2016-06-27,17:55:00,24.91,24.93,24.84,24.87,35411,0
2016-06-27,18:00:00,24.88,24.89,24.825,24.85,132081,0
2016-06-27,18:05:00,24.84,24.85,24.8,24.84,39367,0
2016-06-27,18:10:00,24.8499,24.86,24.815,24.84,68185,0
2016-06-27,18:15:00,24.84,24.85,24.8,24.81,91790,0
2016-06-27,18:20:00,24.815,24.85,24.8,24.825,64462,0
2016-06-27,18:25:00,24.825,24.84,24.81,24.84,56850,0
2016-06-27,18:30:00,24.8301,24.8654,24.82,24.845,54836,0
2016-06-27,18:35:00,24.85,24.87,24.815,24.83,81992,0
2016-06-27,18:40:00,24.8254,24.84,24.81,24.81,40196,0
2016-06-27,18:45:00,24.81,24.815,24.76,24.765,50418,0
2016-06-27,18:50:00,24.77,24.8,24.74,24.8,30066,0
2016-06-27,18:55:00,24.8,24.81,24.76,24.79,40662,0
2016-06-27,19:00:00,24.79,24.83,24.785,24.81,55495,0
2016-06-27,19:05:00,24.8,24.815,24.78,24.785,93357,0
2016-06-27,19:10:00,24.79,24.8,24.75,24.75,50356,0
2016-06-27,19:15:00,24.75,24.77,24.74,24.75,28379,0
2016-06-27,19:20:00,24.76,24.8168,24.75,24.8,23022,0
2016-06-27,19:25:00,24.8,24.805,24.77,24.78,32010,0
2016-06-27,19:30:00,24.77,24.83,24.77,24.815,38990,0
2016-06-27,19:35:00,24.815,24.84,24.75,24.77,61960,0
2016-06-27,19:40:00,24.775,24.78,24.74,24.755,43942,0
2016-06-27,19:45:00,24.755,24.755,24.67,24.68,93342,0
2016-06-27,19:50:00,24.67,24.705,24.66,24.7,44348,0
2016-06-27,19:55:00,24.69,24.72,24.66,24.7,34326,0
2016-06-27,20:00:00,24.69,24.7087,24.655,24.66,99034,0
2016-06-27,20:05:00,24.665,24.69,24.65,24.675,145804,0
2016-06-27,20:10:00,24.67,24.68,24.61,24.625,61845,0
2016-06-27,20:15:00,24.62,24.64,24.58,24.58,56103,0
2016-06-27,20:20:00,24.58,24.59,24.52,24.545,95760,0
2016-06-27,20:25:00,24.55,24.62,24.5454,24.59,159260,0
2016-06-27,20:30:00,24.59,24.63,24.56,24.63,74875,0
2016-06-27,20:35:00,24.63,24.64,24.58,24.59,64910,0
2016-06-27,20:40:00,24.6,24.65,24.595,24.62,47612,0
2016-06-27,20:45:00,24.62,24.635,24.595,24.61,77015,0
2016-06-27,20:50:00,24.62,24.62,24.53,24.535,53492,0
2016-06-27,20:55:00,24.53,24.55,24.5,24.5054,85846,0
2016-06-27,21:00:00,24.5,24.55,24.5,24.51,65112,0
2016-06-27,21:05:00,24.52,24.595,24.52,24.595,74297,0
2016-06-27,21:10:00,24.59,24.595,24.545,24.56,78822,0
2016-06-27,21:15:00,24.5599,24.6,24.55,24.58,92739,0
2016-06-27,21:20:00,24.58,24.58,24.49,24.495,156921,0
2016-06-27,21:25:00,24.4926,24.51,24.43,24.45,101512,0
2016-06-27,21:30:00,24.449,24.5054,24.44,24.495,156564,0
2016-06-27,21:35:00,24.491,24.509,24.47,24.475,296308,0
2016-06-27,21:40:00,24.47,24.56,24.46,24.56,500607,0
2016-06-27,21:45:00,24.55,24.58,24.51,24.535,283619,0
2016-06-27,21:50:00,24.54,24.595,24.53,24.585,265956,0
2016-06-27,21:55:00,24.58,24.585,24.54,24.555,303248,0
2016-06-27,22:00:00,24.555,24.555,24.48,24.48,1501686,0
2016-06-28,15:35:00,24.75,24.91,24.7,24.82,218039,0
2016-06-28,15:40:00,24.81,24.8282,24.68,24.735,168400,0
2016-06-28,15:45:00,24.74,24.85,24.72,24.815,103713,0
2016-06-28,15:50:00,24.81,24.84,24.73,24.77,171164,0
2016-06-28,15:55:00,24.77,24.85,24.77,24.85,72154,0
2016-06-28,16:00:00,24.85,24.91,24.845,24.88,253317,0
2016-06-28,16:05:00,24.885,24.98,24.87,24.97,195231,0
2016-06-28,16:10:00,24.97,24.975,24.89,24.9,89012,0
2016-06-28,16:15:00,24.9,24.9884,24.8932,24.97,158543,0
2016-06-28,16:20:00,24.98,24.98,24.93,24.955,91884,0
2016-06-28,16:25:00,24.96,25,24.94,24.9433,95424,0
2016-06-28,16:30:00,24.95,24.97,24.86,24.86,118017,0
2016-06-28,16:35:00,24.87,24.93,24.85,24.93,119373,0
2016-06-28,16:40:00,24.93,24.94,24.85,24.87,127039,0
2016-06-28,16:45:00,24.86,24.91,24.84,24.89,62382,0
2016-06-28,16:50:00,24.89,24.93,24.86,24.89,67294,0
2016-06-28,16:55:00,24.8842,24.92,24.87,24.92,54723,0
2016-06-28,17:00:00,24.92,24.94,24.84,24.86,132012,0
2016-06-28,17:05:00,24.8599,24.88,24.82,24.845,103963,0
2016-06-28,17:10:00,24.845,24.895,24.83,24.84,98756,0
2016-06-28,17:15:00,24.84,24.87,24.825,24.825,116917,0
2016-06-28,17:20:00,24.83,24.86,24.82,24.83,50574,0
2016-06-28,17:25:00,24.83,24.83,24.76,24.765,84537,0
2016-06-28,17:30:00,24.77,24.77,24.73,24.74,66300,0
2016-06-28,17:35:00,24.74,24.775,24.73,24.77,59859,0
2016-06-28,17:40:00,24.77,24.79,24.75,24.78,51211,0
2016-06-28,17:45:00,24.775,24.79,24.75,24.779,50146,0
2016-06-28,17:50:00,24.78,24.84,24.78,24.835,46255,0
2016-06-28,17:55:00,24.84,24.85,24.81,24.83,49948,0
2016-06-28,18:00:00,24.83,24.855,24.82,24.82,67424,0
2016-06-28,18:05:00,24.83,24.83,24.78,24.78,55788,0
2016-06-28,18:10:00,24.78,24.8,24.78,24.795,39018,0
2016-06-28,18:15:00,24.79,24.8383,24.79,24.81,43139,0
2016-06-28,18:20:00,24.81,24.82,24.78,24.79,46590,0
2016-06-28,18:25:00,24.7901,24.8,24.78,24.79,41257,0
2016-06-28,18:30:00,24.79,24.809,24.78,24.78,52805,0
2016-06-28,18:35:00,24.785,24.808,24.78,24.7933,65344,0
2016-06-28,18:40:00,24.79,24.805,24.78,24.8,49698,0
2016-06-28,18:45:00,24.8,24.845,24.79,24.795,52757,0
2016-06-28,18:50:00,24.79,24.8,24.74,24.745,97506,0
2016-06-28,18:55:00,24.745,24.76,24.74,24.745,46054,0
2016-06-28,19:00:00,24.745,24.755,24.72,24.735,107408,0
2016-06-28,19:05:00,24.735,24.74,24.71,24.71,67293,0
2016-06-28,19:10:00,24.71,24.735,24.675,24.719,108725,0
2016-06-28,19:15:00,24.719,24.72,24.71,24.715,30094,0
2016-06-28,19:20:00,24.71,24.72,24.65,24.66,99152,0
2016-06-28,19:25:00,24.66,24.69,24.64,24.645,38749,0
2016-06-28,19:30:00,24.64,24.7,24.63,24.68,81924,0
2016-06-28,19:35:00,24.68,24.71,24.66,24.67,69289,0
2016-06-28,19:40:00,24.665,24.71,24.6635,24.68,49247,0
2016-06-28,19:45:00,24.69,24.73,24.685,24.69,53984,0
2016-06-28,19:50:00,24.695,24.7,24.68,24.69,34036,0
2016-06-28,19:55:00,24.69,24.73,24.67,24.71,60542,0
2016-06-28,20:00:00,24.71,24.745,24.695,24.735,233211,0
2016-06-28,20:05:00,24.735,24.805,24.73,24.7654,185691,0
2016-06-28,20:10:00,24.765,24.79,24.75,24.77,122110,0
2016-06-28,20:15:00,24.77,24.77,24.71,24.71,52747,0
2016-06-28,20:20:00,24.705,24.765,24.7,24.75,66781,0
2016-06-28,20:25:00,24.75,24.76,24.72,24.73,30790,0
2016-06-28,20:30:00,24.725,24.785,24.72,24.765,80383,0
2016-06-28,20:35:00,24.76,24.85,24.75,24.84,318353,0
2016-06-28,20:40:00,24.84,24.92,24.835,24.89,88425,0
2016-06-28,20:45:00,24.9,24.91,24.86,24.86,101674,0
2016-06-28,20:50:00,24.87,24.935,24.86,24.93,55373,0
2016-06-28,20:55:00,24.935,25.029,24.93,25.02,86420,0
2016-06-28,21:00:00,25.025,25.12,25.025,25.065,72355,0
2016-06-28,21:05:00,25.065,25.07,25.03,25.045,61096,0
2016-06-28,21:10:00,25.045,25.08,25.045,25.065,55005,0
2016-06-28,21:15:00,25.06,25.135,25.06,25.135,116388,0
2016-06-28,21:20:00,25.13,25.13,25.07,25.07,91463,0
2016-06-28,21:25:00,25.07,25.0962,25.06,25.06,99081,0
2016-06-28,21:30:00,25.06,25.07,25,25.035,91315,0
2016-06-28,21:35:00,25.03,25.07,25.01,25.02,104449,0
2016-06-28,21:40:00,25.01,25.07,25,25.05,114632,0
2016-06-28,21:45:00,25.05,25.09,25.05,25.0854,121284,0
2016-06-28,21:50:00,25.08,25.11,25.07,25.105,144942,0
2016-06-28,21:55:00,25.11,25.115,25.06,25.09,119946,0
2016-06-28,22:00:00,25.09,25.11,25.08,25.1,302092,0
2016-06-29,15:35:00,25.38,25.65,25.27,25.62,166240,0
2016-06-29,15:40:00,25.63,25.655,25.34,25.5,97208,0
2016-06-29,15:45:00,25.5,25.505,25.34,25.42,77561,0
2016-06-29,15:50:00,25.43,25.445,25.34,25.365,141050,0
2016-06-29,15:55:00,25.37,25.47,25.3499,25.43,144794,0
2016-06-29,16:00:00,25.43,25.505,25.41,25.41,105161,0
2016-06-29,16:05:00,25.42,25.555,25.407,25.49,60559,0
2016-06-29,16:10:00,25.5,25.527,25.481,25.51,49277,0
2016-06-29,16:15:00,25.52,25.55,25.49,25.515,47402,0
2016-06-29,16:20:00,25.52,25.57,25.52,25.53,32426,0
2016-06-29,16:25:00,25.5355,25.58,25.525,25.57,65659,0
2016-06-29,16:30:00,25.565,25.605,25.53,25.5346,156699,0
2016-06-29,16:35:00,25.53,25.58,25.52,25.54,90012,0
2016-06-29,16:40:00,25.54,25.55,25.5,25.5065,74126,0
2016-06-29,16:45:00,25.5,25.54,25.5,25.53,44744,0
2016-06-29,16:50:00,25.53,25.59,25.51,25.59,76009,0
2016-06-29,16:55:00,25.59,25.61,25.56,25.59,43075,0
2016-06-29,17:00:00,25.585,25.597,25.555,25.59,46683,0
2016-06-29,17:05:00,25.585,25.64,25.56,25.62,50058,0
2016-06-29,17:10:00,25.62,25.63,25.59,25.605,44986,0
2016-06-29,17:15:00,25.61,25.64,25.6,25.625,54780,0
2016-06-29,17:20:00,25.63,25.65,25.605,25.62,30732,0
2016-06-29,17:25:00,25.63,25.65,25.61,25.635,50549,0
2016-06-29,17:30:00,25.64,25.68,25.635,25.68,50116,0
2016-06-29,17:35:00,25.68,25.71,25.65,25.695,39490,0
2016-06-29,17:40:00,25.6934,25.725,25.67,25.69,39521,0
2016-06-29,17:45:00,25.69,25.71,25.67,25.67,34591,0
2016-06-29,17:50:00,25.67,25.68,25.655,25.67,23190,0
2016-06-29,17:55:00,25.67,25.68,25.65,25.68,51444,0
2016-06-29,18:00:00,25.68,25.71,25.67,25.68,47422,0
2016-06-29,18:05:00,25.68,25.68,25.64,25.655,33715,0
2016-06-29,18:10:00,25.65,25.675,25.641,25.665,25591,0
2016-06-29,18:15:00,25.67,25.675,25.65,25.66,21842,0
2016-06-29,18:20:00,25.66,25.675,25.64,25.66,34856,0
2016-06-29,18:25:00,25.66,25.68,25.65,25.665,39699,0
2016-06-29,18:30:00,25.665,25.696,25.665,25.695,18256,0
2016-06-29,18:35:00,25.695,25.695,25.655,25.68,40024,0
2016-06-29,18:40:00,25.68,25.705,25.68,25.7,33576,0
2016-06-29,18:45:00,25.69,25.695,25.65,25.66,43555,0
2016-06-29,18:50:00,25.65,25.67,25.635,25.64,42557,0
2016-06-29,18:55:00,25.65,25.655,25.63,25.6454,37237,0
2016-06-29,19:00:00,25.65,25.68,25.64,25.67,23883,0
2016-06-29,19:05:00,25.67,25.68,25.65,25.67,31773,0
2016-06-29,19:10:00,25.675,25.6899,25.64,25.645,23344,0
2016-06-29,19:15:00,25.64,25.65,25.62,25.63,52480,0
2016-06-29,19:20:00,25.625,25.64,25.62,25.635,32951,0
2016-06-29,19:25:00,25.635,25.67,25.63,25.665,39593,0
2016-06-29,19:30:00,25.67,25.68,25.65,25.65,21898,0
2016-06-29,19:35:00,25.65,25.66,25.62,25.62,37563,0
2016-06-29,19:40:00,25.62,25.63,25.6,25.625,42109,0
2016-06-29,19:45:00,25.625,25.6399,25.595,25.6065,31671,0
2016-06-29,19:50:00,25.605,25.62,25.59,25.59,40996,0
2016-06-29,19:55:00,25.59,25.605,25.57,25.605,36899,0
2016-06-29,20:00:00,25.61,25.64,25.61,25.64,28794,0
2016-06-29,20:05:00,25.64,25.66,25.63,25.65,55459,0
2016-06-29,20:10:00,25.65,25.67,25.62,25.645,53745,0
2016-06-29,20:15:00,25.65,25.665,25.63,25.66,38881,0
2016-06-29,20:20:00,25.66,25.67,25.61,25.61,43852,0
2016-06-29,20:25:00,25.61,25.68,25.61,25.66,57019,0
2016-06-29,20:30:00,25.66,25.66,25.635,25.66,29135,0
2016-06-29,20:35:00,25.65,25.68,25.65,25.665,28213,0
2016-06-29,20:40:00,25.66,25.685,25.66,25.665,38483,0
2016-06-29,20:45:00,25.67,25.705,25.665,25.68,43498,0
2016-06-29,20:50:00,25.68,25.71,25.65,25.66,55421,0
2016-06-29,20:55:00,25.66,25.69,25.62,25.635,39293,0
2016-06-29,21:00:00,25.6334,25.695,25.6334,25.69,53012,0
2016-06-29,21:05:00,25.685,25.705,25.66,25.675,76087,0
2016-06-29,21:10:00,25.67,25.7,25.65,25.69,43116,0
2016-06-29,21:15:00,25.695,25.72,25.68,25.69,60504,0
2016-06-29,21:20:00,25.69,25.7,25.675,25.69,60127,0
2016-06-29,21:25:00,25.6954,25.71,25.65,25.65,66369,0
2016-06-29,21:30:00,25.65,25.68,25.65,25.68,55599,0
2016-06-29,21:35:00,25.675,25.68,25.63,25.68,69181,0
2016-06-29,21:40:00,25.68,25.69,25.66,25.66,89348,0
2016-06-29,21:45:00,25.67,25.67,25.62,25.635,128579,0
2016-06-29,21:50:00,25.635,25.69,25.625,25.685,135167,0
2016-06-29,21:55:00,25.69,25.71,25.66,25.69,214538,0
2016-06-29,22:00:00,25.69,25.71,25.66,25.68,394361,0
2016-06-30,15:35:00,25.73,25.77,25.68,25.7,92024,0
2016-06-30,15:40:00,25.73,25.7401,25.65,25.72,73694,0
2016-06-30,15:45:00,25.71,25.73,25.62,25.66,76017,0
2016-06-30,15:50:00,25.66,25.68,25.59,25.67,73653,0
2016-06-30,15:55:00,25.67,25.67,25.6,25.61,69896,0
2016-06-30,16:00:00,25.6,25.62,25.42,25.43,241993,0
2016-06-30,16:05:00,25.43,25.5,25.3569,25.4355,157233,0
2016-06-30,16:10:00,25.43,25.47,25.4,25.435,51044,0
2016-06-30,16:15:00,25.445,25.57,25.445,25.57,62003,0
2016-06-30,16:20:00,25.59,25.6,25.52,25.5446,47712,0
2016-06-30,16:25:00,25.545,25.57,25.53,25.54,40083,0
2016-06-30,16:30:00,25.55,25.55,25.49,25.51,38868,0
2016-06-30,16:35:00,25.51,25.57,25.51,25.545,38905,0
2016-06-30,16:40:00,25.549,25.56,25.35,25.35,130155,0
2016-06-30,16:45:00,25.36,25.44,25.25,25.41,143218,0
2016-06-30,16:50:00,25.42,25.54,25.415,25.525,69012,0
2016-06-30,16:55:00,25.5245,25.6,25.5245,25.58,56503,0
2016-06-30,17:00:00,25.58,25.655,25.58,25.64,62908,0
2016-06-30,17:05:00,25.64,25.65,25.57,25.6,95058,0
2016-06-30,17:10:00,25.59,25.675,25.54,25.655,260718,0
2016-06-30,17:15:00,25.66,25.715,25.64,25.715,63482,0
2016-06-30,17:20:00,25.72,25.73,25.6601,25.68,52115,0
2016-06-30,17:25:00,25.68,25.7,25.65,25.7,62883,0
2016-06-30,17:30:00,25.69,25.745,25.675,25.73,44150,0
2016-06-30,17:35:00,25.73,25.77,25.62,25.65,103108,0
2016-06-30,17:40:00,25.65,25.7,25.58,25.7,117463,0
2016-06-30,17:45:00,25.71,25.71,25.62,25.645,46635,0
2016-06-30,17:50:00,25.64,25.74,25.64,25.7329,31957,0
2016-06-30,17:55:00,25.73,25.73,25.68,25.7,40778,0
2016-06-30,18:00:00,25.71,25.725,25.67,25.7041,34574,0
2016-06-30,18:05:00,25.7,25.74,25.69,25.71,94303,0
2016-06-30,18:10:00,25.7,25.71,25.635,25.65,71302,0
2016-06-30,18:15:00,25.66,25.72,25.659,25.71,47888,0
2016-06-30,18:20:00,25.72,25.765,25.71,25.75,47784,0
2016-06-30,18:25:00,25.74,25.79,25.705,25.78,42081,0
2016-06-30,18:30:00,25.78,25.8,25.76,25.785,38008,0
2016-06-30,18:35:00,25.78,25.8,25.75,25.78,39540,0
2016-06-30,18:40:00,25.78,25.78,25.76,25.78,47388,0
2016-06-30,18:45:00,25.775,25.79,25.745,25.775,34764,0
2016-06-30,18:50:00,25.77,25.83,25.77,25.83,42723,0
2016-06-30,18:55:00,25.83,25.86,25.81,25.85,45230,0
2016-06-30,19:00:00,25.85,25.89,25.845,25.88,41938,0
2016-06-30,19:05:00,25.885,25.89,25.83,25.865,48701,0
2016-06-30,19:10:00,25.865,25.87,25.83,25.84,49510,0
2016-06-30,19:15:00,25.84,25.87,25.81,25.83,49576,0
2016-06-30,19:20:00,25.84,25.895,25.835,25.875,35942,0
2016-06-30,19:25:00,25.88,25.899,25.86,25.86,28282,0
2016-06-30,19:30:00,25.865,25.9,25.855,25.9,54200,0
2016-06-30,19:35:00,25.89,25.9,25.86,25.88,56794,0
2016-06-30,19:40:00,25.87,25.895,25.86,25.871,42494,0
2016-06-30,19:45:00,25.88,25.92,25.875,25.905,43741,0
2016-06-30,19:50:00,25.905,25.935,25.9,25.93,34381,0
2016-06-30,19:55:00,25.93,25.94,25.91,25.92,36212,0
2016-06-30,20:00:00,25.92,25.98,25.89,25.97,49487,0
2016-06-30,20:05:00,25.975,25.98,25.925,25.95,125724,0
2016-06-30,20:10:00,25.94,25.96,25.925,25.96,70425,0
2016-06-30,20:15:00,25.96,26.03,25.96,26.01,38305,0
2016-06-30,20:20:00,26.02,26.03,26.01,26.025,27065,0
2016-06-30,20:25:00,26.03,26.075,26.02,26.06,50176,0
2016-06-30,20:30:00,26.0538,26.06,25.984,26,44681,0
2016-06-30,20:35:00,26,26.01,25.96,25.96,49381,0
2016-06-30,20:40:00,25.96,26,25.96,25.98,54381,0
2016-06-30,20:45:00,25.98,26.01,25.98,25.995,51852,0
2016-06-30,20:50:00,25.99,26.01,25.98,25.995,45073,0
2016-06-30,20:55:00,25.995,26.01,25.99,26.01,35089,0
2016-06-30,21:00:00,26.0038,26.04,26,26.03,65478,0
2016-06-30,21:05:00,26.02,26.04,25.99,25.994,64074,0
2016-06-30,21:10:00,25.99,26.03,25.99,25.995,65114,0
2016-06-30,21:15:00,25.99,26.04,25.97,26.02,50274,0
2016-06-30,21:20:00,26.02,26.03,25.99,26.02,56554,0
2016-06-30,21:25:00,26.02,26.03,25.99,26.03,67553,0
2016-06-30,21:30:00,26.03,26.08,26.03,26.07,68253,0
2016-06-30,21:35:00,26.07,26.08,25.99,26.0299,190629,0
2016-06-30,21:40:00,26.02,26.02,25.985,25.995,127378,0
2016-06-30,21:45:00,25.995,26.01,25.94,25.94,179025,0
2016-06-30,21:50:00,25.94,25.975,25.93,25.965,125934,0
2016-06-30,21:55:00,25.98,26.01,25.965,25.99,565398,0
2016-06-30,22:00:00,25.99,26.08,25.9739,26.06,894471,0
2016-07-01,15:35:00,26.11,26.24,26.1,26.2,98973,0
2016-07-01,15:40:00,26.21,26.29,26.18,26.22,101050,0
2016-07-01,15:45:00,26.23,26.255,26.21,26.2325,54905,0
2016-07-01,15:50:00,26.23,26.255,26.21,26.23,76495,0
2016-07-01,15:55:00,26.24,26.285,26.22,26.285,66795,0
2016-07-01,16:00:00,26.285,26.3,26.27,26.29,53604,0
2016-07-01,16:05:00,26.29,26.31,26.28,26.3,107254,0
2016-07-01,16:10:00,26.3,26.31,26.26,26.29,64800,0
2016-07-01,16:15:00,26.3,26.31,26.27,26.31,74590,0
2016-07-01,16:20:00,26.3,26.36,26.28,26.3558,59015,0
2016-07-01,16:25:00,26.355,26.39,26.35,26.355,58328,0
2016-07-01,16:30:00,26.355,26.365,26.32,26.33,88193,0
2016-07-01,16:35:00,26.335,26.35,26.305,26.35,38054,0
2016-07-01,16:40:00,26.34,26.39,26.34,26.39,44522,0
2016-07-01,16:45:00,26.3854,26.43,26.385,26.42,43733,0
2016-07-01,16:50:00,26.43,26.44,26.42,26.4389,20726,0
2016-07-01,16:55:00,26.435,26.47,26.435,26.4485,35033,0
2016-07-01,17:00:00,26.445,26.46,26.42,26.45,54966,0
2016-07-01,17:05:00,26.44,26.51,26.43,26.505,82160,0
2016-07-01,17:10:00,26.51,26.54,26.43,26.435,41467,0
2016-07-01,17:15:00,26.4301,26.45,26.405,26.41,24623,0
2016-07-01,17:20:00,26.4036,26.405,26.342,26.35,26949,0
2016-07-01,17:25:00,26.355,26.375,26.27,26.27,87046,0
2016-07-01,17:30:00,26.28,26.3,26.26,26.275,33496,0
2016-07-01,17:35:00,26.275,26.325,26.275,26.31,48338,0
2016-07-01,17:40:00,26.3101,26.34,26.27,26.28,86460,0
2016-07-01,17:45:00,26.29,26.2982,26.27,26.29,23934,0
2016-07-01,17:50:00,26.2965,26.3,26.265,26.2737,40990,0
2016-07-01,17:55:00,26.27,26.29,26.255,26.275,40189,0
2016-07-01,18:00:00,26.28,26.34,26.28,26.33,17843,0
2016-07-01,18:05:00,26.335,26.39,26.335,26.36,36003,0
2016-07-01,18:10:00,26.36,26.41,26.36,26.38,39550,0
2016-07-01,18:15:00,26.38,26.39,26.32,26.325,47516,0
2016-07-01,18:20:00,26.32,26.32,26.285,26.295,31156,0
2016-07-01,18:25:00,26.29,26.297,26.245,26.245,28650,0
2016-07-01,18:30:00,26.25,26.25,26.195,26.2,49320,0
2016-07-01,18:35:00,26.2,26.25,26.19,26.22,28788,0
2016-07-01,18:40:00,26.22,26.29,26.215,26.215,38718,0
2016-07-01,18:45:00,26.21,26.26,26.21,26.26,17158,0
2016-07-01,18:50:00,26.255,26.265,26.225,26.245,46098,0
2016-07-01,18:55:00,26.24,26.3,26.23,26.29,51695,0
2016-07-01,19:00:00,26.3,26.315,26.25,26.25,45632,0
2016-07-01,19:05:00,26.26,26.27,26.24,26.265,35345,0
2016-07-01,19:10:00,26.265,26.31,26.26,26.295,36800,0
2016-07-01,19:15:00,26.295,26.3,26.27,26.275,23024,0
2016-07-01,19:20:00,26.275,26.29,26.25,26.255,26739,0
2016-07-01,19:25:00,26.255,26.255,26.22,26.2201,28342,0
2016-07-01,19:30:00,26.2201,26.24,26.2,26.2,25918,0
2016-07-01,19:35:00,26.21,26.255,26.195,26.255,26336,0
2016-07-01,19:40:00,26.245,26.25,26.22,26.23,27164,0
2016-07-01,19:45:00,26.22,26.26,26.22,26.24,23750,0
2016-07-01,19:50:00,26.23,26.24,26.19,26.2231,16069,0
2016-07-01,19:55:00,26.2201,26.24,26.22,26.22,16886,0
2016-07-01,20:00:00,26.22,26.25,26.22,26.24,21233,0
2016-07-01,20:05:00,26.24,26.25,26.22,26.23,55260,0
2016-07-01,20:10:00,26.23,26.26,26.22,26.24,54487,0
2016-07-01,20:15:00,26.24,26.26,26.225,26.24,17835,0
2016-07-01,20:20:00,26.24,26.25,26.23,26.25,9578,0
2016-07-01,20:25:00,26.245,26.26,26.23,26.23,22471,0
2016-07-01,20:30:00,26.2304,26.245,26.21,26.245,26472,0
2016-07-01,20:35:00,26.24,26.26,26.23,26.235,24521,0
2016-07-01,20:40:00,26.235,26.2555,26.22,26.24,30949,0
2016-07-01,20:45:00,26.23,26.235,26.19,26.195,27582,0
2016-07-01,20:50:00,26.2,26.219,26.19,26.197,17278,0
2016-07-01,20:55:00,26.195,26.21,26.19,26.205,8189,0
2016-07-01,21:00:00,26.2097,26.22,26.2,26.22,17177,0
2016-07-01,21:05:00,26.22,26.26,26.22,26.23,55946,0
2016-07-01,21:10:00,26.23,26.295,26.23,26.29,47608,0
2016-07-01,21:15:00,26.295,26.32,26.28,26.29,38433,0
2016-07-01,21:20:00,26.29,26.31,26.275,26.305,49624,0
2016-07-01,21:25:00,26.31,26.33,26.3,26.305,27723,0
2016-07-01,21:30:00,26.31,26.31,26.275,26.3,29904,0
2016-07-01,21:35:00,26.295,26.31,26.285,26.3,27574,0
2016-07-01,21:40:00,26.3,26.32,26.27,26.285,81628,0
2016-07-01,21:45:00,26.28,26.29,26.235,26.255,210668,0
2016-07-01,21:50:00,26.255,26.255,26.205,26.22,212112,0
2016-07-01,21:55:00,26.22,26.25,26.205,26.205,244124,0
2016-07-01,22:00:00,26.21,26.23,26.195,26.21,620359,0
2016-07-05,15:35:00,26.04,26.13,26,26.05,108269,0
2016-07-05,15:40:00,26.05,26.06,25.975,25.975,158719,0
2016-07-05,15:45:00,25.99,26,25.86,25.885,144907,0
2016-07-05,15:50:00,25.88,25.89,25.79,25.81,112150,0
2016-07-05,15:55:00,25.8,25.85,25.8,25.82,52488,0
2016-07-05,16:00:00,25.83,25.83,25.785,25.79,166790,0
2016-07-05,16:05:00,25.79,25.81,25.78,25.79,34094,0
2016-07-05,16:10:00,25.79,25.79,25.73,25.74,80181,0
2016-07-05,16:15:00,25.745,25.75,25.68,25.71,197067,0
2016-07-05,16:20:00,25.71,25.7499,25.7,25.71,35864,0
2016-07-05,16:25:00,25.71,25.74,25.67,25.73,58488,0
2016-07-05,16:30:00,25.735,25.79,25.73,25.77,40262,0
2016-07-05,16:35:00,25.77,25.8,25.7699,25.79,179288,0
2016-07-05,16:40:00,25.79,25.8,25.745,25.7756,61478,0
2016-07-05,16:45:00,25.78,25.82,25.75,25.75,109190,0
2016-07-05,16:50:00,25.755,25.755,25.7,25.71,121865,0
2016-07-05,16:55:00,25.71,25.72,25.67,25.67,54366,0
2016-07-05,17:00:00,25.67,25.73,25.67,25.71,51042,0
2016-07-05,17:05:00,25.71,25.74,25.71,25.715,67696,0
2016-07-05,17:10:00,25.71,25.72,25.675,25.675,106509,0
2016-07-05,17:15:00,25.6798,25.685,25.62,25.64,118970,0
2016-07-05,17:20:00,25.65,25.76,25.65,25.74,85993,0
2016-07-05,17:25:00,25.74,25.77,25.72,25.77,56615,0
2016-07-05,17:30:00,25.77,25.78,25.72,25.73,38063,0
2016-07-05,17:35:00,25.72,25.73,25.69,25.72,72055,0
2016-07-05,17:40:00,25.73,25.73,25.67,25.68,29536,0
2016-07-05,17:45:00,25.68,25.68,25.64,25.64,29191,0
2016-07-05,17:50:00,25.64,25.6569,25.62,25.65,29779,0
2016-07-05,17:55:00,25.65,25.67,25.62,25.67,56787,0
2016-07-05,18:00:00,25.66,25.68,25.63,25.68,15525,0
2016-07-05,18:05:00,25.67,25.72,25.65,25.71,46691,0
2016-07-05,18:10:00,25.71,25.71,25.69,25.7,25679,0
2016-07-05,18:15:00,25.69,25.7,25.673,25.673,29399,0
2016-07-05,18:20:00,25.675,25.7,25.66,25.67,61433,0
2016-07-05,18:25:00,25.67,25.7,25.66,25.68,28341,0
2016-07-05,18:30:00,25.68,25.694,25.67,25.68,63412,0
2016-07-05,18:35:00,25.68,25.7,25.68,25.7,103415,0
2016-07-05,18:40:00,25.695,25.7,25.635,25.64,62531,0
2016-07-05,18:45:00,25.63,25.65,25.62,25.63,37637,0
2016-07-05,18:50:00,25.63,25.66,25.63,25.63,16341,0
2016-07-05,18:55:00,25.63,25.64,25.59,25.595,87982,0
2016-07-05,19:00:00,25.59,25.61,25.59,25.61,44824,0
2016-07-05,19:05:00,25.6,25.62,25.59,25.595,50872,0
2016-07-05,19:10:00,25.59,25.63,25.58,25.63,37839,0
2016-07-05,19:15:00,25.63,25.65,25.58,25.6,35333,0
2016-07-05,19:20:00,25.595,25.62,25.58,25.58,23610,0
2016-07-05,19:25:00,25.585,25.61,25.58,25.6,19392,0
2016-07-05,19:30:00,25.61,25.61,25.6,25.6066,13341,0
2016-07-05,19:35:00,25.61,25.64,25.61,25.64,72646,0
2016-07-05,19:40:00,25.64,25.65,25.59,25.61,71865,0
2016-07-05,19:45:00,25.6,25.6,25.56,25.56,34825,0
2016-07-05,19:50:00,25.565,25.565,25.53,25.545,42837,0
2016-07-05,19:55:00,25.54,25.5464,25.53,25.5301,30734,0
2016-07-05,20:00:00,25.54,25.55,25.53,25.54,44441,0
2016-07-05,20:05:00,25.545,25.59,25.54,25.59,47288,0
2016-07-05,20:10:00,25.59,25.59,25.56,25.57,68139,0
2016-07-05,20:15:00,25.57,25.63,25.57,25.63,33108,0
2016-07-05,20:20:00,25.63,25.65,25.61,25.62,64687,0
2016-07-05,20:25:00,25.627,25.63,25.59,25.6,33830,0
2016-07-05,20:30:00,25.6,25.61,25.58,25.6,39078,0
2016-07-05,20:35:00,25.6,25.64,25.6,25.62,74190,0
2016-07-05,20:40:00,25.61,25.61,25.58,25.58,54424,0
2016-07-05,20:45:00,25.58,25.59,25.56,25.565,35288,0
2016-07-05,20:50:00,25.57,25.58,25.545,25.56,68818,0
2016-07-05,20:55:00,25.56,25.58,25.53,25.58,35371,0
2016-07-05,21:00:00,25.58,25.6,25.56,25.6,32703,0
2016-07-05,21:05:00,25.6,25.605,25.59,25.6,58738,0
2016-07-05,21:10:00,25.6,25.62,25.57,25.615,64190,0
2016-07-05,21:15:00,25.62,25.62,25.58,25.59,57005,0
2016-07-05,21:20:00,25.59,25.63,25.58,25.625,40153,0
2016-07-05,21:25:00,25.625,25.63,25.61,25.63,62635,0
2016-07-05,21:30:00,25.63,25.64,25.61,25.625,79523,0
2016-07-05,21:35:00,25.62,25.7,25.62,25.7,99505,0
2016-07-05,21:40:00,25.695,25.7,25.69,25.695,71221,0
2016-07-05,21:45:00,25.69,25.73,25.675,25.72,134423,0
2016-07-05,21:50:00,25.72,25.745,25.69,25.695,104856,0
2016-07-05,21:55:00,25.7,25.72,25.695,25.71,163201,0
2016-07-05,22:00:00,25.705,25.71,25.64,25.67,1133187,0
2016-07-06,15:35:00,25.5,25.63,25.41,25.42,103795,0
2016-07-06,15:40:00,25.42,25.52,25.4,25.5,58628,0
2016-07-06,15:45:00,25.49,25.5,25.44,25.47,76935,0
2016-07-06,15:50:00,25.46,25.53,25.45,25.5166,62296,0
2016-07-06,15:55:00,25.52,25.6,25.52,25.59,116849,0
2016-07-06,16:00:00,25.59,25.61,25.57,25.605,109384,0
2016-07-06,16:05:00,25.61,25.68,25.59,25.61,67987,0
2016-07-06,16:10:00,25.62,25.62,25.49,25.51,81650,0
2016-07-06,16:15:00,25.52,25.545,25.5,25.54,86216,0
2016-07-06,16:20:00,25.54,25.54,25.44,25.46,52187,0
2016-07-06,16:25:00,25.46,25.46,25.41,25.45,101782,0
2016-07-06,16:30:00,25.45,25.48,25.38,25.4,80214,0
2016-07-06,16:35:00,25.39,25.435,25.3301,25.425,105939,0
2016-07-06,16:40:00,25.42,25.48,25.39,25.47,53338,0
2016-07-06,16:45:00,25.48,25.5062,25.455,25.4725,47920,0
2016-07-06,16:50:00,25.48,25.535,25.46,25.53,63615,0
2016-07-06,16:55:00,25.53,25.6,25.53,25.561,66055,0
2016-07-06,17:00:00,25.57,25.62,25.57,25.62,42032,0
2016-07-06,17:05:00,25.62,25.68,25.62,25.67,57180,0
2016-07-06,17:10:00,25.67,25.69,25.655,25.675,108052,0
2016-07-06,17:15:00,25.67,25.75,25.67,25.725,48899,0
2016-07-06,17:20:00,25.72,25.73,25.695,25.705,70017,0
2016-07-06,17:25:00,25.71,25.7129,25.625,25.64,50297,0
2016-07-06,17:30:00,25.65,25.675,25.61,25.61,34144,0
2016-07-06,17:35:00,25.61,25.69,25.61,25.62,78892,0
2016-07-06,17:40:00,25.62,25.655,25.61,25.65,28481,0
2016-07-06,17:45:00,25.66,25.67,25.63,25.665,24472,0
2016-07-06,17:50:00,25.67,25.6776,25.64,25.64,26447,0
2016-07-06,17:55:00,25.64,25.705,25.63,25.69,44762,0
2016-07-06,18:00:00,25.69,25.73,25.67,25.72,25280,0
2016-07-06,18:05:00,25.7235,25.79,25.715,25.785,80525,0
2016-07-06,18:10:00,25.79,25.82,25.78,25.81,27200,0
2016-07-06,18:15:00,25.8,25.805,25.75,25.75,69147,0
2016-07-06,18:20:00,25.76,25.8,25.75,25.785,28269,0
2016-07-06,18:25:00,25.79,25.82,25.76,25.77,50671,0
2016-07-06,18:30:00,25.769,25.79,25.75,25.76,39045,0
2016-07-06,18:35:00,25.7699,25.8,25.765,25.795,32065,0
2016-07-06,18:40:00,25.795,25.81,25.76,25.775,31325,0
2016-07-06,18:45:00,25.78,25.805,25.77,25.77,22241,0
2016-07-06,18:50:00,25.7799,25.7799,25.73,25.76,34703,0
2016-07-06,18:55:00,25.76,25.805,25.745,25.79,42555,0
2016-07-06,19:00:00,25.78,25.84,25.78,25.84,30325,0
2016-07-06,19:05:00,25.83,25.87,25.83,25.85,33196,0
2016-07-06,19:10:00,25.855,25.86,25.81,25.83,27452,0
2016-07-06,19:15:00,25.835,25.8499,25.82,25.83,13631,0
2016-07-06,19:20:00,25.83,25.85,25.82,25.835,27045,0
2016-07-06,19:25:00,25.834,25.85,25.79,25.81,24972,0
2016-07-06,19:30:00,25.8,25.83,25.79,25.83,11793,0
2016-07-06,19:35:00,25.83,25.84,25.81,25.81,24807,0
2016-07-06,19:40:00,25.8,25.835,25.79,25.82,37434,0
2016-07-06,19:45:00,25.83,25.84,25.785,25.785,18693,0
2016-07-06,19:50:00,25.785,25.815,25.78,25.7936,35599,0
2016-07-06,19:55:00,25.8,25.84,25.79,25.82,22092,0
2016-07-06,20:00:00,25.815,25.835,25.79,25.8,34051,0
2016-07-06,20:05:00,25.8,25.83,25.75,25.79,69136,0
2016-07-06,20:10:00,25.78,25.83,25.78,25.83,27408,0
2016-07-06,20:15:00,25.83,25.84,25.78,25.78,42391,0
2016-07-06,20:20:00,25.79,25.82,25.76,25.82,44842,0
2016-07-06,20:25:00,25.82,25.83,25.78,25.81,57064,0
2016-07-06,20:30:00,25.81,25.83,25.79,25.83,39508,0
2016-07-06,20:35:00,25.82,25.84,25.815,25.815,33984,0
2016-07-06,20:40:00,25.82,25.86,25.8,25.86,33346,0
2016-07-06,20:45:00,25.8599,25.87,25.83,25.86,32630,0
2016-07-06,20:50:00,25.86,25.87,25.84,25.8427,33635,0
2016-07-06,20:55:00,25.84,25.89,25.84,25.885,37196,0
2016-07-06,21:00:00,25.885,25.91,25.88,25.91,39531,0
2016-07-06,21:05:00,25.91,25.92,25.89,25.915,21832,0
2016-07-06,21:10:00,25.915,25.92,25.885,25.9,31062,0
2016-07-06,21:15:00,25.905,25.92,25.89,25.89,20084,0
2016-07-06,21:20:00,25.89,25.93,25.89,25.91,33086,0
2016-07-06,21:25:00,25.91,25.91,25.87,25.875,30769,0
2016-07-06,21:30:00,25.87,25.88,25.86,25.86,45002,0
2016-07-06,21:35:00,25.86,25.89,25.86,25.8875,56858,0
2016-07-06,21:40:00,25.89,25.915,25.875,25.905,81564,0
2016-07-06,21:45:00,25.905,25.96,25.9,25.96,68303,0
2016-07-06,21:50:00,25.955,25.9575,25.92,25.93,41164,0
2016-07-06,21:55:00,25.93,25.955,25.9105,25.95,136191,0
2016-07-06,22:00:00,25.95,25.98,25.945,25.97,701433,0
2016-07-07,15:35:00,25.91,26.12,25.821,26.095,103964,0
2016-07-07,15:40:00,26.1,26.16,26.07,26.1,45018,0
2016-07-07,15:45:00,26.1,26.19,26.09,26.14,33550,0
2016-07-07,15:50:00,26.14,26.22,26.12,26.19,94132,0
2016-07-07,15:55:00,26.18,26.24,26.18,26.23,51011,0
2016-07-07,16:00:00,26.23,26.23,26.19,26.19,36945,0
2016-07-07,16:05:00,26.2,26.21,26.12,26.14,52998,0
2016-07-07,16:10:00,26.13,26.165,26.11,26.12,31335,0
2016-07-07,16:15:00,26.11,26.16,26.09,26.16,29559,0
2016-07-07,16:20:00,26.16,26.22,26.15,26.19,46786,0
2016-07-07,16:25:00,26.19,26.19,26.15,26.179,30930,0
2016-07-07,16:30:00,26.18,26.2,26.17,26.175,33345,0
2016-07-07,16:35:00,26.17,26.205,26.165,26.19,42499,0
2016-07-07,16:40:00,26.18,26.18,26.15,26.175,28328,0
2016-07-07,16:45:00,26.17,26.18,26.12,26.12,23902,0
2016-07-07,16:50:00,26.12,26.13,26.09,26.12,39383,0
2016-07-07,16:55:00,26.11,26.13,26.05,26.07,39354,0
2016-07-07,17:00:00,26.07,26.07,25.975,25.975,103110,0
2016-07-07,17:05:00,25.97,25.99,25.88,25.89,88778,0
2016-07-07,17:10:00,25.88,25.93,25.83,25.92,78312,0
2016-07-07,17:15:00,25.93,26,25.925,25.99,41927,0
2016-07-07,17:20:00,25.99,26.02,25.96,25.97,37387,0
2016-07-07,17:25:00,25.97,25.9854,25.915,25.92,38864,0
2016-07-07,17:30:00,25.92,25.96,25.91,25.95,55069,0
2016-07-07,17:35:00,25.95,25.96,25.915,25.93,63183,0
2016-07-07,17:40:00,25.93,25.9454,25.92,25.94,26868,0
2016-07-07,17:45:00,25.93,25.93,25.9,25.91,27105,0
2016-07-07,17:50:00,25.905,25.905,25.8399,25.87,38660,0
2016-07-07,17:55:00,25.865,25.905,25.86,25.9,26498,0
2016-07-07,18:00:00,25.89,25.935,25.88,25.92,23956,0
2016-07-07,18:05:00,25.92,25.93,25.88,25.92,69627,0
2016-07-07,18:10:00,25.925,25.94,25.85,25.85,43686,0
2016-07-07,18:15:00,25.855,25.89,25.85,25.885,46128,0
2016-07-07,18:20:00,25.89,25.9,25.87,25.88,29069,0
2016-07-07,18:25:00,25.87,25.888,25.85,25.86,45999,0
2016-07-07,18:30:00,25.86,25.895,25.82,25.895,84025,0
2016-07-07,18:35:00,25.8901,25.92,25.89,25.915,27412,0
2016-07-07,18:40:00,25.92,25.925,25.895,25.92,20976,0
2016-07-07,18:45:00,25.9299,25.93,25.895,25.915,23506,0
2016-07-07,18:50:00,25.91,25.915,25.8675,25.87,27133,0
2016-07-07,18:55:00,25.87,25.87,25.81,25.8133,30282,0
2016-07-07,19:00:00,25.82,25.845,25.82,25.825,60072,0
2016-07-07,19:05:00,25.83,25.8499,25.8,25.81,27546,0
2016-07-07,19:10:00,25.81,25.83,25.8,25.81,39910,0
2016-07-07,19:15:00,25.815,25.845,25.8,25.835,32746,0
2016-07-07,19:20:00,25.83,25.86,25.815,25.86,20872,0
2016-07-07,19:25:00,25.86,25.87,25.85,25.8654,13625,0
2016-07-07,19:30:00,25.8601,25.91,25.8601,25.885,32968,0
2016-07-07,19:35:00,25.89,25.91,25.885,25.9,26503,0
2016-07-07,19:40:00,25.9,25.92,25.89,25.9,27961,0
2016-07-07,19:45:00,25.9054,25.9064,25.87,25.9,45330,0
2016-07-07,19:50:00,25.9,25.9,25.87,25.87,39854,0
2016-07-07,19:55:00,25.88,25.88,25.85,25.85,73775,0
2016-07-07,20:00:00,25.855,25.905,25.85,25.89,46422,0
2016-07-07,20:05:00,25.88,25.92,25.875,25.9099,46342,0
2016-07-07,20:10:00,25.905,25.905,25.86,25.88,60075,0
2016-07-07,20:15:00,25.87,25.87,25.83,25.84,68786,0
2016-07-07,20:20:00,25.85,25.87,25.84,25.845,46005,0
2016-07-07,20:25:00,25.845,25.88,25.84,25.8699,35453,0
2016-07-07,20:30:00,25.87,25.9051,25.85,25.87,46216,0
2016-07-07,20:35:00,25.87,25.885,25.845,25.845,38002,0
2016-07-07,20:40:00,25.845,25.88,25.83,25.86,50925,0
2016-07-07,20:45:00,25.85,25.86,25.825,25.83,19615,0
2016-07-07,20:50:00,25.83,25.87,25.8245,25.87,21186,0
2016-07-07,20:55:00,25.865,25.88,25.835,25.88,28664,0
2016-07-07,21:00:00,25.88,25.89,25.85,25.8616,88581,0
2016-07-07,21:05:00,25.87,25.91,25.85,25.91,69035,0
2016-07-07,21:10:00,25.91,25.94,25.89,25.935,34477,0
2016-07-07,21:15:00,25.94,25.945,25.91,25.93,29086,0
2016-07-07,21:20:00,25.93,25.93,25.8933,25.925,53218,0
2016-07-07,21:25:00,25.92,25.92,25.87,25.87,64679,0
2016-07-07,21:30:00,25.875,25.895,25.87,25.885,35174,0
2016-07-07,21:35:00,25.89,25.935,25.875,25.925,49251,0
2016-07-07,21:40:00,25.92,25.95,25.92,25.95,52865,0
2016-07-07,21:45:00,25.945,25.97,25.9,25.905,102008,0
2016-07-07,21:50:00,25.905,25.94,25.9,25.905,107378,0
2016-07-07,21:55:00,25.91,25.92,25.89,25.905,110988,0
2016-07-07,22:00:00,25.91,25.91,25.875,25.88,546073,0
2016-07-08,15:35:00,26.22,26.36,26.07,26.32,138128,0
2016-07-08,15:40:00,26.32,26.46,26.3,26.45,88589,0
2016-07-08,15:45:00,26.4501,26.58,26.4501,26.53,112224,0
2016-07-08,15:50:00,26.52,26.6,26.51,26.6,50718,0
2016-07-08,15:55:00,26.595,26.62,26.56,26.56,85338,0
2016-07-08,16:00:00,26.56,26.57,26.5,26.53,53083,0
2016-07-08,16:05:00,26.53,26.59,26.52,26.58,60747,0
2016-07-08,16:10:00,26.59,26.61,26.56,26.59,58398,0
2016-07-08,16:15:00,26.59,26.62,26.56,26.605,46571,0
2016-07-08,16:20:00,26.585,26.615,26.5,26.5,87534,0
2016-07-08,16:25:00,26.5,26.5,26.39,26.44,109517,0
2016-07-08,16:30:00,26.445,26.455,26.41,26.44,46836,0
2016-07-08,16:35:00,26.44,26.49,26.41,26.415,61085,0
2016-07-08,16:40:00,26.42,26.49,26.42,26.47,44161,0
2016-07-08,16:45:00,26.48,26.52,26.48,26.5,44099,0
2016-07-08,16:50:00,26.5,26.535,26.47,26.51,149727,0
2016-07-08,16:55:00,26.51,26.55,26.5,26.54,141496,0
2016-07-08,17:00:00,26.54,26.58,26.535,26.55,31025,0
2016-07-08,17:05:00,26.55,26.58,26.53,26.58,45393,0
2016-07-08,17:10:00,26.58,26.61,26.56,26.57,232603,0
2016-07-08,17:15:00,26.56,26.605,26.56,26.56,86659,0
2016-07-08,17:20:00,26.56,26.63,26.56,26.63,54258,0
2016-07-08,17:25:00,26.63,26.64,26.585,26.595,52942,0
2016-07-08,17:30:00,26.6,26.61,26.56,26.57,109271,0
2016-07-08,17:35:00,26.575,26.59,26.55,26.56,50642,0
2016-07-08,17:40:00,26.57,26.595,26.56,26.5801,38017,0
2016-07-08,17:45:00,26.585,26.62,26.575,26.6,38455,0
2016-07-08,17:50:00,26.6,26.645,26.59,26.64,52974,0
2016-07-08,17:55:00,26.6357,26.6651,26.6,26.655,67491,0
2016-07-08,18:00:00,26.655,26.67,26.625,26.63,152000,0
2016-07-08,18:05:00,26.63,26.65,26.61,26.61,120455,0
2016-07-08,18:10:00,26.61,26.63,26.58,26.61,281290,0
2016-07-08,18:15:00,26.62,26.65,26.56,26.58,226840,0
2016-07-08,18:20:00,26.5838,26.61,26.58,26.595,40690,0
2016-07-08,18:25:00,26.6,26.61,26.57,26.605,46557,0
2016-07-08,18:30:00,26.61,26.61,26.551,26.57,85840,0
2016-07-08,18:35:00,26.58,26.585,26.53,26.5537,104781,0
2016-07-08,18:40:00,26.56,26.62,26.56,26.605,66491,0
2016-07-08,18:45:00,26.605,26.635,26.605,26.61,37226,0
2016-07-08,18:50:00,26.615,26.62,26.6,26.615,13489,0
2016-07-08,18:55:00,26.61,26.66,26.61,26.645,33241,0
2016-07-08,19:00:00,26.64,26.65,26.61,26.617,44856,0
2016-07-08,19:05:00,26.61,26.62,26.59,26.59,52886,0
2016-07-08,19:10:00,26.59,26.61,26.58,26.595,41804,0
2016-07-08,19:15:00,26.6,26.61,26.59,26.595,36856,0
2016-07-08,19:20:00,26.595,26.595,26.58,26.585,28115,0
2016-07-08,19:25:00,26.59,26.59,26.565,26.58,35688,0
2016-07-08,19:30:00,26.58,26.6,26.55,26.56,119215,0
2016-07-08,19:35:00,26.55,26.58,26.55,26.56,120405,0
2016-07-08,19:40:00,26.57,26.57,26.53,26.535,68026,0
2016-07-08,19:45:00,26.53,26.57,26.53,26.56,71662,0
2016-07-08,19:50:00,26.56,26.58,26.53,26.58,102100,0
2016-07-08,19:55:00,26.58,26.58,26.55,26.57,73456,0
2016-07-08,20:00:00,26.57,26.605,26.565,26.605,45306,0
2016-07-08,20:05:00,26.605,26.64,26.6,26.61,84906,0
2016-07-08,20:10:00,26.605,26.62,26.59,26.62,33961,0
2016-07-08,20:15:00,26.62,26.64,26.61,26.635,28546,0
2016-07-08,20:20:00,26.63,26.66,26.61,26.645,70489,0
2016-07-08,20:25:00,26.65,26.655,26.63,26.64,31304,0
2016-07-08,20:30:00,26.64,26.65,26.63,26.64,37609,0
2016-07-08,20:35:00,26.64,26.66,26.64,26.655,85309,0
2016-07-08,20:40:00,26.66,26.68,26.64,26.65,67056,0
2016-07-08,20:45:00,26.65,26.68,26.645,26.675,52194,0
2016-07-08,20:50:00,26.67,26.68,26.62,26.6433,61847,0
2016-07-08,20:55:00,26.65,26.7,26.64,26.695,58840,0
2016-07-08,21:00:00,26.7,26.7,26.64,26.64,44860,0
2016-07-08,21:05:00,26.64,26.685,26.64,26.645,75763,0
2016-07-08,21:10:00,26.64,26.66,26.64,26.655,48678,0
2016-07-08,21:15:00,26.655,26.66,26.65,26.655,55037,0
2016-07-08,21:20:00,26.65,26.66,26.63,26.635,71103,0
2016-07-08,21:25:00,26.635,26.65,26.62,26.62,180380,0
2016-07-08,21:30:00,26.62,26.63,26.585,26.6,202823,0
2016-07-08,21:35:00,26.595,26.61,26.595,26.6075,60653,0
2016-07-08,21:40:00,26.6,26.63,26.57,26.625,154422,0
2016-07-08,21:45:00,26.62,26.62,26.55,26.58,364231,0
2016-07-08,21:50:00,26.575,26.61,26.555,26.61,195896,0
2016-07-08,21:55:00,26.61,26.61,26.55,26.57,349633,0
2016-07-08,22:00:00,26.58,26.59,26.52,26.53,1575275,0
