Date,Time,Open,High,Low,Close,Volume,OpenInt
2016-06-22,15:35:00,85.4,85.6,85.3219,85.5,25598,0
2016-06-22,15:40:00,85.5,85.5,85.24,85.24,5170,0
2016-06-22,15:45:00,85.36,85.43,85.32,85.42,2408,0
2016-06-22,15:50:00,85.47,85.47,85.2,85.32,6958,0
2016-06-22,15:55:00,85.395,85.42,85.32,85.36,6290,0
2016-06-22,16:00:00,85.32,85.4299,85.3,85.34,3875,0
2016-06-22,16:05:00,85.32,85.41,85.27,85.27,4300,0
2016-06-22,16:10:00,85.35,85.42,85.31,85.42,2618,0
2016-06-22,16:15:00,85.4325,85.49,85.4,85.46,3559,0
2016-06-22,16:20:00,85.47,85.605,85.46,85.5808,4700,0
2016-06-22,16:25:00,85.57,85.62,85.56,85.58,2444,0
2016-06-22,16:30:00,85.59,85.7,85.58,85.63,3600,0
2016-06-22,16:35:00,85.56,85.75,85.49,85.75,1973,0
2016-06-22,16:40:00,85.81,85.83,85.67,85.67,3508,0
2016-06-22,16:45:00,85.6677,85.77,85.65,85.73,2960,0
2016-06-22,16:50:00,85.73,85.73,85.605,85.66,2600,0
2016-06-22,16:55:00,85.72,85.87,85.72,85.73,3900,0
2016-06-22,17:00:00,85.7308,85.78,85.66,85.66,2489,0
2016-06-22,17:05:00,85.6799,85.71,85.64,85.69,3958,0
2016-06-22,17:10:00,85.66,85.6799,85.56,85.61,2600,0
2016-06-22,17:15:00,85.64,85.74,85.64,85.7,9412,0
2016-06-22,17:20:00,85.665,85.76,85.665,85.76,5046,0
2016-06-22,17:25:00,85.78,85.83,85.73,85.73,2100,0
2016-06-22,17:30:00,85.7,85.775,85.68,85.71,1000,0
2016-06-22,17:35:00,85.7,85.7,85.45,85.45,7073,0
2016-06-22,17:40:00,85.45,85.605,85.42,85.605,2200,0
2016-06-22,17:45:00,85.62,85.63,85.52,85.6155,2134,0
2016-06-22,17:50:00,85.598,85.64,85.43,85.43,18998,0
2016-06-22,17:55:00,85.44,85.48,85.41,85.46,2700,0
2016-06-22,18:00:00,85.532,85.64,85.52,85.56,3185,0
2016-06-22,18:05:00,85.53,85.54,85.47,85.5,1100,0
2016-06-22,18:10:00,85.4501,85.52,85.4,85.4,2823,0
2016-06-22,18:15:00,85.48,85.49,85.45,85.49,1600,0
2016-06-22,18:20:00,85.48,85.48,85.4,85.41,1613,0
2016-06-22,18:25:00,85.42,85.43,85.17,85.17,5091,0
2016-06-22,18:30:00,85.18,85.23,85.11,85.23,8711,0
2016-06-22,18:35:00,85.25,85.3,85.23,85.3,1300,0
2016-06-22,18:40:00,85.31,85.35,85.28,85.32,1984,0
2016-06-22,18:45:00,85.33,85.36,85.26,85.2899,2700,0
2016-06-22,18:50:00,85.23,85.335,85.19,85.335,2055,0
2016-06-22,18:55:00,85.34,85.34,85.3,85.3,2015,0
2016-06-22,19:00:00,85.27,85.32,85.2,85.32,6051,0
2016-06-22,19:05:00,85.37,85.37,85.21,85.21,3821,0
2016-06-22,19:10:00,85.223,85.23,85.08,85.08,5856,0
2016-06-22,19:15:00,85.04,85.16,85.02,85.16,3344,0
2016-06-22,19:20:00,85.16,85.17,85.08,85.15,3430,0
2016-06-22,19:25:00,85.1,85.2044,85.1,85.16,1467,0
2016-06-22,19:30:00,85.16,85.19,85.15,85.19,3967,0
2016-06-22,19:35:00,85.19,85.23,85.17,85.21,2052,0
2016-06-22,19:40:00,85.18,85.22,85.17,85.1888,4247,0
2016-06-22,19:45:00,85.27,85.27,85.22,85.27,1806,0
2016-06-22,19:50:00,85.27,85.2999,85.27,85.28,1200,0
2016-06-22,19:55:00,85.3,85.43,85.3,85.43,1400,0
2016-06-22,20:00:00,85.39,85.41,85.36,85.39,2179,0
2016-06-22,20:05:00,85.37,85.4,85.29,85.3625,3548,0
2016-06-22,20:10:00,85.36,85.41,85.27,85.28,4308,0
2016-06-22,20:15:00,85.29,85.35,85.29,85.32,4055,0
2016-06-22,20:20:00,85.32,85.37,85.3,85.3,4828,0
2016-06-22,20:25:00,85.28,85.28,85.2001,85.28,4303,0
2016-06-22,20:30:00,85.2957,85.32,85.2612,85.29,6073,0
2016-06-22,20:35:00,85.26,85.32,85.18,85.18,5589,0
2016-06-22,20:40:00,85.18,85.2,85.12,85.1526,7323,0
2016-06-22,20:45:00,85.16,85.25,85.15,85.21,4420,0
2016-06-22,20:50:00,85.19,85.22,85.16,85.195,7326,0
2016-06-22,20:55:00,85.18,85.24,85.14,85.2124,3048,0
2016-06-22,21:00:00,85.21,85.29,85.21,85.29,1364,0
2016-06-22,21:05:00,85.24,85.34,85.24,85.31,2475,0
2016-06-22,21:10:00,85.34,85.34,85.2,85.22,3454,0
2016-06-22,21:15:00,85.19,85.24,85.17,85.2,1818,0
2016-06-22,21:20:00,85.2,85.25,85.18,85.18,2893,0
2016-06-22,21:25:00,85.18,85.18,85.09,85.13,5600,0
2016-06-22,21:30:00,85.15,85.15,85.09,85.1,3552,0
2016-06-22,21:35:00,85.12,85.15,85.11,85.13,4490,0
2016-06-22,21:40:00,85.14,85.19,85.0515,85.1821,8300,0
2016-06-22,21:45:00,85.2,85.225,85.14,85.15,7170,0
2016-06-22,21:50:00,85.13,85.16,85.07,85.12,13300,0
2016-06-22,21:55:00,85.1,85.13,84.99,85.12,38022,0
2016-06-22,22:00:00,85.13,85.15,85.04,85.11,94946,0
2016-06-23,15:35:00,85.55,86,85.22,85.92,17276,0
2016-06-23,15:40:00,85.92,86.1,85.83,86.075,12362,0
2016-06-23,15:45:00,86.07,86.07,85.64,85.81,7492,0
2016-06-23,15:50:00,85.79,86,85.79,85.98,10756,0
2016-06-23,15:55:00,86,86.02,85.79,85.91,7123,0
2016-06-23,16:00:00,85.9,86.01,85.9,86.01,6100,0
2016-06-23,16:05:00,86.01,86.06,85.94,86.04,18254,0
2016-06-23,16:10:00,86.05,86.05,85.94,86,8373,0
2016-06-23,16:15:00,85.98,86.01,85.96,85.98,3600,0
2016-06-23,16:20:00,85.99,86.02,85.9,85.925,6400,0
2016-06-23,16:25:00,85.93,86.03,85.93,86.005,4120,0
2016-06-23,16:30:00,86.03,86.13,85.95,85.95,13956,0
2016-06-23,16:35:00,85.96,85.96,85.72,85.77,6260,0
2016-06-23,16:40:00,85.78,85.8,85.65,85.77,5644,0
2016-06-23,16:45:00,85.76,85.82,85.74,85.74,2544,0
2016-06-23,16:50:00,85.79,85.88,85.77,85.88,1800,0
2016-06-23,16:55:00,85.94,86.06,85.94,86.055,8103,0
2016-06-23,17:00:00,86.03,86.08,85.93,86.07,3841,0
2016-06-23,17:05:00,86.07,86.18,86.06,86.13,7988,0
2016-06-23,17:10:00,86.14,86.18,86.13,86.16,2718,0
2016-06-23,17:15:00,86.14,86.14,86.03,86.11,9000,0
2016-06-23,17:20:00,86.11,86.16,86.08,86.08,6282,0
2016-06-23,17:25:00,86.09,86.13,86.062,86.13,2705,0
2016-06-23,17:30:00,86.12,86.21,86.09,86.21,10450,0
2016-06-23,17:35:00,86.19,86.34,86.19,86.33,7100,0
2016-06-23,17:40:00,86.37,86.43,86.35,86.38,6180,0
2016-06-23,17:45:00,86.36,86.36,86.22,86.24,5501,0
2016-06-23,17:50:00,86.269,86.4199,86.26,86.36,2376,0
2016-06-23,17:55:00,86.415,86.5,86.26,86.26,44112,0
2016-06-23,18:00:00,86.26,86.31,86.2,86.23,5018,0
2016-06-23,18:05:00,86.2399,86.26,86.06,86.07,9491,0
2016-06-23,18:10:00,86.06,86.12,86.06,86.09,3500,0
2016-06-23,18:15:00,86.09,86.1,86.04,86.09,5600,0
2016-06-23,18:20:00,86.09,86.105,86.02,86.06,4300,0
2016-06-23,18:25:00,86.03,86.1,86.01,86.07,4009,0
2016-06-23,18:30:00,86.17,86.248,86.17,86.19,2100,0
2016-06-23,18:35:00,86.17,86.17,86.12,86.15,1341,0
2016-06-23,18:40:00,86.16,86.24,86.16,86.23,1800,0
2016-06-23,18:45:00,86.24,86.25,86.2,86.22,3600,0
2016-06-23,18:50:00,86.2,86.22,86.12,86.155,3156,0
2016-06-23,18:55:00,86.17,86.21,86.12,86.18,1714,0
2016-06-23,19:00:00,86.17,86.2595,86.17,86.17,3873,0
2016-06-23,19:05:00,86.22,86.22,86.18,86.21,1300,0
2016-06-23,19:10:00,86.19,86.23,86.16,86.215,10154,0
2016-06-23,19:15:00,86.2113,86.22,86.13,86.15,3190,0
2016-06-23,19:20:00,86.14,86.26,86.11,86.26,2900,0
2016-06-23,19:25:00,86.25,86.32,86.22,86.24,3300,0
2016-06-23,19:30:00,86.22,86.22,86.2,86.22,1600,0
2016-06-23,19:35:00,86.24,86.24,86.15,86.16,4544,0
2016-06-23,19:40:00,86.14,86.15,86.09,86.09,3700,0
2016-06-23,19:45:00,86.1,86.12,86.01,86.04,3426,0
2016-06-23,19:50:00,86.06,86.12,86.06,86.12,1600,0
2016-06-23,19:55:00,86.1,86.17,86.09,86.15,1600,0
2016-06-23,20:00:00,86.2,86.2,86.13,86.17,1200,0
2016-06-23,20:05:00,86.18,86.2,86.12,86.16,8180,0
2016-06-23,20:10:00,86.17,86.21,86.14,86.21,5197,0
2016-06-23,20:15:00,86.22,86.23,86.17,86.17,7936,0
2016-06-23,20:20:00,86.17,86.17,86.11,86.13,4500,0
2016-06-23,20:25:00,86.135,86.15,86.07,86.07,18722,0
2016-06-23,20:30:00,86.08,86.16,86.08,86.16,3185,0
2016-06-23,20:35:00,86.15,86.17,86.13,86.16,4540,0
2016-06-23,20:40:00,86.19,86.19,86.12,86.13,3171,0
2016-06-23,20:45:00,86.12,86.14,86.09,86.09,4100,0
2016-06-23,20:50:00,86.07,86.14,86.07,86.12,13243,0
2016-06-23,20:55:00,86.11,86.11,86.05,86.065,15274,0
2016-06-23,21:00:00,86.0675,86.1,86.02,86.04,15795,0
2016-06-23,21:05:00,86.03,86.04,85.98,85.98,17838,0
2016-06-23,21:10:00,85.99,86.06,85.97,86.05,9889,0
2016-06-23,21:15:00,86.04,86.04,86,86.04,20172,0
2016-06-23,21:20:00,86.03,86.04,85.99,86,6214,0
2016-06-23,21:25:00,85.99,85.99,85.95,85.95,7425,0
2016-06-23,21:30:00,85.95,85.97,85.91,85.96,9250,0
2016-06-23,21:35:00,85.97,86.04,85.94,86.015,18622,0
2016-06-23,21:40:00,86.0199,86.055,85.99,86.04,23631,0
2016-06-23,21:45:00,86.04,86.14,86.01,86.13,31832,0
2016-06-23,21:50:00,86.14,86.195,86.13,86.19,30836,0
2016-06-23,21:55:00,86.19,86.26,86.18,86.26,43589,0
2016-06-23,22:00:00,86.26,86.37,86.24,86.35,424201,0
2016-06-24,15:35:00,82.33,82.41,81.5,82.06,48072,0
2016-06-24,15:40:00,82.09,82.82,82.09,82.82,23647,0
2016-06-24,15:45:00,82.84,83.235,82.66,83.06,20197,0
2016-06-24,15:50:00,83.108,83.16,82.71,82.98,40342,0
2016-06-24,15:55:00,82.93,83.05,82.73,83.02,43098,0
2016-06-24,16:00:00,83.07,83.5,82.99,83.17,20736,0
2016-06-24,16:05:00,83.22,83.49,83.1,83.34,13761,0
2016-06-24,16:10:00,83.22,83.33,83.08,83.26,13521,0
2016-06-24,16:15:00,83.31,83.47,83.04,83.05,15306,0
2016-06-24,16:20:00,83.0501,83.08,82.93,82.93,22995,0
2016-06-24,16:25:00,82.93,83.07,82.72,82.8,35978,0
2016-06-24,16:30:00,82.83,82.84,82.6,82.81,22630,0
2016-06-24,16:35:00,82.74,83.09,82.74,82.83,30461,0
2016-06-24,16:40:00,82.88,83.12,82.87,83.12,5700,0
2016-06-24,16:45:00,83.1,83.1,82.91,82.96,7290,0
2016-06-24,16:50:00,82.995,82.995,82.73,82.73,8800,0
2016-06-24,16:55:00,82.8,82.88,82.75,82.88,14543,0
2016-06-24,17:00:00,82.91,83,82.71,82.75,11700,0
2016-06-24,17:05:00,82.72,82.7799,82.51,82.51,8977,0
2016-06-24,17:10:00,82.54,82.77,82.54,82.77,24972,0
2016-06-24,17:15:00,82.78,82.85,82.68,82.74,10170,0
2016-06-24,17:20:00,82.74,82.76,82.585,82.63,7778,0
2016-06-24,17:25:00,82.5824,82.595,82.45,82.45,60495,0
2016-06-24,17:30:00,82.47,82.5689,82.45,82.51,15670,0
2016-06-24,17:35:00,82.54,82.58,82.5,82.53,6300,0
2016-06-24,17:40:00,82.5,82.59,82.45,82.52,10191,0
2016-06-24,17:45:00,82.51,82.55,82.37,82.45,7706,0
2016-06-24,17:50:00,82.48,82.6,82.37,82.435,9933,0
2016-06-24,17:55:00,82.45,82.455,82.36,82.44,14200,0
2016-06-24,18:00:00,82.43,82.495,82.34,82.45,4200,0
2016-06-24,18:05:00,82.45,82.55,82.355,82.38,15074,0
2016-06-24,18:10:00,82.38,82.45,82.23,82.235,9499,0
2016-06-24,18:15:00,82.18,82.24,82.064,82.1,45556,0
2016-06-24,18:20:00,82.1,82.18,82.07,82.145,14526,0
2016-06-24,18:25:00,82.175,82.26,82.115,82.14,17810,0
2016-06-24,18:30:00,82.135,82.21,82.135,82.19,3986,0
2016-06-24,18:35:00,82.17,82.34,82.14,82.215,38471,0
2016-06-24,18:40:00,82.19,82.24,82.15,82.195,5100,0
2016-06-24,18:45:00,82.175,82.24,82.085,82.13,10140,0
2016-06-24,18:50:00,82.115,82.14,81.93,81.93,41256,0
2016-06-24,18:55:00,81.93,81.9599,81.75,81.92,13456,0
2016-06-24,19:00:00,81.95,81.95,81.7,81.82,21327,0
2016-06-24,19:05:00,81.82,81.96,81.78,81.95,5964,0
2016-06-24,19:10:00,81.92,81.94,81.74,81.78,20140,0
2016-06-24,19:15:00,81.75,81.88,81.7,81.79,16111,0
2016-06-24,19:20:00,81.83,81.87,81.69,81.76,4849,0
2016-06-24,19:25:00,81.78,81.96,81.77,81.96,27490,0
2016-06-24,19:30:00,81.93,81.95,81.84,81.93,8202,0
2016-06-24,19:35:00,81.92,82.15,81.89,82.04,13124,0
2016-06-24,19:40:00,82.01,82.14,82.01,82.01,3400,0
2016-06-24,19:45:00,82.02,82.02,81.84,81.84,9708,0
2016-06-24,19:50:00,81.84,81.84,81.68,81.74,6900,0
2016-06-24,19:55:00,81.75,81.78,81.66,81.71,10425,0
2016-06-24,20:00:00,81.715,81.775,81.626,81.665,6261,0
2016-06-24,20:05:00,81.71,81.78,81.66,81.73,6891,0
2016-06-24,20:10:00,81.73,81.75,81.63,81.68,7086,0
2016-06-24,20:15:00,81.6643,81.74,81.65,81.695,9044,0
2016-06-24,20:20:00,81.7,81.7,81.5,81.5,7090,0
2016-06-24,20:25:00,81.5,81.51,81.27,81.34,16324,0
2016-06-24,20:30:00,81.31,81.43,81.31,81.34,5200,0
2016-06-24,20:35:00,81.35,81.36,81.09,81.1,19810,0
2016-06-24,20:40:00,81.1,81.17,80.99,81.17,25985,0
2016-06-24,20:45:00,81.16,81.16,81.085,81.11,11742,0
2016-06-24,20:50:00,81.11,81.14,80.89,81.1,22092,0
2016-06-24,20:55:00,81.08,81.14,80.995,81.11,27739,0
2016-06-24,21:00:00,81.14,81.24,81.1,81.114,29550,0
2016-06-24,21:05:00,81.11,81.2,81.06,81.1,18220,0
2016-06-24,21:10:00,81.1,81.1,80.94,81.06,39162,0
2016-06-24,21:15:00,81.06,81.06,80.7,80.715,33070,0
2016-06-24,21:20:00,80.74,80.75,80.543,80.58,38311,0
2016-06-24,21:25:00,80.581,80.69,80.49,80.565,59022,0
2016-06-24,21:30:00,80.58,80.66,80.5,80.56,34622,0
2016-06-24,21:35:00,80.56,80.69,80.51,80.68,59253,0
2016-06-24,21:40:00,80.71,80.82,80.49,80.52,59130,0
2016-06-24,21:45:00,80.51,80.9,80.49,80.84,47716,0
2016-06-24,21:50:00,80.87,81,80.77,80.9,62555,0
2016-06-24,21:55:00,80.9,81.06,80.89,80.94,82740,0
2016-06-24,22:00:00,80.95,80.96,80.52,80.55,125746,0
2016-06-27,15:35:00,79.59,79.7,79.0091,79.425,33772,0
2016-06-27,15:40:00,79.435,79.47,78.87,78.91,20873,0
2016-06-27,15:45:00,78.9,78.9527,78.53,78.53,22096,0
2016-06-27,15:50:00,78.56,78.73,78.14,78.51,27593,0
2016-06-27,15:55:00,78.54,78.77,78.52,78.57,6515,0
2016-06-27,16:00:00,78.5,78.66,78.46,78.56,25554,0
2016-06-27,16:05:00,78.53,78.87,78.44,78.5,29319,0
2016-06-27,16:10:00,78.48,78.48,78.08,78.09,12028,0
2016-06-27,16:15:00,78.13,78.25,77.89,77.91,18930,0
2016-06-27,16:20:00,77.91,78.15,77.91,78.01,13995,0
2016-06-27,16:25:00,77.98,78.11,77.59,77.65,37433,0
2016-06-27,16:30:00,77.66,77.66,77.28,77.33,21486,0
2016-06-27,16:35:00,77.34,77.38,77.2,77.38,45784,0
2016-06-27,16:40:00,77.39,77.45,77.22,77.31,50470,0
2016-06-27,16:45:00,77.34,77.46,77.19,77.29,27888,0
2016-06-27,16:50:00,77.29,77.29,76.85,77,33891,0
2016-06-27,16:55:00,76.97,76.99,76.69,76.69,32055,0
2016-06-27,17:00:00,76.6911,76.77,76.46,76.46,24810,0
2016-06-27,17:05:00,76.5,76.65,76.35,76.55,34967,0
2016-06-27,17:10:00,76.54,76.68,76.5,76.59,48983,0
2016-06-27,17:15:00,76.58,76.58,76.3,76.32,22212,0
2016-06-27,17:20:00,76.29,76.47,76.25,76.47,16616,0
2016-06-27,17:25:00,76.46,76.52,76.35,76.41,24995,0
2016-06-27,17:30:00,76.39,76.86,76.38,76.845,28344,0
2016-06-27,17:35:00,76.86,77.075,76.84,77.03,13608,0
2016-06-27,17:40:00,77.01,77.16,76.96,77.11,29242,0
2016-06-27,17:45:00,77.11,77.13,77.06,77.08,8689,0
2016-06-27,17:50:00,77.1,77.14,77.06,77.0701,8683,0
2016-06-27,17:55:00,77.11,77.1299,76.89,76.94,16800,0
2016-06-27,18:00:00,76.95,76.985,76.88,76.91,19470,0
2016-06-27,18:05:00,76.92,77,76.88,76.89,14010,0
2016-06-27,18:10:00,76.94,76.99,76.8,76.8,15104,0
2016-06-27,18:15:00,76.8,76.82,76.55,76.62,16709,0
2016-06-27,18:20:00,76.62,76.73,76.52,76.63,27726,0
2016-06-27,18:25:00,76.65,76.77,76.64,76.77,20205,0
2016-06-27,18:30:00,76.76,76.96,76.76,76.94,15184,0
2016-06-27,18:35:00,76.94,76.96,76.85,76.85,12600,0
2016-06-27,18:40:00,76.86,76.86,76.72,76.74,8700,0
2016-06-27,18:45:00,76.72,76.74,76.61,76.63,15496,0
2016-06-27,18:50:00,76.61,76.66,76.56,76.64,16900,0
2016-06-27,18:55:00,76.64,76.82,76.64,76.8,21753,0
2016-06-27,19:00:00,76.84,77.02,76.83,76.98,15789,0
2016-06-27,19:05:00,77.02,77.02,76.92,76.956,11492,0
2016-06-27,19:10:00,76.94,76.99,76.84,76.85,11559,0
2016-06-27,19:15:00,76.86,76.91,76.84,76.86,11640,0
2016-06-27,19:20:00,76.875,77.03,76.875,77.015,16856,0
2016-06-27,19:25:00,77.03,77.18,77.02,77.18,9520,0
2016-06-27,19:30:00,77.2,77.34,77.18,77.24,15288,0
2016-06-27,19:35:00,77.22,77.2201,77,77.0499,15059,0
2016-06-27,19:40:00,77.0201,77.14,76.95,77.1,29104,0
2016-06-27,19:45:00,77.105,77.17,76.97,77,24664,0
2016-06-27,19:50:00,76.99,77.11,76.96,77.09,22818,0
2016-06-27,19:55:00,77.08,77.21,77.05,77.2,28308,0
2016-06-27,20:00:00,77.19,77.19,76.96,77.135,13858,0
2016-06-27,20:05:00,77.1,77.18,77.06,77.06,20514,0
2016-06-27,20:10:00,77.05,77.09,76.93,77,15449,0
2016-06-27,20:15:00,76.98,77.08,76.94,76.97,14885,0
2016-06-27,20:20:00,76.97,77.07,76.95,76.98,21879,0
2016-06-27,20:25:00,76.99,77.16,76.97,77.0925,22024,0
2016-06-27,20:30:00,77.09,77.165,77.0575,77.155,27187,0
2016-06-27,20:35:00,77.14,77.2,77.09,77.095,27099,0
2016-06-27,20:40:00,77.09,77.27,77.08,77.18,18827,0
2016-06-27,20:45:00,77.18,77.19,77.05,77.065,14262,0
2016-06-27,20:50:00,77.08,77.1,76.86,76.87,16208,0
2016-06-27,20:55:00,76.88,76.88,76.6201,76.67,19800,0
2016-06-27,21:00:00,76.65,76.79,76.63,76.71,15770,0
2016-06-27,21:05:00,76.73,76.88,76.71,76.86,16706,0
2016-06-27,21:10:00,76.85,76.86,76.73,76.76,37037,0
2016-06-27,21:15:00,76.74,76.86,76.7,76.83,12257,0
2016-06-27,21:20:00,76.76,76.79,76.71,76.77,23488,0
2016-06-27,21:25:00,76.77,76.8,76.6,76.63,18222,0
2016-06-27,21:30:00,76.61,76.79,76.6,76.78,19369,0
2016-06-27,21:35:00,76.77,76.88,76.74,76.84,24352,0
2016-06-27,21:40:00,76.83,77.12,76.81,77.1198,30970,0
2016-06-27,21:45:00,77.12,77.15,77.04,77.1,31917,0
2016-06-27,21:50:00,77.09,77.15,77.07,77.12,32227,0
2016-06-27,21:55:00,77.11,77.12,76.96,77,42262,0
2016-06-27,22:00:00,77,77.04,76.95,77.02,450445,0
2016-06-28,15:35:00,78.02,78.31,77.92,78.01,22294,0
2016-06-28,15:40:00,77.9597,78.3,77.8525,78.19,6467,0
2016-06-28,15:45:00,78.25,78.265,78.05,78.215,8362,0
2016-06-28,15:50:00,78.25,78.44,78.15,78.26,12428,0
2016-06-28,15:55:00,78.31,78.63,78.29,78.57,7784,0
2016-06-28,16:00:00,78.64,78.67,78.46,78.6172,11710,0
2016-06-28,16:05:00,78.62,78.68,78.5,78.68,13639,0
2016-06-28,16:10:00,78.68,78.68,78.27,78.35,9450,0
2016-06-28,16:15:00,78.37,78.49,78.25,78.49,17126,0
2016-06-28,16:20:00,78.52,78.57,78.47,78.51,9200,0
2016-06-28,16:25:00,78.55,78.587,78.33,78.43,12218,0
2016-06-28,16:30:00,78.4499,78.58,78.44,78.55,9954,0
2016-06-28,16:35:00,78.55,78.565,78.43,78.44,13690,0
2016-06-28,16:40:00,78.45,78.45,78.27,78.35,23419,0
2016-06-28,16:45:00,78.325,78.52,78.3,78.49,15773,0
2016-06-28,16:50:00,78.48,78.63,78.48,78.63,22431,0
2016-06-28,16:55:00,78.65,78.79,78.64,78.77,21925,0
2016-06-28,17:00:00,78.8,78.8,78.54,78.68,21138,0
2016-06-28,17:05:00,78.69,78.71,78.47,78.49,29773,0
2016-06-28,17:10:00,78.49,78.52,78.35,78.376,13835,0
2016-06-28,17:15:00,78.39,78.61,78.39,78.5575,20295,0
2016-06-28,17:20:00,78.57,78.64,78.5,78.63,19893,0
2016-06-28,17:25:00,78.6,78.68,78.57,78.6,22742,0
2016-06-28,17:30:00,78.59,78.66,78.4,78.425,18974,0
2016-06-28,17:35:00,78.45,78.54,78.41,78.44,8444,0
2016-06-28,17:40:00,78.41,78.54,78.38,78.54,6600,0
2016-06-28,17:45:00,78.55,78.67,78.52,78.67,5667,0
2016-06-28,17:50:00,78.69,78.89,78.69,78.824,10667,0
2016-06-28,17:55:00,78.86,78.91,78.82,78.88,6704,0
2016-06-28,18:00:00,78.89,78.98,78.84,78.94,7500,0
2016-06-28,18:05:00,78.95,78.96,78.85,78.92,6621,0
2016-06-28,18:10:00,78.89,78.96,78.83,78.85,8779,0
2016-06-28,18:15:00,78.86,78.94,78.85,78.86,17888,0
2016-06-28,18:20:00,78.86,78.94,78.82,78.915,5906,0
2016-06-28,18:25:00,78.9,78.95,78.85,78.85,11535,0
2016-06-28,18:30:00,78.85,78.87,78.81,78.84,6489,0
2016-06-28,18:35:00,78.86,78.9,78.8,78.89,8189,0
2016-06-28,18:40:00,78.87,78.91,78.83,78.9,6120,0
2016-06-28,18:45:00,78.9,79.016,78.9,78.95,12753,0
2016-06-28,18:50:00,78.915,78.94,78.86,78.91,11180,0
2016-06-28,18:55:00,78.89,79.01,78.89,79.01,9385,0
2016-06-28,19:00:00,78.99,78.99,78.93,78.95,6495,0
2016-06-28,19:05:00,78.94,78.96,78.85,78.91,16190,0
2016-06-28,19:10:00,78.92,78.98,78.78,78.81,9368,0
2016-06-28,19:15:00,78.82,78.925,78.81,78.91,7001,0
2016-06-28,19:20:00,78.92,78.93,78.72,78.77,10681,0
2016-06-28,19:25:00,78.78,78.87,78.72,78.75,9592,0
2016-06-28,19:30:00,78.75,78.85,78.74,78.76,7496,0
2016-06-28,19:35:00,78.77,78.835,78.73,78.8,8795,0
2016-06-28,19:40:00,78.7912,78.86,78.7912,78.83,7643,0
2016-06-28,19:45:00,78.84,78.905,78.81,78.83,4697,0
2016-06-28,19:50:00,78.83,78.84,78.77,78.78,6145,0
2016-06-28,19:55:00,78.77,78.87,78.74,78.835,17356,0
2016-06-28,20:00:00,78.83,78.92,78.83,78.92,8599,0
2016-06-28,20:05:00,78.9,78.92,78.83,78.86,8720,0
2016-06-28,20:10:00,78.86,78.87,78.76,78.76,6896,0
2016-06-28,20:15:00,78.76,78.795,78.71,78.74,10506,0
2016-06-28,20:20:00,78.74,78.81,78.74,78.81,13726,0
2016-06-28,20:25:00,78.8125,78.85,78.77,78.8,13600,0
2016-06-28,20:30:00,78.79,78.866,78.79,78.8401,5328,0
2016-06-28,20:35:00,78.86,79.04,78.84,79,17598,0
2016-06-28,20:40:00,78.99,79.13,78.99,79.08,18228,0
2016-06-28,20:45:00,79.1,79.14,79.05,79.09,10898,0
2016-06-28,20:50:00,79.09,79.22,79.09,79.16,6751,0
2016-06-28,20:55:00,79.15,79.39,79.15,79.365,10498,0
2016-06-28,21:00:00,79.39,79.49,79.33,79.35,6700,0
2016-06-28,21:05:00,79.32,79.41,79.31,79.39,17380,0
2016-06-28,21:10:00,79.4,79.55,79.38,79.48,14234,0
2016-06-28,21:15:00,79.51,79.61,79.5,79.57,14373,0
2016-06-28,21:20:00,79.562,79.562,79.38,79.395,20638,0
2016-06-28,21:25:00,79.395,79.395,79.18,79.2,23531,0
2016-06-28,21:30:00,79.17,79.2,79.081,79.13,25158,0
2016-06-28,21:35:00,79.15,79.17,78.94,78.975,60973,0
2016-06-28,21:40:00,78.96,79.14,78.94,79.13,26873,0
2016-06-28,21:45:00,79.11,79.17,79.08,79.13,110114,0
2016-06-28,21:50:00,79.13,79.28,79.13,79.25,35992,0
2016-06-28,21:55:00,79.25,79.31,79.18,79.31,86559,0
2016-06-28,22:00:00,79.31,79.38,79.22,79.25,570258,0
2016-06-29,15:35:00,79.49,80.115,79.37,80,32734,0
2016-06-29,15:40:00,80.0852,80.0852,79.52,79.7,35462,0
2016-06-29,15:45:00,79.71,79.8,79.43,79.59,12760,0
2016-06-29,15:50:00,79.64,80.01,79.6,80,7142,0
2016-06-29,15:55:00,80.02,80.22,80,80.22,5483,0
2016-06-29,16:00:00,80.185,80.31,80.181,80.19,10385,0
2016-06-29,16:05:00,80.19,80.21,80.1,80.1,6667,0
2016-06-29,16:10:00,80.08,80.09,79.886,79.93,3934,0
2016-06-29,16:15:00,79.94,80.06,79.94,80.02,13434,0
2016-06-29,16:20:00,80.02,80.04,79.94,79.97,43378,0
2016-06-29,16:25:00,79.96,79.99,79.75,79.8399,24972,0
2016-06-29,16:30:00,79.84,79.84,79.75,79.8,20644,0
2016-06-29,16:35:00,79.78,79.87,79.75,79.79,32252,0
2016-06-29,16:40:00,79.79,79.8,79.435,79.495,22389,0
2016-06-29,16:45:00,79.49,79.69,79.48,79.57,19447,0
2016-06-29,16:50:00,79.59,79.76,79.59,79.75,13134,0
2016-06-29,16:55:00,79.75,79.83,79.7401,79.79,13133,0
2016-06-29,17:00:00,79.81,79.81,79.7,79.72,18317,0
2016-06-29,17:05:00,79.73,80.01,79.73,80.01,17423,0
2016-06-29,17:10:00,80.02,80.13,80.01,80.09,14440,0
2016-06-29,17:15:00,80.08,80.23,80.08,80.23,8511,0
2016-06-29,17:20:00,80.26,80.29,80.22,80.23,11600,0
2016-06-29,17:25:00,80.24,80.27,80.18,80.23,12298,0
2016-06-29,17:30:00,80.23,80.32,80.23,80.28,14073,0
2016-06-29,17:35:00,80.26,80.27,80.21,80.27,9657,0
2016-06-29,17:40:00,80.28,80.37,80.28,80.37,15796,0
2016-06-29,17:45:00,80.37,80.43,80.23,80.23,11075,0
2016-06-29,17:50:00,80.23,80.24,80.13,80.15,12169,0
2016-06-29,17:55:00,80.16,80.44,80.16,80.41,8414,0
2016-06-29,18:00:00,80.4,80.44,80.39,80.4,11079,0
2016-06-29,18:05:00,80.4,80.41,80.35,80.35,8589,0
2016-06-29,18:10:00,80.37,80.52,80.36,80.5,14294,0
2016-06-29,18:15:00,80.49,80.56,80.49,80.5,9464,0
2016-06-29,18:20:00,80.5,80.57,80.5,80.549,5468,0
2016-06-29,18:25:00,80.53,80.58,80.53,80.56,4900,0
2016-06-29,18:30:00,80.55,80.6,80.51,80.57,4900,0
2016-06-29,18:35:00,80.56,80.61,80.49,80.49,12039,0
2016-06-29,18:40:00,80.495,80.54,80.495,80.54,4200,0
2016-06-29,18:45:00,80.53,80.53,80.46,80.49,2574,0
2016-06-29,18:50:00,80.47,80.47,80.28,80.31,6157,0
2016-06-29,18:55:00,80.31,80.36,80.29,80.29,5636,0
2016-06-29,19:00:00,80.29,80.4,80.28,80.38,5175,0
2016-06-29,19:05:00,80.4,80.47,80.4,80.46,5894,0
2016-06-29,19:10:00,80.44,80.4725,80.36,80.365,7300,0
2016-06-29,19:15:00,80.35,80.39,80.35,80.39,9323,0
2016-06-29,19:20:00,80.4,80.45,80.38,80.45,4100,0
2016-06-29,19:25:00,80.42,80.48,80.41,80.47,5005,0
2016-06-29,19:30:00,80.46,80.47,80.36,80.38,6255,0
2016-06-29,19:35:00,80.39,80.485,80.39,80.4,7700,0
2016-06-29,19:40:00,80.415,80.44,80.33,80.34,7228,0
2016-06-29,19:45:00,80.35,80.4,80.33,80.37,8226,0
2016-06-29,19:50:00,80.38,80.49,80.38,80.455,8081,0
2016-06-29,19:55:00,80.46,80.463,80.41,80.463,4800,0
2016-06-29,20:00:00,80.47,80.53,80.4501,80.52,17986,0
2016-06-29,20:05:00,80.51,80.55,80.5,80.55,13388,0
2016-06-29,20:10:00,80.56,80.58,80.52,80.56,11879,0
2016-06-29,20:15:00,80.55,80.59,80.51,80.59,10298,0
2016-06-29,20:20:00,80.59,80.591,80.48,80.49,27979,0
2016-06-29,20:25:00,80.51,80.64,80.49,80.63,9421,0
2016-06-29,20:30:00,80.63,80.65,80.58,80.59,5475,0
2016-06-29,20:35:00,80.6,80.67,80.6,80.63,7123,0
2016-06-29,20:40:00,80.66,80.66,80.58,80.58,11500,0
2016-06-29,20:45:00,80.59,80.64,80.57,80.61,10271,0
2016-06-29,20:50:00,80.61,80.61,80.42,80.42,12686,0
2016-06-29,20:55:00,80.44,80.47,80.32,80.3425,12800,0
2016-06-29,21:00:00,80.35,80.53,80.33,80.52,10899,0
2016-06-29,21:05:00,80.52,80.66,80.52,80.645,15756,0
2016-06-29,21:10:00,80.66,80.67,80.61,80.62,14304,0
2016-06-29,21:15:00,80.58,80.63,80.55,80.55,8668,0
2016-06-29,21:20:00,80.54,80.62,80.52,80.61,12725,0
2016-06-29,21:25:00,80.61,80.63,80.445,80.48,13499,0
2016-06-29,21:30:00,80.47,80.53,80.45,80.52,19605,0
2016-06-29,21:35:00,80.51,80.58,80.47,80.58,40709,0
2016-06-29,21:40:00,80.57,80.63,80.54,80.54,23792,0
2016-06-29,21:45:00,80.54,80.57,80.47,80.53,30362,0
2016-06-29,21:50:00,80.53,80.65,80.53,80.57,30474,0
2016-06-29,21:55:00,80.56,80.57,80.42,80.45,54928,0
2016-06-29,22:00:00,80.45,80.65,80.445,80.64,100716,0
2016-06-30,15:35:00,80.77,80.97,80.6,80.745,24783,0
2016-06-30,15:40:00,80.74,80.94,80.4,80.48,7218,0
2016-06-30,15:45:00,80.46,80.695,80.42,80.5,5200,0
2016-06-30,15:50:00,80.47,80.6267,80.41,80.6267,6035,0
2016-06-30,15:55:00,80.65,80.65,80.21,80.22,7882,0
2016-06-30,16:00:00,80.23,80.33,80.13,80.1754,3650,0
2016-06-30,16:05:00,80.15,80.24,80.08,80.08,22706,0
2016-06-30,16:10:00,80.105,80.195,80.04,80.14,12340,0
2016-06-30,16:15:00,80.15,80.29,80.01,80.07,10670,0
2016-06-30,16:20:00,80.06,80.16,80.04,80.05,5339,0
2016-06-30,16:25:00,80.03,80.09,79.98,80.07,13075,0
2016-06-30,16:30:00,80.12,80.19,79.89,79.94,12011,0
2016-06-30,16:35:00,79.92,80.06,79.92,80.02,6134,0
2016-06-30,16:40:00,80.03,80.225,80.03,80.17,4104,0
2016-06-30,16:45:00,80.14,80.19,80.08,80.17,4605,0
2016-06-30,16:50:00,80.15,80.26,80.13,80.22,5687,0
2016-06-30,16:55:00,80.26,80.33,80.22,80.22,3556,0
2016-06-30,17:00:00,80.26,80.41,80.24,80.37,3145,0
2016-06-30,17:05:00,80.37,80.43,80.35,80.43,8023,0
2016-06-30,17:10:00,80.47,80.59,80.45,80.57,5741,0
2016-06-30,17:15:00,80.6,80.63,80.51,80.57,6453,0
2016-06-30,17:20:00,80.56,80.705,80.54,80.64,10100,0
2016-06-30,17:25:00,80.63,80.67,80.62,80.66,1600,0
2016-06-30,17:30:00,80.64,80.81,80.64,80.74,4699,0
2016-06-30,17:35:00,80.75,80.9,80.75,80.86,10113,0
2016-06-30,17:40:00,80.86,80.92,80.75,80.75,22200,0
2016-06-30,17:45:00,80.751,80.751,80.62,80.64,6249,0
2016-06-30,17:50:00,80.66,80.66,80.55,80.55,8000,0
2016-06-30,17:55:00,80.55,80.58,80.44,80.55,8675,0
2016-06-30,18:00:00,80.53,80.55,80.38,80.45,11732,0
2016-06-30,18:05:00,80.44,80.55,80.43,80.43,86887,0
2016-06-30,18:10:00,80.4,80.4,80.24,80.27,12712,0
2016-06-30,18:15:00,80.27,80.36,80.2,80.36,18142,0
2016-06-30,18:20:00,80.33,80.47,80.32,80.465,5791,0
2016-06-30,18:25:00,80.44,80.51,80.42,80.5,4418,0
2016-06-30,18:30:00,80.5,80.54,80.47,80.4963,3768,0
2016-06-30,18:35:00,80.52,80.52,80.44,80.44,42844,0
2016-06-30,18:40:00,80.43,80.46,80.33,80.38,4838,0
2016-06-30,18:45:00,80.38,80.38,80.3,80.31,3500,0
2016-06-30,18:50:00,80.34,80.39,80.3223,80.38,5386,0
2016-06-30,18:55:00,80.39,80.479,80.32,80.34,7126,0
2016-06-30,19:00:00,80.34,80.41,80.34,80.3564,4415,0
2016-06-30,19:05:00,80.36,80.47,80.33,80.34,9350,0
2016-06-30,19:10:00,80.32,80.34,80.25,80.26,5715,0
2016-06-30,19:15:00,80.25,80.25,80.17,80.17,8400,0
2016-06-30,19:20:00,80.17,80.218,80.13,80.14,15432,0
2016-06-30,19:25:00,80.14,80.14,79.91,79.97,16190,0
2016-06-30,19:30:00,79.94,79.96,79.74,79.78,16192,0
2016-06-30,19:35:00,79.83,79.83,79.7,79.71,15277,0
2016-06-30,19:40:00,79.72,79.75,79.575,79.66,12798,0
2016-06-30,19:45:00,79.61,79.66,79.48,79.53,19348,0
2016-06-30,19:50:00,79.53,79.59,79.43,79.43,20361,0
2016-06-30,19:55:00,79.45,79.51,79.36,79.44,18180,0
2016-06-30,20:00:00,79.43,79.45,79.28,79.35,19982,0
2016-06-30,20:05:00,79.44,79.86,79.44,79.84,15324,0
2016-06-30,20:10:00,79.84,79.97,79.79,79.93,16570,0
2016-06-30,20:15:00,79.89,79.98,79.87,79.95,9539,0
2016-06-30,20:20:00,79.9699,79.98,79.81,79.81,12190,0
2016-06-30,20:25:00,79.78,79.87,79.74,79.77,13546,0
2016-06-30,20:30:00,79.76,79.76,79.5,79.57,16296,0
2016-06-30,20:35:00,79.55,79.65,79.53,79.55,19327,0
2016-06-30,20:40:00,79.55,79.57,79.415,79.47,18063,0
2016-06-30,20:45:00,79.44,79.56,79.435,79.554,20166,0
2016-06-30,20:50:00,79.56,79.6,79.46,79.52,32596,0
2016-06-30,20:55:00,79.53,79.54,79.43,79.51,19582,0
2016-06-30,21:00:00,79.515,79.57,79.39,79.49,33859,0
2016-06-30,21:05:00,79.51,79.74,79.495,79.73,17665,0
2016-06-30,21:10:00,79.75,79.84,79.75,79.83,25134,0
2016-06-30,21:15:00,79.82,79.86,79.66,79.78,17328,0
2016-06-30,21:20:00,79.8,79.805,79.67,79.69,19754,0
2016-06-30,21:25:00,79.7,79.77,79.64,79.755,20585,0
2016-06-30,21:30:00,79.76,79.99,79.76,79.93,17745,0
2016-06-30,21:35:00,79.93,79.96,79.81,79.9576,18997,0
2016-06-30,21:40:00,79.97,79.99,79.85,79.9,34065,0
2016-06-30,21:45:00,79.9,79.92,79.73,79.73,33355,0
2016-06-30,21:50:00,79.74,79.76,79.705,79.74,36747,0
2016-06-30,21:55:00,79.76,79.86,79.75,79.85,54023,0
2016-06-30,22:00:00,79.85,80.09,79.84,80.09,351464,0
2016-07-01,15:35:00,79.86,80.52,79.39,80.05,18431,0
2016-07-01,15:40:00,79.84,80.4732,79.84,80.3,13028,0
2016-07-01,15:45:00,80.32,80.33,80.07,80.15,9947,0
2016-07-01,15:50:00,80.15,80.15,80,80.03,17223,0
2016-07-01,15:55:00,80.05,80.29,80.05,80.185,10581,0
2016-07-01,16:00:00,80.15,80.2,80.09,80.2,16686,0
2016-07-01,16:05:00,80.2,80.28,80.15,80.24,15842,0
2016-07-01,16:10:00,80.24,80.38,80.24,80.37,16506,0
2016-07-01,16:15:00,80.37,80.42,80.25,80.4,39761,0
2016-07-01,16:20:00,80.39,80.465,80.37,80.4,10331,0
2016-07-01,16:25:00,80.4,80.4,80.35,80.39,32750,0
2016-07-01,16:30:00,80.38,80.47,80.36,80.47,10929,0
2016-07-01,16:35:00,80.47,80.47,80.29,80.31,27121,0
2016-07-01,16:40:00,80.32,80.6025,80.31,80.6025,12960,0
2016-07-01,16:45:00,80.58,80.59,80.5,80.53,13858,0
2016-07-01,16:50:00,80.54,80.57,80.43,80.44,10027,0
2016-07-01,16:55:00,80.42,80.5,80.405,80.41,12818,0
2016-07-01,17:00:00,80.43,80.45,80.36,80.38,13300,0
2016-07-01,17:05:00,80.37,80.41,80.27,80.27,12381,0
2016-07-01,17:10:00,80.26,80.31,80.222,80.26,24454,0
2016-07-01,17:15:00,80.26,80.27,80.145,80.24,27326,0
2016-07-01,17:20:00,80.25,80.29,80.2,80.27,20262,0
2016-07-01,17:25:00,80.2401,80.3,80.14,80.14,12678,0
2016-07-01,17:30:00,80.13,80.27,80.09,80.27,13528,0
2016-07-01,17:35:00,80.27,80.27,80.16,80.25,14173,0
2016-07-01,17:40:00,80.25,80.26,80.155,80.26,16878,0
2016-07-01,17:45:00,80.26,80.36,80.26,80.36,12125,0
2016-07-01,17:50:00,80.35,80.36,80.32,80.35,9972,0
2016-07-01,17:55:00,80.35,80.35,80.29,80.3,8540,0
2016-07-01,18:00:00,80.29,80.37,80.285,80.32,12655,0
2016-07-01,18:05:00,80.325,80.34,80.29,80.29,7850,0
2016-07-01,18:10:00,80.3,80.43,80.29,80.36,9208,0
2016-07-01,18:15:00,80.37,80.42,80.37,80.42,24500,0
2016-07-01,18:20:00,80.43,80.63,80.43,80.56,17122,0
2016-07-01,18:25:00,80.56,80.6,80.47,80.51,13772,0
2016-07-01,18:30:00,80.51,80.53,80.47,80.501,15501,0
2016-07-01,18:35:00,80.5,80.57,80.48,80.55,10126,0
2016-07-01,18:40:00,80.55,80.58,80.51,80.51,12504,0
2016-07-01,18:45:00,80.51,80.63,80.5,80.63,10072,0
2016-07-01,18:50:00,80.63,80.6389,80.54,80.54,11722,0
2016-07-01,18:55:00,80.535,80.535,80.38,80.38,10703,0
2016-07-01,19:00:00,80.37,80.37,80.29,80.3,24946,0
2016-07-01,19:05:00,80.305,80.33,80.3,80.32,16758,0
2016-07-01,19:10:00,80.34,80.4,80.34,80.35,11744,0
2016-07-01,19:15:00,80.35,80.35,80.25,80.27,17400,0
2016-07-01,19:20:00,80.25,80.29,80.22,80.25,9374,0
2016-07-01,19:25:00,80.25,80.26,80.1,80.1,11100,0
2016-07-01,19:30:00,80.1,80.22,80.07,80.14,15403,0
2016-07-01,19:35:00,80.15,80.18,80.08,80.11,9978,0
2016-07-01,19:40:00,80.12,80.13,80.04,80.04,14863,0
2016-07-01,19:45:00,80.04,80.12,80.04,80.09,11526,0
2016-07-01,19:50:00,80.09,80.22,80.09,80.22,18155,0
2016-07-01,19:55:00,80.22,80.25,80.19,80.191,11606,0
2016-07-01,20:00:00,80.21,80.24,80.19,80.21,6209,0
2016-07-01,20:05:00,80.22,80.36,80.21,80.35,6685,0
2016-07-01,20:10:00,80.3499,80.36,80.3,80.34,4284,0
2016-07-01,20:15:00,80.32,80.37,80.23,80.24,5905,0
2016-07-01,20:20:00,80.22,80.25,80.2,80.21,9733,0
2016-07-01,20:25:00,80.21,80.3,80.21,80.3,6952,0
2016-07-01,20:30:00,80.3,80.355,80.24,80.31,9200,0
2016-07-01,20:35:00,80.29,80.31,80.24,80.24,10500,0
2016-07-01,20:40:00,80.24,80.3,80.17,80.17,18092,0
2016-07-01,20:45:00,80.16,80.17,80.06,80.06,9500,0
2016-07-01,20:50:00,80.07,80.09,80.03,80.03,6002,0
2016-07-01,20:55:00,80.04,80.08,80,80.02,6978,0
2016-07-01,21:00:00,80.01,80.17,79.99,80.17,8554,0
2016-07-01,21:05:00,80.22,80.315,80.21,80.31,10301,0
2016-07-01,21:10:00,80.3,80.54,80.3,80.49,13441,0
2016-07-01,21:15:00,80.48,80.48,80.35,80.38,15060,0
2016-07-01,21:20:00,80.37,80.41,80.3281,80.35,10474,0
2016-07-01,21:25:00,80.36,80.38,80.21,80.21,15332,0
2016-07-01,21:30:00,80.21,80.31,80.15,80.29,23145,0
2016-07-01,21:35:00,80.29,80.38,80.27,80.29,13109,0
2016-07-01,21:40:00,80.28,80.34,80.18,80.25,21330,0
2016-07-01,21:45:00,80.25,80.37,80.25,80.3,30807,0
2016-07-01,21:50:00,80.31,80.355,80.29,80.34,25563,0
2016-07-01,21:55:00,80.33,80.4,80.33,80.365,27888,0
2016-07-01,22:00:00,80.36,80.46,80.36,80.36,125481,0
2016-07-05,15:35:00,80.09,80.87,80.03,80.06,33742,0
2016-07-05,15:40:00,80,80.08,79.69,79.7,3347,0
2016-07-05,15:45:00,79.745,79.78,79.29,79.41,6079,0
2016-07-05,15:50:00,79.33,79.55,79.23,79.52,4450,0
2016-07-05,15:55:00,79.4,79.67,79.4,79.62,3083,0
2016-07-05,16:00:00,79.59,79.59,79.4,79.49,3318,0
2016-07-05,16:05:00,79.51,79.51,79.35,79.44,3920,0
2016-07-05,16:10:00,79.45,79.5,79.34,79.34,6880,0
2016-07-05,16:15:00,79.3,79.34,79.25,79.34,4801,0
2016-07-05,16:20:00,79.34,79.35,79.24,79.29,5107,0
2016-07-05,16:25:00,79.25,79.28,79.19,79.24,3100,0
2016-07-05,16:30:00,79.25,79.27,79.02,79.265,7600,0
2016-07-05,16:35:00,79.23,79.36,79.23,79.34,4160,0
2016-07-05,16:40:00,79.32,79.35,79.2,79.31,5224,0
2016-07-05,16:45:00,79.38,79.43,79.32,79.32,2700,0
2016-07-05,16:50:00,79.27,79.3029,79.23,79.23,1960,0
2016-07-05,16:55:00,79.13,79.2,79.06,79.06,1824,0
2016-07-05,17:00:00,79.11,79.19,79.08,79.14,2700,0
2016-07-05,17:05:00,79.1,79.13,79.05,79.09,2150,0
2016-07-05,17:10:00,79.06,79.11,79.02,79.11,5200,0
2016-07-05,17:15:00,79.1,79.13,79.0257,79.04,5949,0
2016-07-05,17:20:00,79.11,79.31,79.11,79.24,5700,0
2016-07-05,17:25:00,79.24,79.2801,79.19,79.26,7942,0
2016-07-05,17:30:00,79.26,79.27,79.18,79.19,3557,0
2016-07-05,17:35:00,79.16,79.16,79.06,79.09,4853,0
2016-07-05,17:40:00,79.06,79.13,79.06,79.12,2025,0
2016-07-05,17:45:00,79.11,79.11,79.03,79.03,2000,0
2016-07-05,17:50:00,79,79.08,78.97,79.0401,8583,0
2016-07-05,17:55:00,79.05,79.07,78.99,79.07,5400,0
2016-07-05,18:00:00,79.05,79.08,78.985,79.02,62305,0
2016-07-05,18:05:00,79.02,79.05,78.9,78.95,12504,0
2016-07-05,18:10:00,78.97,78.99,78.89,78.89,4400,0
2016-07-05,18:15:00,78.89,78.89,78.6,78.6,31912,0
2016-07-05,18:20:00,78.62,78.93,78.62,78.93,30996,0
2016-07-05,18:25:00,78.93,79.05,78.92,78.97,28577,0
2016-07-05,18:30:00,78.9505,79.09,78.95,79.09,4591,0
2016-07-05,18:35:00,79.14,79.16,79.09,79.13,2367,0
2016-07-05,18:40:00,79.12,79.12,79,79,2566,0
2016-07-05,18:45:00,79.03,79.06,78.98,79.03,4700,0
2016-07-05,18:50:00,79.04,79.16,79.04,79.14,4300,0
2016-07-05,18:55:00,79.14,79.14,79.05,79.1237,2641,0
2016-07-05,19:00:00,79.11,79.16,79.11,79.16,3400,0
2016-07-05,19:05:00,79.15,79.16,79.12,79.12,3500,0
2016-07-05,19:10:00,79.06,79.14,79.06,79.14,3618,0
2016-07-05,19:15:00,79.16,79.16,79.06,79.06,5790,0
2016-07-05,19:20:00,79.04,79.04,78.95,78.95,5200,0
2016-07-05,19:25:00,78.95,78.99,78.945,78.98,4261,0
2016-07-05,19:30:00,79,79.03,78.96,78.96,3600,0
2016-07-05,19:35:00,78.93,78.96,78.9,78.92,3600,0
2016-07-05,19:40:00,78.92,78.9401,78.87,78.88,6821,0
2016-07-05,19:45:00,78.85,78.86,78.83,78.83,4035,0
2016-07-05,19:50:00,78.82,78.84,78.77,78.83,8055,0
2016-07-05,19:55:00,78.83,78.84,78.7194,78.7336,33480,0
2016-07-05,20:00:00,78.74,78.76,78.7,78.7,9376,0
2016-07-05,20:05:00,78.7,78.91,78.69,78.88,10173,0
2016-07-05,20:10:00,78.87,78.88,78.79,78.79,5444,0
2016-07-05,20:15:00,78.79,78.96,78.79,78.93,25415,0
2016-07-05,20:20:00,78.93,79.05,78.93,78.95,12687,0
2016-07-05,20:25:00,78.97,79,78.91,78.91,3500,0
2016-07-05,20:30:00,78.91,78.91,78.8356,78.86,3650,0
2016-07-05,20:35:00,78.85,78.95,78.81,78.92,6560,0
2016-07-05,20:40:00,78.94,78.94,78.85,78.87,13973,0
2016-07-05,20:45:00,78.88,78.89,78.8175,78.83,5133,0
2016-07-05,20:50:00,78.86,78.9,78.82,78.84,6891,0
2016-07-05,20:55:00,78.84,78.92,78.8,78.89,10358,0
2016-07-05,21:00:00,78.9,79.03,78.88,79.02,4450,0
2016-07-05,21:05:00,79,79.03,78.98,79.0036,20028,0
2016-07-05,21:10:00,79.01,79.03,78.94,78.988,12410,0
2016-07-05,21:15:00,78.99,79.03,78.95,78.96,5101,0
2016-07-05,21:20:00,78.98,79.05,78.97,79.05,5150,0
2016-07-05,21:25:00,79.05,79.05,79.0001,79.038,5200,0
2016-07-05,21:30:00,79.05,79.09,79.03,79.05,12112,0
2016-07-05,21:35:00,79.05,79.205,79.01,79.18,13170,0
2016-07-05,21:40:00,79.2,79.26,79.2,79.26,9232,0
2016-07-05,21:45:00,79.26,79.28,79.22,79.255,18854,0
2016-07-05,21:50:00,79.27,79.37,79.26,79.3,23659,0
2016-07-05,21:55:00,79.32,79.35,79.24,79.29,26494,0
2016-07-05,22:00:00,79.2867,79.29,79.2,79.25,47473,0
2016-07-06,15:35:00,78.8,78.945,78.6,78.64,13053,0
2016-07-06,15:40:00,78.85,78.9,78.6,78.6,9717,0
2016-07-06,15:45:00,78.61,78.81,78.57,78.73,6495,0
2016-07-06,15:50:00,78.825,78.88,78.57,78.74,7850,0
2016-07-06,15:55:00,78.7,79.02,78.7,79,4400,0
2016-07-06,16:00:00,78.985,79.13,78.985,79.09,5115,0
2016-07-06,16:05:00,79.095,79.41,79.095,79.41,6432,0
2016-07-06,16:10:00,79.3872,79.4,79.2,79.25,8700,0
2016-07-06,16:15:00,79.2575,79.29,79.09,79.1289,10523,0
2016-07-06,16:20:00,79.09,79.15,78.83,78.83,5774,0
2016-07-06,16:25:00,78.79,78.83,78.66,78.75,8500,0
2016-07-06,16:30:00,78.75,78.905,78.73,78.82,6600,0
2016-07-06,16:35:00,78.76,78.83,78.62,78.81,5300,0
2016-07-06,16:40:00,78.81,78.89,78.79,78.81,7839,0
2016-07-06,16:45:00,78.82,78.845,78.75,78.75,10516,0
2016-07-06,16:50:00,78.72,78.82,78.69,78.76,34675,0
2016-07-06,16:55:00,78.8,79.19,78.775,79.19,34860,0
2016-07-06,17:00:00,79.17,79.19,79.1,79.19,11173,0
2016-07-06,17:05:00,79.21,79.33,79.1562,79.19,13954,0
2016-07-06,17:10:00,79.21,79.44,79.21,79.44,18856,0
2016-07-06,17:15:00,79.43,79.67,79.43,79.555,18419,0
2016-07-06,17:20:00,79.55,79.61,79.53,79.55,12461,0
2016-07-06,17:25:00,79.56,79.62,79.545,79.62,14099,0
2016-07-06,17:30:00,79.62,79.62,79.46,79.465,12600,0
2016-07-06,17:35:00,79.46,79.56,79.28,79.32,22641,0
2016-07-06,17:40:00,79.34,79.385,79.29,79.38,12411,0
2016-07-06,17:45:00,79.39,79.39,79.31,79.34,5857,0
2016-07-06,17:50:00,79.34,79.37,79.31,79.35,3628,0
2016-07-06,17:55:00,79.34,79.45,79.33,79.44,5931,0
2016-07-06,18:00:00,79.442,79.442,79.36,79.42,4751,0
2016-07-06,18:05:00,79.43,79.71,79.43,79.7,5246,0
2016-07-06,18:10:00,79.71,79.78,79.66,79.68,6300,0
2016-07-06,18:15:00,79.66,79.6725,79.54,79.54,4500,0
2016-07-06,18:20:00,79.55,79.655,79.53,79.61,4600,0
2016-07-06,18:25:00,79.63,79.7,79.56,79.59,8630,0
2016-07-06,18:30:00,79.62,79.71,79.61,79.63,4636,0
2016-07-06,18:35:00,79.62,79.65,79.61,79.62,5047,0
2016-07-06,18:40:00,79.62,79.67,79.57,79.6,4100,0
2016-07-06,18:45:00,79.6,79.71,79.6,79.68,4800,0
2016-07-06,18:50:00,79.65,79.66,79.51,79.52,2326,0
2016-07-06,18:55:00,79.5,79.59,79.48,79.53,14201,0
2016-07-06,19:00:00,79.56,79.585,79.45,79.5,4800,0
2016-07-06,19:05:00,79.51,79.65,79.5,79.65,2400,0
2016-07-06,19:10:00,79.66,79.7,79.6056,79.66,6335,0
2016-07-06,19:15:00,79.66,79.7,79.64,79.7,5134,0
2016-07-06,19:20:00,79.69,79.71,79.67,79.69,2900,0
2016-07-06,19:25:00,79.685,79.71,79.58,79.58,5300,0
2016-07-06,19:30:00,79.58,79.59,79.57,79.58,3450,0
2016-07-06,19:35:00,79.6,79.63,79.5,79.52,3600,0
2016-07-06,19:40:00,79.52,79.56,79.49,79.5508,9750,0
2016-07-06,19:45:00,79.55,79.6,79.5,79.5,3100,0
2016-07-06,19:50:00,79.4979,79.4979,79.43,79.444,4951,0
2016-07-06,19:55:00,79.44,79.58,79.44,79.51,3434,0
2016-07-06,20:00:00,79.53,79.53,79.44,79.44,4100,0
2016-07-06,20:05:00,79.46,79.53,79.34,79.45,6250,0
2016-07-06,20:10:00,79.46,79.52,79.4385,79.4736,4945,0
2016-07-06,20:15:00,79.49,79.52,79.38,79.38,5109,0
2016-07-06,20:20:00,79.36,79.43,79.3,79.43,12306,0
2016-07-06,20:25:00,79.46,79.46,79.37,79.4,2850,0
2016-07-06,20:30:00,79.41,79.44,79.37,79.38,3682,0
2016-07-06,20:35:00,79.42,79.5299,79.42,79.5,7312,0
2016-07-06,20:40:00,79.5,79.62,79.4575,79.61,7300,0
2016-07-06,20:45:00,79.59,79.6,79.57,79.5847,3585,0
2016-07-06,20:50:00,79.61,79.642,79.54,79.54,5447,0
2016-07-06,20:55:00,79.52,79.63,79.52,79.61,2900,0
2016-07-06,21:00:00,79.65,79.72,79.64,79.64,5999,0
2016-07-06,21:05:00,79.67,79.69,79.61,79.65,4883,0
2016-07-06,21:10:00,79.67,79.67,79.6,79.65,5713,0
2016-07-06,21:15:00,79.65,79.69,79.62,79.63,5350,0
2016-07-06,21:20:00,79.64,79.68,79.61,79.61,4796,0
2016-07-06,21:25:00,79.6,79.6,79.51,79.52,7038,0
2016-07-06,21:30:00,79.54,79.54,79.48,79.51,7249,0
2016-07-06,21:35:00,79.5,79.53,79.48,79.51,13700,0
2016-07-06,21:40:00,79.5,79.565,79.495,79.52,14362,0
2016-07-06,21:45:00,79.52,79.59,79.51,79.58,49527,0
2016-07-06,21:50:00,79.56,79.58,79.43,79.43,24594,0
2016-07-06,21:55:00,79.44,79.52,79.43,79.52,26354,0
2016-07-06,22:00:00,79.53,79.64,79.525,79.57,136457,0
2016-07-07,15:35:00,79.55,79.87,79.15,79.85,17430,0
2016-07-07,15:40:00,79.86,80.17,79.86,79.9825,14876,0
2016-07-07,15:45:00,80.02,80.41,79.98,80.38,16784,0
2016-07-07,15:50:00,80.43,80.75,80.43,80.655,23227,0
2016-07-07,15:55:00,80.72,80.88,80.67,80.82,8477,0
2016-07-07,16:00:00,80.8,80.82,80.74,80.805,7078,0
2016-07-07,16:05:00,80.82,80.865,80.69,80.71,20758,0
2016-07-07,16:10:00,80.73,80.85,80.73,80.82,8750,0
2016-07-07,16:15:00,80.79,80.94,80.77,80.94,7200,0
2016-07-07,16:20:00,80.94,81.08,80.9,80.99,12925,0
2016-07-07,16:25:00,80.97,80.97,80.85,80.88,4600,0
2016-07-07,16:30:00,80.87,81,80.87,80.99,4858,0
2016-07-07,16:35:00,80.99,81.015,80.89,80.92,15064,0
2016-07-07,16:40:00,80.93,80.96,80.9,80.91,19900,0
2016-07-07,16:45:00,80.9,80.9003,80.75,80.75,17651,0
2016-07-07,16:50:00,80.77,80.85,80.76,80.8,7048,0
2016-07-07,16:55:00,80.81,80.89,80.75,80.8,11532,0
2016-07-07,17:00:00,80.81,80.81,80.69,80.69,19273,0
2016-07-07,17:05:00,80.67,80.7,80.56,80.585,34919,0
2016-07-07,17:10:00,80.6,80.65,80.51,80.65,9017,0
2016-07-07,17:15:00,80.66,80.74,80.64,80.72,7026,0
2016-07-07,17:20:00,80.73,80.82,80.57,80.62,15475,0
2016-07-07,17:25:00,80.64,80.645,80.52,80.52,12090,0
2016-07-07,17:30:00,80.51,80.69,80.5,80.67,10539,0
2016-07-07,17:35:00,80.67,80.71,80.56,80.67,10696,0
2016-07-07,17:40:00,80.67,80.72,80.63,80.67,6637,0
2016-07-07,17:45:00,80.66,80.67,80.61,80.66,6169,0
2016-07-07,17:50:00,80.64,80.64,80.46,80.5,7980,0
2016-07-07,17:55:00,80.49,80.71,80.47,80.66,24176,0
2016-07-07,18:00:00,80.66,80.76,80.63,80.75,10465,0
2016-07-07,18:05:00,80.77,80.77,80.65,80.72,12449,0
2016-07-07,18:10:00,80.75,80.76,80.63,80.71,10521,0
2016-07-07,18:15:00,80.71,80.87,80.71,80.86,5425,0
2016-07-07,18:20:00,80.86,80.86,80.69,80.69,8400,0
2016-07-07,18:25:00,80.705,80.77,80.67,80.69,6888,0
2016-07-07,18:30:00,80.68,80.82,80.61,80.82,9489,0
2016-07-07,18:35:00,80.83,80.84,80.75,80.76,6599,0
2016-07-07,18:40:00,80.74,80.74,80.69,80.73,5300,0
2016-07-07,18:45:00,80.71,80.71,80.63,80.71,11763,0
2016-07-07,18:50:00,80.71,80.72,80.605,80.65,6025,0
2016-07-07,18:55:00,80.64,80.655,80.57,80.63,19433,0
2016-07-07,19:00:00,80.6,80.745,80.6,80.6,9000,0
2016-07-07,19:05:00,80.6,80.69,80.6,80.68,10287,0
2016-07-07,19:10:00,80.66,80.72,80.64,80.71,7251,0
2016-07-07,19:15:00,80.71,80.75,80.68,80.74,6109,0
2016-07-07,19:20:00,80.75,80.815,80.73,80.8,6590,0
2016-07-07,19:25:00,80.79,80.81,80.73,80.79,4128,0
2016-07-07,19:30:00,80.78,80.83,80.77,80.7925,9833,0
2016-07-07,19:35:00,80.79,80.795,80.71,80.74,10785,0
2016-07-07,19:40:00,80.74,80.7589,80.69,80.7,4311,0
2016-07-07,19:45:00,80.7,80.71,80.6,80.67,6900,0
2016-07-07,19:50:00,80.68,80.71,80.64,80.66,18512,0
2016-07-07,19:55:00,80.64,80.64,80.52,80.57,6406,0
2016-07-07,20:00:00,80.57,80.71,80.57,80.68,4854,0
2016-07-07,20:05:00,80.68,80.68,80.62,80.64,6833,0
2016-07-07,20:10:00,80.64,80.65,80.46,80.47,18652,0
2016-07-07,20:15:00,80.48,80.57,80.46,80.54,56640,0
2016-07-07,20:20:00,80.54,80.62,80.525,80.6,11645,0
2016-07-07,20:25:00,80.6,80.69,80.6,80.65,9913,0
2016-07-07,20:30:00,80.64,80.72,80.6,80.65,12947,0
2016-07-07,20:35:00,80.64,80.67,80.53,80.53,6627,0
2016-07-07,20:40:00,80.55,80.62,80.51,80.59,7081,0
2016-07-07,20:45:00,80.57,80.58,80.52,80.53,7781,0
2016-07-07,20:50:00,80.53,80.55,80.51,80.51,5600,0
2016-07-07,20:55:00,80.5,80.53,80.44,80.52,4988,0
2016-07-07,21:00:00,80.53,80.54,80.4,80.43,4400,0
2016-07-07,21:05:00,80.45,80.55,80.44,80.5339,7301,0
2016-07-07,21:10:00,80.548,80.63,80.54,80.63,6345,0
2016-07-07,21:15:00,80.63,80.66,80.59,80.63,6750,0
2016-07-07,21:20:00,80.62,80.63,80.58,80.63,3705,0
2016-07-07,21:25:00,80.65,80.65,80.59,80.59,2415,0
2016-07-07,21:30:00,80.58,80.61,80.53,80.61,7744,0
2016-07-07,21:35:00,80.62,80.65,80.5464,80.63,20359,0
2016-07-07,21:40:00,80.62,80.63,80.562,80.63,10465,0
2016-07-07,21:45:00,80.65,80.69,80.58,80.6,9581,0
2016-07-07,21:50:00,80.62,80.69,80.57,80.59,12908,0
2016-07-07,21:55:00,80.61,80.7,80.6,80.69,16981,0
2016-07-07,22:00:00,80.69,80.71,80.6,80.69,122832,0
2016-07-08,15:35:00,81.43,81.43,80.94,81.28,24307,0
2016-07-08,15:40:00,81.16,81.88,81.16,81.74,16653,0
2016-07-08,15:45:00,81.77,82.19,81.76,81.94,12200,0
2016-07-08,15:50:00,81.98,82.36,81.955,82.27,11714,0
2016-07-08,15:55:00,82.25,82.44,82.22,82.2725,20064,0
2016-07-08,16:00:00,82.25,82.41,82.21,82.41,13056,0
2016-07-08,16:05:00,82.41,82.41,82.24,82.26,22253,0
2016-07-08,16:10:00,82.24,82.36,82.24,82.3,8117,0
2016-07-08,16:15:00,82.29,82.36,82.27,82.295,6487,0
2016-07-08,16:20:00,82.32,82.42,82.29,82.42,6901,0
2016-07-08,16:25:00,82.395,82.59,82.36,82.57,12773,0
2016-07-08,16:30:00,82.56,82.59,82.46,82.525,6456,0
2016-07-08,16:35:00,82.51,82.63,82.5,82.605,22275,0
2016-07-08,16:40:00,82.61,82.8,82.6,82.78,19553,0
2016-07-08,16:45:00,82.79,82.99,82.79,82.98,18987,0
2016-07-08,16:50:00,82.99,83.05,82.98,82.995,19258,0
2016-07-08,16:55:00,82.98,83.16,82.97,83.14,11100,0
2016-07-08,17:00:00,83.1281,83.22,83.115,83.22,12220,0
2016-07-08,17:05:00,83.23,83.28,83.12,83.12,27928,0
2016-07-08,17:10:00,83.14,83.14,83.02,83.03,21933,0
2016-07-08,17:15:00,83.0075,83.08,82.98,83.045,5430,0
2016-07-08,17:20:00,83.04,83.25,83.03,83.23,11859,0
2016-07-08,17:25:00,83.24,83.325,83.23,83.31,11500,0
2016-07-08,17:30:00,83.325,83.44,83.325,83.42,12530,0
2016-07-08,17:35:00,83.44,83.44,83.34,83.37,15641,0
2016-07-08,17:40:00,83.36,83.37,83.29,83.36,8662,0
2016-07-08,17:45:00,83.37,83.43,83.36,83.405,9256,0
2016-07-08,17:50:00,83.4,83.405,83.3,83.39,8618,0
2016-07-08,17:55:00,83.38,83.39,83.24,83.36,9690,0
2016-07-08,18:00:00,83.36,83.39,83.27,83.275,6600,0
2016-07-08,18:05:00,83.26,83.31,83.26,83.295,6554,0
2016-07-08,18:10:00,83.295,83.295,83.24,83.26,7314,0
2016-07-08,18:15:00,83.27,83.325,83.245,83.32,6025,0
2016-07-08,18:20:00,83.32,83.345,83.24,83.27,7200,0
2016-07-08,18:25:00,83.29,83.36,83.24,83.33,12035,0
2016-07-08,18:30:00,83.33,83.43,83.33,83.42,10518,0
2016-07-08,18:35:00,83.44,83.46,83.37,83.4375,16974,0
2016-07-08,18:40:00,83.45,83.5099,83.41,83.49,12762,0
2016-07-08,18:45:00,83.5,83.57,83.5,83.5,7885,0
2016-07-08,18:50:00,83.51,83.52,83.48,83.5,7070,0
2016-07-08,18:55:00,83.503,83.69,83.5,83.67,25480,0
2016-07-08,19:00:00,83.69,83.69,83.57,83.6375,10516,0
2016-07-08,19:05:00,83.64,83.695,83.64,83.68,23283,0
2016-07-08,19:10:00,83.68,83.8,83.68,83.76,19238,0
2016-07-08,19:15:00,83.77,83.81,83.73,83.76,12342,0
2016-07-08,19:20:00,83.77,83.77,83.7,83.7,7450,0
2016-07-08,19:25:00,83.69,83.74,83.64,83.72,11348,0
2016-07-08,19:30:00,83.72,83.77,83.69,83.76,9963,0
2016-07-08,19:35:00,83.78,83.8,83.69,83.71,6525,0
2016-07-08,19:40:00,83.72,83.755,83.68,83.69,32118,0
2016-07-08,19:45:00,83.69,83.7277,83.65,83.67,10504,0
2016-07-08,19:50:00,83.6625,83.735,83.65,83.72,7808,0
2016-07-08,19:55:00,83.705,83.74,83.6792,83.74,8635,0
2016-07-08,20:00:00,83.74,83.75,83.71,83.725,6032,0
2016-07-08,20:05:00,83.74,83.745,83.66,83.6862,13674,0
2016-07-08,20:10:00,83.6825,83.6825,83.53,83.53,8400,0
2016-07-08,20:15:00,83.54,83.6,83.54,83.59,8397,0
2016-07-08,20:20:00,83.58,83.6125,83.56,83.59,7156,0
2016-07-08,20:25:00,83.6,83.63,83.59,83.62,5962,0
2016-07-08,20:30:00,83.62,83.66,83.62,83.64,8839,0
2016-07-08,20:35:00,83.64,83.72,83.61,83.71,10753,0
2016-07-08,20:40:00,83.71,83.72,83.64,83.66,8944,0
2016-07-08,20:45:00,83.6528,83.8,83.6528,83.71,17534,0
2016-07-08,20:50:00,83.7,83.745,83.66,83.725,11283,0
2016-07-08,20:55:00,83.71,83.78,83.675,83.76,14202,0
2016-07-08,21:00:00,83.79,83.79,83.64,83.6475,15452,0
2016-07-08,21:05:00,83.66,83.66,83.57,83.57,9301,0
2016-07-08,21:10:00,83.56,83.63,83.54,83.63,11514,0
2016-07-08,21:15:00,83.63,83.655,83.6,83.62,14012,0
2016-07-08,21:20:00,83.62,83.62,83.55,83.55,10667,0
2016-07-08,21:25:00,83.56,83.58,83.522,83.55,19292,0
2016-07-08,21:30:00,83.55,83.575,83.52,83.525,14759,0
2016-07-08,21:35:00,83.53,83.5499,83.46,83.46,30694,0
2016-07-08,21:40:00,83.46,83.505,83.4,83.455,41014,0
2016-07-08,21:45:00,83.45,83.46,83.34,83.425,38872,0
2016-07-08,21:50:00,83.41,83.47,83.41,83.45,35363,0
2016-07-08,21:55:00,83.44,83.54,83.44,83.535,42656,0
2016-07-08,22:00:00,83.53,83.59,83.51,83.54,225711,0
