Date,Time,Open,High,Low,Close,Volume,OpenInt
2016-06-14,15:35:00,10.35,10.35,10.35,10.35,101,0
2016-06-14,15:40:00,10.39,10.4,10.39,10.4,500,0
2016-06-14,15:45:00,10.37,10.37,10.37,10.37,100,0
2016-06-14,15:50:00,10.37,10.37,10.37,10.37,200,0
2016-06-14,16:05:00,10.41,10.41,10.41,10.41,400,0
2016-06-14,16:25:00,10.41,10.41,10.41,10.41,700,0
2016-06-14,16:30:00,10.41,10.41,10.34,10.34,500,0
2016-06-14,16:40:00,10.34,10.34,10.34,10.34,300,0
2016-06-14,16:45:00,10.31,10.31,10.31,10.31,100,0
2016-06-14,16:55:00,10.36,10.36,10.35,10.35,500,0
2016-06-14,17:00:00,10.35,10.35,10.35,10.35,100,0
2016-06-14,17:05:00,10.35,10.36,10.35,10.36,300,0
2016-06-14,17:10:00,10.37,10.38,10.37,10.38,200,0
2016-06-14,17:20:00,10.41,10.41,10.4,10.4,500,0
2016-06-14,17:25:00,10.4,10.4,10.4,10.4,100,0
2016-06-14,17:30:00,10.4,10.4,10.4,10.4,100,0
2016-06-14,17:35:00,10.43,10.45,10.43,10.45,300,0
2016-06-14,17:40:00,10.45,10.45,10.45,10.45,300,0
2016-06-14,17:45:00,10.49,10.49,10.49,10.49,300,0
2016-06-14,17:50:00,10.49,10.49,10.49,10.49,100,0
2016-06-14,17:55:00,10.49,10.5,10.49,10.5,200,0
2016-06-14,18:00:00,10.52,10.52,10.51,10.51,200,0
2016-06-14,18:05:00,10.51,10.51,10.51,10.51,200,0
2016-06-14,18:10:00,10.51,10.51,10.51,10.51,100,0
2016-06-14,18:15:00,10.52,10.52,10.46,10.52,600,0
2016-06-14,18:20:00,10.5,10.52,10.5,10.52,600,0
2016-06-14,18:25:00,10.53,10.54,10.52,10.54,300,0
2016-06-14,18:30:00,10.6,10.6,10.6,10.6,200,0
2016-06-14,18:35:00,10.59,10.6,10.59,10.6,800,0
2016-06-14,18:40:00,10.6,10.6,10.6,10.6,500,0
2016-06-14,18:45:00,10.6,10.66,10.6,10.66,1500,0
2016-06-14,18:50:00,10.67,10.67,10.67,10.67,200,0
2016-06-14,18:55:00,10.62,10.62,10.62,10.62,100,0
2016-06-14,19:00:00,10.6,10.6,10.6,10.6,200,0
2016-06-14,19:05:00,10.6,10.6,10.6,10.6,300,0
2016-06-14,19:10:00,10.6,10.605,10.6,10.605,200,0
2016-06-14,19:15:00,10.6,10.6,10.6,10.6,400,0
2016-06-14,19:20:00,10.61,10.61,10.61,10.61,100,0
2016-06-14,19:25:00,10.61,10.61,10.61,10.61,200,0
2016-06-14,19:30:00,10.61,10.61,10.61,10.61,100,0
2016-06-14,19:35:00,10.62,10.62,10.62,10.62,300,0
2016-06-14,19:40:00,10.635,10.635,10.635,10.635,200,0
2016-06-14,19:45:00,10.63,10.65,10.63,10.65,500,0
2016-06-14,19:50:00,10.64,10.64,10.64,10.64,100,0
2016-06-14,19:55:00,10.64,10.64,10.6,10.61,500,0
2016-06-14,20:00:00,10.63,10.63,10.63,10.63,193,0
2016-06-14,20:05:00,10.63,10.645,10.63,10.63,500,0
2016-06-14,20:10:00,10.65,10.65,10.65,10.65,500,0
2016-06-14,20:15:00,10.65,10.65,10.625,10.64,600,0
2016-06-14,20:20:00,10.63,10.63,10.63,10.63,100,0
2016-06-14,20:30:00,10.69,10.69,10.69,10.69,300,0
2016-06-14,20:35:00,10.68,10.77,10.68,10.77,2389,0
2016-06-14,20:40:00,10.75,10.75,10.71,10.71,200,0
2016-06-14,20:45:00,10.75,10.75,10.75,10.75,200,0
2016-06-14,20:50:00,10.75,10.75,10.75,10.75,100,0
2016-06-14,20:55:00,10.75,10.75,10.75,10.75,100,0
2016-06-14,21:00:00,10.75,10.75,10.72,10.72,500,0
2016-06-14,21:05:00,10.72,10.73,10.72,10.72,300,0
2016-06-14,21:10:00,10.74,10.74,10.72,10.72,200,0
2016-06-14,21:15:00,10.72,10.72,10.72,10.72,100,0
2016-06-14,21:20:00,10.73,10.75,10.73,10.75,1600,0
2016-06-14,21:25:00,10.72,10.77,10.71,10.77,1800,0
2016-06-14,21:35:00,10.72,10.75,10.72,10.72,500,0
2016-06-14,21:40:00,10.69,10.69,10.66,10.69,500,0
2016-06-14,21:45:00,10.645,10.66,10.63,10.65,800,0
2016-06-14,21:50:00,10.7,10.7,10.7,10.7,100,0
2016-06-14,21:55:00,10.65,10.66,10.64,10.66,800,0
2016-06-14,22:00:00,10.65,10.69,10.64,10.66,2305,0
2016-06-15,15:35:00,10.66,10.66,10.44,10.45,554,0
2016-06-15,15:45:00,10.53,10.6,10.53,10.6,900,0
2016-06-15,15:55:00,10.6,10.6,10.6,10.6,100,0
2016-06-15,16:25:00,10.71,10.74,10.71,10.74,600,0
2016-06-15,16:30:00,10.74,10.74,10.74,10.74,100,0
2016-06-15,16:35:00,10.7,10.7,10.69,10.69,200,0
2016-06-15,16:40:00,10.75,10.75,10.75,10.75,100,0
2016-06-15,16:45:00,10.74,10.74,10.74,10.74,100,0
2016-06-15,16:50:00,10.75,10.75,10.75,10.75,200,0
2016-06-15,16:55:00,10.79,10.8,10.76,10.76,400,0
2016-06-15,17:00:00,10.76,10.76,10.76,10.76,100,0
2016-06-15,17:05:00,10.78,10.78,10.76,10.76,200,0
2016-06-15,17:20:00,10.77,10.77,10.77,10.77,500,0
2016-06-15,17:25:00,10.72,10.72,10.72,10.72,100,0
2016-06-15,17:35:00,10.77,10.78,10.77,10.78,400,0
2016-06-15,17:55:00,10.8,10.8,10.8,10.8,723,0
2016-06-15,18:00:00,10.88,10.91,10.88,10.89,700,0
2016-06-15,18:05:00,10.88,10.88,10.88,10.88,400,0
2016-06-15,18:10:00,10.83,10.83,10.77,10.77,400,0
2016-06-15,18:25:00,10.83,10.83,10.805,10.805,200,0
2016-06-15,18:40:00,10.86,10.86,10.86,10.86,200,0
2016-06-15,18:50:00,10.89,10.89,10.89,10.89,200,0
2016-06-15,18:55:00,10.9,10.9,10.9,10.9,300,0
2016-06-15,19:10:00,10.89,10.89,10.89,10.89,300,0
2016-06-15,19:20:00,10.89,10.89,10.89,10.89,200,0
2016-06-15,19:35:00,10.9,10.93,10.9,10.93,300,0
2016-06-15,19:40:00,10.95,10.95,10.95,10.95,100,0
2016-06-15,19:45:00,10.91,10.97,10.91,10.97,1400,0
2016-06-15,19:50:00,10.97,10.97,10.965,10.97,1265,0
2016-06-15,19:55:00,10.97,10.97,10.97,10.97,100,0
2016-06-15,20:00:00,10.965,10.97,10.94,10.97,500,0
2016-06-15,20:05:00,10.97,10.97,10.97,10.97,200,0
2016-06-15,20:10:00,10.97,10.97,10.93,10.93,900,0
2016-06-15,20:15:00,10.94,10.94,10.89,10.89,200,0
2016-06-15,20:20:00,10.895,10.895,10.89,10.89,300,0
2016-06-15,20:25:00,10.89,10.9,10.89,10.9,400,0
2016-06-15,20:35:00,10.9,10.9,10.87,10.875,1000,0
2016-06-15,20:40:00,10.83,10.84,10.83,10.84,200,0
2016-06-15,20:50:00,10.88,10.9,10.88,10.89,600,0
2016-06-15,20:55:00,10.89,10.9,10.89,10.9,200,0
2016-06-15,21:00:00,10.9,10.9,10.9,10.9,695,0
2016-06-15,21:05:00,10.9,10.9,10.9,10.9,300,0
2016-06-15,21:10:00,10.92,10.93,10.92,10.93,200,0
2016-06-15,21:15:00,10.91,10.91,10.89,10.89,300,0
2016-06-15,21:20:00,10.895,10.91,10.88,10.88,500,0
2016-06-15,21:30:00,10.88,10.9,10.88,10.89,1150,0
2016-06-15,21:35:00,10.9,10.92,10.87,10.92,300,0
2016-06-15,21:40:00,10.87,10.87,10.86,10.87,500,0
2016-06-15,21:45:00,10.84,10.87,10.84,10.855,400,0
2016-06-15,21:50:00,10.84,10.87,10.8,10.85,1600,0
2016-06-15,21:55:00,10.85,10.85,10.82,10.82,400,0
2016-06-15,22:00:00,10.8,10.82,10.8,10.81,2274,0
2016-06-16,15:35:00,10.78,10.78,10.78,10.78,100,0
2016-06-16,15:40:00,10.81,10.83,10.81,10.83,200,0
2016-06-16,15:45:00,11.02,11.02,10.92,10.92,1000,0
2016-06-16,15:50:00,10.69,10.76,10.69,10.76,300,0
2016-06-16,15:55:00,10.72,10.72,10.72,10.72,100,0
2016-06-16,16:00:00,10.72,10.72,10.72,10.72,500,0
2016-06-16,16:05:00,10.65,10.65,10.64,10.64,200,0
2016-06-16,16:10:00,10.7,10.71,10.7,10.71,600,0
2016-06-16,16:15:00,10.645,10.645,10.645,10.645,100,0
2016-06-16,16:20:00,10.675,10.685,10.67,10.68,500,0
2016-06-16,16:25:00,10.67,10.7,10.67,10.7,200,0
2016-06-16,16:40:00,10.73,10.79,10.73,10.79,300,0
2016-06-16,16:45:00,10.79,10.79,10.79,10.79,100,0
2016-06-16,16:50:00,10.79,10.79,10.77,10.77,200,0
2016-06-16,16:55:00,10.83,10.83,10.83,10.83,200,0
2016-06-16,17:00:00,10.83,10.83,10.83,10.83,100,0
2016-06-16,17:05:00,10.83,10.83,10.78,10.83,300,0
2016-06-16,17:10:00,10.83,10.83,10.83,10.83,100,0
2016-06-16,17:15:00,10.83,10.85,10.83,10.85,300,0
2016-06-16,17:20:00,10.9,10.93,10.85,10.93,3200,0
2016-06-16,17:25:00,10.93,10.94,10.92,10.93,900,0
2016-06-16,17:30:00,10.96,10.99,10.96,10.99,400,0
2016-06-16,17:35:00,10.98,10.98,10.98,10.98,100,0
2016-06-16,17:40:00,10.98,10.98,10.98,10.98,100,0
2016-06-16,17:45:00,10.8701,10.95,10.8701,10.95,300,0
2016-06-16,17:50:00,10.905,10.95,10.905,10.94,1099,0
2016-06-16,17:55:00,10.94,10.99,10.94,10.95,1686,0
2016-06-16,18:00:00,10.96,10.96,10.96,10.96,300,0
2016-06-16,18:05:00,10.955,10.955,10.955,10.955,100,0
2016-06-16,18:10:00,10.95,10.95,10.94,10.95,710,0
2016-06-16,18:15:00,10.96,10.96,10.96,10.96,200,0
2016-06-16,18:20:00,10.97,10.97,10.97,10.97,200,0
2016-06-16,18:25:00,10.97,10.98,10.97,10.98,900,0
2016-06-16,18:35:00,10.98,10.98,10.965,10.965,300,0
2016-06-16,18:40:00,10.98,10.99,10.98,10.99,700,0
2016-06-16,18:45:00,10.98,11.02,10.98,11,300,0
2016-06-16,18:50:00,11.02,11.02,10.98,11,500,0
2016-06-16,18:55:00,11,11.02,11,11.02,200,0
2016-06-16,19:00:00,11,11.02,10.96,10.96,400,0
2016-06-16,19:05:00,10.985,11.02,10.985,11.02,600,0
2016-06-16,19:10:00,11,11.02,10.95,11,700,0
2016-06-16,19:15:00,11,11,11,11,1200,0
2016-06-16,19:20:00,11.02,11.02,11.02,11.02,200,0
2016-06-16,19:25:00,11.02,11.03,11.02,11.03,600,0
2016-06-16,19:30:00,11.04,11.04,11.04,11.04,100,0
2016-06-16,19:35:00,11.04,11.04,11,11.03,400,0
2016-06-16,19:40:00,11.03,11.03,11.03,11.03,200,0
2016-06-16,19:45:00,11,11.03,11,11.03,300,0
2016-06-16,19:50:00,11.015,11.015,10.98,10.98,600,0
2016-06-16,19:55:00,11,11,11,11,200,0
2016-06-16,20:05:00,11,11,11,11,500,0
2016-06-16,20:10:00,11,11,11,11,200,0
2016-06-16,20:15:00,10.98,11.01,10.98,11.01,300,0
2016-06-16,20:20:00,11.02,11.02,11.02,11.02,200,0
2016-06-16,20:30:00,11.08,11.08,11.08,11.08,100,0
2016-06-16,20:35:00,11.03,11.03,11.03,11.03,100,0
2016-06-16,20:40:00,11.07,11.07,11.02,11.02,200,0
2016-06-16,20:55:00,11.03,11.03,11.03,11.03,100,0
2016-06-16,21:00:00,11.06,11.09,11.04,11.09,600,0
2016-06-16,21:05:00,11.08,11.13,11.08,11.12,1403,0
2016-06-16,21:10:00,11.15,11.15,11.06,11.13,300,0
2016-06-16,21:15:00,11.15,11.17,11.11,11.17,900,0
2016-06-16,21:20:00,11.22,11.26,11.22,11.26,1000,0
2016-06-16,21:30:00,11.24,11.24,11.22,11.22,1000,0
2016-06-16,21:35:00,11.18,11.18,11.18,11.18,100,0
2016-06-16,21:40:00,11.1,11.1,11.1,11.1,100,0
2016-06-16,21:45:00,11.1,11.1,11.09,11.09,300,0
2016-06-16,21:50:00,11.07,11.07,11.07,11.07,100,0
2016-06-16,21:55:00,11.07,11.07,11.07,11.07,500,0
2016-06-16,22:00:00,11.07,11.11,11.06,11.08,3458,0
2016-06-17,15:35:00,11.12,11.12,11.12,11.12,28010,0
2016-06-17,15:50:00,11.16,11.16,11.15,11.16,300,0
2016-06-17,15:55:00,11.16,11.16,11.15,11.15,300,0
2016-06-17,16:05:00,11.04,11.14,11.04,11.14,200,0
2016-06-17,16:30:00,11.2,11.2,11.2,11.2,100,0
2016-06-17,16:35:00,11.13,11.14,11.13,11.14,200,0
2016-06-17,16:40:00,11.12,11.12,11.12,11.12,100,0
2016-06-17,16:45:00,11.15,11.15,11.14,11.14,200,0
2016-06-17,16:55:00,11.15,11.15,11.15,11.15,100,0
2016-06-17,17:00:00,11.15,11.15,11.15,11.15,100,0
2016-06-17,17:05:00,11.15,11.15,11.15,11.15,200,0
2016-06-17,17:10:00,11.15,11.15,11.02,11.08,400,0
2016-06-17,17:15:00,11.07,11.07,11.01,11.01,400,0
2016-06-17,17:20:00,11.035,11.12,11.03,11.12,5733,0
2016-06-17,17:25:00,11.11,11.11,11.11,11.11,200,0
2016-06-17,17:30:00,11.11,11.11,11.085,11.11,335,0
2016-06-17,17:35:00,11.11,11.11,11.1,11.1,400,0
2016-06-17,17:40:00,11.12,11.12,11.12,11.12,200,0
2016-06-17,17:45:00,11.1,11.12,11.1,11.12,200,0
2016-06-17,17:50:00,11.12,11.19,11.12,11.19,300,0
2016-06-17,17:55:00,11.19,11.19,11.145,11.145,218,0
2016-06-17,18:05:00,11.15,11.19,11.145,11.19,600,0
2016-06-17,18:15:00,11.18,11.18,11.18,11.18,100,0
2016-06-17,18:20:00,11.17,11.17,11.17,11.17,600,0
2016-06-17,18:35:00,11.145,11.145,11.145,11.145,100,0
2016-06-17,18:45:00,11.14,11.145,11.14,11.145,300,0
2016-06-17,18:55:00,11.1,11.14,11.1,11.13,300,0
2016-06-17,19:05:00,11.08,11.11,11.08,11.11,400,0
2016-06-17,19:10:00,11.07,11.18,11.045,11.18,4400,0
2016-06-17,19:15:00,11.135,11.22,11.05,11.05,2581,0
2016-06-17,19:20:00,11.05,11.13,11.05,11.13,600,0
2016-06-17,19:25:00,11.12,11.12,11.08,11.08,300,0
2016-06-17,19:35:00,11.11,11.11,11.11,11.11,100,0
2016-06-17,19:55:00,11.13,11.13,11.09,11.13,1100,0
2016-06-17,20:00:00,11.14,11.14,11.13,11.14,1000,0
2016-06-17,20:05:00,11.13,11.16,11.12,11.15,1100,0
2016-06-17,20:10:00,11.13,11.15,11.13,11.15,200,0
2016-06-17,20:15:00,11.135,11.135,11.12,11.12,300,0
2016-06-17,20:25:00,11.12,11.12,11.12,11.12,100,0
2016-06-17,20:35:00,11.12,11.12,11.1,11.1,400,0
2016-06-17,20:40:00,11.105,11.105,11.09,11.09,400,0
2016-06-17,20:45:00,11.07,11.085,11.07,11.085,200,0
2016-06-17,21:00:00,11.1,11.1,11.06,11.06,394,0
2016-06-17,21:05:00,11.08,11.1,11.08,11.1,200,0
2016-06-17,21:10:00,11.11,11.15,11.1,11.15,1500,0
2016-06-17,21:15:00,11.1401,11.19,11.02,11.15,7914,0
2016-06-17,21:20:00,11.15,11.15,11.15,11.15,100,0
2016-06-17,21:45:00,11.08,11.13,11.08,11.13,376,0
2016-06-17,22:00:00,11.09,11.09,11.08,11.08,5762,0
2016-06-20,15:35:00,11.17,11.17,11.17,11.17,130,0
2016-06-20,15:55:00,11.15,11.15,11.13,11.13,600,0
2016-06-20,16:00:00,11.06,11.07,11.06,11.07,200,0
2016-06-20,16:05:00,11.06,11.07,11.06,11.07,300,0
2016-06-20,16:10:00,11.1,11.1,11.08,11.08,300,0
2016-06-20,16:20:00,11.05,11.05,11.05,11.05,100,0
2016-06-20,16:25:00,11.0475,11.05,11.03,11.05,1000,0
2016-06-20,16:30:00,11.05,11.1,11.04,11.1,859,0
2016-06-20,16:35:00,11.13,11.13,11.13,11.13,200,0
2016-06-20,16:50:00,11.16,11.2025,11.142,11.15,2078,0
2016-06-20,16:55:00,11.14,11.14,11.03,11.03,1361,0
2016-06-20,17:05:00,11.045,11.045,11.045,11.045,100,0
2016-06-20,17:10:00,11.08,11.1,11.08,11.1,2639,0
2016-06-20,17:15:00,11.11,11.15,11.11,11.15,200,0
2016-06-20,17:20:00,11.17,11.17,11.17,11.17,100,0
2016-06-20,17:25:00,11.16,11.2,11.11,11.2,300,0
2016-06-20,17:50:00,11.22,11.22,11.08,11.15,5662,0
2016-06-20,17:55:00,11.15,11.15,11.13,11.13,3100,0
2016-06-20,18:05:00,11.2,11.2,11.2,11.2,100,0
2016-06-20,18:10:00,11.2,11.2,11.2,11.2,300,0
2016-06-20,18:15:00,11.21,11.21,11.21,11.21,100,0
2016-06-20,18:20:00,11.29,11.29,11.29,11.29,100,0
2016-06-20,18:25:00,11.21,11.21,11.21,11.21,100,0
2016-06-20,18:30:00,11.205,11.23,11.205,11.23,200,0
2016-06-20,18:40:00,11.18,11.21,11.18,11.21,200,0
2016-06-20,18:45:00,11.21,11.21,11.07,11.13,4474,0
2016-06-20,18:55:00,11.15,11.15,11.15,11.15,100,0
2016-06-20,19:00:00,11.1402,11.15,11.1402,11.15,2500,0
2016-06-20,19:05:00,11.15,11.17,11.14,11.15,1900,0
2016-06-20,19:15:00,11.2,11.2,11.1,11.155,5379,0
2016-06-20,19:35:00,11.19,11.19,11.18,11.18,200,0
2016-06-20,19:45:00,11.18,11.18,11.18,11.18,100,0
2016-06-20,19:50:00,11.12,11.19,11.12,11.19,200,0
2016-06-20,19:55:00,11.19,11.19,11.13,11.13,800,0
2016-06-20,20:05:00,11.15,11.15,11.15,11.15,515,0
2016-06-20,20:15:00,11.12,11.14,11.08,11.08,900,0
2016-06-20,20:20:00,11.02,11.02,11.02,11.02,100,0
2016-06-20,20:25:00,11.1,11.1,11.1,11.1,100,0
2016-06-20,20:35:00,11.03,11.03,11.03,11.03,100,0
2016-06-20,20:40:00,11.06,11.06,11.05,11.05,200,0
2016-06-20,20:45:00,11.04,11.04,11.04,11.04,200,0
2016-06-20,21:00:00,11.1,11.1,11.1,11.1,100,0
2016-06-20,21:10:00,11.1,11.1,11.1,11.1,100,0
2016-06-20,21:15:00,11.07,11.07,11.07,11.07,100,0
2016-06-20,21:20:00,11.06,11.11,11.06,11.06,700,0
2016-06-20,21:25:00,11.02,11.02,11.02,11.02,200,0
2016-06-20,21:30:00,11.02,11.02,11.02,11.02,200,0
2016-06-20,21:40:00,10.95,10.95,10.95,10.95,100,0
2016-06-20,21:45:00,10.95,10.95,10.95,10.95,100,0
2016-06-20,21:55:00,11,11.04,10.99,11.04,5400,0
2016-06-20,22:00:00,10.98,11.02,10.95,10.95,2369,0
2016-06-21,15:35:00,11.33,11.33,11.33,11.33,100,0
2016-06-21,15:40:00,11,11.18,11,11.18,558,0
2016-06-21,15:45:00,11,11,10.88,10.88,300,0
2016-06-21,15:55:00,10.88,10.88,10.88,10.88,100,0
2016-06-21,16:05:00,10.84,10.84,10.84,10.84,300,0
2016-06-21,16:10:00,10.84,10.88,10.84,10.88,300,0
2016-06-21,16:15:00,10.8848,10.8848,10.8848,10.8848,221,0
2016-06-21,16:20:00,10.92,10.93,10.88,10.93,600,0
2016-06-21,16:30:00,10.88,10.88,10.88,10.88,100,0
2016-06-21,16:35:00,10.93,10.93,10.93,10.93,100,0
2016-06-21,16:40:00,10.93,10.93,10.93,10.93,300,0
2016-06-21,16:45:00,10.92,10.94,10.92,10.94,200,0
2016-06-21,16:50:00,10.8688,10.8688,10.8688,10.8688,483,0
2016-06-21,17:00:00,10.87,10.92,10.87,10.915,692,0
2016-06-21,17:05:00,10.83,10.83,10.78,10.83,500,0
2016-06-21,17:10:00,10.83,10.83,10.83,10.83,200,0
2016-06-21,17:15:00,10.83,10.83,10.83,10.83,200,0
2016-06-21,17:25:00,10.83,10.83,10.77,10.77,200,0
2016-06-21,17:30:00,10.87,10.87,10.78,10.86,500,0
2016-06-21,17:35:00,10.8,10.83,10.8,10.83,300,0
2016-06-21,17:45:00,10.83,10.83,10.83,10.83,100,0
2016-06-21,17:50:00,10.82,10.84,10.81,10.84,400,0
2016-06-21,17:55:00,10.84,10.84,10.83,10.83,400,0
2016-06-21,18:00:00,10.83,10.85,10.83,10.845,599,0
2016-06-21,18:05:00,10.87,10.87,10.8175,10.8175,200,0
2016-06-21,18:10:00,10.81,10.86,10.81,10.86,300,0
2016-06-21,18:15:00,10.84,10.84,10.8,10.84,300,0
2016-06-21,18:20:00,10.84,10.88,10.84,10.88,499,0
2016-06-21,18:25:00,10.87,10.87,10.87,10.87,100,0
2016-06-21,18:30:00,10.82,10.89,10.82,10.89,200,0
2016-06-21,18:35:00,10.87,10.91,10.87,10.91,300,0
2016-06-21,18:40:00,10.92,10.92,10.92,10.92,100,0
2016-06-21,18:45:00,10.92,10.92,10.86,10.86,200,0
2016-06-21,18:50:00,10.86,10.92,10.86,10.92,300,0
2016-06-21,18:55:00,10.92,10.93,10.92,10.93,500,0
2016-06-21,19:00:00,10.86,10.86,10.86,10.86,100,0
2016-06-21,19:10:00,10.85,10.85,10.85,10.85,100,0
2016-06-21,19:15:00,10.86,10.86,10.86,10.86,100,0
2016-06-21,19:20:00,10.86,10.88,10.86,10.88,300,0
2016-06-21,19:25:00,10.9,10.9,10.9,10.9,200,0
2016-06-21,19:30:00,10.9,10.9,10.87,10.87,500,0
2016-06-21,19:35:00,10.9,10.94,10.8675,10.94,500,0
2016-06-21,19:40:00,10.94,10.94,10.94,10.94,100,0
2016-06-21,19:45:00,10.94,10.95,10.89,10.95,800,0
2016-06-21,19:50:00,10.97,10.97,10.81,10.93,1000,0
2016-06-21,19:55:00,10.92,10.92,10.92,10.92,100,0
2016-06-21,20:05:00,10.92,10.95,10.91,10.95,300,0
2016-06-21,20:15:00,10.96,10.96,10.96,10.96,100,0
2016-06-21,20:20:00,10.96,10.96,10.96,10.96,100,0
2016-06-21,20:25:00,10.94,10.965,10.91,10.965,900,0
2016-06-21,20:35:00,10.93,10.93,10.93,10.93,100,0
2016-06-21,20:40:00,10.95,10.98,10.95,10.97,506,0
2016-06-21,20:45:00,10.97,10.97,10.97,10.97,100,0
2016-06-21,20:50:00,10.87,10.87,10.87,10.87,100,0
2016-06-21,20:55:00,10.97,10.97,10.92,10.92,400,0
2016-06-21,21:00:00,10.9,11,10.9,10.91,800,0
2016-06-21,21:10:00,10.91,10.91,10.91,10.91,200,0
2016-06-21,21:20:00,10.9,10.9,10.8875,10.8875,200,0
2016-06-21,21:25:00,10.88,10.88,10.88,10.88,200,0
2016-06-21,21:30:00,10.88,10.88,10.88,10.88,100,0
2016-06-21,21:35:00,10.86,10.865,10.86,10.865,300,0
2016-06-21,21:40:00,10.84,10.84,10.78,10.78,500,0
2016-06-21,21:45:00,10.78,10.78,10.78,10.78,100,0
2016-06-21,21:50:00,10.75,10.78,10.75,10.78,300,0
2016-06-21,21:55:00,10.75,10.75,10.75,10.75,100,0
2016-06-21,22:00:00,10.77,10.8,10.75,10.77,2951,0
2016-06-22,15:35:00,10.83,11.06,10.83,10.92,916,0
2016-06-22,15:40:00,10.615,10.69,10.615,10.69,599,0
2016-06-22,16:10:00,10.78,10.79,10.78,10.79,700,0
2016-06-22,16:15:00,10.79,10.81,10.79,10.81,500,0
2016-06-22,16:20:00,10.75,10.8,10.74,10.8,300,0
2016-06-22,16:25:00,10.8,10.8,10.8,10.8,300,0
2016-06-22,16:30:00,10.8,10.8,10.79,10.8,300,0
2016-06-22,16:35:00,10.8,10.84,10.8,10.84,400,0
2016-06-22,16:40:00,10.91,10.95,10.91,10.94,600,0
2016-06-22,16:45:00,10.95,11.03,10.95,11.03,200,0
2016-06-22,16:50:00,11,11.05,10.92,10.92,1100,0
2016-06-22,16:55:00,10.91,10.91,10.91,10.91,100,0
2016-06-22,17:00:00,10.93,11.07,10.91,11,1100,0
2016-06-22,17:05:00,11,11,10.93,10.98,600,0
2016-06-22,17:15:00,10.94,11,10.88,10.88,400,0
2016-06-22,17:25:00,10.9,10.9,10.9,10.9,100,0
2016-06-22,17:30:00,11,11.07,10.94,11.01,1100,0
2016-06-22,17:35:00,10.95,10.95,10.93,10.93,300,0
2016-06-22,17:40:00,10.89,10.89,10.89,10.89,100,0
2016-06-22,17:45:00,10.8,10.9,10.8,10.845,800,0
2016-06-22,17:50:00,10.76,10.76,10.76,10.76,200,0
2016-06-22,17:55:00,10.87,10.87,10.87,10.87,300,0
2016-06-22,18:00:00,10.87,10.93,10.83,10.83,400,0
2016-06-22,18:05:00,10.95,10.95,10.95,10.95,500,0
2016-06-22,18:15:00,10.94,10.94,10.94,10.94,200,0
2016-06-22,18:20:00,10.88,10.88,10.87,10.87,400,0
2016-06-22,18:25:00,10.87,10.87,10.81,10.81,600,0
2016-06-22,18:35:00,10.81,10.81,10.79,10.79,300,0
2016-06-22,18:40:00,10.87,10.87,10.87,10.87,100,0
2016-06-22,18:45:00,10.86,10.86,10.74,10.74,400,0
2016-06-22,18:50:00,10.76,10.79,10.73,10.73,500,0
2016-06-22,18:55:00,10.77,10.77,10.77,10.77,100,0
2016-06-22,19:00:00,10.79,10.79,10.79,10.79,300,0
2016-06-22,19:05:00,10.91,10.91,10.89,10.89,500,0
2016-06-22,19:10:00,10.79,10.79,10.79,10.79,800,0
2016-06-22,19:15:00,10.725,10.725,10.725,10.725,100,0
2016-06-22,19:20:00,10.74,10.74,10.73,10.73,500,0
2016-06-22,19:25:00,10.76,10.76,10.72,10.72,200,0
2016-06-22,19:40:00,10.74,10.74,10.74,10.74,700,0
2016-06-22,19:50:00,10.77,10.85,10.77,10.78,1700,0
2016-06-22,20:00:00,10.84,10.84,10.75,10.75,300,0
2016-06-22,20:05:00,10.83,10.83,10.83,10.83,400,0
2016-06-22,20:10:00,10.795,10.82,10.795,10.82,1000,0
2016-06-22,20:15:00,10.87,10.87,10.87,10.87,100,0
2016-06-22,20:20:00,10.92,10.92,10.822,10.87,1000,0
2016-06-22,20:30:00,10.83,10.83,10.83,10.83,100,0
2016-06-22,20:35:00,10.83,10.83,10.8299,10.8299,200,0
2016-06-22,20:40:00,10.83,10.83,10.77,10.77,1200,0
2016-06-22,20:50:00,10.79,10.79,10.78,10.78,986,0
2016-06-22,20:55:00,10.79,10.79,10.68,10.68,400,0
2016-06-22,21:00:00,10.71,10.71,10.71,10.71,100,0
2016-06-22,21:05:00,10.72,10.72,10.72,10.72,100,0
2016-06-22,21:10:00,10.73,10.73,10.73,10.73,300,0
2016-06-22,21:25:00,10.73,10.75,10.73,10.75,700,0
2016-06-22,21:30:00,10.75,10.75,10.75,10.75,100,0
2016-06-22,21:35:00,10.75,10.75,10.75,10.75,200,0
2016-06-22,21:40:00,10.74,10.74,10.69,10.69,500,0
2016-06-22,21:45:00,10.7,10.7,10.7,10.7,100,0
2016-06-22,21:50:00,10.7,10.7,10.64,10.7,400,0
2016-06-22,21:55:00,10.64,10.68,10.64,10.68,830,0
2016-06-22,22:00:00,10.69,10.7,10.66,10.68,2300,0
2016-06-23,15:35:00,10.82,10.82,10.82,10.82,346,0
2016-06-23,15:45:00,10.69,10.69,10.67,10.67,300,0
2016-06-23,15:50:00,10.67,10.67,10.67,10.67,100,0
2016-06-23,15:55:00,10.48,10.67,10.48,10.67,400,0
2016-06-23,16:00:00,10.62,10.68,10.62,10.68,933,0
2016-06-23,16:05:00,10.67,10.67,10.67,10.67,100,0
2016-06-23,16:10:00,10.74,10.74,10.74,10.74,100,0
2016-06-23,16:25:00,10.8,10.9,10.78,10.7999,1900,0
2016-06-23,16:30:00,10.8194,10.8194,10.8194,10.8194,100,0
2016-06-23,16:35:00,10.77,10.77,10.67,10.68,2330,0
2016-06-23,16:50:00,10.74,10.74,10.74,10.74,200,0
2016-06-23,16:55:00,10.76,10.82,10.76,10.82,300,0
2016-06-23,17:00:00,10.79,10.79,10.79,10.79,400,0
2016-06-23,17:05:00,10.82,10.82,10.79,10.79,300,0
2016-06-23,17:10:00,10.8,10.8,10.77,10.8,900,0
2016-06-23,17:15:00,10.76,10.76,10.74,10.74,300,0
2016-06-23,17:20:00,10.8,10.8,10.8,10.8,700,0
2016-06-23,17:25:00,10.85,10.85,10.85,10.85,200,0
2016-06-23,17:30:00,10.85,10.85,10.84,10.84,200,0
2016-06-23,17:35:00,10.84,10.9,10.82,10.9,1200,0
2016-06-23,17:45:00,10.9,10.9,10.9,10.9,200,0
2016-06-23,17:55:00,10.87,10.87,10.8,10.82,1000,0
2016-06-23,18:00:00,10.9,10.9,10.9,10.9,200,0
2016-06-23,18:05:00,10.86,10.87,10.81,10.81,700,0
2016-06-23,18:10:00,10.87,10.87,10.87,10.87,200,0
2016-06-23,18:15:00,10.87,10.87,10.87,10.87,200,0
2016-06-23,18:20:00,10.81,10.81,10.8,10.8,700,0
2016-06-23,18:25:00,10.81,10.86,10.81,10.84,700,0
2016-06-23,18:35:00,10.81,10.81,10.81,10.81,400,0
2016-06-23,18:40:00,10.84,10.84,10.8,10.8,600,0
2016-06-23,18:45:00,10.76,10.83,10.76,10.76,400,0
2016-06-23,18:55:00,10.78,10.78,10.78,10.78,500,0
2016-06-23,19:05:00,10.83,10.83,10.76,10.82,400,0
2016-06-23,19:10:00,10.78,10.85,10.78,10.82,7300,0
2016-06-23,19:15:00,10.81,10.81,10.79,10.8,1400,0
2016-06-23,19:20:00,10.84,10.9,10.8,10.9,1900,0
2016-06-23,19:35:00,10.87,10.87,10.78,10.78,400,0
2016-06-23,19:40:00,10.86,10.86,10.84,10.84,300,0
2016-06-23,19:45:00,10.87,10.87,10.84,10.86,300,0
2016-06-23,19:55:00,10.86,10.87,10.86,10.87,300,0
2016-06-23,20:00:00,10.84,10.86,10.81,10.86,900,0
2016-06-23,20:05:00,10.76,10.84,10.75,10.77,500,0
2016-06-23,20:15:00,10.85,10.87,10.82,10.82,1000,0
2016-06-23,20:25:00,10.79,10.79,10.79,10.79,300,0
2016-06-23,20:30:00,10.82,10.83,10.81,10.81,500,0
2016-06-23,20:40:00,10.83,10.83,10.83,10.83,200,0
2016-06-23,20:45:00,10.83,10.89,10.82,10.82,600,0
2016-06-23,20:50:00,10.8,10.8,10.8,10.8,200,0
2016-06-23,20:55:00,10.85,10.86,10.85,10.86,200,0
2016-06-23,21:00:00,10.88,10.92,10.82,10.82,600,0
2016-06-23,21:05:00,10.83,10.83,10.79,10.79,400,0
2016-06-23,21:10:00,10.77,10.9,10.77,10.9,300,0
2016-06-23,21:15:00,10.9,10.9,10.9,10.9,424,0
2016-06-23,21:20:00,10.9,10.9,10.9,10.9,100,0
2016-06-23,21:25:00,10.87,10.88,10.82,10.85,1100,0
2016-06-23,21:35:00,10.84,10.85,10.84,10.85,400,0
2016-06-23,21:40:00,10.8,10.82,10.8,10.82,300,0
2016-06-23,21:45:00,10.815,10.88,10.815,10.83,800,0
2016-06-23,21:50:00,10.86,10.88,10.85,10.86,1000,0
2016-06-23,21:55:00,10.88,10.88,10.81,10.81,800,0
2016-06-23,22:00:00,10.84,10.86,10.81,10.86,4308,0
2016-06-24,15:35:00,10.42,10.5,10.42,10.5,606,0
2016-06-24,15:40:00,10.665,10.665,10.65,10.65,200,0
2016-06-24,15:45:00,10.64,10.64,10.64,10.64,200,0
2016-06-24,15:50:00,10.63,10.64,10.53,10.53,300,0
2016-06-24,15:55:00,10.52,10.53,10.52,10.53,600,0
2016-06-24,16:00:00,10.48,10.69,10.46,10.47,600,0
2016-06-24,16:05:00,10.72,10.72,10.71,10.71,200,0
2016-06-24,16:10:00,10.71,10.71,10.71,10.71,300,0
2016-06-24,16:15:00,10.71,10.71,10.71,10.71,100,0
2016-06-24,16:20:00,10.76,10.76,10.75,10.75,300,0
2016-06-24,16:25:00,10.7172,10.72,10.71,10.71,348,0
2016-06-24,16:30:00,10.7,10.7,10.49,10.49,300,0
2016-06-24,16:35:00,10.72,10.72,10.72,10.72,200,0
2016-06-24,16:40:00,10.54,10.6,10.54,10.58,4900,0
2016-06-24,16:50:00,10.65,10.65,10.65,10.65,300,0
2016-06-24,16:55:00,10.7,10.7,10.7,10.7,100,0
2016-06-24,17:00:00,10.72,10.72,10.57,10.57,500,0
2016-06-24,17:05:00,10.575,10.575,10.57,10.57,300,0
2016-06-24,17:10:00,10.57,10.57,10.57,10.57,100,0
2016-06-24,17:15:00,10.69,10.72,10.59,10.66,3800,0
2016-06-24,17:25:00,10.66,10.66,10.54,10.55,600,0
2016-06-24,17:30:00,10.52,10.52,10.51,10.51,300,0
2016-06-24,17:35:00,10.51,10.63,10.51,10.63,300,0
2016-06-24,17:40:00,10.61,10.63,10.61,10.63,200,0
2016-06-24,17:45:00,10.62,10.69,10.62,10.69,600,0
2016-06-24,17:55:00,10.68,10.7,10.68,10.69,700,0
2016-06-24,18:00:00,10.69,10.69,10.69,10.69,200,0
2016-06-24,18:05:00,10.7,10.71,10.7,10.71,300,0
2016-06-24,18:10:00,10.71,10.71,10.5,10.5,800,0
2016-06-24,18:15:00,10.71,10.71,10.48,10.65,1299,0
2016-06-24,18:20:00,10.67,10.67,10.67,10.67,100,0
2016-06-24,18:25:00,10.61,10.61,10.61,10.61,100,0
2016-06-24,18:30:00,10.59,10.59,10.47,10.47,200,0
2016-06-24,18:35:00,10.59,10.59,10.58,10.59,300,0
2016-06-24,18:40:00,10.58,10.58,10.58,10.58,100,0
2016-06-24,18:45:00,10.59,10.59,10.57,10.57,200,0
2016-06-24,18:50:00,10.495,10.495,10.495,10.495,200,0
2016-06-24,18:55:00,10.52,10.5901,10.5,10.59,2432,0
2016-06-24,19:00:00,10.59,10.59,10.58,10.58,200,0
2016-06-24,19:05:00,10.56,10.57,10.56,10.57,300,0
2016-06-24,19:10:00,10.58,10.58,10.58,10.58,300,0
2016-06-24,19:15:00,10.59,10.71,10.59,10.71,400,0
2016-06-24,19:20:00,10.72,10.72,10.72,10.72,100,0
2016-06-24,19:25:00,10.73,10.73,10.73,10.73,100,0
2016-06-24,19:30:00,10.75,10.75,10.75,10.75,200,0
2016-06-24,19:35:00,10.71,10.71,10.71,10.71,200,0
2016-06-24,19:40:00,10.71,10.71,10.71,10.71,200,0
2016-06-24,19:45:00,10.695,10.695,10.695,10.695,100,0
2016-06-24,19:50:00,10.7,10.7,10.68,10.68,300,0
2016-06-24,19:55:00,10.71,10.71,10.71,10.71,100,0
2016-06-24,20:00:00,10.74,10.74,10.74,10.74,100,0
2016-06-24,20:10:00,10.6,10.73,10.6,10.73,321,0
2016-06-24,20:15:00,10.73,10.73,10.73,10.73,100,0
2016-06-24,20:20:00,10.75,10.75,10.73,10.73,300,0
2016-06-24,20:25:00,10.73,10.74,10.66,10.66,500,0
2016-06-24,20:30:00,10.58,10.68,10.58,10.68,200,0
2016-06-24,20:35:00,10.66,10.67,10.66,10.67,300,0
2016-06-24,20:40:00,10.625,10.65,10.52,10.63,402,0
2016-06-24,20:45:00,10.57,10.62,10.57,10.62,200,0
2016-06-24,20:50:00,10.62,10.62,10.61,10.61,300,0
2016-06-24,20:55:00,10.635,10.7,10.635,10.7,1572,0
2016-06-24,21:00:00,10.7,10.7,10.7,10.7,300,0
2016-06-24,21:05:00,10.7,10.7,10.7,10.7,300,0
2016-06-24,21:10:00,10.66,10.66,10.65,10.65,200,0
2016-06-24,21:15:00,10.51,10.51,10.51,10.51,200,0
2016-06-24,21:20:00,10.65,10.65,10.51,10.51,300,0
2016-06-24,21:25:00,10.64,10.64,10.56,10.62,500,0
2016-06-24,21:30:00,10.62,10.62,10.62,10.62,100,0
2016-06-24,21:35:00,10.6,10.71,10.56,10.61,2400,0
2016-06-24,21:40:00,10.73,10.73,10.65,10.73,400,0
2016-06-24,21:45:00,10.65,10.71,10.65,10.71,605,0
2016-06-24,21:50:00,10.72,10.72,10.66,10.71,500,0
2016-06-24,21:55:00,10.71,11.04,10.71,11.02,13949,0
2016-06-24,22:00:00,11.02,11.09,10.98,11.09,87942,0
2016-06-27,15:35:00,10.86,10.86,10.815,10.815,762,0
2016-06-27,15:40:00,11.32,11.32,11,11.19,300,0
2016-06-27,15:45:00,10.92,10.92,10.72,10.72,1100,0
2016-06-27,15:50:00,10.74,10.79,10.74,10.79,300,0
2016-06-27,15:55:00,10.91,10.91,10.81,10.81,300,0
2016-06-27,16:00:00,10.81,10.88,10.81,10.88,400,0
2016-06-27,16:05:00,10.92,10.92,10.92,10.92,200,0
2016-06-27,16:10:00,10.9,10.9,10.8,10.8,400,0
2016-06-27,16:15:00,10.81,10.82,10.8,10.82,300,0
2016-06-27,16:20:00,10.82,10.82,10.82,10.82,100,0
2016-06-27,16:25:00,10.82,10.82,10.7,10.76,900,0
2016-06-27,16:30:00,10.76,10.76,10.76,10.76,100,0
2016-06-27,16:35:00,10.86,10.86,10.85,10.85,300,0
2016-06-27,16:40:00,10.85,10.85,10.795,10.795,300,0
2016-06-27,16:45:00,10.84,10.84,10.7,10.7,500,0
2016-06-27,16:50:00,10.75,10.75,10.75,10.75,100,0
2016-06-27,16:55:00,10.73,10.73,10.66,10.66,900,0
2016-06-27,17:00:00,10.75,10.75,10.73,10.73,200,0
2016-06-27,17:05:00,10.69,10.69,10.69,10.69,200,0
2016-06-27,17:10:00,10.66,10.7,10.655,10.68,600,0
2016-06-27,17:15:00,10.68,10.68,10.68,10.68,400,0
2016-06-27,17:20:00,10.68,10.68,10.67,10.67,300,0
2016-06-27,17:25:00,10.64,10.65,10.62,10.62,500,0
2016-06-27,17:30:00,10.67,10.7,10.67,10.7,1400,0
2016-06-27,17:35:00,10.72,10.81,10.71,10.73,500,0
2016-06-27,17:40:00,10.83,10.87,10.79,10.86,600,0
2016-06-27,17:45:00,10.85,10.85,10.82,10.85,300,0
2016-06-27,17:50:00,10.85,10.86,10.85,10.86,200,0
2016-06-27,17:55:00,10.82,10.82,10.76,10.76,400,0
2016-06-27,18:00:00,10.79,10.88,10.79,10.88,800,0
2016-06-27,18:05:00,10.92,10.92,10.89,10.92,800,0
2016-06-27,18:10:00,10.83,10.86,10.83,10.86,300,0
2016-06-27,18:15:00,10.8501,10.855,10.8501,10.855,200,0
2016-06-27,18:20:00,10.89,10.92,10.89,10.92,300,0
2016-06-27,18:25:00,10.8401,10.93,10.8401,10.9,2500,0
2016-06-27,18:30:00,10.89,10.99,10.89,10.955,2900,0
2016-06-27,18:35:00,10.95,10.95,10.95,10.95,200,0
2016-06-27,18:40:00,10.915,10.95,10.89,10.89,300,0
2016-06-27,18:45:00,10.88,10.9,10.88,10.9,200,0
2016-06-27,18:50:00,10.89,10.89,10.89,10.89,300,0
2016-06-27,18:55:00,10.89,10.9,10.865,10.9,600,0
2016-06-27,19:00:00,10.89,10.9,10.89,10.9,300,0
2016-06-27,19:05:00,10.89,10.89,10.86,10.86,600,0
2016-06-27,19:10:00,10.89,10.89,10.89,10.89,200,0
2016-06-27,19:15:00,10.9,10.9,10.9,10.9,100,0
2016-06-27,19:20:00,10.89,10.9,10.89,10.9,300,0
2016-06-27,19:25:00,10.86,10.87,10.86,10.87,300,0
2016-06-27,19:30:00,10.86,10.86,10.86,10.86,100,0
2016-06-27,19:35:00,10.89,10.89,10.86,10.86,200,0
2016-06-27,19:40:00,10.82,10.82,10.78,10.78,1000,0
2016-06-27,19:45:00,10.79,10.79,10.77,10.77,300,0
2016-06-27,19:50:00,10.76,10.76,10.76,10.76,200,0
2016-06-27,19:55:00,10.775,10.8,10.775,10.8,400,0
2016-06-27,20:00:00,10.8,10.8,10.79,10.79,300,0
2016-06-27,20:05:00,10.79,10.82,10.79,10.82,200,0
2016-06-27,20:10:00,10.82,10.82,10.82,10.82,100,0
2016-06-27,20:15:00,10.84,10.84,10.8,10.8,200,0
2016-06-27,20:20:00,10.79,10.8,10.79,10.8,300,0
2016-06-27,20:25:00,10.81,10.82,10.73,10.73,2900,0
2016-06-27,20:30:00,10.7,10.73,10.7,10.73,300,0
2016-06-27,20:35:00,10.74,10.74,10.67,10.67,300,0
2016-06-27,20:40:00,10.72,10.72,10.66,10.68,700,0
2016-06-27,20:45:00,10.68,10.68,10.68,10.68,100,0
2016-06-27,20:50:00,10.64,10.66,10.59,10.66,400,0
2016-06-27,20:55:00,10.6,10.63,10.55,10.55,400,0
2016-06-27,21:00:00,10.55,10.6099,10.51,10.57,700,0
2016-06-27,21:05:00,10.59,10.59,10.54,10.54,200,0
2016-06-27,21:10:00,10.59,10.61,10.58,10.61,500,0
2016-06-27,21:15:00,10.62,10.62,10.57,10.61,300,0
2016-06-27,21:20:00,10.6,10.67,10.6,10.6,600,0
2016-06-27,21:25:00,10.58,10.64,10.58,10.58,300,0
2016-06-27,21:30:00,10.6,10.6,10.54,10.54,500,0
2016-06-27,21:35:00,10.51,10.51,10.51,10.51,100,0
2016-06-27,21:40:00,10.53,10.6,10.53,10.6,700,0
2016-06-27,21:45:00,10.51,10.56,10.51,10.56,200,0
2016-06-27,21:50:00,10.56,10.62,10.56,10.59,600,0
2016-06-27,21:55:00,10.59,10.59,10.51,10.51,600,0
2016-06-27,22:00:00,10.55,10.55,10.5,10.51,6558,0
2016-06-28,15:35:00,10.51,10.51,10.51,10.51,811,0
2016-06-28,15:45:00,10.59,10.59,10.57,10.57,200,0
2016-06-28,15:50:00,10.62,10.75,10.62,10.75,800,0
2016-06-28,15:55:00,10.75,10.75,10.75,10.75,100,0
2016-06-28,16:00:00,10.75,10.775,10.75,10.76,300,0
2016-06-28,16:05:00,10.76,10.76,10.74,10.74,300,0
2016-06-28,16:10:00,10.78,10.78,10.77,10.77,200,0
2016-06-28,16:15:00,10.76,10.76,10.76,10.76,100,0
2016-06-28,16:20:00,10.73,10.8,10.73,10.8,200,0
2016-06-28,16:25:00,10.8,10.8,10.8,10.8,200,0
2016-06-28,16:30:00,10.79,10.8,10.79,10.8,200,0
2016-06-28,16:35:00,10.8,10.8,10.8,10.8,200,0
2016-06-28,16:40:00,10.8,10.83,10.78,10.78,300,0
2016-06-28,16:45:00,10.78,10.78,10.78,10.78,200,0
2016-06-28,16:50:00,10.78,10.78,10.78,10.78,200,0
2016-06-28,16:55:00,10.86,10.87,10.86,10.87,200,0
2016-06-28,17:00:00,10.94,10.94,10.76,10.76,500,0
2016-06-28,17:05:00,10.85,10.85,10.82,10.82,200,0
2016-06-28,17:10:00,10.78,10.78,10.78,10.78,200,0
2016-06-28,17:15:00,10.82,10.82,10.82,10.82,200,0
2016-06-28,17:20:00,10.87,10.87,10.86,10.86,200,0
2016-06-28,17:25:00,10.84,10.84,10.78,10.78,300,0
2016-06-28,17:30:00,10.81,10.81,10.81,10.81,100,0
2016-06-28,17:35:00,10.87,10.89,10.87,10.88,300,0
2016-06-28,17:40:00,10.87,10.87,10.86,10.86,200,0
2016-06-28,17:45:00,10.87,10.87,10.86,10.86,200,0
2016-06-28,17:50:00,10.87,10.87,10.76,10.87,1000,0
2016-06-28,17:55:00,10.87,10.88,10.87,10.88,1282,0
2016-06-28,18:00:00,10.87,10.88,10.87,10.88,200,0
2016-06-28,18:05:00,10.88,10.88,10.87,10.87,200,0
2016-06-28,18:10:00,10.87,10.87,10.87,10.87,500,0
2016-06-28,18:15:00,10.87,10.88,10.87,10.88,1418,0
2016-06-28,18:20:00,10.89,10.89,10.89,10.89,100,0
2016-06-28,18:25:00,10.89,10.89,10.89,10.89,200,0
2016-06-28,18:30:00,10.9,10.92,10.9,10.92,400,0
2016-06-28,18:35:00,10.86,10.86,10.86,10.86,100,0
2016-06-28,18:40:00,10.82,10.88,10.82,10.88,200,0
2016-06-28,18:45:00,10.92,10.92,10.92,10.92,100,0
2016-06-28,18:50:00,10.91,10.91,10.91,10.91,200,0
2016-06-28,19:00:00,10.91,10.91,10.91,10.91,100,0
2016-06-28,19:05:00,10.87,10.87,10.87,10.87,100,0
2016-06-28,19:15:00,10.87,10.87,10.87,10.87,100,0
2016-06-28,19:25:00,10.87,10.87,10.87,10.87,100,0
2016-06-28,19:45:00,10.89,10.89,10.89,10.89,200,0
2016-06-28,19:50:00,10.89,10.89,10.89,10.89,200,0
2016-06-28,19:55:00,10.82,10.82,10.82,10.82,100,0
2016-06-28,20:00:00,10.82,10.82,10.79,10.79,578,0
2016-06-28,20:05:00,10.8,10.8,10.8,10.8,100,0
2016-06-28,20:10:00,10.79,10.79,10.79,10.79,100,0
2016-06-28,20:15:00,10.79,10.79,10.79,10.79,100,0
2016-06-28,20:30:00,10.82,10.82,10.82,10.82,200,0
2016-06-28,20:35:00,10.9,10.9,10.89,10.89,200,0
2016-06-28,20:40:00,10.79,10.85,10.78,10.85,600,0
2016-06-28,20:45:00,10.87,10.87,10.87,10.87,100,0
2016-06-28,21:10:00,10.9001,10.9001,10.9001,10.9001,2000,0
2016-06-28,21:15:00,10.91,10.91,10.91,10.91,100,0
2016-06-28,21:20:00,10.94,10.94,10.94,10.94,153,0
2016-06-28,21:25:00,10.91,10.91,10.82,10.82,646,0
2016-06-28,21:35:00,10.77,10.77,10.77,10.77,100,0
2016-06-28,21:40:00,10.75,10.75,10.75,10.75,100,0
2016-06-28,21:45:00,10.83,10.83,10.82,10.82,200,0
2016-06-28,21:50:00,10.8,10.85,10.8,10.85,600,0
2016-06-28,21:55:00,10.83,10.83,10.81,10.83,904,0
2016-06-28,22:00:00,10.83,10.86,10.81,10.83,6703,0
2016-06-29,15:35:00,10.89,10.89,10.89,10.89,391,0
2016-06-29,16:00:00,11.05,11.05,10.94,10.94,700,0
2016-06-29,16:20:00,11.05,11.05,11.05,11.05,100,0
2016-06-29,16:25:00,11.01,11.01,11,11,700,0
2016-06-29,16:30:00,11,11,11,11,100,0
2016-06-29,16:35:00,11,11,11,11,100,0
2016-06-29,16:40:00,11,11,11,11,100,0
2016-06-29,16:45:00,11,11,11,11,200,0
2016-06-29,16:50:00,10.99,10.99,10.89,10.89,200,0
2016-06-29,17:00:00,10.91,10.91,10.91,10.91,200,0
2016-06-29,17:05:00,10.91,10.91,10.91,10.91,100,0
2016-06-29,17:10:00,10.9,10.9,10.9,10.9,100,0
2016-06-29,17:20:00,10.93,10.93,10.84,10.84,900,0
2016-06-29,17:30:00,10.89,10.89,10.89,10.89,100,0
2016-06-29,17:50:00,10.93,10.93,10.93,10.93,800,0
2016-06-29,17:55:00,10.95,10.955,10.9,10.955,400,0
2016-06-29,18:05:00,10.95,10.95,10.95,10.95,200,0
2016-06-29,18:10:00,10.94,10.94,10.94,10.94,100,0
2016-06-29,18:20:00,10.94,10.94,10.94,10.94,100,0
2016-06-29,18:25:00,10.94,10.94,10.94,10.94,100,0
2016-06-29,18:30:00,10.94,10.94,10.93,10.935,500,0
2016-06-29,18:35:00,10.93,10.94,10.93,10.94,1100,0
2016-06-29,18:40:00,10.86,10.86,10.8,10.8,200,0
2016-06-29,19:05:00,10.83,10.84,10.83,10.84,500,0
2016-06-29,19:15:00,10.84,10.84,10.84,10.84,300,0
2016-06-29,19:30:00,10.84,10.89,10.84,10.88,400,0
2016-06-29,19:35:00,10.88,10.88,10.88,10.88,100,0
2016-06-29,19:50:00,10.89,10.89,10.89,10.89,200,0
2016-06-29,19:55:00,10.89,10.89,10.89,10.89,100,0
2016-06-29,20:00:00,10.89,10.9,10.89,10.9,700,0
2016-06-29,20:05:00,10.9,10.9,10.88,10.9,2300,0
2016-06-29,20:10:00,10.89,10.89,10.89,10.89,400,0
2016-06-29,20:15:00,10.92,10.92,10.92,10.92,100,0
2016-06-29,20:20:00,10.92,10.92,10.92,10.92,100,0
2016-06-29,20:25:00,11,11.01,11,11.01,600,0
2016-06-29,20:50:00,11.03,11.04,11.03,11.04,200,0
2016-06-29,20:55:00,11.07,11.07,11,11,200,0
2016-06-29,21:15:00,11.06,11.07,11.034,11.07,1700,0
2016-06-29,21:20:00,11.04,11.04,11.04,11.04,100,0
2016-06-29,21:25:00,11,11,11,11,100,0
2016-06-29,21:35:00,10.99,10.99,10.99,10.99,100,0
2016-06-29,21:45:00,10.98,10.98,10.98,10.98,100,0
2016-06-29,21:50:00,10.97,10.99,10.97,10.99,300,0
2016-06-29,21:55:00,10.99,10.99,10.99,10.99,100,0
2016-06-29,22:00:00,10.93,10.99,10.93,10.99,3987,0
2016-06-30,15:35:00,10.93,11.23,10.93,11,800,0
2016-06-30,15:40:00,11,11,11,11,100,0
2016-06-30,15:45:00,10.96,10.97,10.96,10.97,300,0
2016-06-30,15:50:00,10.91,10.91,10.91,10.91,100,0
2016-06-30,15:55:00,10.98,10.98,10.98,10.98,200,0
2016-06-30,16:10:00,10.98,10.99,10.98,10.99,200,0
2016-06-30,16:15:00,10.99,11.04,10.99,11.04,200,0
2016-06-30,16:20:00,11.04,11.04,11.04,11.04,200,0
2016-06-30,16:35:00,11.01,11.03,11.01,11.03,300,0
2016-06-30,16:45:00,11,11.01,10.95,10.96,1800,0
2016-06-30,16:50:00,10.98,10.98,10.98,10.98,100,0
2016-06-30,16:55:00,11.07,11.08,11.07,11.08,200,0
2016-06-30,17:05:00,11.12,11.12,11.12,11.12,100,0
2016-06-30,17:20:00,11.05,11.05,11.05,11.05,100,0
2016-06-30,17:35:00,11.08,11.08,11.07,11.07,200,0
2016-06-30,17:40:00,11.04,11.04,11,11,300,0
2016-06-30,18:05:00,11.02,11.02,11.02,11.02,100,0
2016-06-30,18:35:00,11.02,11.02,11.02,11.02,100,0
2016-06-30,19:00:00,11.09,11.09,11.09,11.09,100,0
2016-06-30,19:05:00,11.09,11.09,11.07,11.07,200,0
2016-06-30,19:15:00,11.05,11.05,11.02,11.02,600,0
2016-06-30,19:30:00,11.01,11.08,11.01,11.08,300,0
2016-06-30,19:35:00,11.02,11.02,11.02,11.02,100,0
2016-06-30,19:45:00,11.02,11.12,11.01,11.1,4400,0
2016-06-30,19:50:00,11.16,11.16,11.16,11.16,100,0
2016-06-30,19:55:00,11.14,11.2,11.14,11.2,3000,0
2016-06-30,20:00:00,11.14,11.2,11.14,11.2,300,0
2016-06-30,20:05:00,11.17,11.17,11.16,11.17,300,0
2016-06-30,20:10:00,11.2,11.2,11.175,11.175,700,0
2016-06-30,20:15:00,11.18,11.18,11.18,11.18,200,0
2016-06-30,20:20:00,11.185,11.2,11.185,11.2,200,0
2016-06-30,20:25:00,11.25,11.25,11.25,11.25,100,0
2016-06-30,20:30:00,11.24,11.24,11.24,11.24,200,0
2016-06-30,20:35:00,11.22,11.225,11.22,11.225,200,0
2016-06-30,20:40:00,11.22,11.24,11.2,11.2,600,0
2016-06-30,20:45:00,11.24,11.24,11.21,11.21,500,0
2016-06-30,20:55:00,11.23,11.25,11.22,11.25,300,0
2016-06-30,21:00:00,11.23,11.25,11.2,11.2,2365,0
2016-06-30,21:10:00,11.205,11.24,11.205,11.24,300,0
2016-06-30,21:20:00,11.23,11.23,11.15,11.15,600,0
2016-06-30,21:25:00,11.15,11.15,11.15,11.15,100,0
2016-06-30,21:30:00,11.17,11.18,11.17,11.18,200,0
2016-06-30,21:35:00,11.19,11.19,11.19,11.19,100,0
2016-06-30,21:40:00,11.18,11.18,11.18,11.18,100,0
2016-06-30,21:45:00,11.18,11.19,11.18,11.19,300,0
2016-06-30,21:50:00,11.19,11.19,11.19,11.19,100,0
2016-06-30,21:55:00,11.19,11.19,11.185,11.185,300,0
2016-06-30,22:00:00,11.17,11.22,11.17,11.21,6361,0
2016-07-01,15:35:00,11.24,11.25,11.24,11.25,202,0
2016-07-01,15:40:00,11.22,11.22,11.22,11.22,200,0
2016-07-01,15:50:00,11.185,11.2,11.185,11.2,200,0
2016-07-01,16:05:00,11.2,11.2,11.2,11.2,800,0
2016-07-01,16:10:00,11.2,11.2,11.2,11.2,100,0
2016-07-01,16:15:00,11.2,11.25,11.17,11.17,1785,0
2016-07-01,16:20:00,11.22,11.25,11.2,11.2,800,0
2016-07-01,16:30:00,11.25,11.25,11.25,11.25,100,0
2016-07-01,16:35:00,11.24,11.24,11.24,11.24,300,0
2016-07-01,16:40:00,11.2001,11.2001,11.2,11.2,300,0
2016-07-01,16:45:00,11.24,11.24,11.2,11.2,200,0
2016-07-01,16:50:00,11.24,11.24,11.2,11.2,736,0
2016-07-01,16:55:00,11.21,11.21,11.21,11.21,100,0
2016-07-01,17:05:00,11.22,11.225,11.22,11.225,200,0
2016-07-01,17:15:00,11.21,11.21,11.21,11.21,100,0
2016-07-01,17:20:00,11.2,11.2,11.2,11.2,100,0
2016-07-01,17:25:00,11.185,11.185,11.185,11.185,100,0
2016-07-01,17:30:00,11.17,11.17,11.17,11.17,100,0
2016-07-01,17:35:00,11.175,11.175,11.175,11.175,100,0
2016-07-01,17:45:00,11.175,11.175,11.175,11.175,100,0
2016-07-01,17:55:00,11.18,11.18,11.18,11.18,100,0
2016-07-01,18:05:00,11.18,11.18,11.13,11.13,300,0
2016-07-01,18:10:00,11.16,11.16,11.11,11.11,200,0
2016-07-01,18:15:00,11.13,11.16,11.13,11.16,200,0
2016-07-01,18:20:00,11.15,11.17,11.15,11.17,200,0
2016-07-01,18:30:00,11.18,11.18,11.18,11.18,100,0
2016-07-01,18:35:00,11.18,11.18,11.18,11.18,100,0
2016-07-01,18:45:00,11.175,11.175,11.175,11.175,100,0
2016-07-01,18:50:00,11.17,11.17,11.17,11.17,100,0
2016-07-01,19:00:00,11.17,11.17,11.17,11.17,100,0
2016-07-01,19:05:00,11.19,11.19,11.17,11.17,200,0
2016-07-01,19:10:00,11.15,11.19,11.15,11.15,400,0
2016-07-01,19:15:00,11.18,11.18,11.12,11.12,200,0
2016-07-01,19:20:00,11.19,11.19,11.139,11.139,200,0
2016-07-01,19:30:00,11.2,11.2,11.2,11.2,100,0
2016-07-01,19:35:00,11.19,11.19,11.19,11.19,100,0
2016-07-01,19:45:00,11.19,11.19,11.19,11.19,100,0
2016-07-01,19:55:00,11.19,11.19,11.19,11.19,100,0
2016-07-01,20:00:00,11.17,11.17,11.17,11.17,100,0
2016-07-01,20:10:00,11.17,11.17,11.15,11.17,400,0
2016-07-01,20:20:00,11.2,11.2,11.2,11.2,100,0
2016-07-01,20:25:00,11.2,11.2,11.2,11.2,100,0
2016-07-01,20:30:00,11.2,11.2,11.2,11.2,100,0
2016-07-01,20:35:00,11.2,11.2,11.2,11.2,100,0
2016-07-01,20:40:00,11.25,11.25,11.25,11.25,100,0
2016-07-01,20:45:00,11.25,11.25,11.25,11.25,100,0
2016-07-01,20:50:00,11.25,11.25,11.25,11.25,100,0
2016-07-01,20:55:00,11.18,11.23,11.18,11.23,300,0
2016-07-01,21:00:00,11.18,11.22,11.18,11.22,700,0
2016-07-01,21:10:00,11.2,11.25,11.2,11.238,400,0
2016-07-01,21:15:00,11.25,11.25,11.21,11.21,300,0
2016-07-01,21:20:00,11.25,11.25,11.235,11.235,600,0
2016-07-01,21:25:00,11.25,11.25,11.22,11.22,500,0
2016-07-01,21:30:00,11.25,11.25,11.23,11.23,300,0
2016-07-01,21:35:00,11.22,11.22,11.22,11.22,500,0
2016-07-01,21:40:00,11.205,11.205,11.205,11.205,200,0
2016-07-01,21:45:00,11.22,11.22,11.22,11.22,800,0
2016-07-01,21:50:00,11.22,11.22,11.2,11.22,600,0
2016-07-01,21:55:00,11.2,11.2,11.2,11.2,400,0
2016-07-01,22:00:00,11.2,11.2,11.175,11.19,3307,0
2016-07-05,15:35:00,11.08,11.08,11.08,11.08,100,0
2016-07-05,16:40:00,11.04,11.04,11.04,11.04,100,0
2016-07-05,16:55:00,11.06,11.06,11.06,11.06,300,0
2016-07-05,17:05:00,11.02,11.02,11.02,11.02,100,0
2016-07-05,17:15:00,11,11.05,11,11.05,300,0
2016-07-05,17:20:00,11.07,11.07,11.07,11.07,100,0
2016-07-05,17:50:00,11.01,11.01,11.01,11.01,200,0
2016-07-05,18:00:00,11,11.01,11,11.01,200,0
2016-07-05,18:05:00,11.01,11.01,11,11.005,400,0
2016-07-05,18:10:00,11,11.04,11,11.04,500,0
2016-07-05,18:20:00,11.04,11.04,11.04,11.04,100,0
2016-07-05,18:25:00,11.06,11.06,11.03,11.03,200,0
2016-07-05,18:30:00,11.06,11.06,11.06,11.06,100,0
2016-07-05,18:40:00,11.07,11.07,11.07,11.07,100,0
2016-07-05,18:45:00,11.05,11.05,11.05,11.05,100,0
2016-07-05,18:50:00,11.02,11.02,11.02,11.02,100,0
2016-07-05,18:55:00,11.05,11.05,11.05,11.05,100,0
2016-07-05,19:05:00,11.08,11.08,11.08,11.08,100,0
2016-07-05,19:20:00,11.06,11.06,11.06,11.06,100,0
2016-07-05,19:25:00,11.05,11.05,11.05,11.05,100,0
2016-07-05,19:30:00,11.05,11.05,11.05,11.05,100,0
2016-07-05,19:35:00,11.05,11.05,11.05,11.05,200,0
2016-07-05,19:40:00,11.05,11.05,11.05,11.05,100,0
2016-07-05,19:45:00,11.05,11.05,11.04,11.04,200,0
2016-07-05,19:50:00,11.02,11.02,11.01,11.01,300,0
2016-07-05,19:55:00,11.02,11.03,11.02,11.03,300,0
2016-07-05,20:00:00,11.089,11.089,11.01,11.01,380,0
2016-07-05,20:05:00,11.09,11.09,11.09,11.09,100,0
2016-07-05,20:15:00,11.1,11.1,11.1,11.1,100,0
2016-07-05,20:20:00,11.1,11.1,11.1,11.1,100,0
2016-07-05,20:25:00,11.13,11.13,11.13,11.13,100,0
2016-07-05,20:30:00,11.13,11.13,11.12,11.13,300,0
2016-07-05,20:40:00,11.1,11.1,11.1,11.1,100,0
2016-07-05,20:50:00,11.1,11.1,11.1,11.1,100,0
2016-07-05,21:05:00,11.1,11.1,11.1,11.1,100,0
2016-07-05,21:20:00,11.09,11.09,11.09,11.09,200,0
2016-07-05,21:25:00,11.07,11.07,11.07,11.07,100,0
2016-07-05,21:30:00,11.06,11.06,11.06,11.06,100,0
2016-07-05,21:45:00,11.14,11.14,11.14,11.14,200,0
2016-07-05,22:00:00,11.1,11.1,11.02,11.03,3406,0
2016-07-06,15:35:00,11.05,11.05,11.05,11.05,1029,0
2016-07-06,16:10:00,11.19,11.19,11.19,11.19,100,0
2016-07-06,16:25:00,11.12,11.12,11.12,11.12,100,0
2016-07-06,17:05:00,11.16,11.16,11.15,11.16,700,0
2016-07-06,17:15:00,11.17,11.17,11.14,11.14,300,0
2016-07-06,17:30:00,11.1501,11.17,11.15,11.17,600,0
2016-07-06,17:45:00,11.07,11.07,11.06,11.06,200,0
2016-07-06,17:55:00,11.04,11.04,11.03,11.03,300,0
2016-07-06,18:05:00,11.03,11.08,11.01,11.08,300,0
2016-07-06,18:35:00,11.06,11.06,11.055,11.055,200,0
2016-07-06,18:40:00,11,11,11,11,100,0
2016-07-06,18:50:00,11.02,11.02,11.02,11.02,100,0
2016-07-06,19:05:00,11.03,11.03,11.03,11.03,300,0
2016-07-06,19:10:00,11.04,11.08,11.02,11.04,1300,0
2016-07-06,19:35:00,11.06,11.06,11.06,11.06,100,0
2016-07-06,19:40:00,11.01,11.01,11.01,11.01,100,0
2016-07-06,19:55:00,11,11.05,11,11.05,200,0
2016-07-06,20:05:00,11.05,11.05,11.05,11.05,100,0
2016-07-06,20:35:00,11.05,11.05,11.05,11.05,100,0
2016-07-06,20:40:00,11.02,11.02,11.02,11.02,100,0
2016-07-06,21:00:00,11.08,11.08,11.08,11.08,100,0
2016-07-06,21:05:00,11.1,11.1,11.03,11.07,300,0
2016-07-06,21:30:00,11.04,11.06,11.04,11.06,200,0
2016-07-06,21:35:00,11.05,11.05,11.05,11.05,100,0
2016-07-06,21:45:00,11.09,11.09,11.03,11.03,200,0
2016-07-06,21:55:00,11.09,11.09,11.06,11.06,300,0
2016-07-06,22:00:00,11.09,11.09,11.08,11.09,3203,0
2016-07-07,16:20:00,11.09,11.09,11.09,11.09,100,0
2016-07-07,17:35:00,11.03,11.04,11.02,11.02,300,0
2016-07-07,17:45:00,11.03,11.07,11.01,11.01,1100,0
2016-07-07,17:50:00,11.03,11.03,11.01,11.01,200,0
2016-07-07,18:00:00,11.01,11.06,11.01,11.01,400,0
2016-07-07,18:10:00,11,11,10.92,10.92,900,0
2016-07-07,18:20:00,10.96,10.96,10.96,10.96,100,0
2016-07-07,18:35:00,11.06,11.06,11.06,11.06,100,0
2016-07-07,18:40:00,11,11.05,11,11.01,500,0
2016-07-07,18:45:00,11.06,11.06,11.06,11.06,200,0
2016-07-07,18:55:00,11.04,11.04,11.04,11.04,100,0
2016-07-07,19:00:00,11,11.03,10.92,10.95,3345,0
2016-07-07,19:10:00,10.96,11,10.96,11,400,0
2016-07-07,19:15:00,11,11,11,11,100,0
2016-07-07,19:20:00,10.92,10.92,10.92,10.92,200,0
2016-07-07,19:45:00,10.99,10.99,10.92,10.92,300,0
2016-07-07,19:50:00,10.96,10.97,10.92,10.95,800,0
2016-07-07,19:55:00,10.94,10.94,10.94,10.94,100,0
2016-07-07,20:15:00,10.94,10.94,10.94,10.94,300,0
2016-07-07,20:20:00,10.93,10.93,10.88,10.88,940,0
2016-07-07,20:55:00,10.93,10.94,10.93,10.94,400,0
2016-07-07,21:00:00,10.94,10.94,10.94,10.94,200,0
2016-07-07,21:05:00,10.94,10.94,10.94,10.94,100,0
2016-07-07,21:10:00,10.95,10.97,10.95,10.97,400,0
2016-07-07,21:15:00,11.01,11.01,11.01,11.01,100,0
2016-07-07,21:25:00,11.04,11.04,11.04,11.04,100,0
2016-07-07,21:40:00,11.04,11.04,11.04,11.04,100,0
2016-07-07,21:45:00,11,11,11,11,100,0
2016-07-07,21:55:00,11.01,11.03,10.99,11.03,800,0
2016-07-07,22:00:00,10.98,11.01,10.98,11,2049,0
2016-07-08,15:50:00,11.07,11.08,11.07,11.08,200,0
2016-07-08,15:55:00,11.03,11.03,11.03,11.03,100,0
2016-07-08,16:25:00,11.07,11.07,11.07,11.07,100,0
2016-07-08,16:45:00,11.18,11.19,11.18,11.19,200,0
2016-07-08,16:55:00,11.19,11.19,11.16,11.16,500,0
2016-07-08,17:00:00,11.14,11.15,11.12,11.12,600,0
2016-07-08,17:10:00,11.19,11.2,11.15,11.15,1400,0
2016-07-08,17:15:00,11.15,11.15,11.09,11.14,700,0
2016-07-08,17:25:00,11.13,11.14,11.13,11.14,300,0
2016-07-08,17:35:00,11.08,11.08,11.06,11.06,200,0
2016-07-08,17:40:00,11.07,11.12,11.07,11.07,1300,0
2016-07-08,17:45:00,11.08,11.13,11.08,11.13,200,0
2016-07-08,18:00:00,11.0801,11.0801,11.0801,11.0801,100,0
2016-07-08,18:10:00,11.06,11.06,11.06,11.06,100,0
2016-07-08,18:15:00,11.07,11.07,11.07,11.07,100,0
2016-07-08,18:20:00,11.06,11.06,11.06,11.06,100,0
2016-07-08,18:25:00,11.06,11.06,11.06,11.06,100,0
2016-07-08,18:30:00,11.04,11.04,11.04,11.04,100,0
2016-07-08,18:40:00,11.08,11.08,11.08,11.08,100,0
2016-07-08,18:45:00,11.08,11.1,11.08,11.08,300,0
2016-07-08,19:05:00,11.0901,11.0901,11.0901,11.0901,100,0
2016-07-08,19:15:00,11.0801,11.0801,11.0801,11.0801,100,0
2016-07-08,20:00:00,11.08,11.08,11.08,11.08,100,0
2016-07-08,20:10:00,11.11,11.11,11.11,11.11,200,0
2016-07-08,20:20:00,11.08,11.08,11.08,11.08,100,0
2016-07-08,20:30:00,11.07,11.07,11.07,11.07,300,0
2016-07-08,20:35:00,11.1,11.1,11.1,11.1,200,0
2016-07-08,20:55:00,11.0401,11.0401,11.0401,11.0401,100,0
2016-07-08,21:00:00,11.0001,11.08,11.0001,11.08,200,0
2016-07-08,21:30:00,11.06,11.06,11.06,11.06,100,0
2016-07-08,21:40:00,11.03,11.04,11.03,11.04,300,0
2016-07-08,21:55:00,11.09,11.125,11.08,11.1,1500,0
2016-07-08,22:00:00,11.09,11.12,11.05,11.09,4399,0
