Date,Time,Open,High,Low,Close,Volume,OpenInt
2016-06-22,15:35:00,48.64,49.03,48.46,48.46,13788,0
2016-06-22,15:40:00,48.45,48.45,48.27,48.35,8150,0
2016-06-22,15:45:00,48.41,48.55,48.41,48.5,5700,0
2016-06-22,15:50:00,48.49,48.51,48.37,48.41,3400,0
2016-06-22,15:55:00,48.41,48.5,48.41,48.45,2437,0
2016-06-22,16:00:00,48.46,48.6,48.45,48.5099,7107,0
2016-06-22,16:05:00,48.51,48.58,48.51,48.53,7815,0
2016-06-22,16:10:00,48.54,48.56,48.51,48.545,5300,0
2016-06-22,16:15:00,48.53,48.58,48.52,48.55,3319,0
2016-06-22,16:20:00,48.55,48.62,48.52,48.57,5627,0
2016-06-22,16:25:00,48.56,48.6,48.56,48.58,1901,0
2016-06-22,16:30:00,48.58,48.64,48.55,48.64,3176,0
2016-06-22,16:35:00,48.62,48.64,48.55,48.63,8103,0
2016-06-22,16:40:00,48.62,48.64,48.57,48.61,3800,0
2016-06-22,16:45:00,48.6,48.63,48.6,48.61,2600,0
2016-06-22,16:50:00,48.61,48.68,48.58,48.68,6780,0
2016-06-22,16:55:00,48.68,48.7,48.62,48.62,2158,0
2016-06-22,17:00:00,48.63,48.68,48.63,48.63,2500,0
2016-06-22,17:05:00,48.63,48.67,48.61,48.61,4002,0
2016-06-22,17:10:00,48.61,48.64,48.58,48.58,2768,0
2016-06-22,17:15:00,48.61,48.64,48.6,48.63,1972,0
2016-06-22,17:20:00,48.6,48.67,48.58,48.64,4088,0
2016-06-22,17:25:00,48.64,48.69,48.64,48.67,2200,0
2016-06-22,17:30:00,48.6646,48.7,48.65,48.7,3313,0
2016-06-22,17:35:00,48.7,48.705,48.625,48.65,6104,0
2016-06-22,17:40:00,48.64,48.67,48.63,48.66,3361,0
2016-06-22,17:45:00,48.65,48.68,48.64,48.66,3500,0
2016-06-22,17:50:00,48.66,48.7,48.65,48.68,2600,0
2016-06-22,17:55:00,48.66,48.66,48.61,48.64,2331,0
2016-06-22,18:00:00,48.66,48.695,48.66,48.67,1813,0
2016-06-22,18:05:00,48.68,48.69,48.62,48.63,15667,0
2016-06-22,18:10:00,48.64,48.69,48.64,48.67,6348,0
2016-06-22,18:15:00,48.67,48.69,48.67,48.68,900,0
2016-06-22,18:20:00,48.69,48.72,48.66,48.67,4779,0
2016-06-22,18:25:00,48.64,48.68,48.64,48.64,25195,0
2016-06-22,18:30:00,48.64,48.65,48.64,48.64,1902,0
2016-06-22,18:35:00,48.64,48.6425,48.59,48.62,2710,0
2016-06-22,18:40:00,48.63,48.63,48.61,48.61,1300,0
2016-06-22,18:45:00,48.61,48.62,48.58,48.58,2100,0
2016-06-22,18:50:00,48.58,48.6,48.56,48.6,2800,0
2016-06-22,18:55:00,48.6,48.6,48.59,48.6,2320,0
2016-06-22,19:00:00,48.62,48.68,48.61,48.67,6650,0
2016-06-22,19:05:00,48.66,48.66,48.61,48.61,4211,0
2016-06-22,19:10:00,48.62,48.62,48.555,48.575,4907,0
2016-06-22,19:15:00,48.575,48.575,48.555,48.565,2986,0
2016-06-22,19:20:00,48.56,48.56,48.49,48.5,22761,0
2016-06-22,19:25:00,48.5,48.51,48.45,48.45,12002,0
2016-06-22,19:30:00,48.45,48.48,48.435,48.48,13532,0
2016-06-22,19:35:00,48.48,48.5,48.465,48.49,6310,0
2016-06-22,19:40:00,48.4801,48.49,48.45,48.45,11427,0
2016-06-22,19:45:00,48.45,48.46,48.42,48.45,6209,0
2016-06-22,19:50:00,48.45,48.48,48.43,48.43,6685,0
2016-06-22,19:55:00,48.43,48.48,48.42,48.48,5869,0
2016-06-22,20:00:00,48.49,48.49,48.45,48.48,5577,0
2016-06-22,20:05:00,48.4699,48.497,48.45,48.49,3412,0
2016-06-22,20:10:00,48.49,48.53,48.49,48.5,3100,0
2016-06-22,20:15:00,48.5,48.52,48.49,48.5,6023,0
2016-06-22,20:20:00,48.5,48.54,48.5,48.5,2916,0
2016-06-22,20:25:00,48.51,48.52,48.47,48.51,2000,0
2016-06-22,20:30:00,48.52,48.61,48.52,48.61,9329,0
2016-06-22,20:35:00,48.62,48.63,48.52,48.54,4125,0
2016-06-22,20:40:00,48.53,48.55,48.5,48.54,3495,0
2016-06-22,20:45:00,48.53,48.55,48.52,48.52,5542,0
2016-06-22,20:50:00,48.52,48.52,48.48,48.49,3917,0
2016-06-22,20:55:00,48.48,48.49,48.47,48.48,1915,0
2016-06-22,21:00:00,48.49,48.54,48.49,48.53,3463,0
2016-06-22,21:05:00,48.53,48.58,48.525,48.555,3732,0
2016-06-22,21:10:00,48.55,48.56,48.51,48.51,7500,0
2016-06-22,21:15:00,48.52,48.54,48.49,48.49,4693,0
2016-06-22,21:20:00,48.49,48.5,48.46,48.46,4297,0
2016-06-22,21:25:00,48.47,48.48,48.45,48.46,4268,0
2016-06-22,21:30:00,48.47,48.49,48.46,48.47,5616,0
2016-06-22,21:35:00,48.4699,48.49,48.45,48.49,7496,0
2016-06-22,21:40:00,48.5,48.52,48.47,48.51,11760,0
2016-06-22,21:45:00,48.505,48.57,48.505,48.525,15181,0
2016-06-22,21:50:00,48.53,48.55,48.52,48.52,12015,0
2016-06-22,21:55:00,48.53,48.53,48.49,48.52,12531,0
2016-06-22,22:00:00,48.52,48.53,48.49,48.52,21633,0
2016-06-23,15:35:00,49.03,49.03,48.82,48.82,19064,0
2016-06-23,15:40:00,48.82,49.08,48.82,49.02,6262,0
2016-06-23,15:45:00,49.03,49.08,49.03,49.04,7511,0
2016-06-23,15:50:00,49.04,49.12,49.04,49.0475,11420,0
2016-06-23,15:55:00,49.045,49.07,48.94,48.9877,5208,0
2016-06-23,16:00:00,49.05,49.16,49.05,49.11,3800,0
2016-06-23,16:05:00,49.13,49.165,49.08,49.165,6800,0
2016-06-23,16:10:00,49.15,49.155,49.09,49.15,7494,0
2016-06-23,16:15:00,49.16,49.17,49.12,49.16,4638,0
2016-06-23,16:20:00,49.205,49.23,49.13,49.14,5595,0
2016-06-23,16:25:00,49.13,49.18,49.11,49.12,15912,0
2016-06-23,16:30:00,49.1,49.15,49.07,49.07,8150,0
2016-06-23,16:35:00,49.08,49.08,48.97,48.98,5225,0
2016-06-23,16:40:00,48.98,49.07,48.98,49.0681,3293,0
2016-06-23,16:45:00,49.065,49.1,49.05,49.07,3199,0
2016-06-23,16:50:00,49.06,49.06,49.02,49.02,4000,0
2016-06-23,16:55:00,49.03,49.03,48.99,49.01,3598,0
2016-06-23,17:00:00,49.01,49.07,49.01,49.02,4400,0
2016-06-23,17:05:00,49.03,49.03,48.98,48.99,4438,0
2016-06-23,17:10:00,49,49.01,48.92,48.93,5004,0
2016-06-23,17:15:00,48.98,49,48.96,48.98,3875,0
2016-06-23,17:20:00,48.98,49.04,48.98,49.02,5340,0
2016-06-23,17:25:00,49.025,49.05,49.025,49.05,2661,0
2016-06-23,17:30:00,49.05,49.05,49.02,49.03,4739,0
2016-06-23,17:35:00,49.04,49.07,49.01,49.01,5952,0
2016-06-23,17:40:00,49.03,49.06,49.01,49.06,4227,0
2016-06-23,17:45:00,49.06,49.08,49.05,49.06,2639,0
2016-06-23,17:50:00,49.06,49.06,49.045,49.05,500,0
2016-06-23,17:55:00,49.05,49.07,48.95,48.95,10278,0
2016-06-23,18:00:00,48.96,48.99,48.96,48.98,5325,0
2016-06-23,18:05:00,48.96,48.99,48.96,48.96,2783,0
2016-06-23,18:10:00,48.92,48.94,48.92,48.94,3337,0
2016-06-23,18:15:00,48.95,48.99,48.94,48.97,17754,0
2016-06-23,18:20:00,48.9795,48.99,48.97,48.97,3243,0
2016-06-23,18:25:00,48.96,48.97,48.95,48.96,1900,0
2016-06-23,18:30:00,48.96,49.01,48.96,48.96,3341,0
2016-06-23,18:35:00,48.95,48.97,48.95,48.97,2200,0
2016-06-23,18:40:00,48.96,48.96,48.95,48.96,2400,0
2016-06-23,18:45:00,48.95,48.96,48.92,48.92,3000,0
2016-06-23,18:50:00,48.89,48.9,48.835,48.85,3595,0
2016-06-23,18:55:00,48.86,48.93,48.86,48.92,5249,0
2016-06-23,19:00:00,48.92,48.9353,48.91,48.91,4444,0
2016-06-23,19:05:00,48.92,48.94,48.91,48.93,2485,0
2016-06-23,19:10:00,48.93,48.95,48.91,48.95,3061,0
2016-06-23,19:15:00,48.96,48.96,48.9234,48.94,4360,0
2016-06-23,19:20:00,48.93,48.95,48.9159,48.9159,3130,0
2016-06-23,19:25:00,48.91,48.915,48.88,48.89,6056,0
2016-06-23,19:30:00,48.89,48.91,48.89,48.91,1500,0
2016-06-23,19:35:00,48.915,48.92,48.89,48.9,2910,0
2016-06-23,19:40:00,48.8899,48.8899,48.85,48.855,3809,0
2016-06-23,19:45:00,48.85,48.86,48.83,48.84,4436,0
2016-06-23,19:50:00,48.86,48.9099,48.855,48.89,4401,0
2016-06-23,19:55:00,48.87,48.882,48.87,48.87,2386,0
2016-06-23,20:00:00,48.87,48.9,48.87,48.89,2237,0
2016-06-23,20:05:00,48.88,48.88,48.85,48.87,4292,0
2016-06-23,20:10:00,48.87,48.87,48.83,48.87,9601,0
2016-06-23,20:15:00,48.88,48.89,48.86,48.88,4457,0
2016-06-23,20:20:00,48.88,48.885,48.86,48.86,2000,0
2016-06-23,20:25:00,48.86,48.89,48.86,48.87,6194,0
2016-06-23,20:30:00,48.86,48.88,48.86,48.87,2533,0
2016-06-23,20:35:00,48.88,48.9,48.875,48.88,3500,0
2016-06-23,20:40:00,48.87,48.89,48.86,48.89,3100,0
2016-06-23,20:45:00,48.8882,48.9,48.88,48.89,2283,0
2016-06-23,20:50:00,48.88,48.95,48.88,48.925,8522,0
2016-06-23,20:55:00,48.925,48.95,48.925,48.95,7029,0
2016-06-23,21:00:00,48.945,48.985,48.945,48.96,8200,0
2016-06-23,21:05:00,48.95,48.955,48.94,48.95,9090,0
2016-06-23,21:10:00,48.955,49,48.95,49,5771,0
2016-06-23,21:15:00,49,49,48.985,48.99,2708,0
2016-06-23,21:20:00,48.98,48.98,48.95,48.95,4148,0
2016-06-23,21:25:00,48.95,48.95,48.91,48.91,5455,0
2016-06-23,21:30:00,48.905,48.92,48.89,48.91,5208,0
2016-06-23,21:35:00,48.9,48.94,48.9,48.93,9357,0
2016-06-23,21:40:00,48.93,48.935,48.84,48.87,17375,0
2016-06-23,21:45:00,48.87,48.93,48.87,48.92,8151,0
2016-06-23,21:50:00,48.93,48.95,48.91,48.91,8902,0
2016-06-23,21:55:00,48.92,48.96,48.88,48.9,77817,0
2016-06-23,22:00:00,48.89,49.01,48.89,49.01,109669,0
2016-06-24,15:35:00,47.31,47.82,47.2611,47.72,28360,0
2016-06-24,15:40:00,47.83,47.85,47.62,47.74,8723,0
2016-06-24,15:45:00,47.7699,47.84,47.7,47.81,6435,0
2016-06-24,15:50:00,47.795,47.83,47.7,47.81,12315,0
2016-06-24,15:55:00,47.78,47.99,47.78,47.98,5265,0
2016-06-24,16:00:00,48,48.1,47.92,47.99,7220,0
2016-06-24,16:05:00,48.02,48.1599,48.02,48.08,9703,0
2016-06-24,16:10:00,48.08,48.23,48.05,48.23,24552,0
2016-06-24,16:15:00,48.23,48.26,48.14,48.14,23205,0
2016-06-24,16:20:00,48.15,48.15,48,48,5126,0
2016-06-24,16:25:00,48.04,48.04,47.9,48.025,8186,0
2016-06-24,16:30:00,48,48.05,47.97,48.02,8040,0
2016-06-24,16:35:00,48.02,48.04,47.97,47.97,8746,0
2016-06-24,16:40:00,48,48.01,47.94,47.98,6100,0
2016-06-24,16:45:00,47.985,48.01,47.91,48.01,4584,0
2016-06-24,16:50:00,47.97,47.97,47.9,47.9,2400,0
2016-06-24,16:55:00,47.93,47.95,47.91,47.95,2600,0
2016-06-24,17:00:00,47.954,47.96,47.84,47.84,5772,0
2016-06-24,17:05:00,47.86,47.86,47.77,47.8,8848,0
2016-06-24,17:10:00,47.8,47.89,47.77,47.85,8016,0
2016-06-24,17:15:00,47.87,47.89,47.8,47.86,6000,0
2016-06-24,17:20:00,47.86,47.86,47.77,47.8,3600,0
2016-06-24,17:25:00,47.79,47.8,47.74,47.77,7246,0
2016-06-24,17:30:00,47.77,47.83,47.7499,47.83,6188,0
2016-06-24,17:35:00,47.85,47.89,47.83,47.83,4600,0
2016-06-24,17:40:00,47.83,47.87,47.82,47.84,3700,0
2016-06-24,17:45:00,47.83,47.85,47.81,47.84,2450,0
2016-06-24,17:50:00,47.88,47.89,47.83,47.855,8508,0
2016-06-24,17:55:00,47.84,47.866,47.81,47.84,5626,0
2016-06-24,18:00:00,47.8484,47.86,47.8,47.84,27716,0
2016-06-24,18:05:00,47.84,47.89,47.82,47.85,9946,0
2016-06-24,18:10:00,47.86,47.88,47.83,47.83,15197,0
2016-06-24,18:15:00,47.83,47.83,47.71,47.76,16990,0
2016-06-24,18:20:00,47.75,47.76,47.73,47.73,4300,0
2016-06-24,18:25:00,47.7699,47.778,47.73,47.759,8965,0
2016-06-24,18:30:00,47.75,47.84,47.75,47.81,5216,0
2016-06-24,18:35:00,47.82,47.82,47.67,47.67,22322,0
2016-06-24,18:40:00,47.66,47.6999,47.66,47.678,1600,0
2016-06-24,18:45:00,47.66,47.678,47.63,47.63,3300,0
2016-06-24,18:50:00,47.62,47.62,47.575,47.61,3650,0
2016-06-24,18:55:00,47.618,47.62,47.595,47.6,2118,0
2016-06-24,19:00:00,47.61,47.64,47.56,47.57,4923,0
2016-06-24,19:05:00,47.6,47.65,47.56,47.63,6907,0
2016-06-24,19:10:00,47.62,47.62,47.54,47.5699,5955,0
2016-06-24,19:15:00,47.56,47.6,47.54,47.6,4357,0
2016-06-24,19:20:00,47.63,47.63,47.58,47.6,4632,0
2016-06-24,19:25:00,47.61,47.62,47.59,47.598,2338,0
2016-06-24,19:30:00,47.6,47.61,47.57,47.58,5954,0
2016-06-24,19:35:00,47.58,47.68,47.58,47.67,6034,0
2016-06-24,19:40:00,47.63,47.68,47.63,47.67,3704,0
2016-06-24,19:45:00,47.66,47.66,47.62,47.63,2800,0
2016-06-24,19:50:00,47.61,47.61,47.55,47.58,6123,0
2016-06-24,19:55:00,47.607,47.64,47.5801,47.64,3866,0
2016-06-24,20:00:00,47.64,47.668,47.599,47.62,6197,0
2016-06-24,20:05:00,47.63,47.66,47.63,47.64,4900,0
2016-06-24,20:10:00,47.63,47.67,47.63,47.639,4046,0
2016-06-24,20:15:00,47.649,47.67,47.64,47.66,4139,0
2016-06-24,20:20:00,47.66,47.66,47.59,47.59,4900,0
2016-06-24,20:25:00,47.59,47.59,47.47,47.49,6360,0
2016-06-24,20:30:00,47.47,47.475,47.41,47.428,10533,0
2016-06-24,20:35:00,47.42,47.43,47.34,47.35,10530,0
2016-06-24,20:40:00,47.35,47.36,47.3001,47.33,7423,0
2016-06-24,20:45:00,47.33,47.37,47.33,47.35,11715,0
2016-06-24,20:50:00,47.3425,47.36,47.31,47.35,14362,0
2016-06-24,20:55:00,47.36,47.45,47.36,47.45,7162,0
2016-06-24,21:00:00,47.46,47.498,47.46,47.47,5660,0
2016-06-24,21:05:00,47.44,47.48,47.43,47.44,6184,0
2016-06-24,21:10:00,47.45,47.46,47.42,47.44,7766,0
2016-06-24,21:15:00,47.44,47.44,47.34,47.37,16368,0
2016-06-24,21:20:00,47.37,47.37,47.28,47.29,24831,0
2016-06-24,21:25:00,47.3,47.37,47.28,47.33,16945,0
2016-06-24,21:30:00,47.32,47.37,47.32,47.35,15692,0
2016-06-24,21:35:00,47.34,47.365,47.31,47.355,17548,0
2016-06-24,21:40:00,47.365,47.46,47.31,47.34,29239,0
2016-06-24,21:45:00,47.34,47.397,47.31,47.39,29846,0
2016-06-24,21:50:00,47.4,47.53,47.35,47.5,32002,0
2016-06-24,21:55:00,47.51,47.6801,47.5,47.68,39670,0
2016-06-24,22:00:00,47.68,47.68,47.49,47.5,458493,0
2016-06-27,15:35:00,47.1,47.51,47.1,47.21,13077,0
2016-06-27,15:40:00,47.23,47.26,47.02,47.07,5833,0
2016-06-27,15:45:00,47.11,47.15,46.84,46.94,11102,0
2016-06-27,15:50:00,46.92,47.0399,46.9,46.92,7165,0
2016-06-27,15:55:00,46.919,46.975,46.88,46.88,5729,0
2016-06-27,16:00:00,46.895,46.97,46.88,46.9,10345,0
2016-06-27,16:05:00,46.84,47,46.8,46.935,10064,0
2016-06-27,16:10:00,46.93,46.96,46.83,46.87,10563,0
2016-06-27,16:15:00,46.87,46.93,46.81,46.81,6246,0
2016-06-27,16:20:00,46.83,46.84,46.78,46.81,4945,0
2016-06-27,16:25:00,46.82,46.84,46.77,46.78,3366,0
2016-06-27,16:30:00,46.78,46.78,46.66,46.68,6019,0
2016-06-27,16:35:00,46.68,46.7,46.58,46.7,8425,0
2016-06-27,16:40:00,46.71,46.765,46.67,46.67,8700,0
2016-06-27,16:45:00,46.7,46.78,46.7,46.71,4890,0
2016-06-27,16:50:00,46.72,46.72,46.605,46.605,3497,0
2016-06-27,16:55:00,46.56,46.585,46.5,46.57,8588,0
2016-06-27,17:00:00,46.57,46.59,46.478,46.478,13835,0
2016-06-27,17:05:00,46.48,46.62,46.48,46.62,14737,0
2016-06-27,17:10:00,46.61,46.75,46.61,46.73,22986,0
2016-06-27,17:15:00,46.72,46.75,46.67,46.75,48158,0
2016-06-27,17:20:00,46.72,46.79,46.71,46.78,9287,0
2016-06-27,17:25:00,46.79,46.82,46.73,46.77,4450,0
2016-06-27,17:30:00,46.75,46.9,46.695,46.886,14649,0
2016-06-27,17:35:00,46.88,47.13,46.87,47.09,47291,0
2016-06-27,17:40:00,47.09,47.15,47.05,47.14,6751,0
2016-06-27,17:45:00,47.17,47.21,47.12,47.16,7000,0
2016-06-27,17:50:00,47.17,47.19,47.11,47.17,11723,0
2016-06-27,17:55:00,47.16,47.18,47.08,47.11,9727,0
2016-06-27,18:00:00,47.1,47.16,47.09,47.12,21550,0
2016-06-27,18:05:00,47.1499,47.1499,47.06,47.07,5147,0
2016-06-27,18:10:00,47.06,47.09,47.01,47.08,9500,0
2016-06-27,18:15:00,47.07,47.07,47.0158,47.05,10736,0
2016-06-27,18:20:00,47.05,47.09,47.05,47.07,5506,0
2016-06-27,18:25:00,47.08,47.09,47.01,47.04,28400,0
2016-06-27,18:30:00,47.05,47.1,47.02,47.04,46072,0
2016-06-27,18:35:00,47.04,47.06,46.97,47.01,4931,0
2016-06-27,18:40:00,47.02,47.03,46.97,46.97,3100,0
2016-06-27,18:45:00,46.96,46.965,46.92,46.95,20583,0
2016-06-27,18:50:00,46.95,46.98,46.91,46.9561,14228,0
2016-06-27,18:55:00,46.96,46.98,46.9264,46.94,8428,0
2016-06-27,19:00:00,46.93,47.04,46.93,47.02,6436,0
2016-06-27,19:05:00,47,47.1,47,47.0701,5641,0
2016-06-27,19:10:00,47.08,47.1,47.03,47.03,3508,0
2016-06-27,19:15:00,47.01,47.0501,47,47.03,4013,0
2016-06-27,19:20:00,47.03,47.1,47.03,47.09,9530,0
2016-06-27,19:25:00,47.08,47.15,47.06,47.13,7632,0
2016-06-27,19:30:00,47.13,47.18,47.13,47.15,5112,0
2016-06-27,19:35:00,47.1425,47.17,47.105,47.16,34825,0
2016-06-27,19:40:00,47.17,47.2,47.14,47.19,30984,0
2016-06-27,19:45:00,47.18,47.18,47.06,47.06,18872,0
2016-06-27,19:50:00,47.05,47.1,47.05,47.09,6675,0
2016-06-27,19:55:00,47.08,47.12,47.04,47.12,8100,0
2016-06-27,20:00:00,47.1,47.11,47.01,47.07,6581,0
2016-06-27,20:05:00,47.06,47.09,47,47.04,19898,0
2016-06-27,20:10:00,47.03,47.03,46.94,46.96,7223,0
2016-06-27,20:15:00,46.94,47,46.94,46.96,10041,0
2016-06-27,20:20:00,46.96,46.98,46.925,46.96,14445,0
2016-06-27,20:25:00,46.97,47.01,46.96,47,6273,0
2016-06-27,20:30:00,46.9999,47.12,46.98,47.12,19682,0
2016-06-27,20:35:00,47.12,47.1589,47.08,47.11,18406,0
2016-06-27,20:40:00,47.1282,47.21,47.11,47.17,9400,0
2016-06-27,20:45:00,47.15,47.19,47.14,47.16,11380,0
2016-06-27,20:50:00,47.18,47.19,47.06,47.08,10473,0
2016-06-27,20:55:00,47.07,47.11,47.04,47.1,33865,0
2016-06-27,21:00:00,47.09,47.13,47.09,47.11,15159,0
2016-06-27,21:05:00,47.105,47.11,47.03,47.07,59216,0
2016-06-27,21:10:00,47.07,47.07,46.95,46.99,30949,0
2016-06-27,21:15:00,47.01,47.08,47.01,47.07,31442,0
2016-06-27,21:20:00,47.06,47.06,47,47.02,29869,0
2016-06-27,21:25:00,47.025,47.04,46.9975,47.015,112607,0
2016-06-27,21:30:00,47.015,47.08,47,47.03,69971,0
2016-06-27,21:35:00,47.04,47.13,47.02,47.09,22946,0
2016-06-27,21:40:00,47.08,47.18,47.06,47.18,41691,0
2016-06-27,21:45:00,47.17,47.2,47.08,47.14,35912,0
2016-06-27,21:50:00,47.15,47.185,47.13,47.155,38909,0
2016-06-27,21:55:00,47.14,47.1425,47.09,47.12,81261,0
2016-06-27,22:00:00,47.13,47.155,47.07,47.07,326244,0
2016-06-28,15:35:00,47.27,47.46,46.83,47.46,16526,0
2016-06-28,15:40:00,47.46,47.5,47.33,47.42,4167,0
2016-06-28,15:45:00,47.43,47.59,47.43,47.565,14808,0
2016-06-28,15:50:00,47.54,47.55,47.36,47.48,15039,0
2016-06-28,15:55:00,47.48,47.58,47.47,47.54,10332,0
2016-06-28,16:00:00,47.54,47.62,47.51,47.58,18221,0
2016-06-28,16:05:00,47.62,47.675,47.5853,47.59,13095,0
2016-06-28,16:10:00,47.59,47.6,47.52,47.52,7844,0
2016-06-28,16:15:00,47.53,47.55,47.45,47.48,15515,0
2016-06-28,16:20:00,47.49,47.55,47.49,47.55,7017,0
2016-06-28,16:25:00,47.54,47.54,47.45,47.45,6480,0
2016-06-28,16:30:00,47.45,47.475,47.36,47.36,33997,0
2016-06-28,16:35:00,47.37,47.4,47.31,47.34,24322,0
2016-06-28,16:40:00,47.33,47.38,47.3,47.33,19363,0
2016-06-28,16:45:00,47.33,47.41,47.33,47.4,23835,0
2016-06-28,16:50:00,47.41,47.44,47.34,47.41,57600,0
2016-06-28,16:55:00,47.39,47.4,47.31,47.34,10695,0
2016-06-28,17:00:00,47.36,47.37,47.28,47.31,27900,0
2016-06-28,17:05:00,47.32,47.32,47.22,47.26,11535,0
2016-06-28,17:10:00,47.27,47.31,47.21,47.28,11772,0
2016-06-28,17:15:00,47.29,47.3,47.21,47.27,24458,0
2016-06-28,17:20:00,47.27,47.32,47.24,47.28,8481,0
2016-06-28,17:25:00,47.25,47.28,47.22,47.28,15119,0
2016-06-28,17:30:00,47.29,47.33,47.25,47.25,14751,0
2016-06-28,17:35:00,47.25,47.27,47.18,47.2,13407,0
2016-06-28,17:40:00,47.19,47.23,47.18,47.18,15846,0
2016-06-28,17:45:00,47.22,47.27,47.2,47.27,8421,0
2016-06-28,17:50:00,47.27,47.31,47.27,47.3,3801,0
2016-06-28,17:55:00,47.31,47.34,47.29,47.34,4223,0
2016-06-28,18:00:00,47.32,47.36,47.3,47.32,3774,0
2016-06-28,18:05:00,47.33,47.37,47.29,47.34,9871,0
2016-06-28,18:10:00,47.35,47.39,47.34,47.36,4500,0
2016-06-28,18:15:00,47.36,47.38,47.35,47.35,9800,0
2016-06-28,18:20:00,47.37,47.38,47.31,47.31,6983,0
2016-06-28,18:25:00,47.31,47.33,47.28,47.31,19494,0
2016-06-28,18:30:00,47.31,47.4,47.31,47.3934,4574,0
2016-06-28,18:35:00,47.4,47.4,47.36,47.37,5302,0
2016-06-28,18:40:00,47.3669,47.38,47.345,47.38,7280,0
2016-06-28,18:45:00,47.39,47.42,47.34,47.35,11231,0
2016-06-28,18:50:00,47.35,47.36,47.3,47.36,9990,0
2016-06-28,18:55:00,47.36,47.36,47.33,47.34,7200,0
2016-06-28,19:00:00,47.36,47.42,47.35,47.42,14414,0
2016-06-28,19:05:00,47.42,47.44,47.37,47.38,16680,0
2016-06-28,19:10:00,47.39,47.42,47.37,47.4,9200,0
2016-06-28,19:15:00,47.4,47.46,47.4,47.43,21506,0
2016-06-28,19:20:00,47.44,47.45,47.35,47.36,4000,0
2016-06-28,19:25:00,47.36,47.41,47.35,47.35,10800,0
2016-06-28,19:30:00,47.35,47.38,47.34,47.36,13046,0
2016-06-28,19:35:00,47.35,47.4,47.345,47.35,19285,0
2016-06-28,19:40:00,47.35,47.41,47.35,47.39,6912,0
2016-06-28,19:45:00,47.39,47.4,47.36,47.37,2966,0
2016-06-28,19:50:00,47.36,47.37,47.34,47.36,5231,0
2016-06-28,19:55:00,47.367,47.39,47.34,47.35,6678,0
2016-06-28,20:00:00,47.345,47.38,47.33,47.33,12836,0
2016-06-28,20:05:00,47.32,47.36,47.2801,47.2801,16630,0
2016-06-28,20:10:00,47.28,47.28,47.25,47.26,6455,0
2016-06-28,20:15:00,47.26,47.27,47.2,47.2059,9144,0
2016-06-28,20:20:00,47.2,47.24,47.17,47.23,26603,0
2016-06-28,20:25:00,47.22,47.25,47.19,47.21,16863,0
2016-06-28,20:30:00,47.21,47.2501,47.2,47.24,19815,0
2016-06-28,20:35:00,47.24,47.33,47.24,47.29,26550,0
2016-06-28,20:40:00,47.3,47.37,47.29,47.32,17303,0
2016-06-28,20:45:00,47.33,47.36,47.32,47.35,8803,0
2016-06-28,20:50:00,47.35,47.4,47.32,47.35,11033,0
2016-06-28,20:55:00,47.355,47.45,47.355,47.41,19429,0
2016-06-28,21:00:00,47.42,47.54,47.42,47.48,14900,0
2016-06-28,21:05:00,47.49,47.52,47.46,47.49,16700,0
2016-06-28,21:10:00,47.5,47.52,47.45,47.45,12456,0
2016-06-28,21:15:00,47.44,47.5,47.44,47.49,21200,0
2016-06-28,21:20:00,47.49,47.49,47.4,47.4201,15368,0
2016-06-28,21:25:00,47.4,47.43,47.36,47.38,15656,0
2016-06-28,21:30:00,47.38,47.385,47.31,47.3701,17651,0
2016-06-28,21:35:00,47.37,47.445,47.35,47.37,34648,0
2016-06-28,21:40:00,47.37,47.48,47.37,47.46,18234,0
2016-06-28,21:45:00,47.47,47.545,47.465,47.5,32638,0
2016-06-28,21:50:00,47.49,47.56,47.49,47.54,32087,0
2016-06-28,21:55:00,47.54,47.59,47.52,47.59,39158,0
2016-06-28,22:00:00,47.59,47.62,47.57,47.61,65620,0
2016-06-29,15:35:00,47.9,48.09,47.9,47.94,10212,0
2016-06-29,15:40:00,47.97,48.1,47.85,48.03,7085,0
2016-06-29,15:45:00,48.08,48.08,47.9,47.935,23115,0
2016-06-29,15:50:00,47.95,47.97,47.85,47.92,16800,0
2016-06-29,15:55:00,47.93,48.09,47.93,48,9627,0
2016-06-29,16:00:00,48,48.2,48,48.115,11880,0
2016-06-29,16:05:00,48.11,48.15,48.07,48.07,11619,0
2016-06-29,16:10:00,48.08,48.15,48.05,48.1301,8203,0
2016-06-29,16:15:00,48.16,48.25,48.16,48.19,10356,0
2016-06-29,16:20:00,48.21,48.24,48.19,48.2,6113,0
2016-06-29,16:25:00,48.2,48.28,48.2,48.24,7749,0
2016-06-29,16:30:00,48.25,48.25,48.16,48.19,13148,0
2016-06-29,16:35:00,48.18,48.26,48.18,48.19,7849,0
2016-06-29,16:40:00,48.2,48.2,48.12,48.2,10270,0
2016-06-29,16:45:00,48.21,48.23,48.16,48.16,5772,0
2016-06-29,16:50:00,48.17,48.23,48.16,48.23,5696,0
2016-06-29,16:55:00,48.24,48.27,48.16,48.26,6639,0
2016-06-29,17:00:00,48.25,48.25,48.19,48.2,5100,0
2016-06-29,17:05:00,48.21,48.3,48.21,48.29,7370,0
2016-06-29,17:10:00,48.29,48.32,48.28,48.3199,5026,0
2016-06-29,17:15:00,48.31,48.39,48.31,48.37,11518,0
2016-06-29,17:20:00,48.35,48.37,48.32,48.32,5056,0
2016-06-29,17:25:00,48.32,48.34,48.23,48.25,6600,0
2016-06-29,17:30:00,48.26,48.27,48.21,48.23,11114,0
2016-06-29,17:35:00,48.24,48.24,48.19,48.2,22506,0
2016-06-29,17:40:00,48.22,48.33,48.19,48.31,9674,0
2016-06-29,17:45:00,48.33,48.34,48.29,48.29,4300,0
2016-06-29,17:50:00,48.2738,48.315,48.27,48.29,4193,0
2016-06-29,17:55:00,48.29,48.303,48.23,48.3,4350,0
2016-06-29,18:00:00,48.29,48.34,48.29,48.29,4000,0
2016-06-29,18:05:00,48.32,48.33,48.26,48.3234,18903,0
2016-06-29,18:10:00,48.33,48.38,48.32,48.38,3271,0
2016-06-29,18:15:00,48.385,48.425,48.385,48.425,4489,0
2016-06-29,18:20:00,48.42,48.42,48.38,48.4,4751,0
2016-06-29,18:25:00,48.4,48.41,48.36,48.36,3464,0
2016-06-29,18:30:00,48.37,48.44,48.37,48.4,6127,0
2016-06-29,18:35:00,48.37,48.37,48.32,48.33,2297,0
2016-06-29,18:40:00,48.335,48.345,48.28,48.28,8729,0
2016-06-29,18:45:00,48.28,48.35,48.27,48.33,12405,0
2016-06-29,18:50:00,48.31,48.31,48.26,48.28,3795,0
2016-06-29,18:55:00,48.28,48.3,48.26,48.27,4770,0
2016-06-29,19:00:00,48.28,48.315,48.26,48.29,10897,0
2016-06-29,19:05:00,48.29,48.32,48.285,48.31,11613,0
2016-06-29,19:10:00,48.31,48.33,48.29,48.29,5089,0
2016-06-29,19:15:00,48.29,48.29,48.25,48.27,7700,0
2016-06-29,19:20:00,48.27,48.33,48.27,48.31,2877,0
2016-06-29,19:25:00,48.31,48.3799,48.31,48.36,5525,0
2016-06-29,19:30:00,48.37,48.38,48.32,48.32,2664,0
2016-06-29,19:35:00,48.3,48.31,48.27,48.3,3200,0
2016-06-29,19:40:00,48.29,48.31,48.28,48.28,7180,0
2016-06-29,19:45:00,48.29,48.295,48.19,48.2,5995,0
2016-06-29,19:50:00,48.21,48.22,48.17,48.19,12608,0
2016-06-29,19:55:00,48.18,48.19,48.14,48.16,11817,0
2016-06-29,20:00:00,48.1701,48.27,48.1701,48.27,10318,0
2016-06-29,20:05:00,48.27,48.28,48.25,48.27,10924,0
2016-06-29,20:10:00,48.27,48.28,48.23,48.25,4560,0
2016-06-29,20:15:00,48.25,48.26,48.24,48.26,13597,0
2016-06-29,20:20:00,48.26,48.29,48.25,48.25,7200,0
2016-06-29,20:25:00,48.26,48.31,48.24,48.29,7645,0
2016-06-29,20:30:00,48.29,48.29,48.21,48.24,6400,0
2016-06-29,20:35:00,48.25,48.28,48.24,48.27,8817,0
2016-06-29,20:40:00,48.26,48.27,48.24,48.24,5162,0
2016-06-29,20:45:00,48.24,48.27,48.22,48.24,13473,0
2016-06-29,20:50:00,48.25,48.2965,48.24,48.24,10733,0
2016-06-29,20:55:00,48.25,48.25,48.15,48.17,8467,0
2016-06-29,21:00:00,48.18,48.25,48.17,48.2405,11799,0
2016-06-29,21:05:00,48.24,48.26,48.23,48.25,15516,0
2016-06-29,21:10:00,48.255,48.255,48.21,48.23,11186,0
2016-06-29,21:15:00,48.22,48.255,48.2,48.2,12475,0
2016-06-29,21:20:00,48.21,48.225,48.19,48.21,12409,0
2016-06-29,21:25:00,48.22,48.23,48.16,48.17,12761,0
2016-06-29,21:30:00,48.17,48.2,48.16,48.2,14027,0
2016-06-29,21:35:00,48.19,48.22,48.18,48.22,16740,0
2016-06-29,21:40:00,48.2225,48.23,48.15,48.15,20011,0
2016-06-29,21:45:00,48.16,48.2,48.13,48.16,26182,0
2016-06-29,21:50:00,48.17,48.25,48.1399,48.22,36708,0
2016-06-29,21:55:00,48.22,48.22,48.15,48.19,33682,0
2016-06-29,22:00:00,48.19,48.2,48.13,48.15,211283,0
2016-06-30,15:35:00,48.37,48.64,48.3,48.36,23391,0
2016-06-30,15:40:00,48.35,48.4,48.27,48.3,7938,0
2016-06-30,15:45:00,48.3,48.305,48.23,48.2675,4500,0
2016-06-30,15:50:00,48.23,48.33,48.22,48.33,5517,0
2016-06-30,15:55:00,48.33,48.33,48.25,48.25,6264,0
2016-06-30,16:00:00,48.27,48.31,48.2368,48.24,10116,0
2016-06-30,16:05:00,48.24,48.29,48.16,48.22,14505,0
2016-06-30,16:10:00,48.205,48.28,48.19,48.25,6515,0
2016-06-30,16:15:00,48.245,48.28,48.21,48.28,12094,0
2016-06-30,16:20:00,48.29,48.29,48.23,48.255,7863,0
2016-06-30,16:25:00,48.26,48.34,48.26,48.3,6100,0
2016-06-30,16:30:00,48.3,48.34,48.27,48.31,3900,0
2016-06-30,16:35:00,48.33,48.35,48.315,48.34,5293,0
2016-06-30,16:40:00,48.35,48.39,48.33,48.35,9060,0
2016-06-30,16:45:00,48.34,48.39,48.28,48.37,11103,0
2016-06-30,16:50:00,48.38,48.53,48.38,48.49,6397,0
2016-06-30,16:55:00,48.5,48.55,48.48,48.53,7200,0
2016-06-30,17:00:00,48.53,48.58,48.52,48.58,4600,0
2016-06-30,17:05:00,48.57,48.57,48.52,48.545,9450,0
2016-06-30,17:10:00,48.55,48.62,48.55,48.6,5876,0
2016-06-30,17:15:00,48.61,48.65,48.55,48.65,24457,0
2016-06-30,17:20:00,48.62,48.62,48.535,48.55,11994,0
2016-06-30,17:25:00,48.53,48.55,48.5,48.55,4678,0
2016-06-30,17:30:00,48.55,48.61,48.54,48.6,4967,0
2016-06-30,17:35:00,48.61,48.67,48.57,48.57,19683,0
2016-06-30,17:40:00,48.57,48.62,48.555,48.57,14656,0
2016-06-30,17:45:00,48.58,48.58,48.53,48.55,7769,0
2016-06-30,17:50:00,48.55,48.6,48.55,48.6,8516,0
2016-06-30,17:55:00,48.58,48.58,48.53,48.57,6495,0
2016-06-30,18:00:00,48.56,48.61,48.535,48.6,7300,0
2016-06-30,18:05:00,48.6,48.66,48.6,48.61,13803,0
2016-06-30,18:10:00,48.6,48.65,48.58,48.6,8063,0
2016-06-30,18:15:00,48.61,48.67,48.61,48.65,4817,0
2016-06-30,18:20:00,48.66,48.66,48.645,48.65,15735,0
2016-06-30,18:25:00,48.65,48.71,48.625,48.69,16142,0
2016-06-30,18:30:00,48.69,48.73,48.67,48.7,9198,0
2016-06-30,18:35:00,48.69,48.72,48.66,48.66,10750,0
2016-06-30,18:40:00,48.65,48.685,48.62,48.655,10575,0
2016-06-30,18:45:00,48.66,48.68,48.64,48.64,4900,0
2016-06-30,18:50:00,48.635,48.67,48.635,48.65,7036,0
2016-06-30,18:55:00,48.66,48.71,48.655,48.665,28512,0
2016-06-30,19:00:00,48.67,48.68,48.6501,48.655,17121,0
2016-06-30,19:05:00,48.66,48.705,48.655,48.7,20091,0
2016-06-30,19:10:00,48.7,48.7,48.67,48.68,11806,0
2016-06-30,19:15:00,48.67,48.67,48.625,48.645,10904,0
2016-06-30,19:20:00,48.64,48.68,48.64,48.68,6939,0
2016-06-30,19:25:00,48.69,48.7,48.68,48.69,3200,0
2016-06-30,19:30:00,48.69,48.72,48.69,48.72,8504,0
2016-06-30,19:35:00,48.73,48.75,48.71,48.75,4652,0
2016-06-30,19:40:00,48.75,48.75,48.72,48.73,17049,0
2016-06-30,19:45:00,48.72,48.7863,48.72,48.77,18779,0
2016-06-30,19:50:00,48.77,48.7795,48.75,48.75,9384,0
2016-06-30,19:55:00,48.74,48.77,48.74,48.75,3815,0
2016-06-30,20:00:00,48.74,48.81,48.73,48.81,7313,0
2016-06-30,20:05:00,48.8,48.805,48.78,48.78,5890,0
2016-06-30,20:10:00,48.78,48.81,48.78,48.79,4384,0
2016-06-30,20:15:00,48.8,48.82,48.8,48.805,7008,0
2016-06-30,20:20:00,48.81,48.86,48.81,48.85,5493,0
2016-06-30,20:25:00,48.86,48.9,48.86,48.89,4748,0
2016-06-30,20:30:00,48.89,48.89,48.815,48.815,4400,0
2016-06-30,20:35:00,48.82,48.83,48.76,48.76,29743,0
2016-06-30,20:40:00,48.755,48.79,48.755,48.77,4741,0
2016-06-30,20:45:00,48.79,48.87,48.79,48.86,5300,0
2016-06-30,20:50:00,48.869,48.869,48.84,48.85,2501,0
2016-06-30,20:55:00,48.84,48.874,48.83,48.86,21428,0
2016-06-30,21:00:00,48.84,48.89,48.83,48.87,9758,0
2016-06-30,21:05:00,48.87,48.87,48.8075,48.81,10595,0
2016-06-30,21:10:00,48.8,48.81,48.78,48.78,10127,0
2016-06-30,21:15:00,48.77,48.8,48.74,48.78,12555,0
2016-06-30,21:20:00,48.77,48.8,48.75,48.775,6905,0
2016-06-30,21:25:00,48.765,48.78,48.73,48.77,9352,0
2016-06-30,21:30:00,48.77,48.86,48.765,48.855,10405,0
2016-06-30,21:35:00,48.85,48.88,48.83,48.85,13692,0
2016-06-30,21:40:00,48.855,48.87,48.83,48.855,15104,0
2016-06-30,21:45:00,48.86,48.875,48.79,48.815,34295,0
2016-06-30,21:50:00,48.81,48.85,48.8,48.835,17098,0
2016-06-30,21:55:00,48.84,48.94,48.84,48.925,44812,0
2016-06-30,22:00:00,48.94,49.05,48.91,49.0375,320872,0
2016-07-01,15:35:00,49.05,49.05,48.7,49,14311,0
2016-07-01,15:40:00,49.01,49.14,48.9,48.91,7806,0
2016-07-01,15:45:00,48.96,49.14,48.95,49.14,19549,0
2016-07-01,15:50:00,49.16,49.21,49.09,49.19,6900,0
2016-07-01,15:55:00,49.18,49.21,49.14,49.14,3400,0
2016-07-01,16:00:00,49.13,49.22,49.13,49.21,8972,0
2016-07-01,16:05:00,49.28,49.28,49.2,49.23,6739,0
2016-07-01,16:10:00,49.235,49.24,49.16,49.17,6416,0
2016-07-01,16:15:00,49.18,49.22,49.13,49.18,6956,0
2016-07-01,16:20:00,49.18,49.28,49.18,49.22,6500,0
2016-07-01,16:25:00,49.23,49.29,49.19,49.29,6603,0
2016-07-01,16:30:00,49.3,49.32,49.22,49.31,11250,0
2016-07-01,16:35:00,49.31,49.33,49.245,49.3,10435,0
2016-07-01,16:40:00,49.33,49.34,49.305,49.34,4343,0
2016-07-01,16:45:00,49.36,49.39,49.31,49.37,9650,0
2016-07-01,16:50:00,49.365,49.41,49.33,49.39,6342,0
2016-07-01,16:55:00,49.39,49.475,49.39,49.46,8784,0
2016-07-01,17:00:00,49.46,49.495,49.42,49.45,11239,0
2016-07-01,17:05:00,49.44,49.48,49.43,49.48,4700,0
2016-07-01,17:10:00,49.48,49.52,49.42,49.42,12405,0
2016-07-01,17:15:00,49.4,49.44,49.37,49.44,5351,0
2016-07-01,17:20:00,49.44,49.44,49.34,49.4,3600,0
2016-07-01,17:25:00,49.4,49.41,49.32,49.33,7075,0
2016-07-01,17:30:00,49.31,49.345,49.29,49.34,4900,0
2016-07-01,17:35:00,49.35,49.39,49.34,49.37,19887,0
2016-07-01,17:40:00,49.37,49.45,49.37,49.43,8515,0
2016-07-01,17:45:00,49.43,49.45,49.43,49.45,6235,0
2016-07-01,17:50:00,49.454,49.48,49.43,49.475,4404,0
2016-07-01,17:55:00,49.48,49.55,49.48,49.55,20897,0
2016-07-01,18:00:00,49.55,49.55,49.52,49.54,8869,0
2016-07-01,18:05:00,49.53,49.575,49.52,49.54,7719,0
2016-07-01,18:10:00,49.55,49.59,49.53,49.56,4410,0
2016-07-01,18:15:00,49.56,49.59,49.5397,49.56,22470,0
2016-07-01,18:20:00,49.565,49.59,49.545,49.545,14167,0
2016-07-01,18:25:00,49.5477,49.57,49.5,49.5,8660,0
2016-07-01,18:30:00,49.5,49.52,49.48,49.5147,4302,0
2016-07-01,18:35:00,49.5,49.555,49.485,49.55,20404,0
2016-07-01,18:40:00,49.55,49.59,49.55,49.55,9386,0
2016-07-01,18:45:00,49.54,49.57,49.535,49.57,9748,0
2016-07-01,18:50:00,49.57,49.59,49.55,49.56,15085,0
2016-07-01,18:55:00,49.56,49.596,49.55,49.58,24041,0
2016-07-01,19:00:00,49.59,49.64,49.585,49.61,10051,0
2016-07-01,19:05:00,49.61,49.63,49.595,49.62,4300,0
2016-07-01,19:10:00,49.63,49.67,49.63,49.67,2600,0
2016-07-01,19:15:00,49.67,49.67,49.65,49.66,4000,0
2016-07-01,19:20:00,49.66,49.675,49.65,49.651,2626,0
2016-07-01,19:25:00,49.63,49.63,49.57,49.59,19019,0
2016-07-01,19:30:00,49.6,49.6,49.57,49.59,9541,0
2016-07-01,19:35:00,49.6,49.64,49.575,49.63,8822,0
2016-07-01,19:40:00,49.6349,49.64,49.58,49.59,6347,0
2016-07-01,19:45:00,49.58,49.61,49.57,49.58,6924,0
2016-07-01,19:50:00,49.58,49.63,49.57,49.6125,14693,0
2016-07-01,19:55:00,49.61,49.62,49.6,49.61,3200,0
2016-07-01,20:00:00,49.61,49.62,49.6,49.61,5401,0
2016-07-01,20:05:00,49.61,49.61,49.57,49.59,8299,0
2016-07-01,20:10:00,49.58,49.59,49.54,49.56,12830,0
2016-07-01,20:15:00,49.56,49.58,49.55,49.57,4087,0
2016-07-01,20:20:00,49.57,49.59,49.56,49.59,4539,0
2016-07-01,20:25:00,49.58,49.6,49.57,49.57,3174,0
2016-07-01,20:30:00,49.58,49.6,49.555,49.58,10773,0
2016-07-01,20:35:00,49.57,49.59,49.56,49.57,4935,0
2016-07-01,20:40:00,49.58,49.58,49.545,49.55,13758,0
2016-07-01,20:45:00,49.555,49.58,49.54,49.55,15094,0
2016-07-01,20:50:00,49.5537,49.57,49.55,49.55,9299,0
2016-07-01,20:55:00,49.555,49.57,49.5,49.56,8642,0
2016-07-01,21:00:00,49.56,49.58,49.56,49.57,5787,0
2016-07-01,21:05:00,49.57,49.62,49.57,49.6,5163,0
2016-07-01,21:10:00,49.61,49.69,49.61,49.679,9916,0
2016-07-01,21:15:00,49.68,49.7,49.67,49.69,7256,0
2016-07-01,21:20:00,49.69,49.72,49.685,49.72,4380,0
2016-07-01,21:25:00,49.73,49.73,49.7,49.705,11112,0
2016-07-01,21:30:00,49.71,49.72,49.67,49.71,17148,0
2016-07-01,21:35:00,49.71,49.72,49.68,49.685,7267,0
2016-07-01,21:40:00,49.68,49.71,49.62,49.625,19925,0
2016-07-01,21:45:00,49.63,49.68,49.615,49.67,16681,0
2016-07-01,21:50:00,49.675,49.69,49.63,49.645,15774,0
2016-07-01,21:55:00,49.65,49.71,49.65,49.71,19780,0
2016-07-01,22:00:00,49.71,49.71,49.655,49.69,130362,0
2016-07-05,15:35:00,49.65,49.6889,49.31,49.64,17649,0
2016-07-05,15:40:00,49.605,49.605,49.39,49.52,13593,0
2016-07-05,15:45:00,49.54,49.54,49.38,49.39,8155,0
2016-07-05,15:50:00,49.41,49.47,49.33,49.47,12245,0
2016-07-05,15:55:00,49.48,49.52,49.41,49.5,6440,0
2016-07-05,16:00:00,49.53,49.59,49.455,49.58,5712,0
2016-07-05,16:05:00,49.49,49.505,49.47,49.48,1800,0
2016-07-05,16:10:00,49.47,49.47,49.44,49.45,2100,0
2016-07-05,16:15:00,49.48,49.49,49.46,49.46,2651,0
2016-07-05,16:20:00,49.47,49.49,49.39,49.43,4754,0
2016-07-05,16:25:00,49.4,49.43,49.35,49.43,3400,0
2016-07-05,16:30:00,49.41,49.47,49.37,49.46,7355,0
2016-07-05,16:35:00,49.45,49.5,49.44,49.49,3800,0
2016-07-05,16:40:00,49.49,49.49,49.41,49.41,4608,0
2016-07-05,16:45:00,49.46,49.54,49.46,49.46,3300,0
2016-07-05,16:50:00,49.42,49.45,49.3801,49.3801,2850,0
2016-07-05,16:55:00,49.39,49.39,49.34,49.35,1708,0
2016-07-05,17:00:00,49.39,49.39,49.32,49.32,1700,0
2016-07-05,17:05:00,49.33,49.41,49.33,49.4,3000,0
2016-07-05,17:10:00,49.38,49.4,49.35,49.38,5056,0
2016-07-05,17:15:00,49.35,49.35,49.28,49.31,3516,0
2016-07-05,17:20:00,49.33,49.44,49.33,49.42,6258,0
2016-07-05,17:25:00,49.42,49.43,49.38,49.39,1525,0
2016-07-05,17:30:00,49.38,49.38,49.275,49.275,11376,0
2016-07-05,17:35:00,49.27,49.31,49.27,49.3,2900,0
2016-07-05,17:40:00,49.32,49.36,49.31,49.31,2900,0
2016-07-05,17:45:00,49.3028,49.3028,49.26,49.28,11023,0
2016-07-05,17:50:00,49.27,49.27,49.19,49.2,8700,0
2016-07-05,17:55:00,49.19,49.2,49.14,49.15,3100,0
2016-07-05,18:00:00,49.15,49.16,49.09,49.09,6034,0
2016-07-05,18:05:00,49.11,49.17,49.1,49.15,4350,0
2016-07-05,18:10:00,49.15,49.16,49.07,49.08,6174,0
2016-07-05,18:15:00,49.08,49.08,49.045,49.06,5305,0
2016-07-05,18:20:00,49.1,49.1,49.08,49.1,3500,0
2016-07-05,18:25:00,49.09,49.12,49.09,49.1,5258,0
2016-07-05,18:30:00,49.11,49.14,49.11,49.14,5432,0
2016-07-05,18:35:00,49.12,49.13,49.1,49.13,5700,0
2016-07-05,18:40:00,49.15,49.18,49.11,49.11,4478,0
2016-07-05,18:45:00,49.1199,49.12,49.095,49.1,3478,0
2016-07-05,18:50:00,49.1,49.11,49.07,49.07,4436,0
2016-07-05,18:55:00,49.06,49.06,49.02,49.04,5648,0
2016-07-05,19:00:00,49.04,49.06,49.035,49.05,5388,0
2016-07-05,19:05:00,49.05,49.1,49.0475,49.065,6746,0
2016-07-05,19:10:00,49.07,49.07,49.025,49.06,9188,0
2016-07-05,19:15:00,49.08,49.08,49.04,49.04,2100,0
2016-07-05,19:20:00,49.04,49.04,49.01,49.01,4200,0
2016-07-05,19:25:00,49.01,49.03,49,49.01,4400,0
2016-07-05,19:30:00,49.02,49.03,49.01,49.02,4600,0
2016-07-05,19:35:00,49.01,49.01,48.97,48.99,8300,0
2016-07-05,19:40:00,48.99,49.01,48.9575,48.9575,8126,0
2016-07-05,19:45:00,48.965,48.965,48.93,48.95,4482,0
2016-07-05,19:50:00,48.94,48.94,48.87,48.89,5648,0
2016-07-05,19:55:00,48.9,48.9,48.86,48.88,3858,0
2016-07-05,20:00:00,48.8766,48.89,48.86,48.87,8139,0
2016-07-05,20:05:00,48.87,48.96,48.865,48.96,7133,0
2016-07-05,20:10:00,48.96,48.96,48.94,48.95,5896,0
2016-07-05,20:15:00,48.95,49.04,48.945,49.035,12233,0
2016-07-05,20:20:00,49.03,49.07,49.03,49.0393,7352,0
2016-07-05,20:25:00,49.0301,49.04,48.99,48.99,9902,0
2016-07-05,20:30:00,48.99,49.02,48.99,49.02,5300,0
2016-07-05,20:35:00,49.01,49.03,48.99,49.02,8936,0
2016-07-05,20:40:00,49.02,49.02,48.9275,48.93,23909,0
2016-07-05,20:45:00,48.94,48.985,48.94,48.98,13693,0
2016-07-05,20:50:00,48.99,49.01,48.94,48.97,6500,0
2016-07-05,20:55:00,48.97,49.01,48.94,48.99,7443,0
2016-07-05,21:00:00,48.99,49.02,48.98,49.01,4962,0
2016-07-05,21:05:00,49.01,49.04,49.0075,49.04,9018,0
2016-07-05,21:10:00,49.04,49.05,49.015,49.03,10360,0
2016-07-05,21:15:00,49.03,49.06,49.03,49.04,7352,0
2016-07-05,21:20:00,49.05,49.05,49,49.04,13090,0
2016-07-05,21:25:00,49.05,49.08,49.04,49.075,5520,0
2016-07-05,21:30:00,49.08,49.14,49.08,49.13,7559,0
2016-07-05,21:35:00,49.13,49.22,49.12,49.21,13436,0
2016-07-05,21:40:00,49.22,49.24,49.21,49.23,10579,0
2016-07-05,21:45:00,49.24,49.33,49.24,49.33,17552,0
2016-07-05,21:50:00,49.32,49.33,49.23,49.24,19530,0
2016-07-05,21:55:00,49.25,49.29,49.25,49.275,34338,0
2016-07-05,22:00:00,49.2777,49.3,49.26,49.29,415563,0
2016-07-06,15:35:00,49.05,49.275,49.01,49.145,13609,0
2016-07-06,15:40:00,49.03,49.09,49,49.08,2330,0
2016-07-06,15:45:00,49.07,49.19,49,49,5449,0
2016-07-06,15:50:00,49,49.085,48.99,49.0235,4636,0
2016-07-06,15:55:00,49,49.04,48.97,49,4200,0
2016-07-06,16:00:00,49,49.01,48.94,48.94,5702,0
2016-07-06,16:05:00,48.95,49.04,48.95,48.97,16551,0
2016-07-06,16:10:00,48.94,48.94,48.78,48.82,7154,0
2016-07-06,16:15:00,48.825,48.85,48.78,48.83,4060,0
2016-07-06,16:20:00,48.8,48.84,48.74,48.74,4708,0
2016-07-06,16:25:00,48.77,48.81,48.71,48.73,11645,0
2016-07-06,16:30:00,48.71,48.735,48.59,48.63,25932,0
2016-07-06,16:35:00,48.59,48.59,48.5,48.52,8928,0
2016-07-06,16:40:00,48.51,48.56,48.495,48.5,30169,0
2016-07-06,16:45:00,48.495,48.53,48.445,48.445,13400,0
2016-07-06,16:50:00,48.45,48.5,48.41,48.46,9799,0
2016-07-06,16:55:00,48.47,48.56,48.47,48.54,4429,0
2016-07-06,17:00:00,48.535,48.62,48.53,48.62,4525,0
2016-07-06,17:05:00,48.64,48.69,48.64,48.655,9465,0
2016-07-06,17:10:00,48.67,48.747,48.65,48.72,7890,0
2016-07-06,17:15:00,48.72,48.74,48.64,48.64,17743,0
2016-07-06,17:20:00,48.64,48.7,48.64,48.69,5123,0
2016-07-06,17:25:00,48.69,48.69,48.59,48.63,6100,0
2016-07-06,17:30:00,48.66,48.66,48.57,48.57,3647,0
2016-07-06,17:35:00,48.58,48.62,48.57,48.5789,2800,0
2016-07-06,17:40:00,48.58,48.64,48.56,48.64,4975,0
2016-07-06,17:45:00,48.64,48.655,48.59,48.64,13428,0
2016-07-06,17:50:00,48.65,48.71,48.635,48.65,20035,0
2016-07-06,17:55:00,48.65,48.74,48.65,48.74,7200,0
2016-07-06,18:00:00,48.73,48.7501,48.705,48.72,6697,0
2016-07-06,18:05:00,48.73,48.813,48.725,48.81,9832,0
2016-07-06,18:10:00,48.83,48.85,48.81,48.82,4300,0
2016-07-06,18:15:00,48.81,48.82,48.72,48.72,10679,0
2016-07-06,18:20:00,48.72,48.75,48.715,48.74,7346,0
2016-07-06,18:25:00,48.75,48.83,48.73,48.73,8200,0
2016-07-06,18:30:00,48.73,48.8,48.725,48.79,7800,0
2016-07-06,18:35:00,48.8,48.83,48.77,48.825,8100,0
2016-07-06,18:40:00,48.84,48.85,48.725,48.745,7978,0
2016-07-06,18:45:00,48.76,48.8,48.72,48.72,11152,0
2016-07-06,18:50:00,48.72,48.72,48.66,48.66,7225,0
2016-07-06,18:55:00,48.67,48.7,48.635,48.7,10327,0
2016-07-06,19:00:00,48.7,48.72,48.67,48.72,3000,0
2016-07-06,19:05:00,48.74,48.78,48.73,48.735,5929,0
2016-07-06,19:10:00,48.735,48.75,48.71,48.75,11367,0
2016-07-06,19:15:00,48.73,48.75,48.705,48.705,2700,0
2016-07-06,19:20:00,48.69,48.74,48.69,48.725,3406,0
2016-07-06,19:25:00,48.725,48.76,48.64,48.65,12932,0
2016-07-06,19:30:00,48.65,48.68,48.62,48.68,6126,0
2016-07-06,19:35:00,48.675,48.715,48.675,48.69,4600,0
2016-07-06,19:40:00,48.7,48.74,48.67,48.7,8844,0
2016-07-06,19:45:00,48.71,48.71,48.67,48.69,3200,0
2016-07-06,19:50:00,48.685,48.7,48.6618,48.675,8101,0
2016-07-06,19:55:00,48.68,48.74,48.68,48.74,3300,0
2016-07-06,20:00:00,48.74,48.7625,48.72,48.72,4400,0
2016-07-06,20:05:00,48.725,48.82,48.72,48.76,8890,0
2016-07-06,20:10:00,48.77,48.82,48.75,48.8,9888,0
2016-07-06,20:15:00,48.805,48.82,48.72,48.72,12684,0
2016-07-06,20:20:00,48.73,48.75,48.69,48.75,14759,0
2016-07-06,20:25:00,48.76,48.78,48.68,48.685,10708,0
2016-07-06,20:30:00,48.68,48.72,48.675,48.71,10129,0
2016-07-06,20:35:00,48.71,48.7525,48.71,48.74,13731,0
2016-07-06,20:40:00,48.74,48.775,48.735,48.77,17345,0
2016-07-06,20:45:00,48.76,48.77,48.725,48.75,9419,0
2016-07-06,20:50:00,48.75,48.82,48.745,48.8,11986,0
2016-07-06,20:55:00,48.79,48.86,48.79,48.85,8645,0
2016-07-06,21:00:00,48.86,48.9299,48.86,48.925,5550,0
2016-07-06,21:05:00,48.94,48.95,48.91,48.94,7393,0
2016-07-06,21:10:00,48.94,48.945,48.91,48.91,5407,0
2016-07-06,21:15:00,48.9,48.9064,48.885,48.898,5934,0
2016-07-06,21:20:00,48.89,48.94,48.885,48.93,9634,0
2016-07-06,21:25:00,48.93,48.93,48.895,48.895,8809,0
2016-07-06,21:30:00,48.9,48.93,48.895,48.92,14356,0
2016-07-06,21:35:00,48.91,48.9325,48.9,48.92,13476,0
2016-07-06,21:40:00,48.93,48.965,48.92,48.93,18160,0
2016-07-06,21:45:00,48.94,49.015,48.935,49.01,11917,0
2016-07-06,21:50:00,49.01,49.015,48.95,48.95,14067,0
2016-07-06,21:55:00,48.95,48.96,48.92,48.96,30971,0
2016-07-06,22:00:00,48.955,49,48.945,48.97,52442,0
2016-07-07,15:35:00,49.04,49.2,48.953,48.953,8680,0
2016-07-07,15:40:00,49.14,49.195,49.12,49.12,5673,0
2016-07-07,15:45:00,49.095,49.17,49.08,49.145,4382,0
2016-07-07,15:50:00,49.1,49.11,49.05,49.11,1590,0
2016-07-07,15:55:00,49.1,49.2,49.1,49.11,11384,0
2016-07-07,16:00:00,49.14,49.15,49.11,49.13,4300,0
2016-07-07,16:05:00,49.13,49.13,49.04,49.07,5362,0
2016-07-07,16:10:00,49.09,49.13,49.09,49.1,1900,0
2016-07-07,16:15:00,49.03,49.09,49.03,49.09,3123,0
2016-07-07,16:20:00,49.11,49.18,49.11,49.16,4594,0
2016-07-07,16:25:00,49.11,49.15,49.11,49.132,2688,0
2016-07-07,16:30:00,49.15,49.2,49.11,49.2,4678,0
2016-07-07,16:35:00,49.1901,49.25,49.17,49.2,7003,0
2016-07-07,16:40:00,49.2,49.23,49.16,49.2099,6212,0
2016-07-07,16:45:00,49.22,49.23,49.17,49.17,4158,0
2016-07-07,16:50:00,49.16,49.18,49.16,49.16,3198,0
2016-07-07,16:55:00,49.18,49.21,49.14,49.14,4943,0
2016-07-07,17:00:00,49.11,49.1199,49.07,49.11,5745,0
2016-07-07,17:05:00,49.09,49.1,49.03,49.0599,7688,0
2016-07-07,17:10:00,49.03,49.08,49.01,49.05,5811,0
2016-07-07,17:15:00,49.05,49.12,49.026,49.12,6757,0
2016-07-07,17:20:00,49.15,49.15,49.08,49.08,6676,0
2016-07-07,17:25:00,49.08,49.085,49.03,49.03,11694,0
2016-07-07,17:30:00,49.03,49.08,49.0299,49.03,3616,0
2016-07-07,17:35:00,49.03,49.07,49.02,49.07,3024,0
2016-07-07,17:40:00,49.05,49.05,49.04,49.04,1200,0
2016-07-07,17:45:00,49.04,49.04,49.0199,49.022,3161,0
2016-07-07,17:50:00,49.01,49.01,48.95,48.97,1772,0
2016-07-07,17:55:00,48.95,48.97,48.9399,48.96,1921,0
2016-07-07,18:00:00,48.97,49,48.97,48.97,2004,0
2016-07-07,18:05:00,48.9701,49.01,48.97,49,2911,0
2016-07-07,18:10:00,49,49.01,48.97,48.97,5925,0
2016-07-07,18:15:00,48.99,49.01,48.99,49.01,1100,0
2016-07-07,18:20:00,49.02,49.02,48.99,49.01,1980,0
2016-07-07,18:25:00,49.01,49.01,48.97,48.98,3300,0
2016-07-07,18:30:00,48.99,49,48.94,49,2400,0
2016-07-07,18:35:00,48.99,49.05,48.99,49.03,4100,0
2016-07-07,18:40:00,49.02,49.05,49.01,49.04,3140,0
2016-07-07,18:45:00,49.05,49.05,48.99,49,5873,0
2016-07-07,18:50:00,48.99,48.99,48.97,48.97,5404,0
2016-07-07,18:55:00,48.97,49,48.94,48.97,16138,0
2016-07-07,19:00:00,48.97,48.99,48.96,48.98,4366,0
2016-07-07,19:05:00,48.99,48.99,48.96,48.97,2203,0
2016-07-07,19:10:00,48.97,49.03,48.95,49.03,6559,0
2016-07-07,19:15:00,49.03,49.16,49.03,49.105,87314,0
2016-07-07,19:20:00,49.1,49.13,49.07,49.13,7150,0
2016-07-07,19:25:00,49.12,49.17,49.103,49.16,5400,0
2016-07-07,19:30:00,49.16,49.22,49.15,49.206,4549,0
2016-07-07,19:35:00,49.19,49.22,49.18,49.22,1600,0
2016-07-07,19:40:00,49.23,49.23,49.2,49.22,6904,0
2016-07-07,19:45:00,49.2,49.2,49.15,49.16,6320,0
2016-07-07,19:50:00,49.16,49.16,49.1,49.11,58600,0
2016-07-07,19:55:00,49.12,49.12,49.09,49.12,2900,0
2016-07-07,20:00:00,49.115,49.17,49.115,49.16,1866,0
2016-07-07,20:05:00,49.15,49.165,49.14,49.14,28705,0
2016-07-07,20:10:00,49.13,49.16,49.12,49.12,3400,0
2016-07-07,20:15:00,49.12,49.12,49.07,49.1,1856,0
2016-07-07,20:20:00,49.1,49.16,49.09,49.14,17211,0
2016-07-07,20:25:00,49.14,49.17,49.12,49.15,7275,0
2016-07-07,20:30:00,49.15,49.195,49.125,49.14,6112,0
2016-07-07,20:35:00,49.16,49.16,49.13,49.14,10303,0
2016-07-07,20:40:00,49.13,49.15,49.1,49.14,9413,0
2016-07-07,20:45:00,49.15,49.16,49.11,49.15,17194,0
2016-07-07,20:50:00,49.16,49.18,49.15,49.165,25232,0
2016-07-07,20:55:00,49.17,49.195,49.15,49.19,10041,0
2016-07-07,21:00:00,49.19,49.195,49.17,49.19,8136,0
2016-07-07,21:05:00,49.19,49.2299,49.17,49.22,5998,0
2016-07-07,21:10:00,49.23,49.23,49.18,49.22,4637,0
2016-07-07,21:15:00,49.22,49.22,49.2,49.2,2800,0
2016-07-07,21:20:00,49.2,49.205,49.16,49.181,6735,0
2016-07-07,21:25:00,49.18,49.21,49.1601,49.18,10637,0
2016-07-07,21:30:00,49.18,49.22,49.18,49.22,6360,0
2016-07-07,21:35:00,49.23,49.25,49.2,49.24,5580,0
2016-07-07,21:40:00,49.24,49.26,49.21,49.26,7992,0
2016-07-07,21:45:00,49.25,49.29,49.23,49.25,11774,0
2016-07-07,21:50:00,49.25,49.29,49.24,49.24,11610,0
2016-07-07,21:55:00,49.25,49.27,49.24,49.255,14024,0
2016-07-07,22:00:00,49.27,49.27,49.24,49.26,91504,0
2016-07-08,15:35:00,49.68,49.68,49.29,49.46,9473,0
2016-07-08,15:40:00,49.51,49.67,49.46,49.565,5748,0
2016-07-08,15:45:00,49.57,49.65,49.53,49.53,3395,0
2016-07-08,15:50:00,49.54,49.655,49.54,49.63,2100,0
2016-07-08,15:55:00,49.61,49.69,49.58,49.66,8548,0
2016-07-08,16:00:00,49.67,49.67,49.63,49.67,3200,0
2016-07-08,16:05:00,49.636,49.78,49.636,49.76,6996,0
2016-07-08,16:10:00,49.7599,49.86,49.72,49.81,5812,0
2016-07-08,16:15:00,49.805,49.82,49.77,49.8,1601,0
2016-07-08,16:20:00,49.78,49.78,49.72,49.72,2942,0
2016-07-08,16:25:00,49.67,49.755,49.64,49.75,4827,0
2016-07-08,16:30:00,49.73,49.76,49.6701,49.72,4982,0
2016-07-08,16:35:00,49.74,49.78,49.715,49.73,12217,0
2016-07-08,16:40:00,49.75,49.85,49.75,49.82,12559,0
2016-07-08,16:45:00,49.83,49.95,49.83,49.935,12102,0
2016-07-08,16:50:00,49.9374,49.95,49.9,49.9,12362,0
2016-07-08,16:55:00,49.905,49.95,49.9,49.94,11945,0
2016-07-08,17:00:00,49.9334,49.99,49.91,49.91,9650,0
2016-07-08,17:05:00,49.908,49.908,49.83,49.86,7971,0
2016-07-08,17:10:00,49.86,49.87,49.84,49.87,6614,0
2016-07-08,17:15:00,49.86,49.87,49.84,49.86,3411,0
2016-07-08,17:20:00,49.84,49.86,49.835,49.86,6450,0
2016-07-08,17:25:00,49.8538,49.89,49.84,49.87,10450,0
2016-07-08,17:30:00,49.89,49.91,49.88,49.9,3350,0
2016-07-08,17:35:00,49.91,49.91,49.83,49.83,11732,0
2016-07-08,17:40:00,49.84,49.87,49.835,49.86,5400,0
2016-07-08,17:45:00,49.86,49.87,49.85,49.85,2214,0
2016-07-08,17:50:00,49.84,49.9,49.83,49.89,11405,0
2016-07-08,17:55:00,49.89,49.92,49.85,49.92,9701,0
2016-07-08,18:00:00,49.92,49.94,49.91,49.91,2400,0
2016-07-08,18:05:00,49.94,49.99,49.925,49.99,13459,0
2016-07-08,18:10:00,49.99,50.06,49.97,50.06,23053,0
2016-07-08,18:15:00,50.05,50.06,50.035,50.055,4406,0
2016-07-08,18:20:00,50.055,50.075,50.05,50.0698,6664,0
2016-07-08,18:25:00,50.07,50.09,50.07,50.07,6600,0
2016-07-08,18:30:00,50.08,50.1,50.07,50.07,8300,0
2016-07-08,18:35:00,50.07,50.08,50.0401,50.07,8381,0
2016-07-08,18:40:00,50.08,50.0939,50.065,50.0939,11706,0
2016-07-08,18:45:00,50.1,50.11,50.09,50.09,7237,0
2016-07-08,18:50:00,50.09,50.09,50.0539,50.08,3535,0
2016-07-08,18:55:00,50.065,50.1,50.061,50.1,3638,0
2016-07-08,19:00:00,50.09,50.09,50.07,50.07,6521,0
2016-07-08,19:05:00,50.07,50.07,50.02,50.025,13560,0
2016-07-08,19:10:00,50.025,50.08,50.025,50.07,10435,0
2016-07-08,19:15:00,50.065,50.08,50.0538,50.08,3142,0
2016-07-08,19:20:00,50.06,50.1,50.04,50.07,8213,0
2016-07-08,19:25:00,50.05,50.09,50.05,50.08,3794,0
2016-07-08,19:30:00,50.06,50.12,50.06,50.12,10916,0
2016-07-08,19:35:00,50.11,50.12,50.11,50.12,834,0
2016-07-08,19:40:00,50.13,50.13,50.1199,50.13,4109,0
2016-07-08,19:45:00,50.11,50.11,50.08,50.084,3850,0
2016-07-08,19:50:00,50.0815,50.0815,50.03,50.05,5226,0
2016-07-08,19:55:00,50.0433,50.0433,49.98,49.98,9428,0
2016-07-08,20:00:00,50.01,50.01,49.95,49.96,3200,0
2016-07-08,20:05:00,49.99,50.01,49.96,49.995,2800,0
2016-07-08,20:10:00,50,50.03,49.99,50.03,4800,0
2016-07-08,20:15:00,50.04,50.04,50,50.0001,9307,0
2016-07-08,20:20:00,50.01,50.02,49.98,49.99,3952,0
2016-07-08,20:25:00,49.99,49.9952,49.97,49.98,3500,0
2016-07-08,20:30:00,49.97,50,49.97,50,3000,0
2016-07-08,20:35:00,50.01,50.04,50.0075,50.04,7404,0
2016-07-08,20:40:00,50.05,50.05,49.98,49.98,20532,0
2016-07-08,20:45:00,49.97,49.98,49.95,49.95,9088,0
2016-07-08,20:50:00,49.95,49.96,49.91,49.92,12520,0
2016-07-08,20:55:00,49.91,49.98,49.91,49.98,4487,0
2016-07-08,21:00:00,49.97,49.97,49.92,49.92,6839,0
2016-07-08,21:05:00,49.93,49.96,49.925,49.94,5080,0
2016-07-08,21:10:00,49.95,49.96,49.93,49.93,4735,0
2016-07-08,21:15:00,49.92,49.97,49.92,49.96,7702,0
2016-07-08,21:20:00,49.95,49.97,49.95,49.96,16462,0
2016-07-08,21:25:00,49.95,49.98,49.95,49.98,7528,0
2016-07-08,21:30:00,49.97,49.99,49.95,49.95,8347,0
2016-07-08,21:35:00,49.94,49.95,49.8875,49.9,22055,0
2016-07-08,21:40:00,49.89,49.89,49.8476,49.875,19077,0
2016-07-08,21:45:00,49.87,49.87,49.81,49.82,16585,0
2016-07-08,21:50:00,49.82,49.9,49.81,49.885,16183,0
2016-07-08,21:55:00,49.89,49.93,49.89,49.92,18074,0
2016-07-08,22:00:00,49.93,49.94,49.89,49.92,99643,0
