Date,Time,Open,High,Low,Close,Volume,OpenInt
2016-06-21,15:35:00,19.84,19.89,19.84,19.87,20793,0
2016-06-21,15:40:00,19.87,19.89,19.87,19.89,12399,0
2016-06-21,15:45:00,19.89,19.8901,19.89,19.89,1200,0
2016-06-21,15:50:00,19.89,19.895,19.89,19.89,5500,0
2016-06-21,15:55:00,19.9,19.9,19.9,19.9,15981,0
2016-06-21,16:00:00,19.89,19.89,19.88,19.88,8992,0
2016-06-21,16:05:00,19.875,19.88,19.87,19.88,9044,0
2016-06-21,16:10:00,19.89,19.89,19.89,19.89,6771,0
2016-06-21,16:15:00,19.89,19.89,19.89,19.89,5092,0
2016-06-21,16:20:00,19.89,19.89,19.88,19.88,4551,0
2016-06-21,16:25:00,19.88,19.89,19.88,19.88,2580,0
2016-06-21,16:35:00,19.885,19.885,19.8702,19.8702,9080,0
2016-06-21,16:40:00,19.88,19.88,19.87,19.87,29368,0
2016-06-21,16:45:00,19.87,19.87,19.87,19.87,2200,0
2016-06-21,16:50:00,19.87,19.87,19.87,19.87,1200,0
2016-06-21,16:55:00,19.87,19.885,19.87,19.88,37963,0
2016-06-21,17:00:00,19.88,19.88,19.87,19.87,2400,0
2016-06-21,17:05:00,19.87,19.87,19.87,19.87,200,0
2016-06-21,17:10:00,19.88,19.88,19.88,19.88,3300,0
2016-06-21,17:15:00,19.8746,19.88,19.8746,19.88,2308,0
2016-06-21,17:20:00,19.88,19.88,19.88,19.88,1400,0
2016-06-21,17:25:00,19.88,19.88,19.875,19.875,3500,0
2016-06-21,17:30:00,19.88,19.885,19.875,19.875,14800,0
2016-06-21,17:35:00,19.87,19.88,19.87,19.88,3100,0
2016-06-21,17:40:00,19.875,19.875,19.875,19.875,100,0
2016-06-21,17:45:00,19.88,19.88,19.875,19.88,10900,0
2016-06-21,17:50:00,19.88,19.88,19.88,19.88,16000,0
2016-06-21,17:55:00,19.88,19.88,19.87,19.87,2400,0
2016-06-21,18:00:00,19.88,19.88,19.875,19.88,3000,0
2016-06-21,18:05:00,19.88,19.88,19.88,19.88,900,0
2016-06-21,18:10:00,19.88,19.88,19.875,19.88,18943,0
2016-06-21,18:15:00,19.875,19.875,19.875,19.875,200,0
2016-06-21,18:20:00,19.88,19.88,19.88,19.88,900,0
2016-06-21,18:25:00,19.875,19.875,19.875,19.875,200,0
2016-06-21,18:30:00,19.88,19.88,19.875,19.875,400,0
2016-06-21,18:35:00,19.8707,19.8711,19.8707,19.8711,2100,0
2016-06-21,18:40:00,19.875,19.875,19.875,19.875,200,0
2016-06-21,18:45:00,19.875,19.875,19.875,19.875,100,0
2016-06-21,18:50:00,19.88,19.88,19.88,19.88,1900,0
2016-06-21,18:55:00,19.88,19.88,19.875,19.88,20100,0
2016-06-21,19:00:00,19.875,19.875,19.875,19.875,100,0
2016-06-21,19:05:00,19.88,19.88,19.88,19.88,1400,0
2016-06-21,19:10:00,19.875,19.88,19.875,19.88,500,0
2016-06-21,19:15:00,19.875,19.875,19.875,19.875,200,0
2016-06-21,19:20:00,19.88,19.88,19.88,19.88,500,0
2016-06-21,19:25:00,19.875,19.875,19.873,19.875,1060,0
2016-06-21,19:30:00,19.875,19.875,19.875,19.875,100,0
2016-06-21,19:35:00,19.88,19.88,19.875,19.875,1200,0
2016-06-21,19:40:00,19.875,19.88,19.87,19.87,5300,0
2016-06-21,20:00:00,19.875,19.88,19.875,19.875,800,0
2016-06-21,20:05:00,19.88,19.88,19.88,19.88,200,0
2016-06-21,20:10:00,19.87,19.88,19.87,19.88,400,0
2016-06-21,20:15:00,19.88,19.88,19.875,19.875,1600,0
2016-06-21,20:20:00,19.88,19.88,19.88,19.88,1500,0
2016-06-21,20:25:00,19.875,19.88,19.87,19.88,3515,0
2016-06-21,20:30:00,19.88,19.88,19.875,19.88,16784,0
2016-06-21,20:35:00,19.88,19.88,19.88,19.88,16695,0
2016-06-21,20:40:00,19.88,19.885,19.875,19.88,22870,0
2016-06-21,20:45:00,19.88,19.88,19.875,19.88,2100,0
2016-06-21,20:50:00,19.875,19.88,19.871,19.88,1100,0
2016-06-21,20:55:00,19.875,19.875,19.875,19.875,200,0
2016-06-21,21:00:00,19.875,19.875,19.875,19.875,500,0
2016-06-21,21:05:00,19.875,19.88,19.87,19.87,20423,0
2016-06-21,21:10:00,19.87,19.87,19.87,19.87,100,0
2016-06-21,21:15:00,19.875,19.875,19.875,19.875,100,0
2016-06-21,21:20:00,19.87,19.88,19.87,19.875,3305,0
2016-06-21,21:25:00,19.88,19.88,19.87,19.87,2300,0
2016-06-21,21:30:00,19.88,19.88,19.87,19.87,200,0
2016-06-21,21:35:00,19.87,19.875,19.87,19.8736,3666,0
2016-06-21,21:40:00,19.88,19.88,19.87,19.87,1200,0
2016-06-21,21:45:00,19.87,19.875,19.87,19.87,4284,0
2016-06-21,21:50:00,19.875,19.88,19.87,19.87,4900,0
2016-06-21,21:55:00,19.87,19.88,19.87,19.875,16320,0
2016-06-21,22:00:00,19.875,19.88,19.87,19.87,58456,0
2016-06-22,15:35:00,19.89,19.89,19.87,19.875,6703,0
2016-06-22,15:40:00,19.88,19.89,19.88,19.88,6200,0
2016-06-22,15:45:00,19.89,19.89,19.89,19.89,6579,0
2016-06-22,15:50:00,19.89,19.89,19.89,19.89,1900,0
2016-06-22,15:55:00,19.89,19.89,19.885,19.89,1500,0
2016-06-22,16:00:00,19.88,19.88,19.88,19.88,5800,0
2016-06-22,16:05:00,19.88,19.88,19.88,19.88,3200,0
2016-06-22,16:10:00,19.88,19.88,19.88,19.88,600,0
2016-06-22,16:15:00,19.88,19.88,19.88,19.88,300,0
2016-06-22,16:20:00,19.88,19.88,19.88,19.88,100,0
2016-06-22,16:25:00,19.88,19.88,19.88,19.88,100,0
2016-06-22,16:30:00,19.88,19.88,19.88,19.88,200,0
2016-06-22,16:35:00,19.88,19.885,19.88,19.88,6900,0
2016-06-22,16:40:00,19.88,19.88,19.88,19.88,100,0
2016-06-22,16:45:00,19.88,19.88,19.88,19.88,100,0
2016-06-22,16:50:00,19.88,19.88,19.88,19.88,100,0
2016-06-22,16:55:00,19.88,19.89,19.88,19.89,300,0
2016-06-22,17:05:00,19.8899,19.8899,19.88,19.88,711,0
2016-06-22,17:10:00,19.88,19.89,19.88,19.885,902,0
2016-06-22,17:15:00,19.88,19.89,19.88,19.89,8295,0
2016-06-22,17:20:00,19.9,19.9,19.9,19.9,3102,0
2016-06-22,17:25:00,19.9,19.9,19.89,19.89,25694,0
2016-06-22,17:30:00,19.89,19.895,19.89,19.895,400,0
2016-06-22,17:35:00,19.89,19.9,19.89,19.89,2000,0
2016-06-22,17:40:00,19.9,19.9,19.895,19.9,3266,0
2016-06-22,17:45:00,19.9,19.9,19.9,19.9,100,0
2016-06-22,17:50:00,19.9,19.9,19.89,19.89,80536,0
2016-06-22,17:55:00,19.895,19.895,19.89,19.89,7300,0
2016-06-22,18:00:00,19.88,19.88,19.88,19.88,100,0
2016-06-22,18:10:00,19.89,19.89,19.88,19.88,37614,0
2016-06-22,18:15:00,19.8799,19.88,19.8799,19.88,7367,0
2016-06-22,18:20:00,19.875,19.88,19.87,19.87,12800,0
2016-06-22,18:25:00,19.87,19.88,19.87,19.87,22862,0
2016-06-22,18:30:00,19.86,19.87,19.86,19.86,5500,0
2016-06-22,18:35:00,19.865,19.865,19.865,19.865,100,0
2016-06-22,18:40:00,19.865,19.865,19.865,19.865,100,0
2016-06-22,18:45:00,19.86,19.87,19.86,19.86,300,0
2016-06-22,18:55:00,19.865,19.865,19.86,19.86,4300,0
2016-06-22,19:00:00,19.86,19.87,19.86,19.87,2600,0
2016-06-22,19:05:00,19.86,19.865,19.86,19.86,800,0
2016-06-22,19:10:00,19.86,19.87,19.86,19.86,300,0
2016-06-22,19:15:00,19.86,19.865,19.86,19.86,7299,0
2016-06-22,19:20:00,19.87,19.87,19.86,19.86,300,0
2016-06-22,19:25:00,19.86,19.865,19.86,19.865,716,0
2016-06-22,19:30:00,19.86,19.86,19.86,19.86,300,0
2016-06-22,19:35:00,19.86,19.86,19.86,19.86,1000,0
2016-06-22,19:40:00,19.86,19.86,19.86,19.86,300,0
2016-06-22,19:45:00,19.87,19.87,19.86,19.86,200,0
2016-06-22,19:50:00,19.86,19.86,19.86,19.86,600,0
2016-06-22,19:55:00,19.86,19.86,19.86,19.86,1592,0
2016-06-22,20:00:00,19.86,19.87,19.86,19.86,500,0
2016-06-22,20:05:00,19.86,19.87,19.86,19.87,8257,0
2016-06-22,20:10:00,19.88,19.88,19.87,19.87,300,0
2016-06-22,20:15:00,19.88,19.88,19.87,19.875,900,0
2016-06-22,20:20:00,19.87,19.88,19.87,19.88,400,0
2016-06-22,20:25:00,19.87,19.87,19.87,19.87,5761,0
2016-06-22,20:30:00,19.87,19.87,19.87,19.87,556,0
2016-06-22,20:35:00,19.87,19.87,19.87,19.87,1400,0
2016-06-22,20:40:00,19.87,19.87,19.87,19.87,600,0
2016-06-22,20:45:00,19.87,19.87,19.87,19.87,600,0
2016-06-22,20:50:00,19.87,19.87,19.86,19.87,2841,0
2016-06-22,20:55:00,19.865,19.87,19.865,19.87,500,0
2016-06-22,21:00:00,19.87,19.87,19.86,19.86,650,0
2016-06-22,21:05:00,19.87,19.87,19.865,19.87,700,0
2016-06-22,21:10:00,19.87,19.87,19.865,19.865,665,0
2016-06-22,21:15:00,19.87,19.88,19.865,19.875,11329,0
2016-06-22,21:20:00,19.88,19.89,19.875,19.89,5549,0
2016-06-22,21:25:00,19.88,19.89,19.88,19.88,3968,0
2016-06-22,21:30:00,19.88,19.89,19.88,19.88,7742,0
2016-06-22,21:35:00,19.88,19.885,19.88,19.88,800,0
2016-06-22,21:40:00,19.88,19.89,19.88,19.89,2600,0
2016-06-22,21:45:00,19.89,19.89,19.88,19.89,2671,0
2016-06-22,21:50:00,19.89,19.89,19.88,19.88,3437,0
2016-06-22,21:55:00,19.88,19.885,19.87,19.88,15409,0
2016-06-22,22:00:00,19.88,19.88,19.87,19.87,123909,0
2016-06-23,15:35:00,19.89,19.89,19.89,19.89,5913,0
2016-06-23,15:40:00,19.89,19.9,19.89,19.9,16590,0
2016-06-23,15:45:00,19.9,19.9,19.8901,19.895,1662,0
2016-06-23,15:50:00,19.9,19.9,19.895,19.9,3596,0
2016-06-23,15:55:00,19.89,19.9,19.89,19.9,1521,0
2016-06-23,16:00:00,19.895,19.9,19.895,19.9,1392,0
2016-06-23,16:05:00,19.9,19.9,19.9,19.9,4520,0
2016-06-23,16:10:00,19.895,19.9,19.8934,19.9,990,0
2016-06-23,16:15:00,19.9,19.9,19.895,19.895,800,0
2016-06-23,16:20:00,19.9,19.9,19.895,19.895,4173,0
2016-06-23,16:25:00,19.9,19.9,19.895,19.895,300,0
2016-06-23,16:30:00,19.9,19.9,19.895,19.9,5200,0
2016-06-23,16:35:00,19.895,19.895,19.895,19.895,100,0
2016-06-23,16:40:00,19.895,19.9,19.895,19.9,400,0
2016-06-23,16:45:00,19.9,19.9,19.895,19.895,702,0
2016-06-23,16:50:00,19.9,19.9,19.895,19.895,52600,0
2016-06-23,16:55:00,19.89,19.9,19.89,19.895,1800,0
2016-06-23,17:00:00,19.895,19.895,19.895,19.895,2400,0
2016-06-23,17:05:00,19.9,19.9,19.89,19.895,3900,0
2016-06-23,17:10:00,19.895,19.9,19.89,19.895,3662,0
2016-06-23,17:15:00,19.9,19.9,19.895,19.895,1371,0
2016-06-23,17:20:00,19.895,19.895,19.89,19.895,4700,0
2016-06-23,17:25:00,19.895,19.9,19.895,19.895,700,0
2016-06-23,17:30:00,19.895,19.895,19.89,19.895,1200,0
2016-06-23,17:35:00,19.895,19.9,19.895,19.9,800,0
2016-06-23,17:40:00,19.895,19.9,19.89,19.8938,5126,0
2016-06-23,17:45:00,19.895,19.9,19.895,19.895,1000,0
2016-06-23,17:50:00,19.89,19.9,19.89,19.895,1900,0
2016-06-23,17:55:00,19.895,19.9,19.89,19.895,5500,0
2016-06-23,18:00:00,19.9,19.9,19.895,19.895,2600,0
2016-06-23,18:05:00,19.9,19.9,19.89,19.89,2600,0
2016-06-23,18:10:00,19.89,19.9,19.89,19.9,1300,0
2016-06-23,18:15:00,19.9,19.9,19.895,19.895,633,0
2016-06-23,18:20:00,19.9,19.9,19.89,19.89,2300,0
2016-06-23,18:25:00,19.9,19.9,19.89,19.895,500,0
2016-06-23,18:35:00,19.89,19.89,19.89,19.89,100,0
2016-06-23,18:40:00,19.895,19.895,19.89,19.89,500,0
2016-06-23,18:45:00,19.9,19.9,19.895,19.895,1100,0
2016-06-23,18:50:00,19.895,19.9,19.89,19.89,1000,0
2016-06-23,18:55:00,19.895,19.895,19.895,19.895,300,0
2016-06-23,19:00:00,19.895,19.895,19.895,19.895,800,0
2016-06-23,19:05:00,19.895,19.895,19.89,19.895,2000,0
2016-06-23,19:10:00,19.9,19.9,19.895,19.895,200,0
2016-06-23,19:15:00,19.895,19.9,19.8902,19.8902,1421,0
2016-06-23,19:20:00,19.895,19.895,19.89,19.895,1200,0
2016-06-23,19:25:00,19.895,19.895,19.895,19.895,200,0
2016-06-23,19:30:00,19.89,19.89,19.89,19.89,100,0
2016-06-23,19:35:00,19.9,19.9,19.89,19.895,2300,0
2016-06-23,19:40:00,19.895,19.895,19.895,19.895,100,0
2016-06-23,19:45:00,19.89,19.89,19.89,19.89,200,0
2016-06-23,19:50:00,19.895,19.895,19.89,19.89,300,0
2016-06-23,19:55:00,19.895,19.8998,19.89,19.89,1900,0
2016-06-23,20:00:00,19.895,19.895,19.89,19.895,600,0
2016-06-23,20:05:00,19.89,19.895,19.89,19.89,907,0
2016-06-23,20:10:00,19.89,19.8964,19.89,19.895,915,0
2016-06-23,20:15:00,19.895,19.9,19.89,19.895,29997,0
2016-06-23,20:20:00,19.895,19.9,19.89,19.89,35114,0
2016-06-23,20:25:00,19.89,19.89,19.885,19.89,800,0
2016-06-23,20:30:00,19.89,19.89,19.88,19.885,3000,0
2016-06-23,20:35:00,19.885,19.89,19.885,19.89,800,0
2016-06-23,20:40:00,19.89,19.89,19.8839,19.8839,1837,0
2016-06-23,20:45:00,19.885,19.89,19.885,19.89,2200,0
2016-06-23,20:50:00,19.89,19.895,19.89,19.895,5936,0
2016-06-23,20:55:00,19.89,19.9,19.89,19.895,2744,0
2016-06-23,21:00:00,19.9,19.9,19.895,19.895,3026,0
2016-06-23,21:05:00,19.895,19.9,19.89,19.89,1900,0
2016-06-23,21:10:00,19.895,19.9,19.89,19.89,2200,0
2016-06-23,21:15:00,19.89,19.895,19.89,19.89,1500,0
2016-06-23,21:20:00,19.895,19.9,19.89,19.89,54075,0
2016-06-23,21:25:00,19.89,19.9,19.88,19.88,14382,0
2016-06-23,21:30:00,19.88,19.89,19.88,19.89,900,0
2016-06-23,21:35:00,19.89,19.895,19.88,19.88,17248,0
2016-06-23,21:40:00,19.885,19.9,19.88,19.9,10780,0
2016-06-23,21:45:00,19.89,19.895,19.88,19.89,39379,0
2016-06-23,21:50:00,19.89,19.89,19.88,19.88,21654,0
2016-06-23,21:55:00,19.89,19.9,19.885,19.89,92453,0
2016-06-23,22:00:00,19.885,19.89,19.87,19.89,133272,0
2016-06-24,15:35:00,19.76,19.84,19.74,19.81,53010,0
2016-06-24,15:40:00,19.82,19.84,19.8,19.84,52375,0
2016-06-24,15:45:00,19.83,19.88,19.83,19.87,24817,0
2016-06-24,15:50:00,19.86,19.88,19.86,19.87,8245,0
2016-06-24,15:55:00,19.87,19.875,19.86,19.875,4600,0
2016-06-24,16:00:00,19.87,19.88,19.86,19.865,14065,0
2016-06-24,16:05:00,19.86,19.87,19.86,19.87,25344,0
2016-06-24,16:10:00,19.87,19.87,19.87,19.87,1054,0
2016-06-24,16:15:00,19.87,19.88,19.87,19.8795,9200,0
2016-06-24,16:20:00,19.87,19.87,19.87,19.87,22176,0
2016-06-24,16:25:00,19.87,19.88,19.87,19.87,51004,0
2016-06-24,16:30:00,19.87,19.88,19.87,19.87,4300,0
2016-06-24,16:35:00,19.88,19.88,19.87,19.87,2570,0
2016-06-24,16:40:00,19.87,19.88,19.87,19.87,17369,0
2016-06-24,16:45:00,19.88,19.88,19.87,19.87,400,0
2016-06-24,16:50:00,19.87,19.87,19.87,19.87,100,0
2016-06-24,16:55:00,19.875,19.875,19.87,19.87,700,0
2016-06-24,17:05:00,19.87,19.88,19.87,19.87,1300,0
2016-06-24,17:10:00,19.87,19.87,19.87,19.87,100,0
2016-06-24,17:15:00,19.87,19.87,19.865,19.865,3911,0
2016-06-24,17:20:00,19.86,19.8601,19.85,19.85,3200,0
2016-06-24,17:25:00,19.85,19.87,19.85,19.86,25200,0
2016-06-24,17:30:00,19.86,19.87,19.86,19.87,8181,0
2016-06-24,17:35:00,19.87,19.87,19.865,19.87,9000,0
2016-06-24,17:40:00,19.87,19.87,19.86,19.87,2300,0
2016-06-24,17:45:00,19.87,19.87,19.87,19.87,9471,0
2016-06-24,17:50:00,19.87,19.88,19.87,19.875,3637,0
2016-06-24,17:55:00,19.875,19.875,19.87,19.87,600,0
2016-06-24,18:00:00,19.88,19.88,19.87,19.87,3279,0
2016-06-24,18:05:00,19.87,19.87,19.87,19.87,525,0
2016-06-24,18:10:00,19.87,19.875,19.87,19.87,1542,0
2016-06-24,18:15:00,19.87,19.88,19.87,19.87,710,0
2016-06-24,18:20:00,19.88,19.88,19.87,19.875,800,0
2016-06-24,18:25:00,19.87,19.875,19.87,19.875,1200,0
2016-06-24,18:30:00,19.88,19.88,19.88,19.88,202,0
2016-06-24,18:35:00,19.87,19.87,19.87,19.87,16737,0
2016-06-24,18:40:00,19.87,19.87,19.87,19.87,300,0
2016-06-24,18:45:00,19.87,19.87,19.87,19.87,2811,0
2016-06-24,18:50:00,19.87,19.87,19.87,19.87,600,0
2016-06-24,18:55:00,19.87,19.89,19.87,19.88,36012,0
2016-06-24,19:00:00,19.89,19.89,19.88,19.88,14338,0
2016-06-24,19:05:00,19.88,19.8862,19.88,19.88,3909,0
2016-06-24,19:10:00,19.89,19.89,19.89,19.89,300,0
2016-06-24,19:15:00,19.89,19.89,19.88,19.89,11916,0
2016-06-24,19:20:00,19.89,19.89,19.89,19.89,1700,0
2016-06-24,19:25:00,19.89,19.89,19.885,19.89,1700,0
2016-06-24,19:30:00,19.89,19.89,19.88,19.88,12723,0
2016-06-24,19:35:00,19.88,19.89,19.88,19.89,1500,0
2016-06-24,19:40:00,19.89,19.89,19.88,19.89,3200,0
2016-06-24,19:45:00,19.89,19.89,19.88,19.885,2748,0
2016-06-24,19:50:00,19.88,19.88,19.88,19.88,1502,0
2016-06-24,19:55:00,19.89,19.89,19.88,19.88,700,0
2016-06-24,20:00:00,19.89,19.89,19.885,19.89,1400,0
2016-06-24,20:05:00,19.89,19.9,19.885,19.9,173226,0
2016-06-24,20:10:00,19.8966,19.9,19.89,19.9,1407,0
2016-06-24,20:15:00,19.9,19.9,19.895,19.895,3700,0
2016-06-24,20:20:00,19.9,19.9,19.89,19.9,2600,0
2016-06-24,20:25:00,19.9,19.9,19.89,19.9,3212,0
2016-06-24,20:30:00,19.9,19.9,19.88,19.88,32721,0
2016-06-24,20:35:00,19.875,19.88,19.87,19.875,5452,0
2016-06-24,20:40:00,19.87,19.875,19.87,19.875,2811,0
2016-06-24,20:45:00,19.875,19.875,19.87,19.875,2903,0
2016-06-24,20:50:00,19.87,19.875,19.87,19.875,5100,0
2016-06-24,20:55:00,19.87,19.88,19.87,19.88,3980,0
2016-06-24,21:00:00,19.88,19.88,19.875,19.88,5835,0
2016-06-24,21:05:00,19.88,19.88,19.875,19.88,3300,0
2016-06-24,21:10:00,19.88,19.885,19.8799,19.885,11700,0
2016-06-24,21:15:00,19.885,19.89,19.88,19.89,3799,0
2016-06-24,21:20:00,19.88,19.88,19.87,19.875,5473,0
2016-06-24,21:25:00,19.875,19.88,19.87,19.875,600,0
2016-06-24,21:30:00,19.88,19.88,19.87,19.87,1800,0
2016-06-24,21:35:00,19.87,19.88,19.865,19.87,95622,0
2016-06-24,21:40:00,19.87,19.88,19.87,19.87,25300,0
2016-06-24,21:45:00,19.87,19.8799,19.865,19.865,19337,0
2016-06-24,21:50:00,19.86,19.87,19.86,19.865,6369,0
2016-06-24,21:55:00,19.86,19.86,19.85,19.85,32983,0
2016-06-24,22:00:00,19.85,19.8599,19.8,19.8,145572,0
2016-06-27,15:35:00,19.8,19.82,19.75,19.8,33900,0
2016-06-27,15:40:00,19.81,19.83,19.805,19.81,22544,0
2016-06-27,15:45:00,19.81,19.815,19.81,19.81,5400,0
2016-06-27,15:50:00,19.81,19.84,19.81,19.84,21863,0
2016-06-27,15:55:00,19.84,19.84,19.81,19.815,18318,0
2016-06-27,16:00:00,19.815,19.82,19.805,19.815,25560,0
2016-06-27,16:05:00,19.82,19.82,19.81,19.81,12602,0
2016-06-27,16:10:00,19.815,19.82,19.81,19.82,2600,0
2016-06-27,16:15:00,19.82,19.82,19.81,19.81,1300,0
2016-06-27,16:20:00,19.815,19.82,19.81,19.82,2500,0
2016-06-27,16:25:00,19.81,19.82,19.81,19.815,12513,0
2016-06-27,16:30:00,19.81,19.81,19.805,19.81,15987,0
2016-06-27,16:35:00,19.81,19.815,19.8,19.805,33419,0
2016-06-27,16:40:00,19.81,19.81,19.8,19.8,4100,0
2016-06-27,16:45:00,19.81,19.83,19.81,19.83,5800,0
2016-06-27,16:50:00,19.83,19.83,19.82,19.82,12773,0
2016-06-27,16:55:00,19.815,19.83,19.81,19.83,4200,0
2016-06-27,17:00:00,19.83,19.83,19.82,19.825,5325,0
2016-06-27,17:05:00,19.82,19.83,19.82,19.83,6035,0
2016-06-27,17:10:00,19.82,19.83,19.82,19.83,1200,0
2016-06-27,17:15:00,19.83,19.83,19.82,19.825,2320,0
2016-06-27,17:20:00,19.82,19.825,19.82,19.82,4418,0
2016-06-27,17:25:00,19.825,19.825,19.82,19.82,1000,0
2016-06-27,17:30:00,19.825,19.83,19.82,19.83,11240,0
2016-06-27,17:35:00,19.83,19.83,19.82,19.82,1000,0
2016-06-27,17:40:00,19.83,19.87,19.825,19.87,9087,0
2016-06-27,17:45:00,19.86,19.865,19.855,19.855,7282,0
2016-06-27,17:50:00,19.855,19.86,19.855,19.86,3000,0
2016-06-27,17:55:00,19.85,19.86,19.85,19.86,1700,0
2016-06-27,18:00:00,19.86,19.86,19.855,19.86,3865,0
2016-06-27,18:05:00,19.8664,19.87,19.8664,19.87,203,0
2016-06-27,18:10:00,19.87,19.87,19.87,19.87,100,0
2016-06-27,18:15:00,19.865,19.87,19.865,19.87,200,0
2016-06-27,18:20:00,19.87,19.87,19.87,19.87,2300,0
2016-06-27,18:25:00,19.86,19.87,19.86,19.87,1923,0
2016-06-27,18:30:00,19.8629,19.87,19.8629,19.87,3051,0
2016-06-27,18:35:00,19.87,19.87,19.87,19.87,300,0
2016-06-27,18:40:00,19.87,19.87,19.87,19.87,600,0
2016-06-27,18:45:00,19.87,19.87,19.87,19.87,200,0
2016-06-27,18:50:00,19.865,19.87,19.86,19.865,1555,0
2016-06-27,18:55:00,19.87,19.87,19.86,19.865,4532,0
2016-06-27,19:00:00,19.87,19.87,19.87,19.87,9010,0
2016-06-27,19:05:00,19.87,19.87,19.87,19.87,3300,0
2016-06-27,19:10:00,19.87,19.875,19.85,19.85,43442,0
2016-06-27,19:15:00,19.85,19.85,19.85,19.85,100,0
2016-06-27,19:20:00,19.86,19.865,19.85,19.855,27170,0
2016-06-27,19:25:00,19.86,19.86,19.855,19.855,4594,0
2016-06-27,19:30:00,19.86,19.86,19.86,19.86,8073,0
2016-06-27,19:35:00,19.86,19.86,19.85,19.85,900,0
2016-06-27,19:40:00,19.855,19.855,19.855,19.855,600,0
2016-06-27,19:45:00,19.855,19.855,19.84,19.84,8426,0
2016-06-27,19:50:00,19.845,19.85,19.84,19.84,1200,0
2016-06-27,19:55:00,19.84,19.85,19.84,19.84,500,0
2016-06-27,20:00:00,19.845,19.85,19.84,19.85,2095,0
2016-06-27,20:05:00,19.85,19.85,19.84,19.845,1733,0
2016-06-27,20:10:00,19.845,19.845,19.84,19.845,4366,0
2016-06-27,20:15:00,19.85,19.85,19.84,19.845,1200,0
2016-06-27,20:20:00,19.845,19.845,19.83,19.84,9917,0
2016-06-27,20:25:00,19.8399,19.84,19.83,19.83,1027,0
2016-06-27,20:30:00,19.84,19.85,19.84,19.85,10278,0
2016-06-27,20:35:00,19.84,19.85,19.84,19.845,1100,0
2016-06-27,20:40:00,19.845,19.85,19.84,19.84,2800,0
2016-06-27,20:45:00,19.84,19.845,19.83,19.835,9223,0
2016-06-27,20:50:00,19.835,19.835,19.83,19.83,2413,0
2016-06-27,20:55:00,19.83,19.84,19.83,19.83,5300,0
2016-06-27,21:00:00,19.83,19.84,19.82,19.83,6450,0
2016-06-27,21:05:00,19.825,19.83,19.81,19.815,9682,0
2016-06-27,21:10:00,19.815,19.82,19.81,19.815,4029,0
2016-06-27,21:15:00,19.81,19.82,19.81,19.82,5100,0
2016-06-27,21:20:00,19.82,19.82,19.81,19.81,2100,0
2016-06-27,21:25:00,19.815,19.82,19.81,19.815,2700,0
2016-06-27,21:30:00,19.815,19.82,19.81,19.82,5337,0
2016-06-27,21:35:00,19.82,19.82,19.81,19.815,20555,0
2016-06-27,21:40:00,19.81,19.82,19.81,19.82,14440,0
2016-06-27,21:45:00,19.82,19.82,19.81,19.81,17556,0
2016-06-27,21:50:00,19.815,19.82,19.81,19.82,9308,0
2016-06-27,21:55:00,19.82,19.83,19.81,19.82,15475,0
2016-06-27,22:00:00,19.81,19.82,19.8,19.81,90644,0
2016-06-28,15:35:00,19.81,19.82,19.78,19.8,54960,0
2016-06-28,15:40:00,19.8,19.855,19.8,19.84,36100,0
2016-06-28,15:45:00,19.84,19.84,19.82,19.83,19230,0
2016-06-28,15:50:00,19.84,19.85,19.84,19.85,5000,0
2016-06-28,15:55:00,19.86,19.86,19.86,19.86,700,0
2016-06-28,16:00:00,19.86,19.86,19.84,19.84,5000,0
2016-06-28,16:05:00,19.84,19.85,19.84,19.85,1000,0
2016-06-28,16:10:00,19.84,19.84,19.84,19.84,4900,0
2016-06-28,16:25:00,19.845,19.845,19.84,19.84,698,0
2016-06-28,16:30:00,19.84,19.85,19.84,19.84,1128,0
2016-06-28,16:35:00,19.84,19.85,19.84,19.84,1300,0
2016-06-28,16:40:00,19.85,19.85,19.84,19.84,1606,0
2016-06-28,16:45:00,19.84,19.85,19.84,19.85,2338,0
2016-06-28,16:50:00,19.85,19.85,19.85,19.85,1336,0
2016-06-28,16:55:00,19.85,19.85,19.85,19.85,4932,0
2016-06-28,17:00:00,19.85,19.86,19.85,19.855,1061,0
2016-06-28,17:05:00,19.85,19.85,19.83,19.83,10049,0
2016-06-28,17:10:00,19.83,19.83,19.82,19.82,10821,0
2016-06-28,17:15:00,19.82,19.82,19.81,19.82,6700,0
2016-06-28,17:20:00,19.81,19.82,19.81,19.82,1400,0
2016-06-28,17:25:00,19.82,19.82,19.8199,19.82,900,0
2016-06-28,17:30:00,19.82,19.82,19.81,19.81,1600,0
2016-06-28,17:35:00,19.82,19.825,19.82,19.825,4450,0
2016-06-28,17:40:00,19.82,19.83,19.82,19.83,1039,0
2016-06-28,17:45:00,19.83,19.83,19.83,19.83,100,0
2016-06-28,17:50:00,19.83,19.83,19.83,19.83,2400,0
2016-06-28,17:55:00,19.83,19.83,19.83,19.83,1929,0
2016-06-28,18:05:00,19.83,19.83,19.825,19.825,986,0
2016-06-28,18:10:00,19.82,19.8201,19.82,19.8201,795,0
2016-06-28,18:15:00,19.83,19.84,19.83,19.84,6188,0
2016-06-28,18:20:00,19.8327,19.8327,19.8301,19.8301,773,0
2016-06-28,18:25:00,19.835,19.835,19.83,19.83,1400,0
2016-06-28,18:30:00,19.84,19.84,19.84,19.84,600,0
2016-06-28,18:35:00,19.84,19.855,19.835,19.85,7195,0
2016-06-28,18:40:00,19.85,19.855,19.85,19.85,1900,0
2016-06-28,18:45:00,19.86,19.86,19.86,19.86,1900,0
2016-06-28,18:50:00,19.85,19.85,19.85,19.85,500,0
2016-06-28,18:55:00,19.85,19.86,19.85,19.86,700,0
2016-06-28,19:00:00,19.85,19.85,19.85,19.85,400,0
2016-06-28,19:05:00,19.85,19.85,19.85,19.85,900,0
2016-06-28,19:10:00,19.8568,19.8568,19.855,19.855,441,0
2016-06-28,19:15:00,19.8568,19.86,19.8568,19.86,202,0
2016-06-28,19:20:00,19.85,19.855,19.85,19.85,900,0
2016-06-28,19:25:00,19.85,19.86,19.85,19.85,2000,0
2016-06-28,19:35:00,19.85,19.86,19.85,19.85,2100,0
2016-06-28,19:40:00,19.855,19.86,19.855,19.86,1500,0
2016-06-28,19:45:00,19.86,19.86,19.86,19.86,3770,0
2016-06-28,19:50:00,19.855,19.86,19.855,19.86,799,0
2016-06-28,19:55:00,19.86,19.86,19.86,19.86,100,0
2016-06-28,20:00:00,19.855,19.86,19.85,19.86,900,0
2016-06-28,20:05:00,19.855,19.855,19.855,19.855,100,0
2016-06-28,20:10:00,19.85,19.85,19.85,19.85,200,0
2016-06-28,20:15:00,19.86,19.86,19.85,19.86,900,0
2016-06-28,20:20:00,19.86,19.86,19.86,19.86,400,0
2016-06-28,20:30:00,19.85,19.85,19.85,19.85,105,0
2016-06-28,20:35:00,19.855,19.87,19.855,19.86,11090,0
2016-06-28,20:40:00,19.865,19.87,19.86,19.87,7400,0
2016-06-28,20:45:00,19.87,19.87,19.86,19.87,700,0
2016-06-28,20:50:00,19.865,19.87,19.865,19.87,5685,0
2016-06-28,20:55:00,19.87,19.87,19.865,19.865,7340,0
2016-06-28,21:00:00,19.87,19.87,19.865,19.87,6500,0
2016-06-28,21:05:00,19.87,19.87,19.865,19.87,1100,0
2016-06-28,21:10:00,19.87,19.87,19.865,19.87,1708,0
2016-06-28,21:15:00,19.87,19.87,19.86,19.86,2839,0
2016-06-28,21:20:00,19.86,19.87,19.86,19.86,4709,0
2016-06-28,21:25:00,19.86,19.87,19.85,19.85,8568,0
2016-06-28,21:30:00,19.85,19.855,19.845,19.845,6097,0
2016-06-28,21:35:00,19.85,19.85,19.84,19.85,4173,0
2016-06-28,21:40:00,19.845,19.86,19.845,19.86,7713,0
2016-06-28,21:45:00,19.86,19.87,19.86,19.86,11300,0
2016-06-28,21:50:00,19.86,19.87,19.86,19.86,4100,0
2016-06-28,21:55:00,19.865,19.87,19.86,19.87,22123,0
2016-06-28,22:00:00,19.86,19.87,19.85,19.86,92318,0
2016-06-29,15:35:00,19.9,19.9,19.87,19.88,9928,0
2016-06-29,15:40:00,19.87,19.87,19.85,19.85,10210,0
2016-06-29,15:45:00,19.85,19.855,19.825,19.85,16157,0
2016-06-29,15:50:00,19.86,19.87,19.85,19.85,6301,0
2016-06-29,15:55:00,19.855,19.87,19.85,19.87,10085,0
2016-06-29,16:00:00,19.88,19.88,19.865,19.875,11128,0
2016-06-29,16:05:00,19.87,19.87,19.87,19.87,2400,0
2016-06-29,16:10:00,19.87,19.88,19.87,19.87,1795,0
2016-06-29,16:15:00,19.87,19.875,19.87,19.87,1795,0
2016-06-29,16:20:00,19.87,19.87,19.86,19.86,1265,0
2016-06-29,16:25:00,19.86,19.86,19.86,19.86,1100,0
2016-06-29,16:30:00,19.86,19.86,19.84,19.84,6900,0
2016-06-29,16:35:00,19.84,19.84,19.84,19.84,300,0
2016-06-29,16:45:00,19.84,19.845,19.84,19.84,2000,0
2016-06-29,16:50:00,19.84,19.84,19.84,19.84,685,0
2016-06-29,16:55:00,19.84,19.845,19.84,19.845,1285,0
2016-06-29,17:00:00,19.84,19.84,19.84,19.84,300,0
2016-06-29,17:05:00,19.85,19.85,19.84,19.84,1600,0
2016-06-29,17:10:00,19.84,19.845,19.84,19.84,2205,0
2016-06-29,17:15:00,19.845,19.85,19.84,19.84,1100,0
2016-06-29,17:20:00,19.84,19.845,19.84,19.845,2800,0
2016-06-29,17:25:00,19.83,19.835,19.79,19.8,59390,0
2016-06-29,17:30:00,19.8,19.81,19.795,19.805,19317,0
2016-06-29,17:35:00,19.8,19.81,19.8,19.81,40751,0
2016-06-29,17:40:00,19.815,19.82,19.81,19.815,3351,0
2016-06-29,17:45:00,19.815,19.815,19.78,19.785,44250,0
2016-06-29,17:50:00,19.79,19.7999,19.785,19.7999,17762,0
2016-06-29,17:55:00,19.79,19.8,19.79,19.79,6336,0
2016-06-29,18:00:00,19.8,19.81,19.79,19.81,17664,0
2016-06-29,18:05:00,19.805,19.82,19.805,19.82,9513,0
2016-06-29,18:10:00,19.82,19.83,19.82,19.83,200,0
2016-06-29,18:15:00,19.82,19.82,19.82,19.82,200,0
2016-06-29,18:20:00,19.82,19.825,19.82,19.825,200,0
2016-06-29,18:25:00,19.825,19.825,19.825,19.825,100,0
2016-06-29,18:30:00,19.825,19.825,19.825,19.825,100,0
2016-06-29,18:35:00,19.825,19.83,19.82,19.82,500,0
2016-06-29,18:40:00,19.825,19.825,19.825,19.825,400,0
2016-06-29,18:45:00,19.825,19.825,19.82,19.82,600,0
2016-06-29,18:50:00,19.82,19.82,19.82,19.82,100,0
2016-06-29,18:55:00,19.82,19.83,19.82,19.83,1100,0
2016-06-29,19:00:00,19.825,19.825,19.82,19.82,4454,0
2016-06-29,19:05:00,19.82,19.82,19.82,19.82,600,0
2016-06-29,19:10:00,19.825,19.83,19.82,19.82,6085,0
2016-06-29,19:15:00,19.82,19.82,19.82,19.82,700,0
2016-06-29,19:20:00,19.82,19.825,19.82,19.82,800,0
2016-06-29,19:25:00,19.82,19.825,19.82,19.82,600,0
2016-06-29,19:30:00,19.82,19.83,19.82,19.83,400,0
2016-06-29,19:35:00,19.825,19.825,19.82,19.82,400,0
2016-06-29,19:40:00,19.82,19.82,19.82,19.82,200,0
2016-06-29,19:45:00,19.83,19.83,19.82,19.825,300,0
2016-06-29,19:50:00,19.825,19.825,19.82,19.82,3920,0
2016-06-29,19:55:00,19.83,19.83,19.82,19.825,1500,0
2016-06-29,20:00:00,19.825,19.825,19.82,19.82,200,0
2016-06-29,20:05:00,19.82,19.83,19.82,19.83,300,0
2016-06-29,20:10:00,19.825,19.825,19.82,19.825,500,0
2016-06-29,20:15:00,19.825,19.83,19.825,19.83,300,0
2016-06-29,20:20:00,19.825,19.8271,19.825,19.8271,211,0
2016-06-29,20:25:00,19.8256,19.83,19.825,19.83,1143,0
2016-06-29,20:30:00,19.825,19.83,19.82,19.825,2095,0
2016-06-29,20:35:00,19.825,19.83,19.82,19.83,400,0
2016-06-29,20:40:00,19.825,19.825,19.825,19.825,300,0
2016-06-29,20:45:00,19.825,19.83,19.825,19.825,800,0
2016-06-29,20:50:00,19.83,19.83,19.825,19.825,200,0
2016-06-29,20:55:00,19.825,19.83,19.825,19.825,800,0
2016-06-29,21:00:00,19.83,19.84,19.825,19.835,4336,0
2016-06-29,21:05:00,19.84,19.84,19.83,19.835,3200,0
2016-06-29,21:10:00,19.84,19.84,19.83,19.83,2709,0
2016-06-29,21:15:00,19.83,19.84,19.83,19.83,2900,0
2016-06-29,21:20:00,19.84,19.84,19.83,19.83,3400,0
2016-06-29,21:25:00,19.83,19.84,19.83,19.83,3300,0
2016-06-29,21:30:00,19.835,19.84,19.83,19.835,3780,0
2016-06-29,21:35:00,19.83,19.84,19.82,19.82,9666,0
2016-06-29,21:40:00,19.825,19.83,19.82,19.83,600,0
2016-06-29,21:45:00,19.83,19.83,19.82,19.82,6810,0
2016-06-29,21:50:00,19.82,19.83,19.82,19.83,7643,0
2016-06-29,21:55:00,19.83,19.84,19.82,19.82,31524,0
2016-06-29,22:00:00,19.825,19.84,19.82,19.84,40585,0
2016-06-30,15:35:00,19.85,19.87,19.81,19.865,4069,0
2016-06-30,15:40:00,19.865,19.865,19.84,19.865,6800,0
2016-06-30,15:45:00,19.865,19.865,19.85,19.85,3982,0
2016-06-30,15:50:00,19.845,19.855,19.84,19.85,5195,0
2016-06-30,15:55:00,19.845,19.85,19.84,19.845,400,0
2016-06-30,16:00:00,19.85,19.85,19.845,19.85,697,0
2016-06-30,16:05:00,19.845,19.845,19.84,19.84,2582,0
2016-06-30,16:10:00,19.845,19.85,19.84,19.845,800,0
2016-06-30,16:15:00,19.85,19.85,19.845,19.845,4698,0
2016-06-30,16:20:00,19.8487,19.85,19.8415,19.85,5618,0
2016-06-30,16:25:00,19.845,19.85,19.835,19.84,23776,0
2016-06-30,16:30:00,19.835,19.835,19.82,19.825,5550,0
2016-06-30,16:35:00,19.825,19.83,19.825,19.825,1000,0
2016-06-30,16:40:00,19.825,19.83,19.825,19.83,1100,0
2016-06-30,16:45:00,19.825,19.83,19.825,19.825,1000,0
2016-06-30,16:50:00,19.825,19.825,19.825,19.825,500,0
2016-06-30,16:55:00,19.825,19.825,19.825,19.825,800,0
2016-06-30,17:00:00,19.825,19.825,19.825,19.825,700,0
2016-06-30,17:05:00,19.825,19.83,19.82,19.821,5400,0
2016-06-30,17:10:00,19.825,19.83,19.825,19.825,1600,0
2016-06-30,17:15:00,19.825,19.83,19.82,19.825,6970,0
2016-06-30,17:20:00,19.83,19.83,19.82,19.825,1100,0
2016-06-30,17:25:00,19.82,19.83,19.82,19.82,9646,0
2016-06-30,17:30:00,19.82,19.83,19.82,19.82,2300,0
2016-06-30,17:35:00,19.82,19.83,19.82,19.825,5600,0
2016-06-30,17:40:00,19.825,19.83,19.82,19.83,8500,0
2016-06-30,17:45:00,19.825,19.825,19.82,19.825,1100,0
2016-06-30,17:50:00,19.825,19.825,19.825,19.825,400,0
2016-06-30,17:55:00,19.83,19.83,19.82,19.82,1500,0
2016-06-30,18:00:00,19.82,19.825,19.82,19.82,2000,0
2016-06-30,18:05:00,19.82,19.83,19.82,19.825,2100,0
2016-06-30,18:10:00,19.825,19.83,19.82,19.82,3211,0
2016-06-30,18:15:00,19.825,19.83,19.82,19.825,2400,0
2016-06-30,18:20:00,19.825,19.83,19.825,19.825,2200,0
2016-06-30,18:25:00,19.8225,19.83,19.8225,19.83,1900,0
2016-06-30,18:30:00,19.83,19.83,19.825,19.825,1900,0
2016-06-30,18:35:00,19.83,19.83,19.825,19.825,600,0
2016-06-30,18:40:00,19.825,19.83,19.82,19.825,2200,0
2016-06-30,18:45:00,19.82,19.825,19.82,19.825,1500,0
2016-06-30,18:50:00,19.83,19.83,19.825,19.825,400,0
2016-06-30,18:55:00,19.825,19.84,19.825,19.835,3400,0
2016-06-30,19:00:00,19.835,19.84,19.835,19.835,760,0
2016-06-30,19:05:00,19.835,19.835,19.83,19.835,500,0
2016-06-30,19:10:00,19.835,19.835,19.835,19.835,700,0
2016-06-30,19:15:00,19.835,19.84,19.83,19.835,800,0
2016-06-30,19:20:00,19.835,19.835,19.835,19.835,1000,0
2016-06-30,19:25:00,19.835,19.835,19.83,19.835,600,0
2016-06-30,19:30:00,19.83,19.835,19.83,19.83,500,0
2016-06-30,19:35:00,19.835,19.835,19.83,19.83,1400,0
2016-06-30,19:40:00,19.84,19.84,19.83,19.83,1200,0
2016-06-30,19:45:00,19.835,19.835,19.83,19.83,500,0
2016-06-30,19:50:00,19.83,19.835,19.83,19.83,3021,0
2016-06-30,19:55:00,19.84,19.84,19.83,19.8301,1200,0
2016-06-30,20:00:00,19.83,19.84,19.83,19.835,2000,0
2016-06-30,20:05:00,19.835,19.84,19.831,19.831,2300,0
2016-06-30,20:10:00,19.835,19.84,19.8325,19.8325,2700,0
2016-06-30,20:15:00,19.835,19.84,19.83,19.835,1000,0
2016-06-30,20:20:00,19.835,19.84,19.835,19.84,3700,0
2016-06-30,20:25:00,19.84,19.84,19.835,19.835,900,0
2016-06-30,20:30:00,19.835,19.84,19.83,19.835,6600,0
2016-06-30,20:35:00,19.84,19.84,19.831,19.835,700,0
2016-06-30,20:40:00,19.83,19.835,19.83,19.835,700,0
2016-06-30,20:45:00,19.83,19.84,19.83,19.835,1600,0
2016-06-30,20:50:00,19.835,19.85,19.83,19.845,15703,0
2016-06-30,20:55:00,19.85,19.85,19.84,19.85,9120,0
2016-06-30,21:00:00,19.85,19.85,19.845,19.85,900,0
2016-06-30,21:05:00,19.85,19.85,19.845,19.85,2400,0
2016-06-30,21:10:00,19.85,19.85,19.84,19.85,2900,0
2016-06-30,21:15:00,19.845,19.85,19.84,19.845,4600,0
2016-06-30,21:20:00,19.845,19.85,19.84,19.845,4717,0
2016-06-30,21:25:00,19.84,19.845,19.84,19.845,2500,0
2016-06-30,21:30:00,19.85,19.85,19.84,19.85,8800,0
2016-06-30,21:35:00,19.845,19.85,19.84,19.845,2600,0
2016-06-30,21:40:00,19.845,19.85,19.845,19.845,2160,0
2016-06-30,21:45:00,19.85,19.85,19.84,19.85,6435,0
2016-06-30,21:50:00,19.84,19.85,19.84,19.845,3458,0
2016-06-30,21:55:00,19.85,19.85,19.8425,19.8425,49989,0
2016-06-30,22:00:00,19.85,19.85,19.84,19.85,311729,0
2016-07-01,15:35:00,19.84,19.87,19.84,19.87,9098,0
2016-07-01,15:40:00,19.87,19.87,19.86,19.86,10766,0
2016-07-01,15:45:00,19.86,19.86,19.85,19.86,7300,0
2016-07-01,15:50:00,19.85,19.86,19.845,19.85,50886,0
2016-07-01,15:55:00,19.84,19.855,19.84,19.85,30808,0
2016-07-01,16:00:00,19.845,19.86,19.845,19.85,67536,0
2016-07-01,16:05:00,19.85,19.86,19.84,19.84,31483,0
2016-07-01,16:10:00,19.85,19.85,19.85,19.85,2200,0
2016-07-01,16:15:00,19.85,19.85,19.84,19.845,1300,0
2016-07-01,16:20:00,19.845,19.85,19.845,19.85,800,0
2016-07-01,16:25:00,19.845,19.86,19.845,19.86,3479,0
2016-07-01,16:30:00,19.86,19.86,19.855,19.86,4600,0
2016-07-01,16:35:00,19.86,19.86,19.8402,19.8402,13000,0
2016-07-01,16:40:00,19.85,19.85,19.84,19.84,1200,0
2016-07-01,16:45:00,19.84,19.85,19.815,19.84,61371,0
2016-07-01,16:50:00,19.83,19.84,19.83,19.84,2600,0
2016-07-01,16:55:00,19.84,19.84,19.83,19.84,3150,0
2016-07-01,17:00:00,19.84,19.84,19.82,19.83,48137,0
2016-07-01,17:05:00,19.83,19.83,19.825,19.825,5635,0
2016-07-01,17:10:00,19.82,19.83,19.82,19.82,15900,0
2016-07-01,17:15:00,19.82,19.82,19.82,19.82,6700,0
2016-07-01,17:20:00,19.82,19.82,19.81,19.81,5632,0
2016-07-01,17:25:00,19.81,19.82,19.81,19.82,2690,0
2016-07-01,17:30:00,19.81,19.815,19.81,19.81,1200,0
2016-07-01,17:35:00,19.8171,19.8171,19.81,19.81,4215,0
2016-07-01,17:45:00,19.81,19.81,19.81,19.81,100,0
2016-07-01,17:50:00,19.815,19.815,19.81,19.81,700,0
2016-07-01,17:55:00,19.81,19.815,19.81,19.815,6900,0
2016-07-01,18:00:00,19.81,19.81,19.79,19.7905,17463,0
2016-07-01,18:05:00,19.79,19.79,19.79,19.79,1255,0
2016-07-01,18:10:00,19.79,19.79,19.79,19.79,1338,0
2016-07-01,18:15:00,19.79,19.79,19.79,19.79,7846,0
2016-07-01,18:20:00,19.79,19.79,19.79,19.79,200,0
2016-07-01,18:25:00,19.79,19.79,19.79,19.79,100,0
2016-07-01,18:30:00,19.79,19.79,19.79,19.79,100,0
2016-07-01,18:35:00,19.8,19.8,19.795,19.795,200,0
2016-07-01,18:40:00,19.79,19.79,19.785,19.79,11420,0
2016-07-01,18:45:00,19.789,19.8,19.789,19.79,82457,0
2016-07-01,18:50:00,19.79,19.79,19.79,19.79,18053,0
2016-07-01,18:55:00,19.79,19.8,19.79,19.79,6800,0
2016-07-01,19:00:00,19.79,19.79,19.79,19.79,300,0
2016-07-01,19:05:00,19.795,19.8,19.795,19.8,200,0
2016-07-01,19:10:00,19.79,19.8,19.79,19.79,2400,0
2016-07-01,19:15:00,19.8,19.8,19.79,19.8,400,0
2016-07-01,19:20:00,19.8,19.8,19.79,19.79,200,0
2016-07-01,19:25:00,19.795,19.8,19.79,19.8,400,0
2016-07-01,19:30:00,19.8,19.8,19.79,19.79,1300,0
2016-07-01,19:35:00,19.79,19.795,19.79,19.79,1690,0
2016-07-01,19:40:00,19.79,19.79,19.79,19.79,600,0
2016-07-01,19:45:00,19.79,19.79,19.79,19.79,100,0
2016-07-01,19:50:00,19.79,19.8,19.79,19.8,900,0
2016-07-01,19:55:00,19.795,19.8,19.79,19.8,1824,0
2016-07-01,20:00:00,19.79,19.79,19.79,19.79,200,0
2016-07-01,20:05:00,19.795,19.795,19.79,19.79,2810,0
2016-07-01,20:10:00,19.79,19.795,19.79,19.79,2700,0
2016-07-01,20:15:00,19.79,19.7972,19.79,19.79,1663,0
2016-07-01,20:20:00,19.79,19.79,19.78,19.78,6654,0
2016-07-01,20:25:00,19.785,19.785,19.78,19.785,3388,0
2016-07-01,20:30:00,19.78,19.785,19.78,19.78,3700,0
2016-07-01,20:35:00,19.79,19.79,19.78,19.785,7688,0
2016-07-01,20:40:00,19.79,19.79,19.785,19.785,2200,0
2016-07-01,20:45:00,19.78,19.785,19.78,19.78,2900,0
2016-07-01,20:50:00,19.78,19.785,19.77,19.77,10212,0
2016-07-01,20:55:00,19.77,19.77,19.76,19.76,24100,0
2016-07-01,21:00:00,19.765,19.765,19.75,19.755,31486,0
2016-07-01,21:05:00,19.755,19.76,19.75,19.75,2900,0
2016-07-01,21:10:00,19.755,19.76,19.755,19.76,11530,0
2016-07-01,21:15:00,19.77,19.77,19.765,19.765,12900,0
2016-07-01,21:20:00,19.765,19.77,19.765,19.77,900,0
2016-07-01,21:25:00,19.77,19.77,19.76,19.76,2007,0
2016-07-01,21:30:00,19.76,19.76,19.755,19.755,8327,0
2016-07-01,21:35:00,19.755,19.755,19.75,19.755,5173,0
2016-07-01,21:40:00,19.75,19.75,19.72,19.73,42975,0
2016-07-01,21:45:00,19.72,19.74,19.715,19.735,23267,0
2016-07-01,21:50:00,19.735,19.74,19.73,19.74,12263,0
2016-07-01,21:55:00,19.73,19.75,19.725,19.75,46508,0
2016-07-01,22:00:00,19.75,19.76,19.71,19.71,245674,0
2016-07-05,15:35:00,19.71,19.78,19.7,19.78,11412,0
2016-07-05,15:40:00,19.77,19.77,19.74,19.76,30444,0
2016-07-05,15:45:00,19.75,19.76,19.75,19.76,11786,0
2016-07-05,15:50:00,19.75,19.76,19.75,19.76,7970,0
2016-07-05,15:55:00,19.76,19.77,19.76,19.77,13942,0
2016-07-05,16:00:00,19.77,19.77,19.76,19.77,900,0
2016-07-05,16:05:00,19.765,19.77,19.765,19.77,500,0
2016-07-05,16:10:00,19.77,19.77,19.765,19.765,300,0
2016-07-05,16:15:00,19.77,19.785,19.765,19.785,3906,0
2016-07-05,16:20:00,19.78,19.79,19.77,19.78,5300,0
2016-07-05,16:25:00,19.775,19.78,19.77,19.78,1900,0
2016-07-05,16:30:00,19.78,19.78,19.775,19.78,700,0
2016-07-05,16:35:00,19.775,19.78,19.77,19.78,1500,0
2016-07-05,16:40:00,19.78,19.78,19.775,19.78,600,0
2016-07-05,16:45:00,19.78,19.78,19.775,19.775,800,0
2016-07-05,16:50:00,19.775,19.78,19.775,19.775,700,0
2016-07-05,16:55:00,19.775,19.78,19.775,19.78,700,0
2016-07-05,17:00:00,19.78,19.78,19.77,19.775,1900,0
2016-07-05,17:05:00,19.775,19.78,19.77,19.78,900,0
2016-07-05,17:10:00,19.78,19.78,19.77,19.78,12223,0
2016-07-05,17:15:00,19.78,19.78,19.77,19.775,7177,0
2016-07-05,17:20:00,19.775,19.78,19.77,19.78,2396,0
2016-07-05,17:25:00,19.77,19.78,19.77,19.775,1121,0
2016-07-05,17:30:00,19.77,19.78,19.77,19.77,1300,0
2016-07-05,17:35:00,19.78,19.78,19.77,19.77,1125,0
2016-07-05,17:40:00,19.78,19.78,19.77,19.77,600,0
2016-07-05,17:45:00,19.77,19.78,19.77,19.78,5000,0
2016-07-05,17:50:00,19.775,19.78,19.77,19.775,700,0
2016-07-05,17:55:00,19.77,19.78,19.77,19.775,1798,0
2016-07-05,18:00:00,19.77,19.78,19.77,19.775,2000,0
2016-07-05,18:05:00,19.775,19.78,19.775,19.775,800,0
2016-07-05,18:10:00,19.775,19.78,19.775,19.775,500,0
2016-07-05,18:15:00,19.775,19.78,19.775,19.78,600,0
2016-07-05,18:20:00,19.78,19.78,19.775,19.78,1700,0
2016-07-05,18:25:00,19.775,19.78,19.775,19.78,800,0
2016-07-05,18:30:00,19.78,19.78,19.775,19.775,500,0
2016-07-05,18:35:00,19.78,19.79,19.775,19.79,3400,0
2016-07-05,18:40:00,19.785,19.79,19.78,19.785,2842,0
2016-07-05,18:45:00,19.785,19.79,19.78,19.78,1300,0
2016-07-05,18:50:00,19.785,19.79,19.785,19.79,400,0
2016-07-05,18:55:00,19.785,19.79,19.77,19.77,6984,0
2016-07-05,19:00:00,19.77,19.775,19.77,19.77,700,0
2016-07-05,19:05:00,19.77,19.78,19.77,19.78,1123,0
2016-07-05,19:10:00,19.77,19.78,19.77,19.77,2600,0
2016-07-05,19:15:00,19.775,19.78,19.77,19.77,1415,0
2016-07-05,19:20:00,19.77,19.78,19.77,19.77,1300,0
2016-07-05,19:25:00,19.77,19.78,19.77,19.78,800,0
2016-07-05,19:30:00,19.775,19.78,19.77,19.775,700,0
2016-07-05,19:35:00,19.78,19.78,19.775,19.78,900,0
2016-07-05,19:40:00,19.78,19.78,19.775,19.775,1100,0
2016-07-05,19:45:00,19.78,19.78,19.77,19.78,1911,0
2016-07-05,19:50:00,19.77,19.78,19.77,19.77,2485,0
2016-07-05,19:55:00,19.775,19.78,19.775,19.775,500,0
2016-07-05,20:00:00,19.7764,19.78,19.77,19.775,1819,0
2016-07-05,20:05:00,19.775,19.78,19.775,19.78,1200,0
2016-07-05,20:10:00,19.775,19.78,19.77,19.78,1100,0
2016-07-05,20:15:00,19.78,19.78,19.78,19.78,1512,0
2016-07-05,20:20:00,19.79,19.79,19.7835,19.79,1188,0
2016-07-05,20:25:00,19.785,19.79,19.78,19.78,2273,0
2016-07-05,20:30:00,19.79,19.79,19.78,19.79,1200,0
2016-07-05,20:35:00,19.79,19.79,19.785,19.79,900,0
2016-07-05,20:40:00,19.79,19.8,19.78,19.8,1700,0
2016-07-05,20:45:00,19.8,19.8,19.79,19.79,1300,0
2016-07-05,20:50:00,19.8,19.8,19.795,19.8,1200,0
2016-07-05,20:55:00,19.795,19.8,19.795,19.7975,1600,0
2016-07-05,21:00:00,19.8,19.8,19.79,19.795,10457,0
2016-07-05,21:05:00,19.785,19.785,19.78,19.78,500,0
2016-07-05,21:10:00,19.78,19.79,19.77,19.77,10393,0
2016-07-05,21:15:00,19.775,19.775,19.77,19.77,500,0
2016-07-05,21:20:00,19.77,19.78,19.77,19.78,3200,0
2016-07-05,21:25:00,19.78,19.785,19.775,19.785,6298,0
2016-07-05,21:30:00,19.78,19.79,19.78,19.79,1100,0
2016-07-05,21:35:00,19.79,19.8,19.78,19.78,13326,0
2016-07-05,21:40:00,19.79,19.79,19.77,19.77,13201,0
2016-07-05,21:45:00,19.7716,19.78,19.77,19.78,25315,0
2016-07-05,21:50:00,19.78,19.78,19.77,19.775,40713,0
2016-07-05,21:55:00,19.78,19.79,19.77,19.775,31983,0
2016-07-05,22:00:00,19.775,19.78,19.77,19.775,68352,0
2016-07-06,15:35:00,19.76,19.772,19.76,19.77,24010,0
2016-07-06,15:40:00,19.78,19.78,19.77,19.78,13401,0
2016-07-06,15:45:00,19.77,19.78,19.77,19.77,3900,0
2016-07-06,15:50:00,19.77,19.78,19.77,19.78,14636,0
2016-07-06,15:55:00,19.77,19.775,19.77,19.775,3380,0
2016-07-06,16:00:00,19.78,19.78,19.77,19.77,800,0
2016-07-06,16:05:00,19.78,19.78,19.77,19.77,7886,0
2016-07-06,16:10:00,19.775,19.78,19.77,19.77,16148,0
2016-07-06,16:15:00,19.77,19.77,19.77,19.77,100,0
2016-07-06,16:20:00,19.77,19.77,19.77,19.77,500,0
2016-07-06,16:25:00,19.775,19.78,19.77,19.775,1500,0
2016-07-06,16:30:00,19.77,19.78,19.77,19.775,1700,0
2016-07-06,16:35:00,19.775,19.78,19.77,19.775,1100,0
2016-07-06,16:40:00,19.77,19.78,19.77,19.775,2300,0
2016-07-06,16:45:00,19.78,19.78,19.77,19.77,2000,0
2016-07-06,16:50:00,19.78,19.78,19.77,19.77,132305,0
2016-07-06,16:55:00,19.775,19.78,19.77,19.78,45846,0
2016-07-06,17:00:00,19.78,19.79,19.78,19.79,1000,0
2016-07-06,17:05:00,19.79,19.8,19.79,19.79,12595,0
2016-07-06,17:10:00,19.79,19.8,19.79,19.79,1600,0
2016-07-06,17:15:00,19.79,19.8,19.79,19.79,6323,0
2016-07-06,17:20:00,19.79,19.795,19.79,19.79,3500,0
2016-07-06,17:25:00,19.79,19.795,19.78,19.78,8790,0
2016-07-06,17:30:00,19.78,19.785,19.78,19.78,900,0
2016-07-06,17:35:00,19.78,19.78,19.77,19.77,3602,0
2016-07-06,17:40:00,19.775,19.78,19.77,19.77,600,0
2016-07-06,17:45:00,19.775,19.78,19.77,19.7774,7316,0
2016-07-06,17:50:00,19.77,19.775,19.77,19.775,1100,0
2016-07-06,17:55:00,19.775,19.78,19.77,19.775,1700,0
2016-07-06,18:00:00,19.78,19.78,19.77,19.78,3327,0
2016-07-06,18:05:00,19.7799,19.79,19.77,19.79,11456,0
2016-07-06,18:10:00,19.79,19.79,19.78,19.78,2300,0
2016-07-06,18:15:00,19.78,19.78,19.77,19.78,6600,0
2016-07-06,18:20:00,19.78,19.78,19.77,19.78,2900,0
2016-07-06,18:25:00,19.78,19.78,19.77,19.775,2900,0
2016-07-06,18:30:00,19.78,19.78,19.77,19.775,1700,0
2016-07-06,18:35:00,19.77,19.78,19.77,19.78,2800,0
2016-07-06,18:40:00,19.775,19.78,19.77,19.775,700,0
2016-07-06,18:45:00,19.77,19.78,19.77,19.775,1600,0
2016-07-06,18:50:00,19.78,19.78,19.77,19.77,2100,0
2016-07-06,18:55:00,19.775,19.775,19.77,19.775,900,0
2016-07-06,19:00:00,19.77,19.775,19.77,19.775,5600,0
2016-07-06,19:05:00,19.78,19.78,19.77,19.775,3922,0
2016-07-06,19:10:00,19.78,19.78,19.77,19.78,1000,0
2016-07-06,19:15:00,19.78,19.78,19.77,19.78,900,0
2016-07-06,19:20:00,19.78,19.78,19.775,19.78,1100,0
2016-07-06,19:25:00,19.7725,19.78,19.77,19.77,2400,0
2016-07-06,19:30:00,19.775,19.775,19.76,19.76,17799,0
2016-07-06,19:35:00,19.76,19.77,19.76,19.77,16400,0
2016-07-06,19:40:00,19.77,19.77,19.77,19.77,700,0
2016-07-06,19:45:00,19.7725,19.7725,19.76,19.76,8400,0
2016-07-06,19:50:00,19.76,19.77,19.76,19.77,25980,0
2016-07-06,19:55:00,19.78,19.78,19.77,19.77,1400,0
2016-07-06,20:00:00,19.78,19.78,19.78,19.78,1100,0
2016-07-06,20:05:00,19.77,19.78,19.77,19.775,4200,0
2016-07-06,20:10:00,19.78,19.78,19.7725,19.78,1400,0
2016-07-06,20:15:00,19.78,19.78,19.77,19.77,4600,0
2016-07-06,20:20:00,19.775,19.775,19.765,19.775,27705,0
2016-07-06,20:25:00,19.775,19.775,19.77,19.77,1700,0
2016-07-06,20:30:00,19.77,19.78,19.77,19.78,1405,0
2016-07-06,20:35:00,19.77,19.78,19.77,19.78,4700,0
2016-07-06,20:40:00,19.78,19.78,19.77,19.78,900,0
2016-07-06,20:45:00,19.77,19.78,19.77,19.775,2600,0
2016-07-06,20:50:00,19.78,19.78,19.76,19.76,21044,0
2016-07-06,20:55:00,19.76,19.78,19.76,19.77,30073,0
2016-07-06,21:00:00,19.77,19.77,19.76,19.77,9200,0
2016-07-06,21:05:00,19.77,19.77,19.76,19.77,2000,0
2016-07-06,21:10:00,19.77,19.77,19.75,19.75,98416,0
2016-07-06,21:15:00,19.745,19.745,19.63,19.715,328286,0
2016-07-06,21:20:00,19.72,19.74,19.71,19.74,84438,0
2016-07-06,21:25:00,19.74,19.74,19.73,19.74,15901,0
2016-07-06,21:30:00,19.74,19.75,19.71,19.715,52992,0
2016-07-06,21:35:00,19.715,19.72,19.71,19.72,9039,0
2016-07-06,21:40:00,19.72,19.73,19.7,19.73,67400,0
2016-07-06,21:45:00,19.73,19.73,19.72,19.73,42704,0
2016-07-06,21:50:00,19.73,19.74,19.72,19.72,30620,0
2016-07-06,21:55:00,19.72,19.725,19.67,19.695,130081,0
2016-07-06,22:00:00,19.69,19.7,19.66,19.66,246562,0
2016-07-07,15:35:00,19.67,19.75,19.67,19.71,41413,0
2016-07-07,15:40:00,19.72,19.7225,19.71,19.72,50600,0
2016-07-07,15:45:00,19.71,19.7301,19.71,19.73,35378,0
2016-07-07,15:50:00,19.73,19.74,19.7299,19.7332,13804,0
2016-07-07,15:55:00,19.74,19.75,19.74,19.75,33674,0
2016-07-07,16:00:00,19.7501,19.7501,19.7501,19.7501,248,0
2016-07-07,16:05:00,19.755,19.76,19.74,19.76,25246,0
2016-07-07,16:10:00,19.76,19.765,19.76,19.765,3669,0
2016-07-07,16:15:00,19.77,19.77,19.765,19.765,400,0
2016-07-07,16:20:00,19.77,19.77,19.745,19.75,43100,0
2016-07-07,16:25:00,19.75,19.75,19.75,19.75,57835,0
2016-07-07,16:30:00,19.75,19.75,19.745,19.75,15989,0
2016-07-07,16:35:00,19.745,19.77,19.745,19.76,14579,0
2016-07-07,16:40:00,19.755,19.755,19.755,19.755,100,0
2016-07-07,16:45:00,19.75,19.755,19.75,19.75,6392,0
2016-07-07,16:50:00,19.7478,19.7478,19.7478,19.7478,211,0
2016-07-07,16:55:00,19.74,19.74,19.74,19.74,500,0
2016-07-07,17:00:00,19.75,19.75,19.73,19.73,3610,0
2016-07-07,17:05:00,19.73,19.73,19.73,19.73,2875,0
2016-07-07,17:10:00,19.7331,19.74,19.7331,19.74,1300,0
2016-07-07,17:15:00,19.74,19.74,19.73,19.74,700,0
2016-07-07,17:20:00,19.74,19.74,19.73,19.73,2200,0
2016-07-07,17:25:00,19.73,19.74,19.73,19.73,3675,0
2016-07-07,17:30:00,19.74,19.74,19.73,19.74,700,0
2016-07-07,17:35:00,19.735,19.74,19.735,19.74,800,0
2016-07-07,17:40:00,19.73,19.74,19.73,19.74,700,0
2016-07-07,17:45:00,19.74,19.74,19.73,19.74,500,0
2016-07-07,17:50:00,19.74,19.74,19.73,19.73,7266,0
2016-07-07,17:55:00,19.73,19.74,19.725,19.73,7934,0
2016-07-07,18:00:00,19.72,19.725,19.72,19.725,700,0
2016-07-07,18:05:00,19.72,19.73,19.72,19.73,500,0
2016-07-07,18:10:00,19.73,19.73,19.7,19.7,37767,0
2016-07-07,18:15:00,19.705,19.72,19.7,19.72,18280,0
2016-07-07,18:25:00,19.72,19.72,19.71,19.72,600,0
2016-07-07,18:30:00,19.72,19.72,19.71,19.72,5400,0
2016-07-07,18:35:00,19.719,19.72,19.71,19.72,43500,0
2016-07-07,18:40:00,19.715,19.72,19.71,19.72,10920,0
2016-07-07,18:45:00,19.72,19.72,19.72,19.72,700,0
2016-07-07,18:50:00,19.715,19.72,19.69,19.69,103621,0
2016-07-07,18:55:00,19.695,19.695,19.685,19.685,8200,0
2016-07-07,19:00:00,19.685,19.69,19.68,19.69,8057,0
2016-07-07,19:05:00,19.69,19.695,19.68,19.695,9709,0
2016-07-07,19:10:00,19.695,19.695,19.69,19.69,25862,0
2016-07-07,19:15:00,19.685,19.685,19.68,19.68,300,0
2016-07-07,19:20:00,19.6825,19.69,19.6825,19.69,800,0
2016-07-07,19:25:00,19.69,19.69,19.69,19.69,900,0
2016-07-07,19:30:00,19.69,19.69,19.69,19.69,500,0
2016-07-07,19:35:00,19.69,19.69,19.67,19.67,62099,0
2016-07-07,19:40:00,19.68,19.685,19.68,19.68,3400,0
2016-07-07,19:45:00,19.68,19.685,19.68,19.685,5421,0
2016-07-07,19:50:00,19.69,19.69,19.68,19.685,1872,0
2016-07-07,19:55:00,19.69,19.69,19.68,19.69,500,0
2016-07-07,20:00:00,19.69,19.69,19.68,19.69,4300,0
2016-07-07,20:05:00,19.69,19.7,19.68,19.7,9914,0
2016-07-07,20:10:00,19.7,19.7,19.69,19.695,11700,0
2016-07-07,20:15:00,19.69,19.69,19.69,19.69,4700,0
2016-07-07,20:20:00,19.695,19.695,19.68,19.68,11500,0
2016-07-07,20:25:00,19.68,19.6832,19.67,19.67,22240,0
2016-07-07,20:30:00,19.67,19.675,19.66,19.66,104300,0
2016-07-07,20:35:00,19.66,19.67,19.66,19.665,5100,0
2016-07-07,20:40:00,19.665,19.6698,19.66,19.66,45842,0
2016-07-07,20:45:00,19.665,19.665,19.66,19.66,11100,0
2016-07-07,20:50:00,19.66,19.67,19.66,19.67,1100,0
2016-07-07,20:55:00,19.66,19.67,19.66,19.67,1900,0
2016-07-07,21:00:00,19.67,19.67,19.66,19.67,2400,0
2016-07-07,21:05:00,19.67,19.67,19.66,19.67,3600,0
2016-07-07,21:10:00,19.67,19.675,19.65,19.66,44082,0
2016-07-07,21:15:00,19.66,19.66,19.65,19.65,259286,0
2016-07-07,21:20:00,19.65,19.67,19.65,19.66,17571,0
2016-07-07,21:25:00,19.67,19.67,19.66,19.67,5500,0
2016-07-07,21:30:00,19.67,19.67,19.65,19.66,30620,0
2016-07-07,21:35:00,19.66,19.66,19.65,19.65,26246,0
2016-07-07,21:40:00,19.65,19.658,19.605,19.61,101309,0
2016-07-07,21:45:00,19.615,19.62,19.61,19.62,11976,0
2016-07-07,21:50:00,19.615,19.62,19.61,19.61,14399,0
2016-07-07,21:55:00,19.615,19.62,19.61,19.61,23991,0
2016-07-07,22:00:00,19.61,19.62,19.61,19.62,183155,0
2016-07-08,15:35:00,19.73,19.79,19.73,19.74,20985,0
2016-07-08,15:40:00,19.75,19.755,19.7,19.705,27257,0
2016-07-08,15:45:00,19.7,19.71,19.7,19.7,6200,0
2016-07-08,15:50:00,19.71,19.71,19.67,19.685,21300,0
2016-07-08,15:55:00,19.6899,19.7,19.685,19.7,7300,0
2016-07-08,16:00:00,19.6999,19.7,19.69,19.69,2700,0
2016-07-08,16:05:00,19.7,19.7,19.62,19.65,71748,0
2016-07-08,16:10:00,19.65,19.655,19.62,19.64,27213,0
2016-07-08,16:15:00,19.645,19.65,19.64,19.645,80317,0
2016-07-08,16:20:00,19.65,19.66,19.645,19.65,16764,0
2016-07-08,16:25:00,19.655,19.66,19.65,19.655,23327,0
2016-07-08,16:30:00,19.655,19.67,19.645,19.65,30199,0
2016-07-08,16:35:00,19.65,19.67,19.65,19.66,33608,0
2016-07-08,16:40:00,19.66,19.67,19.66,19.665,8991,0
2016-07-08,16:45:00,19.665,19.68,19.665,19.68,13009,0
2016-07-08,16:50:00,19.68,19.69,19.68,19.6899,11900,0
2016-07-08,16:55:00,19.685,19.69,19.685,19.685,6663,0
2016-07-08,17:00:00,19.685,19.69,19.675,19.6899,14504,0
2016-07-08,17:05:00,19.69,19.69,19.6899,19.69,900,0
2016-07-08,17:10:00,19.6899,19.7,19.685,19.695,26336,0
2016-07-08,17:15:00,19.69,19.69,19.68,19.68,3300,0
2016-07-08,17:20:00,19.6799,19.68,19.6799,19.68,5200,0
2016-07-08,17:25:00,19.6799,19.68,19.67,19.675,1400,0
2016-07-08,17:30:00,19.67,19.68,19.66,19.675,16804,0
2016-07-08,17:35:00,19.675,19.675,19.645,19.66,183760,0
2016-07-08,17:40:00,19.655,19.66,19.65,19.66,4100,0
2016-07-08,17:45:00,19.67,19.67,19.66,19.67,3500,0
2016-07-08,17:50:00,19.67,19.67,19.66,19.66,6500,0
2016-07-08,17:55:00,19.67,19.68,19.66,19.66,20100,0
2016-07-08,18:00:00,19.6699,19.67,19.65,19.65,10300,0
2016-07-08,18:05:00,19.65,19.65,19.64,19.65,52355,0
2016-07-08,18:10:00,19.64,19.65,19.64,19.65,2700,0
2016-07-08,18:15:00,19.65,19.66,19.6499,19.66,3900,0
2016-07-08,18:20:00,19.66,19.665,19.65,19.65,19700,0
2016-07-08,18:25:00,19.65,19.65,19.645,19.65,1000,0
2016-07-08,18:30:00,19.65,19.65,19.6499,19.6499,1600,0
2016-07-08,18:35:00,19.65,19.65,19.64,19.64,500,0
2016-07-08,18:40:00,19.6499,19.65,19.64,19.65,71361,0
2016-07-08,18:45:00,19.65,19.65,19.645,19.65,2200,0
2016-07-08,18:50:00,19.65,19.65,19.6499,19.65,3200,0
2016-07-08,18:55:00,19.65,19.68,19.64,19.68,86989,0
2016-07-08,19:00:00,19.6899,19.69,19.685,19.69,500,0
2016-07-08,19:05:00,19.685,19.69,19.685,19.69,2700,0
2016-07-08,19:10:00,19.685,19.69,19.67,19.67,12960,0
2016-07-08,19:15:00,19.67,19.67,19.6699,19.67,500,0
2016-07-08,19:20:00,19.6699,19.67,19.66,19.67,1100,0
2016-07-08,19:25:00,19.67,19.67,19.6699,19.6699,3200,0
2016-07-08,19:30:00,19.67,19.67,19.6699,19.67,400,0
2016-07-08,19:35:00,19.67,19.67,19.665,19.67,1500,0
2016-07-08,19:40:00,19.6699,19.67,19.665,19.6699,500,0
2016-07-08,19:45:00,19.66,19.67,19.66,19.67,3200,0
2016-07-08,19:50:00,19.6699,19.67,19.665,19.67,1700,0
2016-07-08,19:55:00,19.665,19.67,19.66,19.6699,1000,0
2016-07-08,20:00:00,19.67,19.67,19.6699,19.67,3300,0
2016-07-08,20:05:00,19.67,19.67,19.6699,19.6699,800,0
2016-07-08,20:10:00,19.6664,19.67,19.66,19.6699,1506,0
2016-07-08,20:15:00,19.67,19.67,19.66,19.67,5000,0
2016-07-08,20:20:00,19.6699,19.67,19.6699,19.67,1000,0
2016-07-08,20:25:00,19.67,19.67,19.66,19.6699,1900,0
2016-07-08,20:30:00,19.67,19.67,19.6699,19.67,5100,0
2016-07-08,20:35:00,19.6699,19.67,19.66,19.67,4200,0
2016-07-08,20:40:00,19.67,19.67,19.665,19.67,3300,0
2016-07-08,20:45:00,19.6699,19.67,19.66,19.67,2300,0
2016-07-08,20:50:00,19.67,19.67,19.66,19.67,4600,0
2016-07-08,20:55:00,19.665,19.67,19.665,19.67,2100,0
2016-07-08,21:00:00,19.67,19.67,19.65,19.66,177010,0
2016-07-08,21:05:00,19.66,19.68,19.655,19.68,42874,0
2016-07-08,21:10:00,19.69,19.69,19.6899,19.69,5254,0
2016-07-08,21:15:00,19.69,19.7,19.69,19.69,26845,0
2016-07-08,21:20:00,19.69,19.69,19.67,19.67,14200,0
2016-07-08,21:25:00,19.675,19.68,19.67,19.68,1800,0
2016-07-08,21:30:00,19.68,19.68,19.66,19.66,81820,0
2016-07-08,21:35:00,19.6601,19.68,19.6601,19.68,15810,0
2016-07-08,21:40:00,19.68,19.7,19.675,19.7,71956,0
2016-07-08,21:45:00,19.7,19.7,19.69,19.695,16099,0
2016-07-08,21:50:00,19.69,19.7,19.69,19.695,15900,0
2016-07-08,21:55:00,19.7,19.7,19.69,19.695,46707,0
2016-07-08,22:00:00,19.69,19.7,19.66,19.66,142585,0
