Date,Time,Open,High,Low,Close,Volume,OpenInt
2016-06-17,15:35:00,21.25,21.48,21.21,21.26,32248,0
2016-06-17,15:40:00,21.2,21.2,21.2,21.2,1700,0
2016-06-17,15:45:00,21.21,21.24,21.21,21.24,200,0
2016-06-17,15:50:00,21.25,21.25,21.25,21.25,1400,0
2016-06-17,15:55:00,21.25,21.25,21.25,21.25,500,0
2016-06-17,16:10:00,21.3,21.3,21.27,21.28,300,0
2016-06-17,16:15:00,21.29,21.29,21.29,21.29,100,0
2016-06-17,16:20:00,21.27,21.27,21.27,21.27,100,0
2016-06-17,16:30:00,21.25,21.25,21.25,21.25,600,0
2016-06-17,16:35:00,21.25,21.3,21.25,21.28,1500,0
2016-06-17,16:40:00,21.25,21.27,21.25,21.26,500,0
2016-06-17,16:50:00,21.27,21.27,21.25,21.25,300,0
2016-06-17,16:55:00,21.25,21.26,21.25,21.25,700,0
2016-06-17,17:00:00,21.26,21.26,21.26,21.26,100,0
2016-06-17,17:05:00,21.23,21.23,21.23,21.23,1800,0
2016-06-17,17:15:00,21.23,21.26,21.23,21.24,800,0
2016-06-17,17:20:00,21.23,21.23,21.23,21.23,700,0
2016-06-17,17:25:00,21.26,21.26,21.26,21.26,200,0
2016-06-17,17:30:00,21.27,21.27,21.25,21.25,1483,0
2016-06-17,17:35:00,21.23,21.23,21.2,21.2,300,0
2016-06-17,17:45:00,21.2,21.2,21.2,21.2,6100,0
2016-06-17,17:50:00,21.22,21.22,21.22,21.22,1450,0
2016-06-17,17:55:00,21.2,21.22,21.2,21.22,2729,0
2016-06-17,18:00:00,21.24,21.24,21.24,21.24,100,0
2016-06-17,18:20:00,21.25,21.25,21.25,21.25,400,0
2016-06-17,18:40:00,21.2,21.203,21.2,21.2,1386,0
2016-06-17,18:55:00,21.2,21.2,21.2,21.2,500,0
2016-06-17,19:00:00,21.215,21.215,21.215,21.215,100,0
2016-06-17,19:05:00,21.2,21.2,21.2,21.2,1000,0
2016-06-17,19:10:00,21.21,21.22,21.21,21.22,300,0
2016-06-17,19:15:00,21.21,21.21,21.21,21.21,100,0
2016-06-17,19:20:00,21.21,21.21,21.21,21.21,400,0
2016-06-17,19:30:00,21.22,21.22,21.2,21.2099,1900,0
2016-06-17,19:35:00,21.2299,21.2299,21.2299,21.2299,245,0
2016-06-17,19:40:00,21.21,21.215,21.21,21.215,200,0
2016-06-17,19:55:00,21.21,21.21,21.21,21.21,100,0
2016-06-17,20:00:00,21.215,21.215,21.215,21.215,100,0
2016-06-17,20:05:00,21.23,21.23,21.23,21.23,100,0
2016-06-17,20:25:00,21.25,21.25,21.25,21.25,100,0
2016-06-17,20:35:00,21.23,21.24,21.23,21.24,200,0
2016-06-17,20:45:00,21.25,21.2536,21.25,21.25,300,0
2016-06-17,20:50:00,21.25,21.26,21.25,21.26,700,0
2016-06-17,21:00:00,21.2697,21.2697,21.24,21.267,1200,0
2016-06-17,21:10:00,21.22,21.22,21.2,21.2,800,0
2016-06-17,21:20:00,21.21,21.21,21.21,21.21,100,0
2016-06-17,21:30:00,21.24,21.24,21.22,21.22,300,0
2016-06-17,21:45:00,21.26,21.29,21.26,21.29,500,0
2016-06-17,21:50:00,21.25,21.25,21.25,21.25,100,0
2016-06-17,21:55:00,21.25,21.28,21.25,21.28,1100,0
2016-06-17,22:00:00,21.3,21.33,21.27,21.27,2130,0
2016-06-20,15:35:00,21.47,21.47,21.29,21.4,2329,0
2016-06-20,15:40:00,21.41,21.69,21.41,21.5001,2889,0
2016-06-20,15:45:00,21.5,21.52,21.39,21.52,800,0
2016-06-20,16:15:00,21.52,21.52,21.52,21.52,100,0
2016-06-20,16:20:00,21.5,21.5,21.37,21.37,300,0
2016-06-20,16:25:00,21.46,21.46,21.46,21.46,200,0
2016-06-20,16:35:00,21.42,21.45,21.4,21.45,2100,0
2016-06-20,16:40:00,21.46,21.51,21.46,21.48,2600,0
2016-06-20,16:45:00,21.51,21.51,21.395,21.4283,2700,0
2016-06-20,16:50:00,21.41,21.41,21.41,21.41,100,0
2016-06-20,16:55:00,21.44,21.44,21.07,21.39,8900,0
2016-06-20,17:00:00,21.24,21.24,21.19,21.19,300,0
2016-06-20,17:10:00,21.19,21.19,21.19,21.19,100,0
2016-06-20,17:20:00,21.21,21.23,21.21,21.23,2900,0
2016-06-20,17:25:00,21.24,21.25,21.22,21.22,2700,0
2016-06-20,17:45:00,21.275,21.31,21.275,21.31,300,0
2016-06-20,17:50:00,21.31,21.31,21.22,21.22,200,0
2016-06-20,17:55:00,21.265,21.301,21.265,21.275,536,0
2016-06-20,18:00:00,21.31,21.32,21.31,21.32,200,0
2016-06-20,18:05:00,21.31,21.31,21.255,21.3,600,0
2016-06-20,18:10:00,21.335,21.335,21.29,21.31,800,0
2016-06-20,18:15:00,21.31,21.31,21.25,21.25,671,0
2016-06-20,18:20:00,21.29,21.32,21.29,21.32,212,0
2016-06-20,18:25:00,21.29,21.29,21.29,21.29,100,0
2016-06-20,18:30:00,21.3,21.3,21.3,21.3,100,0
2016-06-20,18:40:00,21.32,21.32,21.32,21.32,100,0
2016-06-20,18:45:00,21.37,21.37,21.32,21.32,300,0
2016-06-20,18:55:00,21.32,21.32,21.32,21.32,100,0
2016-06-20,19:00:00,21.33,21.335,21.33,21.335,200,0
2016-06-20,19:10:00,21.35,21.35,21.35,21.35,100,0
2016-06-20,19:15:00,21.38,21.41,21.38,21.38,800,0
2016-06-20,19:20:00,21.34,21.34,21.29,21.34,1000,0
2016-06-20,19:25:00,21.287,21.287,21.287,21.287,300,0
2016-06-20,19:50:00,21.26,21.26,21.25,21.25,500,0
2016-06-20,19:55:00,21.25,21.29,21.25,21.29,300,0
2016-06-20,20:05:00,21.26,21.26,21.26,21.26,100,0
2016-06-20,20:10:00,21.29,21.29,21.29,21.29,100,0
2016-06-20,20:15:00,21.26,21.26,21.11,21.11,6750,0
2016-06-20,20:20:00,21.1524,21.1524,21.1524,21.1524,480,0
2016-06-20,20:25:00,21.1,21.2,21.09,21.09,12700,0
2016-06-20,20:30:00,21.1,21.15,21.1,21.15,50500,0
2016-06-20,20:35:00,21.18,21.19,21.15,21.17,9900,0
2016-06-20,20:40:00,21.17,21.19,20.97,21.05,40615,0
2016-06-20,20:45:00,21.18,21.18,21.18,21.18,100,0
2016-06-20,20:50:00,21.17,21.17,21.1,21.12,1500,0
2016-06-20,20:55:00,21.11,21.18,21.1,21.13,1300,0
2016-06-20,21:00:00,21.1,21.11,21.1,21.11,300,0
2016-06-20,21:15:00,21,21.07,20.95,21,2000,0
2016-06-20,21:20:00,20.9,20.9,20.88,20.88,700,0
2016-06-20,21:25:00,20.89,20.97,20.88,20.97,1200,0
2016-06-20,21:30:00,21.05,21.05,21,21.017,1600,0
2016-06-20,21:35:00,21,21,21,21,700,0
2016-06-20,21:40:00,21,21.0099,21,21,852,0
2016-06-20,21:45:00,21.04,21.04,21.02,21.02,1000,0
2016-06-20,21:50:00,21.04,21.04,21,21,1300,0
2016-06-20,21:55:00,21,21.01,21,21,600,0
2016-06-20,22:00:00,21.03,21.09,21.01,21.01,9054,0
2016-06-21,15:35:00,20.91,20.91,20.2684,20.334,5926,0
2016-06-21,15:40:00,20.32,20.32,20.04,20.25,3195,0
2016-06-21,15:45:00,20.24,20.4099,20.23,20.32,1900,0
2016-06-21,15:50:00,20.33,20.36,20.26,20.32,2500,0
2016-06-21,15:55:00,20.37,20.46,20.37,20.46,830,0
2016-06-21,16:00:00,20.41,20.41,20.33,20.33,600,0
2016-06-21,16:05:00,20.26,20.269,20.21,20.21,500,0
2016-06-21,16:10:00,20.25,20.25,20.2,20.25,2600,0
2016-06-21,16:15:00,20.25,20.26,20.24,20.26,1591,0
2016-06-21,16:20:00,20.285,20.285,20.285,20.285,100,0
2016-06-21,16:25:00,20.26,20.3,20.07,20.07,1600,0
2016-06-21,16:30:00,20.21,20.25,20.17,20.17,700,0
2016-06-21,16:35:00,20.2001,20.255,20.2001,20.255,600,0
2016-06-21,16:40:00,20.275,20.29,20.27,20.29,750,0
2016-06-21,16:45:00,20.26,20.265,20.24,20.25,2425,0
2016-06-21,16:50:00,20.25,20.26,20.25,20.26,200,0
2016-06-21,16:55:00,20.24,20.36,20.24,20.36,300,0
2016-06-21,17:00:00,20.29,20.29,20.285,20.285,300,0
2016-06-21,17:05:00,20.27,20.31,20.23,20.29,5200,0
2016-06-21,17:10:00,20.29,20.29,20.0501,20.15,6854,0
2016-06-21,17:20:00,20.1,20.1297,20.01,20.02,2807,0
2016-06-21,17:25:00,20.1,20.13,20.09,20.09,500,0
2016-06-21,17:30:00,20.11,20.11,20.11,20.11,500,0
2016-06-21,17:35:00,20.09,20.09,20.05,20.09,1300,0
2016-06-21,17:40:00,20.02,20.08,20,20,1888,0
2016-06-21,17:45:00,20,20.01,19.96,19.99,1500,0
2016-06-21,17:50:00,20.04,20.04,19.99,20,1000,0
2016-06-21,17:55:00,19.99,19.99,19.87,19.87,400,0
2016-06-21,18:00:00,19.86,19.96,19.86,19.96,300,0
2016-06-21,18:05:00,19.925,20.045,19.925,20.045,500,0
2016-06-21,18:10:00,20.045,20.11,20.045,20.11,400,0
2016-06-21,18:15:00,20.13,20.13,20.13,20.13,100,0
2016-06-21,18:25:00,20.08,20.08,20.08,20.08,100,0
2016-06-21,18:35:00,20.11,20.17,20.11,20.17,500,0
2016-06-21,18:45:00,20.14,20.14,20.14,20.14,100,0
2016-06-21,18:50:00,20.11,20.12,20.01,20.02,1000,0
2016-06-21,18:55:00,20.0735,20.0735,20.07,20.07,204,0
2016-06-21,19:05:00,20.01,20.01,19.89,19.89,1100,0
2016-06-21,19:10:00,19.9,19.9,19.8,19.8,1799,0
2016-06-21,19:15:00,19.84,19.85,19.8,19.8,900,0
2016-06-21,19:20:00,19.8,19.8,19.6434,19.68,1000,0
2016-06-21,19:25:00,19.685,19.685,19.685,19.685,100,0
2016-06-21,19:30:00,19.695,19.73,19.69,19.695,400,0
2016-06-21,19:35:00,19.72,19.7667,19.685,19.685,3876,0
2016-06-21,19:40:00,19.69,19.72,19.66,19.66,400,0
2016-06-21,19:45:00,19.65,19.715,19.65,19.715,400,0
2016-06-21,19:50:00,19.72,19.73,19.68,19.68,3010,0
2016-06-21,19:55:00,19.69,19.69,19.64,19.65,1200,0
2016-06-21,20:00:00,19.67,19.71,19.67,19.71,800,0
2016-06-21,20:05:00,19.72,19.73,19.7,19.7,1000,0
2016-06-21,20:10:00,19.74,19.74,19.74,19.74,100,0
2016-06-21,20:15:00,19.72,19.72,19.72,19.72,100,0
2016-06-21,20:20:00,19.73,19.76,19.73,19.75,300,0
2016-06-21,20:25:00,19.8,19.8,19.78,19.78,300,0
2016-06-21,20:30:00,19.7433,19.81,19.7433,19.8,600,0
2016-06-21,20:35:00,19.8,19.87,19.8,19.855,2100,0
2016-06-21,20:40:00,19.92,19.98,19.92,19.955,700,0
2016-06-21,20:45:00,19.96,19.965,19.92,19.965,1400,0
2016-06-21,20:50:00,19.945,20.08,19.945,20.08,2600,0
2016-06-21,20:55:00,20.08,20.08,20.035,20.035,400,0
2016-06-21,21:00:00,20.02,20.02,20.02,20.02,300,0
2016-06-21,21:05:00,20.03,20.07,19.95,19.95,300,0
2016-06-21,21:10:00,19.95,19.96,19.95,19.96,1532,0
2016-06-21,21:15:00,19.98,19.98,19.98,19.98,100,0
2016-06-21,21:20:00,19.99,20,19.99,20,300,0
2016-06-21,21:25:00,20.05,20.05,20.05,20.05,100,0
2016-06-21,21:30:00,20.0351,20.1,20.0351,20.1,788,0
2016-06-21,21:35:00,20.03,20.065,20.01,20.01,2600,0
2016-06-21,21:40:00,19.985,19.985,19.95,19.965,800,0
2016-06-21,21:45:00,19.95,20.03,19.95,20.01,3000,0
2016-06-21,21:50:00,20.04,20.08,20.04,20.08,2650,0
2016-06-21,21:55:00,20.11,20.21,20.11,20.195,900,0
2016-06-21,22:00:00,20.17,20.185,20.01,20.01,7962,0
2016-06-22,15:35:00,20.01,20.11,19.94,19.94,1029,0
2016-06-22,15:40:00,20.04,20.04,19.83,19.98,2053,0
2016-06-22,15:45:00,19.86,20.005,19.75,19.86,2686,0
2016-06-22,15:50:00,19.9,19.9,19.9,19.9,200,0
2016-06-22,16:05:00,19.8,19.8,19.75,19.75,2400,0
2016-06-22,16:10:00,19.76,19.77,19.75,19.75,3339,0
2016-06-22,16:15:00,19.8,19.8,19.78,19.78,600,0
2016-06-22,16:30:00,19.88,19.88,19.88,19.88,800,0
2016-06-22,16:40:00,19.82,19.86,19.82,19.86,300,0
2016-06-22,16:45:00,19.81,19.82,19.81,19.82,300,0
2016-06-22,16:55:00,19.855,19.9,19.855,19.9,2022,0
2016-06-22,17:05:00,19.98,20,19.975,20,500,0
2016-06-22,17:20:00,20.015,20.06,19.98,20.05,2400,0
2016-06-22,17:25:00,20.03,20.095,20.03,20.07,2500,0
2016-06-22,17:30:00,20.1,20.1,20.1,20.1,100,0
2016-06-22,17:40:00,20.08,20.08,19.96,19.96,500,0
2016-06-22,17:45:00,19.95,19.95,19.94,19.94,500,0
2016-06-22,17:55:00,19.94,19.94,19.94,19.94,464,0
2016-06-22,18:05:00,19.93,19.93,19.9,19.9,200,0
2016-06-22,18:10:00,19.9,19.92,19.9,19.92,1976,0
2016-06-22,18:15:00,20.02,20.02,20.02,20.02,100,0
2016-06-22,18:20:00,19.976,19.976,19.976,19.976,170,0
2016-06-22,18:25:00,20.01,20.01,19.9,19.9,600,0
2016-06-22,18:30:00,19.9,19.9,19.9,19.9,500,0
2016-06-22,18:35:00,19.96,19.96,19.96,19.96,300,0
2016-06-22,18:45:00,19.92,19.92,19.9,19.9,300,0
2016-06-22,18:50:00,19.9,19.9,19.9,19.9,100,0
2016-06-22,19:05:00,19.94,19.94,19.905,19.905,345,0
2016-06-22,19:15:00,19.89,19.89,19.82,19.82,900,0
2016-06-22,19:25:00,19.82,19.82,19.8,19.8,642,0
2016-06-22,19:35:00,19.8,19.8,19.8,19.8,100,0
2016-06-22,19:55:00,19.84,19.84,19.81,19.84,990,0
2016-06-22,20:05:00,19.8,19.8,19.75,19.75,6618,0
2016-06-22,20:10:00,19.75,19.75,19.74,19.745,4000,0
2016-06-22,20:15:00,19.76,19.77,19.75,19.77,1000,0
2016-06-22,20:25:00,19.76,19.76,19.75,19.75,500,0
2016-06-22,20:40:00,19.75,19.75,19.67,19.72,16276,0
2016-06-22,20:45:00,19.72,19.74,19.686,19.74,350,0
2016-06-22,20:50:00,19.74,19.76,19.74,19.76,200,0
2016-06-22,20:55:00,19.75,19.79,19.75,19.79,500,0
2016-06-22,21:00:00,19.75,19.8,19.75,19.8,200,0
2016-06-22,21:05:00,19.8,19.8,19.785,19.79,300,0
2016-06-22,21:10:00,19.79,19.79,19.79,19.79,100,0
2016-06-22,21:15:00,19.79,19.81,19.79,19.81,200,0
2016-06-22,21:20:00,19.77,19.77,19.77,19.77,100,0
2016-06-22,21:25:00,19.75,19.775,19.75,19.775,600,0
2016-06-22,21:30:00,19.79,19.79,19.79,19.79,100,0
2016-06-22,21:35:00,19.79,19.79,19.77,19.77,400,0
2016-06-22,21:50:00,19.785,19.785,19.75,19.75,700,0
2016-06-22,21:55:00,19.75,19.79,19.75,19.79,1200,0
2016-06-22,22:00:00,19.78,19.78,19.75,19.755,3558,0
2016-06-23,15:35:00,20.01,20.01,20.01,20.01,249,0
2016-06-23,15:40:00,19.87,20.06,19.87,19.91,2000,0
2016-06-23,15:45:00,19.9,20.02,19.89,19.9,2200,0
2016-06-23,15:50:00,20.02,20.02,19.97,20.02,1100,0
2016-06-23,15:55:00,20.02,20.08,20.02,20.08,500,0
2016-06-23,16:00:00,20.07,20.15,20.06,20.06,400,0
2016-06-23,16:05:00,19.99,20,19.99,20,200,0
2016-06-23,16:10:00,19.96,19.97,19.96,19.96,300,0
2016-06-23,16:15:00,20,20,19.96,19.96,300,0
2016-06-23,16:20:00,20.01,20.02,20,20.02,1300,0
2016-06-23,16:25:00,20.1,20.1,20.05,20.05,400,0
2016-06-23,16:30:00,20.05,20.05,20.01,20.01,600,0
2016-06-23,16:35:00,20,20,20,20,100,0
2016-06-23,16:45:00,20.01,20.01,20,20,200,0
2016-06-23,16:50:00,19.98,19.98,19.98,19.98,100,0
2016-06-23,16:55:00,19.91,19.91,19.91,19.91,200,0
2016-06-23,17:00:00,20,20,19.99,20,300,0
2016-06-23,17:10:00,20.06,20.06,20.04,20.04,500,0
2016-06-23,17:15:00,20.09,20.14,20.09,20.14,1200,0
2016-06-23,17:20:00,20.12,20.145,20.12,20.12,700,0
2016-06-23,17:25:00,20.14,20.14,20.14,20.14,600,0
2016-06-23,17:30:00,20.18,20.18,20.16,20.16,900,0
2016-06-23,17:35:00,20.19,20.2,20.19,20.2,1700,0
2016-06-23,17:40:00,20.2,20.21,20.2,20.2,1100,0
2016-06-23,17:55:00,20.22,20.22,20.21,20.21,300,0
2016-06-23,18:00:00,20.25,20.25,20.2,20.2,300,0
2016-06-23,18:05:00,20.17,20.17,20.17,20.17,100,0
2016-06-23,18:15:00,20.25,20.25,20.25,20.25,100,0
2016-06-23,18:20:00,20.25,20.25,20.25,20.25,300,0
2016-06-23,18:25:00,20.2499,20.2499,20.2499,20.2499,200,0
2016-06-23,18:30:00,20.25,20.25,20.25,20.25,100,0
2016-06-23,18:35:00,20.25,20.25,20.25,20.25,400,0
2016-06-23,18:40:00,20.24,20.24,20.17,20.17,700,0
2016-06-23,18:45:00,20.16,20.16,20.16,20.16,200,0
2016-06-23,18:50:00,20.07,20.07,20.02,20.0601,434,0
2016-06-23,18:55:00,20.11,20.11,20.11,20.11,100,0
2016-06-23,19:05:00,20.09,20.09,20.09,20.09,100,0
2016-06-23,19:10:00,20.12,20.12,20.12,20.12,100,0
2016-06-23,19:15:00,20.05,20.05,20.05,20.05,100,0
2016-06-23,19:25:00,20.1,20.16,20.1,20.15,800,0
2016-06-23,19:30:00,20.14,20.14,20.13,20.13,400,0
2016-06-23,19:35:00,20.11,20.11,20.11,20.11,100,0
2016-06-23,19:40:00,20.1,20.1,20.09,20.09,200,0
2016-06-23,19:50:00,20.04,20.04,20.04,20.04,100,0
2016-06-23,19:55:00,19.96,20.01,19.96,20.01,600,0
2016-06-23,20:00:00,20,20.04,20,20.04,200,0
2016-06-23,20:05:00,20.05,20.06,20.0499,20.0499,400,0
2016-06-23,20:10:00,20.06,20.06,20.06,20.06,100,0
2016-06-23,20:20:00,20.115,20.115,20.115,20.115,100,0
2016-06-23,20:25:00,20.1,20.1,20.1,20.1,100,0
2016-06-23,20:35:00,20.11,20.11,20.11,20.11,100,0
2016-06-23,20:40:00,20.11,20.13,20.11,20.1101,400,0
2016-06-23,20:45:00,20.11,20.11,20.11,20.11,100,0
2016-06-23,20:50:00,20.11,20.11,20.08,20.08,400,0
2016-06-23,21:00:00,20.02,20.02,20.02,20.02,200,0
2016-06-23,21:05:00,20,20,20,20,200,0
2016-06-23,21:10:00,20.04,20.04,20.04,20.04,300,0
2016-06-23,21:15:00,20.05,20.06,20.04,20.04,400,0
2016-06-23,21:20:00,20.06,20.06,20.06,20.06,300,0
2016-06-23,21:25:00,20.05,20.05,19.97,20.03,700,0
2016-06-23,21:30:00,20.03,20.03,20.03,20.03,100,0
2016-06-23,21:35:00,20.07,20.08,20.06,20.08,800,0
2016-06-23,21:40:00,20.11,20.18,20.11,20.16,1300,0
2016-06-23,21:45:00,20.17,20.27,20.09,20.09,2100,0
2016-06-23,21:50:00,20.17,20.18,20.17,20.17,700,0
2016-06-23,21:55:00,20.21,20.25,20.13,20.15,5300,0
2016-06-23,22:00:00,20.13,20.18,20.1,20.14,8809,0
2016-06-24,15:35:00,19.37,19.37,19.37,19.37,1330,0
2016-06-24,15:40:00,19.845,19.845,19.45,19.45,500,0
2016-06-24,15:45:00,19.35,19.35,19.32,19.35,700,0
2016-06-24,15:50:00,19.39,19.46,19.3201,19.46,2200,0
2016-06-24,15:55:00,19.416,19.416,19.26,19.37,650,0
2016-06-24,16:05:00,19.515,19.515,19.515,19.515,500,0
2016-06-24,16:20:00,19.36,19.5091,19.36,19.5091,1600,0
2016-06-24,16:25:00,19.5,19.6999,19.48,19.6999,4420,0
2016-06-24,16:35:00,19.5805,19.59,19.5805,19.59,200,0
2016-06-24,16:45:00,19.44,19.44,19.44,19.44,100,0
2016-06-24,16:55:00,19.53,19.53,19.47,19.47,500,0
2016-06-24,17:05:00,19.38,19.43,19.38,19.39,2300,0
2016-06-24,17:10:00,19.36,19.43,19.36,19.43,1100,0
2016-06-24,17:15:00,19.44,19.44,19.44,19.44,100,0
2016-06-24,17:25:00,19.45,19.45,19.42,19.42,300,0
2016-06-24,17:35:00,19.42,19.42,19.42,19.42,100,0
2016-06-24,17:45:00,19.46,19.46,19.45,19.45,300,0
2016-06-24,17:50:00,19.55,19.55,19.52,19.52,300,0
2016-06-24,17:55:00,19.508,19.508,19.508,19.508,504,0
2016-06-24,18:00:00,19.5001,19.525,19.49,19.49,400,0
2016-06-24,18:05:00,19.46,19.46,19.46,19.46,100,0
2016-06-24,18:10:00,19.41,19.41,19.37,19.38,1000,0
2016-06-24,18:15:00,19.41,19.41,19.37,19.38,800,0
2016-06-24,18:25:00,19.38,19.41,19.38,19.41,300,0
2016-06-24,18:30:00,19.4011,19.42,19.4011,19.42,600,0
2016-06-24,18:35:00,19.39,19.39,19.34,19.34,800,0
2016-06-24,18:40:00,19.37,19.37,19.37,19.37,100,0
2016-06-24,18:45:00,19.36,19.36,19.36,19.36,200,0
2016-06-24,18:50:00,19.36,19.36,19.36,19.36,200,0
2016-06-24,18:55:00,19.37,19.37,19.33,19.33,500,0
2016-06-24,19:00:00,19.32,19.34,19.3,19.34,300,0
2016-06-24,19:10:00,19.28,19.28,19.27,19.27,997,0
2016-06-24,19:15:00,19.26,19.26,19.25,19.25,800,0
2016-06-24,19:20:00,19.275,19.29,19.275,19.29,300,0
2016-06-24,19:25:00,19.31,19.31,19.31,19.31,100,0
2016-06-24,19:30:00,19.3,19.3,19.295,19.295,200,0
2016-06-24,19:35:00,19.27,19.3,19.265,19.295,400,0
2016-06-24,19:40:00,19.3199,19.34,19.28,19.28,520,0
2016-06-24,19:45:00,19.27,19.27,19.17,19.235,500,0
2016-06-24,19:50:00,19.23,19.23,19.23,19.23,100,0
2016-06-24,19:55:00,19.2496,19.28,19.2496,19.25,500,0
2016-06-24,20:00:00,19.34,19.34,19.34,19.34,100,0
2016-06-24,20:05:00,19.34,19.34,19.34,19.34,200,0
2016-06-24,20:15:00,19.3,19.3,19.29,19.29,300,0
2016-06-24,20:20:00,19.19,19.22,19.19,19.21,382,0
2016-06-24,20:25:00,19.2192,19.2192,19.2192,19.2192,100,0
2016-06-24,20:35:00,19.14,19.17,19.14,19.17,200,0
2016-06-24,20:40:00,19.11,19.14,19.1,19.14,300,0
2016-06-24,20:45:00,19.07,19.08,19.07,19.08,300,0
2016-06-24,20:50:00,19.02,19.16,19.02,19.16,1500,0
2016-06-24,20:55:00,19.19,19.22,19.18,19.22,700,0
2016-06-24,21:00:00,19.25,19.25,19.24,19.24,300,0
2016-06-24,21:05:00,19.255,19.255,19.21,19.21,400,0
2016-06-24,21:10:00,19.13,19.13,19.13,19.13,100,0
2016-06-24,21:15:00,19.14,19.14,19.14,19.14,200,0
2016-06-24,21:20:00,19.16,19.16,19.13,19.14,1100,0
2016-06-24,21:25:00,19.16,19.16,19.14,19.14,400,0
2016-06-24,21:30:00,19.15,19.2399,19.12,19.13,1076,0
2016-06-24,21:35:00,19.17,19.2099,19.15,19.19,1044,0
2016-06-24,21:40:00,19.21,19.23,19.14,19.14,1868,0
2016-06-24,21:45:00,19.17,19.215,19.155,19.215,1912,0
2016-06-24,21:50:00,19.19,19.24,19.19,19.24,800,0
2016-06-24,21:55:00,19.25,19.58,19.225,19.55,15452,0
2016-06-24,22:00:00,19.54,19.55,19.41,19.48,84992,0
2016-06-27,15:35:00,19.34,19.34,19.34,19.34,459,0
2016-06-27,15:40:00,19.2,19.2,19.1,19.15,900,0
2016-06-27,15:45:00,19.18,19.18,19.14,19.1732,1615,0
2016-06-27,15:50:00,19.1,19.1,19.1,19.1,200,0
2016-06-27,15:55:00,19.16,19.2,19.1,19.1,1250,0
2016-06-27,16:00:00,19.14,19.14,19.1,19.115,2744,0
2016-06-27,16:05:00,19.14,19.14,19.1,19.1,1200,0
2016-06-27,16:10:00,19.08,19.11,19.06,19.06,3311,0
2016-06-27,16:20:00,19.1,19.14,19.05,19.05,2200,0
2016-06-27,16:25:00,19.07,19.07,18.91,18.93,2437,0
2016-06-27,16:30:00,18.92,18.92,18.9,18.9,200,0
2016-06-27,16:35:00,18.89,18.89,18.89,18.89,200,0
2016-06-27,16:40:00,18.85,18.92,18.84,18.92,400,0
2016-06-27,16:45:00,18.905,18.905,18.89,18.89,600,0
2016-06-27,16:50:00,18.88,18.88,18.81,18.81,800,0
2016-06-27,16:55:00,18.85,18.85,18.85,18.85,200,0
2016-06-27,17:00:00,18.82,18.83,18.75,18.75,2335,0
2016-06-27,17:05:00,18.77,18.88,18.77,18.86,1900,0
2016-06-27,17:10:00,18.87,18.88,18.87,18.87,300,0
2016-06-27,17:15:00,18.89,18.89,18.89,18.89,100,0
2016-06-27,17:20:00,18.86,18.86,18.85,18.85,2700,0
2016-06-27,17:25:00,18.85,18.87,18.85,18.85,4100,0
2016-06-27,17:30:00,18.86,18.99,18.85,18.99,2200,0
2016-06-27,17:35:00,18.96,19,18.96,19,300,0
2016-06-27,17:40:00,18.96,18.96,18.96,18.96,200,0
2016-06-27,17:45:00,18.96,19,18.96,19,1400,0
2016-06-27,17:50:00,18.98,19,18.98,19,200,0
2016-06-27,17:55:00,19,19,18.9401,18.9401,1600,0
2016-06-27,18:00:00,18.95,18.97,18.95,18.95,900,0
2016-06-27,18:10:00,18.98,18.98,18.965,18.965,500,0
2016-06-27,18:20:00,18.97,18.98,18.95,18.95,1900,0
2016-06-27,18:25:00,18.98,18.98,18.98,18.98,300,0
2016-06-27,18:30:00,19,19.02,18.87,18.94,4304,0
2016-06-27,18:35:00,18.95,18.95,18.88,18.88,600,0
2016-06-27,18:40:00,18.875,18.89,18.85,18.85,601,0
2016-06-27,18:45:00,18.88,18.88,18.85,18.85,300,0
2016-06-27,18:50:00,18.85,18.85,18.84,18.84,200,0
2016-06-27,18:55:00,18.84,18.85,18.73,18.76,1700,0
2016-06-27,19:00:00,18.785,18.85,18.77,18.8,600,0
2016-06-27,19:05:00,18.82,18.82,18.8,18.8,400,0
2016-06-27,19:10:00,18.78,18.8,18.72,18.79,1400,0
2016-06-27,19:15:00,18.74,18.795,18.74,18.795,400,0
2016-06-27,19:20:00,18.84,18.84,18.84,18.84,100,0
2016-06-27,19:25:00,18.83,18.845,18.8201,18.8201,300,0
2016-06-27,19:30:00,18.85,18.85,18.85,18.85,100,0
2016-06-27,19:35:00,18.86,18.86,18.7,18.7,1200,0
2016-06-27,19:40:00,18.7,18.7,18.65,18.65,300,0
2016-06-27,19:45:00,18.66,18.66,18.65,18.65,200,0
2016-06-27,19:50:00,18.6101,18.7,18.6101,18.7,1000,0
2016-06-27,19:55:00,18.71,18.74,18.7,18.74,400,0
2016-06-27,20:00:00,18.7651,18.7651,18.765,18.765,200,0
2016-06-27,20:05:00,18.81,18.81,18.755,18.755,450,0
2016-06-27,20:10:00,18.795,18.795,18.795,18.795,100,0
2016-06-27,20:15:00,18.83,18.83,18.73,18.73,800,0
2016-06-27,20:20:00,18.73,18.74,18.73,18.74,300,0
2016-06-27,20:25:00,18.76,18.76,18.72,18.72,600,0
2016-06-27,20:30:00,18.71,18.71,18.71,18.71,400,0
2016-06-27,20:35:00,18.72,18.72,18.57,18.57,1203,0
2016-06-27,20:40:00,18.53,18.61,18.516,18.57,1600,0
2016-06-27,20:45:00,18.51,18.61,18.51,18.57,2434,0
2016-06-27,20:50:00,18.61,18.61,18.48,18.51,1700,0
2016-06-27,20:55:00,18.53,18.53,18.43,18.43,1000,0
2016-06-27,21:00:00,18.39,18.43,18.375,18.425,1200,0
2016-06-27,21:05:00,18.49,18.52,18.485,18.52,2400,0
2016-06-27,21:10:00,18.57,18.57,18.525,18.525,1724,0
2016-06-27,21:15:00,18.49,18.51,18.49,18.5,1200,0
2016-06-27,21:20:00,18.5,18.5,18.42,18.46,2000,0
2016-06-27,21:25:00,18.46,18.49,18.44,18.44,1000,0
2016-06-27,21:30:00,18.41,18.42,18.385,18.385,1900,0
2016-06-27,21:35:00,18.36,18.37,18.3,18.37,1980,0
2016-06-27,21:40:00,18.38,18.43,18.38,18.43,2100,0
2016-06-27,21:45:00,18.4299,18.43,18.32,18.34,7700,0
2016-06-27,21:50:00,18.33,18.4,18.33,18.4,1700,0
2016-06-27,21:55:00,18.4,18.48,18.395,18.46,2600,0
2016-06-27,22:00:00,18.4625,18.4625,18.4,18.4,10659,0
2016-06-28,15:35:00,18.67,18.72,18.67,18.72,925,0
2016-06-28,15:40:00,18.4475,18.69,18.4475,18.69,809,0
2016-06-28,15:45:00,18.5701,18.76,18.5701,18.76,900,0
2016-06-28,15:50:00,18.77,18.775,18.77,18.775,200,0
2016-06-28,15:55:00,18.75,18.9,18.75,18.9,200,0
2016-06-28,16:00:00,18.8098,18.89,18.8,18.8,803,0
2016-06-28,16:10:00,18.81,18.82,18.67,18.67,816,0
2016-06-28,16:15:00,18.6001,18.65,18.6001,18.65,700,0
2016-06-28,16:20:00,18.7,18.79,18.7,18.72,2509,0
2016-06-28,16:30:00,18.68,18.68,18.68,18.68,100,0
2016-06-28,16:35:00,18.75,18.78,18.75,18.755,1100,0
2016-06-28,16:40:00,18.85,18.85,18.75,18.77,800,0
2016-06-28,16:45:00,18.77,18.77,18.71,18.71,2800,0
2016-06-28,16:50:00,18.73,18.76,18.73,18.76,2300,0
2016-06-28,16:55:00,18.76,18.76,18.74,18.75,1300,0
2016-06-28,17:00:00,18.77,18.77,18.75,18.77,300,0
2016-06-28,17:05:00,18.75,18.75,18.7,18.7,2300,0
2016-06-28,17:10:00,18.64,18.68,18.64,18.65,405,0
2016-06-28,17:15:00,18.6899,18.7,18.6899,18.7,400,0
2016-06-28,17:20:00,18.7,18.7,18.65,18.65,400,0
2016-06-28,17:30:00,18.66,18.66,18.65,18.65,200,0
2016-06-28,17:35:00,18.63,18.67,18.63,18.67,400,0
2016-06-28,17:40:00,18.68,18.69,18.68,18.69,400,0
2016-06-28,17:45:00,18.6,18.66,18.6,18.65,400,0
2016-06-28,17:50:00,18.75,18.75,18.66,18.67,400,0
2016-06-28,17:55:00,18.65,18.81,18.65,18.74,5700,0
2016-06-28,18:00:00,18.73,18.73,18.7,18.7,300,0
2016-06-28,18:05:00,18.74,18.74,18.71,18.71,500,0
2016-06-28,18:10:00,18.73,18.73,18.72,18.72,200,0
2016-06-28,18:15:00,18.71,18.74,18.7,18.7,400,0
2016-06-28,18:20:00,18.7,18.72,18.7,18.72,500,0
2016-06-28,18:25:00,18.7101,18.75,18.7,18.75,650,0
2016-06-28,18:30:00,18.7268,18.77,18.7,18.7,904,0
2016-06-28,18:40:00,18.72,18.72,18.72,18.72,100,0
2016-06-28,18:45:00,18.7,18.79,18.7,18.7,5010,0
2016-06-28,18:55:00,18.74,18.765,18.73,18.73,1000,0
2016-06-28,19:00:00,18.73,18.73,18.7,18.7,300,0
2016-06-28,19:10:00,18.7001,18.7279,18.7,18.7,2800,0
2016-06-28,19:15:00,18.66,18.7,18.66,18.7,300,0
2016-06-28,19:20:00,18.69,18.69,18.69,18.69,200,0
2016-06-28,19:25:00,18.66,18.66,18.61,18.65,500,0
2016-06-28,19:30:00,18.65,18.69,18.65,18.69,400,0
2016-06-28,19:35:00,18.61,18.67,18.61,18.67,200,0
2016-06-28,19:40:00,18.67,18.7,18.65,18.7,500,0
2016-06-28,19:45:00,18.72,18.75,18.72,18.75,400,0
2016-06-28,19:50:00,18.74,18.77,18.69,18.77,300,0
2016-06-28,19:55:00,18.73,18.73,18.73,18.73,100,0
2016-06-28,20:00:00,18.72,18.76,18.67,18.67,300,0
2016-06-28,20:05:00,18.72,18.77,18.72,18.77,300,0
2016-06-28,20:10:00,18.75,18.75,18.74,18.74,400,0
2016-06-28,20:15:00,18.72,18.72,18.7,18.71,900,0
2016-06-28,20:20:00,18.71,18.75,18.71,18.71,700,0
2016-06-28,20:30:00,18.7,18.75,18.7,18.75,200,0
2016-06-28,20:35:00,18.75,18.78,18.74,18.75,3500,0
2016-06-28,20:45:00,18.75,18.765,18.75,18.76,1000,0
2016-06-28,20:50:00,18.76,18.76,18.75,18.75,820,0
2016-06-28,20:55:00,18.755,18.755,18.73,18.73,200,0
2016-06-28,21:00:00,18.75,18.78,18.75,18.76,2205,0
2016-06-28,21:05:00,18.78,18.78,18.74,18.74,400,0
2016-06-28,21:10:00,18.75,18.75,18.73,18.73,200,0
2016-06-28,21:15:00,18.73,18.73,18.69,18.69,672,0
2016-06-28,21:20:00,18.67,18.67,18.64,18.64,200,0
2016-06-28,21:25:00,18.64,18.64,18.61,18.61,400,0
2016-06-28,21:30:00,18.51,18.55,18.51,18.55,400,0
2016-06-28,21:35:00,18.59,18.59,18.59,18.59,100,0
2016-06-28,21:40:00,18.53,18.58,18.53,18.58,500,0
2016-06-28,21:45:00,18.61,18.655,18.58,18.58,2900,0
2016-06-28,21:50:00,18.58,18.62,18.57,18.58,1005,0
2016-06-28,21:55:00,18.58,18.62,18.58,18.62,800,0
2016-06-28,22:00:00,18.64,18.69,18.6,18.63,12986,0
2016-06-29,15:35:00,18.85,18.85,18.85,18.85,324,0
2016-06-29,15:40:00,18.755,18.755,18.67,18.67,2700,0
2016-06-29,15:45:00,18.67,18.67,18.67,18.67,200,0
2016-06-29,15:50:00,18.731,18.731,18.65,18.65,625,0
2016-06-29,15:55:00,18.75,18.75,18.75,18.75,100,0
2016-06-29,16:00:00,18.75,18.75,18.75,18.75,1949,0
2016-06-29,16:05:00,18.765,18.765,18.75,18.75,700,0
2016-06-29,16:10:00,18.75,18.7931,18.73,18.7931,1000,0
2016-06-29,16:15:00,18.76,18.78,18.76,18.78,672,0
2016-06-29,16:20:00,18.7925,18.8,18.75,18.75,1600,0
2016-06-29,16:25:00,18.74,18.74,18.74,18.74,100,0
2016-06-29,16:30:00,18.76,18.76,18.71,18.71,700,0
2016-06-29,16:40:00,18.68,18.68,18.68,18.68,100,0
2016-06-29,16:45:00,18.65,18.65,18.65,18.65,200,0
2016-06-29,16:55:00,18.71,18.74,18.71,18.73,900,0
2016-06-29,17:00:00,18.73,18.75,18.7001,18.75,500,0
2016-06-29,17:05:00,18.75,18.755,18.7201,18.73,1833,0
2016-06-29,17:10:00,18.74,18.74,18.73,18.73,1100,0
2016-06-29,17:15:00,18.75,18.75,18.75,18.75,600,0
2016-06-29,17:20:00,18.755,18.755,18.755,18.755,100,0
2016-06-29,17:30:00,18.755,18.755,18.75,18.75,400,0
2016-06-29,17:35:00,18.755,18.755,18.755,18.755,100,0
2016-06-29,17:40:00,18.755,18.76,18.75,18.76,1400,0
2016-06-29,17:45:00,18.76,18.76,18.735,18.735,1500,0
2016-06-29,17:55:00,18.75,18.76,18.75,18.75,1100,0
2016-06-29,18:00:00,18.73,18.75,18.7,18.7,1105,0
2016-06-29,18:05:00,18.7,18.72,18.7,18.72,200,0
2016-06-29,18:10:00,18.74,18.74,18.74,18.74,100,0
2016-06-29,18:15:00,18.7225,18.73,18.7,18.73,300,0
2016-06-29,18:20:00,18.7473,18.7473,18.7473,18.7473,200,0
2016-06-29,18:25:00,18.735,18.74,18.7,18.74,2449,0
2016-06-29,18:50:00,18.74,18.74,18.73,18.73,1000,0
2016-06-29,18:55:00,18.74,18.74,18.74,18.74,600,0
2016-06-29,19:05:00,18.74,18.74,18.74,18.74,200,0
2016-06-29,19:10:00,18.73,18.73,18.72,18.73,718,0
2016-06-29,19:15:00,18.71,18.71,18.7,18.7,400,0
2016-06-29,19:20:00,18.72,18.73,18.7,18.72,2200,0
2016-06-29,19:30:00,18.73,18.73,18.73,18.73,100,0
2016-06-29,19:35:00,18.75,18.75,18.73,18.73,400,0
2016-06-29,19:40:00,18.75,18.75,18.75,18.75,700,0
2016-06-29,19:50:00,18.75,18.75,18.75,18.75,100,0
2016-06-29,19:55:00,18.76,18.76,18.75,18.75,940,0
2016-06-29,20:00:00,18.75,18.75,18.75,18.75,600,0
2016-06-29,20:05:00,18.75,18.75,18.74,18.74,700,0
2016-06-29,20:10:00,18.755,18.755,18.75,18.75,6000,0
2016-06-29,20:15:00,18.75,18.76,18.75,18.75,500,0
2016-06-29,20:20:00,18.75,18.755,18.75,18.75,800,0
2016-06-29,20:25:00,18.75,18.76,18.75,18.75,1300,0
2016-06-29,20:30:00,18.77,18.78,18.76,18.78,1300,0
2016-06-29,20:35:00,18.83,18.84,18.8202,18.84,300,0
2016-06-29,20:40:00,18.86,18.9,18.86,18.9,200,0
2016-06-29,20:50:00,18.88,18.9,18.77,18.77,3280,0
2016-06-29,20:55:00,18.78,18.79,18.77,18.77,800,0
2016-06-29,21:00:00,18.77,18.77,18.75,18.755,2000,0
2016-06-29,21:05:00,18.75,18.76,18.75,18.76,600,0
2016-06-29,21:10:00,18.76,18.765,18.76,18.76,3621,0
2016-06-29,21:15:00,18.765,18.765,18.76,18.765,1500,0
2016-06-29,21:20:00,18.765,18.77,18.75,18.77,8144,0
2016-06-29,21:25:00,18.79,18.84,18.79,18.83,1030,0
2016-06-29,21:30:00,18.83,18.83,18.78,18.8,5561,0
2016-06-29,21:35:00,18.8,18.81,18.8,18.8,9600,0
2016-06-29,21:40:00,18.81,18.84,18.8,18.84,2815,0
2016-06-29,21:45:00,18.84,18.99,18.84,18.99,2325,0
2016-06-29,21:50:00,19.04,19.05,19.01,19.01,3300,0
2016-06-29,21:55:00,18.96,18.96,18.95,18.95,800,0
2016-06-29,22:00:00,18.98,19,18.91,18.93,8190,0
2016-06-30,15:35:00,19.1,19.1,18.87,19.05,3947,0
2016-06-30,15:40:00,19.05,19.05,19,19,1000,0
2016-06-30,15:45:00,18.98,18.98,18.88,18.88,400,0
2016-06-30,15:50:00,18.85,18.91,18.85,18.91,300,0
2016-06-30,15:55:00,18.9114,18.9114,18.82,18.82,600,0
2016-06-30,16:00:00,18.855,18.865,18.76,18.76,2200,0
2016-06-30,16:05:00,18.74,18.75,18.74,18.75,200,0
2016-06-30,16:10:00,18.72,18.75,18.72,18.75,645,0
2016-06-30,16:15:00,18.82,18.88,18.78,18.81,3425,0
2016-06-30,16:20:00,18.82,18.87,18.73,18.76,8000,0
2016-06-30,16:25:00,18.77,18.8,18.71,18.71,3462,0
2016-06-30,16:30:00,18.7,18.7,18.7,18.7,100,0
2016-06-30,16:35:00,18.74,18.74,18.74,18.74,200,0
2016-06-30,16:40:00,18.75,18.75,18.73,18.73,500,0
2016-06-30,16:45:00,18.74,18.74,18.74,18.74,100,0
2016-06-30,16:55:00,18.75,18.78,18.705,18.76,4700,0
2016-06-30,17:00:00,18.74,18.75,18.69,18.74,2170,0
2016-06-30,17:05:00,18.74,18.83,18.73,18.83,1300,0
2016-06-30,17:10:00,18.815,18.85,18.74,18.8,8819,0
2016-06-30,17:15:00,18.78,18.85,18.72,18.84,2900,0
2016-06-30,17:30:00,18.86,18.88,18.81,18.825,2700,0
2016-06-30,17:40:00,18.83,18.83,18.775,18.78,2600,0
2016-06-30,17:45:00,18.82,18.855,18.82,18.82,900,0
2016-06-30,17:50:00,18.82,18.85,18.8,18.85,1800,0
2016-06-30,17:55:00,18.805,18.86,18.78,18.86,1855,0
2016-06-30,18:00:00,18.86,18.86,18.81,18.86,2158,0
2016-06-30,18:05:00,18.87,18.9,18.85,18.85,800,0
2016-06-30,18:10:00,18.84,18.84,18.81,18.81,200,0
2016-06-30,18:15:00,18.89,18.89,18.82,18.82,223,0
2016-06-30,18:30:00,18.87,18.88,18.87,18.88,400,0
2016-06-30,18:35:00,18.88,18.92,18.88,18.915,600,0
2016-06-30,18:40:00,18.95,18.98,18.91,18.91,1102,0
2016-06-30,18:45:00,18.91,18.97,18.91,18.97,200,0
2016-06-30,18:50:00,18.91,18.91,18.91,18.91,100,0
2016-06-30,18:55:00,18.94,19.02,18.94,19,2800,0
2016-06-30,19:00:00,19,19,19,19,100,0
2016-06-30,19:05:00,19,19.015,19,19,800,0
2016-06-30,19:10:00,19.015,19.03,19,19.0001,1900,0
2016-06-30,19:15:00,19.02,19.02,18.9463,18.9463,1422,0
2016-06-30,19:35:00,18.92,18.92,18.92,18.92,300,0
2016-06-30,19:40:00,18.94,18.94,18.94,18.94,100,0
2016-06-30,19:45:00,18.92,18.92,18.92,18.92,100,0
2016-06-30,19:50:00,18.94,18.94,18.94,18.94,200,0
2016-06-30,19:55:00,18.94,18.95,18.94,18.95,700,0
2016-06-30,20:00:00,18.93,18.93,18.93,18.93,100,0
2016-06-30,20:05:00,18.92,18.92,18.89,18.9,1700,0
2016-06-30,20:10:00,18.95,18.95,18.92,18.92,400,0
2016-06-30,20:15:00,18.955,18.955,18.955,18.955,100,0
2016-06-30,20:25:00,18.96,19,18.96,19,1900,0
2016-06-30,20:30:00,19,19,18.97,18.97,1630,0
2016-06-30,20:35:00,18.941,18.944,18.94,18.94,600,0
2016-06-30,20:40:00,18.94,18.96,18.94,18.96,900,0
2016-06-30,20:45:00,18.98,19.005,18.98,19,1700,0
2016-06-30,20:50:00,19,19,18.995,19,1000,0
2016-06-30,20:55:00,19,19.005,18.995,18.9999,1400,0
2016-06-30,21:00:00,19,19,18.9999,19,860,0
2016-06-30,21:05:00,18.995,19,18.9401,18.9401,2156,0
2016-06-30,21:15:00,18.96,18.96,18.96,18.96,600,0
2016-06-30,21:20:00,18.95,18.95,18.94,18.94,400,0
2016-06-30,21:25:00,18.96,18.96,18.96,18.96,200,0
2016-06-30,21:30:00,19,19,19,19,200,0
2016-06-30,21:35:00,18.99,19.01,18.99,19,300,0
2016-06-30,21:40:00,19,19,18.97,18.98,2200,0
2016-06-30,21:45:00,19,19,18.99,18.99,300,0
2016-06-30,21:50:00,18.98,18.99,18.98,18.99,1600,0
2016-06-30,21:55:00,18.99,19,18.985,19,3200,0
2016-06-30,22:00:00,19,19.04,18.99,19.04,13198,0
2016-07-01,15:35:00,19,19.49,18.9,18.9,585,0
2016-07-01,15:40:00,19.035,19.07,19.01,19.01,601,0
2016-07-01,15:45:00,19.02,19.03,18.94,19.01,2400,0
2016-07-01,15:50:00,19,19.08,19,19.04,400,0
2016-07-01,15:55:00,19.045,19.045,18.96,18.96,900,0
2016-07-01,16:05:00,19,19.02,18.96,18.96,500,0
2016-07-01,16:10:00,19.02,19.02,18.95,18.95,1909,0
2016-07-01,16:15:00,18.95,18.9599,18.9,18.9,300,0
2016-07-01,16:20:00,18.96,18.98,18.96,18.98,200,0
2016-07-01,16:25:00,18.9,18.95,18.9,18.95,200,0
2016-07-01,16:30:00,18.93,18.93,18.9,18.9,1000,0
2016-07-01,16:35:00,18.945,19,18.92,18.92,5824,0
2016-07-01,16:40:00,18.93,18.93,18.93,18.93,100,0
2016-07-01,16:45:00,18.98,18.99,18.96,18.96,600,0
2016-07-01,16:50:00,18.98,19,18.98,19,200,0
2016-07-01,16:55:00,18.985,19,18.985,19,800,0
2016-07-01,17:00:00,19,19,18.95,18.95,1500,0
2016-07-01,17:05:00,18.97,18.97,18.95,18.95,277,0
2016-07-01,17:10:00,18.99,18.99,18.95,18.95,400,0
2016-07-01,17:15:00,18.94,18.94,18.94,18.94,100,0
2016-07-01,17:20:00,18.92,18.92,18.92,18.92,100,0
2016-07-01,17:25:00,18.925,18.925,18.9,18.9,500,0
2016-07-01,17:30:00,18.87,18.87,18.87,18.87,100,0
2016-07-01,17:35:00,18.8501,18.8501,18.85,18.85,200,0
2016-07-01,17:40:00,18.85,18.8705,18.81,18.81,1600,0
2016-07-01,17:45:00,18.8401,18.8401,18.79,18.7934,1600,0
2016-07-01,17:50:00,18.8,18.8,18.75,18.75,2612,0
2016-07-01,17:55:00,18.77,18.78,18.76,18.76,900,0
2016-07-01,18:00:00,18.7445,18.7445,18.73,18.73,797,0
2016-07-01,18:05:00,18.76,18.76,18.74,18.755,600,0
2016-07-01,18:10:00,18.76,18.76,18.73,18.735,800,0
2016-07-01,18:15:00,18.74,18.74,18.73,18.73,400,0
2016-07-01,18:20:00,18.755,18.755,18.755,18.755,100,0
2016-07-01,18:25:00,18.75,18.75,18.67,18.69,3273,0
2016-07-01,18:30:00,18.71,18.763,18.71,18.71,2800,0
2016-07-01,18:35:00,18.7,18.745,18.65,18.72,7526,0
2016-07-01,18:40:00,18.7,18.75,18.63,18.75,8100,0
2016-07-01,18:45:00,18.75,18.84,18.75,18.8,4487,0
2016-07-01,18:50:00,18.81,18.81,18.81,18.81,100,0
2016-07-01,18:55:00,18.815,18.815,18.78,18.78,900,0
2016-07-01,19:00:00,18.82,18.82,18.82,18.82,100,0
2016-07-01,19:05:00,18.81,18.81,18.78,18.785,2003,0
2016-07-01,19:10:00,18.79,18.79,18.79,18.79,100,0
2016-07-01,19:15:00,18.7901,18.85,18.7901,18.85,278,0
2016-07-01,19:20:00,18.85,18.89,18.85,18.85,1000,0
2016-07-01,19:25:00,18.85,18.85,18.8,18.85,522,0
2016-07-01,19:35:00,18.88,18.88,18.78,18.8,1200,0
2016-07-01,19:40:00,18.82,18.82,18.82,18.82,100,0
2016-07-01,19:45:00,18.8525,18.8525,18.8525,18.8525,125,0
2016-07-01,19:50:00,18.79,18.81,18.79,18.81,800,0
2016-07-01,19:55:00,18.82,18.82,18.75,18.75,300,0
2016-07-01,20:00:00,18.79,18.79,18.75,18.75,200,0
2016-07-01,20:05:00,18.75,18.75,18.75,18.75,100,0
2016-07-01,20:10:00,18.77,18.77,18.77,18.77,100,0
2016-07-01,20:15:00,18.7801,18.7801,18.7801,18.7801,100,0
2016-07-01,20:20:00,18.77,18.81,18.77,18.81,700,0
2016-07-01,20:30:00,18.79,18.79,18.79,18.79,200,0
2016-07-01,20:35:00,18.78,18.78,18.75,18.7744,700,0
2016-07-01,20:40:00,18.76,18.78,18.75,18.78,400,0
2016-07-01,20:45:00,18.75,18.75,18.75,18.75,300,0
2016-07-01,20:50:00,18.74,18.74,18.73,18.74,300,0
2016-07-01,20:55:00,18.72,18.72,18.72,18.72,100,0
2016-07-01,21:00:00,18.72,18.76,18.72,18.76,800,0
2016-07-01,21:05:00,18.79,18.79,18.78,18.78,700,0
2016-07-01,21:10:00,18.77,18.86,18.77,18.86,700,0
2016-07-01,21:15:00,18.85,18.85,18.85,18.85,200,0
2016-07-01,21:20:00,18.84,18.84,18.82,18.82,400,0
2016-07-01,21:25:00,18.8,18.8,18.78,18.78,300,0
2016-07-01,21:30:00,18.79,18.79,18.73,18.73,900,0
2016-07-01,21:35:00,18.79,18.82,18.79,18.82,400,0
2016-07-01,21:40:00,18.85,18.95,18.82,18.91,2295,0
2016-07-01,21:45:00,18.9,18.93,18.84,18.93,2400,0
2016-07-01,21:50:00,18.91,18.95,18.91,18.95,3454,0
2016-07-01,21:55:00,18.95,18.97,18.925,18.94,4367,0
2016-07-01,22:00:00,18.9,18.9,18.82,18.85,9167,0
2016-07-05,15:35:00,18.89,18.9,18.88,18.9,1099,0
2016-07-05,15:40:00,18.88,18.8999,18.74,18.78,800,0
2016-07-05,15:45:00,18.69,18.73,18.58,18.625,1400,0
2016-07-05,15:50:00,18.69,18.69,18.6549,18.6549,300,0
2016-07-05,15:55:00,18.62,18.69,18.62,18.69,400,0
2016-07-05,16:00:00,18.75,18.76,18.75,18.76,200,0
2016-07-05,16:10:00,18.75,18.75,18.75,18.75,100,0
2016-07-05,16:20:00,18.71,18.71,18.65,18.65,300,0
2016-07-05,16:25:00,18.65,18.65,18.61,18.65,400,0
2016-07-05,16:40:00,18.72,18.73,18.72,18.73,200,0
2016-07-05,16:50:00,18.7,18.7,18.66,18.68,300,0
2016-07-05,16:55:00,18.65,18.69,18.63,18.68,900,0
2016-07-05,17:00:00,18.63,18.64,18.63,18.63,400,0
2016-07-05,17:05:00,18.61,18.645,18.6,18.61,800,0
2016-07-05,17:10:00,18.635,18.635,18.57,18.62,917,0
2016-07-05,17:15:00,18.59,18.59,18.58,18.58,300,0
2016-07-05,17:20:00,18.5999,18.68,18.5775,18.68,5263,0
2016-07-05,17:30:00,18.67,18.67,18.67,18.67,100,0
2016-07-05,17:35:00,18.6,18.6,18.55,18.59,500,0
2016-07-05,17:40:00,18.56,18.59,18.56,18.56,657,0
2016-07-05,17:45:00,18.55,18.55,18.55,18.55,100,0
2016-07-05,18:00:00,18.58,18.6349,18.58,18.6349,1440,0
2016-07-05,18:05:00,18.67,18.68,18.635,18.68,300,0
2016-07-05,18:10:00,18.67,18.67,18.6,18.6,800,0
2016-07-05,18:15:00,18.6,18.63,18.6,18.63,400,0
2016-07-05,18:25:00,18.66,18.66,18.61,18.61,200,0
2016-07-05,18:30:00,18.59,18.59,18.58,18.58,200,0
2016-07-05,18:35:00,18.6,18.64,18.6,18.64,300,0
2016-07-05,18:40:00,18.58,18.58,18.58,18.58,100,0
2016-07-05,18:45:00,18.58,18.6,18.58,18.59,600,0
2016-07-05,18:55:00,18.585,18.585,18.585,18.585,100,0
2016-07-05,19:05:00,18.595,18.595,18.595,18.595,100,0
2016-07-05,19:15:00,18.58,18.61,18.58,18.61,761,0
2016-07-05,19:20:00,18.6,18.6,18.6,18.6,200,0
2016-07-05,19:25:00,18.58,18.6,18.58,18.6,500,0
2016-07-05,19:30:00,18.6,18.64,18.6,18.64,400,0
2016-07-05,19:55:00,18.64,18.64,18.64,18.64,100,0
2016-07-05,20:00:00,18.6325,18.66,18.6325,18.65,2889,0
2016-07-05,20:05:00,18.66,18.71,18.66,18.71,200,0
2016-07-05,20:10:00,18.68,18.68,18.68,18.68,300,0
2016-07-05,20:15:00,18.67,18.69,18.67,18.69,500,0
2016-07-05,20:20:00,18.74,18.75,18.74,18.75,400,0
2016-07-05,20:25:00,18.74,18.74,18.645,18.67,4590,0
2016-07-05,20:30:00,18.7,18.7,18.675,18.69,680,0
2016-07-05,20:35:00,18.74,18.74,18.74,18.74,200,0
2016-07-05,20:40:00,18.74,18.74,18.73,18.73,300,0
2016-07-05,20:45:00,18.74,18.74,18.74,18.74,300,0
2016-07-05,20:50:00,18.75,18.75,18.72,18.72,400,0
2016-07-05,20:55:00,18.73,18.74,18.73,18.74,300,0
2016-07-05,21:05:00,18.75,18.75,18.75,18.75,100,0
2016-07-05,21:10:00,18.73,18.73,18.71,18.71,300,0
2016-07-05,21:15:00,18.715,18.715,18.69,18.69,200,0
2016-07-05,21:35:00,18.71,18.75,18.71,18.75,1400,0
2016-07-05,21:40:00,18.78,18.83,18.77,18.83,1471,0
2016-07-05,21:45:00,18.83,18.83,18.82,18.83,800,0
2016-07-05,21:50:00,18.84,18.88,18.84,18.84,3305,0
2016-07-05,21:55:00,18.84,18.9,18.825,18.9,5146,0
2016-07-05,22:00:00,18.89,18.9,18.85,18.85,6143,0
2016-07-06,15:35:00,18.68,18.76,18.68,18.76,10687,0
2016-07-06,15:50:00,18.69,18.69,18.69,18.69,100,0
2016-07-06,16:05:00,18.73,18.74,18.71,18.71,2000,0
2016-07-06,16:10:00,18.745,18.745,18.72,18.72,626,0
2016-07-06,16:20:00,18.71,18.72,18.71,18.72,400,0
2016-07-06,16:25:00,18.685,18.685,18.68,18.68,600,0
2016-07-06,16:30:00,18.675,18.75,18.67,18.75,13400,0
2016-07-06,16:35:00,18.77,18.77,18.77,18.77,100,0
2016-07-06,16:40:00,18.77,18.82,18.75,18.82,7411,0
2016-07-06,16:45:00,18.8,18.8,18.75,18.75,1300,0
2016-07-06,16:55:00,18.75,18.83,18.75,18.765,4997,0
2016-07-06,17:00:00,18.76,18.77,18.76,18.77,300,0
2016-07-06,17:05:00,18.79,18.82,18.77,18.79,4300,0
2016-07-06,17:10:00,18.755,18.8,18.74,18.76,10775,0
2016-07-06,17:15:00,18.76,18.76,18.74,18.75,4000,0
2016-07-06,17:20:00,18.755,18.755,18.755,18.755,100,0
2016-07-06,17:25:00,18.73,18.73,18.73,18.73,200,0
2016-07-06,17:30:00,18.71,18.71,18.67,18.67,300,0
2016-07-06,17:40:00,18.69,18.69,18.67,18.67,300,0
2016-07-06,17:45:00,18.67,18.67,18.67,18.67,200,0
2016-07-06,17:50:00,18.67,18.67,18.67,18.67,100,0
2016-07-06,17:55:00,18.67,18.67,18.67,18.67,200,0
2016-07-06,18:00:00,18.66,18.685,18.66,18.685,200,0
2016-07-06,18:05:00,18.7,18.71,18.7,18.7,700,0
2016-07-06,18:10:00,18.73,18.77,18.73,18.77,800,0
2016-07-06,18:15:00,18.78,18.78,18.73,18.73,1400,0
2016-07-06,18:20:00,18.77,18.77,18.755,18.76,1100,0
2016-07-06,18:25:00,18.78,18.78,18.74,18.75,1800,0
2016-07-06,18:30:00,18.75,18.75,18.75,18.75,200,0
2016-07-06,18:35:00,18.76,18.76,18.75,18.76,700,0
2016-07-06,18:40:00,18.77,18.78,18.75,18.75,3900,0
2016-07-06,18:45:00,18.76,18.78,18.755,18.76,4600,0
2016-07-06,18:50:00,18.755,18.755,18.755,18.755,100,0
2016-07-06,18:55:00,18.755,18.77,18.75,18.76,1400,0
2016-07-06,19:00:00,18.76,18.76,18.76,18.76,600,0
2016-07-06,19:05:00,18.78,18.82,18.755,18.82,3600,0
2016-07-06,19:10:00,18.8,18.8,18.76,18.76,2100,0
2016-07-06,19:15:00,18.77,18.79,18.76,18.78,2500,0
2016-07-06,19:20:00,18.78,18.79,18.78,18.785,500,0
2016-07-06,19:25:00,18.77,18.77,18.755,18.755,1700,0
2016-07-06,19:35:00,18.77,18.78,18.755,18.755,2300,0
2016-07-06,19:40:00,18.755,18.76,18.755,18.76,300,0
2016-07-06,19:45:00,18.77,18.77,18.75,18.75,2500,0
2016-07-06,19:50:00,18.755,18.755,18.755,18.755,100,0
2016-07-06,19:55:00,18.76,18.78,18.76,18.77,600,0
2016-07-06,20:00:00,18.77,18.77,18.77,18.77,100,0
2016-07-06,20:05:00,18.77,18.79,18.755,18.755,3900,0
2016-07-06,20:10:00,18.77,18.77,18.76,18.76,2141,0
2016-07-06,20:15:00,18.78,18.79,18.75,18.75,500,0
2016-07-06,20:20:00,18.78,18.8,18.77,18.79,800,0
2016-07-06,20:25:00,18.81,18.81,18.76,18.76,1200,0
2016-07-06,20:35:00,18.77,18.77,18.77,18.77,100,0
2016-07-06,20:40:00,18.79,18.8,18.76,18.76,1942,0
2016-07-06,20:45:00,18.76,18.82,18.7578,18.82,2600,0
2016-07-06,20:50:00,18.81,18.81,18.8,18.8,200,0
2016-07-06,21:10:00,18.82,18.85,18.82,18.85,200,0
2016-07-06,21:20:00,18.83,18.85,18.83,18.85,1200,0
2016-07-06,21:25:00,18.81,18.83,18.78,18.83,400,0
2016-07-06,21:30:00,18.827,18.827,18.827,18.827,100,0
2016-07-06,21:35:00,18.84,18.84,18.84,18.84,100,0
2016-07-06,21:40:00,18.88,18.9,18.85,18.9,2216,0
2016-07-06,21:45:00,18.89,18.89,18.885,18.89,300,0
2016-07-06,21:50:00,18.9,18.9,18.78,18.78,1000,0
2016-07-06,21:55:00,18.83,18.83,18.75,18.79,4592,0
2016-07-06,22:00:00,18.83,18.9,18.83,18.87,6054,0
2016-07-07,15:35:00,18.98,18.98,18.98,18.98,202,0
2016-07-07,15:40:00,18.99,18.99,18.99,18.99,100,0
2016-07-07,15:50:00,19.09,19.09,18.97,18.97,700,0
2016-07-07,16:05:00,19.065,19.1,19.065,19.1,1700,0
2016-07-07,16:10:00,19.15,19.17,19.15,19.17,400,0
2016-07-07,16:15:00,19.2,19.2,19.2,19.2,300,0
2016-07-07,16:20:00,19.25,19.27,19.24,19.27,600,0
2016-07-07,16:25:00,19.26,19.26,19.2395,19.2395,300,0
2016-07-07,16:30:00,19.24,19.27,19.24,19.27,400,0
2016-07-07,16:35:00,19.33,19.33,19.33,19.33,100,0
2016-07-07,16:45:00,19.33,19.33,19.27,19.27,1630,0
2016-07-07,16:50:00,19.25,19.26,19.24,19.26,700,0
2016-07-07,17:00:00,19.23,19.23,19.22,19.22,300,0
2016-07-07,17:05:00,19.2,19.2,19.19,19.19,200,0
2016-07-07,17:10:00,19.19,19.19,19.18,19.19,800,0
2016-07-07,17:15:00,19.21,19.21,19.21,19.21,100,0
2016-07-07,17:20:00,19.2,19.2,19.19,19.19,300,0
2016-07-07,17:25:00,19.18,19.18,19.18,19.18,200,0
2016-07-07,17:35:00,19.17,19.17,19.17,19.17,700,0
2016-07-07,17:45:00,19.16,19.19,19.16,19.19,1600,0
2016-07-07,17:50:00,19.19,19.19,19.18,19.18,400,0
2016-07-07,17:55:00,19.16,19.16,19.16,19.16,200,0
2016-07-07,18:05:00,19.18,19.18,19.17,19.17,400,0
2016-07-07,18:10:00,19.18,19.23,19.18,19.18,1000,0
2016-07-07,18:20:00,19.21,19.21,19.201,19.201,821,0
2016-07-07,18:25:00,19.18,19.18,19.18,19.18,200,0
2016-07-07,18:40:00,19.15,19.22,19.15,19.22,500,0
2016-07-07,18:45:00,19.19,19.19,19.15,19.19,1900,0
2016-07-07,18:50:00,19.19,19.19,19.19,19.19,100,0
2016-07-07,18:55:00,19.19,19.195,19.19,19.195,900,0
2016-07-07,19:00:00,19.15,19.15,19.1,19.1,300,0
2016-07-07,19:10:00,19.1,19.1,19.01,19.01,3900,0
2016-07-07,19:20:00,19.06,19.1601,19.06,19.15,6800,0
2016-07-07,19:25:00,19.15,19.17,19.15,19.17,700,0
2016-07-07,19:30:00,19.2,19.2,19.18,19.18,300,0
2016-07-07,19:35:00,19.22,19.22,19.22,19.22,100,0
2016-07-07,19:45:00,19.205,19.21,19.205,19.21,400,0
2016-07-07,19:50:00,19.2,19.2,19.2,19.2,100,0
2016-07-07,19:55:00,19.235,19.25,19.235,19.25,300,0
2016-07-07,20:05:00,19.3,19.3,19.2695,19.275,944,0
2016-07-07,20:10:00,19.28,19.28,19.28,19.28,127,0
2016-07-07,20:15:00,19.21,19.21,19.21,19.21,300,0
2016-07-07,20:20:00,19.21,19.25,19.21,19.25,1000,0
2016-07-07,20:25:00,19.3,19.32,19.29,19.32,400,0
2016-07-07,20:35:00,19.29,19.29,19.29,19.29,300,0
2016-07-07,20:40:00,19.26,19.28,19.26,19.28,300,0
2016-07-07,20:45:00,19.25,19.25,19.24,19.25,600,0
2016-07-07,20:50:00,19.26,19.26,19.26,19.26,800,0
2016-07-07,20:55:00,19.31,19.35,19.31,19.32,1000,0
2016-07-07,21:05:00,19.31,19.31,19.28,19.28,800,0
2016-07-07,21:10:00,19.32,19.33,19.32,19.33,400,0
2016-07-07,21:20:00,19.38,19.3989,19.38,19.3989,400,0
2016-07-07,21:25:00,19.4,19.43,19.4,19.43,500,0
2016-07-07,21:30:00,19.41,19.41,19.4,19.4,700,0
2016-07-07,21:35:00,19.41,19.44,19.4,19.41,2949,0
2016-07-07,21:40:00,19.395,19.395,19.395,19.395,400,0
2016-07-07,21:45:00,19.39,19.4,19.3,19.33,3066,0
2016-07-07,21:50:00,19.34,19.34,19.33,19.33,800,0
2016-07-07,21:55:00,19.33,19.33,19.33,19.33,100,0
2016-07-07,22:00:00,19.33,19.34,19.32,19.34,3444,0
2016-07-08,15:35:00,19.48,19.48,19.46,19.46,332,0
2016-07-08,15:40:00,19.402,19.41,19.365,19.41,3356,0
2016-07-08,15:45:00,19.45,19.45,19.45,19.45,200,0
2016-07-08,15:50:00,19.48,19.48,19.45,19.45,300,0
2016-07-08,15:55:00,19.49,19.58,19.49,19.57,2752,0
2016-07-08,16:00:00,19.5728,19.5728,19.5728,19.5728,400,0
2016-07-08,16:05:00,19.64,19.64,19.64,19.64,100,0
2016-07-08,16:10:00,19.64,19.65,19.64,19.65,600,0
2016-07-08,16:25:00,19.65,19.65,19.635,19.635,900,0
2016-07-08,16:30:00,19.64,19.65,19.6001,19.6375,3300,0
2016-07-08,16:35:00,19.67,19.67,19.646,19.646,300,0
2016-07-08,16:40:00,19.64,19.7,19.64,19.68,1600,0
2016-07-08,16:50:00,19.6501,19.6501,19.65,19.65,1100,0
2016-07-08,16:55:00,19.6,19.6,19.6,19.6,100,0
2016-07-08,17:05:00,19.5501,19.5501,19.51,19.51,1300,0
2016-07-08,17:10:00,19.5,19.5001,19.5,19.5001,200,0
2016-07-08,17:15:00,19.5,19.5,19.5,19.5,100,0
2016-07-08,17:25:00,19.56,19.6,19.545,19.59,2300,0
2016-07-08,17:35:00,19.59,19.59,19.58,19.58,300,0
2016-07-08,17:40:00,19.54,19.54,19.54,19.54,200,0
2016-07-08,17:45:00,19.5,19.5,19.5,19.5,100,0
2016-07-08,17:50:00,19.51,19.51,19.445,19.45,2000,0
2016-07-08,17:55:00,19.45,19.47,19.42,19.47,600,0
2016-07-08,18:00:00,19.46,19.51,19.45,19.48,2400,0
2016-07-08,18:05:00,19.4701,19.4701,19.4701,19.4701,100,0
2016-07-08,18:10:00,19.5,19.5,19.479,19.485,1000,0
2016-07-08,18:20:00,19.5,19.5,19.5,19.5,500,0
2016-07-08,18:35:00,19.43,19.43,19.42,19.42,600,0
2016-07-08,18:40:00,19.42,19.49,19.4175,19.47,4258,0
2016-07-08,18:45:00,19.5,19.5,19.49,19.5,1400,0
2016-07-08,18:50:00,19.5,19.5,19.5,19.5,500,0
2016-07-08,18:55:00,19.55,19.55,19.55,19.55,100,0
2016-07-08,19:10:00,19.565,19.565,19.565,19.565,100,0
2016-07-08,19:15:00,19.54,19.54,19.54,19.54,100,0
2016-07-08,19:20:00,19.57,19.57,19.57,19.57,100,0
2016-07-08,19:25:00,19.57,19.6,19.57,19.6,1600,0
2016-07-08,19:30:00,19.62,19.62,19.62,19.62,100,0
2016-07-08,19:35:00,19.62,19.62,19.57,19.5708,1400,0
2016-07-08,19:45:00,19.6,19.6,19.6,19.6,100,0
2016-07-08,19:50:00,19.5501,19.5501,19.5501,19.5501,100,0
2016-07-08,19:55:00,19.55,19.55,19.55,19.55,200,0
2016-07-08,20:00:00,19.5,19.5025,19.5,19.5025,1000,0
2016-07-08,20:05:00,19.5,19.5,19.464,19.464,1100,0
2016-07-08,20:10:00,19.5,19.52,19.44,19.44,9052,0
2016-07-08,20:15:00,19.43,19.43,19.43,19.43,100,0
2016-07-08,20:20:00,19.45,19.4581,19.45,19.4581,2100,0
2016-07-08,20:25:00,19.465,19.54,19.465,19.54,400,0
2016-07-08,20:30:00,19.53,19.53,19.525,19.525,200,0
2016-07-08,20:35:00,19.52,19.55,19.52,19.54,1500,0
2016-07-08,20:40:00,19.49,19.49,19.49,19.49,100,0
2016-07-08,20:45:00,19.48,19.48,19.48,19.48,200,0
2016-07-08,20:50:00,19.44,19.45,19.44,19.45,500,0
2016-07-08,20:55:00,19.47,19.47,19.38,19.44,700,0
2016-07-08,21:00:00,19.41,19.44,19.41,19.44,500,0
2016-07-08,21:05:00,19.41,19.41,19.4031,19.4031,600,0
2016-07-08,21:10:00,19.38,19.38,19.38,19.38,100,0
2016-07-08,21:15:00,19.43,19.43,19.43,19.43,100,0
2016-07-08,21:20:00,19.385,19.385,19.35,19.35,300,0
2016-07-08,21:25:00,19.35,19.42,19.35,19.42,700,0
2016-07-08,21:30:00,19.43,19.43,19.43,19.43,100,0
2016-07-08,21:40:00,19.41,19.47,19.41,19.47,1100,0
2016-07-08,21:45:00,19.475,19.475,19.42,19.42,600,0
2016-07-08,21:50:00,19.41,19.48,19.39,19.48,5320,0
2016-07-08,21:55:00,19.49,19.55,19.49,19.55,1003,0
2016-07-08,22:00:00,19.55,19.59,19.53,19.56,13220,0
