Date,Time,Open,High,Low,Close,Volume,OpenInt
2016-05-31,15:55:00,4.95,4.95,4.94,4.95,900,0
2016-05-31,16:00:00,4.91,4.91,4.91,4.91,100,0
2016-05-31,16:10:00,4.9,4.9,4.9,4.9,250,0
2016-05-31,16:15:00,4.9,4.92,4.9,4.92,700,0
2016-05-31,16:45:00,4.92,4.92,4.86,4.86,625,0
2016-05-31,16:50:00,4.91,4.91,4.84,4.84,600,0
2016-05-31,16:55:00,4.854,4.88,4.84,4.84,1400,0
2016-05-31,17:05:00,4.88,4.88,4.88,4.88,200,0
2016-05-31,17:10:00,4.88,4.88,4.8301,4.8301,803,0
2016-05-31,17:15:00,4.84,4.85,4.835,4.85,3023,0
2016-05-31,17:20:00,4.8501,4.8501,4.8501,4.8501,100,0
2016-05-31,17:35:00,4.86,4.86,4.85,4.85,1000,0
2016-05-31,17:40:00,4.85,4.88,4.85,4.8501,800,0
2016-05-31,17:45:00,4.88,4.89,4.88,4.89,400,0
2016-05-31,17:50:00,4.88,4.88,4.83,4.83,3006,0
2016-05-31,18:00:00,4.85,4.85,4.83,4.83,1500,0
2016-05-31,18:30:00,4.83,4.83,4.8,4.8,900,0
2016-05-31,18:35:00,4.8,4.8,4.75,4.75,3200,0
2016-05-31,18:45:00,4.76,4.76,4.74,4.74,2600,0
2016-05-31,18:50:00,4.82,4.82,4.74,4.81,800,0
2016-05-31,18:55:00,4.78,4.78,4.77,4.77,1100,0
2016-05-31,19:00:00,4.82,4.82,4.82,4.82,100,0
2016-05-31,19:05:00,4.79,4.79,4.79,4.79,200,0
2016-05-31,19:15:00,4.77,4.782,4.77,4.77,900,0
2016-05-31,19:25:00,4.77,4.77,4.77,4.77,100,0
2016-05-31,19:50:00,4.77,4.77,4.75,4.75,400,0
2016-05-31,20:10:00,4.75,4.75,4.75,4.75,100,0
2016-05-31,20:15:00,4.7499,4.7499,4.7499,4.7499,500,0
2016-05-31,20:55:00,4.72,4.72,4.72,4.72,200,0
2016-05-31,21:20:00,4.68,4.71,4.66,4.66,700,0
2016-05-31,21:25:00,4.68,4.68,4.675,4.675,300,0
2016-05-31,21:30:00,4.675,4.69,4.675,4.6825,1300,0
2016-05-31,21:40:00,4.71,4.71,4.71,4.71,428,0
2016-05-31,21:45:00,4.71,4.71,4.705,4.705,400,0
2016-05-31,21:50:00,4.6974,4.6974,4.6901,4.6901,394,0
2016-05-31,21:55:00,4.695,4.71,4.69,4.7,1111,0
2016-05-31,22:00:00,4.73,4.73,4.69,4.69,1598,0
2016-06-01,15:35:00,4.65,4.65,4.64,4.64,1440,0
2016-06-01,15:40:00,4.61,4.61,4.61,4.61,600,0
2016-06-01,15:45:00,4.61,4.618,4.61,4.61,2100,0
2016-06-01,15:50:00,4.61,4.63,4.61,4.63,2200,0
2016-06-01,15:55:00,4.61,4.61,4.61,4.61,500,0
2016-06-01,16:00:00,4.616,4.616,4.616,4.616,361,0
2016-06-01,16:10:00,4.61,4.61,4.61,4.61,100,0
2016-06-01,16:15:00,4.616,4.616,4.61,4.61,800,0
2016-06-01,16:20:00,4.61,4.6101,4.61,4.6101,400,0
2016-06-01,16:25:00,4.61,4.6101,4.61,4.6101,300,0
2016-06-01,16:30:00,4.614,4.63,4.61,4.61,500,0
2016-06-01,16:35:00,4.63,4.63,4.61,4.61,500,0
2016-06-01,16:45:00,4.61,4.61,4.61,4.61,300,0
2016-06-01,16:50:00,4.61,4.63,4.61,4.61,5100,0
2016-06-01,16:55:00,4.61,4.61,4.61,4.61,100,0
2016-06-01,17:00:00,4.612,4.612,4.612,4.612,100,0
2016-06-01,17:05:00,4.61,4.62,4.61,4.61,2000,0
2016-06-01,17:10:00,4.615,4.62,4.61,4.61,300,0
2016-06-01,17:15:00,4.62,4.63,4.61,4.62,3934,0
2016-06-01,17:20:00,4.62,4.63,4.611,4.611,500,0
2016-06-01,17:25:00,4.61,4.6101,4.61,4.6101,600,0
2016-06-01,17:30:00,4.63,4.63,4.61,4.61,200,0
2016-06-01,17:35:00,4.63,4.63,4.63,4.63,100,0
2016-06-01,17:40:00,4.63,4.63,4.61,4.61,500,0
2016-06-01,17:45:00,4.614,4.614,4.61,4.61,990,0
2016-06-01,18:05:00,4.612,4.612,4.61,4.61,900,0
2016-06-01,18:10:00,4.6101,4.62,4.61,4.6101,2200,0
2016-06-01,18:40:00,4.62,4.62,4.62,4.62,100,0
2016-06-01,18:45:00,4.61,4.62,4.61,4.6101,400,0
2016-06-01,18:50:00,4.61,4.6101,4.61,4.6101,600,0
2016-06-01,18:55:00,4.61,4.611,4.61,4.611,400,0
2016-06-01,19:00:00,4.61,4.6101,4.61,4.6101,1000,0
2016-06-01,19:05:00,4.62,4.62,4.6101,4.6101,300,0
2016-06-01,19:15:00,4.62,4.62,4.62,4.62,100,0
2016-06-01,19:20:00,4.61,4.612,4.61,4.61,1300,0
2016-06-01,19:25:00,4.62,4.62,4.61,4.62,400,0
2016-06-01,19:30:00,4.62,4.62,4.615,4.615,300,0
2016-06-01,19:35:00,4.62,4.62,4.6101,4.6101,400,0
2016-06-01,20:05:00,4.61,4.61,4.61,4.61,300,0
2016-06-01,20:15:00,4.6101,4.6101,4.6101,4.6101,100,0
2016-06-01,20:20:00,4.615,4.62,4.61,4.61,400,0
2016-06-01,20:30:00,4.62,4.62,4.6101,4.6101,300,0
2016-06-01,20:45:00,4.62,4.62,4.61,4.61,400,0
2016-06-01,21:00:00,4.615,4.615,4.61,4.6101,300,0
2016-06-01,21:05:00,4.62,4.62,4.61,4.61,400,0
2016-06-01,21:10:00,4.61,4.62,4.61,4.61,1190,0
2016-06-01,21:15:00,4.6116,4.6116,4.6116,4.6116,100,0
2016-06-01,21:25:00,4.6116,4.6116,4.6101,4.6116,400,0
2016-06-01,21:30:00,4.6116,4.6116,4.61,4.61,400,0
2016-06-01,21:35:00,4.6116,4.62,4.6101,4.6101,762,0
2016-06-01,21:40:00,4.62,4.62,4.61,4.62,300,0
2016-06-01,21:45:00,4.6116,4.62,4.61,4.62,300,0
2016-06-01,21:50:00,4.62,4.62,4.6101,4.6101,300,0
2016-06-01,21:55:00,4.62,4.62,4.61,4.61,1200,0
2016-06-01,22:00:00,4.61,4.62,4.61,4.61,5240,0
2016-06-02,15:50:00,4.53,4.5328,4.52,4.52,1600,0
2016-06-02,16:05:00,4.5,4.5,4.46,4.46,1978,0
2016-06-02,16:10:00,4.46,4.46,4.42,4.4201,1300,0
2016-06-02,16:15:00,4.44,4.46,4.42,4.42,300,0
2016-06-02,16:25:00,4.41,4.41,4.41,4.41,100,0
2016-06-02,16:30:00,4.3914,4.3914,4.38,4.38,1447,0
2016-06-02,16:35:00,4.3955,4.4,4.35,4.3501,6572,0
2016-06-02,16:40:00,4.35,4.35,4.3,4.3001,8190,0
2016-06-02,16:50:00,4.31,4.31,4.29,4.3008,2700,0
2016-06-02,16:55:00,4.3,4.3,4.3,4.3,200,0
2016-06-02,17:00:00,4.31,4.31,4.31,4.31,300,0
2016-06-02,17:05:00,4.305,4.31,4.305,4.31,300,0
2016-06-02,17:10:00,4.31,4.31,4.3001,4.3001,300,0
2016-06-02,17:30:00,4.3,4.3,4.3,4.3,100,0
2016-06-02,17:35:00,4.287,4.287,4.28,4.28,445,0
2016-06-02,17:40:00,4.28,4.2999,4.28,4.28,3900,0
2016-06-02,17:55:00,4.28,4.28,4.28,4.28,100,0
2016-06-02,18:10:00,4.28,4.28,4.28,4.28,100,0
2016-06-02,18:15:00,4.28,4.28,4.28,4.28,100,0
2016-06-02,18:30:00,4.29,4.29,4.29,4.29,100,0
2016-06-02,18:45:00,4.29,4.3,4.29,4.3,200,0
2016-06-02,18:55:00,4.3,4.3,4.3,4.3,600,0
2016-06-02,19:05:00,4.33,4.34,4.33,4.34,1400,0
2016-06-02,19:10:00,4.34,4.34,4.34,4.34,700,0
2016-06-02,19:15:00,4.36,4.36,4.36,4.36,100,0
2016-06-02,19:30:00,4.36,4.36,4.36,4.36,100,0
2016-06-02,19:35:00,4.34,4.34,4.3,4.3,1000,0
2016-06-02,20:00:00,4.3,4.3,4.3,4.3,100,0
2016-06-02,20:10:00,4.325,4.33,4.325,4.33,1000,0
2016-06-02,20:20:00,4.3299,4.3299,4.3299,4.3299,400,0
2016-06-02,20:25:00,4.32,4.32,4.32,4.32,1200,0
2016-06-02,20:30:00,4.3,4.3,4.3,4.3,100,0
2016-06-02,21:00:00,4.2811,4.2811,4.26,4.26,1976,0
2016-06-02,21:15:00,4.24,4.24,4.24,4.24,100,0
2016-06-02,21:25:00,4.27,4.27,4.24,4.24,900,0
2016-06-02,21:30:00,4.252,4.252,4.22,4.22,1000,0
2016-06-02,21:35:00,4.24,4.24,4.22,4.22,1430,0
2016-06-02,21:40:00,4.23,4.23,4.23,4.23,100,0
2016-06-02,21:45:00,4.24,4.24,4.24,4.24,100,0
2016-06-02,21:50:00,4.2899,4.2899,4.28,4.28,1900,0
2016-06-02,21:55:00,4.25,4.28,4.25,4.28,200,0
2016-06-02,22:00:00,4.27,4.27,4.19,4.19,2200,0
2016-06-03,15:35:00,4.14,4.14,4.06,4.06,2481,0
2016-06-03,15:40:00,4.1602,4.24,4.1,4.24,1448,0
2016-06-03,15:50:00,4.24,4.24,4.24,4.24,541,0
2016-06-03,16:05:00,4.39,4.39,4.39,4.39,100,0
2016-06-03,16:10:00,4.38,4.38,4.38,4.38,100,0
2016-06-03,16:40:00,4.2799,4.2799,4.2799,4.2799,100,0
2016-06-03,16:50:00,4.273,4.273,4.273,4.273,400,0
2016-06-03,16:55:00,4.26,4.26,4.26,4.26,100,0
2016-06-03,17:25:00,4.27,4.27,4.27,4.27,100,0
2016-06-03,17:30:00,4.27,4.27,4.27,4.27,100,0
2016-06-03,17:50:00,4.2595,4.2595,4.2595,4.2595,500,0
2016-06-03,18:20:00,4.27,4.27,4.27,4.27,200,0
2016-06-03,18:35:00,4.26,4.31,4.26,4.31,300,0
2016-06-03,18:55:00,4.3,4.3,4.3,4.3,300,0
2016-06-03,19:00:00,4.3,4.3,4.3,4.3,300,0
2016-06-03,19:10:00,4.3,4.3,4.3,4.3,500,0
2016-06-03,19:20:00,4.2,4.2,4.2,4.2,100,0
2016-06-03,19:25:00,4.29,4.3,4.29,4.3,200,0
2016-06-03,19:40:00,4.31,4.31,4.2596,4.2596,1200,0
2016-06-03,20:05:00,4.22,4.22,4.22,4.22,100,0
2016-06-03,20:55:00,4.23,4.23,4.23,4.23,100,0
2016-06-03,21:00:00,4.27,4.27,4.27,4.27,100,0
2016-06-03,21:10:00,4.26,4.26,4.26,4.26,300,0
2016-06-03,21:15:00,4.2511,4.26,4.25,4.2599,1200,0
2016-06-03,21:30:00,4.25,4.26,4.25,4.26,800,0
2016-06-03,21:40:00,4.26,4.26,4.26,4.26,100,0
2016-06-03,22:00:00,4.24,4.24,4.24,4.24,615,0
2016-06-06,15:35:00,4.26,4.26,4.26,4.26,300,0
2016-06-06,15:45:00,4.1801,4.1801,4.1801,4.1801,1000,0
2016-06-06,15:50:00,4.26,4.26,4.26,4.26,100,0
2016-06-06,15:55:00,4.26,4.26,4.26,4.26,433,0
2016-06-06,16:15:00,4.38,4.48,4.37,4.3701,1580,0
2016-06-06,16:20:00,4.355,4.3804,4.34,4.3804,700,0
2016-06-06,16:50:00,4.43,4.43,4.43,4.43,100,0
2016-06-06,17:00:00,4.229,4.229,4.229,4.229,399,0
2016-06-06,17:15:00,4.37,4.445,4.37,4.445,400,0
2016-06-06,17:20:00,4.42,4.42,4.4116,4.4116,1100,0
2016-06-06,17:25:00,4.44,4.44,4.44,4.44,100,0
2016-06-06,17:30:00,4.43,4.43,4.43,4.43,200,0
2016-06-06,17:35:00,4.4396,4.47,4.39,4.39,1900,0
2016-06-06,17:45:00,4.4,4.4,4.4,4.4,200,0
2016-06-06,17:50:00,4.395,4.395,4.395,4.395,100,0
2016-06-06,17:55:00,4.44,4.44,4.44,4.44,100,0
2016-06-06,18:05:00,4.39,4.39,4.39,4.39,200,0
2016-06-06,18:10:00,4.43,4.43,4.43,4.43,100,0
2016-06-06,18:25:00,4.43,4.43,4.43,4.43,100,0
2016-06-06,18:40:00,4.44,4.44,4.44,4.44,180,0
2016-06-06,18:45:00,4.42,4.42,4.42,4.42,100,0
2016-06-06,19:15:00,4.42,4.42,4.42,4.42,100,0
2016-06-06,19:20:00,4.378,4.378,4.378,4.378,350,0
2016-06-06,19:30:00,4.39,4.39,4.39,4.39,100,0
2016-06-06,20:00:00,4.43,4.43,4.405,4.405,200,0
2016-06-06,20:25:00,4.43,4.44,4.43,4.44,200,0
2016-06-06,20:50:00,4.45,4.45,4.45,4.45,100,0
2016-06-06,20:55:00,4.45,4.45,4.45,4.45,100,0
2016-06-06,21:05:00,4.4332,4.4332,4.4332,4.4332,2000,0
2016-06-06,21:10:00,4.43,4.438,4.43,4.438,3000,0
2016-06-06,21:20:00,4.43,4.43,4.43,4.43,100,0
2016-06-06,21:25:00,4.43,4.43,4.425,4.425,400,0
2016-06-06,21:30:00,4.42,4.425,4.42,4.425,1000,0
2016-06-06,21:35:00,4.42,4.425,4.41,4.41,800,0
2016-06-06,21:40:00,4.3601,4.3601,4.34,4.34,1900,0
2016-06-06,21:45:00,4.31,4.31,4.2,4.25,7416,0
2016-06-06,21:55:00,4.3203,4.3203,4.28,4.28,4365,0
2016-06-06,22:00:00,4.29,4.3,4.29,4.3,1187,0
2016-06-07,15:35:00,4.35,4.35,4.35,4.35,200,0
2016-06-07,15:40:00,4.37,4.37,4.37,4.37,200,0
2016-06-07,15:45:00,4.24,4.37,4.2201,4.2201,1300,0
2016-06-07,15:50:00,4.25,4.2856,4.25,4.2856,400,0
2016-06-07,16:20:00,4.325,4.325,4.325,4.325,100,0
2016-06-07,16:40:00,4.37,4.37,4.37,4.37,100,0
2016-06-07,17:10:00,4.325,4.325,4.325,4.325,100,0
2016-06-07,17:55:00,4.4,4.4,4.34,4.35,300,0
2016-06-07,18:10:00,4.4,4.4,4.4,4.4,100,0
2016-06-07,18:40:00,4.3725,4.431,4.3725,4.431,5200,0
2016-06-07,19:00:00,4.37,4.4,4.37,4.4,1843,0
2016-06-07,19:25:00,4.3555,4.3555,4.3555,4.3555,100,0
2016-06-07,20:25:00,4.38,4.38,4.37,4.37,400,0
2016-06-07,20:50:00,4.41,4.41,4.41,4.41,100,0
2016-06-07,21:00:00,4.4,4.4,4.4,4.4,500,0
2016-06-07,21:15:00,4.4,4.4,4.4,4.4,100,0
2016-06-07,22:00:00,4.35,4.375,4.34,4.34,1090,0
2016-06-08,15:35:00,4.35,4.35,4.35,4.35,300,0
2016-06-08,15:40:00,4.38,4.39,4.38,4.38,300,0
2016-06-08,15:50:00,4.365,4.39,4.365,4.39,200,0
2016-06-08,15:55:00,4.39,4.39,4.35,4.35,209,0
2016-06-08,16:05:00,4.4,4.4,4.4,4.4,1000,0
2016-06-08,16:15:00,4.3999,4.3999,4.3999,4.3999,600,0
2016-06-08,16:20:00,4.4,4.4,4.4,4.4,200,0
2016-06-08,16:25:00,4.4,4.4,4.4,4.4,100,0
2016-06-08,16:30:00,4.39,4.39,4.39,4.39,200,0
2016-06-08,16:35:00,4.38,4.38,4.38,4.38,100,0
2016-06-08,16:55:00,4.4,4.405,4.39,4.39,800,0
2016-06-08,17:15:00,4.39,4.4,4.35,4.4,500,0
2016-06-08,17:20:00,4.38,4.38,4.38,4.38,100,0
2016-06-08,17:25:00,4.32,4.32,4.31,4.31,400,0
2016-06-08,17:45:00,4.29,4.29,4.29,4.29,100,0
2016-06-08,18:05:00,4.31,4.31,4.31,4.31,200,0
2016-06-08,18:15:00,4.34,4.34,4.34,4.34,100,0
2016-06-08,18:30:00,4.37,4.37,4.37,4.37,100,0
2016-06-08,18:50:00,4.38,4.395,4.36,4.395,500,0
2016-06-08,19:00:00,4.38,4.38,4.37,4.37,410,0
2016-06-08,19:55:00,4.37,4.37,4.37,4.37,100,0
2016-06-08,20:10:00,4.37,4.37,4.36,4.36,200,0
2016-06-08,20:20:00,4.35,4.35,4.35,4.35,100,0
2016-06-08,20:35:00,4.35,4.35,4.35,4.35,100,0
2016-06-08,20:40:00,4.35,4.35,4.35,4.35,100,0
2016-06-08,20:45:00,4.335,4.35,4.335,4.35,200,0
2016-06-08,20:50:00,4.36,4.36,4.36,4.36,100,0
2016-06-08,21:10:00,4.37,4.37,4.37,4.37,100,0
2016-06-08,21:30:00,4.37,4.38,4.37,4.38,200,0
2016-06-08,21:40:00,4.4,4.4,4.4,4.4,100,0
2016-06-08,21:45:00,4.41,4.41,4.41,4.41,100,0
2016-06-08,21:55:00,4.41,4.41,4.41,4.41,100,0
2016-06-08,22:00:00,4.4,4.41,4.3899,4.3899,1380,0
2016-06-09,15:35:00,4.34,4.34,4.34,4.34,300,0
2016-06-09,15:40:00,4.18,4.2,4.18,4.2,300,0
2016-06-09,15:45:00,4.21,4.25,4.21,4.25,1600,0
2016-06-09,15:50:00,4.12,4.13,4.12,4.13,200,0
2016-06-09,15:55:00,4.19,4.19,4.19,4.19,100,0
2016-06-09,16:00:00,4.19,4.19,4.19,4.19,100,0
2016-06-09,16:05:00,4.19,4.19,4.19,4.19,100,0
2016-06-09,16:10:00,4.18,4.18,4.18,4.18,100,0
2016-06-09,16:20:00,4.18,4.18,4.18,4.18,100,0
2016-06-09,16:25:00,4.26,4.26,4.235,4.235,200,0
2016-06-09,16:30:00,4.23,4.23,4.22,4.22,200,0
2016-06-09,16:40:00,4.21,4.245,4.21,4.245,200,0
2016-06-09,16:50:00,4.26,4.26,4.25,4.25,300,0
2016-06-09,17:05:00,4.25,4.25,4.25,4.25,100,0
2016-06-09,17:15:00,4.25,4.25,4.25,4.25,100,0
2016-06-09,17:20:00,4.25,4.25,4.25,4.25,100,0
2016-06-09,17:30:00,4.25,4.25,4.22,4.25,2560,0
2016-06-09,18:15:00,4.2,4.2,4.2,4.2,100,0
2016-06-09,18:25:00,4.2,4.2,4.2,4.2,100,0
2016-06-09,18:40:00,4.2,4.2,4.2,4.2,100,0
2016-06-09,18:50:00,4.2,4.2,4.2,4.2,100,0
2016-06-09,19:05:00,4.1,4.1,4.1,4.1,100,0
2016-06-09,19:15:00,4.11,4.11,4.11,4.11,100,0
2016-06-09,19:20:00,4.21,4.21,4.21,4.21,200,0
2016-06-09,19:55:00,4.16,4.16,4.16,4.16,100,0
2016-06-09,20:05:00,4.15,4.15,4.1405,4.1405,200,0
2016-06-09,20:15:00,4.12,4.12,4.12,4.12,100,0
2016-06-09,20:25:00,4.1778,4.1778,4.09,4.09,1150,0
2016-06-09,20:30:00,4.101,4.101,4.101,4.101,1000,0
2016-06-09,20:35:00,4.09,4.09,4.09,4.09,100,0
2016-06-09,20:45:00,4.1,4.1,4.1,4.1,100,0
2016-06-09,20:50:00,4.18,4.18,4.18,4.18,100,0
2016-06-09,20:55:00,4.12,4.12,4.12,4.12,100,0
2016-06-09,21:00:00,4.18,4.18,4.18,4.18,100,0
2016-06-09,21:05:00,4.14,4.14,4.14,4.14,100,0
2016-06-09,21:15:00,4.11,4.14,4.11,4.14,200,0
2016-06-09,21:20:00,4.1592,4.1592,4.12,4.12,3100,0
2016-06-09,21:30:00,4.1,4.1,4.1,4.1,100,0
2016-06-09,21:40:00,4.11,4.11,4.11,4.11,100,0
2016-06-09,21:45:00,4.17,4.17,4.17,4.17,100,0
2016-06-09,21:50:00,4.13,4.13,4.13,4.13,200,0
2016-06-09,21:55:00,4.15,4.17,4.14,4.17,2300,0
2016-06-09,22:00:00,4.14,4.18,4.14,4.17,600,0
2016-06-10,15:35:00,4.09,4.225,4.09,4.225,6400,0
2016-06-10,15:40:00,4.12,4.18,4.12,4.18,400,0
2016-06-10,15:45:00,4.22,4.22,4.22,4.22,200,0
2016-06-10,16:20:00,4.24,4.24,4.24,4.24,100,0
2016-06-10,16:55:00,4.13,4.21,4.13,4.21,2538,0
2016-06-10,17:30:00,4.125,4.125,4.125,4.125,200,0
2016-06-10,17:45:00,4.247,4.247,4.247,4.247,100,0
2016-06-10,17:55:00,4.1,4.16,4.1,4.16,200,0
2016-06-10,18:05:00,4.18,4.25,4.17,4.25,800,0
2016-06-10,18:20:00,4.24,4.24,4.24,4.24,100,0
2016-06-10,18:25:00,4.07,4.07,4.07,4.07,100,0
2016-06-10,18:45:00,4.07,4.07,4.07,4.07,100,0
2016-06-10,19:00:00,4.06,4.06,4.06,4.06,100,0
2016-06-10,19:15:00,4.16,4.18,4.115,4.115,2000,0
2016-06-10,19:20:00,4.06,4.1899,4.06,4.1899,600,0
2016-06-10,19:35:00,4.19,4.19,4.19,4.19,100,0
2016-06-10,19:55:00,4.06,4.06,4.06,4.06,100,0
2016-06-10,20:00:00,4.1599,4.1599,4.1599,4.1599,350,0
2016-06-10,20:10:00,4.06,4.06,4.06,4.06,100,0
2016-06-10,20:25:00,4.06,4.11,4.06,4.11,1689,0
2016-06-10,20:30:00,4.14,4.14,4.12,4.12,200,0
2016-06-10,20:35:00,4.15,4.15,4.15,4.15,100,0
2016-06-10,20:45:00,4.16,4.16,4.16,4.16,100,0
2016-06-10,20:50:00,4.09,4.12,4.09,4.12,200,0
2016-06-10,20:55:00,4.12,4.12,4.09,4.09,200,0
2016-06-10,21:10:00,4.06,4.11,4.06,4.11,200,0
2016-06-10,21:20:00,4.15,4.15,4.06,4.06,300,0
2016-06-10,21:25:00,4.095,4.095,4.095,4.095,100,0
2016-06-10,21:30:00,4.14,4.14,4.14,4.14,100,0
2016-06-10,21:35:00,4.11,4.11,4.0666,4.0666,1289,0
2016-06-10,21:40:00,4.05,4.11,4.05,4.11,200,0
2016-06-10,21:50:00,4.11,4.11,4.06,4.06,200,0
2016-06-10,21:55:00,4.11,4.14,4.08,4.11,1100,0
2016-06-10,22:00:00,4.09,4.11,4.09,4.11,774,0
2016-06-13,15:35:00,4.09,4.33,4.09,4.33,200,0
2016-06-13,15:40:00,4.19,4.19,4.19,4.19,100,0
2016-06-13,15:45:00,4.16,4.16,4.15,4.15,200,0
2016-06-13,15:50:00,4.15,4.15,4.15,4.15,100,0
2016-06-13,15:55:00,4.15,4.15,4.13,4.13,200,0
2016-06-13,16:00:00,4.11,4.17,4.11,4.17,1300,0
2016-06-13,16:05:00,4.1577,4.2,4.1577,4.1899,1000,0
2016-06-13,16:10:00,4.19,4.19,4.19,4.19,100,0
2016-06-13,16:15:00,4.19,4.19,4.19,4.19,100,0
2016-06-13,16:25:00,4.19,4.19,4.19,4.19,100,0
2016-06-13,16:30:00,4.19,4.19,4.19,4.19,100,0
2016-06-13,16:35:00,4.2,4.2,4.2,4.2,300,0
2016-06-13,16:40:00,4.22,4.22,4.22,4.22,100,0
2016-06-13,16:45:00,4.22,4.22,4.22,4.22,200,0
2016-06-13,16:50:00,4.22,4.22,4.22,4.22,100,0
2016-06-13,16:55:00,4.21,4.21,4.21,4.21,100,0
2016-06-13,17:00:00,4.21,4.21,4.21,4.21,100,0
2016-06-13,17:10:00,4.2,4.2,4.2,4.2,100,0
2016-06-13,17:20:00,4.2,4.2,4.2,4.2,100,0
2016-06-13,17:25:00,4.2,4.2,4.2,4.2,200,0
2016-06-13,17:35:00,4.2,4.2,4.2,4.2,100,0
2016-06-13,17:40:00,4.2,4.2,4.2,4.2,400,0
2016-06-13,17:45:00,4.2,4.2,4.2,4.2,100,0
2016-06-13,17:55:00,4.2,4.2,4.2,4.2,200,0
2016-06-13,18:00:00,4.2,4.2,4.195,4.195,200,0
2016-06-13,18:05:00,4.2,4.2,4.2,4.2,100,0
2016-06-13,18:10:00,4.21,4.22,4.18,4.18,400,0
2016-06-13,18:25:00,4.21,4.21,4.21,4.21,100,0
2016-06-13,18:35:00,4.22,4.22,4.22,4.22,100,0
2016-06-13,18:40:00,4.23,4.23,4.23,4.23,200,0
2016-06-13,18:45:00,4.18,4.18,4.17,4.17,200,0
2016-06-13,18:55:00,4.21,4.21,4.21,4.21,100,0
2016-06-13,19:05:00,4.23,4.23,4.23,4.23,100,0
2016-06-13,19:10:00,4.23,4.23,4.23,4.23,100,0
2016-06-13,19:20:00,4.22,4.22,4.22,4.22,100,0
2016-06-13,19:30:00,4.22,4.22,4.22,4.22,100,0
2016-06-13,19:40:00,4.16,4.16,4.16,4.16,100,0
2016-06-13,19:55:00,4.18,4.18,4.18,4.18,100,0
2016-06-13,20:00:00,4.18,4.18,4.18,4.18,100,0
2016-06-13,20:05:00,4.18,4.18,4.18,4.18,100,0
2016-06-13,20:10:00,4.155,4.17,4.155,4.16,900,0
2016-06-13,20:15:00,4.2,4.2,4.2,4.2,100,0
2016-06-13,20:25:00,4.2,4.2,4.2,4.2,200,0
2016-06-13,20:30:00,4.2,4.2,4.2,4.2,100,0
2016-06-13,20:35:00,4.2,4.2,4.2,4.2,100,0
2016-06-13,20:45:00,4.19,4.19,4.16,4.16,300,0
2016-06-13,20:55:00,4.19,4.19,4.19,4.19,100,0
2016-06-13,21:00:00,4.19,4.19,4.19,4.19,100,0
2016-06-13,21:05:00,4.19,4.19,4.19,4.19,100,0
2016-06-13,21:10:00,4.19,4.19,4.19,4.19,100,0
2016-06-13,21:20:00,4.18,4.18,4.18,4.18,100,0
2016-06-13,21:25:00,4.1362,4.18,4.1362,4.18,1530,0
2016-06-13,21:35:00,4.18,4.18,4.18,4.18,200,0
2016-06-13,21:40:00,4.18,4.18,4.17,4.18,400,0
2016-06-13,21:45:00,4.17,4.17,4.17,4.17,100,0
2016-06-13,21:50:00,4.17,4.17,4.17,4.17,500,0
2016-06-13,21:55:00,4.17,4.24,4.14,4.24,2600,0
2016-06-13,22:00:00,4.23,4.23,4.18,4.18,1400,0
2016-06-14,15:35:00,4.19,4.19,4.19,4.19,249,0
2016-06-14,15:50:00,4.28,4.3,4.2412,4.2412,1200,0
2016-06-14,15:55:00,4.18,4.18,4.17,4.17,300,0
2016-06-14,16:00:00,4.19,4.2,4.19,4.2,600,0
2016-06-14,16:25:00,4.177,4.177,4.177,4.177,1000,0
2016-06-14,16:40:00,4.16,4.2,4.16,4.16,1600,0
2016-06-14,16:55:00,4.18,4.18,4.18,4.18,100,0
2016-06-14,17:10:00,4.11,4.142,4.11,4.142,301,0
2016-06-14,17:15:00,4.17,4.21,4.165,4.2,3400,0
2016-06-14,17:30:00,4.25,4.25,4.25,4.25,100,0
2016-06-14,17:35:00,4.246,4.246,4.241,4.241,500,0
2016-06-14,17:45:00,4.25,4.25,4.25,4.25,100,0
2016-06-14,17:50:00,4.23,4.231,4.23,4.231,1000,0
2016-06-14,18:00:00,4.24,4.24,4.24,4.24,100,0
2016-06-14,18:50:00,4.24,4.24,4.24,4.24,100,0
2016-06-14,19:15:00,4.16,4.16,4.16,4.16,300,0
2016-06-14,19:30:00,4.16,4.16,4.16,4.16,200,0
2016-06-14,19:40:00,4.22,4.22,4.22,4.22,100,0
2016-06-14,20:20:00,4.18,4.18,4.18,4.18,100,0
2016-06-14,20:35:00,4.18,4.21,4.18,4.21,200,0
2016-06-14,20:40:00,4.21,4.25,4.21,4.25,2700,0
2016-06-14,20:45:00,4.3,4.3,4.3,4.3,100,0
2016-06-14,21:20:00,4.245,4.29,4.245,4.29,300,0
2016-06-14,21:30:00,4.28,4.28,4.28,4.28,100,0
2016-06-14,21:40:00,4.3,4.3,4.3,4.3,100,0
2016-06-14,21:55:00,4.3,4.3,4.3,4.3,100,0
2016-06-14,22:00:00,4.26,4.3,4.26,4.26,1460,0
2016-06-15,15:35:00,4.3,4.3,4.3,4.3,682,0
2016-06-15,15:40:00,4.3179,4.3179,4.3179,4.3179,100,0
2016-06-15,15:45:00,4.32,4.32,4.32,4.32,100,0
2016-06-15,15:50:00,4.22,4.28,4.22,4.28,300,0
2016-06-15,16:00:00,4.28,4.28,4.205,4.205,700,0
2016-06-15,16:30:00,4.3,4.3,4.3,4.3,100,0
2016-06-15,16:35:00,4.29,4.3,4.29,4.3,200,0
2016-06-15,16:40:00,4.2999,4.3,4.2999,4.3,200,0
2016-06-15,16:45:00,4.3,4.3,4.3,4.3,200,0
2016-06-15,16:55:00,4.3,4.3,4.29,4.29,200,0
2016-06-15,17:10:00,4.2895,4.29,4.28,4.29,300,0
2016-06-15,17:15:00,4.28,4.3,4.26,4.3,700,0
2016-06-15,17:25:00,4.3076,4.31,4.3076,4.31,1127,0
2016-06-15,17:30:00,4.31,4.31,4.31,4.31,100,0
2016-06-15,17:40:00,4.31,4.31,4.31,4.31,100,0
2016-06-15,17:50:00,4.31,4.31,4.31,4.31,200,0
2016-06-15,18:00:00,4.298,4.298,4.298,4.298,100,0
2016-06-15,18:05:00,4.2995,4.3,4.29,4.3,300,0
2016-06-15,18:15:00,4.2995,4.3,4.28,4.3,600,0
2016-06-15,18:40:00,4.3,4.3,4.3,4.3,200,0
2016-06-15,18:55:00,4.3,4.3,4.3,4.3,100,0
2016-06-15,19:05:00,4.3,4.32,4.3,4.32,2321,0
2016-06-15,19:15:00,4.3,4.31,4.3,4.31,700,0
2016-06-15,19:20:00,4.2999,4.32,4.2999,4.32,700,0
2016-06-15,19:25:00,4.3,4.3,4.3,4.3,800,0
2016-06-15,19:35:00,4.3,4.32,4.3,4.31,500,0
2016-06-15,19:45:00,4.32,4.32,4.32,4.32,100,0
2016-06-15,19:50:00,4.32,4.32,4.3,4.3,400,0
2016-06-15,20:00:00,4.31,4.31,4.31,4.31,100,0
2016-06-15,20:05:00,4.31,4.34,4.31,4.34,1100,0
2016-06-15,20:20:00,4.33,4.33,4.33,4.33,100,0
2016-06-15,20:25:00,4.33,4.33,4.3299,4.3299,1100,0
2016-06-15,20:30:00,4.34,4.34,4.34,4.34,100,0
2016-06-15,20:35:00,4.33,4.34,4.33,4.34,700,0
2016-06-15,20:40:00,4.34,4.34,4.33,4.34,500,0
2016-06-15,20:45:00,4.34,4.34,4.34,4.34,300,0
2016-06-15,20:50:00,4.35,4.35,4.35,4.35,100,0
2016-06-15,20:55:00,4.35,4.35,4.35,4.35,100,0
2016-06-15,21:00:00,4.38,4.38,4.325,4.34,1200,0
2016-06-15,21:05:00,4.33,4.33,4.33,4.33,200,0
2016-06-15,21:10:00,4.33,4.37,4.33,4.37,700,0
2016-06-15,21:15:00,4.37,4.38,4.3101,4.34,1000,0
2016-06-15,21:20:00,4.36,4.36,4.36,4.36,100,0
2016-06-15,21:25:00,4.36,4.36,4.36,4.36,100,0
2016-06-15,21:30:00,4.37,4.37,4.37,4.37,100,0
2016-06-15,21:40:00,4.37,4.37,4.37,4.37,100,0
2016-06-15,21:45:00,4.37,4.37,4.3101,4.32,1000,0
2016-06-15,21:50:00,4.31,4.31,4.31,4.31,100,0
2016-06-15,21:55:00,4.3,4.3,4.3,4.3,1200,0
2016-06-15,22:00:00,4.3,4.31,4.26,4.28,882,0
2016-06-16,15:35:00,4.27,4.27,4.27,4.27,574,0
2016-06-16,15:50:00,4.17,4.17,4.17,4.17,100,0
2016-06-16,16:00:00,4.16,4.16,4.16,4.16,400,0
2016-06-16,16:05:00,4.17,4.17,4.16,4.16,400,0
2016-06-16,16:15:00,4.1899,4.1899,4.1899,4.1899,500,0
2016-06-16,16:30:00,4.16,4.16,4.16,4.16,100,0
2016-06-16,16:40:00,4.17,4.175,4.17,4.17,500,0
2016-06-16,17:20:00,4.19,4.19,4.19,4.19,500,0
2016-06-16,17:30:00,4.22,4.22,4.22,4.22,100,0
2016-06-16,18:40:00,4.28,4.28,4.249,4.2599,1400,0
2016-06-16,19:00:00,4.277,4.277,4.277,4.277,600,0
2016-06-16,19:10:00,4.34,4.34,4.34,4.34,100,0
2016-06-16,19:20:00,4.22,4.22,4.22,4.22,200,0
2016-06-16,19:35:00,4.23,4.23,4.23,4.23,300,0
2016-06-16,19:45:00,4.29,4.29,4.29,4.29,220,0
2016-06-16,19:50:00,4.34,4.34,4.34,4.34,100,0
2016-06-16,19:55:00,4.25,4.25,4.25,4.25,100,0
2016-06-16,20:05:00,4.25,4.27,4.24,4.27,400,0
2016-06-16,20:30:00,4.29,4.35,4.29,4.35,300,0
2016-06-16,20:35:00,4.35,4.35,4.34,4.34,400,0
2016-06-16,20:40:00,4.2801,4.35,4.2801,4.35,700,0
2016-06-16,20:50:00,4.39,4.39,4.39,4.39,100,0
2016-06-16,21:45:00,4.35,4.35,4.35,4.35,100,0
2016-06-16,21:50:00,4.36,4.36,4.36,4.36,100,0
2016-06-16,21:55:00,4.35,4.42,4.35,4.42,2300,0
2016-06-16,22:00:00,4.42,4.46,4.35,4.41,7400,0
2016-06-17,15:35:00,4.43,4.43,4.43,4.43,3949,0
2016-06-17,15:40:00,4.45,4.45,4.44,4.44,800,0
2016-06-17,15:50:00,4.49,4.49,4.49,4.49,100,0
2016-06-17,16:00:00,4.42,4.42,4.42,4.42,100,0
2016-06-17,16:05:00,4.42,4.42,4.42,4.42,100,0
2016-06-17,16:10:00,4.42,4.42,4.42,4.42,600,0
2016-06-17,16:15:00,4.55,4.55,4.45,4.45,800,0
2016-06-17,16:20:00,4.57,4.57,4.45,4.45,700,0
2016-06-17,16:25:00,4.61,4.61,4.61,4.61,100,0
2016-06-17,16:35:00,4.62,4.62,4.62,4.62,100,0
2016-06-17,16:40:00,4.5587,4.5587,4.5587,4.5587,500,0
2016-06-17,16:45:00,4.61,4.61,4.61,4.61,100,0
2016-06-17,16:55:00,4.65,4.65,4.65,4.65,100,0
2016-06-17,17:00:00,4.62,4.62,4.62,4.62,100,0
2016-06-17,17:10:00,4.6,4.6,4.6,4.6,100,0
2016-06-17,17:20:00,4.58,4.58,4.58,4.58,100,0
2016-06-17,17:30:00,4.58,4.58,4.58,4.58,100,0
2016-06-17,17:35:00,4.5301,4.55,4.5301,4.54,3200,0
2016-06-17,17:40:00,4.54,4.54,4.54,4.54,200,0
2016-06-17,17:50:00,4.53,4.53,4.53,4.53,100,0
2016-06-17,17:55:00,4.55,4.55,4.55,4.55,100,0
2016-06-17,18:05:00,4.55,4.55,4.54,4.54,200,0
2016-06-17,18:10:00,4.54,4.54,4.54,4.54,100,0
2016-06-17,18:20:00,4.55,4.55,4.54,4.55,300,0
2016-06-17,18:25:00,4.54,4.54,4.54,4.54,300,0
2016-06-17,18:40:00,4.55,4.55,4.55,4.55,100,0
2016-06-17,18:50:00,4.56,4.56,4.56,4.56,100,0
2016-06-17,18:55:00,4.545,4.545,4.46,4.46,2900,0
2016-06-17,19:00:00,4.52,4.52,4.52,4.52,100,0
2016-06-17,19:35:00,4.49,4.49,4.49,4.49,100,0
2016-06-17,19:45:00,4.49,4.49,4.49,4.49,100,0
2016-06-17,19:50:00,4.47,4.47,4.47,4.47,100,0
2016-06-17,20:00:00,4.47,4.47,4.47,4.47,100,0
2016-06-17,20:10:00,4.48,4.48,4.48,4.48,100,0
2016-06-17,20:25:00,4.49,4.49,4.49,4.49,100,0
2016-06-17,20:30:00,4.4747,4.4899,4.47,4.47,800,0
2016-06-17,20:35:00,4.4725,4.48,4.445,4.445,1200,0
2016-06-17,20:55:00,4.46,4.46,4.46,4.46,100,0
2016-06-17,21:00:00,4.43,4.47,4.43,4.47,700,0
2016-06-17,21:20:00,4.48,4.55,4.45,4.49,3948,0
2016-06-17,21:30:00,4.5,4.5,4.5,4.5,100,0
2016-06-17,21:35:00,4.5,4.5,4.5,4.5,100,0
2016-06-17,21:40:00,4.53,4.53,4.53,4.53,200,0
2016-06-17,21:45:00,4.53,4.53,4.53,4.53,100,0
2016-06-17,21:50:00,4.53,4.53,4.53,4.53,200,0
2016-06-17,21:55:00,4.53,4.61,4.53,4.5501,3500,0
2016-06-17,22:00:00,4.61,4.61,4.58,4.61,3900,0
2016-06-20,15:35:00,4.6,4.6,4.5141,4.5141,650,0
2016-06-20,15:45:00,4.5,4.5,4.5,4.5,200,0
2016-06-20,15:50:00,4.52,4.52,4.52,4.52,200,0
2016-06-20,16:15:00,4.45,4.45,4.45,4.45,800,0
2016-06-20,17:15:00,4.6,4.6,4.6,4.6,100,0
2016-06-20,17:20:00,4.47,4.47,4.45,4.45,13532,0
2016-06-20,17:25:00,4.3958,4.3958,4.3958,4.3958,100,0
2016-06-20,17:30:00,4.38,4.38,4.37,4.37,750,0
2016-06-20,17:45:00,4.45,4.48,4.45,4.48,200,0
2016-06-20,17:50:00,4.44,4.47,4.44,4.47,200,0
2016-06-20,17:55:00,4.45,4.45,4.45,4.45,62766,0
2016-06-20,18:10:00,4.46,4.46,4.43,4.43,200,0
2016-06-20,18:15:00,4.5799,4.5799,4.5799,4.5799,250,0
2016-06-20,19:05:00,4.516,4.516,4.516,4.516,100,0
2016-06-20,19:10:00,4.465,4.465,4.465,4.465,200,0
2016-06-20,19:15:00,4.465,4.465,4.465,4.465,500,0
2016-06-20,19:20:00,4.465,4.465,4.45,4.45,363,0
2016-06-20,19:50:00,4.45,4.46,4.45,4.46,300,0
2016-06-20,20:20:00,4.45,4.45,4.45,4.45,200,0
2016-06-20,21:10:00,4.38,4.38,4.37,4.37,300,0
2016-06-20,21:15:00,4.38,4.38,4.37,4.37,300,0
2016-06-20,21:40:00,4.4,4.4,4.4,4.4,100,0
2016-06-20,21:50:00,4.36,4.36,4.36,4.36,100,0
2016-06-20,21:55:00,4.36,4.36,4.36,4.36,200,0
2016-06-20,22:00:00,4.35,4.35,4.31,4.31,1864,0
2016-06-21,15:50:00,4.41,4.41,4.3399,4.3399,2600,0
2016-06-21,16:05:00,4.29,4.29,4.29,4.29,600,0
2016-06-21,16:10:00,4.2699,4.2699,4.2699,4.2699,2500,0
2016-06-21,16:20:00,4.23,4.23,4.23,4.23,100,0
2016-06-21,16:25:00,4.21,4.21,4.2,4.2,1400,0
2016-06-21,16:40:00,4.22,4.22,4.22,4.22,300,0
2016-06-21,16:55:00,4.1901,4.1901,4.1901,4.1901,1000,0
2016-06-21,17:10:00,4.1999,4.1999,4.1999,4.1999,2500,0
2016-06-21,17:25:00,4.19,4.19,4.19,4.19,100,0
2016-06-21,17:35:00,4.21,4.21,4.19,4.19,200,0
2016-06-21,17:40:00,4.19,4.19,4.18,4.18,200,0
2016-06-21,18:00:00,4.15,4.15,4.15,4.15,438,0
2016-06-21,18:10:00,4.16,4.16,4.16,4.16,100,0
2016-06-21,18:15:00,4.21,4.21,4.21,4.21,100,0
2016-06-21,18:25:00,4.2,4.2,4.2,4.2,100,0
2016-06-21,18:50:00,4.21,4.21,4.21,4.21,100,0
2016-06-21,19:00:00,4.21,4.21,4.21,4.21,100,0
2016-06-21,19:35:00,4.18,4.18,4.18,4.18,100,0
2016-06-21,19:45:00,4.19,4.19,4.19,4.19,100,0
2016-06-21,19:50:00,4.19,4.19,4.19,4.19,100,0
2016-06-21,20:00:00,4.2,4.2,4.2,4.2,100,0
2016-06-21,20:10:00,4.17,4.19,4.1404,4.1404,1633,0
2016-06-21,20:15:00,4.17,4.17,4.1601,4.1601,200,0
2016-06-21,20:35:00,4.2,4.2,4.2,4.2,200,0
2016-06-21,20:40:00,4.18,4.18,4.18,4.18,100,0
2016-06-21,20:50:00,4.22,4.22,4.22,4.22,100,0
2016-06-21,21:15:00,4.21,4.21,4.21,4.21,200,0
2016-06-21,21:30:00,4.2001,4.2001,4.2001,4.2001,250,0
2016-06-21,21:35:00,4.23,4.23,4.23,4.23,100,0
2016-06-21,21:45:00,4.24,4.24,4.17,4.24,2200,0
2016-06-21,21:55:00,4.23,4.23,4.23,4.23,100,0
2016-06-21,22:00:00,4.23,4.23,4.23,4.23,100,0
2016-06-22,15:35:00,4.27,4.31,4.27,4.31,732,0
2016-06-22,15:50:00,4.28,4.28,4.28,4.28,100,0
2016-06-22,15:55:00,4.21,4.21,4.21,4.21,300,0
2016-06-22,16:15:00,4.1999,4.21,4.1999,4.21,650,0
2016-06-22,16:35:00,4.17,4.19,4.16,4.19,300,0
2016-06-22,17:05:00,4.21,4.21,4.21,4.21,200,0
2016-06-22,17:10:00,4.21,4.21,4.15,4.2,21385,0
2016-06-22,17:20:00,4.26,4.26,4.26,4.26,100,0
2016-06-22,17:25:00,4.2401,4.2501,4.23,4.23,2900,0
2016-06-22,18:05:00,4.2,4.2,4.19,4.19,700,0
2016-06-22,18:20:00,4.2,4.2,4.19,4.19,900,0
2016-06-22,18:25:00,4.2,4.22,4.2,4.22,300,0
2016-06-22,18:30:00,4.1986,4.2,4.1986,4.2,1700,0
2016-06-22,18:40:00,4.2001,4.23,4.2,4.2,500,0
2016-06-22,19:00:00,4.18,4.18,4.18,4.18,100,0
2016-06-22,19:20:00,4.1899,4.1899,4.1899,4.1899,500,0
2016-06-22,19:35:00,4.16,4.16,4.15,4.15,1805,0
2016-06-22,19:45:00,4.19,4.19,4.19,4.19,400,0
2016-06-22,20:00:00,4.1825,4.1825,4.1825,4.1825,400,0
2016-06-22,20:10:00,4.18,4.19,4.18,4.19,200,0
2016-06-22,20:20:00,4.18,4.18,4.18,4.18,200,0
2016-06-22,20:35:00,4.1814,4.1814,4.1814,4.1814,1306,0
2016-06-22,20:40:00,4.17,4.17,4.17,4.17,100,0
2016-06-22,20:50:00,4.17,4.17,4.17,4.17,360,0
2016-06-22,21:00:00,4.19,4.19,4.19,4.19,100,0
2016-06-22,21:30:00,4.19,4.19,4.17,4.18,300,0
2016-06-22,21:35:00,4.2,4.2,4.2,4.2,100,0
2016-06-23,15:35:00,4.2,4.2,4.2,4.2,112,0
2016-06-23,15:45:00,4.05,4.085,4.05,4.085,1814,0
2016-06-23,15:55:00,4.13,4.13,4.115,4.13,300,0
2016-06-23,16:05:00,4.15,4.15,4.15,4.15,100,0
2016-06-23,16:20:00,4.15,4.15,4.15,4.15,100,0
2016-06-23,16:30:00,4.15,4.15,4.15,4.15,200,0
2016-06-23,16:35:00,4.14,4.14,4.14,4.14,100,0
2016-06-23,16:45:00,4.1284,4.1284,4.1284,4.1284,1500,0
2016-06-23,16:55:00,4.12,4.12,4.12,4.12,100,0
2016-06-23,17:05:00,4.15,4.15,4.15,4.15,100,0
2016-06-23,17:10:00,4.15,4.15,4.15,4.15,300,0
2016-06-23,17:15:00,4.15,4.15,4.15,4.15,100,0
2016-06-23,17:25:00,4.15,4.15,4.15,4.15,1106,0
2016-06-23,17:55:00,4.15,4.15,4.15,4.15,100,0
2016-06-23,18:15:00,4.15,4.15,4.14,4.14,200,0
2016-06-23,18:20:00,4.14,4.1612,4.1101,4.12,4900,0
2016-06-23,18:30:00,4.17,4.17,4.17,4.17,100,0
2016-06-23,18:35:00,4.14,4.14,4.14,4.14,300,0
2016-06-23,18:55:00,4.14,4.14,4.14,4.14,100,0
2016-06-23,19:40:00,4.1313,4.15,4.1313,4.15,400,0
2016-06-23,19:55:00,4.16,4.16,4.16,4.16,100,0
2016-06-23,20:15:00,4.14,4.14,4.14,4.14,100,0
2016-06-23,20:30:00,4.175,4.175,4.175,4.175,100,0
2016-06-23,20:55:00,4.18,4.18,4.18,4.18,100,0
2016-06-23,21:05:00,4.17,4.17,4.17,4.17,100,0
2016-06-23,21:15:00,4.152,4.152,4.152,4.152,300,0
2016-06-23,21:25:00,4.14,4.14,4.14,4.14,200,0
2016-06-23,21:35:00,4.14,4.2,4.14,4.2,200,0
2016-06-23,21:45:00,4.185,4.19,4.185,4.19,200,0
2016-06-23,21:50:00,4.2,4.2,4.2,4.2,100,0
2016-06-23,22:00:00,4.2,4.21,4.13,4.13,1100,0
2016-06-24,15:35:00,4.06,4.1,4.01,4.01,2755,0
2016-06-24,15:40:00,3.7901,3.94,3.7901,3.94,2151,0
2016-06-24,15:45:00,3.95,3.95,3.8801,3.8801,645,0
2016-06-24,15:50:00,3.95,3.95,3.95,3.95,200,0
2016-06-24,16:00:00,3.92,3.92,3.92,3.92,100,0
2016-06-24,16:10:00,3.95,4.0451,3.95,4.01,2883,0
2016-06-24,16:40:00,4.041,4.041,4.041,4.041,500,0
2016-06-24,16:45:00,4.04,4.04,4.03,4.03,1000,0
2016-06-24,17:00:00,4.07,4.07,4.07,4.07,200,0
2016-06-24,17:25:00,4.11,4.11,4.11,4.11,100,0
2016-06-24,18:10:00,4.1156,4.1156,4.1156,4.1156,100,0
2016-06-24,19:35:00,4.11,4.11,4.11,4.11,100,0
2016-06-24,19:45:00,4.0995,4.0995,4.0995,4.0995,200,0
2016-06-24,20:45:00,4.09,4.09,4.09,4.09,300,0
2016-06-24,21:15:00,4.07,4.1,4.06,4.1,300,0
2016-06-24,21:55:00,4.08,4.08,4.08,4.08,100,0
2016-06-24,22:00:00,4.11,4.11,4.07,4.09,1359,0
2016-06-27,15:45:00,4.04,4.04,4.02,4.02,1100,0
2016-06-27,15:55:00,4.02,4.02,4.02,4.02,200,0
2016-06-27,16:10:00,4.02,4.02,4.02,4.02,100,0
2016-06-27,16:15:00,4.02,4.02,4.02,4.02,1000,0
2016-06-27,16:35:00,3.9639,3.9639,3.9639,3.9639,100,0
2016-06-27,16:50:00,3.91,3.92,3.9,3.9,860,0
2016-06-27,16:55:00,3.86,3.86,3.86,3.86,100,0
2016-06-27,17:00:00,3.85,3.85,3.85,3.85,100,0
2016-06-27,17:05:00,3.8476,3.8476,3.801,3.801,2854,0
2016-06-27,17:10:00,3.8,3.91,3.8,3.91,2513,0
2016-06-27,17:25:00,3.79,3.8,3.74,3.8,1000,0
2016-06-27,17:30:00,3.8,3.8,3.8,3.8,200,0
2016-06-27,17:35:00,3.8,3.8,3.7831,3.8,1055,0
2016-06-27,18:05:00,3.85,3.8513,3.81,3.8513,1480,0
2016-06-27,18:10:00,3.85,3.86,3.85,3.86,2099,0
2016-06-27,18:15:00,3.81,3.81,3.8,3.8,2200,0
2016-06-27,18:25:00,3.8289,3.8289,3.8279,3.8279,1000,0
2016-06-27,18:55:00,3.86,3.86,3.86,3.86,100,0
2016-06-27,19:05:00,3.82,3.82,3.81,3.81,1700,0
2016-06-27,19:10:00,3.81,3.8216,3.81,3.8216,2600,0
2016-06-27,19:30:00,3.84,3.84,3.84,3.84,100,0
2016-06-27,19:40:00,3.849,3.8499,3.849,3.8499,2400,0
2016-06-27,19:50:00,3.85,3.85,3.85,3.85,200,0
2016-06-27,20:10:00,3.825,3.825,3.825,3.825,1000,0
2016-06-27,20:15:00,3.85,3.85,3.8,3.8,400,0
2016-06-27,21:15:00,3.84,3.84,3.84,3.84,100,0
2016-06-27,21:35:00,3.85,3.85,3.8,3.8,2072,0
2016-06-27,21:40:00,3.8102,3.8102,3.7996,3.81,2000,0
2016-06-27,21:45:00,3.816,3.82,3.811,3.8195,4600,0
2016-06-27,21:50:00,3.7999,3.8,3.7941,3.8,2135,0
2016-06-27,21:55:00,3.79,3.81,3.79,3.81,1000,0
2016-06-27,22:00:00,3.82,3.82,3.81,3.81,200,0
2016-06-28,15:50:00,3.885,3.885,3.885,3.885,100,0
2016-06-28,15:55:00,3.9113,3.9134,3.9113,3.9134,1000,0
2016-06-28,16:00:00,3.94,3.9499,3.94,3.9499,300,0
2016-06-28,16:35:00,3.95,3.95,3.92,3.92,975,0
2016-06-28,16:40:00,3.95,3.95,3.95,3.95,100,0
2016-06-28,16:45:00,3.91,3.91,3.91,3.91,700,0
2016-06-28,16:50:00,3.929,3.93,3.91,3.91,3800,0
2016-06-28,17:00:00,3.91,3.91,3.91,3.91,2000,0
2016-06-28,17:05:00,3.9,3.9,3.9,3.9,1100,0
2016-06-28,17:35:00,3.9,3.9,3.9,3.9,2100,0
2016-06-28,17:40:00,3.89,3.89,3.89,3.89,100,0
2016-06-28,18:00:00,3.8714,3.8714,3.8714,3.8714,1000,0
2016-06-28,18:40:00,3.88,3.88,3.88,3.88,100,0
2016-06-28,18:55:00,3.87,3.89,3.87,3.89,2300,0
2016-06-28,19:05:00,3.89,3.89,3.89,3.89,1000,0
2016-06-28,19:35:00,3.9,3.9,3.9,3.9,100,0
2016-06-28,19:55:00,3.92,3.92,3.92,3.92,200,0
2016-06-28,20:15:00,3.92,3.92,3.92,3.92,100,0
2016-06-28,20:50:00,3.93,3.95,3.924,3.95,5000,0
2016-06-28,20:55:00,3.95,3.95,3.9392,3.94,500,0
2016-06-28,21:05:00,3.94,3.94,3.94,3.94,100,0
2016-06-28,21:15:00,3.9293,3.94,3.9293,3.94,230,0
2016-06-28,21:20:00,3.9224,3.9224,3.9224,3.9224,200,0
2016-06-28,21:35:00,3.93,3.93,3.93,3.93,100,0
2016-06-28,21:55:00,3.94,3.94,3.94,3.94,875,0
2016-06-28,22:00:00,3.95,3.95,3.92,3.95,431,0
2016-06-29,15:35:00,3.95,3.95,3.95,3.95,540,0
2016-06-29,15:40:00,3.9,3.9,3.9,3.9,300,0
2016-06-29,15:45:00,3.9101,3.9101,3.9101,3.9101,200,0
2016-06-29,16:05:00,3.94,3.94,3.94,3.94,100,0
2016-06-29,16:10:00,3.9512,3.9512,3.9512,3.9512,120,0
2016-06-29,16:45:00,4,4,4,4,100,0
2016-06-29,17:15:00,4,4,4,4,100,0
2016-06-29,17:35:00,4,4,4,4,100,0
2016-06-29,17:55:00,3.95,3.9675,3.95,3.9675,1500,0
2016-06-29,19:10:00,3.9601,3.9601,3.96,3.9601,2300,0
2016-06-29,20:05:00,3.96,3.96,3.96,3.96,1797,0
2016-06-29,20:10:00,3.965,3.965,3.965,3.965,1000,0
2016-06-29,20:20:00,3.9899,3.9899,3.9899,3.9899,1356,0
2016-06-29,20:45:00,4,4,4,4,100,0
2016-06-29,20:55:00,3.97,3.97,3.97,3.97,300,0
2016-06-29,21:15:00,3.99,3.99,3.99,3.99,100,0
2016-06-29,21:30:00,3.95,3.95,3.95,3.95,300,0
2016-06-29,21:35:00,3.95,3.95,3.95,3.95,100,0
2016-06-30,15:35:00,3.96,3.96,3.96,3.96,100,0
2016-06-30,15:50:00,3.9,3.9,3.9,3.9,600,0
2016-06-30,15:55:00,3.9,3.91,3.9,3.91,500,0
2016-06-30,16:05:00,3.91,3.91,3.91,3.91,149,0
2016-06-30,16:10:00,3.91,3.91,3.91,3.91,100,0
2016-06-30,17:15:00,3.9,3.9,3.85,3.85,24800,0
2016-06-30,17:20:00,3.86,3.86,3.85,3.85,1600,0
2016-06-30,17:40:00,3.85,3.85,3.85,3.85,500,0
2016-06-30,17:45:00,3.84,3.84,3.83,3.83,400,0
2016-06-30,17:50:00,3.826,3.826,3.82,3.82,2100,0
2016-06-30,18:05:00,3.83,3.83,3.83,3.83,100,0
2016-06-30,18:25:00,3.85,3.85,3.85,3.85,100,0
2016-06-30,18:40:00,3.85,3.85,3.84,3.846,2800,0
2016-06-30,19:05:00,3.85,3.85,3.84,3.84,800,0
2016-06-30,19:10:00,3.84,3.85,3.84,3.85,200,0
2016-06-30,19:15:00,3.85,3.85,3.85,3.85,600,0
2016-06-30,19:20:00,3.85,3.85,3.85,3.85,300,0
2016-06-30,19:25:00,3.85,3.85,3.85,3.85,600,0
2016-06-30,19:30:00,3.85,3.85,3.85,3.85,100,0
2016-06-30,19:40:00,3.85,3.85,3.85,3.85,100,0
2016-06-30,20:00:00,3.85,3.85,3.85,3.85,200,0
2016-06-30,20:40:00,3.84,3.84,3.84,3.84,400,0
2016-06-30,21:30:00,3.88,3.88,3.88,3.88,400,0
2016-06-30,21:35:00,3.86,3.86,3.83,3.85,5800,0
2016-06-30,21:45:00,3.84,3.84,3.79,3.79,1500,0
2016-06-30,21:55:00,3.79,3.79,3.75,3.75,2600,0
2016-06-30,22:00:00,3.77,3.78,3.76,3.78,1050,0
2016-07-01,15:45:00,3.75,3.8521,3.75,3.78,594,0
2016-07-01,15:55:00,3.7,3.71,3.7,3.71,300,0
2016-07-01,16:00:00,3.72,3.72,3.72,3.72,100,0
2016-07-01,16:05:00,3.72,3.72,3.72,3.72,100,0
2016-07-01,16:10:00,3.73,3.73,3.73,3.73,100,0
2016-07-01,16:15:00,3.73,3.73,3.73,3.73,200,0
2016-07-01,16:20:00,3.73,3.73,3.73,3.73,100,0
2016-07-01,16:30:00,3.74,3.74,3.74,3.74,100,0
2016-07-01,16:35:00,3.82,3.82,3.82,3.82,100,0
2016-07-01,16:40:00,3.74,3.74,3.74,3.74,200,0
2016-07-01,16:50:00,3.81,3.81,3.81,3.81,100,0
2016-07-01,17:05:00,3.79,3.79,3.79,3.79,200,0
2016-07-01,17:10:00,3.79,3.79,3.79,3.79,100,0
2016-07-01,17:15:00,3.75,3.75,3.75,3.75,200,0
2016-07-01,17:25:00,3.785,3.785,3.785,3.785,100,0
2016-07-01,17:35:00,3.76,3.76,3.7559,3.7559,1500,0
2016-07-01,17:40:00,3.73,3.745,3.73,3.745,405,0
2016-07-01,17:50:00,3.7844,3.7844,3.73,3.73,400,0
2016-07-01,17:55:00,3.73,3.73,3.73,3.73,100,0
2016-07-01,18:00:00,3.75,3.75,3.75,3.75,200,0
2016-07-01,18:05:00,3.77,3.77,3.77,3.77,100,0
2016-07-01,18:10:00,3.775,3.78,3.775,3.78,200,0
2016-07-01,18:20:00,3.765,3.765,3.76,3.76,1400,0
2016-07-01,18:35:00,3.75,3.75,3.75,3.75,100,0
2016-07-01,18:40:00,3.762,3.762,3.762,3.762,700,0
2016-07-01,18:45:00,3.75,3.75,3.74,3.75,900,0
2016-07-01,18:50:00,3.74,3.75,3.74,3.75,200,0
2016-07-01,19:00:00,3.74,3.745,3.74,3.74,400,0
2016-07-01,19:05:00,3.74,3.74,3.74,3.74,500,0
2016-07-01,19:25:00,3.72,3.72,3.72,3.72,100,0
2016-07-01,19:35:00,3.72,3.72,3.72,3.72,200,0
2016-07-01,19:50:00,3.72,3.72,3.72,3.72,100,0
2016-07-01,19:55:00,3.7201,3.7201,3.7201,3.7201,1000,0
2016-07-01,20:00:00,3.7276,3.73,3.7,3.73,1396,0
2016-07-01,20:10:00,3.74,3.74,3.7,3.73,400,0
2016-07-01,20:30:00,3.71,3.71,3.71,3.71,100,0
2016-07-01,20:35:00,3.72,3.73,3.72,3.73,300,0
2016-07-01,21:00:00,3.71,3.71,3.71,3.71,100,0
2016-07-01,21:05:00,3.7105,3.72,3.7105,3.72,200,0
2016-07-01,21:10:00,3.74,3.74,3.725,3.725,200,0
2016-07-01,21:15:00,3.7288,3.7399,3.7288,3.7399,1000,0
2016-07-01,21:25:00,3.74,3.74,3.723,3.723,900,0
2016-07-01,21:30:00,3.72,3.72,3.72,3.72,100,0
2016-07-01,21:35:00,3.74,3.74,3.7,3.7,800,0
2016-07-01,21:40:00,3.7,3.7,3.7,3.7,300,0
2016-07-01,21:45:00,3.7,3.7,3.7,3.7,200,0
2016-07-01,21:50:00,3.7,3.7,3.68,3.68,200,0
2016-07-01,21:55:00,3.68,3.69,3.68,3.68,500,0
2016-07-01,22:00:00,3.66,3.67,3.63,3.67,1198,0
2016-07-05,15:35:00,3.63,3.63,3.63,3.63,400,0
2016-07-05,16:05:00,3.58,3.58,3.57,3.57,500,0
2016-07-05,16:10:00,3.57,3.57,3.56,3.56,900,0
2016-07-05,16:25:00,3.525,3.525,3.525,3.525,500,0
2016-07-05,16:45:00,3.5467,3.5467,3.5467,3.5467,1000,0
2016-07-05,17:20:00,3.54,3.54,3.54,3.54,100,0
2016-07-05,17:30:00,3.54,3.54,3.54,3.54,400,0
2016-07-05,17:45:00,3.54,3.54,3.54,3.54,100,0
2016-07-05,17:55:00,3.54,3.55,3.54,3.55,200,0
2016-07-05,18:20:00,3.5465,3.5465,3.5465,3.5465,100,0
2016-07-05,18:40:00,3.54,3.54,3.54,3.54,100,0
2016-07-05,18:50:00,3.55,3.55,3.55,3.55,100,0
2016-07-05,19:00:00,3.55,3.55,3.55,3.55,150000,0
2016-07-05,19:05:00,3.5438,3.5438,3.5438,3.5438,400,0
2016-07-05,19:10:00,3.54,3.54,3.54,3.54,400,0
2016-07-05,19:20:00,3.54,3.54,3.53,3.53,1180,0
2016-07-05,19:30:00,3.54,3.54,3.54,3.54,100,0
2016-07-05,20:00:00,3.54,3.54,3.54,3.54,100,0
2016-07-05,20:05:00,3.54,3.54,3.54,3.54,200,0
2016-07-05,20:10:00,3.54,3.54,3.54,3.54,100,0
2016-07-05,20:25:00,3.54,3.54,3.54,3.54,500,0
2016-07-05,20:40:00,3.54,3.54,3.54,3.54,100,0
2016-07-05,20:45:00,3.54,3.54,3.54,3.54,1000,0
2016-07-05,20:55:00,3.54,3.54,3.5399,3.5399,355,0
2016-07-05,21:00:00,3.54,3.54,3.54,3.54,100,0
2016-07-05,21:10:00,3.54,3.54,3.54,3.54,300,0
2016-07-05,21:15:00,3.54,3.54,3.54,3.54,100,0
2016-07-05,21:25:00,3.5316,3.5316,3.5316,3.5316,100,0
2016-07-05,21:30:00,3.54,3.54,3.5316,3.5316,200,0
2016-07-05,21:35:00,3.5316,3.5375,3.52,3.53,3700,0
2016-07-05,21:55:00,3.52,3.52,3.481,3.481,2239,0
2016-07-05,22:00:00,3.49,3.49,3.46,3.49,2423,0
2016-07-06,15:35:00,3.52,3.52,3.32,3.33,403,0
2016-07-06,15:40:00,3.34,3.34,3.34,3.34,100,0
2016-07-06,15:45:00,3.35,3.35,3.331,3.331,200,0
2016-07-06,15:50:00,3.34,3.34,3.3305,3.3305,200,0
2016-07-06,15:55:00,3.35,3.42,3.35,3.3905,550,0
2016-07-06,16:00:00,3.4,3.4,3.3905,3.3905,200,0
2016-07-06,16:05:00,3.4,3.4,3.3905,3.3905,200,0
2016-07-06,16:10:00,3.4,3.4,3.4,3.4,100,0
2016-07-06,16:15:00,3.48,3.48,3.48,3.48,100,0
2016-07-06,16:20:00,3.45,3.45,3.44,3.44,400,0
2016-07-06,16:25:00,3.44,3.44,3.44,3.44,200,0
2016-07-06,16:35:00,3.45,3.45,3.45,3.45,200,0
2016-07-06,16:40:00,3.475,3.475,3.475,3.475,100,0
2016-07-06,16:50:00,3.46,3.46,3.46,3.46,100,0
2016-07-06,16:55:00,3.46,3.46,3.46,3.46,200,0
2016-07-06,17:00:00,3.46,3.46,3.46,3.46,100,0
2016-07-06,17:05:00,3.46,3.46,3.45,3.45,200,0
2016-07-06,17:20:00,3.45,3.45,3.45,3.45,100,0
2016-07-06,17:25:00,3.44,3.44,3.44,3.44,100,0
2016-07-06,17:35:00,3.46,3.46,3.46,3.46,100,0
2016-07-06,17:50:00,3.48,3.48,3.48,3.48,100,0
2016-07-06,17:55:00,3.44,3.44,3.44,3.44,100,0
2016-07-06,18:15:00,3.4305,3.44,3.43,3.43,300,0
2016-07-06,18:30:00,3.4,3.4,3.4,3.4,100,0
2016-07-06,18:40:00,3.3905,3.46,3.3905,3.46,300,0
2016-07-06,18:50:00,3.4005,3.41,3.4005,3.41,200,0
2016-07-06,18:55:00,3.4,3.4367,3.35,3.35,6300,0
2016-07-06,19:00:00,3.36,3.395,3.36,3.36,400,0
2016-07-06,19:05:00,3.43,3.43,3.43,3.43,100,0
2016-07-06,19:15:00,3.405,3.43,3.405,3.43,400,0
2016-07-06,19:20:00,3.43,3.45,3.43,3.45,200,0
2016-07-06,19:30:00,3.46,3.46,3.46,3.46,100,0
2016-07-06,19:35:00,3.46,3.46,3.46,3.46,100,0
2016-07-06,19:45:00,3.46,3.46,3.46,3.46,100,0
2016-07-06,19:50:00,3.4,3.4,3.4,3.4,100,0
2016-07-06,19:55:00,3.41,3.41,3.41,3.41,400,0
2016-07-06,20:05:00,3.41,3.41,3.41,3.41,100,0
2016-07-06,20:10:00,3.47,3.47,3.43,3.43,200,0
2016-07-06,20:15:00,3.45,3.45,3.4405,3.4405,200,0
2016-07-06,20:20:00,3.48,3.48,3.46,3.46,300,0
2016-07-06,20:25:00,3.48,3.48,3.48,3.48,100,0
2016-07-06,20:30:00,3.49,3.49,3.49,3.49,100,0
2016-07-06,20:40:00,3.46,3.49,3.46,3.49,797,0
2016-07-06,20:50:00,3.5,3.5,3.5,3.5,100,0
2016-07-06,20:55:00,3.45,3.47,3.37,3.47,40646,0
2016-07-06,21:05:00,3.44,3.44,3.44,3.44,100,0
2016-07-06,21:10:00,3.455,3.47,3.455,3.47,900,0
2016-07-06,21:15:00,3.47,3.49,3.47,3.49,300,0
2016-07-06,21:30:00,3.49,3.5,3.49,3.5,200,0
2016-07-06,21:35:00,3.5,3.5,3.475,3.475,200,0
2016-07-06,21:40:00,3.5,3.5,3.5,3.5,200,0
2016-07-06,21:45:00,3.5,3.5,3.5,3.5,200,0
2016-07-06,21:50:00,3.5,3.5,3.5,3.5,400,0
2016-07-06,21:55:00,3.5,3.5,3.5,3.5,300,0
2016-07-06,22:00:00,3.5,3.5,3.47,3.5,1714,0
2016-07-07,15:35:00,3.5,3.5,3.5,3.5,221,0
2016-07-07,15:40:00,3.52,3.52,3.52,3.52,1000,0
2016-07-07,15:50:00,3.53,3.55,3.53,3.55,200,0
2016-07-07,15:55:00,3.55,3.56,3.54,3.54,2046,0
2016-07-07,16:10:00,3.56,3.56,3.56,3.56,1100,0
2016-07-07,16:20:00,3.6,3.6,3.6,3.6,400,0
2016-07-07,16:30:00,3.6,3.6,3.6,3.6,100,0
2016-07-07,16:45:00,3.5746,3.5746,3.5746,3.5746,100,0
2016-07-07,16:50:00,3.6,3.6,3.6,3.6,100,0
2016-07-07,16:55:00,3.57,3.5701,3.57,3.57,600,0
2016-07-07,17:05:00,3.57,3.57,3.54,3.54,3360,0
2016-07-07,17:10:00,3.54,3.54,3.54,3.54,100,0
2016-07-07,17:15:00,3.56,3.56,3.51,3.51,200,0
2016-07-07,17:35:00,3.53,3.53,3.53,3.53,100,0
2016-07-07,17:50:00,3.51,3.51,3.5,3.5,500,0
2016-07-07,18:05:00,3.51,3.51,3.5,3.5,200,0
2016-07-07,18:25:00,3.5,3.5,3.5,3.5,915,0
2016-07-07,19:00:00,3.4748,3.4748,3.4748,3.4748,300,0
2016-07-07,19:40:00,3.48,3.48,3.46,3.46,200,0
2016-07-07,19:50:00,3.4899,3.4899,3.46,3.46,1400,0
2016-07-07,20:30:00,3.47,3.47,3.46,3.46,300,0
2016-07-07,20:40:00,3.47,3.47,3.47,3.47,1000,0
2016-07-07,20:55:00,3.5,3.5,3.48,3.48,500,0
2016-07-07,21:20:00,3.494,3.494,3.494,3.494,400,0
2016-07-07,21:25:00,3.5,3.5,3.5,3.5,200,0
2016-07-07,21:30:00,3.5,3.5,3.5,3.5,100,0
2016-07-07,21:45:00,3.5,3.5,3.5,3.5,100,0
2016-07-07,21:55:00,3.49,3.49,3.49,3.49,100,0
2016-07-07,22:00:00,3.5,3.5,3.48,3.48,500,0
2016-07-08,15:35:00,3.5,3.5,3.5,3.5,126,0
2016-07-08,15:40:00,3.6,3.6,3.6,3.6,200,0
2016-07-08,15:45:00,3.56,3.6,3.56,3.6,300,0
2016-07-08,15:55:00,3.58,3.58,3.57,3.58,300,0
2016-07-08,16:00:00,3.58,3.58,3.58,3.58,100,0
2016-07-08,16:10:00,3.57,3.57,3.57,3.57,100,0
2016-07-08,16:15:00,3.57,3.579,3.55,3.55,300,0
2016-07-08,16:20:00,3.55,3.55,3.53,3.53,300,0
2016-07-08,16:30:00,3.52,3.52,3.52,3.52,100,0
2016-07-08,16:35:00,3.52,3.52,3.52,3.52,100,0
2016-07-08,16:45:00,3.51,3.51,3.51,3.51,100,0
2016-07-08,16:55:00,3.51,3.51,3.51,3.51,100,0
2016-07-08,17:00:00,3.52,3.52,3.52,3.52,100,0
2016-07-08,17:10:00,3.52,3.52,3.5,3.5175,1305,0
2016-07-08,17:15:00,3.54,3.55,3.52,3.52,300,0
2016-07-08,17:20:00,3.52,3.52,3.52,3.52,100,0
2016-07-08,17:25:00,3.55,3.55,3.54,3.55,900,0
2016-07-08,17:50:00,3.54,3.54,3.54,3.54,100,0
2016-07-08,18:00:00,3.545,3.545,3.53,3.545,1400,0
2016-07-08,18:10:00,3.52,3.52,3.52,3.52,100,0
2016-07-08,18:15:00,3.55,3.55,3.55,3.55,200,0
2016-07-08,18:20:00,3.55,3.55,3.55,3.55,100,0
2016-07-08,18:35:00,3.53,3.53,3.53,3.53,200,0
2016-07-08,18:45:00,3.53,3.53,3.53,3.53,100,0
2016-07-08,18:55:00,3.53,3.53,3.53,3.53,200,0
2016-07-08,19:15:00,3.53,3.53,3.53,3.53,100,0
2016-07-08,19:30:00,3.53,3.53,3.53,3.53,200,0
2016-07-08,19:45:00,3.53,3.53,3.53,3.53,100,0
2016-07-08,19:55:00,3.54,3.54,3.53,3.53,300,0
2016-07-08,20:10:00,3.53,3.53,3.53,3.53,100,0
2016-07-08,20:20:00,3.53,3.5499,3.53,3.53,10500,0
2016-07-08,20:25:00,3.54,3.55,3.54,3.54,900,0
2016-07-08,20:35:00,3.54,3.54,3.54,3.54,600,0
2016-07-08,20:45:00,3.54,3.54,3.54,3.54,100,0
2016-07-08,20:55:00,3.53,3.53,3.53,3.53,100,0
2016-07-08,21:05:00,3.53,3.53,3.53,3.53,100,0
2016-07-08,21:10:00,3.55,3.55,3.54,3.54,400,0
2016-07-08,21:20:00,3.53,3.53,3.53,3.53,100,0
2016-07-08,21:25:00,3.54,3.54,3.54,3.54,100,0
2016-07-08,21:30:00,3.53,3.53,3.53,3.53,100,0
2016-07-08,21:35:00,3.53,3.55,3.53,3.55,300,0
2016-07-08,21:40:00,3.53,3.54,3.53,3.54,200,0
2016-07-08,21:45:00,3.5305,3.54,3.5305,3.54,200,0
2016-07-08,21:50:00,3.5305,3.54,3.53,3.53,300,0
2016-07-08,21:55:00,3.54,3.55,3.54,3.54,700,0
2016-07-08,22:00:00,3.53,3.54,3.52,3.52,591,0
