Date,Time,Open,High,Low,Close,Volume,OpenInt
2016-06-22,15:35:00,17.71,17.98,17.5,17.59,36080,0
2016-06-22,15:40:00,17.5301,17.5301,17,17.02,93644,0
2016-06-22,15:45:00,17.08,17.13,16.85,16.92,84594,0
2016-06-22,15:50:00,16.99,17.099,16.89,16.99,24750,0
2016-06-22,15:55:00,17,17.04,16.89,16.95,17312,0
2016-06-22,16:00:00,16.99,17.05,16.81,17.03,41599,0
2016-06-22,16:05:00,17.03,17.14,16.93,16.97,17757,0
2016-06-22,16:10:00,16.92,17.1,16.9,16.93,19343,0
2016-06-22,16:15:00,16.97,17.26,16.92,17.26,27097,0
2016-06-22,16:20:00,17.24,17.28,17.11,17.18,25970,0
2016-06-22,16:25:00,17.175,17.25,17.1,17.22,17500,0
2016-06-22,16:30:00,17.2,17.21,16.94,16.97,13300,0
2016-06-22,16:35:00,16.97,17.76,16.96,17.76,73478,0
2016-06-22,16:40:00,17.745,17.864,17.42,17.49,43446,0
2016-06-22,16:45:00,17.47,17.65,17.34,17.58,31085,0
2016-06-22,16:50:00,17.585,17.75,17.49,17.725,34024,0
2016-06-22,16:55:00,17.71,17.85,17.67,17.724,33655,0
2016-06-22,17:00:00,17.73,17.76,17.62,17.67,26400,0
2016-06-22,17:05:00,17.73,17.88,17.71,17.84,92838,0
2016-06-22,17:10:00,17.84,18.04,17.8302,18.0101,45224,0
2016-06-22,17:15:00,18.02,18.04,17.88,17.88,34240,0
2016-06-22,17:20:00,17.84,17.93,17.81,17.9201,26538,0
2016-06-22,17:25:00,17.95,17.96,17.81,17.815,29154,0
2016-06-22,17:30:00,17.8,17.8699,17.71,17.81,20300,0
2016-06-22,17:35:00,17.77,17.845,17.59,17.635,21293,0
2016-06-22,17:40:00,17.63,17.73,17.41,17.5,41750,0
2016-06-22,17:45:00,17.46,17.54,17.06,17.34,34129,0
2016-06-22,17:50:00,17.37,17.42,17.2,17.26,12250,0
2016-06-22,17:55:00,17.255,17.44,17.2,17.305,13109,0
2016-06-22,18:00:00,17.26,17.44,17.23,17.335,15439,0
2016-06-22,18:05:00,17.34,17.37,17.26,17.365,13600,0
2016-06-22,18:10:00,17.4,17.43,17.31,17.31,11505,0
2016-06-22,18:15:00,17.33,17.4,17.31,17.31,6650,0
2016-06-22,18:20:00,17.31,17.35,17.21,17.23,22400,0
2016-06-22,18:25:00,17.2,17.21,17,17.03,38230,0
2016-06-22,18:30:00,17.03,17.1,16.99,17.06,14458,0
2016-06-22,18:35:00,17.06,17.2,17.04,17.04,10000,0
2016-06-22,18:40:00,17.05,17.16,17,17,13845,0
2016-06-22,18:45:00,17,17.155,16.93,17.06,24105,0
2016-06-22,18:50:00,17.05,17.16,17,17.08,26408,0
2016-06-22,18:55:00,17.11,17.22,16.94,17.01,31562,0
2016-06-22,19:00:00,17.01,17.2,17.01,17.16,10305,0
2016-06-22,19:05:00,17.15,17.27,17.15,17.16,17211,0
2016-06-22,19:10:00,17.2,17.25,17.12,17.25,20500,0
2016-06-22,19:15:00,17.21,17.218,17.13,17.185,10450,0
2016-06-22,19:20:00,17.18,17.235,16.99,17.04,10560,0
2016-06-22,19:25:00,17.08,17.2,17,17.06,10600,0
2016-06-22,19:30:00,17.12,17.16,17.01,17.075,9556,0
2016-06-22,19:35:00,17.04,17.18,17,17.17,14354,0
2016-06-22,19:40:00,17.12,17.25,17.12,17.24,15034,0
2016-06-22,19:45:00,17.24,17.2993,17.23,17.25,9878,0
2016-06-22,19:50:00,17.25,17.5,17.24,17.4,26330,0
2016-06-22,19:55:00,17.39,17.42,17.27,17.27,7660,0
2016-06-22,20:00:00,17.26,17.32,17.221,17.28,11600,0
2016-06-22,20:05:00,17.27,17.3001,17.23,17.27,16982,0
2016-06-22,20:10:00,17.25,17.335,17.23,17.25,14800,0
2016-06-22,20:15:00,17.23,17.34,17.23,17.34,14140,0
2016-06-22,20:20:00,17.32,17.47,17.3,17.42,23555,0
2016-06-22,20:25:00,17.4,17.44,17.25,17.3635,19480,0
2016-06-22,20:30:00,17.39,17.43,17.31,17.31,16495,0
2016-06-22,20:35:00,17.325,17.44,17.3,17.38,12700,0
2016-06-22,20:40:00,17.38,17.42,17.28,17.28,18176,0
2016-06-22,20:45:00,17.33,17.39,17.295,17.345,15557,0
2016-06-22,20:50:00,17.32,17.35,17.27,17.27,8600,0
2016-06-22,20:55:00,17.27,17.35,17.25,17.33,15999,0
2016-06-22,21:00:00,17.3,17.42,17.27,17.4,16340,0
2016-06-22,21:05:00,17.42,17.64,17.41,17.635,46988,0
2016-06-22,21:10:00,17.635,17.84,17.6302,17.7894,42601,0
2016-06-22,21:15:00,17.8177,18.08,17.705,17.95,35812,0
2016-06-22,21:20:00,17.92,17.97,17.65,17.67,21112,0
2016-06-22,21:25:00,17.68,17.72,17.64,17.65,17355,0
2016-06-22,21:30:00,17.65,17.94,17.64,17.72,29116,0
2016-06-22,21:35:00,17.715,17.74,17.59,17.6,30085,0
2016-06-22,21:40:00,17.605,17.67,17.53,17.58,28027,0
2016-06-22,21:45:00,17.57,17.62,17.54,17.54,25064,0
2016-06-22,21:50:00,17.55,17.5739,17.49,17.55,44498,0
2016-06-22,21:55:00,17.53,17.56,17.5,17.54,43740,0
2016-06-22,22:00:00,17.55,17.59,17.49,17.59,63131,0
2016-06-23,15:35:00,17.68,17.9,17.6,17.6,32512,0
2016-06-23,15:40:00,17.51,17.61,17.36,17.49,12249,0
2016-06-23,15:45:00,17.4,17.5456,17.265,17.265,10776,0
2016-06-23,15:50:00,17.3,17.36,17.1927,17.25,9500,0
2016-06-23,15:55:00,17.27,17.31,17.11,17.18,6820,0
2016-06-23,16:00:00,17.2,17.25,17.16,17.25,4750,0
2016-06-23,16:05:00,17.25,17.43,17.2385,17.3718,13600,0
2016-06-23,16:10:00,17.4,17.44,17.2,17.21,6300,0
2016-06-23,16:15:00,17.16,17.31,17.12,17.2999,9720,0
2016-06-23,16:20:00,17.29,17.29,17.06,17.1,9752,0
2016-06-23,16:25:00,17.1,17.2,17.05,17.19,6750,0
2016-06-23,16:30:00,17.1675,17.25,17.13,17.17,3540,0
2016-06-23,16:35:00,17.185,17.36,17.18,17.35,10835,0
2016-06-23,16:40:00,17.29,17.31,17.2,17.26,4700,0
2016-06-23,16:45:00,17.26,17.26,17.07,17.07,4967,0
2016-06-23,16:50:00,17.12,17.12,16.94,17.04,17425,0
2016-06-23,16:55:00,17.02,17.02,16.95,17,7103,0
2016-06-23,17:00:00,17.02,17.1,17.01,17.02,6500,0
2016-06-23,17:05:00,17.02,17.04,16.83,16.8566,10721,0
2016-06-23,17:10:00,16.89,16.9999,16.86,16.98,5605,0
2016-06-23,17:15:00,16.9,17.03,16.88,16.9829,13330,0
2016-06-23,17:20:00,17.03,17.07,16.98,17,8270,0
2016-06-23,17:25:00,17.04,17.1,17,17.01,6520,0
2016-06-23,17:30:00,17,17.03,16.97,17.03,4500,0
2016-06-23,17:35:00,17.06,17.07,17.02,17.07,8500,0
2016-06-23,17:40:00,17.031,17.07,16.97,16.99,7780,0
2016-06-23,17:45:00,17,17,16.87,16.8896,7900,0
2016-06-23,17:50:00,16.91,17.24,16.84,17.1501,15500,0
2016-06-23,17:55:00,17.16,17.22,17.1,17.11,6500,0
2016-06-23,18:00:00,17.1,17.2,17.07,17.175,5400,0
2016-06-23,18:05:00,17.175,17.175,17.14,17.16,3400,0
2016-06-23,18:10:00,17.16,17.24,17.15,17.2,7200,0
2016-06-23,18:15:00,17.13,17.18,17.13,17.18,1600,0
2016-06-23,18:20:00,17.18,17.23,17.18,17.2,5661,0
2016-06-23,18:25:00,17.2,17.22,17.13,17.165,6100,0
2016-06-23,18:30:00,17.157,17.17,17.13,17.15,3670,0
2016-06-23,18:35:00,17.15,17.165,17.1,17.14,8850,0
2016-06-23,18:40:00,17.135,17.19,17.1,17.11,4650,0
2016-06-23,18:45:00,17.1,17.125,17.02,17.02,10057,0
2016-06-23,18:50:00,17,17.0599,16.975,17,7000,0
2016-06-23,18:55:00,17,17.031,16.96,16.99,6400,0
2016-06-23,19:00:00,17,17.04,16.99,17.03,6050,0
2016-06-23,19:05:00,16.9975,17.09,16.985,17.03,7800,0
2016-06-23,19:10:00,17.03,17.03,16.9,16.97,6950,0
2016-06-23,19:15:00,16.93,16.95,16.88,16.94,9760,0
2016-06-23,19:20:00,16.94,16.95,16.87,16.93,7906,0
2016-06-23,19:25:00,16.945,17,16.92,16.97,6400,0
2016-06-23,19:30:00,16.98,17,16.95,17,7400,0
2016-06-23,19:35:00,16.985,17,16.92,16.93,9100,0
2016-06-23,19:40:00,16.92,16.945,16.87,16.92,6000,0
2016-06-23,19:45:00,16.96,16.99,16.91,16.91,34200,0
2016-06-23,19:50:00,16.93,16.93,16.84,16.85,3600,0
2016-06-23,19:55:00,16.85,16.91,16.78,16.85,7850,0
2016-06-23,20:00:00,16.84,16.93,16.79,16.92,8316,0
2016-06-23,20:05:00,16.87,16.91,16.77,16.8,10946,0
2016-06-23,20:10:00,16.8,16.875,16.78,16.82,9540,0
2016-06-23,20:15:00,16.825,16.88,16.8,16.84,13935,0
2016-06-23,20:20:00,16.86,16.89,16.81,16.82,24144,0
2016-06-23,20:25:00,16.84,16.8799,16.81,16.83,18450,0
2016-06-23,20:30:00,16.84,16.87,16.83,16.86,11300,0
2016-06-23,20:35:00,16.868,16.9,16.85,16.875,12550,0
2016-06-23,20:40:00,16.875,16.91,16.82,16.84,14512,0
2016-06-23,20:45:00,16.87,16.87,16.73,16.76,21508,0
2016-06-23,20:50:00,16.76,16.81,16.7,16.78,14563,0
2016-06-23,20:55:00,16.76,16.7999,16.75,16.75,8500,0
2016-06-23,21:00:00,16.75,16.8,16.73,16.75,12813,0
2016-06-23,21:05:00,16.74,16.7763,16.605,16.63,28635,0
2016-06-23,21:10:00,16.63,16.69,16.6,16.65,23843,0
2016-06-23,21:15:00,16.645,16.71,16.6,16.655,16120,0
2016-06-23,21:20:00,16.63,16.65,16.53,16.55,37562,0
2016-06-23,21:25:00,16.55,16.5843,16.51,16.57,43698,0
2016-06-23,21:30:00,16.56,16.59,16.5,16.51,39165,0
2016-06-23,21:35:00,16.53,16.556,16.5,16.52,19156,0
2016-06-23,21:40:00,16.52,16.53,16.5,16.52,22900,0
2016-06-23,21:45:00,16.52,16.67,16.51,16.57,24819,0
2016-06-23,21:50:00,16.62,16.67,16.59,16.63,18170,0
2016-06-23,21:55:00,16.63,16.73,16.59,16.66,48479,0
2016-06-23,22:00:00,16.665,16.75,16.64,16.74,103510,0
2016-06-24,15:35:00,15.99,16.13,15.68,16.0568,25187,0
2016-06-24,15:40:00,16.01,16.61,15.99,16.32,21426,0
2016-06-24,15:45:00,16.32,16.43,16.15,16.29,11972,0
2016-06-24,15:50:00,16.28,16.33,15.94,15.9948,10600,0
2016-06-24,15:55:00,15.95,16.108,15.8,15.95,15509,0
2016-06-24,16:00:00,15.97,16.17,15.85,16.1304,16008,0
2016-06-24,16:05:00,16.129,16.17,15.98,16.077,7957,0
2016-06-24,16:10:00,16.11,16.25,16.05,16.07,9340,0
2016-06-24,16:15:00,16.14,16.3299,16.07,16.21,12598,0
2016-06-24,16:20:00,16.27,16.33,16.21,16.27,9850,0
2016-06-24,16:25:00,16.3,16.34,16.23,16.26,12900,0
2016-06-24,16:30:00,16.23,16.4,16.23,16.36,14221,0
2016-06-24,16:35:00,16.35,16.79,16.35,16.71,24675,0
2016-06-24,16:40:00,16.7,16.76,16.62,16.76,15567,0
2016-06-24,16:45:00,16.66,17,16.66,16.92,20178,0
2016-06-24,16:50:00,16.84,16.9008,16.83,16.83,7800,0
2016-06-24,16:55:00,16.85,16.87,16.66,16.74,14578,0
2016-06-24,17:00:00,16.68,16.74,16.55,16.59,7500,0
2016-06-24,17:05:00,16.63,16.63,16.41,16.425,8500,0
2016-06-24,17:10:00,16.4,16.54,16.4,16.5016,26600,0
2016-06-24,17:15:00,16.55,16.56,16.465,16.49,1800,0
2016-06-24,17:20:00,16.45,16.45,16.24,16.24,13200,0
2016-06-24,17:25:00,16.19,16.28,16.16,16.17,4200,0
2016-06-24,17:30:00,16.17,16.27,16.12,16.27,4600,0
2016-06-24,17:35:00,16.253,16.38,16.15,16.21,23195,0
2016-06-24,17:40:00,16.24,16.28,16.12,16.195,7150,0
2016-06-24,17:45:00,16.16,16.19,16.11,16.17,3150,0
2016-06-24,17:50:00,16.18,16.23,16.15,16.15,4400,0
2016-06-24,17:55:00,16.13,16.18,16.1001,16.13,4884,0
2016-06-24,18:00:00,16.115,16.18,16.0305,16.12,9822,0
2016-06-24,18:05:00,16.11,16.14,16.03,16.05,3000,0
2016-06-24,18:10:00,16.03,16.075,16.01,16.02,6710,0
2016-06-24,18:15:00,16.035,16.05,16.01,16.05,5953,0
2016-06-24,18:20:00,16.05,16.06,16.02,16.03,3600,0
2016-06-24,18:25:00,16.05,16.1,16.03,16.06,10621,0
2016-06-24,18:30:00,16.06,16.18,16.05,16.095,17259,0
2016-06-24,18:35:00,16.08,16.09,16.01,16.05,5156,0
2016-06-24,18:40:00,16.055,16.07,16.03,16.07,1400,0
2016-06-24,18:45:00,16.03,16.11,16.03,16.1,5100,0
2016-06-24,18:50:00,16.07,16.115,16.01,16.045,10367,0
2016-06-24,18:55:00,16.05,16.2,16.02,16.08,17200,0
2016-06-24,19:00:00,16.075,16.075,15.75,15.76,24200,0
2016-06-24,19:05:00,15.8199,15.93,15.8199,15.87,11000,0
2016-06-24,19:10:00,15.81,15.855,15.75,15.7703,14806,0
2016-06-24,19:15:00,15.775,15.81,15.66,15.81,11094,0
2016-06-24,19:20:00,15.78,15.915,15.77,15.895,12500,0
2016-06-24,19:25:00,15.9,15.9304,15.83,15.84,5000,0
2016-06-24,19:30:00,15.85,15.85,15.713,15.7464,12410,0
2016-06-24,19:35:00,15.78,15.86,15.73,15.8,28100,0
2016-06-24,19:40:00,15.78,15.86,15.76,15.835,5800,0
2016-06-24,19:45:00,15.8,15.82,15.75,15.765,4800,0
2016-06-24,19:50:00,15.78,15.87,15.77,15.84,5703,0
2016-06-24,19:55:00,15.825,15.87,15.7535,15.78,16019,0
2016-06-24,20:00:00,15.7895,15.81,15.775,15.81,3075,0
2016-06-24,20:05:00,15.87,15.91,15.84,15.84,5810,0
2016-06-24,20:10:00,15.86,15.898,15.84,15.86,4000,0
2016-06-24,20:15:00,15.87,15.94,15.84,15.93,8120,0
2016-06-24,20:20:00,15.94,15.967,15.88,15.91,5120,0
2016-06-24,20:25:00,15.91,15.91,15.83,15.845,6980,0
2016-06-24,20:30:00,15.84,15.85,15.79,15.79,6300,0
2016-06-24,20:35:00,15.79,15.815,15.74,15.775,7335,0
2016-06-24,20:40:00,15.77,15.85,15.77,15.82,7000,0
2016-06-24,20:45:00,15.85,15.9,15.81,15.85,8855,0
2016-06-24,20:50:00,15.83,15.84,15.73,15.76,23017,0
2016-06-24,20:55:00,15.79,15.878,15.74,15.878,9600,0
2016-06-24,21:00:00,15.85,15.8599,15.78,15.78,12650,0
2016-06-24,21:05:00,15.76,15.83,15.76,15.8,6275,0
2016-06-24,21:10:00,15.81,15.84,15.79,15.8,6552,0
2016-06-24,21:15:00,15.82,15.84,15.7901,15.7901,8918,0
2016-06-24,21:20:00,15.81,15.86,15.71,15.83,11500,0
2016-06-24,21:25:00,15.83,15.86,15.78,15.78,14850,0
2016-06-24,21:30:00,15.7583,15.77,15.72,15.73,13439,0
2016-06-24,21:35:00,15.73,15.8,15.71,15.74,21292,0
2016-06-24,21:40:00,15.75,15.81,15.64,15.65,19754,0
2016-06-24,21:45:00,15.6799,15.78,15.63,15.74,21051,0
2016-06-24,21:50:00,15.72,15.75,15.69,15.7,18786,0
2016-06-24,21:55:00,15.7,15.72,15.62,15.7,36407,0
2016-06-24,22:00:00,15.715,15.74,15.66,15.69,465391,0
2016-06-27,15:35:00,15.64,15.676,15.27,15.5,13367,0
2016-06-27,15:40:00,15.58,15.5899,15.07,15.2915,11450,0
2016-06-27,15:45:00,15.3499,15.35,15.05,15.1,17105,0
2016-06-27,15:50:00,15.09,15.1199,14.937,14.937,24282,0
2016-06-27,15:55:00,14.995,15.0495,14.9,14.91,20894,0
2016-06-27,16:00:00,14.91,14.97,14.72,14.86,49910,0
2016-06-27,16:05:00,14.8451,15.14,14.8451,15,44233,0
2016-06-27,16:10:00,14.94,15.03,14.85,14.85,9613,0
2016-06-27,16:15:00,14.88,14.96,14.83,14.86,34891,0
2016-06-27,16:20:00,14.855,14.99,14.85,14.93,18737,0
2016-06-27,16:25:00,15,15,14.89,14.96,21957,0
2016-06-27,16:30:00,14.97,14.97,14.83,14.83,21406,0
2016-06-27,16:35:00,14.8,14.85,14.64,14.67,22250,0
2016-06-27,16:40:00,14.68,14.83,14.68,14.75,5800,0
2016-06-27,16:45:00,14.7155,14.78,14.7,14.7,7000,0
2016-06-27,16:50:00,14.675,14.68,14.36,14.37,21625,0
2016-06-27,16:55:00,14.3201,14.445,14.24,14.2638,40302,0
2016-06-27,17:00:00,14.28,14.44,14.27,14.37,14900,0
2016-06-27,17:05:00,14.37,14.4158,14.22,14.4158,15263,0
2016-06-27,17:10:00,14.395,14.4299,14.31,14.33,5587,0
2016-06-27,17:15:00,14.35,14.46,14.35,14.35,9900,0
2016-06-27,17:20:00,14.3201,14.3399,14.2774,14.3,32396,0
2016-06-27,17:25:00,14.28,14.34,14.27,14.3392,30867,0
2016-06-27,17:30:00,14.35,14.53,14.3468,14.53,6750,0
2016-06-27,17:35:00,14.52,14.7,14.5076,14.7,21036,0
2016-06-27,17:40:00,14.6625,14.67,14.54,14.66,4500,0
2016-06-27,17:45:00,14.68,14.82,14.635,14.79,7360,0
2016-06-27,17:50:00,14.78,15.03,14.68,14.9738,18074,0
2016-06-27,17:55:00,15.01,15.05,14.78,14.8,22434,0
2016-06-27,18:00:00,14.79,15.02,14.79,14.95,9000,0
2016-06-27,18:05:00,14.97,15,14.78,14.78,2957,0
2016-06-27,18:10:00,14.7835,14.84,14.68,14.84,6200,0
2016-06-27,18:15:00,14.81,14.81,14.66,14.72,7600,0
2016-06-27,18:20:00,14.7,14.84,14.7,14.78,8050,0
2016-06-27,18:25:00,14.78,14.81,14.76,14.79,4500,0
2016-06-27,18:30:00,14.83,15,14.82,14.95,3600,0
2016-06-27,18:35:00,14.99,15.1,14.99,15,19434,0
2016-06-27,18:40:00,15,15.005,14.91,14.945,9520,0
2016-06-27,18:45:00,14.93,14.95,14.83,14.95,9300,0
2016-06-27,18:50:00,14.9458,15.06,14.9458,15.025,8451,0
2016-06-27,18:55:00,15.06,15.09,14.92,14.92,12811,0
2016-06-27,19:00:00,14.98,15.06,14.94,15.025,5400,0
2016-06-27,19:05:00,15.04,15.045,14.97,14.98,3200,0
2016-06-27,19:10:00,14.97,15.0125,14.97,15,4100,0
2016-06-27,19:15:00,15,15.02,14.97,15,11101,0
2016-06-27,19:20:00,14.97,15.02,14.97,14.97,3700,0
2016-06-27,19:25:00,14.98,15.03,14.955,14.98,7699,0
2016-06-27,19:30:00,14.98,14.98,14.89,14.9,2300,0
2016-06-27,19:35:00,14.9,14.92,14.75,14.77,5677,0
2016-06-27,19:40:00,14.76,14.765,14.67,14.67,6000,0
2016-06-27,19:45:00,14.685,14.69,14.62,14.6225,6546,0
2016-06-27,19:50:00,14.63,14.64,14.53,14.55,2900,0
2016-06-27,19:55:00,14.54,14.55,14.41,14.49,14700,0
2016-06-27,20:00:00,14.48,14.48,14.37,14.44,5963,0
2016-06-27,20:05:00,14.5,14.58,14.39,14.39,5850,0
2016-06-27,20:10:00,14.44,14.5,14.44,14.5,5308,0
2016-06-27,20:15:00,14.538,14.61,14.49,14.505,5900,0
2016-06-27,20:20:00,14.48,14.55,14.4,14.485,12090,0
2016-06-27,20:25:00,14.52,14.57,14.47,14.505,4800,0
2016-06-27,20:30:00,14.48,14.55,14.46,14.49,6748,0
2016-06-27,20:35:00,14.49,14.54,14.46,14.525,19241,0
2016-06-27,20:40:00,14.525,14.55,14.4,14.4,9550,0
2016-06-27,20:45:00,14.38,14.43,14.3501,14.42,9179,0
2016-06-27,20:50:00,14.42,14.42,14.27,14.31,15200,0
2016-06-27,20:55:00,14.295,14.33,14.27,14.27,11800,0
2016-06-27,21:00:00,14.27,14.3,14.22,14.28,14712,0
2016-06-27,21:05:00,14.3174,14.35,14.28,14.34,11315,0
2016-06-27,21:10:00,14.35,14.4352,14.35,14.38,15310,0
2016-06-27,21:15:00,14.375,14.46,14.375,14.43,8000,0
2016-06-27,21:20:00,14.42,14.42,14.31,14.31,15420,0
2016-06-27,21:25:00,14.31,14.34,14.285,14.305,15900,0
2016-06-27,21:30:00,14.3,14.4,14.3,14.4,22203,0
2016-06-27,21:35:00,14.375,14.44,14.36,14.41,12731,0
2016-06-27,21:40:00,14.42,14.64,14.42,14.64,23591,0
2016-06-27,21:45:00,14.64,14.64,14.6,14.63,25756,0
2016-06-27,21:50:00,14.65,14.71,14.62,14.71,21503,0
2016-06-27,21:55:00,14.7,14.8,14.65,14.79,56129,0
2016-06-27,22:00:00,14.77,14.79,14.7,14.7,93925,0
2016-06-28,15:35:00,14.99,15.65,14.95,15.3098,32769,0
2016-06-28,15:40:00,15.39,15.55,15.38,15.51,22263,0
2016-06-28,15:45:00,15.53,15.63,15.51,15.546,13750,0
2016-06-28,15:50:00,15.56,15.68,15.4526,15.63,8050,0
2016-06-28,15:55:00,15.71,16,15.68,15.93,55211,0
2016-06-28,16:00:00,15.97,16,15.69,15.69,25854,0
2016-06-28,16:05:00,15.735,15.835,15.68,15.835,8810,0
2016-06-28,16:10:00,15.845,15.845,15.64,15.64,7710,0
2016-06-28,16:15:00,15.645,15.75,15.58,15.75,29050,0
2016-06-28,16:20:00,15.73,15.93,15.7,15.87,18749,0
2016-06-28,16:25:00,15.83,15.854,15.77,15.77,1825,0
2016-06-28,16:30:00,15.6901,15.76,15.69,15.71,40881,0
2016-06-28,16:35:00,15.72,15.8,15.61,15.775,15052,0
2016-06-28,16:40:00,15.76,15.86,15.76,15.81,20900,0
2016-06-28,16:45:00,15.85,15.86,15.81,15.86,30681,0
2016-06-28,16:50:00,15.86,16,15.8569,15.99,41718,0
2016-06-28,16:55:00,16,16.11,15.99,16.01,25018,0
2016-06-28,17:00:00,16.035,16.06,15.97,16.025,13559,0
2016-06-28,17:05:00,16.045,16.045,15.78,15.8147,28756,0
2016-06-28,17:10:00,15.79,15.91,15.73,15.78,5161,0
2016-06-28,17:15:00,15.7808,15.7808,15.64,15.78,4204,0
2016-06-28,17:20:00,15.7533,15.96,15.7533,15.96,2800,0
2016-06-28,17:25:00,15.95,15.99,15.86,15.86,15508,0
2016-06-28,17:30:00,15.835,15.835,15.65,15.65,3500,0
2016-06-28,17:35:00,15.67,15.77,15.66,15.77,2500,0
2016-06-28,17:40:00,15.75,15.77,15.65,15.65,5675,0
2016-06-28,17:45:00,15.61,15.76,15.61,15.76,4700,0
2016-06-28,17:50:00,15.83,15.84,15.7501,15.82,6700,0
2016-06-28,17:55:00,15.81,15.87,15.81,15.83,7276,0
2016-06-28,18:00:00,15.83,15.87,15.78,15.83,3667,0
2016-06-28,18:05:00,15.8,15.82,15.78,15.81,3600,0
2016-06-28,18:10:00,15.8053,15.8053,15.78,15.78,3900,0
2016-06-28,18:15:00,15.76,15.77,15.74,15.77,3900,0
2016-06-28,18:20:00,15.74,15.79,15.71,15.79,5500,0
2016-06-28,18:25:00,15.802,15.84,15.76,15.79,6250,0
2016-06-28,18:30:00,15.79,15.83,15.75,15.83,1500,0
2016-06-28,18:35:00,15.8,15.89,15.77,15.89,2300,0
2016-06-28,18:40:00,15.88,15.9,15.88,15.9,500,0
2016-06-28,18:45:00,15.85,16.04,15.85,15.97,12500,0
2016-06-28,18:50:00,15.99,16.06,15.94,15.94,27900,0
2016-06-28,18:55:00,15.91,15.93,15.87,15.93,3810,0
2016-06-28,19:00:00,15.96,15.96,15.82,15.82,2900,0
2016-06-28,19:05:00,15.81,15.89,15.71,15.815,4800,0
2016-06-28,19:10:00,15.83,15.83,15.7,15.76,1800,0
2016-06-28,19:15:00,15.75,15.85,15.73,15.81,3350,0
2016-06-28,19:20:00,15.8,15.82,15.76,15.76,7700,0
2016-06-28,19:25:00,15.72,15.8,15.7,15.78,4400,0
2016-06-28,19:30:00,15.7101,15.81,15.7101,15.795,2200,0
2016-06-28,19:35:00,15.8,15.94,15.8,15.93,4306,0
2016-06-28,19:40:00,15.92,15.92,15.88,15.91,900,0
2016-06-28,19:45:00,15.94,15.96,15.88,15.96,5400,0
2016-06-28,19:50:00,15.91,15.954,15.91,15.954,200,0
2016-06-28,19:55:00,15.91,15.94,15.91,15.91,1600,0
2016-06-28,20:00:00,15.91,15.93,15.9,15.91,3400,0
2016-06-28,20:05:00,15.9,15.91,15.86,15.86,2930,0
2016-06-28,20:10:00,15.85,15.85,15.75,15.75,12770,0
2016-06-28,20:15:00,15.75,15.78,15.75,15.765,2500,0
2016-06-28,20:20:00,15.765,15.78,15.73,15.73,5600,0
2016-06-28,20:25:00,15.75,15.75,15.71,15.71,700,0
2016-06-28,20:30:00,15.71,15.74,15.68,15.7,5962,0
2016-06-28,20:35:00,15.7,15.75,15.66,15.7,6300,0
2016-06-28,20:40:00,15.74,15.83,15.74,15.83,5400,0
2016-06-28,20:45:00,15.81,15.87,15.71,15.76,4460,0
2016-06-28,20:50:00,15.73,15.75,15.7,15.725,6068,0
2016-06-28,20:55:00,15.75,15.75,15.73,15.74,400,0
2016-06-28,21:00:00,15.74,15.8,15.74,15.75,10552,0
2016-06-28,21:05:00,15.743,15.82,15.72,15.775,4268,0
2016-06-28,21:10:00,15.775,15.775,15.68,15.72,5035,0
2016-06-28,21:15:00,15.65,15.76,15.64,15.75,6800,0
2016-06-28,21:20:00,15.75,15.75,15.68,15.705,2900,0
2016-06-28,21:25:00,15.705,15.7084,15.46,15.52,25850,0
2016-06-28,21:30:00,15.545,15.55,15.47,15.5,2000,0
2016-06-28,21:35:00,15.53,15.62,15.51,15.51,9240,0
2016-06-28,21:40:00,15.5,15.53,15.48,15.53,5799,0
2016-06-28,21:45:00,15.515,15.58,15.515,15.57,7200,0
2016-06-28,21:50:00,15.57,15.67,15.565,15.58,10900,0
2016-06-28,21:55:00,15.59,15.67,15.55,15.65,14250,0
2016-06-28,22:00:00,15.66,15.73,15.655,15.7,51824,0
2016-06-29,15:35:00,16.02,16.04,15.98,16.02,7731,0
2016-06-29,15:40:00,16.02,16.05,15.83,15.95,19844,0
2016-06-29,15:45:00,15.945,16.05,15.83,15.975,17400,0
2016-06-29,15:50:00,15.91,16.08,15.89,16.08,3450,0
2016-06-29,15:55:00,16.07,16.2,15.98,16.17,14215,0
2016-06-29,16:00:00,16.1,16.2744,16.1,16.1701,10310,0
2016-06-29,16:05:00,16.17,16.21,16.07,16.185,5823,0
2016-06-29,16:10:00,16.1866,16.24,16.05,16.06,5500,0
2016-06-29,16:15:00,16.0008,16.09,16,16.065,6780,0
2016-06-29,16:20:00,16.05,16.13,15.97,16.12,8044,0
2016-06-29,16:25:00,16.06,16.06,15.94,15.94,3730,0
2016-06-29,16:30:00,15.97,15.99,15.9,15.986,3600,0
2016-06-29,16:35:00,15.98,16.08,15.81,15.85,18530,0
2016-06-29,16:40:00,15.84,15.84,15.72,15.72,9495,0
2016-06-29,16:45:00,15.71,15.72,15.65,15.66,7589,0
2016-06-29,16:50:00,15.66,15.73,15.64,15.73,6514,0
2016-06-29,16:55:00,15.72,15.8,15.72,15.75,3476,0
2016-06-29,17:00:00,15.8,15.87,15.73,15.8,6382,0
2016-06-29,17:05:00,15.76,15.91,15.73,15.89,8409,0
2016-06-29,17:10:00,15.92,15.99,15.88,15.88,8310,0
2016-06-29,17:15:00,15.81,15.845,15.7948,15.7948,2400,0
2016-06-29,17:20:00,15.84,15.9,15.805,15.86,14422,0
2016-06-29,17:25:00,15.87,16.01,15.855,15.965,4075,0
2016-06-29,17:30:00,15.94,16.14,15.94,16.14,6950,0
2016-06-29,17:35:00,16.1,16.11,16.04,16.1,3700,0
2016-06-29,17:40:00,16.09,16.14,16.0774,16.1,4300,0
2016-06-29,17:45:00,16.13,16.19,16.11,16.145,4050,0
2016-06-29,17:50:00,16.13,16.13,16,16,3300,0
2016-06-29,17:55:00,16.03,16.19,16.01,16.17,3900,0
2016-06-29,18:00:00,16.165,16.23,16.13,16.23,12050,0
2016-06-29,18:05:00,16.17,16.21,16.13,16.1472,8498,0
2016-06-29,18:10:00,16.12,16.14,16.05,16.05,9429,0
2016-06-29,18:15:00,16.07,16.135,16.07,16.1,2600,0
2016-06-29,18:20:00,16.1,16.13,16.0701,16.13,4500,0
2016-06-29,18:25:00,16.16,16.22,16.1,16.22,3500,0
2016-06-29,18:30:00,16.19,16.225,16.14,16.14,2900,0
2016-06-29,18:35:00,16.19,16.22,16.147,16.16,3700,0
2016-06-29,18:40:00,16.13,16.22,16.1,16.195,9576,0
2016-06-29,18:45:00,16.17,16.195,16.17,16.195,1400,0
2016-06-29,18:50:00,16.2003,16.2003,16.1,16.12,4130,0
2016-06-29,18:55:00,16.11,16.15,16.11,16.14,2010,0
2016-06-29,19:00:00,16.15,16.15,16.08,16.105,7000,0
2016-06-29,19:05:00,16.09,16.12,16.09,16.12,1300,0
2016-06-29,19:10:00,16.11,16.11,16.03,16.1,3300,0
2016-06-29,19:15:00,16.08,16.08,16.03,16.055,2000,0
2016-06-29,19:20:00,16.05,16.095,16.02,16.05,10179,0
2016-06-29,19:25:00,16.05,16.08,16.01,16.08,5752,0
2016-06-29,19:30:00,16.05,16.11,16.05,16.09,3400,0
2016-06-29,19:35:00,16.085,16.14,16.085,16.14,1300,0
2016-06-29,19:40:00,16.135,16.17,16.11,16.13,4300,0
2016-06-29,19:45:00,16.15,16.17,16.135,16.16,2100,0
2016-06-29,19:50:00,16.18,16.18,16.15,16.16,4500,0
2016-06-29,19:55:00,16.15,16.15,16.12,16.135,2100,0
2016-06-29,20:00:00,16.14,16.175,16.14,16.17,3100,0
2016-06-29,20:05:00,16.165,16.215,16.165,16.215,8500,0
2016-06-29,20:10:00,16.23,16.24,16.2,16.23,8700,0
2016-06-29,20:15:00,16.23,16.24,16.23,16.24,5244,0
2016-06-29,20:20:00,16.23,16.24,16.22,16.22,2100,0
2016-06-29,20:25:00,16.23,16.25,16.23,16.25,11800,0
2016-06-29,20:30:00,16.25,16.25,16.2,16.22,3500,0
2016-06-29,20:35:00,16.22,16.25,16.2083,16.2199,8643,0
2016-06-29,20:40:00,16.21,16.25,16.21,16.25,14500,0
2016-06-29,20:45:00,16.25,16.45,16.2407,16.4,10200,0
2016-06-29,20:50:00,16.4001,16.44,16.35,16.43,14064,0
2016-06-29,20:55:00,16.42,16.43,16.28,16.36,4500,0
2016-06-29,21:00:00,16.33,16.364,16.24,16.31,12350,0
2016-06-29,21:05:00,16.3,16.34,16.3,16.3,2600,0
2016-06-29,21:10:00,16.3,16.33,16.3,16.33,4145,0
2016-06-29,21:15:00,16.31,16.34,16.276,16.276,7913,0
2016-06-29,21:20:00,16.285,16.3,16.23,16.24,12664,0
2016-06-29,21:25:00,16.245,16.25,16.13,16.13,4700,0
2016-06-29,21:30:00,16.13,16.17,16.11,16.17,9800,0
2016-06-29,21:35:00,16.18,16.18,16.07,16.12,11100,0
2016-06-29,21:40:00,16.12,16.12,16.06,16.06,8200,0
2016-06-29,21:45:00,16.06,16.08,16.03,16.07,16911,0
2016-06-29,21:50:00,16.08,16.15,16.08,16.15,11400,0
2016-06-29,21:55:00,16.15,16.15,16.1,16.11,18678,0
2016-06-29,22:00:00,16.105,16.11,16.09,16.095,31902,0
2016-06-30,15:35:00,15.96,15.99,15.81,15.96,8830,0
2016-06-30,15:40:00,15.956,16.12,15.8,15.9,22539,0
2016-06-30,15:45:00,15.89,16.09,15.84,16.0231,25050,0
2016-06-30,15:50:00,16.03,16.2,15.94,16.2,13764,0
2016-06-30,15:55:00,16.2,16.22,16.04,16.18,7300,0
2016-06-30,16:00:00,16.24,16.8489,16.2,16.5,37400,0
2016-06-30,16:05:00,16.5,16.55,16.23,16.23,4917,0
2016-06-30,16:10:00,16.28,16.36,16.23,16.25,1900,0
2016-06-30,16:15:00,16.26,16.42,16.26,16.42,6200,0
2016-06-30,16:20:00,16.4,16.4,16.3,16.315,7700,0
2016-06-30,16:25:00,16.315,16.315,16.1835,16.29,5370,0
2016-06-30,16:30:00,16.3,16.33,16.25,16.25,3550,0
2016-06-30,16:35:00,16.24,16.34,16.24,16.3,2000,0
2016-06-30,16:40:00,16.315,16.4,16.29,16.33,2753,0
2016-06-30,16:45:00,16.33,16.38,16.2497,16.27,6050,0
2016-06-30,16:50:00,16.26,16.42,16.26,16.42,5186,0
2016-06-30,16:55:00,16.4,16.57,16.4,16.44,11700,0
2016-06-30,17:00:00,16.42,16.51,16.39,16.49,900,0
2016-06-30,17:05:00,16.5,16.57,16.5,16.53,4050,0
2016-06-30,17:10:00,16.53,16.68,16.53,16.59,8000,0
2016-06-30,17:15:00,16.62,16.67,16.59,16.61,1200,0
2016-06-30,17:20:00,16.65,16.69,16.58,16.58,8300,0
2016-06-30,17:25:00,16.5699,16.6,16.54,16.59,3208,0
2016-06-30,17:30:00,16.62,16.75,16.62,16.74,2830,0
2016-06-30,17:35:00,16.72,16.76,16.62,16.64,12977,0
2016-06-30,17:40:00,16.64,16.66,16.6,16.65,3000,0
2016-06-30,17:45:00,16.62,16.64,16.5401,16.635,6335,0
2016-06-30,17:50:00,16.67,16.67,16.61,16.62,2318,0
2016-06-30,17:55:00,16.55,16.57,16.53,16.57,1600,0
2016-06-30,18:00:00,16.6,16.62,16.52,16.56,1600,0
2016-06-30,18:05:00,16.56,16.635,16.56,16.58,4000,0
2016-06-30,18:10:00,16.56,16.58,16.51,16.51,1450,0
2016-06-30,18:15:00,16.53,16.53,16.45,16.46,4276,0
2016-06-30,18:20:00,16.45,16.52,16.36,16.36,12500,0
2016-06-30,18:25:00,16.36,16.36,16.31,16.33,4800,0
2016-06-30,18:30:00,16.33,16.38,16.3,16.34,3900,0
2016-06-30,18:35:00,16.34,16.36,16.2,16.2,5307,0
2016-06-30,18:40:00,16.21,16.46,16.2,16.4,7530,0
2016-06-30,18:45:00,16.4,16.47,16.4,16.44,5076,0
2016-06-30,18:50:00,16.4,16.44,16.4,16.41,2300,0
2016-06-30,18:55:00,16.42,16.48,16.42,16.43,2550,0
2016-06-30,19:00:00,16.43,16.45,16.42,16.42,1800,0
2016-06-30,19:05:00,16.43,16.46,16.41,16.41,2200,0
2016-06-30,19:10:00,16.41,16.42,16.4,16.42,8000,0
2016-06-30,19:15:00,16.4,16.47,16.4,16.44,8719,0
2016-06-30,19:20:00,16.44,16.47,16.425,16.47,2800,0
2016-06-30,19:25:00,16.46,16.4775,16.42,16.42,10400,0
2016-06-30,19:30:00,16.43,16.48,16.4,16.44,11003,0
2016-06-30,19:35:00,16.45,16.49,16.44,16.49,5465,0
2016-06-30,19:40:00,16.5,16.5,16.46,16.49,3200,0
2016-06-30,19:45:00,16.48,16.5,16.47,16.49,5304,0
2016-06-30,19:50:00,16.48,16.5,16.47,16.49,2208,0
2016-06-30,19:55:00,16.49,16.5,16.48,16.48,2200,0
2016-06-30,20:00:00,16.49,16.5,16.47,16.5,6799,0
2016-06-30,20:05:00,16.5,16.54,16.47,16.495,13309,0
2016-06-30,20:10:00,16.52,16.575,16.48,16.55,8400,0
2016-06-30,20:15:00,16.57,16.6,16.55,16.55,8374,0
2016-06-30,20:20:00,16.55,16.59,16.54,16.54,4200,0
2016-06-30,20:25:00,16.54,16.56,16.485,16.515,18510,0
2016-06-30,20:30:00,16.51,16.51,16.44,16.47,3200,0
2016-06-30,20:35:00,16.505,16.53,16.48,16.49,3200,0
2016-06-30,20:40:00,16.49,16.535,16.47,16.48,5904,0
2016-06-30,20:45:00,16.5,16.53,16.49,16.51,3500,0
2016-06-30,20:50:00,16.515,16.52,16.47,16.49,4700,0
2016-06-30,20:55:00,16.5,16.51,16.47,16.485,6300,0
2016-06-30,21:00:00,16.49,16.53,16.48,16.52,4703,0
2016-06-30,21:05:00,16.52,16.545,16.47,16.505,6400,0
2016-06-30,21:10:00,16.5,16.51,16.42,16.43,8200,0
2016-06-30,21:15:00,16.43,16.44,16.4,16.43,8545,0
2016-06-30,21:20:00,16.43,16.43,16.37,16.4,5950,0
2016-06-30,21:25:00,16.45,16.4792,16.44,16.458,6100,0
2016-06-30,21:30:00,16.47,16.5,16.47,16.5,5900,0
2016-06-30,21:35:00,16.5,16.55,16.5,16.53,20872,0
2016-06-30,21:40:00,16.53,16.57,16.52,16.55,9100,0
2016-06-30,21:45:00,16.55,16.56,16.53,16.54,8000,0
2016-06-30,21:50:00,16.52,16.55,16.49,16.5463,11794,0
2016-06-30,21:55:00,16.56,16.64,16.56,16.63,16144,0
2016-06-30,22:00:00,16.64,16.64,16.5,16.6,84695,0
2016-07-01,15:35:00,16.42,16.67,16.42,16.54,18504,0
2016-07-01,15:40:00,16.54,16.84,16.54,16.66,6750,0
2016-07-01,15:45:00,16.66,16.74,16.57,16.72,10000,0
2016-07-01,15:50:00,16.665,16.79,16.63,16.7,3500,0
2016-07-01,15:55:00,16.7,17.18,16.7,17.1,24244,0
2016-07-01,16:00:00,17.11,17.2,17.03,17.13,26900,0
2016-07-01,16:05:00,17.108,17.64,17.07,17.52,36960,0
2016-07-01,16:10:00,17.54,17.55,17.37,17.42,19774,0
2016-07-01,16:15:00,17.473,17.473,17.3,17.33,6210,0
2016-07-01,16:20:00,17.36,17.44,17.33,17.44,5701,0
2016-07-01,16:25:00,17.44,17.45,17.3,17.33,3126,0
2016-07-01,16:30:00,17.31,17.31,17.11,17.155,15081,0
2016-07-01,16:35:00,17.15,17.2,17.06,17.1,4389,0
2016-07-01,16:40:00,17.12,17.155,16.99,16.992,14879,0
2016-07-01,16:45:00,17.01,17.045,16.925,17.03,8100,0
2016-07-01,16:50:00,17.01,17.07,16.94,16.94,14858,0
2016-07-01,16:55:00,16.965,17.01,16.9,16.93,7065,0
2016-07-01,17:00:00,16.95,17,16.82,16.82,6636,0
2016-07-01,17:05:00,16.83,16.98,16.78,16.945,4000,0
2016-07-01,17:10:00,16.95,17.02,16.795,16.795,21029,0
2016-07-01,17:15:00,16.86,17,16.85,16.95,27940,0
2016-07-01,17:20:00,16.96,17.19,16.93,17.04,25166,0
2016-07-01,17:25:00,17.06,17.14,16.95,16.97,29842,0
2016-07-01,17:30:00,16.95,16.985,16.9001,16.95,6500,0
2016-07-01,17:35:00,16.92,16.98,16.88,16.96,11821,0
2016-07-01,17:40:00,16.96,17,16.89,16.97,16699,0
2016-07-01,17:45:00,17,17.135,16.99,17.135,1900,0
2016-07-01,17:50:00,17.14,17.24,17.13,17.21,4450,0
2016-07-01,17:55:00,17.24,17.25,17.18,17.19,6300,0
2016-07-01,18:00:00,17.21,17.31,17.18,17.31,3500,0
2016-07-01,18:05:00,17.31,17.35,17.2,17.25,3909,0
2016-07-01,18:10:00,17.22,17.31,17.21,17.25,5581,0
2016-07-01,18:15:00,17.24,17.32,17.21,17.2942,2800,0
2016-07-01,18:20:00,17.32,17.33,17.21,17.21,2183,0
2016-07-01,18:25:00,17.21,17.35,17.21,17.28,3200,0
2016-07-01,18:30:00,17.29,17.29,17.2178,17.2178,2510,0
2016-07-01,18:35:00,17.23,17.27,17.2,17.27,2400,0
2016-07-01,18:40:00,17.28,17.3,17.26,17.27,3600,0
2016-07-01,18:45:00,17.28,17.28,17.21,17.21,1400,0
2016-07-01,18:50:00,17.28,17.3,17.244,17.244,8600,0
2016-07-01,18:55:00,17.27,17.31,17.23,17.3,6600,0
2016-07-01,19:00:00,17.29,17.34,17.27,17.3,7696,0
2016-07-01,19:05:00,17.3,17.3,17.04,17.04,5378,0
2016-07-01,19:10:00,17.08,17.172,17.07,17.172,3700,0
2016-07-01,19:15:00,17.21,17.276,17.2,17.27,1200,0
2016-07-01,19:20:00,17.27,17.315,17.24,17.24,7250,0
2016-07-01,19:25:00,17.22,17.23,17.13,17.16,2400,0
2016-07-01,19:30:00,17.16,17.2,17.14,17.195,2500,0
2016-07-01,19:35:00,17.14,17.19,17.09,17.18,8800,0
2016-07-01,19:40:00,17.18,17.18,17.12,17.14,1800,0
2016-07-01,19:45:00,17.14,17.26,17.14,17.26,1600,0
2016-07-01,19:50:00,17.25,17.25,17.18,17.23,4300,0
2016-07-01,19:55:00,17.28,17.28,17.18,17.24,3028,0
2016-07-01,20:00:00,17.21,17.28,17.17,17.27,4900,0
2016-07-01,20:05:00,17.28,17.3,17.26,17.2821,7000,0
2016-07-01,20:10:00,17.295,17.31,17.25,17.31,8300,0
2016-07-01,20:15:00,17.27,17.29,17.23,17.23,3400,0
2016-07-01,20:20:00,17.22,17.32,17.22,17.3001,3401,0
2016-07-01,20:25:00,17.325,17.335,17.29,17.32,2929,0
2016-07-01,20:30:00,17.31,17.36,17.28,17.36,3500,0
2016-07-01,20:35:00,17.36,17.445,17.36,17.412,7400,0
2016-07-01,20:40:00,17.435,17.435,17.37,17.37,5000,0
2016-07-01,20:45:00,17.38,17.43,17.37,17.4,2875,0
2016-07-01,20:50:00,17.41,17.53,17.41,17.52,11367,0
2016-07-01,20:55:00,17.53,17.53,17.46,17.465,3300,0
2016-07-01,21:00:00,17.465,17.61,17.46,17.57,19611,0
2016-07-01,21:05:00,17.57,17.613,17.55,17.55,6334,0
2016-07-01,21:10:00,17.57,17.62,17.56,17.56,6863,0
2016-07-01,21:15:00,17.55,17.62,17.55,17.61,2000,0
2016-07-01,21:20:00,17.61,17.69,17.61,17.69,5818,0
2016-07-01,21:25:00,17.68,17.685,17.61,17.61,4500,0
2016-07-01,21:30:00,17.625,17.7,17.57,17.7,3450,0
2016-07-01,21:35:00,17.6712,17.73,17.64,17.64,8611,0
2016-07-01,21:40:00,17.62,17.71,17.6,17.63,11998,0
2016-07-01,21:45:00,17.62,17.75,17.62,17.71,13414,0
2016-07-01,21:50:00,17.737,17.75,17.7,17.7,17862,0
2016-07-01,21:55:00,17.68,17.7,17.29,17.39,76200,0
2016-07-01,22:00:00,17.38,17.5,17.34,17.38,83467,0
2016-07-05,15:35:00,17.24,17.24,16.61,17.14,7929,0
2016-07-05,15:40:00,16.94,17.02,16.83,16.83,3262,0
2016-07-05,15:45:00,16.89,16.9299,16.8375,16.92,8942,0
2016-07-05,15:50:00,16.84,16.88,16.8,16.872,7818,0
2016-07-05,15:55:00,16.89,16.96,16.89,16.949,4725,0
2016-07-05,16:00:00,16.9,16.9197,16.79,16.81,5900,0
2016-07-05,16:05:00,16.79,16.8433,16.73,16.73,5945,0
2016-07-05,16:10:00,16.68,16.71,16.58,16.68,6450,0
2016-07-05,16:15:00,16.6658,16.7199,16.53,16.64,8025,0
2016-07-05,16:20:00,16.71,16.71,16.625,16.625,1100,0
2016-07-05,16:25:00,16.62,16.7,16.58,16.7,2095,0
2016-07-05,16:30:00,16.67,16.67,16.61,16.61,700,0
2016-07-05,16:35:00,16.63,16.78,16.625,16.7208,1500,0
2016-07-05,16:40:00,16.73,16.73,16.58,16.61,3200,0
2016-07-05,16:45:00,16.63,16.75,16.63,16.75,1200,0
2016-07-05,16:50:00,16.68,16.71,16.62,16.62,1500,0
2016-07-05,16:55:00,16.61,16.61,16.57,16.57,1872,0
2016-07-05,17:00:00,16.54,16.55,16.47,16.47,5625,0
2016-07-05,17:05:00,16.48,16.5843,16.48,16.5515,3825,0
2016-07-05,17:10:00,16.5699,16.5699,16.47,16.509,1200,0
2016-07-05,17:15:00,16.49,16.51,16.47,16.47,1900,0
2016-07-05,17:20:00,16.498,16.76,16.498,16.76,3100,0
2016-07-05,17:25:00,16.72,16.76,16.64,16.64,3399,0
2016-07-05,17:30:00,16.5,16.62,16.5,16.6,1400,0
2016-07-05,17:35:00,16.58,16.59,16.52,16.53,9800,0
2016-07-05,17:40:00,16.53,16.53,16.4607,16.4607,3900,0
2016-07-05,17:45:00,16.45,16.46,16.36,16.37,3950,0
2016-07-05,17:50:00,16.34,16.51,16.33,16.432,18516,0
2016-07-05,17:55:00,16.45,16.47,16.39,16.41,3200,0
2016-07-05,18:00:00,16.4101,16.47,16.4,16.47,1700,0
2016-07-05,18:05:00,16.48,16.51,16.46,16.51,3600,0
2016-07-05,18:10:00,16.49,16.5,16.48,16.48,1000,0
2016-07-05,18:15:00,16.51,16.54,16.46,16.47,2700,0
2016-07-05,18:20:00,16.5,16.5,16.47,16.495,2699,0
2016-07-05,18:25:00,16.51,16.53,16.48,16.53,1600,0
2016-07-05,18:30:00,16.53,16.63,16.53,16.57,9681,0
2016-07-05,18:35:00,16.58,16.58,16.58,16.58,300,0
2016-07-05,18:40:00,16.5999,16.6,16.58,16.6,4200,0
2016-07-05,18:45:00,16.58,16.58,16.55,16.55,500,0
2016-07-05,18:50:00,16.55,16.57,16.55,16.56,500,0
2016-07-05,18:55:00,16.56,16.56,16.54,16.54,700,0
2016-07-05,19:00:00,16.55,16.58,16.54,16.58,1000,0
2016-07-05,19:05:00,16.56,16.58,16.56,16.58,900,0
2016-07-05,19:10:00,16.57,16.58,16.56,16.58,900,0
2016-07-05,19:15:00,16.57,16.58,16.56,16.56,400,0
2016-07-05,19:20:00,16.55,16.5883,16.53,16.58,1975,0
2016-07-05,19:25:00,16.57,16.59,16.57,16.585,900,0
2016-07-05,19:30:00,16.6,16.62,16.6,16.62,1200,0
2016-07-05,19:35:00,16.62,16.63,16.61,16.62,900,0
2016-07-05,19:40:00,16.65,16.65,16.62,16.62,600,0
2016-07-05,19:45:00,16.63,16.63,16.57,16.58,1300,0
2016-07-05,19:50:00,16.57,16.57,16.55,16.56,1800,0
2016-07-05,19:55:00,16.6,16.6,16.57,16.59,500,0
2016-07-05,20:00:00,16.6,16.63,16.59,16.62,1900,0
2016-07-05,20:05:00,16.63,16.7,16.6299,16.7,2000,0
2016-07-05,20:10:00,16.71,16.72,16.67,16.72,1900,0
2016-07-05,20:15:00,16.73,16.7832,16.73,16.76,4200,0
2016-07-05,20:20:00,16.74,16.7586,16.7,16.7,4900,0
2016-07-05,20:25:00,16.73,16.73,16.68,16.68,1000,0
2016-07-05,20:30:00,16.68,16.68,16.6,16.6,4210,0
2016-07-05,20:35:00,16.6,16.63,16.6,16.61,900,0
2016-07-05,20:40:00,16.63,16.65,16.63,16.65,500,0
2016-07-05,20:45:00,16.63,16.64,16.57,16.6,9695,0
2016-07-05,20:50:00,16.62,16.65,16.56,16.56,2300,0
2016-07-05,20:55:00,16.53,16.61,16.53,16.61,1000,0
2016-07-05,21:00:00,16.59,16.61,16.5899,16.6,1500,0
2016-07-05,21:05:00,16.63,16.66,16.62,16.66,1000,0
2016-07-05,21:10:00,16.67,16.67,16.6,16.63,3000,0
2016-07-05,21:15:00,16.63,16.68,16.61,16.65,1200,0
2016-07-05,21:20:00,16.66,16.66,16.6,16.66,3400,0
2016-07-05,21:25:00,16.65,16.67,16.65,16.67,600,0
2016-07-05,21:30:00,16.68,16.69,16.66,16.69,2600,0
2016-07-05,21:35:00,16.7,16.78,16.68,16.78,2600,0
2016-07-05,21:40:00,16.775,16.815,16.775,16.815,1600,0
2016-07-05,21:45:00,16.81,16.82,16.76,16.77,5200,0
2016-07-05,21:50:00,16.76,16.79,16.76,16.79,3800,0
2016-07-05,21:55:00,16.78,16.78,16.6978,16.6978,5640,0
2016-07-05,22:00:00,16.71,16.71,16.64,16.66,22303,0
2016-07-06,15:35:00,16.48,16.58,16.3201,16.488,3906,0
2016-07-06,15:40:00,16.42,16.5099,16.32,16.33,7219,0
2016-07-06,15:45:00,16.46,16.46,16.07,16.07,4793,0
2016-07-06,15:50:00,16.09,16.34,16.09,16.31,2300,0
2016-07-06,15:55:00,16.39,16.52,16.25,16.47,21300,0
2016-07-06,16:00:00,16.51,16.75,16.51,16.67,15300,0
2016-07-06,16:05:00,16.7049,16.88,16.68,16.75,3950,0
2016-07-06,16:10:00,16.71,16.71,16.59,16.6,1300,0
2016-07-06,16:15:00,16.6012,16.62,16.57,16.62,850,0
2016-07-06,16:20:00,16.64,16.65,16.52,16.52,3100,0
2016-07-06,16:25:00,16.55,16.76,16.54,16.7,2000,0
2016-07-06,16:30:00,16.7799,16.81,16.76,16.76,1550,0
2016-07-06,16:35:00,16.64,16.66,16.51,16.51,3700,0
2016-07-06,16:40:00,16.48,16.75,16.38,16.69,22166,0
2016-07-06,16:45:00,16.7,16.8,16.65,16.8,1300,0
2016-07-06,16:50:00,16.77,16.85,16.72,16.8,2615,0
2016-07-06,16:55:00,16.79,16.8399,16.79,16.79,1000,0
2016-07-06,17:00:00,16.8,16.8,16.75,16.75,900,0
2016-07-06,17:05:00,16.78,16.85,16.77,16.81,16875,0
2016-07-06,17:10:00,16.83,16.89,16.78,16.89,2500,0
2016-07-06,17:15:00,16.91,16.97,16.86,16.9,1800,0
2016-07-06,17:20:00,16.95,16.98,16.89,16.9,2900,0
2016-07-06,17:25:00,16.9,16.9,16.81,16.81,300,0
2016-07-06,17:30:00,16.84,16.89,16.81,16.82,1833,0
2016-07-06,17:35:00,16.79,16.8,16.74,16.8,600,0
2016-07-06,17:40:00,16.75,16.7995,16.75,16.7995,1100,0
2016-07-06,17:45:00,16.7755,16.7755,16.74,16.74,600,0
2016-07-06,17:50:00,16.72,16.72,16.71,16.72,600,0
2016-07-06,17:55:00,16.7,16.8,16.7,16.79,1600,0
2016-07-06,18:00:00,16.78,16.78,16.7,16.7,1400,0
2016-07-06,18:05:00,16.71,16.78,16.71,16.78,3250,0
2016-07-06,18:10:00,16.8,16.87,16.78,16.86,1700,0
2016-07-06,18:15:00,16.81,16.86,16.8,16.8,300,0
2016-07-06,18:20:00,16.81,16.95,16.81,16.86,8760,0
2016-07-06,18:25:00,16.91,16.91,16.795,16.795,2396,0
2016-07-06,18:30:00,16.84,16.84,16.81,16.81,999,0
2016-07-06,18:35:00,16.78,16.81,16.78,16.81,300,0
2016-07-06,18:40:00,16.83,16.83,16.81,16.81,3000,0
2016-07-06,18:45:00,16.83,16.9,16.82,16.9,1600,0
2016-07-06,18:50:00,16.93,16.93,16.79,16.79,1400,0
2016-07-06,18:55:00,16.79,16.83,16.79,16.82,1000,0
2016-07-06,19:00:00,16.82,16.85,16.79,16.79,1900,0
2016-07-06,19:05:00,16.83,16.83,16.81,16.81,400,0
2016-07-06,19:10:00,16.84,16.84,16.83,16.84,600,0
2016-07-06,19:15:00,16.8599,16.8599,16.8599,16.8599,200,0
2016-07-06,19:20:00,16.84,16.84,16.8,16.8,800,0
2016-07-06,19:25:00,16.85,16.85,16.81,16.81,800,0
2016-07-06,19:30:00,16.78,16.84,16.76,16.84,1000,0
2016-07-06,19:35:00,16.86,16.86,16.85,16.86,400,0
2016-07-06,19:40:00,16.86,16.87,16.86,16.87,400,0
2016-07-06,19:45:00,16.88,16.88,16.84,16.84,600,0
2016-07-06,19:50:00,16.78,16.79,16.73,16.73,900,0
2016-07-06,19:55:00,16.72,16.8,16.72,16.78,4500,0
2016-07-06,20:00:00,16.78,16.78,16.72,16.72,400,0
2016-07-06,20:05:00,16.71,16.71,16.61,16.67,5300,0
2016-07-06,20:10:00,16.68,16.69,16.67,16.69,925,0
2016-07-06,20:15:00,16.72,16.7265,16.64,16.64,1600,0
2016-07-06,20:20:00,16.61,16.62,16.55,16.6,3700,0
2016-07-06,20:25:00,16.63,16.63,16.6,16.61,900,0
2016-07-06,20:30:00,16.61,16.63,16.58,16.61,2000,0
2016-07-06,20:35:00,16.62,16.64,16.59,16.6,2000,0
2016-07-06,20:40:00,16.6,16.65,16.59,16.65,1600,0
2016-07-06,20:45:00,16.62,16.62,16.59,16.59,2200,0
2016-07-06,20:50:00,16.63,16.63,16.6,16.63,500,0
2016-07-06,20:55:00,16.63,16.75,16.63,16.71,8100,0
2016-07-06,21:00:00,16.68,16.69,16.63,16.63,1883,0
2016-07-06,21:05:00,16.63,16.65,16.6,16.6,3485,0
2016-07-06,21:10:00,16.6,16.62,16.58,16.62,1900,0
2016-07-06,21:15:00,16.61,16.62,16.58,16.59,2700,0
2016-07-06,21:20:00,16.6,16.62,16.56,16.6,3000,0
2016-07-06,21:25:00,16.6,16.6,16.52,16.55,2400,0
2016-07-06,21:30:00,16.5476,16.57,16.54,16.57,2200,0
2016-07-06,21:35:00,16.56,16.6,16.56,16.6,2542,0
2016-07-06,21:40:00,16.63,16.63,16.62,16.62,800,0
2016-07-06,21:45:00,16.65,16.67,16.58,16.62,4976,0
2016-07-06,21:50:00,16.61,16.63,16.59,16.59,1900,0
2016-07-06,21:55:00,16.6,16.65,16.58,16.63,9300,0
2016-07-06,22:00:00,16.64,16.68,16.63,16.63,18116,0
2016-07-07,15:35:00,16.65,16.65,16.515,16.515,3891,0
2016-07-07,15:40:00,16.6036,16.91,16.6036,16.91,1800,0
2016-07-07,15:45:00,16.84,17.01,16.815,17.01,3475,0
2016-07-07,15:50:00,16.99,17.02,16.91,17.02,13304,0
2016-07-07,15:55:00,17.1,17.17,17.075,17.075,6800,0
2016-07-07,16:00:00,17.16,17.22,16.85,17.22,17650,0
2016-07-07,16:05:00,17.1,17.1,16.92,17,9238,0
2016-07-07,16:10:00,16.99,16.99,16.765,16.765,1200,0
2016-07-07,16:15:00,16.7,16.76,16.65,16.76,2500,0
2016-07-07,16:20:00,16.7964,16.92,16.715,16.89,5000,0
2016-07-07,16:25:00,16.88,16.8899,16.77,16.82,6000,0
2016-07-07,16:30:00,16.82,16.84,16.82,16.84,900,0
2016-07-07,16:35:00,16.85,16.92,16.85,16.92,1900,0
2016-07-07,16:40:00,16.94,16.98,16.9,16.98,1800,0
2016-07-07,16:45:00,16.93,17,16.855,16.855,3500,0
2016-07-07,16:50:00,16.86,16.89,16.79,16.85,1733,0
2016-07-07,16:55:00,16.85,16.9,16.85,16.9,500,0
2016-07-07,17:00:00,16.84,16.86,16.77,16.84,2220,0
2016-07-07,17:05:00,16.8,16.85,16.74,16.74,4450,0
2016-07-07,17:10:00,16.75,16.87,16.71,16.8,2800,0
2016-07-07,17:15:00,16.84,16.9693,16.82,16.9693,1133,0
2016-07-07,17:20:00,16.97,16.97,16.96,16.97,400,0
2016-07-07,17:25:00,16.98,16.98,16.92,16.92,500,0
2016-07-07,17:30:00,16.905,16.93,16.88,16.9,1500,0
2016-07-07,17:35:00,16.91,16.91,16.91,16.91,200,0
2016-07-07,17:40:00,16.93,17.02,16.93,17,2100,0
2016-07-07,17:45:00,17.03,17.03,16.96,16.96,2863,0
2016-07-07,17:50:00,16.79,16.8499,16.77,16.8,752,0
2016-07-07,17:55:00,16.76,16.76,16.73,16.74,2300,0
2016-07-07,18:00:00,16.78,16.78,16.77,16.77,1200,0
2016-07-07,18:05:00,16.81,16.81,16.74,16.74,500,0
2016-07-07,18:10:00,16.8,16.8,16.75,16.75,300,0
2016-07-07,18:15:00,16.71,16.83,16.71,16.81,500,0
2016-07-07,18:20:00,16.8,16.83,16.8,16.82,800,0
2016-07-07,18:25:00,16.82,16.85,16.77,16.8,1400,0
2016-07-07,18:30:00,16.73,16.73,16.73,16.73,100,0
2016-07-07,18:35:00,16.74,16.8558,16.74,16.85,1800,0
2016-07-07,18:40:00,16.85,16.85,16.8,16.82,1500,0
2016-07-07,18:45:00,16.81,16.81,16.77,16.8,1400,0
2016-07-07,18:50:00,16.79,16.79,16.75,16.75,200,0
2016-07-07,18:55:00,16.76,16.79,16.71,16.72,1900,0
2016-07-07,19:00:00,16.7,16.75,16.68,16.717,1100,0
2016-07-07,19:05:00,16.68,16.68,16.65,16.668,800,0
2016-07-07,19:10:00,16.65,16.7,16.61,16.68,2200,0
2016-07-07,19:15:00,16.68,16.7,16.68,16.7,300,0
2016-07-07,19:20:00,16.6755,16.78,16.6755,16.72,681,0
2016-07-07,19:25:00,16.72,16.75,16.69,16.69,600,0
2016-07-07,19:30:00,16.74,16.84,16.74,16.82,1200,0
2016-07-07,19:35:00,16.79,16.83,16.78,16.8,1800,0
2016-07-07,19:40:00,16.7928,16.83,16.7,16.7,2500,0
2016-07-07,19:45:00,16.67,16.67,16.67,16.67,200,0
2016-07-07,19:50:00,16.67,16.67,16.67,16.67,100,0
2016-07-07,19:55:00,16.68,16.72,16.68,16.68,1350,0
2016-07-07,20:00:00,16.69,16.76,16.69,16.76,1100,0
2016-07-07,20:05:00,16.8,16.84,16.77,16.785,4990,0
2016-07-07,20:10:00,16.78,16.83,16.69,16.74,15310,0
2016-07-07,20:15:00,16.77,16.84,16.73,16.79,15451,0
2016-07-07,20:20:00,16.79,16.86,16.77,16.86,1200,0
2016-07-07,20:25:00,16.85,17,16.82,16.98,2100,0
2016-07-07,20:30:00,16.92,16.955,16.92,16.93,1033,0
2016-07-07,20:35:00,16.9,16.93,16.86,16.93,1600,0
2016-07-07,20:40:00,16.96,16.98,16.9101,16.98,1900,0
2016-07-07,20:45:00,16.96,16.96,16.89,16.93,300,0
2016-07-07,20:50:00,16.9201,16.98,16.9,16.93,900,0
2016-07-07,20:55:00,16.93,16.99,16.89,16.96,1100,0
2016-07-07,21:00:00,16.99,16.99,16.93,16.93,600,0
2016-07-07,21:05:00,16.97,16.99,16.94,16.94,1000,0
2016-07-07,21:10:00,16.98,17.11,16.98,17.11,2025,0
2016-07-07,21:15:00,17.06,17.1,17.06,17.1,1100,0
2016-07-07,21:20:00,17.11,17.11,17.06,17.1,1000,0
2016-07-07,21:25:00,17.1,17.1,17.02,17.06,1600,0
2016-07-07,21:30:00,17.05,17.075,17.05,17.075,481,0
2016-07-07,21:35:00,17.06,17.11,17.03,17.1,2025,0
2016-07-07,21:40:00,17.07,17.09,17.05,17.07,1000,0
2016-07-07,21:45:00,17.08,17.1,16.99,17.008,6181,0
2016-07-07,21:50:00,17.04,17.08,17.03,17.05,2343,0
2016-07-07,21:55:00,17.03,17.09,17.02,17.07,6400,0
2016-07-07,22:00:00,17.06,17.08,17.04,17.06,18403,0
2016-07-08,15:35:00,17.21,17.44,17.21,17.36,2526,0
2016-07-08,15:40:00,17.36,17.461,17.25,17.3,10350,0
2016-07-08,15:45:00,17.2,17.29,17.11,17.29,3000,0
2016-07-08,15:50:00,17.23,17.32,17.1,17.32,6100,0
2016-07-08,15:55:00,17.3,17.45,17.19,17.32,7600,0
2016-07-08,16:00:00,17.31,17.31,17.22,17.28,2497,0
2016-07-08,16:05:00,17.28,17.28,17.28,17.28,100,0
2016-07-08,16:10:00,17.3131,17.36,17.19,17.25,3280,0
2016-07-08,16:15:00,17.29,17.32,17.25,17.25,1600,0
2016-07-08,16:20:00,17.25,17.29,17.19,17.2128,2000,0
2016-07-08,16:25:00,17.19,17.19,17.08,17.12,2400,0
2016-07-08,16:30:00,17.2,17.32,17.1938,17.2775,6500,0
2016-07-08,16:35:00,17.275,17.2984,17.14,17.14,7000,0
2016-07-08,16:40:00,17.2315,17.32,17.21,17.29,8700,0
2016-07-08,16:45:00,17.3025,17.37,17.3,17.37,800,0
2016-07-08,16:50:00,17.35,17.41,17.33,17.38,4600,0
2016-07-08,16:55:00,17.34,17.34,17.33,17.33,200,0
2016-07-08,17:00:00,17.355,17.355,17.33,17.3425,700,0
2016-07-08,17:05:00,17.36,17.42,17.36,17.41,6597,0
2016-07-08,17:10:00,17.39,17.45,17.3176,17.32,21793,0
2016-07-08,17:15:00,17.39,17.62,17.33,17.42,13625,0
2016-07-08,17:20:00,17.435,17.44,17.31,17.31,3083,0
2016-07-08,17:25:00,17.32,17.32,17.24,17.26,13600,0
2016-07-08,17:30:00,17.28,17.29,17.19,17.25,2700,0
2016-07-08,17:35:00,17.2,17.2026,17.15,17.15,900,0
2016-07-08,17:40:00,17.16,17.18,17.16,17.18,300,0
2016-07-08,17:45:00,17.205,17.275,17.16,17.16,3297,0
2016-07-08,17:50:00,17.17,17.17,17.12,17.12,1100,0
2016-07-08,17:55:00,17.12,17.2,17.12,17.17,2547,0
2016-07-08,18:00:00,17.17,17.25,17.14,17.19,2250,0
2016-07-08,18:05:00,17.19,17.24,17.18,17.18,1447,0
2016-07-08,18:10:00,17.22,17.22,17.18,17.18,747,0
2016-07-08,18:15:00,17.18,17.255,17.17,17.24,3200,0
2016-07-08,18:20:00,17.21,17.21,17.19,17.19,1300,0
2016-07-08,18:25:00,17.22,17.22,17.19,17.19,300,0
2016-07-08,18:30:00,17.2,17.2,17.19,17.19,500,0
2016-07-08,18:35:00,17.19,17.2,17.11,17.2,1322,0
2016-07-08,18:40:00,17.16,17.25,17.15,17.186,670,0
2016-07-08,18:45:00,17.205,17.3008,17.205,17.24,1300,0
2016-07-08,18:50:00,17.28,17.35,17.28,17.28,2200,0
2016-07-08,18:55:00,17.3205,17.33,17.26,17.3,3143,0
2016-07-08,19:00:00,17.26,17.27,17.24,17.24,700,0
2016-07-08,19:05:00,17.28,17.335,17.24,17.335,3400,0
2016-07-08,19:10:00,17.33,17.33,17.2601,17.2601,2000,0
2016-07-08,19:15:00,17.27,17.3,17.27,17.2731,850,0
2016-07-08,19:20:00,17.3,17.3,17.3,17.3,1000,0
2016-07-08,19:25:00,17.3,17.4,17.28,17.4,5030,0
2016-07-08,19:30:00,17.37,17.4,17.35,17.35,1500,0
2016-07-08,19:35:00,17.35,17.4,17.35,17.4,800,0
2016-07-08,19:40:00,17.4,17.42,17.35,17.35,3854,0
2016-07-08,19:45:00,17.41,17.47,17.41,17.47,1500,0
2016-07-08,19:50:00,17.41,17.45,17.39,17.45,5775,0
2016-07-08,19:55:00,17.45,17.55,17.4201,17.49,8136,0
2016-07-08,20:00:00,17.47,17.52,17.47,17.51,8300,0
2016-07-08,20:05:00,17.5,17.5169,17.48,17.4946,4650,0
2016-07-08,20:10:00,17.47,17.4704,17.45,17.47,4446,0
2016-07-08,20:15:00,17.51,17.5994,17.5,17.55,5000,0
2016-07-08,20:20:00,17.55,17.55,17.52,17.53,4400,0
2016-07-08,20:25:00,17.53,17.5976,17.52,17.59,2190,0
2016-07-08,20:30:00,17.61,17.62,17.56,17.595,2652,0
2016-07-08,20:35:00,17.6,17.7208,17.6,17.71,4800,0
2016-07-08,20:40:00,17.682,17.71,17.68,17.7,4950,0
2016-07-08,20:45:00,17.74,17.74,17.7,17.7,1500,0
2016-07-08,20:50:00,17.7225,17.73,17.68,17.69,2100,0
2016-07-08,20:55:00,17.71,17.71,17.6601,17.6601,750,0
2016-07-08,21:00:00,17.7,17.715,17.68,17.695,2200,0
2016-07-08,21:05:00,17.6801,17.7,17.61,17.6101,7080,0
2016-07-08,21:10:00,17.6,17.61,17.5505,17.61,4240,0
2016-07-08,21:15:00,17.61,17.63,17.605,17.62,1100,0
2016-07-08,21:20:00,17.62,17.625,17.57,17.59,3200,0
2016-07-08,21:25:00,17.56,17.5721,17.54,17.5721,5838,0
2016-07-08,21:30:00,17.55,17.575,17.55,17.57,900,0
2016-07-08,21:35:00,17.57,17.57,17.535,17.56,1200,0
2016-07-08,21:40:00,17.58,17.6,17.52,17.6,3800,0
2016-07-08,21:45:00,17.62,17.63,17.6,17.62,2925,0
2016-07-08,21:50:00,17.62,17.63,17.59,17.59,4696,0
2016-07-08,21:55:00,17.6,17.66,17.59,17.63,7238,0
2016-07-08,22:00:00,17.63,17.66,17.59,17.62,33971,0
