Date,Time,Open,High,Low,Close,Volume,OpenInt
2016-05-23,15:35:00,0.578,0.6298,0.578,0.61,46606,0
2016-05-23,15:40:00,0.6282,0.76,0.62,0.7076,102013,0
2016-05-23,15:45:00,0.71,0.71,0.6,0.67,80713,0
2016-05-23,15:50:00,0.67,0.73,0.67,0.674,33471,0
2016-05-23,15:55:00,0.6741,0.7087,0.6741,0.7087,15529,0
2016-05-23,16:00:00,0.675,0.6992,0.675,0.6965,10030,0
2016-05-23,16:05:00,0.69,0.72,0.69,0.7199,65570,0
2016-05-23,16:10:00,0.72,0.76,0.71,0.7255,28652,0
2016-05-23,16:15:00,0.7396,0.749,0.72,0.74,15241,0
2016-05-23,16:20:00,0.73,0.74,0.72,0.72,28116,0
2016-05-23,16:25:00,0.725,0.725,0.6903,0.6952,24507,0
2016-05-23,16:30:00,0.695,0.695,0.63,0.66,73848,0
2016-05-23,16:35:00,0.66,0.7,0.6223,0.6223,30439,0
2016-05-23,16:40:00,0.67,0.67,0.6401,0.6401,11195,0
2016-05-23,16:45:00,0.6699,0.68,0.669,0.68,8150,0
2016-05-23,16:50:00,0.68,0.68,0.62,0.62,22133,0
2016-05-23,16:55:00,0.6489,0.654,0.62,0.6401,25964,0
2016-05-23,17:00:00,0.64,0.67,0.62,0.67,24975,0
2016-05-23,17:05:00,0.66,0.66,0.66,0.66,300,0
2016-05-23,17:10:00,0.6314,0.6569,0.63,0.6569,5385,0
2016-05-23,17:15:00,0.6569,0.6569,0.64,0.64,800,0
2016-05-23,17:20:00,0.63,0.63,0.6221,0.6221,2550,0
2016-05-23,17:25:00,0.64,0.64,0.61,0.615,28990,0
2016-05-23,17:30:00,0.61,0.62,0.61,0.615,11975,0
2016-05-23,17:35:00,0.6151,0.6151,0.615,0.615,370,0
2016-05-23,17:40:00,0.615,0.615,0.615,0.615,1260,0
2016-05-23,17:50:00,0.6018,0.614,0.6018,0.614,450,0
2016-05-23,17:55:00,0.6103,0.614,0.6018,0.614,1975,0
2016-05-23,18:00:00,0.614,0.614,0.59,0.6,19506,0
2016-05-23,18:05:00,0.5909,0.6,0.5909,0.6,1900,0
2016-05-23,18:10:00,0.595,0.595,0.59,0.59,3950,0
2016-05-23,18:15:00,0.5981,0.6002,0.5981,0.6002,3242,0
2016-05-23,18:20:00,0.6,0.62,0.6,0.6199,13623,0
2016-05-23,18:25:00,0.62,0.6201,0.62,0.6201,600,0
2016-05-23,18:30:00,0.6499,0.6499,0.627,0.635,2058,0
2016-05-23,18:35:00,0.64,0.645,0.627,0.627,4800,0
2016-05-23,18:40:00,0.627,0.627,0.627,0.627,2400,0
2016-05-23,18:45:00,0.627,0.627,0.61,0.6169,6343,0
2016-05-23,18:55:00,0.6307,0.6307,0.6301,0.6301,3150,0
2016-05-23,19:10:00,0.61,0.61,0.61,0.61,100,0
2016-05-23,19:15:00,0.61,0.61,0.61,0.61,400,0
2016-05-23,19:25:00,0.63,0.63,0.61,0.61,4000,0
2016-05-23,19:40:00,0.638,0.638,0.638,0.638,534,0
2016-05-23,19:45:00,0.63,0.63,0.61,0.61,600,0
2016-05-23,19:50:00,0.61,0.61,0.61,0.61,1305,0
2016-05-23,20:05:00,0.6,0.6,0.5921,0.5921,5700,0
2016-05-23,20:10:00,0.5921,0.5921,0.59,0.59,11123,0
2016-05-23,20:15:00,0.59,0.5931,0.59,0.5931,5405,0
2016-05-23,20:20:00,0.59,0.59,0.59,0.59,7240,0
2016-05-23,20:25:00,0.59,0.5999,0.59,0.5999,4698,0
2016-05-23,20:30:00,0.5999,0.5999,0.59,0.59,12130,0
2016-05-23,20:35:00,0.5831,0.5831,0.58,0.58,400,0
2016-05-23,20:40:00,0.5801,0.5999,0.58,0.5999,16908,0
2016-05-23,20:45:00,0.5999,0.5999,0.5999,0.5999,1000,0
2016-05-23,20:50:00,0.6,0.6,0.6,0.6,2000,0
2016-05-23,20:55:00,0.5997,0.6,0.5997,0.6,820,0
2016-05-23,21:05:00,0.5836,0.6,0.5822,0.6,12455,0
2016-05-23,21:10:00,0.5822,0.5849,0.5822,0.5849,1452,0
2016-05-23,21:20:00,0.5832,0.61,0.58,0.6018,4302,0
2016-05-23,21:40:00,0.5999,0.6,0.5999,0.6,2500,0
2016-05-23,21:45:00,0.59,0.61,0.59,0.61,5668,0
2016-05-23,21:50:00,0.6099,0.61,0.59,0.61,8489,0
2016-05-23,21:55:00,0.591,0.6,0.57,0.5975,7450,0
2016-05-23,22:00:00,0.5975,0.5975,0.57,0.57,17114,0
2016-05-24,15:35:00,0.5985,0.63,0.56,0.56,6398,0
2016-05-24,15:40:00,0.56,0.57,0.56,0.56,9982,0
2016-05-24,15:45:00,0.56,0.63,0.56,0.61,30355,0
2016-05-24,15:50:00,0.61,0.6175,0.6,0.6,13181,0
2016-05-24,15:55:00,0.582,0.5821,0.582,0.582,3150,0
2016-05-24,16:00:00,0.5928,0.5928,0.5928,0.5928,4700,0
2016-05-24,16:05:00,0.6,0.6,0.582,0.5823,3000,0
2016-05-24,16:10:00,0.5867,0.5872,0.5867,0.5872,750,0
2016-05-24,16:15:00,0.5843,0.5843,0.5843,0.5843,610,0
2016-05-24,16:20:00,0.582,0.582,0.54,0.56,18972,0
2016-05-24,16:25:00,0.56,0.585,0.5599,0.585,3763,0
2016-05-24,16:30:00,0.56,0.5631,0.56,0.56,14100,0
2016-05-24,16:35:00,0.56,0.56,0.54,0.54,3064,0
2016-05-24,16:40:00,0.545,0.55,0.5401,0.5401,2857,0
2016-05-24,16:45:00,0.545,0.545,0.545,0.545,2202,0
2016-05-24,16:50:00,0.54,0.55,0.505,0.5128,14975,0
2016-05-24,16:55:00,0.5194,0.52,0.475,0.49,33352,0
2016-05-24,17:00:00,0.49,0.5121,0.49,0.5121,13627,0
2016-05-24,17:10:00,0.516,0.516,0.516,0.516,500,0
2016-05-24,17:15:00,0.52,0.52,0.47,0.4863,38857,0
2016-05-24,17:20:00,0.52,0.52,0.4863,0.5,4295,0
2016-05-24,17:25:00,0.5,0.5337,0.488,0.488,3538,0
2016-05-24,17:40:00,0.5124,0.5124,0.5124,0.5124,585,0
2016-05-24,17:45:00,0.5,0.5,0.4914,0.4914,900,0
2016-05-24,17:50:00,0.4918,0.4918,0.4914,0.4914,5679,0
2016-05-24,17:55:00,0.4992,0.4992,0.4914,0.4914,2485,0
2016-05-24,18:00:00,0.499,0.5,0.4975,0.5,6886,0
2016-05-24,18:05:00,0.5179,0.5179,0.5,0.5,820,0
2016-05-24,18:10:00,0.525,0.525,0.525,0.525,125,0
2016-05-24,18:15:00,0.5295,0.5295,0.5295,0.5295,2328,0
2016-05-24,18:25:00,0.5,0.535,0.5,0.5,4200,0
2016-05-24,18:30:00,0.54,0.54,0.54,0.54,257,0
2016-05-24,18:40:00,0.53,0.54,0.53,0.5397,1490,0
2016-05-24,18:50:00,0.555,0.5724,0.555,0.5724,700,0
2016-05-24,18:55:00,0.555,0.555,0.555,0.555,2700,0
2016-05-24,19:05:00,0.569,0.57,0.5656,0.569,3319,0
2016-05-24,19:30:00,0.4914,0.4914,0.4914,0.4914,149,0
2016-05-24,20:10:00,0.55,0.569,0.55,0.569,12250,0
2016-05-24,20:15:00,0.5212,0.5212,0.5212,0.5212,3000,0
2016-05-24,20:30:00,0.5256,0.5256,0.5256,0.5256,1600,0
2016-05-24,20:35:00,0.5499,0.5499,0.5499,0.5499,1700,0
2016-05-24,20:40:00,0.5489,0.549,0.5489,0.549,4277,0
2016-05-24,20:45:00,0.5201,0.5201,0.52,0.52,4000,0
2016-05-24,20:50:00,0.5202,0.5202,0.5202,0.5202,760,0
2016-05-24,20:55:00,0.516,0.516,0.516,0.516,100,0
2016-05-24,21:25:00,0.516,0.516,0.516,0.516,500,0
2016-05-24,21:35:00,0.53,0.53,0.53,0.53,5365,0
2016-05-24,21:40:00,0.53,0.53,0.53,0.53,486,0
2016-05-24,21:45:00,0.5399,0.54,0.52,0.52,2542,0
2016-05-24,21:50:00,0.5552,0.5554,0.5552,0.5554,1980,0
2016-05-24,21:55:00,0.535,0.5499,0.53,0.53,1764,0
2016-05-24,22:00:00,0.55,0.55,0.53,0.53,4600,0
2016-05-25,15:35:00,0.4964,0.4964,0.4964,0.4964,1045,0
2016-05-25,15:40:00,0.5278,0.5499,0.5278,0.5499,10903,0
2016-05-25,15:50:00,0.495,0.5198,0.495,0.5198,910,0
2016-05-25,15:55:00,0.54,0.54,0.54,0.54,946,0
2016-05-25,16:00:00,0.5024,0.5024,0.5024,0.5024,1973,0
2016-05-25,16:10:00,0.5397,0.5397,0.5397,0.5397,711,0
2016-05-25,16:30:00,0.5142,0.5145,0.513,0.513,5175,0
2016-05-25,16:35:00,0.513,0.513,0.513,0.513,900,0
2016-05-25,16:40:00,0.5166,0.5166,0.513,0.513,6160,0
2016-05-25,16:45:00,0.5192,0.53,0.5192,0.53,978,0
2016-05-25,16:50:00,0.5297,0.53,0.5292,0.5292,3490,0
2016-05-25,17:00:00,0.5,0.5,0.5,0.5,150,0
2016-05-25,17:05:00,0.5245,0.5245,0.5245,0.5245,100,0
2016-05-25,17:10:00,0.515,0.525,0.5,0.525,1050,0
2016-05-25,17:20:00,0.5,0.5,0.5,0.5,700,0
2016-05-25,17:30:00,0.5025,0.5025,0.5025,0.5025,2544,0
2016-05-25,17:45:00,0.5295,0.5295,0.5025,0.5285,3100,0
2016-05-25,17:50:00,0.5113,0.5113,0.5025,0.5025,440,0
2016-05-25,18:15:00,0.52,0.52,0.52,0.52,500,0
2016-05-25,18:30:00,0.51,0.51,0.51,0.51,2100,0
2016-05-25,18:35:00,0.51,0.51,0.51,0.51,1000,0
2016-05-25,19:05:00,0.5001,0.502,0.5,0.502,4000,0
2016-05-25,19:30:00,0.51,0.51,0.51,0.51,500,0
2016-05-25,19:40:00,0.51,0.51,0.5097,0.5097,800,0
2016-05-25,19:45:00,0.5016,0.5016,0.5016,0.5016,200,0
2016-05-25,20:00:00,0.5059,0.5059,0.5059,0.5059,500,0
2016-05-25,20:15:00,0.5016,0.5016,0.5016,0.5016,200,0
2016-05-25,20:20:00,0.5,0.5,0.5,0.5,880,0
2016-05-25,20:35:00,0.5038,0.5038,0.5,0.5,4200,0
2016-05-25,20:45:00,0.506,0.506,0.506,0.506,200,0
2016-05-25,20:55:00,0.5034,0.5034,0.5034,0.5034,1250,0
2016-05-25,21:05:00,0.5,0.5,0.5,0.5,246,0
2016-05-25,21:15:00,0.5034,0.5034,0.5034,0.5034,299,0
2016-05-25,21:20:00,0.5097,0.5097,0.5043,0.5043,1500,0
2016-05-25,21:45:00,0.5,0.5035,0.5,0.5,1100,0
2016-05-25,21:50:00,0.5,0.5,0.5,0.5,181,0
2016-05-25,21:55:00,0.5016,0.51,0.5016,0.51,700,0
2016-05-25,22:00:00,0.5033,0.51,0.5017,0.51,3986,0
2016-05-26,15:35:00,0.47,0.4775,0.47,0.4775,7750,0
2016-05-26,15:40:00,0.4997,0.4997,0.4997,0.4997,100,0
2016-05-26,15:45:00,0.4831,0.4997,0.4776,0.4776,5264,0
2016-05-26,15:50:00,0.4997,0.4997,0.4997,0.4997,2500,0
2016-05-26,16:10:00,0.4801,0.4801,0.47,0.47,10000,0
2016-05-26,16:20:00,0.48,0.48,0.48,0.48,460,0
2016-05-26,16:25:00,0.47,0.47,0.47,0.47,4596,0
2016-05-26,16:35:00,0.47,0.47,0.411,0.412,35893,0
2016-05-26,16:40:00,0.4153,0.436,0.4122,0.4328,19971,0
2016-05-26,16:45:00,0.4171,0.4399,0.4171,0.4318,8313,0
2016-05-26,16:50:00,0.426,0.426,0.4204,0.4204,2270,0
2016-05-26,16:55:00,0.4258,0.4299,0.4258,0.4299,2958,0
2016-05-26,17:00:00,0.43,0.43,0.43,0.43,820,0
2016-05-26,17:05:00,0.43,0.43,0.4175,0.4207,16500,0
2016-05-26,17:15:00,0.4202,0.4202,0.4202,0.4202,500,0
2016-05-26,17:20:00,0.43,0.43,0.422,0.422,2125,0
2016-05-26,17:30:00,0.4275,0.4275,0.4275,0.4275,600,0
2016-05-26,17:40:00,0.4275,0.4275,0.4275,0.4275,1100,0
2016-05-26,17:45:00,0.422,0.422,0.422,0.422,1700,0
2016-05-26,17:50:00,0.422,0.4275,0.422,0.4275,579,0
2016-05-26,18:00:00,0.4275,0.4279,0.4275,0.4275,4000,0
2016-05-26,18:10:00,0.43,0.43,0.4275,0.4275,6870,0
2016-05-26,18:20:00,0.43,0.43,0.43,0.43,630,0
2016-05-26,18:35:00,0.43,0.43,0.43,0.43,600,0
2016-05-26,18:40:00,0.4375,0.4375,0.4375,0.4375,5900,0
2016-05-26,19:00:00,0.4374,0.4375,0.4349,0.4349,1338,0
2016-05-26,19:15:00,0.4375,0.45,0.4375,0.45,11829,0
2016-05-26,19:40:00,0.4499,0.4499,0.4499,0.4499,900,0
2016-05-26,19:55:00,0.4497,0.45,0.4497,0.4498,1286,0
2016-05-26,20:00:00,0.44,0.44,0.43,0.43,4449,0
2016-05-26,20:05:00,0.437,0.4499,0.4325,0.4499,3675,0
2016-05-26,20:15:00,0.45,0.45,0.445,0.4499,4000,0
2016-05-26,20:20:00,0.45,0.45,0.45,0.45,2400,0
2016-05-26,20:35:00,0.4627,0.4627,0.4627,0.4627,1000,0
2016-05-26,20:40:00,0.4699,0.4699,0.4699,0.4699,190,0
2016-05-26,20:55:00,0.4569,0.4569,0.4569,0.4569,1645,0
2016-05-26,21:15:00,0.46,0.46,0.46,0.46,1010,0
2016-05-26,21:20:00,0.4616,0.4616,0.4616,0.4616,400,0
2016-05-26,21:25:00,0.4616,0.4616,0.4616,0.4616,200,0
2016-05-26,21:30:00,0.47,0.47,0.47,0.47,200,0
2016-05-26,21:35:00,0.4616,0.4616,0.4616,0.4616,200,0
2016-05-26,21:40:00,0.46,0.46,0.46,0.46,1200,0
2016-05-26,21:45:00,0.4616,0.4616,0.4616,0.4616,200,0
2016-05-26,21:50:00,0.46,0.47,0.46,0.4699,4635,0
2016-05-26,21:55:00,0.4616,0.4616,0.4616,0.4616,400,0
2016-05-26,22:00:00,0.47,0.47,0.45,0.45,7290,0
2016-05-27,15:35:00,0.45,0.45,0.45,0.45,1004,0
2016-05-27,15:40:00,0.4602,0.4602,0.4602,0.4602,190,0
2016-05-27,15:50:00,0.47,0.4896,0.47,0.48,9400,0
2016-05-27,15:55:00,0.489,0.489,0.4867,0.4867,1662,0
2016-05-27,16:05:00,0.4839,0.4839,0.4839,0.4839,2000,0
2016-05-27,16:20:00,0.485,0.49,0.485,0.49,650,0
2016-05-27,16:25:00,0.49,0.49,0.4816,0.4819,1921,0
2016-05-27,16:30:00,0.49,0.49,0.49,0.49,1050,0
2016-05-27,16:35:00,0.49,0.51,0.49,0.495,2650,0
2016-05-27,16:55:00,0.4801,0.4801,0.4801,0.4801,2250,0
2016-05-27,17:05:00,0.4801,0.4801,0.4801,0.4801,1000,0
2016-05-27,17:10:00,0.4801,0.4801,0.4801,0.4801,820,0
2016-05-27,17:15:00,0.4801,0.4801,0.4801,0.4801,1200,0
2016-05-27,17:25:00,0.4802,0.4802,0.4802,0.4802,200,0
2016-05-27,17:45:00,0.4802,0.51,0.4801,0.51,5000,0
2016-05-27,17:50:00,0.4801,0.4801,0.47,0.47,5237,0
2016-05-27,17:55:00,0.4935,0.4935,0.4935,0.4935,7700,0
2016-05-27,18:00:00,0.4935,0.4935,0.4935,0.4935,6567,0
2016-05-27,18:10:00,0.4967,0.4999,0.4935,0.4935,4300,0
2016-05-27,18:55:00,0.5,0.5,0.4935,0.4935,3990,0
2016-05-27,19:05:00,0.47,0.47,0.47,0.47,408,0
2016-05-27,19:25:00,0.51,0.51,0.51,0.51,100,0
2016-05-27,19:30:00,0.47,0.4776,0.47,0.4776,900,0
2016-05-27,19:35:00,0.5098,0.5098,0.5098,0.5098,1500,0
2016-05-27,20:00:00,0.48,0.48,0.48,0.48,500,0
2016-05-27,20:05:00,0.47,0.47,0.47,0.47,1490,0
2016-05-27,20:25:00,0.4903,0.4935,0.4903,0.4935,200,0
2016-05-27,20:35:00,0.4935,0.4935,0.47,0.47,3851,0
2016-05-27,20:45:00,0.5,0.51,0.5,0.51,9935,0
2016-05-27,20:55:00,0.47,0.47,0.47,0.47,229,0
2016-05-27,21:10:00,0.4935,0.4935,0.47,0.4748,4355,0
2016-05-27,21:15:00,0.4748,0.4748,0.4748,0.4748,200,0
2016-05-27,21:30:00,0.47,0.47,0.47,0.47,1487,0
2016-05-27,21:55:00,0.48,0.4999,0.48,0.4999,1277,0
2016-05-27,22:00:00,0.48,0.4999,0.48,0.48,2490,0
2016-05-31,15:35:00,0.51,0.51,0.51,0.51,4437,0
2016-05-31,15:40:00,0.5,0.5,0.5,0.5,100,0
2016-05-31,15:45:00,0.4901,0.5,0.49,0.49,3861,0
2016-05-31,15:50:00,0.51,0.51,0.51,0.51,543,0
2016-05-31,15:55:00,0.49,0.49,0.49,0.49,2000,0
2016-05-31,16:00:00,0.49,0.49,0.48,0.48,600,0
2016-05-31,16:05:00,0.49,0.49,0.47,0.49,9050,0
2016-05-31,16:10:00,0.47,0.48,0.47,0.48,300,0
2016-05-31,16:15:00,0.48,0.4826,0.48,0.48,3300,0
2016-05-31,16:20:00,0.48,0.48,0.48,0.48,600,0
2016-05-31,16:30:00,0.49,0.49,0.49,0.49,100,0
2016-05-31,16:35:00,0.48,0.48,0.48,0.48,100,0
2016-05-31,16:40:00,0.49,0.49,0.48,0.48,4300,0
2016-05-31,17:05:00,0.49,0.49,0.49,0.49,124,0
2016-05-31,17:10:00,0.48,0.481,0.48,0.481,1300,0
2016-05-31,17:30:00,0.48,0.48,0.475,0.475,4400,0
2016-05-31,17:50:00,0.49,0.49,0.49,0.49,100,0
2016-05-31,18:00:00,0.4899,0.4899,0.4899,0.4899,5000,0
2016-05-31,18:35:00,0.4882,0.4882,0.4882,0.4882,3400,0
2016-05-31,19:05:00,0.48,0.48,0.48,0.48,3000,0
2016-05-31,19:10:00,0.48,0.48,0.48,0.48,1000,0
2016-05-31,19:15:00,0.48,0.48,0.48,0.48,1350,0
2016-05-31,19:30:00,0.48,0.48,0.475,0.475,401,0
2016-05-31,20:15:00,0.47,0.47,0.46,0.46,3815,0
2016-05-31,20:25:00,0.48,0.48,0.48,0.48,300,0
2016-05-31,20:30:00,0.468,0.468,0.468,0.468,240,0
2016-05-31,20:35:00,0.48,0.48,0.48,0.48,199,0
2016-05-31,21:10:00,0.48,0.48,0.48,0.48,100,0
2016-05-31,21:15:00,0.468,0.468,0.468,0.468,200,0
2016-05-31,21:25:00,0.47,0.4701,0.45,0.45,5601,0
2016-05-31,21:30:00,0.465,0.465,0.465,0.465,250,0
2016-05-31,21:35:00,0.4532,0.46,0.45,0.46,5177,0
2016-05-31,21:40:00,0.4616,0.4616,0.46,0.46,600,0
2016-05-31,21:45:00,0.4601,0.4601,0.4601,0.4601,2000,0
2016-05-31,21:50:00,0.4616,0.47,0.4616,0.4616,550,0
2016-05-31,21:55:00,0.4616,0.47,0.4616,0.47,3000,0
2016-05-31,22:00:00,0.4616,0.4616,0.4532,0.4532,2000,0
2016-06-01,15:35:00,0.47,0.48,0.47,0.48,3761,0
2016-06-01,15:45:00,0.48,0.48,0.48,0.48,5000,0
2016-06-01,15:50:00,0.4725,0.49,0.4532,0.49,6780,0
2016-06-01,16:05:00,0.4533,0.48,0.4533,0.4533,6493,0
2016-06-01,16:10:00,0.4759,0.4759,0.4759,0.4759,100,0
2016-06-01,16:15:00,0.476,0.476,0.4544,0.4544,1365,0
2016-06-01,16:20:00,0.46,0.46,0.46,0.46,325,0
2016-06-01,16:25:00,0.46,0.46,0.4599,0.4599,4627,0
2016-06-01,16:30:00,0.46,0.46,0.46,0.46,1250,0
2016-06-01,16:45:00,0.46,0.46,0.46,0.46,4289,0
2016-06-01,17:00:00,0.4899,0.4899,0.4899,0.4899,2500,0
2016-06-01,17:40:00,0.4544,0.4544,0.4544,0.4544,200,0
2016-06-01,17:45:00,0.4544,0.4544,0.4544,0.4544,502,0
2016-06-01,17:55:00,0.4771,0.4771,0.4771,0.4771,1000,0
2016-06-01,18:00:00,0.4545,0.4898,0.4532,0.4532,10224,0
2016-06-01,18:05:00,0.4758,0.4758,0.4758,0.4758,500,0
2016-06-01,19:35:00,0.47,0.47,0.47,0.47,815,0
2016-06-01,19:55:00,0.4541,0.459,0.454,0.459,2701,0
2016-06-01,20:00:00,0.4502,0.47,0.4501,0.47,6753,0
2016-06-01,21:05:00,0.4548,0.4548,0.4548,0.4548,100,0
2016-06-01,21:10:00,0.4598,0.4598,0.4548,0.4548,5900,0
2016-06-01,21:15:00,0.4675,0.4675,0.4675,0.4675,2200,0
2016-06-01,21:35:00,0.4501,0.4626,0.4501,0.4626,1118,0
2016-06-01,22:00:00,0.4699,0.47,0.45,0.45,10635,0
2016-06-02,15:40:00,0.45,0.45,0.45,0.45,326,0
2016-06-02,15:45:00,0.47,0.4725,0.45,0.4725,14850,0
2016-06-02,15:50:00,0.4501,0.4501,0.45,0.45,1200,0
2016-06-02,15:55:00,0.48,0.48,0.48,0.48,200,0
2016-06-02,16:00:00,0.48,0.48,0.48,0.48,300,0
2016-06-02,16:05:00,0.48,0.48,0.4769,0.4769,7900,0
2016-06-02,16:10:00,0.4713,0.4769,0.4713,0.4769,3200,0
2016-06-02,16:15:00,0.4713,0.4713,0.4707,0.4711,2800,0
2016-06-02,16:20:00,0.4665,0.4665,0.4665,0.4665,388,0
2016-06-02,16:25:00,0.47,0.47,0.47,0.47,300,0
2016-06-02,16:30:00,0.47,0.49,0.47,0.49,16200,0
2016-06-02,16:35:00,0.4899,0.4899,0.46,0.4799,7100,0
2016-06-02,16:40:00,0.4799,0.4799,0.46,0.4799,450,0
2016-06-02,16:45:00,0.4799,0.4799,0.4799,0.4799,300,0
2016-06-02,16:50:00,0.4799,0.4799,0.46,0.46,1200,0
2016-06-02,16:55:00,0.4799,0.4799,0.4799,0.4799,300,0
2016-06-02,17:00:00,0.4799,0.4799,0.4799,0.4799,300,0
2016-06-02,17:05:00,0.4799,0.4799,0.4799,0.4799,300,0
2016-06-02,17:10:00,0.4799,0.4799,0.4799,0.4799,200,0
2016-06-02,17:15:00,0.4799,0.4799,0.4799,0.4799,300,0
2016-06-02,17:20:00,0.4798,0.4798,0.4798,0.4798,300,0
2016-06-02,17:25:00,0.4798,0.4798,0.4798,0.4798,200,0
2016-06-02,17:30:00,0.4798,0.4798,0.4798,0.4798,200,0
2016-06-02,17:35:00,0.4798,0.4798,0.4798,0.4798,200,0
2016-06-02,17:40:00,0.4796,0.4796,0.4796,0.4796,300,0
2016-06-02,17:45:00,0.4796,0.4796,0.4796,0.4796,200,0
2016-06-02,17:50:00,0.4796,0.4796,0.46,0.4796,700,0
2016-06-02,17:55:00,0.4797,0.4797,0.4797,0.4797,100,0
2016-06-02,18:00:00,0.4797,0.4797,0.46,0.4797,800,0
2016-06-02,18:05:00,0.4797,0.4797,0.4797,0.4797,200,0
2016-06-02,18:10:00,0.4797,0.4797,0.4797,0.4797,300,0
2016-06-02,18:15:00,0.4797,0.4797,0.4797,0.4797,200,0
2016-06-02,18:20:00,0.4797,0.4797,0.4797,0.4797,200,0
2016-06-02,18:25:00,0.4797,0.4797,0.4797,0.4797,200,0
2016-06-02,18:30:00,0.4797,0.4797,0.4797,0.4797,100,0
2016-06-02,18:35:00,0.4797,0.4797,0.4797,0.4797,200,0
2016-06-02,18:40:00,0.4678,0.4797,0.4678,0.4797,800,0
2016-06-02,18:45:00,0.4797,0.4797,0.4797,0.4797,200,0
2016-06-02,18:50:00,0.4797,0.4797,0.4797,0.4797,200,0
2016-06-02,18:55:00,0.4797,0.4797,0.4797,0.4797,200,0
2016-06-02,19:00:00,0.4797,0.4797,0.4797,0.4797,200,0
2016-06-02,19:05:00,0.465,0.4797,0.465,0.4797,7100,0
2016-06-02,19:10:00,0.4797,0.4797,0.4797,0.4797,200,0
2016-06-02,19:15:00,0.4797,0.4797,0.4797,0.4797,200,0
2016-06-02,19:20:00,0.4797,0.4797,0.4797,0.4797,200,0
2016-06-02,19:25:00,0.4796,0.4797,0.46,0.4797,10500,0
2016-06-02,19:30:00,0.4796,0.4796,0.4602,0.4795,5400,0
2016-06-02,19:35:00,0.4797,0.4797,0.4726,0.4797,1200,0
2016-06-02,19:40:00,0.4797,0.4797,0.4797,0.4797,200,0
2016-06-02,19:45:00,0.4797,0.4797,0.4797,0.4797,100,0
2016-06-02,19:50:00,0.4797,0.4797,0.4601,0.4788,7799,0
2016-06-02,19:55:00,0.4779,0.4797,0.4775,0.4797,300,0
2016-06-02,20:00:00,0.4797,0.4797,0.4797,0.4797,100,0
2016-06-02,20:05:00,0.477,0.4797,0.477,0.4797,300,0
2016-06-02,20:10:00,0.4797,0.4797,0.4797,0.4797,200,0
2016-06-02,20:15:00,0.4797,0.4797,0.4797,0.4797,200,0
2016-06-02,20:20:00,0.4797,0.4797,0.4797,0.4797,200,0
2016-06-02,20:25:00,0.4797,0.4797,0.4627,0.4627,4300,0
2016-06-02,20:30:00,0.4788,0.4797,0.4628,0.4797,3400,0
2016-06-02,20:35:00,0.4797,0.4797,0.4797,0.4797,200,0
2016-06-02,20:40:00,0.4797,0.4797,0.4797,0.4797,200,0
2016-06-02,20:45:00,0.4797,0.4797,0.4797,0.4797,200,0
2016-06-02,20:50:00,0.4787,0.4787,0.4787,0.4787,200,0
2016-06-02,20:55:00,0.4796,0.4796,0.4796,0.4796,200,0
2016-06-02,21:00:00,0.4796,0.4796,0.4796,0.4796,200,0
2016-06-02,21:05:00,0.4796,0.4796,0.4796,0.4796,300,0
2016-06-02,21:10:00,0.4796,0.4796,0.4796,0.4796,200,0
2016-06-02,21:15:00,0.4796,0.4796,0.4657,0.4657,400,0
2016-06-02,21:20:00,0.479,0.4796,0.479,0.4796,300,0
2016-06-02,21:25:00,0.4796,0.4796,0.4796,0.4796,300,0
2016-06-02,21:30:00,0.4796,0.4796,0.4796,0.4796,200,0
2016-06-02,21:35:00,0.4796,0.4796,0.4626,0.4796,900,0
2016-06-02,21:40:00,0.4796,0.4796,0.4795,0.4796,600,0
2016-06-02,21:45:00,0.4796,0.4796,0.466,0.4796,500,0
2016-06-02,21:50:00,0.4796,0.4796,0.4796,0.4796,500,0
2016-06-02,21:55:00,0.4796,0.4796,0.4625,0.4796,2500,0
2016-06-02,22:00:00,0.471,0.4795,0.4625,0.4625,1903,0
2016-06-03,15:35:00,0.46,0.46,0.4501,0.4501,9001,0
2016-06-03,15:45:00,0.4502,0.4502,0.4502,0.4502,3000,0
2016-06-03,15:50:00,0.4503,0.4503,0.4503,0.4503,1907,0
2016-06-03,15:55:00,0.4505,0.4599,0.4505,0.4599,820,0
2016-06-03,16:00:00,0.4505,0.4505,0.4505,0.4505,450,0
2016-06-03,16:05:00,0.4505,0.4505,0.4505,0.4505,108,0
2016-06-03,16:10:00,0.46,0.46,0.46,0.46,7100,0
2016-06-03,16:15:00,0.47,0.47,0.4605,0.4605,6279,0
2016-06-03,16:30:00,0.4634,0.4634,0.46,0.46,5199,0
2016-06-03,16:35:00,0.4658,0.4658,0.46,0.46,4200,0
2016-06-03,16:40:00,0.4694,0.475,0.4609,0.4609,6100,0
2016-06-03,16:45:00,0.46,0.46,0.4501,0.4501,7300,0
2016-06-03,16:55:00,0.47,0.47,0.465,0.465,1100,0
2016-06-03,17:00:00,0.4638,0.4638,0.4638,0.4638,888,0
2016-06-03,17:50:00,0.47,0.4701,0.47,0.4701,1102,0
2016-06-03,18:05:00,0.4701,0.4701,0.46,0.4606,8952,0
2016-06-03,18:10:00,0.4607,0.4607,0.4607,0.4607,600,0
2016-06-03,18:15:00,0.4836,0.4836,0.4836,0.4836,145,0
2016-06-03,18:45:00,0.4734,0.4889,0.47,0.4889,2250,0
2016-06-03,18:50:00,0.48,0.4889,0.48,0.485,1100,0
2016-06-03,18:55:00,0.485,0.485,0.485,0.485,100,0
2016-06-03,19:10:00,0.485,0.485,0.485,0.485,200,0
2016-06-03,19:20:00,0.4889,0.49,0.4745,0.4745,8000,0
2016-06-03,20:05:00,0.485,0.485,0.485,0.485,288,0
2016-06-03,20:25:00,0.4851,0.4851,0.46,0.485,5795,0
2016-06-03,20:30:00,0.485,0.485,0.485,0.485,1000,0
2016-06-03,20:35:00,0.48,0.48,0.48,0.48,200,0
2016-06-03,20:40:00,0.48,0.48,0.4665,0.4665,945,0
2016-06-03,20:45:00,0.48,0.48,0.48,0.48,400,0
2016-06-03,20:50:00,0.48,0.48,0.48,0.48,400,0
2016-06-03,20:55:00,0.48,0.48,0.48,0.48,400,0
2016-06-03,21:00:00,0.48,0.48,0.48,0.48,500,0
2016-06-03,21:05:00,0.48,0.48,0.48,0.48,400,0
2016-06-03,21:10:00,0.48,0.48,0.48,0.48,600,0
2016-06-03,21:15:00,0.48,0.48,0.48,0.48,100,0
2016-06-03,21:20:00,0.485,0.485,0.4847,0.4847,400,0
2016-06-03,21:25:00,0.485,0.485,0.4632,0.4674,1800,0
2016-06-03,21:30:00,0.48,0.48,0.48,0.48,200,0
2016-06-03,21:35:00,0.48,0.48,0.4674,0.48,1000,0
2016-06-03,21:40:00,0.48,0.48,0.4694,0.48,1000,0
2016-06-03,21:45:00,0.48,0.48,0.4632,0.48,1400,0
2016-06-03,21:50:00,0.48,0.48,0.4632,0.4632,1100,0
2016-06-03,21:55:00,0.48,0.48,0.4632,0.48,1900,0
2016-06-03,22:00:00,0.48,0.48,0.46,0.48,15320,0
2016-06-06,15:35:00,0.49,0.49,0.46,0.46,3981,0
2016-06-06,15:45:00,0.46,0.46,0.46,0.46,2000,0
2016-06-06,16:10:00,0.4662,0.487,0.4662,0.487,450,0
2016-06-06,16:15:00,0.4851,0.4851,0.48,0.48,2047,0
2016-06-06,16:20:00,0.48,0.48,0.48,0.48,400,0
2016-06-06,16:35:00,0.487,0.51,0.4847,0.51,26168,0
2016-06-06,16:40:00,0.48,0.48,0.48,0.48,450,0
2016-06-06,16:45:00,0.5,0.5,0.48,0.48,724,0
2016-06-06,16:50:00,0.485,0.485,0.485,0.485,1000,0
2016-06-06,17:25:00,0.48,0.48,0.465,0.465,12900,0
2016-06-06,17:30:00,0.4803,0.4803,0.48,0.48,700,0
2016-06-06,18:20:00,0.4901,0.4901,0.4901,0.4901,200,0
2016-06-06,18:25:00,0.4999,0.4999,0.4815,0.4815,2480,0
2016-06-06,18:30:00,0.4999,0.4999,0.49,0.49,300,0
2016-06-06,18:35:00,0.49,0.4999,0.49,0.4999,300,0
2016-06-06,18:40:00,0.4999,0.4999,0.4999,0.4999,300,0
2016-06-06,18:45:00,0.4999,0.4999,0.4999,0.4999,200,0
2016-06-06,18:50:00,0.4999,0.4999,0.4999,0.4999,300,0
2016-06-06,18:55:00,0.4999,0.4999,0.4999,0.4999,300,0
2016-06-06,19:00:00,0.4999,0.4999,0.465,0.49,454,0
2016-06-06,19:05:00,0.49,0.49,0.4899,0.4899,300,0
2016-06-06,19:10:00,0.4899,0.4899,0.4899,0.4899,200,0
2016-06-06,19:15:00,0.4899,0.4899,0.4899,0.4899,300,0
2016-06-06,19:20:00,0.4899,0.4899,0.4899,0.4899,300,0
2016-06-06,19:25:00,0.4899,0.4899,0.4899,0.4899,300,0
2016-06-06,19:30:00,0.4899,0.4899,0.4899,0.4899,300,0
2016-06-06,19:35:00,0.4899,0.4899,0.4737,0.4899,3300,0
2016-06-06,19:40:00,0.4899,0.4899,0.4899,0.4899,300,0
2016-06-06,19:45:00,0.4899,0.4899,0.4899,0.4899,300,0
2016-06-06,19:50:00,0.4899,0.4899,0.4899,0.4899,300,0
2016-06-06,19:55:00,0.4899,0.4899,0.4899,0.4899,300,0
2016-06-06,20:00:00,0.4899,0.4899,0.4899,0.4899,200,0
2016-06-06,20:05:00,0.4899,0.5,0.4851,0.5,6506,0
2016-06-06,20:30:00,0.51,0.52,0.5,0.5101,24881,0
2016-06-06,20:35:00,0.5101,0.5101,0.5101,0.5101,4400,0
2016-06-06,20:45:00,0.5101,0.5101,0.5101,0.5101,600,0
2016-06-06,20:50:00,0.5101,0.5101,0.5101,0.5101,100,0
2016-06-06,20:55:00,0.51,0.51,0.5,0.51,7100,0
2016-06-06,21:05:00,0.5001,0.5001,0.5001,0.5001,100,0
2016-06-06,21:15:00,0.5001,0.5001,0.5001,0.5001,600,0
2016-06-06,21:25:00,0.5,0.5021,0.5,0.5021,14644,0
2016-06-06,21:35:00,0.5031,0.5031,0.5,0.5,1075,0
2016-06-06,21:40:00,0.5001,0.5001,0.5001,0.5001,200,0
2016-06-06,21:45:00,0.51,0.51,0.4921,0.51,2100,0
2016-06-06,21:50:00,0.51,0.51,0.49,0.51,6440,0
2016-06-06,21:55:00,0.49,0.52,0.4743,0.51,6100,0
2016-06-06,22:00:00,0.51,0.5101,0.51,0.51,1500,0
2016-06-07,15:35:00,0.48,0.54,0.48,0.54,7182,0
2016-06-07,15:50:00,0.48,0.48,0.48,0.48,200,0
2016-06-07,16:00:00,0.5041,0.5041,0.504,0.504,1250,0
2016-06-07,16:10:00,0.5041,0.51,0.5041,0.51,1944,0
2016-06-07,16:20:00,0.49,0.5146,0.49,0.5146,1475,0
2016-06-07,16:30:00,0.52,0.52,0.5101,0.5101,5517,0
2016-06-07,16:35:00,0.5101,0.5201,0.5101,0.5201,4211,0
2016-06-07,16:40:00,0.5203,0.5205,0.5203,0.5205,684,0
2016-06-07,16:45:00,0.53,0.53,0.53,0.53,354,0
2016-06-07,16:50:00,0.5302,0.5337,0.5299,0.5299,22235,0
2016-06-07,16:55:00,0.5299,0.5299,0.5,0.5,5900,0
2016-06-07,17:00:00,0.52,0.53,0.49,0.49,2302,0
2016-06-07,17:15:00,0.535,0.535,0.535,0.535,900,0
2016-06-07,17:20:00,0.535,0.535,0.5301,0.5301,4200,0
2016-06-07,17:25:00,0.535,0.535,0.535,0.535,500,0
2016-06-07,17:30:00,0.535,0.535,0.535,0.535,100,0
2016-06-07,17:35:00,0.535,0.535,0.535,0.535,100,0
2016-06-07,17:40:00,0.53,0.535,0.53,0.535,300,0
2016-06-07,18:15:00,0.535,0.535,0.535,0.535,207,0
2016-06-07,18:30:00,0.5301,0.5301,0.5301,0.5301,200,0
2016-06-07,18:35:00,0.53,0.5301,0.53,0.5301,6300,0
2016-06-07,18:40:00,0.535,0.535,0.5347,0.535,4500,0
2016-06-07,18:50:00,0.5351,0.54,0.53,0.54,20620,0
2016-06-07,18:55:00,0.54,0.54,0.5385,0.5385,1140,0
2016-06-07,19:00:00,0.53,0.53,0.53,0.53,700,0
2016-06-07,19:05:00,0.53,0.53,0.53,0.53,200,0
2016-06-07,19:20:00,0.5301,0.5301,0.5301,0.5301,165,0
2016-06-07,19:30:00,0.54,0.54,0.5301,0.5301,3000,0
2016-06-07,19:40:00,0.5301,0.5301,0.5301,0.5301,3400,0
2016-06-07,19:50:00,0.5301,0.5301,0.5301,0.5301,2000,0
2016-06-07,19:55:00,0.5497,0.5497,0.5497,0.5497,850,0
2016-06-07,20:00:00,0.53,0.55,0.53,0.53,4933,0
2016-06-07,20:10:00,0.53,0.53,0.53,0.53,100,0
2016-06-07,20:20:00,0.55,0.55,0.55,0.55,200,0
2016-06-07,20:25:00,0.55,0.55,0.55,0.55,100,0
2016-06-07,20:35:00,0.5401,0.5401,0.5401,0.5401,1000,0
2016-06-07,20:40:00,0.5437,0.55,0.5401,0.5416,1100,0
2016-06-07,20:45:00,0.5401,0.5416,0.5401,0.5401,1224,0
2016-06-07,20:50:00,0.541,0.56,0.5401,0.56,7972,0
2016-06-07,20:55:00,0.5697,0.58,0.5697,0.5797,9161,0
2016-06-07,21:00:00,0.6,0.6,0.58,0.582,22509,0
2016-06-07,21:05:00,0.582,0.582,0.512,0.5699,40087,0
2016-06-07,21:10:00,0.57,0.59,0.57,0.59,15700,0
2016-06-07,21:15:00,0.52,0.59,0.52,0.53,18150,0
2016-06-07,21:20:00,0.55,0.55,0.55,0.55,120,0
2016-06-07,21:35:00,0.57,0.5897,0.57,0.5897,2300,0
2016-06-07,21:40:00,0.58,0.58,0.5731,0.58,1900,0
2016-06-07,21:45:00,0.58,0.58,0.5741,0.58,1400,0
2016-06-07,21:50:00,0.58,0.58,0.573,0.58,1800,0
2016-06-07,21:55:00,0.58,0.58,0.573,0.58,4600,0
2016-06-07,22:00:00,0.58,0.58,0.57,0.57,12282,0
2016-06-08,15:35:00,0.559,0.559,0.52,0.53,18133,0
2016-06-08,15:40:00,0.5206,0.529,0.5101,0.5199,15855,0
2016-06-08,15:45:00,0.5101,0.5104,0.51,0.5104,45920,0
2016-06-08,15:50:00,0.5359,0.5431,0.5359,0.5431,2800,0
2016-06-08,15:55:00,0.54,0.54,0.54,0.54,3868,0
2016-06-08,16:00:00,0.54,0.54,0.54,0.54,4800,0
2016-06-08,16:05:00,0.5359,0.5534,0.5359,0.5359,863,0
2016-06-08,16:10:00,0.521,0.521,0.521,0.521,160,0
2016-06-08,16:35:00,0.521,0.521,0.521,0.521,110,0
2016-06-08,16:40:00,0.521,0.521,0.521,0.521,200,0
2016-06-08,17:15:00,0.5471,0.5471,0.5471,0.5471,670,0
2016-06-08,17:20:00,0.547,0.547,0.547,0.547,325,0
2016-06-08,17:50:00,0.55,0.55,0.55,0.55,200,0
2016-06-08,17:55:00,0.55,0.55,0.55,0.55,400,0
2016-06-08,18:00:00,0.55,0.55,0.55,0.55,300,0
2016-06-08,18:05:00,0.55,0.55,0.55,0.55,300,0
2016-06-08,18:10:00,0.55,0.55,0.55,0.55,200,0
2016-06-08,18:15:00,0.56,0.56,0.56,0.56,200,0
2016-06-08,18:20:00,0.56,0.56,0.5301,0.5301,2300,0
2016-06-08,18:25:00,0.56,0.56,0.56,0.56,300,0
2016-06-08,18:30:00,0.56,0.56,0.56,0.56,300,0
2016-06-08,18:35:00,0.56,0.56,0.56,0.56,200,0
2016-06-08,18:40:00,0.53,0.56,0.53,0.54,700,0
2016-06-08,18:45:00,0.54,0.54,0.54,0.54,300,0
2016-06-08,18:50:00,0.54,0.54,0.54,0.54,7200,0
2016-06-08,18:55:00,0.53,0.56,0.5216,0.56,3705,0
2016-06-08,19:00:00,0.56,0.56,0.56,0.56,300,0
2016-06-08,19:05:00,0.56,0.56,0.56,0.56,200,0
2016-06-08,19:10:00,0.56,0.56,0.56,0.56,300,0
2016-06-08,19:15:00,0.56,0.56,0.56,0.56,300,0
2016-06-08,19:20:00,0.56,0.56,0.56,0.56,200,0
2016-06-08,19:25:00,0.56,0.56,0.56,0.56,300,0
2016-06-08,19:30:00,0.56,0.56,0.56,0.56,300,0
2016-06-08,19:35:00,0.56,0.56,0.56,0.56,300,0
2016-06-08,19:40:00,0.56,0.5601,0.56,0.56,2268,0
2016-06-08,19:45:00,0.5597,0.5601,0.5597,0.56,500,0
2016-06-08,19:50:00,0.57,0.57,0.57,0.57,5000,0
2016-06-08,20:00:00,0.5651,0.5752,0.5651,0.5752,13100,0
2016-06-08,20:20:00,0.585,0.585,0.58,0.58,1501,0
2016-06-08,20:30:00,0.57,0.57,0.57,0.57,1198,0
2016-06-08,20:35:00,0.56,0.56,0.56,0.56,119,0
2016-06-08,20:40:00,0.57,0.57,0.57,0.57,123,0
2016-06-08,20:50:00,0.5647,0.5647,0.5647,0.5647,114,0
2016-06-08,20:55:00,0.5601,0.5602,0.5601,0.5601,2400,0
2016-06-08,21:00:00,0.56,0.56,0.54,0.54,1300,0
2016-06-08,21:15:00,0.5631,0.5631,0.5631,0.5631,3000,0
2016-06-08,21:20:00,0.56,0.56,0.56,0.56,499,0
2016-06-08,21:35:00,0.56,0.56,0.56,0.56,15750,0
2016-06-09,15:35:00,0.58,0.5999,0.5725,0.5725,8356,0
2016-06-09,16:20:00,0.54,0.54,0.54,0.54,400,0
2016-06-09,16:45:00,0.5725,0.5725,0.5725,0.5725,100,0
2016-06-09,17:40:00,0.57,0.57,0.5605,0.5605,1638,0
2016-06-09,17:50:00,0.56,0.56,0.56,0.56,2500,0
2016-06-09,17:55:00,0.56,0.56,0.56,0.56,135,0
2016-06-09,18:10:00,0.5601,0.5601,0.5601,0.5601,4000,0
2016-06-09,18:15:00,0.56,0.5601,0.56,0.5601,6600,0
2016-06-09,18:25:00,0.5725,0.5725,0.5451,0.56,12318,0
2016-06-09,18:30:00,0.54,0.5671,0.54,0.567,600,0
2016-06-09,18:35:00,0.5671,0.5671,0.567,0.567,400,0
2016-06-09,18:40:00,0.57,0.57,0.57,0.57,100,0
2016-06-09,18:45:00,0.54,0.54,0.54,0.54,106,0
2016-06-09,19:00:00,0.57,0.57,0.57,0.57,300,0
2016-06-09,19:05:00,0.57,0.57,0.57,0.57,100,0
2016-06-09,19:10:00,0.57,0.57,0.57,0.57,100,0
2016-06-09,19:15:00,0.567,0.567,0.567,0.567,400,0
2016-06-09,19:20:00,0.57,0.57,0.57,0.57,100,0
2016-06-09,19:35:00,0.5701,0.5701,0.57,0.57,6674,0
2016-06-09,19:40:00,0.5747,0.5747,0.5747,0.5747,100,0
2016-06-09,19:45:00,0.573,0.573,0.573,0.573,1500,0
2016-06-09,19:50:00,0.5701,0.5701,0.5701,0.5701,200,0
2016-06-09,19:55:00,0.5701,0.5702,0.57,0.57,7398,0
2016-06-09,20:05:00,0.57,0.57,0.57,0.57,1700,0
2016-06-09,20:10:00,0.5701,0.5701,0.57,0.57,1000,0
2016-06-09,20:35:00,0.5701,0.5701,0.57,0.57,500,0
2016-06-09,21:35:00,0.5778,0.58,0.5778,0.58,3300,0
2016-06-09,21:45:00,0.5999,0.5999,0.58,0.58,1527,0
2016-06-09,21:50:00,0.5862,0.5862,0.5862,0.5862,250,0
2016-06-09,21:55:00,0.58,0.58,0.58,0.58,900,0
2016-06-09,22:00:00,0.59,0.59,0.59,0.59,2000,0
2016-06-10,16:10:00,0.552,0.552,0.552,0.552,200,0
2016-06-10,16:30:00,0.5538,0.567,0.552,0.567,9966,0
2016-06-10,16:35:00,0.5785,0.5785,0.5785,0.5785,100,0
2016-06-10,16:40:00,0.5786,0.5786,0.5786,0.5786,10400,0
2016-06-10,16:45:00,0.5786,0.5787,0.5786,0.5787,6200,0
2016-06-10,17:05:00,0.552,0.552,0.552,0.552,600,0
2016-06-10,17:20:00,0.552,0.552,0.552,0.552,1500,0
2016-06-10,17:40:00,0.5796,0.5796,0.5796,0.5796,300,0
2016-06-10,18:15:00,0.56,0.5601,0.553,0.5601,11618,0
2016-06-10,18:20:00,0.58,0.58,0.58,0.58,100,0
2016-06-10,18:25:00,0.5665,0.58,0.5665,0.58,1100,0
2016-06-10,18:30:00,0.58,0.58,0.58,0.58,300,0
2016-06-10,18:35:00,0.58,0.58,0.58,0.58,900,0
2016-06-10,18:45:00,0.58,0.5861,0.5792,0.5792,6900,0
2016-06-10,18:50:00,0.5792,0.58,0.5792,0.58,1400,0
2016-06-10,18:55:00,0.58,0.58,0.58,0.58,300,0
2016-06-10,19:15:00,0.58,0.58,0.58,0.58,1500,0
2016-06-10,19:20:00,0.58,0.58,0.58,0.58,100,0
2016-06-10,19:30:00,0.58,0.58,0.58,0.58,300,0
2016-06-10,19:35:00,0.5801,0.5801,0.58,0.58,2800,0
2016-06-10,20:05:00,0.58,0.58,0.58,0.58,400,0
2016-06-10,20:10:00,0.58,0.58,0.58,0.58,200,0
2016-06-10,20:25:00,0.58,0.5813,0.5798,0.5798,2000,0
2016-06-10,20:30:00,0.58,0.58,0.5528,0.58,1400,0
2016-06-10,20:35:00,0.58,0.5813,0.58,0.58,500,0
2016-06-10,20:40:00,0.589,0.589,0.589,0.589,100,0
2016-06-10,20:50:00,0.58,0.58,0.58,0.58,900,0
2016-06-10,20:55:00,0.58,0.58,0.58,0.58,100,0
2016-06-10,21:00:00,0.58,0.58,0.5798,0.5798,1000,0
2016-06-10,21:05:00,0.58,0.58,0.58,0.58,800,0
2016-06-10,21:10:00,0.58,0.58,0.5613,0.58,1600,0
2016-06-10,21:15:00,0.58,0.58,0.58,0.58,600,0
2016-06-10,21:20:00,0.58,0.58,0.58,0.58,900,0
2016-06-10,21:25:00,0.58,0.58,0.58,0.58,100,0
2016-06-10,21:30:00,0.58,0.58,0.58,0.58,100,0
2016-06-10,21:50:00,0.58,0.58,0.58,0.58,100,0
2016-06-10,22:00:00,0.56,0.5725,0.552,0.552,1809,0
2016-06-13,15:35:00,0.54,0.54,0.539,0.539,601,0
2016-06-13,15:40:00,0.5659,0.5659,0.5659,0.5659,200,0
2016-06-13,16:30:00,0.56,0.56,0.56,0.56,1000,0
2016-06-13,17:50:00,0.5575,0.5575,0.5516,0.5516,6548,0
2016-06-13,18:05:00,0.539,0.5515,0.539,0.5515,600,0
2016-06-13,18:10:00,0.539,0.539,0.539,0.539,600,0
2016-06-13,18:15:00,0.545,0.545,0.545,0.545,250,0
2016-06-13,19:05:00,0.539,0.54,0.539,0.54,2600,0
2016-06-13,19:15:00,0.539,0.539,0.539,0.539,400,0
2016-06-13,19:20:00,0.539,0.5474,0.539,0.539,1100,0
2016-06-13,19:25:00,0.539,0.539,0.539,0.539,300,0
2016-06-13,19:30:00,0.54,0.5424,0.54,0.54,2350,0
2016-06-13,19:35:00,0.54,0.54,0.54,0.54,100,0
2016-06-13,20:25:00,0.5574,0.5574,0.5574,0.5574,100,0
2016-06-13,20:35:00,0.54,0.54,0.539,0.539,19795,0
2016-06-13,21:40:00,0.5575,0.56,0.5575,0.56,1640,0
2016-06-13,21:55:00,0.56,0.56,0.56,0.56,2000,0
2016-06-13,22:00:00,0.56,0.56,0.56,0.56,5070,0
2016-06-14,15:35:00,0.5528,0.5528,0.5528,0.5528,200,0
2016-06-14,15:45:00,0.5151,0.5186,0.515,0.515,25463,0
2016-06-14,15:50:00,0.5199,0.56,0.5199,0.56,400,0
2016-06-14,16:00:00,0.55,0.55,0.55,0.55,6500,0
2016-06-14,16:05:00,0.55,0.55,0.55,0.55,150,0
2016-06-14,16:15:00,0.55,0.55,0.55,0.55,12300,0
2016-06-14,16:30:00,0.55,0.55,0.55,0.55,1050,0
2016-06-14,16:50:00,0.5206,0.5206,0.5205,0.5205,2000,0
2016-06-14,17:15:00,0.521,0.521,0.521,0.521,500,0
2016-06-14,17:20:00,0.547,0.547,0.547,0.547,600,0
2016-06-14,17:45:00,0.55,0.55,0.55,0.55,100,0
2016-06-14,19:40:00,0.5216,0.5216,0.5215,0.5215,1400,0
2016-06-14,20:00:00,0.5308,0.54,0.5308,0.54,2200,0
2016-06-14,20:10:00,0.54,0.54,0.54,0.54,700,0
2016-06-14,20:25:00,0.54,0.54,0.54,0.54,200,0
2016-06-14,20:45:00,0.5496,0.5496,0.54,0.54,1458,0
2016-06-14,20:50:00,0.54,0.54,0.54,0.54,3180,0
2016-06-14,20:55:00,0.54,0.54,0.54,0.54,900,0
2016-06-14,21:05:00,0.5401,0.5401,0.5401,0.5401,1800,0
2016-06-14,21:10:00,0.5496,0.5496,0.5496,0.5496,1740,0
2016-06-14,21:15:00,0.54,0.54,0.54,0.54,200,0
2016-06-14,21:30:00,0.54,0.54,0.54,0.54,200,0
2016-06-14,21:40:00,0.5401,0.5401,0.54,0.54,300,0
2016-06-14,21:45:00,0.54,0.54,0.54,0.54,700,0
2016-06-14,21:50:00,0.54,0.54,0.54,0.54,700,0
2016-06-14,21:55:00,0.54,0.54,0.54,0.54,1100,0
2016-06-14,22:00:00,0.54,0.54,0.54,0.54,899,0
2016-06-15,15:45:00,0.51,0.51,0.51,0.51,2400,0
2016-06-15,16:35:00,0.5399,0.5399,0.5399,0.5399,500,0
2016-06-15,16:45:00,0.5114,0.5369,0.5,0.5,9902,0
2016-06-15,16:55:00,0.4901,0.4901,0.4901,0.4901,300,0
2016-06-15,17:00:00,0.5057,0.51,0.5057,0.51,500,0
2016-06-15,17:05:00,0.51,0.5113,0.4901,0.5008,2800,0
2016-06-15,17:20:00,0.5113,0.5113,0.4901,0.4901,1050,0
2016-06-15,17:30:00,0.4901,0.4901,0.4901,0.4901,600,0
2016-06-15,17:35:00,0.5113,0.5114,0.5008,0.5114,3800,0
2016-06-15,17:40:00,0.5113,0.5113,0.5113,0.5113,100,0
2016-06-15,17:55:00,0.511,0.5114,0.511,0.5111,560,0
2016-06-15,18:40:00,0.4902,0.4902,0.4902,0.4902,841,0
2016-06-15,19:20:00,0.5089,0.5089,0.5089,0.5089,2100,0
2016-06-15,19:35:00,0.5114,0.53,0.5114,0.53,2707,0
2016-06-15,19:40:00,0.51,0.51,0.4902,0.51,12349,0
2016-06-15,19:45:00,0.4902,0.4902,0.4902,0.4902,400,0
2016-06-15,20:00:00,0.4945,0.4945,0.4945,0.4945,500,0
2016-06-15,20:05:00,0.51,0.51,0.51,0.51,144,0
2016-06-15,21:50:00,0.4915,0.4915,0.4915,0.4915,1000,0
2016-06-16,15:40:00,0.5161,0.5161,0.49,0.5157,7100,0
2016-06-16,15:55:00,0.526,0.526,0.526,0.526,100,0
2016-06-16,16:05:00,0.52,0.52,0.52,0.52,2440,0
2016-06-16,16:15:00,0.495,0.495,0.495,0.495,800,0
2016-06-16,16:40:00,0.5,0.5,0.5,0.5,200,0
2016-06-16,17:10:00,0.5,0.5,0.5,0.5,1000,0
2016-06-16,18:10:00,0.5,0.5,0.5,0.5,5200,0
2016-06-16,18:50:00,0.48,0.48,0.48,0.48,530,0
2016-06-16,19:05:00,0.49,0.49,0.49,0.49,100,0
2016-06-16,19:20:00,0.49,0.49,0.49,0.49,200,0
2016-06-16,19:50:00,0.5099,0.51,0.495,0.51,10000,0
2016-06-16,19:55:00,0.495,0.51,0.495,0.505,1500,0
2016-06-16,20:15:00,0.49,0.49,0.49,0.49,100,0
2016-06-16,20:25:00,0.51,0.51,0.51,0.51,650,0
2016-06-16,20:40:00,0.51,0.51,0.51,0.51,7202,0
2016-06-16,21:00:00,0.5198,0.5198,0.51,0.51,5700,0
2016-06-16,21:10:00,0.51,0.51,0.51,0.51,100,0
2016-06-16,21:20:00,0.51,0.51,0.51,0.51,300,0
2016-06-16,21:25:00,0.5129,0.5129,0.51,0.51,2280,0
2016-06-16,21:30:00,0.51,0.51,0.499,0.51,5600,0
2016-06-16,21:35:00,0.51,0.51,0.51,0.51,619,0
2016-06-16,21:55:00,0.51,0.52,0.51,0.52,6118,0
2016-06-16,22:00:00,0.52,0.52,0.52,0.52,100,0
2016-06-17,15:40:00,0.48,0.48,0.48,0.48,461,0
2016-06-17,16:15:00,0.5289,0.5289,0.5289,0.5289,1000,0
2016-06-17,16:35:00,0.504,0.504,0.504,0.504,300,0
2016-06-17,16:50:00,0.5075,0.5075,0.5075,0.5075,100,0
2016-06-17,17:45:00,0.5041,0.5041,0.5041,0.5041,1000,0
2016-06-17,18:00:00,0.5041,0.5041,0.5041,0.5041,1000,0
2016-06-17,18:25:00,0.53,0.53,0.53,0.53,480,0
2016-06-17,19:25:00,0.504,0.504,0.504,0.504,100,0
2016-06-17,19:55:00,0.53,0.53,0.504,0.504,40390,0
2016-06-17,21:05:00,0.51,0.51,0.51,0.51,2960,0
2016-06-17,21:25:00,0.53,0.54,0.504,0.54,12098,0
2016-06-17,21:45:00,0.5415,0.5415,0.54,0.54,900,0
2016-06-17,21:50:00,0.54,0.54,0.54,0.54,100,0
2016-06-17,21:55:00,0.54,0.54,0.54,0.54,2840,0
2016-06-17,22:00:00,0.5495,0.5501,0.4978,0.504,10400,0
2016-06-20,15:55:00,0.5001,0.5001,0.5001,0.5001,300,0
2016-06-20,16:40:00,0.5078,0.5078,0.5078,0.5078,4000,0
2016-06-20,17:05:00,0.5141,0.5141,0.5141,0.5141,1500,0
2016-06-20,17:20:00,0.55,0.56,0.55,0.56,720,0
2016-06-20,17:25:00,0.5648,0.5648,0.55,0.55,7100,0
2016-06-20,17:30:00,0.55,0.55,0.53,0.53,2200,0
2016-06-20,17:40:00,0.5592,0.5592,0.5592,0.5592,720,0
2016-06-20,17:50:00,0.53,0.53,0.48,0.5,10017,0
2016-06-20,17:55:00,0.49,0.49,0.49,0.49,200,0
2016-06-20,18:05:00,0.5003,0.5003,0.5003,0.5003,100,0
2016-06-20,18:55:00,0.5253,0.5352,0.5253,0.53,2300,0
2016-06-20,19:05:00,0.5253,0.5253,0.5253,0.5253,200,0
2016-06-20,19:10:00,0.5254,0.5254,0.5253,0.5253,400,0
2016-06-20,19:15:00,0.5254,0.5254,0.5254,0.5254,100,0
2016-06-20,21:00:00,0.5166,0.5166,0.5166,0.5166,1800,0
2016-06-20,21:10:00,0.53,0.53,0.53,0.53,260,0
2016-06-20,21:25:00,0.53,0.53,0.53,0.53,430,0
2016-06-20,21:50:00,0.53,0.53,0.53,0.53,1000,0
2016-06-20,22:00:00,0.5,0.53,0.5,0.525,400,0
2016-06-21,15:35:00,0.48,0.48,0.48,0.48,100,0
2016-06-21,16:10:00,0.55,0.55,0.5041,0.5041,17000,0
2016-06-21,16:55:00,0.54,0.54,0.54,0.54,1100,0
2016-06-21,17:00:00,0.54,0.54,0.54,0.54,1800,0
2016-06-21,17:10:00,0.5402,0.5402,0.5402,0.5402,2500,0
2016-06-21,17:25:00,0.5401,0.5401,0.5401,0.5401,775,0
2016-06-21,17:55:00,0.504,0.504,0.504,0.504,150,0
2016-06-21,18:05:00,0.5041,0.5041,0.5041,0.5041,460,0
2016-06-21,18:40:00,0.52,0.52,0.5045,0.52,5898,0
2016-06-21,19:25:00,0.5499,0.5499,0.504,0.504,5833,0
2016-06-21,19:30:00,0.522,0.522,0.522,0.522,1000,0
2016-06-21,19:40:00,0.5298,0.53,0.5298,0.53,500,0
2016-06-21,19:55:00,0.54,0.54,0.54,0.54,100,0
2016-06-21,20:00:00,0.5401,0.5401,0.54,0.54,9419,0
2016-06-21,20:50:00,0.5492,0.55,0.5492,0.55,19615,0
2016-06-21,21:10:00,0.5501,0.5573,0.5501,0.5573,1210,0
2016-06-21,21:15:00,0.553,0.553,0.553,0.553,2500,0
2016-06-21,21:20:00,0.5598,0.5598,0.5499,0.5579,5083,0
2016-06-21,21:45:00,0.54,0.5558,0.54,0.5558,1388,0
2016-06-21,22:00:00,0.5598,0.5598,0.5598,0.5598,500,0
2016-06-22,15:35:00,0.5598,0.5599,0.5,0.5,474,0
2016-06-22,15:40:00,0.525,0.525,0.525,0.525,160,0
2016-06-22,15:55:00,0.55,0.55,0.55,0.55,650,0
2016-06-22,17:50:00,0.523,0.523,0.523,0.523,2100,0
2016-06-22,18:05:00,0.55,0.555,0.55,0.555,2107,0
2016-06-22,18:10:00,0.5492,0.5699,0.5491,0.5699,24775,0
2016-06-22,18:15:00,0.5534,0.5534,0.5534,0.5534,124,0
2016-06-22,18:20:00,0.5492,0.5492,0.5492,0.5492,100,0
2016-06-22,18:30:00,0.5699,0.5699,0.5699,0.5699,11000,0
2016-06-22,19:35:00,0.5614,0.5614,0.5614,0.5614,500,0
2016-06-22,20:00:00,0.5401,0.5401,0.5401,0.5401,2500,0
2016-06-22,20:15:00,0.5599,0.56,0.5599,0.56,8052,0
2016-06-22,20:20:00,0.52,0.52,0.52,0.52,8052,0
2016-06-22,20:30:00,0.5461,0.5516,0.5461,0.5516,1000,0
2016-06-23,15:35:00,0.56,0.56,0.56,0.56,400,0
2016-06-23,15:55:00,0.5401,0.5401,0.5401,0.5401,922,0
2016-06-23,16:20:00,0.5499,0.56,0.5499,0.56,2300,0
2016-06-23,16:35:00,0.5501,0.5501,0.5501,0.5501,2000,0
2016-06-23,16:45:00,0.553,0.553,0.55,0.55,1454,0
2016-06-23,17:40:00,0.5599,0.5599,0.5599,0.5599,600,0
2016-06-23,18:40:00,0.5598,0.5598,0.5598,0.5598,880,0
2016-06-23,20:40:00,0.55,0.55,0.55,0.55,462,0
2016-06-23,21:20:00,0.5499,0.55,0.5499,0.55,1200,0
2016-06-23,21:30:00,0.55,0.55,0.55,0.55,300,0
2016-06-24,15:35:00,0.54,0.54,0.54,0.54,5164,0
2016-06-24,15:45:00,0.5015,0.525,0.5,0.525,1079,0
2016-06-24,16:15:00,0.5114,0.5114,0.5114,0.5114,500,0
2016-06-24,16:30:00,0.5112,0.5112,0.5,0.5,401,0
2016-06-24,16:45:00,0.53,0.53,0.53,0.53,123,0
2016-06-24,16:50:00,0.5015,0.5015,0.5015,0.5015,479,0
2016-06-24,16:55:00,0.53,0.53,0.53,0.53,2200,0
2016-06-24,17:25:00,0.51,0.52,0.51,0.52,4999,0
2016-06-24,17:30:00,0.5006,0.5006,0.5006,0.5006,5000,0
2016-06-24,17:35:00,0.5099,0.51,0.5099,0.51,1470,0
2016-06-24,19:15:00,0.5024,0.5024,0.5024,0.5024,100,0
2016-06-24,19:25:00,0.523,0.53,0.523,0.523,499,0
2016-06-24,19:30:00,0.53,0.53,0.512,0.512,1335,0
2016-06-24,20:45:00,0.52,0.52,0.52,0.52,430,0
2016-06-24,21:15:00,0.53,0.53,0.53,0.53,100,0
2016-06-24,21:40:00,0.53,0.53,0.53,0.53,2000,0
2016-06-24,21:45:00,0.53,0.53,0.53,0.53,150,0
2016-06-24,22:00:00,0.501,0.501,0.501,0.501,100,0
2016-06-27,15:35:00,0.485,0.501,0.485,0.501,1894,0
2016-06-27,15:55:00,0.501,0.501,0.501,0.501,100,0
2016-06-27,16:00:00,0.5099,0.5099,0.5099,0.5099,800,0
2016-06-27,17:00:00,0.5099,0.5099,0.5099,0.5099,400,0
2016-06-27,17:05:00,0.501,0.5012,0.501,0.501,5492,0
2016-06-27,19:05:00,0.501,0.501,0.501,0.501,100,0
2016-06-27,21:00:00,0.501,0.501,0.5,0.5,7496,0
2016-06-27,21:05:00,0.5167,0.5167,0.5167,0.5167,3000,0
2016-06-27,21:20:00,0.5,0.5,0.5,0.5,200,0
2016-06-28,15:50:00,0.4905,0.4905,0.4905,0.4905,400,0
2016-06-28,16:05:00,0.498,0.498,0.498,0.498,5000,0
2016-06-28,18:35:00,0.49,0.49,0.485,0.485,2000,0
2016-06-28,18:40:00,0.5,0.5,0.5,0.5,200,0
2016-06-28,18:50:00,0.5,0.5,0.5,0.5,700,0
2016-06-28,19:00:00,0.485,0.5,0.485,0.5,420,0
2016-06-28,19:10:00,0.485,0.485,0.485,0.485,200,0
2016-06-28,19:30:00,0.485,0.4851,0.485,0.4851,466,0
2016-06-28,19:35:00,0.5,0.5,0.5,0.5,197,0
2016-06-28,20:05:00,0.485,0.4853,0.485,0.4853,6300,0
2016-06-28,21:50:00,0.5,0.5,0.5,0.5,150,0
2016-06-29,15:35:00,0.5,0.5,0.5,0.5,2601,0
2016-06-29,15:40:00,0.5,0.5,0.4796,0.4796,975,0
2016-06-29,15:45:00,0.47,0.47,0.45,0.45,1475,0
2016-06-29,16:00:00,0.5,0.5,0.5,0.5,200,0
2016-06-29,17:05:00,0.49,0.49,0.4659,0.4892,2600,0
2016-06-29,17:50:00,0.4853,0.4853,0.4853,0.4853,2000,0
2016-06-29,18:10:00,0.48,0.48,0.48,0.48,200,0
2016-06-29,18:40:00,0.48,0.48,0.48,0.48,3480,0
2016-06-29,20:55:00,0.49,0.49,0.49,0.49,1500,0
2016-06-30,15:45:00,0.49,0.49,0.49,0.49,500,0
2016-06-30,16:20:00,0.46,0.46,0.46,0.46,1613,0
2016-06-30,16:35:00,0.4834,0.4834,0.4834,0.4834,3000,0
2016-06-30,17:00:00,0.49,0.49,0.4899,0.49,400,0
2016-06-30,17:10:00,0.49,0.49,0.49,0.49,100,0
2016-06-30,17:15:00,0.473,0.473,0.473,0.473,2000,0
2016-06-30,17:25:00,0.472,0.472,0.472,0.472,500,0
2016-06-30,17:35:00,0.46,0.47,0.44,0.44,2293,0
2016-06-30,17:40:00,0.44,0.44,0.431,0.431,1600,0
2016-06-30,18:15:00,0.453,0.453,0.453,0.453,340,0
2016-06-30,20:55:00,0.4541,0.4541,0.4541,0.4541,500,0
2016-06-30,21:10:00,0.4541,0.4541,0.4541,0.4541,400,0
2016-06-30,21:20:00,0.454,0.454,0.454,0.454,2700,0
2016-06-30,21:25:00,0.454,0.454,0.454,0.454,100,0
2016-07-01,15:35:00,0.4767,0.4767,0.46,0.46,1186,0
2016-07-01,16:20:00,0.4701,0.4701,0.47,0.47,200,0
2016-07-01,16:25:00,0.47,0.47,0.47,0.47,1800,0
2016-07-01,16:30:00,0.4701,0.4701,0.4701,0.4701,150,0
2016-07-01,16:40:00,0.4701,0.4701,0.47,0.47,2100,0
2016-07-01,17:00:00,0.47,0.47,0.47,0.47,900,0
2016-07-01,17:30:00,0.47,0.4774,0.45,0.46,3087,0
2016-07-01,17:45:00,0.4315,0.4315,0.4315,0.4315,100,0
2016-07-01,18:00:00,0.4592,0.4592,0.45,0.45,7286,0
2016-07-01,19:10:00,0.44,0.44,0.44,0.44,200,0
2016-07-01,19:15:00,0.431,0.4311,0.431,0.4311,300,0
2016-07-01,19:30:00,0.4396,0.4396,0.4396,0.4396,550,0
2016-07-01,19:40:00,0.4312,0.4312,0.43,0.43,5400,0
2016-07-01,19:55:00,0.4293,0.4293,0.4293,0.4293,200,0
2016-07-01,20:35:00,0.43,0.43,0.43,0.43,110,0
2016-07-01,20:40:00,0.43,0.43,0.43,0.43,110,0
2016-07-01,20:50:00,0.4299,0.43,0.4299,0.43,500,0
2016-07-01,21:00:00,0.4379,0.4379,0.4379,0.4379,200,0
2016-07-01,21:05:00,0.4313,0.4313,0.4313,0.4313,200,0
2016-07-01,21:15:00,0.4302,0.4302,0.41,0.43,31910,0
2016-07-01,21:25:00,0.41,0.41,0.41,0.41,200,0
2016-07-01,21:30:00,0.4102,0.4102,0.4102,0.4102,232,0
2016-07-01,21:35:00,0.41,0.41,0.41,0.41,1000,0
2016-07-05,15:35:00,0.4305,0.4305,0.4305,0.4305,271,0
2016-07-05,15:45:00,0.44,0.44,0.44,0.44,1900,0
2016-07-05,15:55:00,0.4305,0.4305,0.4305,0.4305,250,0
2016-07-05,18:00:00,0.4433,0.4433,0.4433,0.4433,900,0
2016-07-05,18:25:00,0.44,0.44,0.44,0.44,400,0
2016-07-05,18:30:00,0.44,0.44,0.44,0.44,100,0
2016-07-05,19:10:00,0.4398,0.4398,0.4398,0.4398,100,0
2016-07-05,19:55:00,0.4395,0.4395,0.4345,0.4395,2200,0
2016-07-05,20:50:00,0.45,0.45,0.45,0.45,100,0
2016-07-05,20:55:00,0.4311,0.4311,0.4311,0.4311,158,0
2016-07-05,22:00:00,0.4527,0.4527,0.44,0.44,500,0
2016-07-06,15:35:00,0.462,0.462,0.462,0.462,109,0
2016-07-06,16:25:00,0.43,0.43,0.43,0.43,300,0
2016-07-06,16:45:00,0.43,0.43,0.42,0.42,532,0
2016-07-06,16:55:00,0.4286,0.4286,0.4286,0.4286,1000,0
2016-07-06,17:10:00,0.4495,0.4495,0.4495,0.4495,100,0
2016-07-06,17:15:00,0.42,0.42,0.42,0.42,543,0
2016-07-06,17:50:00,0.4105,0.4105,0.41,0.41,4440,0
2016-07-06,17:55:00,0.41,0.41,0.41,0.41,300,0
2016-07-06,18:15:00,0.41,0.41,0.41,0.41,100,0
2016-07-06,18:50:00,0.41,0.41,0.41,0.41,200,0
2016-07-06,18:55:00,0.41,0.41,0.41,0.41,600,0
2016-07-06,19:05:00,0.4101,0.4101,0.41,0.41,4100,0
2016-07-06,20:00:00,0.41,0.4136,0.41,0.4136,600,0
2016-07-06,20:05:00,0.41,0.41,0.41,0.41,200,0
2016-07-06,20:25:00,0.41,0.41,0.41,0.41,400,0
2016-07-06,21:00:00,0.434,0.434,0.434,0.434,200,0
2016-07-06,21:45:00,0.4399,0.4399,0.41,0.41,7400,0
2016-07-06,22:00:00,0.42,0.42,0.41,0.41,300,0
2016-07-07,15:40:00,0.4449,0.4449,0.4449,0.4449,1040,0
2016-07-07,16:30:00,0.41,0.41,0.41,0.41,300,0
2016-07-07,16:45:00,0.4299,0.4299,0.41,0.41,5100,0
2016-07-07,17:35:00,0.4282,0.4282,0.4282,0.4282,100,0
2016-07-07,21:05:00,0.4207,0.4207,0.42,0.42,1200,0
2016-07-07,21:20:00,0.42,0.42,0.42,0.42,200,0
2016-07-07,21:25:00,0.42,0.42,0.42,0.42,100,0
2016-07-07,21:35:00,0.4216,0.4216,0.42,0.42,200,0
2016-07-07,21:40:00,0.42,0.42,0.42,0.42,100,0
2016-07-07,21:55:00,0.42,0.4293,0.42,0.4293,600,0
2016-07-07,22:00:00,0.4216,0.4216,0.42,0.42,200,0
2016-07-08,16:35:00,0.4221,0.4372,0.4221,0.4372,830,0
2016-07-08,17:50:00,0.4367,0.4367,0.4367,0.4367,600,0
2016-07-08,18:35:00,0.4355,0.4355,0.4355,0.4355,152,0
2016-07-08,18:55:00,0.4333,0.435,0.4126,0.4126,6900,0
2016-07-08,19:05:00,0.41,0.43,0.389,0.43,727,0
2016-07-08,19:35:00,0.4099,0.4248,0.39,0.39,5600,0
2016-07-08,19:40:00,0.4,0.4,0.3905,0.4,7400,0
2016-07-08,19:45:00,0.3952,0.4,0.3952,0.4,1200,0
2016-07-08,19:50:00,0.4089,0.41,0.3903,0.41,18191,0
2016-07-08,20:15:00,0.4095,0.41,0.4095,0.41,2692,0
2016-07-08,22:00:00,0.4281,0.4281,0.4281,0.4281,627,0
