Date,Time,Open,High,Low,Close,Volume,OpenInt
2016-06-22,15:35:00,714.05,714.21,710.21,710.31,63810,0
2016-06-22,15:40:00,710.95,711.03,708.14,709.28,20425,0
2016-06-22,15:45:00,709.2807,709.66,708.21,708.83,9366,0
2016-06-22,15:50:00,708.86,709.36,707,708.92,14082,0
2016-06-22,15:55:00,708.84,708.84,707.33,707.62,4141,0
2016-06-22,16:00:00,707.45,707.45,705.88,706.455,15847,0
2016-06-22,16:05:00,706.45,707.48,706.37,707.2,5298,0
2016-06-22,16:10:00,707.25,709.07,707.14,709.07,14767,0
2016-06-22,16:15:00,708.69,709.44,708.25,709.44,8756,0
2016-06-22,16:20:00,709.3956,709.86,709.06,709.15,9172,0
2016-06-22,16:25:00,709.2,709.34,708,708.22,6305,0
2016-06-22,16:30:00,708.5,708.77,707.01,707.7575,8886,0
2016-06-22,16:35:00,707.38,708.01,707.22,708,23249,0
2016-06-22,16:40:00,708,708.33,707.3,707.3,7000,0
2016-06-22,16:45:00,707.46,709.64,707.46,709.13,6211,0
2016-06-22,16:50:00,709.175,709.5499,708.88,708.88,7580,0
2016-06-22,16:55:00,709.01,710.5,709.01,709.6,11465,0
2016-06-22,17:00:00,709.625,709.98,709.155,709.9129,22625,0
2016-06-22,17:05:00,709.83,710.82,709.6,709.75,25425,0
2016-06-22,17:10:00,709.7575,710.025,709.4,710.025,7328,0
2016-06-22,17:15:00,710.06,710.86,709.965,710,12144,0
2016-06-22,17:20:00,710.09,711.47,709.919,711.47,25511,0
2016-06-22,17:25:00,711.305,712.41,711.305,712.2,6735,0
2016-06-22,17:30:00,711.97,712.63,711.7501,712.4899,8183,0
2016-06-22,17:35:00,712.41,712.41,710.75,710.98,22977,0
2016-06-22,17:40:00,710.96,711.97,710.9,711.97,8300,0
2016-06-22,17:45:00,711.86,712.5,711.39,712.13,5542,0
2016-06-22,17:50:00,712,712.21,711.745,712,16915,0
2016-06-22,17:55:00,711.77,712.71,711.77,712.425,13397,0
2016-06-22,18:00:00,712.4491,712.85,712.39,712.804,3200,0
2016-06-22,18:05:00,712.7297,712.79,712.24,712.5413,5508,0
2016-06-22,18:10:00,712.4,712.52,712.19,712.39,2900,0
2016-06-22,18:15:00,712.31,712.87,712.2814,712.5125,2500,0
2016-06-22,18:20:00,712.3152,712.3152,711.81,711.81,8460,0
2016-06-22,18:25:00,711.59,711.7345,710.16,710.32,15335,0
2016-06-22,18:30:00,710,710.99,709.53,710.83,12529,0
2016-06-22,18:35:00,710.75,710.94,710.16,710.6,8068,0
2016-06-22,18:40:00,710.37,710.75,710.28,710.43,6300,0
2016-06-22,18:45:00,710.49,710.95,710.49,710.81,6050,0
2016-06-22,18:50:00,710.72,711.29,710.16,711.102,15058,0
2016-06-22,18:55:00,711.06,711.75,711.045,711.37,5160,0
2016-06-22,19:00:00,711.56,711.8,710.74,711.735,3400,0
2016-06-22,19:05:00,711.54,711.65,710.56,710.83,7316,0
2016-06-22,19:10:00,710.63,710.84,709.33,709.33,9110,0
2016-06-22,19:15:00,709.21,709.98,708.97,709.85,6850,0
2016-06-22,19:20:00,709.99,710.46,709.66,710.3,7377,0
2016-06-22,19:25:00,710.53,710.98,709.52,710.255,8189,0
2016-06-22,19:30:00,709.85,710,709.27,709.99,9177,0
2016-06-22,19:35:00,709.62,710,709.44,709.44,3100,0
2016-06-22,19:40:00,709.39,709.87,709.2,709.639,2750,0
2016-06-22,19:45:00,709.7,710,709.4,709.99,2300,0
2016-06-22,19:50:00,709.67,710.01,709.46,709.498,5300,0
2016-06-22,19:55:00,709.58,711.635,709.4522,711.48,6160,0
2016-06-22,20:00:00,711.57,711.57,710.91,711.2,5000,0
2016-06-22,20:05:00,711.22,711.35,710.37,710.84,5410,0
2016-06-22,20:10:00,711,711.35,710.17,710.27,5722,0
2016-06-22,20:15:00,710.19,710.6196,709.55,710.28,4925,0
2016-06-22,20:20:00,710.3575,710.65,710,710.25,5655,0
2016-06-22,20:25:00,709.85,710.97,709.8107,710.84,6464,0
2016-06-22,20:30:00,710.8,711.12,710.7,711.0446,4615,0
2016-06-22,20:35:00,711,711.2,710.54,710.54,6200,0
2016-06-22,20:40:00,710.64,710.64,709.52,709.88,7103,0
2016-06-22,20:45:00,709.77,710.74,709.69,710.405,13308,0
2016-06-22,20:50:00,710.31,710.7,709.86,710.47,10377,0
2016-06-22,20:55:00,710.63,711.49,710.29,711.49,15099,0
2016-06-22,21:00:00,711.44,711.69,711.22,711.2901,5804,0
2016-06-22,21:05:00,711.42,712.34,711.32,712.31,17116,0
2016-06-22,21:10:00,712.37,712.69,711,711,13817,0
2016-06-22,21:15:00,711,711.56,710.94,711.08,6745,0
2016-06-22,21:20:00,711.28,712.0857,711,711.239,6579,0
2016-06-22,21:25:00,710.92,711.25,710.25,711.06,8280,0
2016-06-22,21:30:00,711.113,711.64,710.6327,710.976,7810,0
2016-06-22,21:35:00,711.13,711.495,710.86,710.97,8080,0
2016-06-22,21:40:00,711.09,711.97,710.7,711.97,11933,0
2016-06-22,21:45:00,711.89,711.94,711.09,711.09,13298,0
2016-06-22,21:50:00,711.17,711.45,710.19,710.28,14880,0
2016-06-22,21:55:00,710,710.62,709.75,710.62,22895,0
2016-06-22,22:00:00,710.62,711.06,709.71,710.82,49974,0
2016-06-23,15:35:00,710.55,713.23,702.79,704.04,112456,0
2016-06-23,15:40:00,704.3957,706.63,702.85,704.085,63979,0
2016-06-23,15:45:00,704.05,704.48,701.44,701.44,71589,0
2016-06-23,15:50:00,701.69,702.05,700.25,700.92,76376,0
2016-06-23,15:55:00,701.09,703.05,700.73,701.848,38274,0
2016-06-23,16:00:00,701.835,704.3599,701.65,703.265,27704,0
2016-06-23,16:05:00,703.805,705.2737,703.04,704.55,29810,0
2016-06-23,16:10:00,704.59,704.7069,703.2,703.38,21361,0
2016-06-23,16:15:00,703.28,704.12,703.02,703.39,14916,0
2016-06-23,16:20:00,703.49,704.12,702.6,702.825,18899,0
2016-06-23,16:25:00,702.785,702.785,701.63,702.06,20031,0
2016-06-23,16:30:00,702.33,703.45,702.25,703,12801,0
2016-06-23,16:35:00,703.17,703.47,702.5,703,13042,0
2016-06-23,16:40:00,703.0169,704.25,702.68,703.79,21196,0
2016-06-23,16:45:00,703.765,704.44,703.755,704.16,11951,0
2016-06-23,16:50:00,704.305,704.5,703.705,704.4,12642,0
2016-06-23,16:55:00,704.295,706.47,704.285,706.47,23013,0
2016-06-23,17:00:00,706.7955,706.7955,705.77,706.73,14067,0
2016-06-23,17:05:00,706.72,707.87,706.51,707.67,21283,0
2016-06-23,17:10:00,707.5401,708.875,707.5401,708.48,13252,0
2016-06-23,17:15:00,708.57,708.6125,707.86,708.2,11273,0
2016-06-23,17:20:00,708.22,708.7,706.48,706.92,19722,0
2016-06-23,17:25:00,706.87,707.21,706.65,706.76,6725,0
2016-06-23,17:30:00,707.09,708.08,706.81,708.08,9977,0
2016-06-23,17:35:00,707.87,708.5,707.25,707.56,7481,0
2016-06-23,17:40:00,707.7445,708,707.435,707.7794,8577,0
2016-06-23,17:45:00,707.7875,708.16,707.64,707.77,8001,0
2016-06-23,17:50:00,707.94,707.94,707.245,707.6535,6508,0
2016-06-23,17:55:00,707.9,708.43,707.53,707.82,9423,0
2016-06-23,18:00:00,707.8,708,707.22,707.22,7849,0
2016-06-23,18:05:00,707.7799,708,707.325,707.5,8868,0
2016-06-23,18:10:00,707.36,707.61,707.22,707.61,5058,0
2016-06-23,18:15:00,707.6,707.61,706.57,706.575,10261,0
2016-06-23,18:20:00,706.8,707.35,706.8,706.95,2800,0
2016-06-23,18:25:00,706.9137,707.19,706.66,706.7,3583,0
2016-06-23,18:30:00,706.87,707.17,706.71,706.92,2000,0
2016-06-23,18:35:00,706.72,706.75,705.9,706.0174,6543,0
2016-06-23,18:40:00,705.9634,706.75,705.9634,706.44,7293,0
2016-06-23,18:45:00,706.385,706.99,706.33,706.74,5838,0
2016-06-23,18:50:00,706.6,706.6,706.1,706.31,6535,0
2016-06-23,18:55:00,706.33,706.58,706.23,706.52,5631,0
2016-06-23,19:00:00,706.5123,707.17,706.22,707.09,10929,0
2016-06-23,19:05:00,707.09,707.7747,706.8,707.2501,10699,0
2016-06-23,19:10:00,707.64,708.46,707.35,708.46,8200,0
2016-06-23,19:15:00,708.29,708.46,707.25,708.04,4618,0
2016-06-23,19:20:00,708.305,709,707.82,708.5925,13210,0
2016-06-23,19:25:00,708.34,708.93,707.78,707.78,9199,0
2016-06-23,19:30:00,707.74,708.44,707.73,707.86,5465,0
2016-06-23,19:35:00,707.86,707.86,707.22,707.51,4322,0
2016-06-23,19:40:00,707.4,707.54,706.865,706.865,10900,0
2016-06-23,19:45:00,707.125,707.145,706.255,707.07,7964,0
2016-06-23,19:50:00,707.025,707.77,707.025,707.39,6808,0
2016-06-23,19:55:00,707.32,707.71,707.1,707.5,2571,0
2016-06-23,20:00:00,707.36,707.41,706.68,707.23,4600,0
2016-06-23,20:05:00,707.21,707.44,706.53,706.79,7477,0
2016-06-23,20:10:00,706.75,708.25,706.75,707.64,7184,0
2016-06-23,20:15:00,708.14,708.87,707.95,708.62,4932,0
2016-06-23,20:20:00,708.6,709.8,708.5,709.7,13590,0
2016-06-23,20:25:00,709.7299,709.98,709.37,709.43,11178,0
2016-06-23,20:30:00,709.27,709.98,709.27,709.85,6258,0
2016-06-23,20:35:00,709.91,710.3,709.64,710.21,11405,0
2016-06-23,20:40:00,710.34,710.88,710.15,710.535,22821,0
2016-06-23,20:45:00,710.535,710.89,710.43,710.78,8500,0
2016-06-23,20:50:00,710.59,710.91,710.36,710.665,7538,0
2016-06-23,20:55:00,710.8699,711.44,710.56,711.0201,12813,0
2016-06-23,21:00:00,711.05,711.58,710.41,710.41,7252,0
2016-06-23,21:05:00,710.4,711.2,710.35,710.84,30941,0
2016-06-23,21:10:00,710.69,711.045,710.24,710.46,13725,0
2016-06-23,21:15:00,710.52,710.9999,710.52,710.66,7000,0
2016-06-23,21:20:00,710.56,710.8,710.2,710.51,8449,0
2016-06-23,21:25:00,710.48,710.88,710.25,710.77,10786,0
2016-06-23,21:30:00,710.56,711,710.56,710.81,11692,0
2016-06-23,21:35:00,710.8075,711.6209,710.6,711.5,9992,0
2016-06-23,21:40:00,711.315,711.95,711.315,711.95,12974,0
2016-06-23,21:45:00,711.87,712.835,711.61,712.46,16719,0
2016-06-23,21:50:00,712.42,714.27,712.42,713.33,27724,0
2016-06-23,21:55:00,713.43,714.44,713.43,713.92,39214,0
2016-06-23,22:00:00,713.9,714.87,713.81,714.87,145324,0
2016-06-24,15:35:00,690.17,690.95,685.39,688.595,284223,0
2016-06-24,15:40:00,688.62,692.9877,686.6,690.595,106533,0
2016-06-24,15:45:00,690.45,695.97,688.35,693.71,182057,0
2016-06-24,15:50:00,694.17,694.99,690.98,693.665,55013,0
2016-06-24,15:55:00,693.66,695.19,691.8,695.035,46885,0
2016-06-24,16:00:00,695.07,698.565,694.21,696.91,54740,0
2016-06-24,16:05:00,697.62,701.4,696.7501,700.6,65869,0
2016-06-24,16:10:00,700.82,701.4799,698.48,700.57,64948,0
2016-06-24,16:15:00,700.85,701.62,699.01,699.824,42254,0
2016-06-24,16:20:00,700.1,700.9315,698.51,699.85,32578,0
2016-06-24,16:25:00,699.64,705,698.6,699.16,61786,0
2016-06-24,16:30:00,698.7524,698.885,697.17,697.8797,57373,0
2016-06-24,16:35:00,697.8,700.34,697.5203,697.5203,19105,0
2016-06-24,16:40:00,697.5,699.662,696.9,699.4,15290,0
2016-06-24,16:45:00,699.01,699.09,697.42,698.78,15821,0
2016-06-24,16:50:00,698.345,698.48,697.35,697.35,16130,0
2016-06-24,16:55:00,697.35,697.9799,696.59,696.84,24316,0
2016-06-24,17:00:00,696.85,696.91,694.91,694.91,22070,0
2016-06-24,17:05:00,695.02,695.15,693.66,693.66,23135,0
2016-06-24,17:10:00,693.8675,695.79,693.195,695.5,15113,0
2016-06-24,17:15:00,695.3,695.84,694.34,695.0425,20311,0
2016-06-24,17:20:00,694.75,694.82,693.25,693.84,15356,0
2016-06-24,17:25:00,693.94,695.1099,692.73,693.1933,23938,0
2016-06-24,17:30:00,692.958,694.22,692.77,693.71,23841,0
2016-06-24,17:35:00,693.71,694.79,693.54,694.19,17149,0
2016-06-24,17:40:00,694.48,694.54,692.9,693.08,19928,0
2016-06-24,17:45:00,692.88,694.12,692.63,693.41,20502,0
2016-06-24,17:50:00,693.87,695.21,693.26,693.96,30857,0
2016-06-24,17:55:00,694.35,695.19,693.86,694.28,21305,0
2016-06-24,18:00:00,694.52,696.205,694.22,695.63,8594,0
2016-06-24,18:05:00,695.63,696.4175,694.54,694.835,16617,0
2016-06-24,18:10:00,694.95,695.72,693.635,693.71,11604,0
2016-06-24,18:15:00,693.72,694.21,693.13,693.3,22756,0
2016-06-24,18:20:00,693.51,693.87,691.61,692.03,18330,0
2016-06-24,18:25:00,692.01,692.805,691.8,692.31,12545,0
2016-06-24,18:30:00,692.6499,692.99,692.02,692.36,20044,0
2016-06-24,18:35:00,692.815,692.84,691.38,691.4,29695,0
2016-06-24,18:40:00,691.33,691.86,690.63,690.99,18738,0
2016-06-24,18:45:00,690.6,691.2499,690.0101,690.4,15631,0
2016-06-24,18:50:00,690.4866,691.16,689.75,690.855,19116,0
2016-06-24,18:55:00,691.09,691.53,690.19,691.24,13094,0
2016-06-24,19:00:00,691.37,691.37,689.52,690.41,9904,0
2016-06-24,19:05:00,690.745,691.83,690.2,691.2,11296,0
2016-06-24,19:10:00,691.03,691.8919,690.255,691,9270,0
2016-06-24,19:15:00,690.905,690.905,690.02,690.64,6436,0
2016-06-24,19:20:00,691.09,691.55,690.79,691.55,11052,0
2016-06-24,19:25:00,691.7,691.9199,690.33,691.07,9491,0
2016-06-24,19:30:00,690.98,691.05,690.4,690.69,11063,0
2016-06-24,19:35:00,690.67,691.81,690,691.05,12683,0
2016-06-24,19:40:00,691.01,691.972,690.95,691.43,9481,0
2016-06-24,19:45:00,691.86,691.93,690,690.41,14676,0
2016-06-24,19:50:00,690.42,691.0199,689.53,690.27,12812,0
2016-06-24,19:55:00,690.54,690.94,689.92,690.03,11470,0
2016-06-24,20:00:00,690.15,690.49,689,689.66,32110,0
2016-06-24,20:05:00,689.69,690.3542,689.6,690.3542,14916,0
2016-06-24,20:10:00,690.12,690.25,689.07,689.54,11954,0
2016-06-24,20:15:00,689.52,689.84,689,689.57,8670,0
2016-06-24,20:20:00,689.88,689.98,688.73,689.69,21945,0
2016-06-24,20:25:00,689.14,689.7,688.5,689.25,23700,0
2016-06-24,20:30:00,689.22,690.705,689.01,690.1757,31965,0
2016-06-24,20:35:00,690.25,690.41,688.82,689.05,18322,0
2016-06-24,20:40:00,689,689.55,688.26,689.26,22479,0
2016-06-24,20:45:00,689.4285,689.94,688.66,689.1,16674,0
2016-06-24,20:50:00,689.07,689.29,688,689.1,19523,0
2016-06-24,20:55:00,688.93,689.26,688.02,688.74,30170,0
2016-06-24,21:00:00,688.74,689.805,688.3,688.54,35808,0
2016-06-24,21:05:00,688.54,689.47,687.99,688.2,30581,0
2016-06-24,21:10:00,688.33,688.5225,687.02,687.2801,21329,0
2016-06-24,21:15:00,687.575,687.575,686.06,687.03,45709,0
2016-06-24,21:20:00,687.23,687.23,685,685.2162,31938,0
2016-06-24,21:25:00,685.53,686.99,685.09,686.185,21559,0
2016-06-24,21:30:00,686.38,687.16,685.73,686.36,40589,0
2016-06-24,21:35:00,686.32,688.35,685.66,688.21,52770,0
2016-06-24,21:40:00,688.27,689.19,686.98,688.08,43580,0
2016-06-24,21:45:00,688,690,687.44,689.47,57152,0
2016-06-24,21:50:00,689.628,690.85,688.87,690.2,47982,0
2016-06-24,21:55:00,690,691.24,689.49,690.82,75956,0
2016-06-24,22:00:00,690.87,690.87,684.91,685.28,131852,0
2016-06-27,15:35:00,682.49,682.94,680.16,681.7,105459,0
2016-06-27,15:40:00,681.7099,681.72,678.33,678.49,48987,0
2016-06-27,15:45:00,679,680.675,678.87,679.488,61573,0
2016-06-27,15:50:00,679.705,680.13,679,679.98,40243,0
2016-06-27,15:55:00,679.61,681.6999,679.34,680.69,18485,0
2016-06-27,16:00:00,680.635,680.99,679.05,679.58,21073,0
2016-06-27,16:05:00,679.7401,680.08,678.4,678.8605,22935,0
2016-06-27,16:10:00,678.5,678.96,677.15,677.28,31047,0
2016-06-27,16:15:00,677.44,677.67,677.02,677.44,21479,0
2016-06-27,16:20:00,677.285,677.55,676.108,676.625,38028,0
2016-06-27,16:25:00,676.6025,678.5199,676.565,677.41,52715,0
2016-06-27,16:30:00,677.34,677.405,675.24,675.29,28522,0
2016-06-27,16:35:00,675.7394,676.66,675.65,676.118,23435,0
2016-06-27,16:40:00,676.24,677.15,675.22,675.59,20230,0
2016-06-27,16:45:00,675.69,677.655,674.71,676.34,32235,0
2016-06-27,16:50:00,676.82,677.18,674.85,675.5,19236,0
2016-06-27,16:55:00,675.53,675.56,674.25,674.58,15879,0
2016-06-27,17:00:00,674.57,675.1,673,673.11,20075,0
2016-06-27,17:05:00,673.44,674.3299,672.66,674,23515,0
2016-06-27,17:10:00,673.97,674.62,673.39,674.22,13621,0
2016-06-27,17:15:00,674.19,674.53,673.23,673.47,14588,0
2016-06-27,17:20:00,673.557,674.38,672.72,674.12,10043,0
2016-06-27,17:25:00,674.4499,674.4499,673.37,673.82,12715,0
2016-06-27,17:30:00,673.97,676.81,673.48,676.81,18165,0
2016-06-27,17:35:00,676.49,676.5399,675.052,675.87,16388,0
2016-06-27,17:40:00,675.78,676.02,674.85,675.7276,10905,0
2016-06-27,17:45:00,675.74,675.91,674.27,675.88,17833,0
2016-06-27,17:50:00,675.77,677.54,675.345,677.07,25199,0
2016-06-27,17:55:00,677.025,677.48,675.9211,676.86,15495,0
2016-06-27,18:00:00,676.9,678.75,676.57,677.17,20338,0
2016-06-27,18:05:00,677.15,677.55,675.78,677.345,19581,0
2016-06-27,18:10:00,677.34,677.68,676.35,676.89,9758,0
2016-06-27,18:15:00,676.73,677.74,675.84,676.785,10027,0
2016-06-27,18:20:00,677.5,678.86,677.5,678.68,9459,0
2016-06-27,18:25:00,678.625,679.7,678,679.58,21836,0
2016-06-27,18:30:00,679.58,681.63,679.47,681.455,29807,0
2016-06-27,18:35:00,681.46,681.65,680.13,681.32,10436,0
2016-06-27,18:40:00,680.95,681.48,680.29,680.46,18913,0
2016-06-27,18:45:00,680.3748,680.3748,679.51,680.2042,10775,0
2016-06-27,18:50:00,679.68,680.45,679.0001,679.385,9035,0
2016-06-27,18:55:00,679.4202,680.11,678.08,679.19,8910,0
2016-06-27,19:00:00,679.23,679.86,678.575,679.25,5583,0
2016-06-27,19:05:00,679.17,680,678.3778,679.6025,16918,0
2016-06-27,19:10:00,679.77,680.12,678.72,678.83,12133,0
2016-06-27,19:15:00,678.4244,680.16,678.4244,679.06,14839,0
2016-06-27,19:20:00,679.0757,680.1,679.0757,679.62,6304,0
2016-06-27,19:25:00,679.56,681.5,679.56,680.9886,18919,0
2016-06-27,19:30:00,680.75,682.92,680.5994,681.81,28979,0
2016-06-27,19:35:00,682.19,682.35,680.265,681.155,12204,0
2016-06-27,19:40:00,681.11,681.11,679.5,680.45,9958,0
2016-06-27,19:45:00,680.04,680.54,678.48,679.59,20846,0
2016-06-27,19:50:00,679.29,679.9832,678.58,679.08,12460,0
2016-06-27,19:55:00,678.72,679.04,678.43,678.5701,9441,0
2016-06-27,20:00:00,678.58,678.93,677.91,678.775,16061,0
2016-06-27,20:05:00,678.6,680.14,678.43,679.75,10324,0
2016-06-27,20:10:00,679.6,679.61,678.1,678.945,14112,0
2016-06-27,20:15:00,678.87,679.605,678.43,678.9266,14096,0
2016-06-27,20:20:00,678.74,679.546,678.37,679.105,17832,0
2016-06-27,20:25:00,679.19,680.41,678.58,679.29,25236,0
2016-06-27,20:30:00,679.435,681.27,679.4,680.69,7194,0
2016-06-27,20:35:00,680.9383,681.675,679.812,679.88,13046,0
2016-06-27,20:40:00,679.81,681.41,679.11,679.89,19073,0
2016-06-27,20:45:00,679.7601,680.51,679.51,679.87,29017,0
2016-06-27,20:50:00,680.1,680.15,678.48,679.27,11335,0
2016-06-27,20:55:00,679.51,680.04,678.59,679.22,16084,0
2016-06-27,21:00:00,679.11,680.038,678.89,680.038,13110,0
2016-06-27,21:05:00,680.04,680.89,679.55,680.65,15518,0
2016-06-27,21:10:00,680.37,681,679.99,680.05,15497,0
2016-06-27,21:15:00,680.0382,681.38,679.88,680.595,13062,0
2016-06-27,21:20:00,680.48,680.62,679.65,680.0433,17604,0
2016-06-27,21:25:00,680.2,680.48,679.0074,679.33,27563,0
2016-06-27,21:30:00,679.67,680.15,678.87,679.7,27620,0
2016-06-27,21:35:00,679.42,680.09,678.83,679.92,16134,0
2016-06-27,21:40:00,679.76,682.11,679.61,682.11,21801,0
2016-06-27,21:45:00,681.85,682.57,680.76,682.02,35092,0
2016-06-27,21:50:00,681.8736,683.325,681.16,682.42,39216,0
2016-06-27,21:55:00,682.1,682.74,681.03,681.95,38367,0
2016-06-27,22:00:00,681.95,682.27,680.85,681.14,179556,0
2016-06-28,15:35:00,691.37,691.64,687.24,688,81125,0
2016-06-28,15:40:00,688.23,691.59,687.435,691.59,24837,0
2016-06-28,15:45:00,691.6,692.2,690.18,691.93,30023,0
2016-06-28,15:50:00,691.51,691.79,690.4,690.95,26512,0
2016-06-28,15:55:00,690.7,692.48,690.22,692.48,20771,0
2016-06-28,16:00:00,692.4,692.7399,690.25,691.35,16505,0
2016-06-28,16:05:00,691.52,691.7999,690.24,690.69,15832,0
2016-06-28,16:10:00,690.44,690.7,688.36,688.76,27479,0
2016-06-28,16:15:00,688.86,689.35,687.72,688.37,37320,0
2016-06-28,16:20:00,688.59,691,688.59,690.62,42481,0
2016-06-28,16:25:00,690.76,691.32,689.7937,689.95,7940,0
2016-06-28,16:30:00,689.95,690.73,689.58,690.25,9614,0
2016-06-28,16:35:00,690.5,691.1,690.12,690.855,10922,0
2016-06-28,16:40:00,690.82,691.31,690.56,690.785,27269,0
2016-06-28,16:45:00,690.65,691.16,690.18,690.76,22734,0
2016-06-28,16:50:00,690.68,691.495,690.36,690.715,20302,0
2016-06-28,16:55:00,690.6,692.1399,690.3755,691.7937,25198,0
2016-06-28,17:00:00,691.98,692.32,690.99,691.345,32500,0
2016-06-28,17:05:00,691.51,691.9999,690.37,690.375,17861,0
2016-06-28,17:10:00,690.47,690.5732,689.015,689.7,11593,0
2016-06-28,17:15:00,689.57,690.42,689.0701,689.62,14086,0
2016-06-28,17:20:00,689.46,690.28,689.13,689.81,11187,0
2016-06-28,17:25:00,689.81,690.235,687.9,688.2844,16764,0
2016-06-28,17:30:00,688.12,688.68,686.642,687.01,9047,0
2016-06-28,17:35:00,687.17,687.78,686.96,687.26,10849,0
2016-06-28,17:40:00,687.51,687.64,686.86,687.64,7109,0
2016-06-28,17:45:00,687.52,688.31,686.965,687.1996,11527,0
2016-06-28,17:50:00,687.5,687.88,687.12,687.52,10816,0
2016-06-28,17:55:00,687.77,688.41,687.35,688.103,10529,0
2016-06-28,18:00:00,687.8321,688.29,687.62,688.06,8769,0
2016-06-28,18:05:00,688.0533,688.25,687.44,687.75,5593,0
2016-06-28,18:10:00,687.75,687.95,687.425,687.8058,4904,0
2016-06-28,18:15:00,687.57,687.57,686.28,687.08,9485,0
2016-06-28,18:20:00,687.11,687.5877,686.85,686.935,5519,0
2016-06-28,18:25:00,686.9244,687.2451,686.62,686.85,3303,0
2016-06-28,18:30:00,686.85,687.05,685.59,686.09,11276,0
2016-06-28,18:35:00,686.4045,687.9444,685.7,687.54,8770,0
2016-06-28,18:40:00,687.51,688.05,687.14,687.9,4012,0
2016-06-28,18:45:00,688.2189,688.89,687.73,688.2,6919,0
2016-06-28,18:50:00,688.03,688.29,686.91,687.18,6288,0
2016-06-28,18:55:00,687.2928,687.97,686.9,687.8092,3876,0
2016-06-28,19:00:00,687.68,687.92,687.09,687.3,6870,0
2016-06-28,19:05:00,687.225,687.82,686.42,686.7555,12872,0
2016-06-28,19:10:00,686.545,686.9,685.93,685.94,10956,0
2016-06-28,19:15:00,686.37,687.77,686.335,687.58,4100,0
2016-06-28,19:20:00,687.575,687.575,686.5,686.72,6216,0
2016-06-28,19:25:00,686.93,687.03,686.09,686.41,5799,0
2016-06-28,19:30:00,686.02,687.26,685.41,686.76,4930,0
2016-06-28,19:35:00,685.73,686.09,685.1039,685.76,5267,0
2016-06-28,19:40:00,685.79,686.64,685.62,686.6075,4950,0
2016-06-28,19:45:00,686.49,687.27,686.33,686.406,4611,0
2016-06-28,19:50:00,686.305,686.93,685.88,686,5033,0
2016-06-28,19:55:00,685.6881,686.74,685.2,686.15,9336,0
2016-06-28,20:00:00,685.78,686.49,685.52,685.73,3689,0
2016-06-28,20:05:00,685.709,686.14,685.35,685.54,3720,0
2016-06-28,20:10:00,685.67,686.08,685.26,685.26,3402,0
2016-06-28,20:15:00,685.81,685.84,684.85,685.385,9238,0
2016-06-28,20:20:00,685.59,686.67,685.38,685.92,7206,0
2016-06-28,20:25:00,686.29,686.67,685.95,686.06,7823,0
2016-06-28,20:30:00,686.14,686.72,685.65,685.65,11060,0
2016-06-28,20:35:00,685.82,687.05,685.78,686.5,7101,0
2016-06-28,20:40:00,686.78,688.2,686.71,688.2,6869,0
2016-06-28,20:45:00,688.07,688.66,687.62,687.7081,8581,0
2016-06-28,20:50:00,687.9,688.33,687.46,688.18,6633,0
2016-06-28,20:55:00,688.24,689.64,688.24,689.548,9775,0
2016-06-28,21:00:00,689.5424,690.09,689.05,689.33,11824,0
2016-06-28,21:05:00,689.07,689.768,688.84,689.03,3732,0
2016-06-28,21:10:00,689.3,690.04,689.29,689.945,9609,0
2016-06-28,21:15:00,689.83,690.75,689.83,690.34,10146,0
2016-06-28,21:20:00,690.22,690.26,689.58,689.78,10489,0
2016-06-28,21:25:00,689.78,689.78,689.12,689.44,8744,0
2016-06-28,21:30:00,689.31,689.31,687.56,688.33,15544,0
2016-06-28,21:35:00,688.4694,689.02,688.19,688.78,13236,0
2016-06-28,21:40:00,688.78,690.4399,688.45,690.43,14381,0
2016-06-28,21:45:00,690.17,690.87,690.01,690.7,15803,0
2016-06-28,21:50:00,690.72,691.43,690.51,690.63,23304,0
2016-06-28,21:55:00,690.75,690.87,690.08,690.69,20019,0
2016-06-28,22:00:00,690.91,691.5,690.44,691.26,164476,0
2016-06-29,15:35:00,694.26,695.975,693.42,695.75,108311,0
2016-06-29,15:40:00,695.66,697,695.01,695.97,29118,0
2016-06-29,15:45:00,696.44,697.27,696.13,696.5,24716,0
2016-06-29,15:50:00,696.71,697,695.435,697,23237,0
2016-06-29,15:55:00,697,698.06,696.14,697.1,24554,0
2016-06-29,16:00:00,697.51,697.6599,696.43,696.8,14088,0
2016-06-29,16:05:00,696.46,697.41,696.26,696.64,12126,0
2016-06-29,16:10:00,696.47,696.98,695.912,696.98,11843,0
2016-06-29,16:15:00,696.99,699.5,696.48,698.833,19338,0
2016-06-29,16:20:00,698.65,699.45,697.98,699.11,14304,0
2016-06-29,16:25:00,699.13,699.21,698.31,698.39,9468,0
2016-06-29,16:30:00,698.465,698.71,697.63,697.63,11380,0
2016-06-29,16:35:00,698.1799,698.35,696.7,696.9,18310,0
2016-06-29,16:40:00,696.73,696.9,694.46,694.92,30564,0
2016-06-29,16:45:00,694.47,695.489,694.47,694.56,12010,0
2016-06-29,16:50:00,694.56,695.29,694.5,695.245,10881,0
2016-06-29,16:55:00,695.01,695.17,694.24,694.47,19162,0
2016-06-29,17:00:00,694.315,694.5599,693.5,693.855,25788,0
2016-06-29,17:05:00,693.83,694.39,693.5,694.39,7437,0
2016-06-29,17:10:00,694.27,694.69,694.08,694.64,8015,0
2016-06-29,17:15:00,694.3501,695.21,694.165,695.01,9752,0
2016-06-29,17:20:00,695.2,696,695.2,695.565,6143,0
2016-06-29,17:25:00,695.56,696.17,695.28,695.69,5959,0
2016-06-29,17:30:00,695.82,696.295,695.38,695.5,11793,0
2016-06-29,17:35:00,695.8932,696.1099,695.6,695.79,5800,0
2016-06-29,17:40:00,695.71,695.9,694.76,694.9601,10122,0
2016-06-29,17:45:00,695.01,695.77,694.93,695.25,10828,0
2016-06-29,17:50:00,695.62,695.99,694.84,695.09,16781,0
2016-06-29,17:55:00,695.13,695.82,695.04,695.47,9539,0
2016-06-29,18:00:00,695.585,696.005,695.45,695.84,12998,0
2016-06-29,18:05:00,695.75,695.97,695.32,695.36,7652,0
2016-06-29,18:10:00,695.56,696,695.2401,695.86,7360,0
2016-06-29,18:15:00,695.84,696,695.57,695.935,17169,0
2016-06-29,18:20:00,695.92,696.99,695.75,696.69,9962,0
2016-06-29,18:25:00,696.5001,696.92,696,696.2,10144,0
2016-06-29,18:30:00,696.2,696.325,695.81,696.06,5027,0
2016-06-29,18:35:00,696.0845,696.0845,695.305,695.51,4450,0
2016-06-29,18:40:00,695.51,695.77,694.815,695.36,18319,0
2016-06-29,18:45:00,695.1,695.27,694,694.2089,6184,0
2016-06-29,18:50:00,694.22,694.48,694.02,694.32,9869,0
2016-06-29,18:55:00,694.295,694.64,693.71,693.78,9661,0
2016-06-29,19:00:00,693.9599,694.01,693.55,693.795,12785,0
2016-06-29,19:05:00,693.575,693.9,693.55,693.66,9397,0
2016-06-29,19:10:00,693.795,694.105,693.25,693.28,10279,0
2016-06-29,19:15:00,693.385,693.55,693.18,693.22,12616,0
2016-06-29,19:20:00,693.22,694,692.6834,693.9625,20636,0
2016-06-29,19:25:00,693.85,694.95,693.85,694.79,6636,0
2016-06-29,19:30:00,694.855,694.99,694.74,694.89,18455,0
2016-06-29,19:35:00,694.88,694.89,694.32,694.32,23682,0
2016-06-29,19:40:00,694.44,694.82,693.51,693.76,13480,0
2016-06-29,19:45:00,693.705,694.96,693.56,694.75,29301,0
2016-06-29,19:50:00,694.7765,694.94,694.25,694.77,19154,0
2016-06-29,19:55:00,694.83,695.57,694.54,695.19,11015,0
2016-06-29,20:00:00,695.42,696.19,695.42,696.125,12103,0
2016-06-29,20:05:00,696.2,696.3,695.875,696.21,17205,0
2016-06-29,20:10:00,696.22,696.46,695.94,696.165,22889,0
2016-06-29,20:15:00,695.91,696.15,695.6208,696.15,6986,0
2016-06-29,20:20:00,696.15,696.28,695.43,695.52,26005,0
2016-06-29,20:25:00,695.59,696.35,695.43,696.051,27855,0
2016-06-29,20:30:00,696.13,696.145,695.635,696.01,10760,0
2016-06-29,20:35:00,695.66,696.38,695.65,695.75,9052,0
2016-06-29,20:40:00,695.9,696.44,695.62,696,14358,0
2016-06-29,20:45:00,696.1858,696.391,695.79,696.11,8611,0
2016-06-29,20:50:00,696.14,696.35,695.45,695.46,14598,0
2016-06-29,20:55:00,695.45,695.95,695.37,695.855,18889,0
2016-06-29,21:00:00,696,696.31,695.49,696.17,18228,0
2016-06-29,21:05:00,696.17,696.7,696.13,696.515,14964,0
2016-06-29,21:10:00,696.415,696.9,696.05,696.9,6954,0
2016-06-29,21:15:00,696.755,697.12,696.5,696.762,25308,0
2016-06-29,21:20:00,696.79,697,696.39,696.545,9077,0
2016-06-29,21:25:00,696.439,696.79,695.695,695.84,18538,0
2016-06-29,21:30:00,695.69,696.31,695.5,696.29,16729,0
2016-06-29,21:35:00,696.2,696.29,695.1,696.04,21727,0
2016-06-29,21:40:00,695.98,696.08,694.56,694.79,16718,0
2016-06-29,21:45:00,695.08,695.25,694.39,694.64,20821,0
2016-06-29,21:50:00,694.615,695.75,694.35,695.0375,20301,0
2016-06-29,21:55:00,695.15,695.38,693.799,694.255,51874,0
2016-06-29,22:00:00,694.19,695.2,694.01,695.19,197193,0
2016-06-30,15:35:00,697.65,699.26,697.51,697.89,77488,0
2016-06-30,15:40:00,698.76,699.12,697.52,698.57,24933,0
2016-06-30,15:45:00,698.5,698.99,697.15,698.16,40004,0
2016-06-30,15:50:00,698.51,698.75,697.71,698.3,24587,0
2016-06-30,15:55:00,698.36,698.36,696.7,696.7,30104,0
2016-06-30,16:00:00,697.23,697.27,695.25,695.89,11522,0
2016-06-30,16:05:00,695.89,696.8,695,695.295,15005,0
2016-06-30,16:10:00,695.01,696.2,694.9015,696.2,11454,0
2016-06-30,16:15:00,696.1,697.3,696.1,697.095,15062,0
2016-06-30,16:20:00,697.21,697.31,696.22,696.51,8454,0
2016-06-30,16:25:00,696.44,697.22,696.05,696.57,14117,0
2016-06-30,16:30:00,696.32,696.51,695.15,695.24,11170,0
2016-06-30,16:35:00,695.41,696.29,695.1,696.025,9500,0
2016-06-30,16:40:00,696.3,697.15,695.63,696.82,12221,0
2016-06-30,16:45:00,696.57,697.69,696.14,697.69,17627,0
2016-06-30,16:50:00,697.35,698.01,696.9,697.455,21699,0
2016-06-30,16:55:00,697.76,698.16,697.1,697.1,7278,0
2016-06-30,17:00:00,697.15,697.8925,697.15,697.765,4855,0
2016-06-30,17:05:00,697.765,698.03,697.1247,697.755,10623,0
2016-06-30,17:10:00,697.6,698.71,697.6,698.54,14359,0
2016-06-30,17:15:00,698.77,699,698.04,698.1928,17292,0
2016-06-30,17:20:00,698.04,698.11,697.21,697.21,6935,0
2016-06-30,17:25:00,697.14,697.325,696.695,697.005,10152,0
2016-06-30,17:30:00,696.535,697.87,696.52,697.27,12102,0
2016-06-30,17:35:00,697.79,698.28,697.295,698.115,14902,0
2016-06-30,17:40:00,698.1,698.425,697.8,697.9,6911,0
2016-06-30,17:45:00,697.785,697.93,696.73,696.73,8980,0
2016-06-30,17:50:00,696.8001,697.5,696.8001,697.5,11427,0
2016-06-30,17:55:00,697.4922,697.5,696.91,696.975,7862,0
2016-06-30,18:00:00,696.96,697.84,696.71,697.84,12922,0
2016-06-30,18:05:00,697.5,697.92,697.09,697.41,5820,0
2016-06-30,18:10:00,697.52,697.56,696.53,696.53,18904,0
2016-06-30,18:15:00,696.95,697.47,696.7775,697.32,7012,0
2016-06-30,18:20:00,697.32,698.244,697.09,697.66,15726,0
2016-06-30,18:25:00,697.64,698.18,697.64,698.03,15011,0
2016-06-30,18:30:00,698.03,699.02,697.9676,698.52,13006,0
2016-06-30,18:35:00,698.569,698.764,698.2,698.45,10000,0
2016-06-30,18:40:00,698.23,698.92,698.08,698.4,7450,0
2016-06-30,18:45:00,698.67,698.9,698.21,698.325,8666,0
2016-06-30,18:50:00,698.67,698.84,698.22,698.63,14861,0
2016-06-30,18:55:00,698.66,699.135,698.1663,698.51,13901,0
2016-06-30,19:00:00,698.5,698.8489,698.09,698.62,9451,0
2016-06-30,19:05:00,698.6049,698.9469,698.04,698.79,16617,0
2016-06-30,19:10:00,698.685,698.81,698.17,698.4502,4764,0
2016-06-30,19:15:00,698.65,698.69,697.55,697.92,7180,0
2016-06-30,19:20:00,698.1076,698.29,697.37,697.58,9523,0
2016-06-30,19:25:00,697.95,698.01,697.66,697.75,1700,0
2016-06-30,19:30:00,697.75,698.13,697.1,697.83,7916,0
2016-06-30,19:35:00,697.965,698.15,697.579,697.71,2203,0
2016-06-30,19:40:00,697.76,697.9899,697.46,697.71,4427,0
2016-06-30,19:45:00,697.93,699,697.86,698.81,6826,0
2016-06-30,19:50:00,699.01,699.35,698.63,698.7,11011,0
2016-06-30,19:55:00,698.795,699.21,698.69,698.74,9376,0
2016-06-30,20:00:00,698.69,698.77,698.02,698.0909,14293,0
2016-06-30,20:05:00,698.09,698.96,698.09,698.96,17750,0
2016-06-30,20:10:00,699.12,699.25,698.64,699.185,11236,0
2016-06-30,20:15:00,699.34,699.34,698.01,698.63,23360,0
2016-06-30,20:20:00,699.04,699.96,698.75,699.96,9708,0
2016-06-30,20:25:00,699.7925,699.83,699.25,699.83,10030,0
2016-06-30,20:30:00,699.79,699.79,698.89,699.05,8004,0
2016-06-30,20:35:00,699.25,699.88,699.12,699.12,7421,0
2016-06-30,20:40:00,699.05,699.88,698.98,699.735,6086,0
2016-06-30,20:45:00,699.75,700,699.45,699.61,7043,0
2016-06-30,20:50:00,699.676,699.85,699.53,699.85,6312,0
2016-06-30,20:55:00,699.79,700.15,699.6,700.04,13696,0
2016-06-30,21:00:00,699.98,700.74,699.85,700.6,18746,0
2016-06-30,21:05:00,700.71,701.24,700.54,701.1088,22422,0
2016-06-30,21:10:00,701.2,701.38,700.83,701.17,16136,0
2016-06-30,21:15:00,701.11,701.2,700.4701,700.93,12297,0
2016-06-30,21:20:00,700.76,700.91,700.03,700.55,19503,0
2016-06-30,21:25:00,700.485,701.53,700.35,701.48,9644,0
2016-06-30,21:30:00,701.4601,702.4,701.4,701.91,19046,0
2016-06-30,21:35:00,702.06,702.13,701.01,701.4,16941,0
2016-06-30,21:40:00,701.295,701.99,700.8175,701.52,12873,0
2016-06-30,21:45:00,701.59,701.7,700.5201,700.7138,17586,0
2016-06-30,21:50:00,700.61,701.18,700.52,700.535,11397,0
2016-06-30,21:55:00,700.63,702.2599,700.61,702.21,36554,0
2016-06-30,22:00:00,702.23,703.77,701.805,702.67,385820,0
2016-07-01,15:35:00,705.1,705.76,703.73,705.3,56993,0
2016-07-01,15:40:00,705.27,706.99,705.19,706.98,23111,0
2016-07-01,15:45:00,707,708.39,706.66,708.335,31081,0
2016-07-01,15:50:00,708.25,708.56,707.16,707.34,33250,0
2016-07-01,15:55:00,707.33,709.0709,707.33,708.36,17900,0
2016-07-01,16:00:00,708.39,708.99,708.04,708.5,14157,0
2016-07-01,16:05:00,708.55,709.76,708.51,709.5,11022,0
2016-07-01,16:10:00,709.45,710.25,709.3121,709.37,11839,0
2016-07-01,16:15:00,709.37,709.88,708.99,709.27,8388,0
2016-07-01,16:20:00,708.98,710.73,708.9,710.382,21742,0
2016-07-01,16:25:00,710.57,710.72,709.14,709.14,14084,0
2016-07-01,16:30:00,709.12,709.86,708.94,709.73,6357,0
2016-07-01,16:35:00,709.716,710.05,709.46,709.7219,7064,0
2016-07-01,16:40:00,709.83,709.93,709.41,709.91,9555,0
2016-07-01,16:45:00,709.65,710.68,709.56,710.49,10612,0
2016-07-01,16:50:00,710.69,711.06,710.5,710.79,11915,0
2016-07-01,16:55:00,710.85,711.225,710.61,711.225,7685,0
2016-07-01,17:00:00,711.25,711.26,710.92,710.92,6086,0
2016-07-01,17:05:00,710.84,710.98,710.11,710.47,10776,0
2016-07-01,17:10:00,710.51,710.85,710.03,710.03,9737,0
2016-07-01,17:15:00,710.03,710.09,709.38,709.47,8878,0
2016-07-01,17:20:00,709.66,710.06,709.3,709.3,14834,0
2016-07-01,17:25:00,709.57,709.89,709.11,709.43,9736,0
2016-07-01,17:30:00,709.65,709.73,709.07,709.6234,7770,0
2016-07-01,17:35:00,709.56,710.17,709.51,709.795,9737,0
2016-07-01,17:40:00,709.96,710.01,709.5,709.73,18993,0
2016-07-01,17:45:00,709.88,710,709.3,709.98,7203,0
2016-07-01,17:50:00,709.79,710.56,709.74,710.435,12855,0
2016-07-01,17:55:00,710.55,710.61,710.05,710.05,5552,0
2016-07-01,18:00:00,710.23,710.69,709.94,710.26,15238,0
2016-07-01,18:05:00,710.27,710.68,710.15,710.55,7507,0
2016-07-01,18:10:00,710.65,710.88,710.26,710.8,10328,0
2016-07-01,18:15:00,710.68,711.09,710.68,710.9209,8637,0
2016-07-01,18:20:00,711.11,711.7,710.78,711.36,10998,0
2016-07-01,18:25:00,711.32,711.4,710.36,710.36,11321,0
2016-07-01,18:30:00,710.215,710.58,709.89,710.4,6766,0
2016-07-01,18:35:00,710.2,710.91,710.17,710.8,8255,0
2016-07-01,18:40:00,711.13,711.61,711.0812,711.27,7641,0
2016-07-01,18:45:00,711.335,712.05,711.22,711.69,19741,0
2016-07-01,18:50:00,711.69,711.87,711.05,711.7499,13438,0
2016-07-01,18:55:00,711.46,711.745,711.02,711.745,4363,0
2016-07-01,19:00:00,711.72,711.8925,711.5,711.5,6328,0
2016-07-01,19:05:00,711.43,712.14,711.38,711.99,7856,0
2016-07-01,19:10:00,712.1,712.53,712.1,712.4412,8670,0
2016-07-01,19:15:00,712.39,712.52,711.41,711.68,7722,0
2016-07-01,19:20:00,711.9,711.9,711.3,711.31,2059,0
2016-07-01,19:25:00,711.35,711.825,711,711.13,7263,0
2016-07-01,19:30:00,711.1,711.22,709.87,709.87,7137,0
2016-07-01,19:35:00,710.0835,710.79,709.85,710.75,13695,0
2016-07-01,19:40:00,710.747,711.3825,710.57,710.98,10946,0
2016-07-01,19:45:00,711.18,711.79,711.1289,711.5,8542,0
2016-07-01,19:50:00,711.5,711.981,711.5,711.71,5525,0
2016-07-01,19:55:00,711.98,712.03,711.1163,711.1163,7719,0
2016-07-01,20:00:00,711.25,711.25,710.01,710.28,3200,0
2016-07-01,20:05:00,710.32,710.52,709.82,710.16,21991,0
2016-07-01,20:10:00,710.18,710.39,709.78,710.3755,15890,0
2016-07-01,20:15:00,710.16,710.38,709.94,709.99,7022,0
2016-07-01,20:20:00,710.14,710.1885,709.77,710.1885,9681,0
2016-07-01,20:25:00,710.34,710.49,710.2,710.29,3900,0
2016-07-01,20:30:00,710.12,710.615,710,710.535,6450,0
2016-07-01,20:35:00,710.36,710.82,709.8347,709.8347,6833,0
2016-07-01,20:40:00,709.8,710.42,709.8,710.0501,5237,0
2016-07-01,20:45:00,710.06,710.115,709.4001,709.75,4820,0
2016-07-01,20:50:00,709.87,710.35,709.7,710,6219,0
2016-07-01,20:55:00,709.915,710.34,709.85,710.04,7302,0
2016-07-01,21:00:00,709.9485,710.8,709.9485,710.77,5585,0
2016-07-01,21:05:00,710.75,711.55,710.6401,711.06,5388,0
2016-07-01,21:10:00,711.39,712.18,711.29,711.84,6260,0
2016-07-01,21:15:00,711.75,711.93,711.27,711.3,10146,0
2016-07-01,21:20:00,711.45,711.8,711.35,711.51,5770,0
2016-07-01,21:25:00,711.6,711.71,711.09,711.13,6904,0
2016-07-01,21:30:00,711.34,711.85,711.12,711.38,9507,0
2016-07-01,21:35:00,711.51,711.52,710.835,711.13,10872,0
2016-07-01,21:40:00,711.01,711.45,710.19,710.59,9660,0
2016-07-01,21:45:00,710.78,711.1999,710.52,710.7,9416,0
2016-07-01,21:50:00,710.77,711.55,710.71,710.77,14518,0
2016-07-01,21:55:00,710.77,711.24,710.77,710.99,25344,0
2016-07-01,22:00:00,711.04,711.68,710.25,710.25,42852,0
2016-07-05,15:35:00,705.01,708.12,703.8,706.4587,51485,0
2016-07-05,15:40:00,706.29,706.29,705.01,706.2,18295,0
2016-07-05,15:45:00,706.4,706.7,705.8278,706.01,8973,0
2016-07-05,15:50:00,706,706,704.77,704.92,24802,0
2016-07-05,15:55:00,704.74,706.21,704.35,706.08,8610,0
2016-07-05,16:00:00,706.04,706.63,705.51,705.97,17762,0
2016-07-05,16:05:00,705.9501,706.195,705.59,706.01,13016,0
2016-07-05,16:10:00,706.004,706.14,704.45,704.45,18749,0
2016-07-05,16:15:00,704.45,704.72,703.68,704.44,16926,0
2016-07-05,16:20:00,704.705,704.75,704.01,704.18,15696,0
2016-07-05,16:25:00,704.04,706.74,704,706.065,13529,0
2016-07-05,16:30:00,706.315,706.52,704.6901,706,7874,0
2016-07-05,16:35:00,706.31,706.69,705.605,706.11,9831,0
2016-07-05,16:40:00,705.92,706.015,705.17,705.33,5590,0
2016-07-05,16:45:00,705.92,706.9999,705.68,705.8884,7472,0
2016-07-05,16:50:00,705.7,705.79,704.9,704.96,3582,0
2016-07-05,16:55:00,705.25,705.76,704.36,705.41,13270,0
2016-07-05,17:00:00,704.785,705.64,704.715,705.2,5955,0
2016-07-05,17:05:00,704.915,705.13,704.17,704.26,9637,0
2016-07-05,17:10:00,704.29,704.8417,703.77,704.8417,9451,0
2016-07-05,17:15:00,704.88,704.88,703.52,704.025,12327,0
2016-07-05,17:20:00,704.23,706.12,704.23,705.38,10348,0
2016-07-05,17:25:00,705.5455,706.365,705.23,705.8435,7009,0
2016-07-05,17:30:00,705.77,706.13,705.32,705.68,5151,0
2016-07-05,17:35:00,705.265,705.97,704.5911,704.5911,7463,0
2016-07-05,17:40:00,704.61,705.01,704.3,704.63,8961,0
2016-07-05,17:45:00,704.54,704.57,703.985,704.54,5945,0
2016-07-05,17:50:00,704.1461,704.48,703.95,704.35,4206,0
2016-07-05,17:55:00,704.13,704.46,703.6,704.46,13038,0
2016-07-05,18:00:00,704.01,704.515,703.55,704.24,8518,0
2016-07-05,18:05:00,703.82,704.3,703.8,704.005,8811,0
2016-07-05,18:10:00,704.07,704.26,703.5201,704.075,8091,0
2016-07-05,18:15:00,704.36,705.31,703.85,703.98,6613,0
2016-07-05,18:20:00,704.28,704.87,704.23,704.87,4003,0
2016-07-05,18:25:00,704.73,704.91,704.31,704.36,4122,0
2016-07-05,18:30:00,704.47,704.7999,703.92,704.705,8833,0
2016-07-05,18:35:00,704.635,704.635,703.92,704.24,3942,0
2016-07-05,18:40:00,704.15,704.4,703.5,703.95,7600,0
2016-07-05,18:45:00,703.95,704.32,703.23,704.25,13159,0
2016-07-05,18:50:00,704.3,704.58,703.99,703.99,2487,0
2016-07-05,18:55:00,704.03,704.13,703.015,703.68,8357,0
2016-07-05,19:00:00,703.58,704.17,703.24,704.16,2915,0
2016-07-05,19:05:00,704.3,704.3,703.6,703.61,3389,0
2016-07-05,19:10:00,703.43,704.64,703.29,704.4,8102,0
2016-07-05,19:15:00,704.55,704.8299,703.584,703.584,5420,0
2016-07-05,19:20:00,703.45,703.91,702.81,702.905,14115,0
2016-07-05,19:25:00,702.82,703.515,702.65,703,4400,0
2016-07-05,19:30:00,703.01,703.222,702.08,702.14,6185,0
2016-07-05,19:35:00,702.12,702.2,701.67,702,6108,0
2016-07-05,19:40:00,701.93,702.1999,700.64,701,6350,0
2016-07-05,19:45:00,700.69,701.25,700.6,700.63,5158,0
2016-07-05,19:50:00,700.81,700.9298,700.29,700.9298,7323,0
2016-07-05,19:55:00,700.924,701.12,700.3,700.5,10065,0
2016-07-05,20:00:00,700.5,700.7,700.15,700.23,12937,0
2016-07-05,20:05:00,700.13,700.77,700,700.555,12614,0
2016-07-05,20:10:00,700.41,700.96,700.3,700.63,10614,0
2016-07-05,20:15:00,700.59,701.58,700.56,701.35,10413,0
2016-07-05,20:20:00,701.39,701.9,701.39,701.63,4035,0
2016-07-05,20:25:00,701.8342,701.87,701.04,701.235,10342,0
2016-07-05,20:30:00,701.12,701.3,700.13,700.5732,15912,0
2016-07-05,20:35:00,700.39,700.735,700.23,700.735,3685,0
2016-07-05,20:40:00,700.73,700.75,700.25,700.56,9001,0
2016-07-05,20:45:00,700.67,700.67,699.71,700.2575,13456,0
2016-07-05,20:50:00,700.32,700.32,699.27,699.98,6856,0
2016-07-05,20:55:00,699.566,700.52,699.13,700.28,6461,0
2016-07-05,21:00:00,700.45,700.84,700.06,700.5336,3823,0
2016-07-05,21:05:00,700.38,701.64,700.16,701.63,12638,0
2016-07-05,21:10:00,701.71,701.9756,701.09,701.41,9780,0
2016-07-05,21:15:00,701.3301,701.8,701.03,701.07,7453,0
2016-07-05,21:20:00,701.03,701.97,700.95,701.97,4855,0
2016-07-05,21:25:00,701.92,702.174,701.78,702.174,4768,0
2016-07-05,21:30:00,702.21,702.55,701.79,702.25,6323,0
2016-07-05,21:35:00,702.18,703.44,701.78,703.425,7579,0
2016-07-05,21:40:00,703.29,703.555,702.9279,703.03,11935,0
2016-07-05,21:45:00,703.365,704.2825,703.01,704.2825,7673,0
2016-07-05,21:50:00,704.34,704.83,704.13,704.615,10962,0
2016-07-05,21:55:00,704.79,705.29,703.91,703.96,18317,0
2016-07-05,22:00:00,703.96,704.91,703.74,704.89,150616,0
2016-07-06,15:35:00,699.84,701.99,699.49,699.91,36189,0
2016-07-06,15:40:00,699.7072,700.62,699,700.42,11738,0
2016-07-06,15:45:00,700.21,702,700.2,701.32,12391,0
2016-07-06,15:50:00,701.43,703.06,701.37,702.73,12655,0
2016-07-06,15:55:00,702.535,704.58,702.23,703.8,15283,0
2016-07-06,16:00:00,703.9812,705.72,703.9812,704.73,20221,0
2016-07-06,16:05:00,705.7,708.01,705.2,707.6925,24602,0
2016-07-06,16:10:00,707.77,708.44,707.34,707.84,24971,0
2016-07-06,16:15:00,707.79,708.8,707.2,708.6864,13764,0
2016-07-06,16:20:00,708.6439,709.51,706.49,707.25,14933,0
2016-07-06,16:25:00,707.31,707.59,706.6061,706.9,10683,0
2016-07-06,16:30:00,707.01,707.765,705.6895,706.2,10252,0
2016-07-06,16:35:00,705.86,705.97,704.14,704.89,9018,0
2016-07-06,16:40:00,704.73,706.1585,704.435,706.1585,6624,0
2016-07-06,16:45:00,705.6543,706.74,705.6543,706.19,9069,0
2016-07-06,16:50:00,705.77,706.112,705.13,705.995,6583,0
2016-07-06,16:55:00,706,709.855,705.6,709.855,15111,0
2016-07-06,17:00:00,709.778,709.89,708.51,709.51,13510,0
2016-07-06,17:05:00,710,710.65,709.63,710.55,21288,0
2016-07-06,17:10:00,710.58,711.9963,710.58,711.3,16455,0
2016-07-06,17:15:00,711.35,712.305,710.945,711,15408,0
2016-07-06,17:20:00,710.66,712.36,710.65,711.48,16880,0
2016-07-06,17:25:00,711.48,711.73,710.74,711.73,7600,0
2016-07-06,17:30:00,712.01,712.01,710.86,710.95,11342,0
2016-07-06,17:35:00,711.215,711.495,710.14,710.14,16450,0
2016-07-06,17:40:00,710.3,710.58,709.71,710.28,11404,0
2016-07-06,17:45:00,710.08,710.08,709.35,709.74,5130,0
2016-07-06,17:50:00,709.6,709.99,709.23,709.36,8919,0
2016-07-06,17:55:00,709.46,710.28,709.445,709.8799,10111,0
2016-07-06,18:00:00,709.8299,710.2,709.53,710.14,4293,0
2016-07-06,18:05:00,710.07,712.35,710,711.87,16115,0
2016-07-06,18:10:00,712,712.66,711.87,712.46,8877,0
2016-07-06,18:15:00,712.6,712.65,711.89,712.14,10778,0
2016-07-06,18:20:00,712.06,712.48,711.88,712.48,10873,0
2016-07-06,18:25:00,712.3809,712.88,711.75,711.77,6956,0
2016-07-06,18:30:00,711.79,712.17,711.295,711.295,4906,0
2016-07-06,18:35:00,711.81,711.9999,711.03,711.28,4950,0
2016-07-06,18:40:00,711.345,711.68,711.12,711.47,4949,0
2016-07-06,18:45:00,711.53,711.67,711.07,711.515,9126,0
2016-07-06,18:50:00,711.595,711.7,710.5,710.5,5209,0
2016-07-06,18:55:00,710.8582,711.17,710.59,710.98,7391,0
2016-07-06,19:00:00,711.19,712,711.17,711.867,2209,0
2016-07-06,19:05:00,712.19,713,712,712.85,13780,0
2016-07-06,19:10:00,712.54,712.66,711.69,711.91,1980,0
2016-07-06,19:15:00,711.72,711.9544,711.3,711.8369,4533,0
2016-07-06,19:20:00,711.805,712.2699,711.415,711.635,4362,0
2016-07-06,19:25:00,711.7765,711.89,710.78,711.01,3100,0
2016-07-06,19:30:00,711.1694,711.1694,709.94,710.21,11436,0
2016-07-06,19:35:00,709.94,710.36,709.38,709.74,6160,0
2016-07-06,19:40:00,709.65,710,709.4,709.615,4805,0
2016-07-06,19:45:00,709.83,710,709.2017,709.46,4820,0
2016-07-06,19:50:00,709.11,709.34,708.67,708.96,5466,0
2016-07-06,19:55:00,709.21,709.85,709.09,709.14,4615,0
2016-07-06,20:00:00,709.14,709.15,708.31,708.72,3340,0
2016-07-06,20:05:00,708.93,709.07,708.06,708.96,7460,0
2016-07-06,20:10:00,709.19,709.93,708.895,709.6,3762,0
2016-07-06,20:15:00,709.7088,710.5,708.4,708.5,19947,0
2016-07-06,20:20:00,708.36,709,707.51,709,9156,0
2016-07-06,20:25:00,709,709.5,708.57,708.57,3749,0
2016-07-06,20:30:00,708.9,708.9,708.14,708.34,3828,0
2016-07-06,20:35:00,708.1,709,707.91,708.7,4439,0
2016-07-06,20:40:00,708.97,710.29,708.88,710.29,5405,0
2016-07-06,20:45:00,710.19,710.6499,709.7501,710.58,5801,0
2016-07-06,20:50:00,710.58,710.765,709.45,709.64,12978,0
2016-07-06,20:55:00,709.53,710,709.23,709.7,8405,0
2016-07-06,21:00:00,709.63,710,709.05,709.47,4535,0
2016-07-06,21:05:00,709.61,709.8,708.08,708.41,12472,0
2016-07-06,21:10:00,708.6083,709.74,708.33,709.485,7543,0
2016-07-06,21:15:00,709.58,709.635,708.46,708.46,6420,0
2016-07-06,21:20:00,708.42,708.43,707.9094,708,11154,0
2016-07-06,21:25:00,708,708.07,705.74,705.74,17803,0
2016-07-06,21:30:00,706.015,707.29,705.685,707.08,10706,0
2016-07-06,21:35:00,706.96,707.65,706.95,707.65,11722,0
2016-07-06,21:40:00,707.91,709,707.66,708.769,13223,0
2016-07-06,21:45:00,708.73,708.8875,707.8301,708.46,12647,0
2016-07-06,21:50:00,708.35,708.9,708.09,708.59,7769,0
2016-07-06,21:55:00,708.61,709.18,707.8,709.18,18928,0
2016-07-06,22:00:00,709.21,710.45,708.53,708.97,115684,0
2016-07-07,15:35:00,710.11,710.17,706.79,707.8501,40204,0
2016-07-07,15:40:00,708.6163,708.6163,707.54,708.4402,16727,0
2016-07-07,15:45:00,708.16,708.43,707.06,707.425,11719,0
2016-07-07,15:50:00,707.31,707.6117,706.15,706.5875,17795,0
2016-07-07,15:55:00,707.23,707.23,706.11,706.66,9132,0
2016-07-07,16:00:00,706.5,706.84,706.28,706.58,7479,0
2016-07-07,16:05:00,706.39,706.755,705.605,706.04,14268,0
2016-07-07,16:10:00,706.02,706.87,706.02,706.8037,4276,0
2016-07-07,16:15:00,706.61,706.61,705.72,706.205,7802,0
2016-07-07,16:20:00,706.38,706.84,705.8301,705.8301,6695,0
2016-07-07,16:25:00,706.11,706.5199,705.47,706.44,8420,0
2016-07-07,16:30:00,706.47,706.91,705.58,705.8138,11031,0
2016-07-07,16:35:00,705.99,706.39,705.46,705.83,6692,0
2016-07-07,16:40:00,706.05,706.05,705.18,705.85,19774,0
2016-07-07,16:45:00,706,706,704.06,704.42,8015,0
2016-07-07,16:50:00,704.626,704.8313,704.01,704.58,6798,0
2016-07-07,16:55:00,704.85,704.96,703.85,703.95,7436,0
2016-07-07,17:00:00,704.24,704.24,703.13,703.41,10059,0
2016-07-07,17:05:00,703.06,703.78,702.9,703.64,12387,0
2016-07-07,17:10:00,703.4629,704.39,703.4629,704.06,6150,0
2016-07-07,17:15:00,704.34,705.54,704.34,705.3225,7511,0
2016-07-07,17:20:00,705.5,705.83,704.31,704.71,4981,0
2016-07-07,17:25:00,704.66,705.48,704.56,704.6901,4788,0
2016-07-07,17:30:00,704.5104,705.45,704.5104,705.45,2410,0
2016-07-07,17:35:00,705.7,705.7,704.6601,705.57,5300,0
2016-07-07,17:40:00,705.79,706.21,705.15,706.06,12480,0
2016-07-07,17:45:00,705.85,706.1536,705.4255,706.1536,9506,0
2016-07-07,17:50:00,705.7601,706.06,704.83,704.945,3445,0
2016-07-07,17:55:00,705.18,705.18,704.05,704.5701,4114,0
2016-07-07,18:00:00,705.01,705.01,704.59,704.77,3324,0
2016-07-07,18:05:00,704.87,705.49,704.83,705.49,4716,0
2016-07-07,18:10:00,705.63,705.63,704.06,704.63,11103,0
2016-07-07,18:15:00,704.3,705.26,704.24,705.26,1250,0
2016-07-07,18:20:00,705.187,705.187,704.8,704.96,1031,0
2016-07-07,18:25:00,705.22,705.3,704.6,704.84,4322,0
2016-07-07,18:30:00,704.16,704.64,703.73,704.27,3897,0
2016-07-07,18:35:00,704.3,704.3,703.49,703.75,4976,0
2016-07-07,18:40:00,703.58,704.09,703.27,703.81,3300,0
2016-07-07,18:45:00,703.52,703.79,703,703.45,5497,0
2016-07-07,18:50:00,703.08,703.3499,702.1,702.55,8312,0
2016-07-07,18:55:00,702.5,702.5,701.5,701.5,3896,0
2016-07-07,19:00:00,701.65,701.86,701.16,701.36,4608,0
2016-07-07,19:05:00,701.255,701.5914,700.67,701.2726,7170,0
2016-07-07,19:10:00,701.17,702.58,700.89,702.58,4450,0
2016-07-07,19:15:00,702.47,702.86,701.95,702.73,4861,0
2016-07-07,19:20:00,702.8634,703.43,702.86,703.06,2831,0
2016-07-07,19:25:00,703.01,703.07,702.55,702.86,2785,0
2016-07-07,19:30:00,702.9,703.51,702.88,703,5058,0
2016-07-07,19:35:00,703.22,703.75,703.11,703.65,7339,0
2016-07-07,19:40:00,703.71,703.91,703.48,703.585,5692,0
2016-07-07,19:45:00,703.65,703.65,702.38,703.11,5004,0
2016-07-07,19:50:00,702.91,702.9399,702.37,702.73,2132,0
2016-07-07,19:55:00,702.56,703.34,702.37,703.03,4430,0
2016-07-07,20:00:00,703.1325,703.9265,702.945,703.88,4990,0
2016-07-07,20:05:00,703.46,704.6,703.42,704.6,2912,0
2016-07-07,20:10:00,704.64,704.93,703.99,703.99,5722,0
2016-07-07,20:15:00,703.98,703.98,702.81,702.86,2700,0
2016-07-07,20:20:00,702.73,703.0122,702.61,702.62,9022,0
2016-07-07,20:25:00,702.7,703.3841,702.7,703.38,2046,0
2016-07-07,20:30:00,703.5799,704.19,703.5,703.58,3726,0
2016-07-07,20:35:00,703.66,703.9799,702.9,702.955,9866,0
2016-07-07,20:40:00,703.17,704.03,703.17,703.81,4850,0
2016-07-07,20:45:00,703.87,703.87,703.15,703.36,4900,0
2016-07-07,20:50:00,703.36,704.72,703.36,704.65,2856,0
2016-07-07,20:55:00,704.7055,704.7055,703.755,704.11,7262,0
2016-07-07,21:00:00,704.5973,704.5973,703.1801,703.69,6801,0
2016-07-07,21:05:00,704.1,704.18,703.26,704.07,2475,0
2016-07-07,21:10:00,704.08,704.56,703.93,704.56,3128,0
2016-07-07,21:15:00,704.83,705.2,704.41,705.02,4401,0
2016-07-07,21:20:00,705.1662,705.25,704.69,705.1,7154,0
2016-07-07,21:25:00,705.185,705.24,704.79,704.96,4388,0
2016-07-07,21:30:00,704.95,705.14,704.73,705.14,2953,0
2016-07-07,21:35:00,705.14,706.38,705.14,706.33,15904,0
2016-07-07,21:40:00,706.18,706.76,706,706.52,8819,0
2016-07-07,21:45:00,706.71,707.36,706.57,706.65,7097,0
2016-07-07,21:50:00,706.92,707.4,705.87,706.1,8547,0
2016-07-07,21:55:00,706.11,706.85,706.02,706.77,16551,0
2016-07-07,22:00:00,706.67,707.37,706.325,707.26,91125,0
2016-07-08,15:35:00,710.56,710.68,708.11,709.16,33280,0
2016-07-08,15:40:00,709.68,711.98,709.1,711.242,14913,0
2016-07-08,15:45:00,711.5,712.94,711.44,712.565,11555,0
2016-07-08,15:50:00,713,713.18,712.21,712.51,3792,0
2016-07-08,15:55:00,712.67,713.46,711.25,711.47,22443,0
2016-07-08,16:00:00,711.36,711.9,710.26,711.0138,17548,0
2016-07-08,16:05:00,711.12,711.99,710.35,711.86,18483,0
2016-07-08,16:10:00,712.19,712.8689,711.55,712.19,14056,0
2016-07-08,16:15:00,712.2,712.81,711.86,712.81,7055,0
2016-07-08,16:20:00,712.65,712.65,711.39,712.18,10135,0
2016-07-08,16:25:00,712.2,712.5,711.57,711.73,12929,0
2016-07-08,16:30:00,711.5,712.01,711.27,711.32,4600,0
2016-07-08,16:35:00,711.95,712.27,711.32,711.55,6785,0
2016-07-08,16:40:00,711.74,712.38,711.53,712.11,10825,0
2016-07-08,16:45:00,712.0054,712.92,711.9,712.64,17887,0
2016-07-08,16:50:00,712.67,712.88,712.292,712.31,4655,0
2016-07-08,16:55:00,712.44,712.92,712.3292,712.92,3423,0
2016-07-08,17:00:00,712.95,713.7856,712.85,713.53,14531,0
2016-07-08,17:05:00,713.76,714.14,713.07,713.9,25982,0
2016-07-08,17:10:00,713.78,714.11,713.52,713.86,7318,0
2016-07-08,17:15:00,713.91,714.24,713.56,713.76,12013,0
2016-07-08,17:20:00,713.67,713.89,712.941,713.89,9730,0
2016-07-08,17:25:00,713.805,714.155,713,713.61,16116,0
2016-07-08,17:30:00,713.48,714.13,713.41,713.485,13146,0
2016-07-08,17:35:00,713.6,713.74,713.19,713.3174,12878,0
2016-07-08,17:40:00,713.48,713.81,713.2465,713.765,7400,0
2016-07-08,17:45:00,713.77,714.27,713.77,714,10657,0
2016-07-08,17:50:00,714.06,714.82,714.02,714.58,10350,0
2016-07-08,17:55:00,714.77,714.77,714.09,714.63,13712,0
2016-07-08,18:00:00,714.74,714.85,714.14,714.19,11807,0
2016-07-08,18:05:00,714.17,714.59,714,714.59,3450,0
2016-07-08,18:10:00,714.64,715,714.4649,714.55,15421,0
2016-07-08,18:15:00,714.57,714.82,714.41,714.57,6100,0
2016-07-08,18:20:00,714.84,714.84,714.03,714.71,4819,0
2016-07-08,18:25:00,714.7301,714.84,714.01,714.35,8645,0
2016-07-08,18:30:00,714.46,714.46,713.5,713.53,10117,0
2016-07-08,18:35:00,713.77,713.84,713.15,713.46,8393,0
2016-07-08,18:40:00,713.4601,713.93,713.41,713.82,3996,0
2016-07-08,18:45:00,713.42,714.63,713.42,714.22,5005,0
2016-07-08,18:50:00,714.37,714.625,714.17,714.295,3200,0
2016-07-08,18:55:00,714.2,714.93,714.12,714.56,8527,0
2016-07-08,19:00:00,714.7576,714.79,714.16,714.43,3436,0
2016-07-08,19:05:00,714.54,715.42,714.5,714.93,9641,0
2016-07-08,19:10:00,714.94,715.56,714.935,715.56,8189,0
2016-07-08,19:15:00,715.26,715.57,714.88,715.27,3300,0
2016-07-08,19:20:00,715.13,715.35,714.51,715.08,4798,0
2016-07-08,19:25:00,715.07,715.38,714.78,714.865,7102,0
2016-07-08,19:30:00,714.92,715.2,714.575,715.07,8443,0
2016-07-08,19:35:00,715.22,715.31,714.835,715.31,6351,0
2016-07-08,19:40:00,715.205,715.37,714.76,714.93,4700,0
2016-07-08,19:45:00,714.88,715.24,714.82,714.85,3471,0
2016-07-08,19:50:00,714.82,715.5,714.8,715.33,5990,0
2016-07-08,19:55:00,715.3358,715.3358,714.84,715.14,4337,0
2016-07-08,20:00:00,715.28,715.96,714.9806,715.96,5445,0
2016-07-08,20:05:00,715.77,715.77,715.34,715.75,5422,0
2016-07-08,20:10:00,715.653,715.73,715.39,715.69,6887,0
2016-07-08,20:15:00,715.45,715.9545,715.425,715.785,4700,0
2016-07-08,20:20:00,715.6705,716.35,715.6705,716.25,12187,0
2016-07-08,20:25:00,716.42,716.74,716.3,716.55,7112,0
2016-07-08,20:30:00,716.355,716.59,716.2,716.2,7233,0
2016-07-08,20:35:00,716.4,716.93,716.325,716.74,8293,0
2016-07-08,20:40:00,716.7,716.93,716.51,716.75,6888,0
2016-07-08,20:45:00,716.76,716.86,716.48,716.64,9897,0
2016-07-08,20:50:00,716.7,716.7,716.14,716.445,6248,0
2016-07-08,20:55:00,716.51,716.99,716.3701,716.99,10364,0
2016-07-08,21:00:00,716.93,716.93,716.41,716.69,6493,0
2016-07-08,21:05:00,716.47,716.77,715.8,716.3961,9937,0
2016-07-08,21:10:00,716.51,716.6366,716.2072,716.42,9017,0
2016-07-08,21:15:00,716.54,717,716.28,717,11370,0
2016-07-08,21:20:00,716.99,717.15,716.5285,716.86,16731,0
2016-07-08,21:25:00,716.6401,717.51,716.6401,717.225,14678,0
2016-07-08,21:30:00,717.195,717.45,716.668,716.79,11945,0
2016-07-08,21:35:00,716.7714,717.23,716.63,717.03,11550,0
2016-07-08,21:40:00,717.02,717.2,716.57,717.17,14565,0
2016-07-08,21:45:00,717.035,717.45,716.75,717.08,17083,0
2016-07-08,21:50:00,717.125,717.63,716.82,717.37,19731,0
2016-07-08,21:55:00,717.56,717.71,717.23,717.54,29721,0
2016-07-08,22:00:00,717.625,717.9,717.07,717.78,145568,0
