Date,Time,Open,High,Low,Close,Volume,OpenInt
2016-06-17,15:35:00,23.65,23.65,23.45,23.45,23582,0
2016-06-17,15:45:00,23.6,23.6,23.558,23.6,1100,0
2016-06-17,15:50:00,23.622,23.622,23.55,23.55,500,0
2016-06-17,15:55:00,23.505,23.505,23.49,23.49,300,0
2016-06-17,16:00:00,23.49,23.505,23.38,23.38,3340,0
2016-06-17,16:05:00,23.325,23.325,23.28,23.28,200,0
2016-06-17,16:10:00,23.36,23.37,23.36,23.37,200,0
2016-06-17,16:15:00,23.35,23.5,23.35,23.5,300,0
2016-06-17,16:25:00,23.38,23.39,23.35,23.35,1100,0
2016-06-17,16:30:00,23.29,23.29,23.29,23.29,200,0
2016-06-17,16:35:00,23.31,23.36,23.31,23.36,300,0
2016-06-17,16:40:00,23.43,23.43,23.43,23.43,100,0
2016-06-17,16:45:00,23.34,23.37,23.34,23.37,400,0
2016-06-17,17:00:00,23.36,23.42,23.33,23.33,1100,0
2016-06-17,17:05:00,23.37,23.37,23.37,23.37,100,0
2016-06-17,17:10:00,23.32,23.35,23.32,23.35,300,0
2016-06-17,17:15:00,23.29,23.3,23.29,23.3,1200,0
2016-06-17,17:20:00,23.31,23.32,23.285,23.32,300,0
2016-06-17,17:25:00,23.29,23.35,23.29,23.35,200,0
2016-06-17,17:30:00,23.29,23.31,23.26,23.26,1233,0
2016-06-17,17:35:00,23.25,23.27,23.22,23.27,1400,0
2016-06-17,17:40:00,23.3,23.3,23.28,23.28,300,0
2016-06-17,17:45:00,23.23,23.23,23.23,23.23,300,0
2016-06-17,17:55:00,23.31,23.31,23.31,23.31,200,0
2016-06-17,18:05:00,23.3,23.3,23.2,23.2,800,0
2016-06-17,18:10:00,23.22,23.22,23.22,23.22,200,0
2016-06-17,18:15:00,23.215,23.26,23.215,23.245,700,0
2016-06-17,18:25:00,23.17,23.17,23.17,23.17,560,0
2016-06-17,18:30:00,23.2,23.21,23.15,23.16,2029,0
2016-06-17,18:35:00,23.155,23.19,23.13,23.13,700,0
2016-06-17,18:40:00,23.13,23.18,23.13,23.18,200,0
2016-06-17,18:45:00,23.145,23.18,23.145,23.18,300,0
2016-06-17,18:50:00,23.18,23.18,23.1,23.1,600,0
2016-06-17,18:55:00,23.12,23.14,23.12,23.14,500,0
2016-06-17,19:10:00,23.168,23.19,23.14,23.19,800,0
2016-06-17,19:15:00,23.185,23.2,23.185,23.2,400,0
2016-06-17,19:30:00,23.25,23.265,23.25,23.265,300,0
2016-06-17,19:35:00,23.23,23.23,23.23,23.23,100,0
2016-06-17,19:40:00,23.22,23.24,23.2,23.21,1600,0
2016-06-17,19:45:00,23.23,23.26,23.23,23.26,400,0
2016-06-17,19:50:00,23.2959,23.2959,23.2959,23.2959,500,0
2016-06-17,19:55:00,23.25,23.265,23.25,23.265,400,0
2016-06-17,20:00:00,23.24,23.24,23.21,23.225,600,0
2016-06-17,20:05:00,23.21,23.215,23.2,23.21,800,0
2016-06-17,20:15:00,23.21,23.22,23.21,23.22,200,0
2016-06-17,20:25:00,23.24,23.24,23.24,23.24,100,0
2016-06-17,20:30:00,23.2233,23.29,23.2233,23.27,600,0
2016-06-17,20:35:00,23.25,23.25,23.25,23.25,100,0
2016-06-17,20:40:00,23.24,23.24,23.24,23.24,100,0
2016-06-17,20:45:00,23.26,23.28,23.26,23.28,200,0
2016-06-17,20:50:00,23.3113,23.49,23.3113,23.39,10800,0
2016-06-17,21:00:00,23.38,23.38,23.38,23.38,300,0
2016-06-17,21:05:00,23.325,23.325,23.29,23.29,300,0
2016-06-17,21:10:00,23.29,23.29,23.28,23.29,500,0
2016-06-17,21:15:00,23.31,23.31,23.29,23.29,400,0
2016-06-17,21:20:00,23.32,23.32,23.32,23.32,100,0
2016-06-17,21:25:00,23.27,23.27,23.27,23.27,100,0
2016-06-17,21:30:00,23.26,23.26,23.26,23.26,100,0
2016-06-17,21:35:00,23.2401,23.25,23.24,23.25,800,0
2016-06-17,21:40:00,23.2283,23.25,23.2283,23.23,449,0
2016-06-17,21:45:00,23.22,23.22,23.21,23.21,300,0
2016-06-17,21:50:00,23.2301,23.27,23.23,23.26,2302,0
2016-06-17,21:55:00,23.25,23.2718,23.22,23.25,4681,0
2016-06-17,22:00:00,23.23,23.23,23.17,23.17,17401,0
2016-06-20,15:35:00,23.67,24.235,23.3,23.62,5050,0
2016-06-20,15:40:00,23.63,23.75,23.63,23.75,200,0
2016-06-20,15:45:00,23.95,24,23.91,24,400,0
2016-06-20,15:50:00,23.98,23.98,23.91,23.925,400,0
2016-06-20,15:55:00,23.86,23.86,23.86,23.86,100,0
2016-06-20,16:10:00,23.77,23.78,23.735,23.735,500,0
2016-06-20,16:20:00,23.745,23.78,23.7401,23.7401,600,0
2016-06-20,16:25:00,23.745,23.81,23.73,23.8,1700,0
2016-06-20,16:30:00,23.83,23.85,23.795,23.82,2700,0
2016-06-20,16:35:00,23.85,23.855,23.85,23.855,200,0
2016-06-20,16:40:00,23.85,23.86,23.83,23.84,1500,0
2016-06-20,16:45:00,23.86,23.92,23.86,23.91,800,0
2016-06-20,16:50:00,23.93,23.98,23.93,23.98,1097,0
2016-06-20,17:00:00,24.01,24.03,23.99,24.01,3000,0
2016-06-20,17:05:00,24,24.01,24,24,300,0
2016-06-20,17:10:00,23.981,23.981,23.981,23.981,500,0
2016-06-20,17:15:00,24,24,24,24,100,0
2016-06-20,17:20:00,23.97,23.99,23.97,23.99,700,0
2016-06-20,17:25:00,23.99,24,23.98,24,700,0
2016-06-20,17:30:00,24.01,24.01,24.01,24.01,100,0
2016-06-20,17:35:00,23.99,24,23.99,24,200,0
2016-06-20,17:40:00,23.99,24.04,23.99,24,1200,0
2016-06-20,17:50:00,24,24.01,23.95,24,1800,0
2016-06-20,17:55:00,24,24,23.95,23.9999,900,0
2016-06-20,18:00:00,24.04,24.045,23.99,23.99,2400,0
2016-06-20,18:05:00,23.97,23.985,23.97,23.985,200,0
2016-06-20,18:15:00,24,24,23.97,23.97,400,0
2016-06-20,18:20:00,24.01,24.01,24.01,24.01,100,0
2016-06-20,18:25:00,24,24,23.99,23.99,1100,0
2016-06-20,18:30:00,24,24,23.99,23.99,600,0
2016-06-20,18:35:00,23.99,24.025,23.98,23.98,3000,0
2016-06-20,18:40:00,23.97,24,23.97,23.9905,467,0
2016-06-20,18:50:00,23.97,23.97,23.94,23.95,1433,0
2016-06-20,18:55:00,23.92,23.92,23.92,23.92,100,0
2016-06-20,19:00:00,23.92,23.95,23.92,23.95,900,0
2016-06-20,19:05:00,23.92,23.95,23.92,23.95,437,0
2016-06-20,19:15:00,23.95,23.95,23.95,23.95,700,0
2016-06-20,19:20:00,23.95,23.95,23.92,23.9298,1200,0
2016-06-20,19:25:00,23.94,23.9611,23.94,23.96,1000,0
2016-06-20,19:30:00,23.93,23.95,23.93,23.94,500,0
2016-06-20,19:35:00,23.955,23.955,23.91,23.91,438,0
2016-06-20,19:55:00,23.89,23.895,23.85,23.87,900,0
2016-06-20,20:00:00,23.9,23.9,23.9,23.9,200,0
2016-06-20,20:05:00,23.89,23.89,23.89,23.89,100,0
2016-06-20,20:10:00,23.89,23.9,23.89,23.9,300,0
2016-06-20,20:15:00,23.88,23.9,23.88,23.88,1000,0
2016-06-20,20:20:00,23.89,23.9,23.8564,23.88,2555,0
2016-06-20,20:30:00,23.91,23.91,23.91,23.91,100,0
2016-06-20,20:35:00,23.86,23.873,23.86,23.87,826,0
2016-06-20,20:40:00,23.8887,23.8887,23.855,23.855,2070,0
2016-06-20,20:45:00,23.8625,23.865,23.85,23.85,1100,0
2016-06-20,20:55:00,23.86,23.86,23.86,23.86,100,0
2016-06-20,21:00:00,23.9,23.9099,23.89,23.9099,550,0
2016-06-20,21:05:00,23.9,23.9,23.89,23.89,1400,0
2016-06-20,21:10:00,23.89,23.9,23.88,23.8838,909,0
2016-06-20,21:15:00,23.9,23.9,23.87,23.87,500,0
2016-06-20,21:20:00,23.87,23.89,23.87,23.88,1000,0
2016-06-20,21:25:00,23.8725,23.88,23.87,23.87,300,0
2016-06-20,21:30:00,23.875,23.89,23.85,23.85,1100,0
2016-06-20,21:35:00,23.79,23.79,23.79,23.79,100,0
2016-06-20,21:40:00,23.75,23.75,23.69,23.69,400,0
2016-06-20,21:45:00,23.73,23.8,23.705,23.73,1423,0
2016-06-20,21:50:00,23.78,23.81,23.76,23.81,1200,0
2016-06-20,21:55:00,23.8,23.81,23.77,23.795,1561,0
2016-06-20,22:00:00,23.79,23.83,23.72,23.74,9528,0
2016-06-21,15:35:00,23.74,24.38,23.74,23.945,2020,0
2016-06-21,15:50:00,23.74,23.74,23.7,23.71,1200,0
2016-06-21,15:55:00,23.645,23.81,23.62,23.62,1300,0
2016-06-21,16:00:00,23.66,23.78,23.64,23.64,800,0
2016-06-21,16:05:00,23.63,23.81,23.63,23.81,200,0
2016-06-21,16:10:00,23.74,23.74,23.62,23.62,400,0
2016-06-21,16:20:00,23.7784,23.82,23.74,23.74,446,0
2016-06-21,16:25:00,23.74,23.79,23.65,23.65,1500,0
2016-06-21,16:40:00,23.65,23.665,23.6,23.6,800,0
2016-06-21,16:45:00,23.64,23.64,23.54,23.54,600,0
2016-06-21,16:50:00,23.5,23.545,23.49,23.545,400,0
2016-06-21,17:00:00,23.48,23.48,23.48,23.48,300,0
2016-06-21,17:10:00,23.5,23.51,23.5,23.51,300,0
2016-06-21,17:15:00,23.43,23.43,23.43,23.43,100,0
2016-06-21,17:20:00,23.48,23.49,23.48,23.49,500,0
2016-06-21,17:25:00,23.49,23.49,23.46,23.46,400,0
2016-06-21,17:30:00,23.43,23.43,23.43,23.43,100,0
2016-06-21,17:35:00,23.45,23.45,23.4,23.4,600,0
2016-06-21,17:40:00,23.4,23.42,23.38,23.38,300,0
2016-06-21,17:45:00,23.4399,23.4399,23.415,23.415,527,0
2016-06-21,17:50:00,23.42,23.42,23.33,23.33,600,0
2016-06-21,18:00:00,23.35,23.37,23.35,23.35,300,0
2016-06-21,18:05:00,23.355,23.43,23.35,23.37,2000,0
2016-06-21,18:10:00,23.38,23.38,23.32,23.35,500,0
2016-06-21,18:15:00,23.33,23.33,23.305,23.33,300,0
2016-06-21,18:20:00,23.27,23.325,23.27,23.325,400,0
2016-06-21,18:25:00,23.33,23.355,23.33,23.355,5400,0
2016-06-21,18:30:00,23.36,23.38,23.32,23.38,1300,0
2016-06-21,18:35:00,23.39,23.4,23.38,23.4,4800,0
2016-06-21,18:40:00,23.4,23.53,23.39,23.48,3181,0
2016-06-21,18:45:00,23.48,23.48,23.445,23.445,400,0
2016-06-21,19:00:00,23.44,23.5,23.44,23.48,900,0
2016-06-21,19:15:00,23.46,23.46,23.46,23.46,300,0
2016-06-21,19:25:00,23.46,23.46,23.435,23.435,600,0
2016-06-21,19:30:00,23.39,23.39,23.39,23.39,100,0
2016-06-21,19:40:00,23.395,23.4,23.39,23.4,600,0
2016-06-21,19:45:00,23.42,23.42,23.42,23.42,100,0
2016-06-21,19:50:00,23.4,23.4,23.4,23.4,100,0
2016-06-21,20:00:00,23.45,23.45,23.45,23.45,100,0
2016-06-21,20:10:00,23.42,23.47,23.42,23.47,900,0
2016-06-21,20:25:00,23.46,23.46,23.46,23.46,200,0
2016-06-21,20:30:00,23.46,23.5,23.46,23.46,300,0
2016-06-21,20:40:00,23.54,23.61,23.54,23.59,700,0
2016-06-21,20:45:00,23.58,23.58,23.58,23.58,100,0
2016-06-21,20:50:00,23.53,23.53,23.53,23.53,290,0
2016-06-21,21:00:00,23.52,23.52,23.52,23.52,100,0
2016-06-21,21:05:00,23.54,23.545,23.51,23.51,700,0
2016-06-21,21:20:00,23.52,23.54,23.52,23.54,400,0
2016-06-21,21:25:00,23.54,23.54,23.53,23.53,500,0
2016-06-21,21:30:00,23.54,23.54,23.505,23.52,400,0
2016-06-21,21:35:00,23.5,23.5,23.5,23.5,500,0
2016-06-21,21:40:00,23.5,23.5,23.5,23.5,300,0
2016-06-21,21:45:00,23.4735,23.49,23.39,23.39,1939,0
2016-06-21,21:50:00,23.415,23.43,23.38,23.405,1202,0
2016-06-21,21:55:00,23.45,23.4856,23.44,23.45,1627,0
2016-06-21,22:00:00,23.46,23.48,23.44,23.44,3130,0
2016-06-22,15:35:00,23.47,24.34,23.47,23.695,1537,0
2016-06-22,15:45:00,23.625,23.625,23.32,23.33,1252,0
2016-06-22,15:55:00,23.3,23.3,23.3,23.3,100,0
2016-06-22,16:00:00,23.33,23.33,23.27,23.27,1535,0
2016-06-22,16:05:00,23.28,23.3025,23.28,23.29,400,0
2016-06-22,16:10:00,23.29,23.29,23.26,23.26,800,0
2016-06-22,16:15:00,23.26,23.34,23.26,23.34,300,0
2016-06-22,16:20:00,23.36,23.36,23.31,23.31,200,0
2016-06-22,16:25:00,23.34,23.3848,23.34,23.3848,1900,0
2016-06-22,16:30:00,23.38,23.39,23.3,23.35,900,0
2016-06-22,16:35:00,23.325,23.325,23.25,23.25,500,0
2016-06-22,16:40:00,23.265,23.28,23.265,23.28,200,0
2016-06-22,16:45:00,23.31,23.33,23.31,23.33,200,0
2016-06-22,16:50:00,23.33,23.35,23.33,23.35,1100,0
2016-06-22,16:55:00,23.37,23.5,23.37,23.48,1300,0
2016-06-22,17:00:00,23.49,23.49,23.47,23.47,700,0
2016-06-22,17:05:00,23.47,23.47,23.46,23.46,1000,0
2016-06-22,17:10:00,23.45,23.48,23.44,23.44,1300,0
2016-06-22,17:15:00,23.4401,23.48,23.4401,23.48,962,0
2016-06-22,17:20:00,23.48,23.5,23.48,23.5,400,0
2016-06-22,17:25:00,23.5,23.57,23.5,23.51,1500,0
2016-06-22,17:30:00,23.49,23.51,23.49,23.51,400,0
2016-06-22,17:35:00,23.49,23.49,23.44,23.45,1100,0
2016-06-22,17:40:00,23.47,23.56,23.46,23.49,1100,0
2016-06-22,17:45:00,23.49,23.49,23.45,23.45,200,0
2016-06-22,17:55:00,23.43,23.43,23.43,23.43,100,0
2016-06-22,18:00:00,23.46,23.49,23.44,23.49,800,0
2016-06-22,18:10:00,23.49,23.49,23.37,23.44,900,0
2016-06-22,18:15:00,23.39,23.39,23.39,23.39,100,0
2016-06-22,18:20:00,23.39,23.43,23.35,23.43,800,0
2016-06-22,18:25:00,23.42,23.42,23.35,23.35,600,0
2016-06-22,18:30:00,23.38,23.38,23.38,23.38,100,0
2016-06-22,18:35:00,23.35,23.36,23.35,23.35,300,0
2016-06-22,18:40:00,23.36,23.36,23.36,23.36,200,0
2016-06-22,18:45:00,23.34,23.34,23.32,23.34,700,0
2016-06-22,18:50:00,23.3,23.3,23.3,23.3,300,0
2016-06-22,19:00:00,23.2975,23.34,23.2975,23.34,400,0
2016-06-22,19:10:00,23.34,23.34,23.31,23.31,800,0
2016-06-22,19:15:00,23.31,23.31,23.28,23.3,600,0
2016-06-22,19:20:00,23.28,23.28,23.23,23.23,735,0
2016-06-22,19:30:00,23.25,23.25,23.25,23.25,100,0
2016-06-22,19:35:00,23.22,23.25,23.22,23.23,529,0
2016-06-22,19:40:00,23.23,23.24,23.23,23.24,500,0
2016-06-22,19:45:00,23.21,23.21,23.21,23.21,200,0
2016-06-22,20:00:00,23.24,23.24,23.23,23.23,600,0
2016-06-22,20:05:00,23.22,23.23,23.18,23.23,1399,0
2016-06-22,20:10:00,23.23,23.235,23.225,23.235,300,0
2016-06-22,20:20:00,23.235,23.2599,23.235,23.24,448,0
2016-06-22,20:25:00,23.22,23.22,23.16,23.16,800,0
2016-06-22,20:30:00,23.16,23.16,23.15,23.15,500,0
2016-06-22,20:35:00,23.15,23.19,23.15,23.16,1400,0
2016-06-22,20:40:00,23.16,23.21,23.16,23.2,2000,0
2016-06-22,20:45:00,23.2,23.2,23.2,23.2,600,0
2016-06-22,20:50:00,23.21,23.21,23.175,23.175,800,0
2016-06-22,20:55:00,23.21,23.21,23.21,23.21,100,0
2016-06-22,21:00:00,23.21,23.21,23.21,23.21,100,0
2016-06-22,21:05:00,23.23,23.24,23.23,23.2302,811,0
2016-06-22,21:10:00,23.236,23.236,23.22,23.22,800,0
2016-06-22,21:20:00,23.2,23.21,23.18,23.21,600,0
2016-06-22,21:25:00,23.21,23.21,23.2,23.2,700,0
2016-06-22,21:30:00,23.21,23.2357,23.21,23.22,1300,0
2016-06-22,21:35:00,23.2,23.2,23.2,23.2,100,0
2016-06-22,21:40:00,23.18,23.22,23.15,23.22,800,0
2016-06-22,21:45:00,23.2,23.24,23.2,23.23,500,0
2016-06-22,21:55:00,23.17,23.17,23.14,23.14,1333,0
2016-06-22,22:00:00,23.17,23.19,23.1,23.1,11310,0
2016-06-23,15:35:00,23.24,23.24,23.24,23.24,463,0
2016-06-23,15:45:00,23.38,23.38,23.38,23.38,100,0
2016-06-23,15:50:00,23.5,23.5,23.48,23.48,300,0
2016-06-23,15:55:00,23.33,23.33,23.33,23.33,100,0
2016-06-23,16:00:00,23.33,23.33,23.33,23.33,100,0
2016-06-23,16:05:00,23.33,23.38,23.21,23.23,1450,0
2016-06-23,16:10:00,23.32,23.32,23.32,23.32,100,0
2016-06-23,16:20:00,23.32,23.32,23.32,23.32,100,0
2016-06-23,16:25:00,23.25,23.2625,23.22,23.22,600,0
2016-06-23,16:30:00,23.22,23.3,23.22,23.3,400,0
2016-06-23,16:35:00,23.24,23.26,23.21,23.26,700,0
2016-06-23,16:40:00,23.21,23.33,23.17,23.21,4700,0
2016-06-23,16:45:00,23.27,23.29,23.17,23.21,2100,0
2016-06-23,16:50:00,23.21,23.255,23.105,23.16,5400,0
2016-06-23,16:55:00,23.235,23.245,23.17,23.22,800,0
2016-06-23,17:00:00,23.21,23.21,23.21,23.21,100,0
2016-06-23,17:05:00,23.25,23.29,23.16,23.16,800,0
2016-06-23,17:10:00,23.18,23.18,23.18,23.18,200,0
2016-06-23,17:15:00,23.16,23.16,23.16,23.16,100,0
2016-06-23,17:20:00,23.18,23.18,23.18,23.18,500,0
2016-06-23,17:25:00,23.205,23.22,23.19,23.19,500,0
2016-06-23,17:30:00,23.18,23.21,23.18,23.21,200,0
2016-06-23,17:35:00,23.23,23.23,23.18,23.18,500,0
2016-06-23,17:40:00,23.17,23.17,23.17,23.17,100,0
2016-06-23,17:45:00,23.215,23.215,23.215,23.215,250,0
2016-06-23,17:50:00,23.16,23.2,23.15,23.185,500,0
2016-06-23,17:55:00,23.18,23.24,23.17,23.17,1200,0
2016-06-23,18:00:00,23.17,23.17,23.17,23.17,200,0
2016-06-23,18:05:00,23.17,23.17,23.17,23.17,200,0
2016-06-23,18:10:00,23.195,23.22,23.18,23.18,1600,0
2016-06-23,18:15:00,23.15,23.15,23.15,23.15,100,0
2016-06-23,18:20:00,23.1515,23.1515,23.1515,23.1515,200,0
2016-06-23,18:25:00,23.1868,23.19,23.1868,23.19,300,0
2016-06-23,18:30:00,23.2063,23.2063,23.2063,23.2063,215,0
2016-06-23,18:35:00,23.22,23.22,23.22,23.22,100,0
2016-06-23,18:45:00,23.18,23.18,23.18,23.18,100,0
2016-06-23,18:50:00,23.22,23.24,23.22,23.24,500,0
2016-06-23,18:55:00,23.18,23.18,23.18,23.18,100,0
2016-06-23,19:05:00,23.16,23.16,23.16,23.16,100,0
2016-06-23,19:10:00,23.2,23.2,23.2,23.2,300,0
2016-06-23,19:25:00,23.2,23.2,23.2,23.2,300,0
2016-06-23,19:30:00,23.23,23.23,23.18,23.18,300,0
2016-06-23,19:40:00,23.17,23.18,23.13,23.15,1300,0
2016-06-23,19:50:00,23.12,23.13,23.07,23.07,1800,0
2016-06-23,19:55:00,23.13,23.13,23.07,23.07,300,0
2016-06-23,20:00:00,23.08,23.08,23.07,23.07,500,0
2016-06-23,20:05:00,23.1,23.1,23.1,23.1,100,0
2016-06-23,20:10:00,23.13,23.13,23.1011,23.1011,300,0
2016-06-23,20:15:00,23.11,23.15,23.11,23.15,1400,0
2016-06-23,20:25:00,23.13,23.17,23.13,23.17,300,0
2016-06-23,20:30:00,23.2,23.2,23.2,23.2,300,0
2016-06-23,20:35:00,23.1961,23.21,23.1961,23.21,1047,0
2016-06-23,20:40:00,23.22,23.22,23.22,23.22,100,0
2016-06-23,20:45:00,23.19,23.19,23.19,23.19,100,0
2016-06-23,20:50:00,23.205,23.22,23.205,23.22,1032,0
2016-06-23,20:55:00,23.23,23.23,23.2,23.2,1909,0
2016-06-23,21:00:00,23.21,23.21,23.17,23.17,342,0
2016-06-23,21:05:00,23.21,23.21,23.195,23.195,400,0
2016-06-23,21:10:00,23.2,23.2,23.2,23.2,100,0
2016-06-23,21:15:00,23.22,23.22,23.22,23.22,100,0
2016-06-23,21:25:00,23.2053,23.22,23.2053,23.22,1100,0
2016-06-23,21:30:00,23.21,23.21,23.21,23.21,600,0
2016-06-23,21:35:00,23.205,23.21,23.2,23.2,800,0
2016-06-23,21:40:00,23.19,23.205,23.19,23.205,1100,0
2016-06-23,21:45:00,23.23,23.23,23.23,23.23,300,0
2016-06-23,21:50:00,23.25,23.25,23.22,23.24,1100,0
2016-06-23,21:55:00,23.21,23.21,23.195,23.1992,2500,0
2016-06-23,22:00:00,23.19,23.2,23.18,23.2,4980,0
2016-06-24,15:35:00,23,23.01,22.93,22.93,7142,0
2016-06-24,15:40:00,23,23,22.72,22.72,9423,0
2016-06-24,15:45:00,22.6927,22.6927,22.66,22.66,1079,0
2016-06-24,15:50:00,22.7499,22.8,22.686,22.686,3223,0
2016-06-24,15:55:00,22.73,22.8,22.73,22.76,900,0
2016-06-24,16:05:00,22.905,22.905,22.8,22.8,2100,0
2016-06-24,16:10:00,22.78,22.87,22.77,22.83,1800,0
2016-06-24,16:15:00,22.78,22.78,22.78,22.78,100,0
2016-06-24,16:20:00,22.795,22.8,22.76,22.76,3100,0
2016-06-24,16:25:00,22.76,22.76,22.7,22.73,1900,0
2016-06-24,16:30:00,22.82,22.82,22.7501,22.7501,250,0
2016-06-24,16:35:00,22.758,22.84,22.73,22.745,2650,0
2016-06-24,16:40:00,22.77,22.77,22.77,22.77,200,0
2016-06-24,16:55:00,22.83,22.87,22.83,22.87,700,0
2016-06-24,17:05:00,22.82,22.82,22.82,22.82,200,0
2016-06-24,17:10:00,22.82,22.89,22.82,22.89,778,0
2016-06-24,17:15:00,22.8959,22.95,22.8959,22.92,1625,0
2016-06-24,17:20:00,22.94,22.97,22.8883,22.97,900,0
2016-06-24,17:25:00,22.92,22.92,22.87,22.87,200,0
2016-06-24,17:30:00,22.93,22.93,22.9,22.93,500,0
2016-06-24,17:35:00,22.89,22.89,22.87,22.88,500,0
2016-06-24,17:40:00,22.87,22.87,22.82,22.82,2200,0
2016-06-24,17:45:00,22.81,22.81,22.8,22.8,200,0
2016-06-24,17:50:00,22.86,22.8814,22.83,22.865,900,0
2016-06-24,18:00:00,22.85,22.89,22.82,22.88,1200,0
2016-06-24,18:10:00,22.78,22.78,22.78,22.78,100,0
2016-06-24,18:15:00,22.75,22.79,22.71,22.71,300,0
2016-06-24,18:25:00,22.69,22.77,22.69,22.75,2121,0
2016-06-24,18:35:00,22.73,22.73,22.73,22.73,100,0
2016-06-24,18:40:00,22.76,22.76,22.73,22.73,200,0
2016-06-24,18:45:00,22.71,22.71,22.69,22.69,500,0
2016-06-24,18:50:00,22.69,22.72,22.69,22.69,600,0
2016-06-24,18:55:00,22.69,22.7,22.69,22.7,500,0
2016-06-24,19:00:00,22.69,22.7,22.69,22.69,600,0
2016-06-24,19:05:00,22.69,22.69,22.69,22.69,100,0
2016-06-24,19:10:00,22.69,22.69,22.6506,22.6506,535,0
2016-06-24,19:15:00,22.7,22.7,22.7,22.7,100,0
2016-06-24,19:25:00,22.7,22.7,22.7,22.7,400,0
2016-06-24,19:35:00,22.66,22.71,22.66,22.71,500,0
2016-06-24,19:40:00,22.68,22.68,22.68,22.68,700,0
2016-06-24,19:45:00,22.65,22.69,22.61,22.61,2150,0
2016-06-24,19:50:00,22.6,22.6,22.6,22.6,500,0
2016-06-24,19:55:00,22.6,22.61,22.6,22.6,1200,0
2016-06-24,20:00:00,22.5896,22.61,22.5896,22.61,475,0
2016-06-24,20:05:00,22.66,22.66,22.6301,22.65,1464,0
2016-06-24,20:10:00,22.65,22.65,22.59,22.605,1400,0
2016-06-24,20:15:00,22.6,22.6,22.6,22.6,1000,0
2016-06-24,20:20:00,22.6,22.615,22.59,22.5999,1200,0
2016-06-24,20:25:00,22.5999,22.5999,22.56,22.56,2200,0
2016-06-24,20:30:00,22.51,22.52,22.42,22.48,20093,0
2016-06-24,20:35:00,22.47,22.47,22.47,22.47,1400,0
2016-06-24,20:40:00,22.42,22.54,22.42,22.5,2100,0
2016-06-24,20:45:00,22.46,22.5,22.46,22.5,300,0
2016-06-24,20:50:00,22.47,22.5,22.45,22.5,5340,0
2016-06-24,20:55:00,22.5,22.5,22.5,22.5,1100,0
2016-06-24,21:00:00,22.51,22.51,22.48,22.48,2600,0
2016-06-24,21:05:00,22.5,22.52,22.5,22.52,300,0
2016-06-24,21:10:00,22.5,22.5,22.5,22.5,100,0
2016-06-24,21:15:00,22.5,22.5,22.47,22.48,400,0
2016-06-24,21:20:00,22.49,22.49,22.47,22.48,400,0
2016-06-24,21:25:00,22.445,22.445,22.445,22.445,100,0
2016-06-24,21:30:00,22.47,22.47,22.42,22.42,644,0
2016-06-24,21:35:00,22.47,22.47,22.47,22.47,300,0
2016-06-24,21:40:00,22.5,22.52,22.44,22.44,4163,0
2016-06-24,21:45:00,22.45,22.5,22.45,22.49,2000,0
2016-06-24,21:50:00,22.5,22.5,22.4801,22.5,2555,0
2016-06-24,21:55:00,22.53,22.54,22.49,22.5,15650,0
2016-06-24,22:00:00,22.49,22.52,22.45,22.52,6036,0
2016-06-27,15:35:00,22.36,22.85,22.36,22.85,2446,0
2016-06-27,15:40:00,22.181,22.34,22.12,22.12,924,0
2016-06-27,15:45:00,22.08,22.08,22.05,22.05,2012,0
2016-06-27,15:50:00,22.0399,22.09,22.01,22.09,400,0
2016-06-27,16:00:00,21.94,21.94,21.86,21.88,1133,0
2016-06-27,16:05:00,21.81,22.08,21.81,22.03,2403,0
2016-06-27,16:10:00,21.94,21.98,21.94,21.98,300,0
2016-06-27,16:15:00,21.9425,22,21.9425,22,1500,0
2016-06-27,16:20:00,22.01,22.01,21.97,21.97,500,0
2016-06-27,16:25:00,21.93,21.97,21.88,21.95,3300,0
2016-06-27,16:30:00,21.9,21.9,21.9,21.9,100,0
2016-06-27,16:40:00,21.84,21.84,21.84,21.84,200,0
2016-06-27,16:50:00,21.8,21.8,21.75,21.75,702,0
2016-06-27,16:55:00,21.71,21.71,21.71,21.71,200,0
2016-06-27,17:00:00,21.62,21.66,21.4,21.545,2400,0
2016-06-27,17:05:00,21.6,21.71,21.6,21.65,1200,0
2016-06-27,17:10:00,21.65,21.71,21.65,21.67,800,0
2016-06-27,17:15:00,21.71,21.71,21.71,21.71,100,0
2016-06-27,17:20:00,21.55,21.55,21.55,21.55,200,0
2016-06-27,17:25:00,21.525,21.53,21.47,21.53,1900,0
2016-06-27,17:30:00,21.55,21.675,21.5375,21.675,1100,0
2016-06-27,17:35:00,21.68,21.68,21.68,21.68,100,0
2016-06-27,17:40:00,21.665,21.67,21.64,21.67,500,0
2016-06-27,17:50:00,21.65,21.685,21.65,21.675,800,0
2016-06-27,17:55:00,21.725,21.7475,21.7,21.7,900,0
2016-06-27,18:00:00,21.7075,21.7075,21.7,21.7,200,0
2016-06-27,18:10:00,21.67,21.67,21.67,21.67,100,0
2016-06-27,18:20:00,21.65,21.74,21.65,21.695,1700,0
2016-06-27,18:30:00,21.7,21.8,21.7,21.775,1600,0
2016-06-27,18:35:00,21.73,21.75,21.72,21.75,1000,0
2016-06-27,18:40:00,21.675,21.675,21.62,21.62,200,0
2016-06-27,18:45:00,21.62,21.62,21.62,21.62,200,0
2016-06-27,18:50:00,21.62,21.62,21.62,21.62,600,0
2016-06-27,18:55:00,21.63,21.685,21.63,21.65,1500,0
2016-06-27,19:00:00,21.67,21.765,21.67,21.72,3100,0
2016-06-27,19:10:00,21.67,21.7,21.64,21.675,1100,0
2016-06-27,19:15:00,21.65,21.65,21.64,21.64,200,0
2016-06-27,19:20:00,21.64,21.685,21.64,21.64,500,0
2016-06-27,19:25:00,21.63,21.675,21.63,21.655,900,0
2016-06-27,19:30:00,21.63,21.65,21.57,21.64,879,0
2016-06-27,19:35:00,21.58,21.6,21.52,21.52,400,0
2016-06-27,19:40:00,21.58,21.58,21.5,21.5,400,0
2016-06-27,19:45:00,21.47,21.49,21.45,21.49,600,0
2016-06-27,19:50:00,21.49,21.58,21.49,21.58,1700,0
2016-06-27,19:55:00,21.53,21.55,21.4801,21.55,600,0
2016-06-27,20:00:00,21.53,21.59,21.53,21.555,300,0
2016-06-27,20:10:00,21.57,21.62,21.57,21.62,700,0
2016-06-27,20:15:00,21.59,21.66,21.59,21.65,700,0
2016-06-27,20:20:00,21.6,21.64,21.58,21.64,1975,0
2016-06-27,20:25:00,21.62,21.62,21.62,21.62,100,0
2016-06-27,20:30:00,21.62,21.62,21.6,21.6,945,0
2016-06-27,20:35:00,21.59,21.6,21.58,21.6,400,0
2016-06-27,20:40:00,21.59,21.6,21.59,21.6,862,0
2016-06-27,20:45:00,21.58,21.58,21.51,21.53,2857,0
2016-06-27,20:50:00,21.53,21.53,21.48,21.48,200,0
2016-06-27,20:55:00,21.47,21.47,21.36,21.36,700,0
2016-06-27,21:00:00,21.33,21.33,21.29,21.29,1200,0
2016-06-27,21:05:00,21.36,21.37,21.34,21.34,600,0
2016-06-27,21:15:00,21.4,21.45,21.4,21.45,800,0
2016-06-27,21:25:00,21.42,21.44,21.39,21.39,900,0
2016-06-27,21:30:00,21.39,21.41,21.39,21.41,1678,0
2016-06-27,21:35:00,21.41,21.41,21.41,21.41,300,0
2016-06-27,21:40:00,21.425,21.455,21.41,21.455,3500,0
2016-06-27,21:45:00,21.43,21.43,21.37,21.4,800,0
2016-06-27,21:50:00,21.41,21.46,21.41,21.45,1124,0
2016-06-27,21:55:00,21.42,21.43,21.31,21.35,9840,0
2016-06-27,22:00:00,21.33,21.35,21.29,21.32,30673,0
2016-06-28,15:35:00,21.62,23.14,21.5,21.56,2573,0
2016-06-28,15:45:00,21.61,21.61,21.61,21.61,100,0
2016-06-28,15:50:00,21.696,21.84,21.64,21.64,3500,0
2016-06-28,15:55:00,21.64,21.72,21.62,21.63,2400,0
2016-06-28,16:00:00,21.675,21.675,21.675,21.675,100,0
2016-06-28,16:05:00,21.7799,21.7799,21.77,21.77,300,0
2016-06-28,16:10:00,21.77,21.8,21.64,21.64,2827,0
2016-06-28,16:25:00,21.64,21.64,21.64,21.64,200,0
2016-06-28,16:30:00,21.61,21.61,21.61,21.61,100,0
2016-06-28,16:35:00,21.6363,21.6363,21.6363,21.6363,1000,0
2016-06-28,16:40:00,21.67,21.67,21.57,21.57,600,0
2016-06-28,16:45:00,21.55,21.55,21.51,21.54,1900,0
2016-06-28,16:50:00,21.5899,21.5899,21.54,21.54,1100,0
2016-06-28,16:55:00,21.56,21.58,21.56,21.58,500,0
2016-06-28,17:00:00,21.56,21.57,21.56,21.57,400,0
2016-06-28,17:05:00,21.57,21.58,21.53,21.55,700,0
2016-06-28,17:10:00,21.52,21.52,21.52,21.52,100,0
2016-06-28,17:15:00,21.5899,21.5899,21.51,21.51,750,0
2016-06-28,17:20:00,21.51,21.51,21.51,21.51,300,0
2016-06-28,17:25:00,21.5,21.5,21.45,21.45,700,0
2016-06-28,17:30:00,21.44,21.44,21.44,21.44,100,0
2016-06-28,17:45:00,21.42,21.42,21.41,21.41,400,0
2016-06-28,17:55:00,21.47,21.47,21.39,21.435,3200,0
2016-06-28,18:00:00,21.44,21.47,21.4,21.4,1700,0
2016-06-28,18:10:00,21.41,21.41,21.41,21.41,100,0
2016-06-28,18:15:00,21.36,21.43,21.36,21.43,200,0
2016-06-28,18:20:00,21.37,21.385,21.34,21.34,700,0
2016-06-28,18:25:00,21.34,21.36,21.33,21.33,1100,0
2016-06-28,18:30:00,21.33,21.345,21.32,21.34,800,0
2016-06-28,18:35:00,21.41,21.44,21.4,21.44,800,0
2016-06-28,18:40:00,21.43,21.445,21.345,21.36,2068,0
2016-06-28,18:45:00,21.38,21.38,21.355,21.355,300,0
2016-06-28,18:50:00,21.4,21.4,21.4,21.4,100,0
2016-06-28,18:55:00,21.38,21.38,21.38,21.38,200,0
2016-06-28,19:00:00,21.425,21.44,21.38,21.38,2000,0
2016-06-28,19:10:00,21.39,21.39,21.39,21.39,100,0
2016-06-28,19:15:00,21.41,21.41,21.39,21.39,400,0
2016-06-28,19:20:00,21.41,21.425,21.33,21.375,1900,0
2016-06-28,19:25:00,21.335,21.35,21.31,21.32,1100,0
2016-06-28,19:30:00,21.32,21.4,21.3,21.36,1700,0
2016-06-28,19:35:00,21.35,21.38,21.35,21.38,500,0
2016-06-28,19:40:00,21.4,21.42,21.4,21.41,600,0
2016-06-28,19:45:00,21.42,21.48,21.41,21.45,1900,0
2016-06-28,19:50:00,21.45,21.465,21.424,21.424,800,0
2016-06-28,19:55:00,21.46,21.49,21.436,21.49,1400,0
2016-06-28,20:05:00,21.53,21.53,21.476,21.52,1460,0
2016-06-28,20:10:00,21.46,21.52,21.46,21.48,700,0
2016-06-28,20:25:00,21.52,21.57,21.49,21.55,1700,0
2016-06-28,20:40:00,21.6,21.6,21.56,21.56,600,0
2016-06-28,20:45:00,21.526,21.526,21.52,21.52,200,0
2016-06-28,20:50:00,21.53,21.53,21.487,21.52,1700,0
2016-06-28,20:55:00,21.54,21.57,21.53,21.57,700,0
2016-06-28,21:00:00,21.58,21.58,21.555,21.555,731,0
2016-06-28,21:10:00,21.5,21.55,21.476,21.55,1900,0
2016-06-28,21:15:00,21.574,21.574,21.574,21.574,100,0
2016-06-28,21:20:00,21.57,21.57,21.57,21.57,400,0
2016-06-28,21:25:00,21.5,21.5,21.41,21.46,1100,0
2016-06-28,21:30:00,21.4699,21.47,21.4,21.47,2253,0
2016-06-28,21:35:00,21.45,21.475,21.42,21.43,1686,0
2016-06-28,21:40:00,21.42,21.49,21.414,21.48,2439,0
2016-06-28,21:45:00,21.45,21.46,21.39,21.39,1600,0
2016-06-28,21:50:00,21.4,21.4,21.38,21.38,1100,0
2016-06-28,21:55:00,21.39,21.44,21.35,21.393,3110,0
2016-06-28,22:00:00,21.39,21.4193,21.29,21.33,11646,0
2016-06-29,15:35:00,21.61,21.97,21.61,21.97,608,0
2016-06-29,15:40:00,21.85,21.85,21.85,21.85,200,0
2016-06-29,15:45:00,21.56,21.56,21.56,21.56,300,0
2016-06-29,15:50:00,21.6,21.695,21.6,21.68,1100,0
2016-06-29,15:55:00,21.68,21.68,21.68,21.68,200,0
2016-06-29,16:00:00,21.65,21.65,21.6,21.64,800,0
2016-06-29,16:05:00,21.6885,21.6885,21.6885,21.6885,475,0
2016-06-29,16:10:00,21.61,21.62,21.61,21.61,400,0
2016-06-29,16:15:00,21.57,21.57,21.57,21.57,100,0
2016-06-29,16:20:00,21.57,21.61,21.55,21.55,1231,0
2016-06-29,16:25:00,21.575,21.63,21.5501,21.58,1200,0
2016-06-29,16:30:00,21.5301,21.5301,21.5301,21.5301,200,0
2016-06-29,16:35:00,21.53,21.58,21.53,21.58,895,0
2016-06-29,16:40:00,21.54,21.55,21.47,21.47,400,0
2016-06-29,16:45:00,21.47,21.47,21.44,21.44,200,0
2016-06-29,16:55:00,21.44,21.44,21.36,21.3601,2000,0
2016-06-29,17:00:00,21.39,21.39,21.36,21.36,400,0
2016-06-29,17:05:00,21.37,21.43,21.36,21.43,1700,0
2016-06-29,17:10:00,21.43,21.43,21.43,21.43,200,0
2016-06-29,17:15:00,21.41,21.4199,21.35,21.4199,1040,0
2016-06-29,17:20:00,21.3401,21.3401,21.34,21.34,200,0
2016-06-29,17:25:00,21.41,21.41,21.41,21.41,100,0
2016-06-29,17:30:00,21.4,21.4,21.36,21.36,200,0
2016-06-29,17:35:00,21.4,21.4,21.4,21.4,400,0
2016-06-29,17:40:00,21.46,21.5,21.46,21.5,500,0
2016-06-29,17:45:00,21.5,21.52,21.46,21.46,2300,0
2016-06-29,17:50:00,21.46,21.46,21.3701,21.3701,300,0
2016-06-29,17:55:00,21.36,21.3801,21.36,21.38,300,0
2016-06-29,18:05:00,21.4,21.4,21.3801,21.3801,400,0
2016-06-29,18:10:00,21.405,21.405,21.39,21.39,300,0
2016-06-29,18:15:00,21.41,21.41,21.41,21.41,100,0
2016-06-29,18:20:00,21.4,21.4,21.4,21.4,100,0
2016-06-29,18:25:00,21.3801,21.4114,21.3801,21.405,670,0
2016-06-29,18:30:00,21.411,21.411,21.3801,21.3801,215,0
2016-06-29,18:35:00,21.38,21.38,21.35,21.3501,400,0
2016-06-29,18:40:00,21.3644,21.4,21.3501,21.3501,1611,0
2016-06-29,18:45:00,21.35,21.35,21.3401,21.3401,300,0
2016-06-29,18:50:00,21.37,21.37,21.3301,21.3301,600,0
2016-06-29,19:00:00,21.37,21.37,21.3401,21.3401,300,0
2016-06-29,19:05:00,21.355,21.37,21.32,21.3201,600,0
2016-06-29,19:10:00,21.34,21.34,21.34,21.34,100,0
2016-06-29,19:15:00,21.335,21.35,21.3,21.3,1500,0
2016-06-29,19:25:00,21.34,21.34,21.3,21.31,2300,0
2016-06-29,19:30:00,21.31,21.31,21.31,21.31,400,0
2016-06-29,19:35:00,21.305,21.31,21.3,21.3,1000,0
2016-06-29,19:40:00,21.3,21.3,21.29,21.29,2200,0
2016-06-29,19:45:00,21.29,21.29,21.29,21.29,100,0
2016-06-29,19:50:00,21.29,21.3278,21.29,21.3278,950,0
2016-06-29,19:55:00,21.33,21.33,21.3183,21.33,400,0
2016-06-29,20:00:00,21.33,21.35,21.33,21.34,800,0
2016-06-29,20:05:00,21.37,21.37,21.37,21.37,100,0
2016-06-29,20:10:00,21.37,21.4,21.37,21.4,1000,0
2016-06-29,20:15:00,21.32,21.32,21.32,21.32,100,0
2016-06-29,20:25:00,21.38,21.38,21.3301,21.3301,300,0
2016-06-29,20:30:00,21.33,21.33,21.33,21.33,100,0
2016-06-29,20:35:00,21.36,21.38,21.3501,21.38,400,0
2016-06-29,20:40:00,21.38,21.43,21.38,21.43,1500,0
2016-06-29,20:45:00,21.43,21.46,21.43,21.46,600,0
2016-06-29,20:50:00,21.47,21.48,21.47,21.47,700,0
2016-06-29,20:55:00,21.46,21.46,21.44,21.44,1300,0
2016-06-29,21:00:00,21.45,21.465,21.45,21.465,1000,0
2016-06-29,21:05:00,21.48,21.48,21.48,21.48,100,0
2016-06-29,21:10:00,21.48,21.48,21.45,21.47,1024,0
2016-06-29,21:15:00,21.48,21.48,21.45,21.46,600,0
2016-06-29,21:20:00,21.455,21.47,21.455,21.47,400,0
2016-06-29,21:25:00,21.47,21.47,21.47,21.47,100,0
2016-06-29,21:30:00,21.46,21.46,21.44,21.44,200,0
2016-06-29,21:35:00,21.42,21.45,21.4,21.42,2058,0
2016-06-29,21:40:00,21.4,21.45,21.4,21.44,1600,0
2016-06-29,21:45:00,21.43,21.43,21.36,21.36,1500,0
2016-06-29,21:50:00,21.35,21.3501,21.34,21.35,1700,0
2016-06-29,21:55:00,21.34,21.35,21.25,21.28,2500,0
2016-06-29,22:00:00,21.29,21.31,21.28,21.29,8505,0
2016-06-30,15:35:00,21.48,21.48,21.48,21.48,608,0
2016-06-30,15:40:00,21.37,21.5,21.37,21.41,400,0
2016-06-30,15:45:00,21.4,21.4,21.29,21.29,800,0
2016-06-30,15:50:00,21.27,21.37,21.27,21.37,500,0
2016-06-30,16:00:00,21.34,21.34,21.34,21.34,300,0
2016-06-30,16:05:00,21.31,21.36,21.31,21.36,750,0
2016-06-30,16:10:00,21.37,21.37,21.27,21.32,700,0
2016-06-30,16:20:00,21.26,21.26,21.26,21.26,100,0
2016-06-30,16:30:00,21.27,21.27,21.2,21.2,600,0
2016-06-30,16:40:00,21.23,21.23,21.23,21.23,200,0
2016-06-30,16:45:00,21.25,21.25,21.25,21.25,100,0
2016-06-30,17:10:00,21.23,21.25,21.23,21.23,500,0
2016-06-30,17:15:00,21.2,21.23,21.2,21.23,1000,0
2016-06-30,17:20:00,21.19,21.19,21.12,21.12,1922,0
2016-06-30,17:25:00,21.12,21.12,21.12,21.12,200,0
2016-06-30,17:30:00,21.14,21.14,21.14,21.14,100,0
2016-06-30,17:35:00,21.15,21.16,21.15,21.16,3000,0
2016-06-30,17:40:00,21.1201,21.1201,21.1201,21.1201,100,0
2016-06-30,17:45:00,21.15,21.16,21.15,21.15,500,0
2016-06-30,17:55:00,21.15,21.15,21.12,21.12,500,0
2016-06-30,18:05:00,21.13,21.14,21.12,21.12,2400,0
2016-06-30,18:10:00,21.12,21.13,21.12,21.12,1380,0
2016-06-30,18:15:00,21.13,21.14,21.13,21.14,300,0
2016-06-30,18:20:00,21.225,21.26,21.225,21.24,400,0
2016-06-30,18:25:00,21.26,21.335,21.26,21.335,400,0
2016-06-30,18:30:00,21.38,21.38,21.365,21.365,1000,0
2016-06-30,18:35:00,21.4,21.4,21.4,21.4,100,0
2016-06-30,18:40:00,21.44,21.44,21.44,21.44,100,0
2016-06-30,18:45:00,21.42,21.45,21.39,21.39,500,0
2016-06-30,18:50:00,21.4,21.4,21.4,21.4,100,0
2016-06-30,18:55:00,21.41,21.44,21.41,21.425,800,0
2016-06-30,19:05:00,21.42,21.42,21.415,21.415,200,0
2016-06-30,19:10:00,21.4,21.4,21.35,21.38,1500,0
2016-06-30,19:25:00,21.39,21.39,21.39,21.39,100,0
2016-06-30,19:30:00,21.37,21.37,21.306,21.306,1300,0
2016-06-30,19:40:00,21.3,21.32,21.3,21.32,700,0
2016-06-30,19:45:00,21.33,21.33,21.33,21.33,100,0
2016-06-30,19:55:00,21.28,21.28,21.28,21.28,100,0
2016-06-30,20:00:00,21.31,21.32,21.3,21.32,800,0
2016-06-30,20:10:00,21.32,21.34,21.32,21.34,500,0
2016-06-30,20:15:00,21.34,21.34,21.34,21.34,200,0
2016-06-30,20:20:00,21.34,21.34,21.33,21.33,200,0
2016-06-30,20:25:00,21.34,21.385,21.34,21.36,800,0
2016-06-30,20:30:00,21.35,21.35,21.34,21.34,500,0
2016-06-30,20:35:00,21.33,21.33,21.33,21.33,100,0
2016-06-30,20:45:00,21.325,21.38,21.325,21.38,1056,0
2016-06-30,20:50:00,21.39,21.39,21.38,21.38,700,0
2016-06-30,20:55:00,21.4,21.42,21.4,21.42,1200,0
2016-06-30,21:00:00,21.42,21.42,21.41,21.41,1380,0
2016-06-30,21:05:00,21.4,21.4,21.4,21.4,1168,0
2016-06-30,21:10:00,21.41,21.41,21.41,21.41,300,0
2016-06-30,21:15:00,21.4,21.4,21.395,21.395,300,0
2016-06-30,21:20:00,21.43,21.43,21.37,21.38,700,0
2016-06-30,21:25:00,21.38,21.38,21.35,21.37,500,0
2016-06-30,21:30:00,21.38,21.45,21.38,21.4499,1700,0
2016-06-30,21:35:00,21.44,21.445,21.44,21.44,600,0
2016-06-30,21:40:00,21.44,21.45,21.43,21.44,800,0
2016-06-30,21:45:00,21.45,21.47,21.44,21.44,900,0
2016-06-30,21:50:00,21.43,21.44,21.42,21.42,900,0
2016-06-30,21:55:00,21.42,21.45,21.42,21.44,1100,0
2016-06-30,22:00:00,21.45,21.5,21.43,21.49,22722,0
2016-07-01,15:35:00,21.55,21.74,21.55,21.62,508,0
2016-07-01,15:40:00,21.6,21.738,21.6,21.738,348,0
2016-07-01,15:45:00,21.75,21.75,21.75,21.75,100,0
2016-07-01,15:50:00,21.88,21.9,21.85,21.85,500,0
2016-07-01,15:55:00,21.83,21.83,21.81,21.81,400,0
2016-07-01,16:00:00,21.71,21.75,21.71,21.75,300,0
2016-07-01,16:05:00,21.7416,21.82,21.7416,21.79,514,0
2016-07-01,16:10:00,21.7,21.775,21.6648,21.6648,869,0
2016-07-01,16:15:00,21.65,21.65,21.65,21.65,100,0
2016-07-01,16:20:00,21.66,21.66,21.66,21.66,300,0
2016-07-01,16:25:00,21.6,21.67,21.6,21.67,200,0
2016-07-01,16:35:00,21.64,21.64,21.64,21.64,100,0
2016-07-01,16:40:00,21.65,21.66,21.6,21.6,700,0
2016-07-01,16:45:00,21.61,21.67,21.5201,21.5201,1600,0
2016-07-01,16:55:00,21.58,21.59,21.57,21.59,400,0
2016-07-01,17:00:00,21.67,21.67,21.65,21.65,300,0
2016-07-01,17:05:00,21.6707,21.6707,21.65,21.65,350,0
2016-07-01,17:15:00,21.65,21.65,21.65,21.65,100,0
2016-07-01,17:20:00,21.64,21.65,21.64,21.65,300,0
2016-07-01,17:35:00,21.66,21.66,21.65,21.65,200,0
2016-07-01,17:40:00,21.64,21.65,21.64,21.65,300,0
2016-07-01,17:45:00,21.6444,21.67,21.6444,21.67,1100,0
2016-07-01,17:50:00,21.65,21.65,21.65,21.65,100,0
2016-07-01,17:55:00,21.6415,21.6415,21.6415,21.6415,500,0
2016-07-01,18:00:00,21.64,21.65,21.62,21.65,1000,0
2016-07-01,18:10:00,21.63,21.63,21.63,21.63,100,0
2016-07-01,18:15:00,21.65,21.65,21.65,21.65,400,0
2016-07-01,18:20:00,21.65,21.65,21.65,21.65,200,0
2016-07-01,18:25:00,21.65,21.65,21.63,21.63,800,0
2016-07-01,18:40:00,21.61,21.61,21.6,21.6,800,0
2016-07-01,18:45:00,21.6,21.61,21.6,21.61,700,0
2016-07-01,18:50:00,21.62,21.62,21.61,21.61,500,0
2016-07-01,18:55:00,21.6,21.62,21.6,21.62,1210,0
2016-07-01,19:00:00,21.63,21.63,21.63,21.63,100,0
2016-07-01,19:05:00,21.65,21.72,21.65,21.72,500,0
2016-07-01,19:10:00,21.65,21.71,21.65,21.66,300,0
2016-07-01,19:15:00,21.72,21.72,21.66,21.66,400,0
2016-07-01,19:25:00,21.65,21.67,21.65,21.67,400,0
2016-07-01,19:30:00,21.67,21.67,21.64,21.64,1300,0
2016-07-01,19:35:00,21.62,21.64,21.62,21.64,200,0
2016-07-01,19:40:00,21.64,21.64,21.64,21.64,200,0
2016-07-01,19:45:00,21.65,21.6618,21.64,21.64,650,0
2016-07-01,19:50:00,21.63,21.68,21.6,21.61,1200,0
2016-07-01,19:55:00,21.67,21.67,21.65,21.65,200,0
2016-07-01,20:05:00,21.65,21.65,21.61,21.61,300,0
2016-07-01,20:15:00,21.62,21.65,21.62,21.62,300,0
2016-07-01,20:20:00,21.62,21.62,21.6,21.6,900,0
2016-07-01,20:35:00,21.6,21.6,21.6,21.6,290,0
2016-07-01,20:50:00,21.58,21.58,21.58,21.58,200,0
2016-07-01,20:55:00,21.58,21.58,21.58,21.58,100,0
2016-07-01,21:05:00,21.58,21.65,21.58,21.65,600,0
2016-07-01,21:10:00,21.65,21.67,21.65,21.65,500,0
2016-07-01,21:15:00,21.67,21.67,21.65,21.66,373,0
2016-07-01,21:25:00,21.7,21.7,21.7,21.7,200,0
2016-07-01,21:35:00,21.67,21.72,21.66,21.72,500,0
2016-07-01,21:40:00,21.68,21.68,21.65,21.68,300,0
2016-07-01,21:45:00,21.6338,21.7,21.6338,21.7,2547,0
2016-07-01,21:50:00,21.7,21.7,21.66,21.67,700,0
2016-07-01,21:55:00,21.69,21.69,21.69,21.69,100,0
2016-07-01,22:00:00,21.67,21.68,21.63,21.63,4144,0
2016-07-05,15:35:00,21.64,21.86,21.35,21.86,1002,0
2016-07-05,15:40:00,21.62,21.62,21.62,21.62,100,0
2016-07-05,15:45:00,21.53,21.6299,21.53,21.55,1200,0
2016-07-05,15:50:00,21.42,21.47,21.42,21.47,900,0
2016-07-05,16:00:00,21.61,21.63,21.61,21.63,200,0
2016-07-05,16:10:00,21.49,21.49,21.49,21.49,100,0
2016-07-05,16:15:00,21.47,21.47,21.47,21.47,200,0
2016-07-05,16:20:00,21.45,21.45,21.4001,21.41,400,0
2016-07-05,16:25:00,21.39,21.3937,21.39,21.3937,850,0
2016-07-05,16:30:00,21.37,21.37,21.33,21.33,200,0
2016-07-05,16:35:00,21.4,21.436,21.381,21.436,2000,0
2016-07-05,16:40:00,21.45,21.5,21.45,21.5,300,0
2016-07-05,16:45:00,21.5367,21.5367,21.5367,21.5367,500,0
2016-07-05,16:50:00,21.51,21.51,21.51,21.51,200,0
2016-07-05,16:55:00,21.46,21.46,21.43,21.43,300,0
2016-07-05,17:00:00,21.37,21.37,21.37,21.37,100,0
2016-07-05,17:05:00,21.36,21.39,21.36,21.36,800,0
2016-07-05,17:10:00,21.34,21.34,21.34,21.34,100,0
2016-07-05,17:15:00,21.3301,21.35,21.32,21.32,700,0
2016-07-05,17:20:00,21.3099,21.35,21.3,21.35,1103,0
2016-07-05,17:35:00,21.33,21.33,21.25,21.27,1500,0
2016-07-05,17:45:00,21.2416,21.2416,21.22,21.22,250,0
2016-07-05,17:50:00,21.22,21.245,21.2,21.2,700,0
2016-07-05,18:05:00,21.2001,21.2001,21.2001,21.2001,100,0
2016-07-05,18:10:00,21.2,21.2,21.2,21.2,100,0
2016-07-05,18:15:00,21.19,21.2,21.18,21.19,700,0
2016-07-05,18:20:00,21.1628,21.18,21.1628,21.18,200,0
2016-07-05,18:25:00,21.16,21.2,21.16,21.2,600,0
2016-07-05,18:30:00,21.22,21.24,21.199,21.24,5700,0
2016-07-05,18:35:00,21.2258,21.2258,21.2258,21.2258,200,0
2016-07-05,18:40:00,21.24,21.26,21.23,21.26,700,0
2016-07-05,18:45:00,21.3,21.3,21.3,21.3,100,0
2016-07-05,18:55:00,21.26,21.26,21.22,21.26,500,0
2016-07-05,19:00:00,21.1901,21.1901,21.1901,21.1901,100,0
2016-07-05,19:05:00,21.19,21.22,21.19,21.22,400,0
2016-07-05,19:10:00,21.27,21.29,21.27,21.29,300,0
2016-07-05,19:20:00,21.26,21.26,21.25,21.25,200,0
2016-07-05,19:25:00,21.27,21.27,21.27,21.27,100,0
2016-07-05,19:30:00,21.2301,21.2301,21.2301,21.2301,100,0
2016-07-05,19:35:00,21.2301,21.2301,21.2301,21.2301,100,0
2016-07-05,19:50:00,21.21,21.21,21.21,21.21,100,0
2016-07-05,19:55:00,21.25,21.25,21.25,21.25,400,0
2016-07-05,20:00:00,21.22,21.25,21.22,21.25,200,0
2016-07-05,20:05:00,21.28,21.28,21.28,21.28,700,0
2016-07-05,20:15:00,21.32,21.3211,21.32,21.3211,400,0
2016-07-05,20:20:00,21.33,21.33,21.33,21.33,100,0
2016-07-05,20:25:00,21.34,21.34,21.34,21.34,400,0
2016-07-05,20:30:00,21.34,21.34,21.29,21.31,600,0
2016-07-05,20:40:00,21.32,21.34,21.2906,21.2906,1075,0
2016-07-05,20:50:00,21.34,21.34,21.34,21.34,100,0
2016-07-05,20:55:00,21.2914,21.2914,21.2914,21.2914,300,0
2016-07-05,21:00:00,21.25,21.32,21.25,21.32,900,0
2016-07-05,21:10:00,21.34,21.34,21.2915,21.3,1300,0
2016-07-05,21:15:00,21.305,21.305,21.305,21.305,100,0
2016-07-05,21:20:00,21.32,21.32,21.2801,21.2801,300,0
2016-07-05,21:25:00,21.31,21.36,21.31,21.36,400,0
2016-07-05,21:30:00,21.36,21.36,21.32,21.32,505,0
2016-07-05,21:35:00,21.32,21.34,21.26,21.34,2200,0
2016-07-05,21:40:00,21.34,21.36,21.34,21.36,300,0
2016-07-05,21:45:00,21.4,21.4,21.3,21.37,1500,0
2016-07-05,21:50:00,21.35,21.35,21.32,21.335,400,0
2016-07-05,21:55:00,21.32,21.34,21.285,21.29,1600,0
2016-07-05,22:00:00,21.285,21.29,21.26,21.26,1300,0
2016-07-06,15:35:00,21.14,21.42,21.14,21.42,259,0
2016-07-06,15:40:00,21.46,21.655,21.46,21.655,500,0
2016-07-06,15:45:00,21.2601,21.4899,21.2601,21.4899,425,0
2016-07-06,15:55:00,21.35,21.35,21.35,21.35,100,0
2016-07-06,16:00:00,21.46,21.46,21.46,21.46,100,0
2016-07-06,16:05:00,21.58,21.655,21.57,21.57,600,0
2016-07-06,16:10:00,21.63,21.63,21.63,21.63,130,0
2016-07-06,16:15:00,21.63,21.63,21.63,21.63,200,0
2016-07-06,16:20:00,21.6,21.61,21.59,21.59,699,0
2016-07-06,16:30:00,21.57,21.57,21.56,21.56,300,0
2016-07-06,16:35:00,21.52,21.52,21.52,21.52,100,0
2016-07-06,16:40:00,21.52,21.55,21.51,21.55,500,0
2016-07-06,16:55:00,21.55,21.56,21.55,21.56,300,0
2016-07-06,17:00:00,21.59,21.59,21.59,21.59,200,0
2016-07-06,17:05:00,21.65,21.65,21.65,21.65,200,0
2016-07-06,17:10:00,21.668,21.668,21.65,21.65,400,0
2016-07-06,17:15:00,21.6301,21.6301,21.6301,21.6301,100,0
2016-07-06,17:25:00,21.62,21.64,21.5401,21.5401,500,0
2016-07-06,17:30:00,21.56,21.57,21.56,21.56,900,0
2016-07-06,17:35:00,21.56,21.56,21.5484,21.5484,732,0
2016-07-06,17:45:00,21.54,21.55,21.52,21.5499,1500,0
2016-07-06,17:55:00,21.52,21.52,21.52,21.52,100,0
2016-07-06,18:05:00,21.5,21.57,21.5,21.57,600,0
2016-07-06,18:10:00,21.61,21.6399,21.61,21.6399,200,0
2016-07-06,18:15:00,21.64,21.69,21.64,21.68,1288,0
2016-07-06,18:20:00,21.68,21.68,21.68,21.68,300,0
2016-07-06,18:35:00,21.72,21.72,21.72,21.72,100,0
2016-07-06,18:40:00,21.74,21.74,21.74,21.74,100,0
2016-07-06,18:45:00,21.75,21.8,21.75,21.8,400,0
2016-07-06,18:50:00,21.8,21.8,21.8,21.8,100,0
2016-07-06,18:55:00,21.74,21.8,21.74,21.78,400,0
2016-07-06,19:05:00,21.78,21.78,21.78,21.78,100,0
2016-07-06,19:25:00,21.77,21.77,21.77,21.77,500,0
2016-07-06,19:40:00,21.7589,21.7589,21.7589,21.7589,515,0
2016-07-06,19:45:00,21.76,21.79,21.76,21.79,900,0
2016-07-06,19:55:00,21.8,21.8,21.8,21.8,100,0
2016-07-06,20:00:00,21.8,21.81,21.8,21.81,400,0
2016-07-06,20:05:00,21.81,21.81,21.8,21.81,300,0
2016-07-06,20:15:00,21.8,21.8,21.8,21.8,100,0
2016-07-06,20:20:00,21.77,21.77,21.73,21.73,600,0
2016-07-06,20:30:00,21.75,21.75,21.75,21.75,200,0
2016-07-06,20:35:00,21.7001,21.7001,21.7001,21.7001,100,0
2016-07-06,20:40:00,21.72,21.78,21.72,21.78,800,0
2016-07-06,20:45:00,21.75,21.75,21.75,21.75,100,0
2016-07-06,21:00:00,21.73,21.7301,21.73,21.7301,200,0
2016-07-06,21:15:00,21.73,21.7301,21.73,21.7301,200,0
2016-07-06,21:20:00,21.77,21.77,21.75,21.765,400,0
2016-07-06,21:25:00,21.77,21.77,21.76,21.76,800,0
2016-07-06,21:40:00,21.68,21.68,21.68,21.68,200,0
2016-07-06,21:45:00,21.7295,21.7295,21.68,21.68,978,0
2016-07-06,21:50:00,21.64,21.68,21.63,21.68,1100,0
2016-07-06,21:55:00,21.65,21.65,21.65,21.65,100,0
2016-07-06,22:00:00,21.63,21.67,21.62,21.67,3693,0
2016-07-07,15:35:00,21.65,21.83,21.65,21.83,201,0
2016-07-07,15:40:00,21.77,21.77,21.77,21.77,100,0
2016-07-07,15:50:00,21.82,21.82,21.82,21.82,100,0
2016-07-07,16:00:00,21.78,21.78,21.78,21.78,100,0
2016-07-07,16:05:00,21.84,21.84,21.84,21.84,100,0
2016-07-07,16:10:00,21.83,21.83,21.83,21.83,100,0
2016-07-07,16:20:00,21.84,21.84,21.84,21.84,200,0
2016-07-07,16:35:00,21.87,21.88,21.87,21.88,300,0
2016-07-07,16:40:00,21.85,21.85,21.85,21.85,200,0
2016-07-07,16:55:00,21.85,21.85,21.82,21.82,500,0
2016-07-07,17:00:00,21.79,21.79,21.77,21.78,700,0
2016-07-07,17:05:00,21.78,21.78,21.77,21.78,2600,0
2016-07-07,17:15:00,21.8,21.8,21.8,21.8,100,0
2016-07-07,17:20:00,21.83,21.83,21.83,21.83,200,0
2016-07-07,17:35:00,21.82,21.82,21.82,21.82,200,0
2016-07-07,17:55:00,21.77,21.77,21.73,21.75,1700,0
2016-07-07,18:00:00,21.77,21.83,21.77,21.83,400,0
2016-07-07,18:10:00,21.8,21.8,21.8,21.8,200,0
2016-07-07,18:20:00,21.79,21.79,21.75,21.75,300,0
2016-07-07,18:45:00,21.74,21.74,21.74,21.74,200,0
2016-07-07,18:55:00,21.71,21.71,21.68,21.68,1400,0
2016-07-07,19:05:00,21.545,21.58,21.545,21.555,700,0
2016-07-07,19:10:00,21.54,21.56,21.53,21.56,300,0
2016-07-07,19:15:00,21.515,21.56,21.515,21.56,600,0
2016-07-07,19:20:00,21.606,21.606,21.6,21.6,300,0
2016-07-07,19:25:00,21.575,21.575,21.56,21.56,200,0
2016-07-07,19:35:00,21.58,21.61,21.58,21.61,200,0
2016-07-07,19:45:00,21.63,21.63,21.63,21.63,300,0
2016-07-07,19:50:00,21.61,21.61,21.61,21.61,100,0
2016-07-07,19:55:00,21.64,21.64,21.61,21.61,217,0
2016-07-07,20:00:00,21.64,21.64,21.625,21.635,1000,0
2016-07-07,20:05:00,21.63,21.63,21.63,21.63,100,0
2016-07-07,20:10:00,21.62,21.62,21.602,21.602,660,0
2016-07-07,20:20:00,21.575,21.6,21.57,21.58,1500,0
2016-07-07,20:25:00,21.6143,21.6143,21.6143,21.6143,224,0
2016-07-07,20:45:00,21.59,21.59,21.57,21.57,700,0
2016-07-07,20:50:00,21.59,21.59,21.59,21.59,200,0
2016-07-07,20:55:00,21.55,21.55,21.53,21.53,800,0
2016-07-07,21:00:00,21.51,21.51,21.49,21.49,300,0
2016-07-07,21:05:00,21.45,21.47,21.44,21.47,400,0
2016-07-07,21:10:00,21.445,21.51,21.42,21.51,1100,0
2016-07-07,21:15:00,21.52,21.53,21.52,21.53,200,0
2016-07-07,21:20:00,21.53,21.53,21.51,21.51,400,0
2016-07-07,21:25:00,21.49,21.49,21.49,21.49,200,0
2016-07-07,21:30:00,21.48,21.52,21.48,21.52,1300,0
2016-07-07,21:35:00,21.555,21.555,21.53,21.53,416,0
2016-07-07,21:40:00,21.525,21.54,21.52,21.52,700,0
2016-07-07,21:45:00,21.52,21.58,21.47,21.47,2000,0
2016-07-07,21:50:00,21.485,21.52,21.41,21.44,2801,0
2016-07-07,21:55:00,21.5,21.54,21.5,21.54,460,0
2016-07-07,22:00:00,21.54,21.58,21.54,21.54,2710,0
2016-07-08,15:35:00,21.8,21.8,21.8,21.8,416,0
2016-07-08,15:50:00,21.83,21.83,21.776,21.776,200,0
2016-07-08,15:55:00,21.83,21.87,21.83,21.87,700,0
2016-07-08,16:10:00,21.84,21.85,21.84,21.85,300,0
2016-07-08,16:15:00,21.84,21.88,21.84,21.88,1829,0
2016-07-08,16:20:00,21.92,21.92,21.92,21.92,100,0
2016-07-08,16:25:00,21.88,21.97,21.88,21.97,1100,0
2016-07-08,16:30:00,22,22,22,22,403,0
2016-07-08,16:35:00,22.08,22.125,22.0501,22.125,600,0
2016-07-08,16:40:00,22.13,22.17,22.13,22.14,600,0
2016-07-08,16:45:00,22.15,22.24,22.14,22.24,1100,0
2016-07-08,16:55:00,22.29,22.29,22.2401,22.2401,200,0
2016-07-08,17:00:00,22.3,22.35,22.3,22.35,700,0
2016-07-08,17:05:00,22.36,22.381,22.36,22.381,300,0
2016-07-08,17:10:00,22.35,22.35,22.35,22.35,400,0
2016-07-08,17:15:00,22.36,22.37,22.3,22.3,1100,0
2016-07-08,17:20:00,22.2801,22.36,22.2801,22.36,300,0
2016-07-08,17:25:00,22.39,22.42,22.39,22.42,200,0
2016-07-08,17:30:00,22.47,22.47,22.445,22.445,400,0
2016-07-08,17:35:00,22.41,22.41,22.2701,22.2701,700,0
2016-07-08,17:40:00,22.33,22.34,22.33,22.34,500,0
2016-07-08,17:45:00,22.35,22.35,22.35,22.35,100,0
2016-07-08,17:50:00,22.34,22.34,22.2901,22.34,400,0
2016-07-08,17:55:00,22.35,22.35,22.33,22.33,900,0
2016-07-08,18:00:00,22.34,22.34,22.34,22.34,200,0
2016-07-08,18:05:00,22.3,22.3,22.3,22.3,100,0
2016-07-08,18:10:00,22.31,22.31,22.31,22.31,300,0
2016-07-08,18:15:00,22.29,22.29,22.29,22.29,100,0
2016-07-08,18:20:00,22.28,22.28,22.23,22.23,500,0
2016-07-08,18:25:00,22.1801,22.1801,22.1701,22.1701,300,0
2016-07-08,18:35:00,22.17,22.17,22.17,22.17,500,0
2016-07-08,18:40:00,22.12,22.12,22.12,22.12,100,0
2016-07-08,18:55:00,22.13,22.16,22.13,22.16,1000,0
2016-07-08,19:00:00,22.08,22.08,22.04,22.04,200,0
2016-07-08,19:05:00,22.0601,22.0601,22.0601,22.0601,100,0
2016-07-08,19:15:00,22.09,22.1,22.076,22.1,825,0
2016-07-08,19:20:00,22.1,22.1,22.09,22.09,500,0
2016-07-08,19:25:00,22.06,22.06,22.06,22.06,200,0
2016-07-08,19:30:00,22.035,22.035,22.03,22.03,200,0
2016-07-08,19:35:00,22.06,22.08,22.055,22.055,800,0
2016-07-08,19:40:00,22.0804,22.12,22.0804,22.11,430,0
2016-07-08,19:45:00,22.0801,22.0801,22.08,22.08,300,0
2016-07-08,19:50:00,22.07,22.1,22.07,22.1,200,0
2016-07-08,19:55:00,22.1033,22.14,22.1033,22.14,1150,0
2016-07-08,20:05:00,22.11,22.11,22.1001,22.1001,200,0
2016-07-08,20:15:00,22.11,22.11,22.1001,22.1001,200,0
2016-07-08,20:20:00,22.105,22.105,22.105,22.105,100,0
2016-07-08,20:25:00,22.11,22.13,22.11,22.13,300,0
2016-07-08,20:30:00,22.1475,22.15,22.1475,22.15,517,0
2016-07-08,20:35:00,22.15,22.15,22.15,22.15,200,0
2016-07-08,20:40:00,22.14,22.14,22.14,22.14,200,0
2016-07-08,20:45:00,22.14,22.14,22.13,22.13,200,0
2016-07-08,20:50:00,22.12,22.12,22.1,22.1,400,0
2016-07-08,20:55:00,22.05,22.05,22.03,22.03,200,0
2016-07-08,21:00:00,22.05,22.05,22.05,22.05,100,0
2016-07-08,21:05:00,22.06,22.09,22.06,22.09,700,0
2016-07-08,21:10:00,22.0401,22.0401,22.0401,22.0401,100,0
2016-07-08,21:15:00,22.08,22.1,22.08,22.08,1000,0
2016-07-08,21:25:00,22.12,22.12,22.12,22.12,100,0
2016-07-08,21:30:00,22.09,22.1,22.05,22.05,700,0
2016-07-08,21:35:00,22.05,22.05,22.05,22.05,200,0
2016-07-08,21:40:00,22.06,22.07,22.04,22.07,600,0
2016-07-08,21:45:00,22.05,22.07,22.05,22.07,300,0
2016-07-08,21:50:00,22.06,22.09,22.05,22.09,700,0
2016-07-08,21:55:00,22.13,22.15,22.1,22.15,500,0
2016-07-08,22:00:00,22.13,22.14,22.11,22.12,6862,0
