Date,Time,Open,High,Low,Close,Volume,OpenInt
2016-06-22,15:35:00,174.81,175.64,174.81,175.35,5641,0
2016-06-22,15:40:00,175.41,175.64,175.01,175.14,6900,0
2016-06-22,15:45:00,175.245,175.28,174.91,174.91,8334,0
2016-06-22,15:50:00,175.01,175.01,174.7755,174.93,1225,0
2016-06-22,15:55:00,175.05,175.05,175.03,175.03,1000,0
2016-06-22,16:00:00,174.88,175.1,174.87,174.93,5206,0
2016-06-22,16:05:00,174.89,175.09,174.78,174.94,3886,0
2016-06-22,16:10:00,174.99,175.05,174.99,175.05,400,0
2016-06-22,16:15:00,174.99,175.06,174.94,175,2400,0
2016-06-22,16:20:00,174.91,174.99,174.88,174.9699,1178,0
2016-06-22,16:25:00,174.92,175.0799,174.92,175.0799,400,0
2016-06-22,16:30:00,175.06,175.09,174.87,174.87,3200,0
2016-06-22,16:35:00,174.86,175.285,174.73,175.28,19950,0
2016-06-22,16:40:00,175.28,175.4895,175.17,175.35,16829,0
2016-06-22,16:45:00,175.325,175.665,175.225,175.53,27074,0
2016-06-22,16:50:00,175.53,175.765,175.36,175.7,42137,0
2016-06-22,16:55:00,175.8,175.84,175.5,175.59,12204,0
2016-06-22,17:00:00,175.56,175.79,175.445,175.45,4601,0
2016-06-22,17:05:00,175.6,175.74,175.52,175.56,5700,0
2016-06-22,17:10:00,175.445,175.65,175.445,175.5,2800,0
2016-06-22,17:15:00,175.7,175.7399,175.44,175.49,6995,0
2016-06-22,17:20:00,175.5,175.69,175.5,175.54,3500,0
2016-06-22,17:25:00,175.62,175.63,175.42,175.42,5937,0
2016-06-22,17:30:00,175.425,175.56,175.425,175.56,1100,0
2016-06-22,17:35:00,175.54,175.54,175.14,175.14,2500,0
2016-06-22,17:40:00,175.26,175.38,175.26,175.38,900,0
2016-06-22,17:45:00,175.4439,175.46,175.3001,175.43,3258,0
2016-06-22,17:50:00,175.38,175.41,175.23,175.41,2307,0
2016-06-22,18:00:00,175.35,175.39,175.32,175.32,1234,0
2016-06-22,18:05:00,175.36,175.36,175.36,175.36,300,0
2016-06-22,18:10:00,175.32,175.429,175.28,175.31,11144,0
2016-06-22,18:15:00,175.39,175.54,175.39,175.465,8300,0
2016-06-22,18:20:00,175.49,175.5,175.31,175.38,2600,0
2016-06-22,18:25:00,175.33,175.3985,175.12,175.18,2200,0
2016-06-22,18:30:00,175.09,175.21,175.03,175.21,6904,0
2016-06-22,18:35:00,175.16,175.21,175.01,175.01,8090,0
2016-06-22,18:40:00,175.06,175.27,175.02,175.15,5400,0
2016-06-22,18:45:00,175.2,175.3,175.02,175.02,7674,0
2016-06-22,18:50:00,174.98,174.98,174.98,174.98,100,0
2016-06-22,18:55:00,175.07,175.07,175.01,175.0342,600,0
2016-06-22,19:05:00,175.07,175.07,174.94,174.94,400,0
2016-06-22,19:10:00,174.92,174.945,174.83,174.83,900,0
2016-06-22,19:15:00,174.74,174.78,174.695,174.695,400,0
2016-06-22,19:20:00,174.8,174.86,174.7,174.86,2400,0
2016-06-22,19:25:00,174.9,174.99,174.9,174.99,3700,0
2016-06-22,19:30:00,174.98,175.14,174.91,175.12,1700,0
2016-06-22,19:35:00,175.08,175.1,175,175.055,840,0
2016-06-22,19:40:00,175.1,175.24,175.1,175.24,500,0
2016-06-22,19:45:00,175.28,175.28,175.2,175.2,900,0
2016-06-22,19:50:00,175.36,175.36,175.36,175.36,400,0
2016-06-22,19:55:00,175.5,175.58,175.44,175.54,1200,0
2016-06-22,20:00:00,175.57,175.57,175.45,175.48,500,0
2016-06-22,20:05:00,175.42,175.42,175.38,175.42,700,0
2016-06-22,20:10:00,175.48,175.56,175.3,175.33,1100,0
2016-06-22,20:15:00,175.27,175.27,175.27,175.27,200,0
2016-06-22,20:20:00,175.32,175.32,175.3,175.3,500,0
2016-06-22,20:25:00,175.2,175.31,175.13,175.31,980,0
2016-06-22,20:30:00,175.27,175.27,175.25,175.27,600,0
2016-06-22,20:35:00,175.23,175.23,175.16,175.16,900,0
2016-06-22,20:40:00,175.07,175.0898,175,175.07,516,0
2016-06-22,20:45:00,175.01,175.07,174.93,174.94,1200,0
2016-06-22,20:50:00,174.98,175.035,174.98,175.035,814,0
2016-06-22,20:55:00,175.01,175.14,174.99,175.14,1300,0
2016-06-22,21:00:00,175.149,175.22,175.14,175.14,500,0
2016-06-22,21:05:00,175.175,175.34,175.175,175.3,1100,0
2016-06-22,21:10:00,175.25,175.25,175.1989,175.1989,200,0
2016-06-22,21:15:00,175.18,175.18,175.09,175.12,1769,0
2016-06-22,21:20:00,175.13,175.24,175.13,175.17,1300,0
2016-06-22,21:25:00,175.16,175.2699,175.095,175.1884,1866,0
2016-06-22,21:30:00,175.22,175.2424,175.05,175.05,1970,0
2016-06-22,21:35:00,175.13,175.14,175.05,175.11,2800,0
2016-06-22,21:40:00,175.19,175.3,175.12,175.3,1195,0
2016-06-22,21:45:00,175.26,175.27,175.02,175.03,2100,0
2016-06-22,21:50:00,175.11,175.11,174.87,175,5574,0
2016-06-22,21:55:00,174.98,174.985,174.86,174.96,8802,0
2016-06-22,22:00:00,174.97,175.05,174.82,174.95,64885,0
2016-06-23,15:35:00,176.01,176.3,175.8,176.165,7831,0
2016-06-23,15:40:00,176.2948,176.46,176.05,176.29,7100,0
2016-06-23,15:45:00,176.31,176.31,175.9617,175.9617,2418,0
2016-06-23,15:50:00,176.23,176.23,175.55,175.55,500,0
2016-06-23,15:55:00,175.79,176.01,175.79,175.905,2191,0
2016-06-23,16:00:00,175.9,175.9,175.84,175.84,540,0
2016-06-23,16:05:00,176.04,176.49,176.03,176.105,5400,0
2016-06-23,16:10:00,176.11,176.57,176.02,176.31,8163,0
2016-06-23,16:15:00,176.195,176.465,176.195,176.465,200,0
2016-06-23,16:20:00,176.53,176.53,176.15,176.15,600,0
2016-06-23,16:25:00,176.25,176.4,176.15,176.15,300,0
2016-06-23,16:30:00,176.4,176.5196,176.29,176.51,2700,0
2016-06-23,16:35:00,176.37,176.37,176.2,176.2,3990,0
2016-06-23,16:40:00,176.1567,176.22,176.04,176.22,1400,0
2016-06-23,16:45:00,176.26,176.37,176.26,176.37,675,0
2016-06-23,16:50:00,176.239,176.239,176.12,176.12,875,0
2016-06-23,16:55:00,176.32,176.46,176.32,176.39,300,0
2016-06-23,17:00:00,176.47,176.57,176.37,176.5056,1062,0
2016-06-23,17:05:00,176.5,176.65,176.5,176.65,972,0
2016-06-23,17:10:00,176.48,176.6,176.45,176.48,2300,0
2016-06-23,17:15:00,176.47,176.5,176.33,176.5,1500,0
2016-06-23,17:20:00,176.72,177.01,176.72,177.01,1300,0
2016-06-23,17:25:00,177.12,177.19,176.9,176.94,1400,0
2016-06-23,17:30:00,177.04,177.15,177.025,177.15,400,0
2016-06-23,17:35:00,177.15,177.27,177.15,177.2,900,0
2016-06-23,17:40:00,177.21,177.29,177.12,177.13,2700,0
2016-06-23,17:45:00,176.99,176.99,176.84,176.93,2400,0
2016-06-23,17:50:00,176.93,177.13,176.93,177.13,2300,0
2016-06-23,17:55:00,177.29,177.29,177.02,177.02,800,0
2016-06-23,18:00:00,177.06,177.06,177.06,177.06,100,0
2016-06-23,18:05:00,177.07,177.18,176.9166,177.0255,4760,0
2016-06-23,18:10:00,176.92,177.07,176.92,177.07,500,0
2016-06-23,18:15:00,177.11,177.11,177.11,177.11,100,0
2016-06-23,18:20:00,177.1,177.1,176.97,177.08,500,0
2016-06-23,18:25:00,177.19,177.22,177.03,177.12,2861,0
2016-06-23,18:30:00,177.05,177.05,176.96,176.96,567,0
2016-06-23,18:35:00,176.91,176.91,176.91,176.91,200,0
2016-06-23,18:40:00,176.9608,177.05,176.9608,177.02,1040,0
2016-06-23,18:45:00,177.02,177.04,176.87,176.89,1400,0
2016-06-23,18:50:00,176.93,176.93,176.7,176.7,400,0
2016-06-23,18:55:00,176.65,176.72,176.65,176.72,200,0
2016-06-23,19:05:00,176.77,176.77,176.71,176.71,500,0
2016-06-23,19:10:00,176.85,176.86,176.65,176.72,3082,0
2016-06-23,19:15:00,176.7796,176.7796,176.7796,176.7796,325,0
2016-06-23,19:20:00,176.73,176.87,176.72,176.73,1729,0
2016-06-23,19:25:00,176.835,176.88,176.8,176.88,699,0
2016-06-23,19:30:00,176.79,176.79,176.67,176.76,700,0
2016-06-23,19:35:00,176.8,176.88,176.69,176.88,800,0
2016-06-23,19:40:00,176.86,176.86,176.86,176.86,200,0
2016-06-23,19:45:00,176.8,176.8,176.5,176.67,4300,0
2016-06-23,19:50:00,176.65,176.8,176.65,176.76,1300,0
2016-06-23,19:55:00,176.73,176.82,176.69,176.82,2307,0
2016-06-23,20:00:00,176.83,176.83,176.66,176.782,1900,0
2016-06-23,20:05:00,176.69,176.74,176.57,176.57,1300,0
2016-06-23,20:10:00,176.66,176.67,176.625,176.67,810,0
2016-06-23,20:15:00,176.81,176.81,176.7999,176.7999,200,0
2016-06-23,20:20:00,176.77,176.78,176.67,176.72,1350,0
2016-06-23,20:25:00,176.685,176.76,176.6,176.6,1000,0
2016-06-23,20:30:00,176.63,176.68,176.61,176.68,700,0
2016-06-23,20:35:00,176.7,176.77,176.7,176.75,815,0
2016-06-23,20:40:00,176.81,176.81,176.69,176.8,1800,0
2016-06-23,20:45:00,176.71,176.71,176.58,176.58,900,0
2016-06-23,20:50:00,176.69,176.88,176.69,176.88,1300,0
2016-06-23,20:55:00,176.82,176.82,176.77,176.77,1300,0
2016-06-23,21:00:00,176.84,176.84,176.63,176.66,1725,0
2016-06-23,21:05:00,176.77,176.8,176.69,176.69,600,0
2016-06-23,21:10:00,176.69,176.77,176.63,176.76,1972,0
2016-06-23,21:15:00,176.77,176.77,176.75,176.76,650,0
2016-06-23,21:20:00,176.735,176.84,176.7,176.77,8691,0
2016-06-23,21:25:00,176.82,176.85,176.77,176.81,1467,0
2016-06-23,21:30:00,176.77,176.84,176.7097,176.74,2200,0
2016-06-23,21:35:00,176.78,176.93,176.76,176.91,2519,0
2016-06-23,21:40:00,176.9182,177.06,176.84,177.04,1567,0
2016-06-23,21:45:00,177.04,177.285,176.99,177.28,4215,0
2016-06-23,21:50:00,177.34,177.42,177.27,177.36,8896,0
2016-06-23,21:55:00,177.42,177.53,177.4,177.52,11399,0
2016-06-23,22:00:00,177.48,177.63,177.34,177.61,75279,0
2016-06-24,15:35:00,171.4,172.32,171.02,171.09,21546,0
2016-06-24,15:40:00,171.08,171.5203,170.805,171.15,12375,0
2016-06-24,15:45:00,171.11,172.1384,171.04,172.1384,7249,0
2016-06-24,15:50:00,172.51,172.6443,172.13,172.458,9533,0
2016-06-24,15:55:00,172.3386,172.405,171.6501,172.31,4363,0
2016-06-24,16:00:00,172.65,172.87,172.35,172.51,1400,0
2016-06-24,16:05:00,172.64,173.28,172.64,172.86,3400,0
2016-06-24,16:10:00,172.88,173.23,172.52,173.23,12023,0
2016-06-24,16:15:00,173.47,173.5999,173.17,173.53,4788,0
2016-06-24,16:20:00,173.23,173.44,172.904,172.96,4442,0
2016-06-24,16:25:00,173.13,173.13,172.54,172.7,5009,0
2016-06-24,16:30:00,172.64,172.82,172.22,172.54,19195,0
2016-06-24,16:35:00,172.46,172.54,172.15,172.15,6359,0
2016-06-24,16:40:00,172.1,172.595,172.1,172.595,8400,0
2016-06-24,16:45:00,172.61,172.61,172.25,172.5175,6187,0
2016-06-24,16:50:00,172.51,172.74,172.43,172.72,2813,0
2016-06-24,16:55:00,172.61,173.35,172.61,173.35,5697,0
2016-06-24,17:00:00,173.36,173.375,173.01,173.04,6124,0
2016-06-24,17:05:00,173.18,173.27,172.82,172.85,1500,0
2016-06-24,17:10:00,172.79,172.94,172.44,172.52,6314,0
2016-06-24,17:15:00,172.52,172.7001,172.36,172.7001,5699,0
2016-06-24,17:20:00,172.75,172.75,172.5,172.5318,1700,0
2016-06-24,17:25:00,172.44,172.44,171.97,171.97,2700,0
2016-06-24,17:30:00,172.09,172.35,172.09,172.29,800,0
2016-06-24,17:35:00,172.48,172.48,172.48,172.48,100,0
2016-06-24,17:40:00,172.685,172.685,172.685,172.685,100,0
2016-06-24,17:45:00,172.6,172.6,172.29,172.42,1700,0
2016-06-24,17:50:00,172.786,172.786,172.25,172.38,3063,0
2016-06-24,17:55:00,172.44,172.58,172.29,172.4,3200,0
2016-06-24,18:00:00,172.54,172.77,172.54,172.77,1171,0
2016-06-24,18:05:00,172.87,172.87,172.25,172.36,1800,0
2016-06-24,18:10:00,172.38,172.38,172.08,172.08,800,0
2016-06-24,18:15:00,171.97,172,171.5,171.56,2600,0
2016-06-24,18:20:00,171.61,171.95,171.61,171.885,1100,0
2016-06-24,18:25:00,172.04,172.13,171.61,171.61,2104,0
2016-06-24,18:30:00,171.71,172.025,171.63,172.025,500,0
2016-06-24,18:35:00,171.75,171.75,171.5,171.5,800,0
2016-06-24,18:40:00,171.51,171.51,171.18,171.18,6445,0
2016-06-24,18:45:00,171.13,171.165,171.02,171.02,6300,0
2016-06-24,18:50:00,171.02,171.02,170.61,170.73,7626,0
2016-06-24,18:55:00,170.64,170.932,170.61,170.63,4982,0
2016-06-24,19:00:00,170.6003,170.6564,170.4725,170.64,4200,0
2016-06-24,19:05:00,170.62,170.67,170.31,170.49,7650,0
2016-06-24,19:10:00,170.33,170.49,170.33,170.42,1400,0
2016-06-24,19:15:00,170.43,170.94,170.43,170.94,1817,0
2016-06-24,19:20:00,170.82,170.9199,170.66,170.825,3100,0
2016-06-24,19:25:00,170.88,171.38,170.86,171.15,5325,0
2016-06-24,19:30:00,171.05,171.11,171.05,171.11,879,0
2016-06-24,19:35:00,171.05,171.36,170.95,171.3,5261,0
2016-06-24,19:40:00,171.25,171.34,171.15,171.15,1900,0
2016-06-24,19:45:00,171.14,171.24,170.87,170.99,4391,0
2016-06-24,19:50:00,171.02,171.2,171,171.12,8165,0
2016-06-24,19:55:00,171.25,171.25,171.08,171.25,2266,0
2016-06-24,20:00:00,171.31,171.4325,171.23,171.4325,1200,0
2016-06-24,20:05:00,171.37,171.435,171.12,171.17,3876,0
2016-06-24,20:10:00,171.3,171.43,171.3,171.43,1300,0
2016-06-24,20:15:00,171.43,171.6,171.34,171.52,2754,0
2016-06-24,20:20:00,171.59,171.63,171.16,171.17,6843,0
2016-06-24,20:25:00,171.29,171.32,171.0611,171.15,7000,0
2016-06-24,20:30:00,171.15,171.27,171.04,171.1232,6573,0
2016-06-24,20:35:00,171.1474,171.1474,170.8,170.98,7723,0
2016-06-24,20:40:00,170.89,170.99,170.78,170.93,8398,0
2016-06-24,20:45:00,171.09,171.29,171.04,171.29,5000,0
2016-06-24,20:50:00,171.1,171.14,170.82,171.005,6430,0
2016-06-24,20:55:00,170.95,171.44,170.95,171.44,24994,0
2016-06-24,21:00:00,171.43,171.74,171.43,171.445,3319,0
2016-06-24,21:05:00,171.285,171.4,171.19,171.19,2300,0
2016-06-24,21:10:00,171.14,171.2399,171.01,171.01,2100,0
2016-06-24,21:15:00,170.98,171.01,170.68,170.86,2850,0
2016-06-24,21:20:00,170.795,170.85,170.49,170.49,3262,0
2016-06-24,21:25:00,170.46,170.85,170.43,170.54,4744,0
2016-06-24,21:30:00,170.61,170.71,170.54,170.71,4800,0
2016-06-24,21:35:00,170.73,171.1399,170.64,170.93,12730,0
2016-06-24,21:40:00,171.1,171.49,170.94,171.03,5998,0
2016-06-24,21:45:00,171.06,171.41,170.98,171.14,7044,0
2016-06-24,21:50:00,171.14,171.54,171.13,171.5,7486,0
2016-06-24,21:55:00,171.57,171.81,171.3201,171.58,11379,0
2016-06-24,22:00:00,171.71,171.71,170.805,170.87,89353,0
2016-06-27,15:35:00,169.99,170.62,169.251,170.14,7398,0
2016-06-27,15:40:00,170.325,170.51,169.77,170.51,11443,0
2016-06-27,15:45:00,170.27,170.49,169.92,170.13,6496,0
2016-06-27,15:50:00,170.2,170.76,170.19,170.28,15100,0
2016-06-27,15:55:00,170.05,170.165,169.51,170.065,3779,0
2016-06-27,16:00:00,170.27,170.4,169.92,169.93,7300,0
2016-06-27,16:05:00,169.96,170.45,169.96,170.35,5993,0
2016-06-27,16:10:00,170.14,170.42,170.11,170.33,17173,0
2016-06-27,16:15:00,170.31,170.41,170.07,170.1025,5300,0
2016-06-27,16:20:00,170.085,170.26,169.94,170.2,3300,0
2016-06-27,16:25:00,170.3,170.3,169.84,169.84,3677,0
2016-06-27,16:30:00,169.92,170.08,169.78,169.9,57075,0
2016-06-27,16:35:00,169.87,169.87,169.66,169.82,2300,0
2016-06-27,16:40:00,169.77,169.93,169.6596,169.68,6300,0
2016-06-27,16:45:00,169.85,169.92,169.26,169.58,7100,0
2016-06-27,16:50:00,169.38,169.38,168.53,168.53,5300,0
2016-06-27,16:55:00,168.51,168.53,168.25,168.53,5431,0
2016-06-27,17:00:00,168.57,168.63,168.37,168.43,1925,0
2016-06-27,17:05:00,168.53,168.8,168.44,168.8,1902,0
2016-06-27,17:10:00,168.82,169.02,168.82,168.94,1565,0
2016-06-27,17:15:00,168.91,168.91,168.53,168.54,1800,0
2016-06-27,17:20:00,168.69,168.8,168.53,168.5401,6709,0
2016-06-27,17:25:00,168.56,168.56,168.17,168.17,4600,0
2016-06-27,17:30:00,168.21,168.89,168.13,168.815,6400,0
2016-06-27,17:35:00,168.74,168.89,168.71,168.76,4160,0
2016-06-27,17:40:00,168.71,169.02,168.615,168.825,9621,0
2016-06-27,17:45:00,168.835,168.92,168.61,168.83,9578,0
2016-06-27,17:50:00,168.78,169.18,168.75,169.04,2956,0
2016-06-27,17:55:00,169.01,169.01,168.77,168.93,5577,0
2016-06-27,18:00:00,168.97,169.0925,168.75,168.77,6645,0
2016-06-27,18:05:00,168.82,168.87,168.69,168.82,4060,0
2016-06-27,18:10:00,168.84,168.84,168.595,168.61,2000,0
2016-06-27,18:15:00,168.68,168.68,168.38,168.38,3300,0
2016-06-27,18:20:00,168.5,168.87,168.44,168.57,6405,0
2016-06-27,18:25:00,168.655,168.6975,168.565,168.65,3600,0
2016-06-27,18:30:00,168.52,168.715,168.52,168.55,6526,0
2016-06-27,18:35:00,168.63,168.71,168.39,168.39,5268,0
2016-06-27,18:40:00,168.365,168.37,168.07,168.07,4777,0
2016-06-27,18:45:00,168.07,168.07,167.83,167.83,3090,0
2016-06-27,18:50:00,167.77,168.08,167.77,168.02,2300,0
2016-06-27,18:55:00,168.02,168.1,167.78,167.99,3755,0
2016-06-27,19:00:00,168.1,168.12,168.005,168.04,2400,0
2016-06-27,19:05:00,168.0201,168.12,167.9101,168.02,3324,0
2016-06-27,19:10:00,168.05,168.05,167.9,167.9,1100,0
2016-06-27,19:15:00,167.93,168.08,167.89,167.97,4000,0
2016-06-27,19:20:00,167.8801,168.055,167.85,167.85,2070,0
2016-06-27,19:25:00,167.87,168.05,167.86,168.01,2623,0
2016-06-27,19:30:00,167.88,168.03,167.78,167.885,16297,0
2016-06-27,19:35:00,167.825,167.915,167.445,167.48,5900,0
2016-06-27,19:40:00,167.545,167.66,167.37,167.6,1600,0
2016-06-27,19:45:00,167.53,167.62,167.0901,167.0901,2900,0
2016-06-27,19:50:00,167.05,167.47,167.02,167.31,5497,0
2016-06-27,19:55:00,167.31,167.58,167.2975,167.41,2112,0
2016-06-27,20:00:00,167.485,167.49,167.25,167.42,1900,0
2016-06-27,20:05:00,167.34,167.42,167.24,167.42,2500,0
2016-06-27,20:10:00,167.34,167.36,167.17,167.17,1398,0
2016-06-27,20:15:00,167.24,167.29,167.045,167.045,1200,0
2016-06-27,20:20:00,167.04,167.15,166.936,166.936,12873,0
2016-06-27,20:25:00,166.94,167.2,166.9,167.19,1800,0
2016-06-27,20:30:00,167.2,167.285,167.14,167.2225,3000,0
2016-06-27,20:35:00,167.23,167.32,167.0175,167.2,6239,0
2016-06-27,20:40:00,167.15,167.52,167.12,167.44,8560,0
2016-06-27,20:45:00,167.35,167.385,167.02,167.18,5050,0
2016-06-27,20:50:00,167.1276,167.14,166.72,166.72,2300,0
2016-06-27,20:55:00,166.78,166.8999,166.505,166.66,4687,0
2016-06-27,21:00:00,166.69,166.87,166.67,166.76,2800,0
2016-06-27,21:05:00,166.84,166.96,166.78,166.8303,1969,0
2016-06-27,21:10:00,166.96,167.085,166.82,166.95,14000,0
2016-06-27,21:15:00,166.87,167.45,166.855,167.45,4037,0
2016-06-27,21:20:00,167.27,167.27,167.07,167.2,2100,0
2016-06-27,21:25:00,167.21,167.22,166.87,166.935,8303,0
2016-06-27,21:30:00,166.9,167.41,166.87,167.17,15942,0
2016-06-27,21:35:00,167.18,167.43,166.93,167.305,48435,0
2016-06-27,21:40:00,167.35,167.88,167.19,167.88,11071,0
2016-06-27,21:45:00,167.88,168,167.41,167.61,7287,0
2016-06-27,21:50:00,167.66,167.92,167.4901,167.92,7400,0
2016-06-27,21:55:00,167.88,167.88,167.61,167.735,9386,0
2016-06-27,22:00:00,167.78,167.93,167.675,167.75,74004,0
2016-06-28,15:35:00,168.75,169.4799,168.75,169.28,10286,0
2016-06-28,15:40:00,169.17,169.48,168.96,169.48,8717,0
2016-06-28,15:45:00,169.45,169.48,168.91,169.09,7350,0
2016-06-28,15:50:00,169.31,169.43,168.9,169.24,6017,0
2016-06-28,15:55:00,169.05,169.48,169.05,169.21,5247,0
2016-06-28,16:00:00,169.18,169.47,168.95,169.23,5026,0
2016-06-28,16:05:00,169.3,169.445,169.26,169.28,2880,0
2016-06-28,16:10:00,169.35,169.35,168.98,169.25,3929,0
2016-06-28,16:15:00,169.28,169.355,169.1,169.225,1600,0
2016-06-28,16:20:00,169.345,169.445,169.23,169.445,2698,0
2016-06-28,16:25:00,169.3775,169.3775,169.06,169.06,2000,0
2016-06-28,16:30:00,169.08,169.155,169.08,169.11,2480,0
2016-06-28,16:35:00,169.175,169.3305,169.1557,169.3305,3113,0
2016-06-28,16:40:00,169.25,169.25,169.06,169.09,1600,0
2016-06-28,16:45:00,169.09,169.1321,168.99,169.09,1054,0
2016-06-28,16:50:00,169.2,169.3925,169.17,169.2,3307,0
2016-06-28,16:55:00,169.275,169.44,169.21,169.39,15181,0
2016-06-28,17:00:00,169.385,169.415,169.17,169.17,7300,0
2016-06-28,17:05:00,169.12,169.12,169.05,169.05,3000,0
2016-06-28,17:10:00,169.01,169.235,168.895,168.91,35981,0
2016-06-28,17:15:00,168.995,169.33,168.915,169.06,14313,0
2016-06-28,17:20:00,169.01,169.145,168.9405,169.065,22967,0
2016-06-28,17:25:00,169.1,169.26,168.89,168.93,14014,0
2016-06-28,17:30:00,168.805,169.025,168.805,168.91,3450,0
2016-06-28,17:35:00,168.95,169.36,168.95,169.31,3710,0
2016-06-28,17:40:00,169.4,169.48,169.29,169.29,4303,0
2016-06-28,17:45:00,169.305,169.72,169.22,169.55,21846,0
2016-06-28,17:50:00,169.67,169.93,169.61,169.79,4615,0
2016-06-28,17:55:00,169.74,169.89,169.68,169.89,1900,0
2016-06-28,18:00:00,169.785,169.795,169.71,169.71,900,0
2016-06-28,18:05:00,169.89,170.04,169.76,169.88,2480,0
2016-06-28,18:10:00,169.86,169.98,169.86,169.9,700,0
2016-06-28,18:15:00,169.75,169.91,169.73,169.83,700,0
2016-06-28,18:20:00,169.8,170,169.73,169.73,8145,0
2016-06-28,18:25:00,169.75,169.85,169.655,169.82,2865,0
2016-06-28,18:30:00,169.73,169.88,169.73,169.82,1335,0
2016-06-28,18:35:00,169.77,170.365,169.77,170.21,4391,0
2016-06-28,18:40:00,170.34,170.41,170.21,170.41,2200,0
2016-06-28,18:45:00,170.5,170.58,170.33,170.45,1130,0
2016-06-28,18:50:00,170.47,170.56,170.33,170.41,2580,0
2016-06-28,18:55:00,170.4,170.53,170.4,170.53,2600,0
2016-06-28,19:00:00,170.51,170.52,170.32,170.32,2340,0
2016-06-28,19:05:00,170.395,170.395,170.235,170.34,2700,0
2016-06-28,19:10:00,170.33,170.4,170.12,170.2425,7600,0
2016-06-28,19:15:00,170.24,170.46,170.24,170.46,2489,0
2016-06-28,19:20:00,170.52,170.55,170.16,170.18,1896,0
2016-06-28,19:25:00,170.25,170.35,170.15,170.33,5248,0
2016-06-28,19:30:00,170.27,170.27,170.02,170.165,11338,0
2016-06-28,19:35:00,170.13,170.29,169.93,169.98,14130,0
2016-06-28,19:40:00,169.98,170.01,169.81,169.97,1921,0
2016-06-28,19:45:00,169.96,170.05,169.92,170.045,2111,0
2016-06-28,19:50:00,169.96,170.25,169.96,170.19,3356,0
2016-06-28,19:55:00,169.96,170.23,169.96,170.05,2625,0
2016-06-28,20:00:00,170.09,170.18,169.99,169.99,2445,0
2016-06-28,20:05:00,170,170.24,169.9575,170.0675,2615,0
2016-06-28,20:10:00,169.96,170.12,169.96,170.12,1300,0
2016-06-28,20:15:00,169.99,170.13,169.9402,169.9402,2354,0
2016-06-28,20:20:00,169.9272,170.12,169.9272,170.12,2000,0
2016-06-28,20:25:00,170.12,170.175,170.05,170.08,1900,0
2016-06-28,20:30:00,170.06,170.26,170.06,170.26,1100,0
2016-06-28,20:35:00,170.27,170.57,170.27,170.57,2750,0
2016-06-28,20:40:00,170.52,170.89,170.46,170.89,2001,0
2016-06-28,20:45:00,170.83,170.87,170.72,170.76,2450,0
2016-06-28,20:50:00,170.78,170.81,170.78,170.81,200,0
2016-06-28,20:55:00,171.085,171.17,170.99,171.16,2669,0
2016-06-28,21:00:00,171.11,171.41,171.1,171.295,2701,0
2016-06-28,21:05:00,171.1811,171.43,171.07,171.26,2282,0
2016-06-28,21:10:00,171.24,171.31,171.21,171.31,2237,0
2016-06-28,21:15:00,171.3,171.66,171.29,171.52,9200,0
2016-06-28,21:20:00,171.46,171.46,171.15,171.23,3985,0
2016-06-28,21:25:00,171.2,171.2,170.95,170.96,3211,0
2016-06-28,21:30:00,171.025,171.0635,170.7,170.74,4395,0
2016-06-28,21:35:00,170.92,171.06,170.8,170.8,5419,0
2016-06-28,21:40:00,170.85,171.23,170.83,171.23,6933,0
2016-06-28,21:45:00,171.2,171.37,171.06,171.2,17245,0
2016-06-28,21:50:00,171.13,171.23,171.08,171.15,7455,0
2016-06-28,21:55:00,171.12,171.16,170.99,171.16,5016,0
2016-06-28,22:00:00,171.17,171.37,171.13,171.27,52031,0
2016-06-29,15:35:00,171.98,172.6425,171.7001,172.61,10162,0
2016-06-29,15:40:00,172.7,173.3,172.64,173.05,1659,0
2016-06-29,15:45:00,173.08,173.27,172.92,173.09,1200,0
2016-06-29,15:50:00,172.895,173.11,172.77,173.05,1387,0
2016-06-29,15:55:00,173.07,173.155,173.03,173.12,500,0
2016-06-29,16:00:00,172.98,173.17,172.74,172.74,7956,0
2016-06-29,16:05:00,172.72,172.99,172.455,172.88,5315,0
2016-06-29,16:10:00,173,173,172.59,173,8604,0
2016-06-29,16:15:00,172.97,174.23,172.97,173.96,29166,0
2016-06-29,16:20:00,173.96,174.225,173.8,174.12,2700,0
2016-06-29,16:25:00,174.07,174.51,174.07,174.51,2870,0
2016-06-29,16:30:00,174.65,174.65,174.45,174.5,3006,0
2016-06-29,16:35:00,174.48,174.81,174.33,174.33,3616,0
2016-06-29,16:40:00,173.97,174.31,173.97,174.31,1600,0
2016-06-29,16:45:00,174.25,174.34,174.12,174.34,4563,0
2016-06-29,16:50:00,174.25,174.48,174.25,174.48,5543,0
2016-06-29,16:55:00,174.33,174.33,174.13,174.13,2100,0
2016-06-29,17:00:00,174.14,174.16,174.08,174.08,1100,0
2016-06-29,17:05:00,174.13,174.22,174.13,174.18,804,0
2016-06-29,17:10:00,174.18,174.19,174.18,174.18,4313,0
2016-06-29,17:15:00,174.2427,174.37,174.17,174.36,1142,0
2016-06-29,17:20:00,174.34,174.5,174.18,174.2673,1177,0
2016-06-29,17:25:00,174.21,174.28,174.13,174.13,600,0
2016-06-29,17:30:00,174.13,174.47,174.13,174.41,1948,0
2016-06-29,17:35:00,174.37,174.44,174.23,174.32,2500,0
2016-06-29,17:40:00,174.32,174.38,174.31,174.31,500,0
2016-06-29,17:45:00,174.36,174.45,174.36,174.44,1000,0
2016-06-29,17:50:00,174.41,174.41,174.03,174.03,2700,0
2016-06-29,17:55:00,173.99,174.21,173.99,174.21,600,0
2016-06-29,18:00:00,174.1466,174.45,174.1466,174.2,4947,0
2016-06-29,18:05:00,174.2,174.21,174.11,174.1483,700,0
2016-06-29,18:10:00,174.16,174.17,174.143,174.143,800,0
2016-06-29,18:15:00,174.1601,174.1601,174.1601,174.1601,120,0
2016-06-29,18:20:00,174.3,174.32,174.14,174.2647,7944,0
2016-06-29,18:25:00,174.46,174.46,174.29,174.29,800,0
2016-06-29,18:30:00,174.27,174.27,174.17,174.18,1000,0
2016-06-29,18:35:00,174.18,174.27,174.17,174.255,400,0
2016-06-29,18:40:00,174.249,174.445,174.249,174.3,600,0
2016-06-29,18:45:00,174.32,174.33,174.32,174.33,300,0
2016-06-29,18:50:00,174.27,174.49,174.25,174.33,2093,0
2016-06-29,18:55:00,174.28,174.3999,174.2,174.3999,1020,0
2016-06-29,19:00:00,174.34,174.46,174.291,174.4,1000,0
2016-06-29,19:05:00,174.37,174.545,174.33,174.33,3000,0
2016-06-29,19:10:00,174.32,174.32,174.11,174.13,1815,0
2016-06-29,19:15:00,174.138,174.31,174.09,174.24,3500,0
2016-06-29,19:20:00,174.2,174.44,174.2,174.35,8238,0
2016-06-29,19:25:00,174.35,174.555,174.35,174.48,800,0
2016-06-29,19:30:00,174.475,174.475,174.26,174.26,1695,0
2016-06-29,19:35:00,174.24,174.355,174.24,174.3,1852,0
2016-06-29,19:40:00,174.31,174.38,174.31,174.38,500,0
2016-06-29,19:45:00,174.37,174.37,174.23,174.23,1100,0
2016-06-29,19:50:00,174.15,174.25,174.1,174.25,2598,0
2016-06-29,19:55:00,174.28,174.28,174.15,174.17,700,0
2016-06-29,20:00:00,174.14,174.235,174.09,174.13,1600,0
2016-06-29,20:05:00,174.08,174.22,174.08,174.22,1700,0
2016-06-29,20:10:00,174.29,174.41,174.29,174.37,1000,0
2016-06-29,20:15:00,174.45,174.53,174.27,174.27,2531,0
2016-06-29,20:20:00,174.24,174.49,174.24,174.48,6246,0
2016-06-29,20:25:00,174.45,174.9,174.45,174.9,7089,0
2016-06-29,20:30:00,175,175,174.84,174.94,5200,0
2016-06-29,20:35:00,174.96,175.26,174.89,174.9,6171,0
2016-06-29,20:40:00,175.01,175.02,174.89,175,5417,0
2016-06-29,20:45:00,175.07,175.22,175.05,175.09,1710,0
2016-06-29,20:50:00,175.13,175.23,174.99,174.99,2692,0
2016-06-29,20:55:00,174.98,175.01,174.688,174.94,3255,0
2016-06-29,21:00:00,174.95,175.195,174.95,175.195,900,0
2016-06-29,21:05:00,175.21,175.35,175.14,175.35,9653,0
2016-06-29,21:10:00,175.44,175.48,175.39,175.42,3795,0
2016-06-29,21:15:00,175.4,175.555,175.18,175.18,9400,0
2016-06-29,21:20:00,175.44,175.54,175.31,175.54,900,0
2016-06-29,21:25:00,175.54,175.54,175.27,175.36,3133,0
2016-06-29,21:30:00,175.24,175.68,175.24,175.68,2400,0
2016-06-29,21:35:00,175.69,175.7,175.5,175.6,5000,0
2016-06-29,21:40:00,175.64,175.65,175.3,175.3,3426,0
2016-06-29,21:45:00,175.29,175.41,175.22,175.33,3899,0
2016-06-29,21:50:00,175.4,175.53,175.33,175.495,4561,0
2016-06-29,21:55:00,175.4,175.49,175.25,175.45,9435,0
2016-06-29,22:00:00,175.41,175.59,175.35,175.55,21047,0
2016-06-30,15:35:00,176.07,176.57,175.05,175.22,2936,0
2016-06-30,15:40:00,175.26,175.65,175.26,175.5,5281,0
2016-06-30,15:45:00,175.485,175.485,175.08,175.2,5769,0
2016-06-30,15:50:00,175.17,175.61,175.17,175.53,2900,0
2016-06-30,15:55:00,175.49,175.605,174.96,175.2799,13900,0
2016-06-30,16:00:00,175.28,175.29,174.94,175.13,15407,0
2016-06-30,16:05:00,175.12,175.12,174.605,174.73,8438,0
2016-06-30,16:10:00,175,175.045,174.77,175,10746,0
2016-06-30,16:15:00,175,175.31,174.9,175.18,12193,0
2016-06-30,16:20:00,175.11,175.11,174.59,174.83,5750,0
2016-06-30,16:25:00,174.83,175.05,174.785,174.785,3100,0
2016-06-30,16:30:00,174.775,174.84,174.52,174.727,1850,0
2016-06-30,16:35:00,174.6,175.07,174.59,174.84,4697,0
2016-06-30,16:40:00,174.96,175.175,174.87,175.07,1400,0
2016-06-30,16:45:00,175.11,175.33,174.87,175.16,3900,0
2016-06-30,16:50:00,175.22,175.32,175.08,175.13,3000,0
2016-06-30,16:55:00,175.285,175.3499,174.98,174.99,5972,0
2016-06-30,17:00:00,174.89,175.2,174.89,175.2,2651,0
2016-06-30,17:05:00,175.28,175.28,174.92,174.92,5090,0
2016-06-30,17:10:00,174.98,175.0399,174.9,174.9,1706,0
2016-06-30,17:15:00,175.03,175.06,174.95,174.97,1600,0
2016-06-30,17:20:00,175.03,175.05,174.73,174.9,2615,0
2016-06-30,17:25:00,174.76,175.01,174.76,174.92,1916,0
2016-06-30,17:30:00,174.95,175.1,174.85,175.01,3443,0
2016-06-30,17:35:00,174.945,175.195,174.945,175.17,17949,0
2016-06-30,17:40:00,175.17,175.17,174.96,175.02,4100,0
2016-06-30,17:45:00,175.02,175.02,174.81,174.83,1800,0
2016-06-30,17:50:00,174.81,174.94,174.76,174.76,900,0
2016-06-30,17:55:00,174.76,174.93,174.71,174.93,2340,0
2016-06-30,18:00:00,174.99,175.09,174.87,175,6900,0
2016-06-30,18:05:00,175.01,175.25,175,175.25,6684,0
2016-06-30,18:10:00,175.24,175.3,175.09,175.09,4100,0
2016-06-30,18:15:00,175.13,175.28,175.1,175.11,3957,0
2016-06-30,18:20:00,175.24,175.51,175.24,175.385,14694,0
2016-06-30,18:25:00,175.39,175.54,175.3,175.405,3208,0
2016-06-30,18:30:00,175.32,175.56,175.32,175.56,5697,0
2016-06-30,18:35:00,175.575,175.62,175.41,175.45,3697,0
2016-06-30,18:40:00,175.47,175.59,175.43,175.43,2800,0
2016-06-30,18:45:00,175.39,175.4,175.34,175.38,700,0
2016-06-30,18:50:00,175.36,175.48,175.31,175.48,800,0
2016-06-30,18:55:00,175.49,175.59,175.49,175.58,1000,0
2016-06-30,19:00:00,175.54,175.85,175.5,175.635,2050,0
2016-06-30,19:05:00,175.68,175.75,175.555,175.64,9799,0
2016-06-30,19:10:00,175.71,175.87,175.6,175.62,5742,0
2016-06-30,19:15:00,175.55,175.62,175.55,175.615,800,0
2016-06-30,19:20:00,175.61,175.91,175.61,175.7493,5940,0
2016-06-30,19:25:00,175.7,175.8,175.7,175.76,700,0
2016-06-30,19:30:00,175.8,175.82,175.57,175.69,2500,0
2016-06-30,19:35:00,175.75,175.89,175.695,175.77,2900,0
2016-06-30,19:40:00,175.79,175.98,175.67,175.71,6807,0
2016-06-30,19:45:00,175.71,175.89,175.71,175.77,4400,0
2016-06-30,19:50:00,175.8,175.8199,175.66,175.66,1700,0
2016-06-30,19:55:00,175.6833,175.86,175.65,175.74,3620,0
2016-06-30,20:00:00,175.72,175.86,175.68,175.76,6900,0
2016-06-30,20:05:00,175.73,175.78,175.7,175.7,1100,0
2016-06-30,20:10:00,175.92,175.97,175.82,175.875,2717,0
2016-06-30,20:15:00,175.94,176.02,175.84,175.84,3600,0
2016-06-30,20:20:00,175.84,176,175.84,175.87,6100,0
2016-06-30,20:25:00,175.89,176.015,175.89,175.95,3300,0
2016-06-30,20:30:00,175.965,176.05,175.85,176.03,7860,0
2016-06-30,20:35:00,176.055,176.14,176,176.06,3200,0
2016-06-30,20:40:00,175.99,176.03,175.83,175.83,2400,0
2016-06-30,20:45:00,175.831,176.23,175.83,176.23,4146,0
2016-06-30,20:50:00,176.18,176.18,176.02,176.14,2400,0
2016-06-30,20:55:00,176.2,176.2,176.12,176.19,2100,0
2016-06-30,21:00:00,176.24,176.445,176.13,176.22,3836,0
2016-06-30,21:05:00,176.32,176.48,176.23,176.23,4489,0
2016-06-30,21:10:00,176.2,176.29,176.17,176.2,2250,0
2016-06-30,21:15:00,176.24,176.26,176.02,176.02,5300,0
2016-06-30,21:20:00,176.03,176.0699,175.93,175.975,5864,0
2016-06-30,21:25:00,176.01,176.27,176.01,176.27,3016,0
2016-06-30,21:30:00,176.26,176.52,176.19,176.3,11000,0
2016-06-30,21:35:00,176.3,176.345,176.185,176.23,6670,0
2016-06-30,21:40:00,176.21,176.265,176.1,176.23,8703,0
2016-06-30,21:45:00,176.19,176.23,176.06,176.06,6458,0
2016-06-30,21:50:00,176.09,176.175,176.03,176.03,7887,0
2016-06-30,21:55:00,176.07,176.42,176.07,176.39,12804,0
2016-06-30,22:00:00,176.35,176.81,176.26,176.8,47402,0
2016-07-01,15:35:00,176.92,177.32,176.72,177.13,9200,0
2016-07-01,15:40:00,177.19,177.38,176.7,177.065,6143,0
2016-07-01,15:45:00,177.02,177.02,176.71,176.71,4400,0
2016-07-01,15:50:00,176.72,176.78,176.65,176.65,2590,0
2016-07-01,15:55:00,176.6,176.87,176.58,176.7,6186,0
2016-07-01,16:00:00,176.71,177.1,176.71,177.1,25004,0
2016-07-01,16:05:00,177.3,177.4,177.19,177.32,1800,0
2016-07-01,16:10:00,177.46,177.46,177.46,177.46,100,0
2016-07-01,16:15:00,177.47,177.47,177.19,177.19,1300,0
2016-07-01,16:20:00,177.18,177.2,177.01,177.13,1100,0
2016-07-01,16:25:00,177.25,177.275,177.05,177.05,1696,0
2016-07-01,16:30:00,176.95,177.045,176.95,177.045,200,0
2016-07-01,16:35:00,176.94,176.95,176.64,176.64,2500,0
2016-07-01,16:40:00,176.76,176.99,176.6,176.66,8903,0
2016-07-01,16:45:00,176.69,176.72,176.43,176.66,2745,0
2016-07-01,16:50:00,176.69,176.77,176.45,176.58,1751,0
2016-07-01,16:55:00,176.58,176.91,176.58,176.76,2501,0
2016-07-01,17:00:00,176.76,176.77,176.59,176.59,1750,0
2016-07-01,17:05:00,176.57,176.64,176.43,176.49,12481,0
2016-07-01,17:10:00,176.44,176.44,176.26,176.26,1100,0
2016-07-01,17:15:00,176.19,176.19,176.02,176.19,900,0
2016-07-01,17:20:00,176.17,176.17,175.87,175.87,1300,0
2016-07-01,17:25:00,175.88,176.12,175.88,176.045,1450,0
2016-07-01,17:30:00,175.98,176.26,175.98,176.26,1100,0
2016-07-01,17:35:00,176.26,176.49,176.26,176.42,2600,0
2016-07-01,17:40:00,176.45,176.48,176.44,176.44,700,0
2016-07-01,17:45:00,176.55,176.56,176.35,176.39,2880,0
2016-07-01,17:50:00,176.32,176.56,176.32,176.56,1470,0
2016-07-01,17:55:00,176.54,176.56,176.37,176.465,1500,0
2016-07-01,18:00:00,176.56,176.84,176.56,176.72,600,0
2016-07-01,18:05:00,176.64,176.64,176.58,176.58,1300,0
2016-07-01,18:10:00,176.43,176.43,176.42,176.42,200,0
2016-07-01,18:15:00,176.38,176.49,176.38,176.49,400,0
2016-07-01,18:20:00,176.65,176.66,176.63,176.64,900,0
2016-07-01,18:25:00,176.73,176.73,176.59,176.59,500,0
2016-07-01,18:30:00,176.56,176.61,176.53,176.61,697,0
2016-07-01,18:35:00,176.67,176.67,176.67,176.67,100,0
2016-07-01,18:40:00,176.58,176.66,176.48,176.48,900,0
2016-07-01,18:45:00,176.49,176.69,176.49,176.65,1200,0
2016-07-01,18:50:00,176.59,176.61,176.49,176.57,800,0
2016-07-01,18:55:00,176.46,176.74,176.43,176.74,1820,0
2016-07-01,19:00:00,176.62,176.62,176.6,176.6,200,0
2016-07-01,19:05:00,176.56,177.05,176.55,176.99,3500,0
2016-07-01,19:10:00,177.05,177.05,177.02,177.02,200,0
2016-07-01,19:15:00,177.09,177.21,176.94,176.96,4500,0
2016-07-01,19:20:00,176.94,176.94,176.61,176.61,500,0
2016-07-01,19:25:00,176.62,176.62,176.56,176.57,900,0
2016-07-01,19:30:00,176.37,176.37,176.37,176.37,300,0
2016-07-01,19:35:00,176.31,176.56,176.16,176.43,2300,0
2016-07-01,19:40:00,176.61,176.61,176.28,176.28,700,0
2016-07-01,19:45:00,176.57,176.78,176.57,176.66,1100,0
2016-07-01,19:50:00,176.67,176.8,176.58,176.8,1600,0
2016-07-01,19:55:00,176.74,176.86,176.74,176.75,1200,0
2016-07-01,20:00:00,176.69,176.8,176.69,176.8,1100,0
2016-07-01,20:05:00,176.77,176.92,176.65,176.92,1924,0
2016-07-01,20:10:00,176.87,176.89,176.82,176.82,900,0
2016-07-01,20:15:00,176.79,176.79,176.75,176.75,272,0
2016-07-01,20:20:00,176.5725,176.71,176.5725,176.65,2336,0
2016-07-01,20:25:00,176.815,176.835,176.74,176.835,600,0
2016-07-01,20:30:00,176.85,176.88,176.71,176.72,2895,0
2016-07-01,20:35:00,176.72,176.74,176.66,176.72,800,0
2016-07-01,20:40:00,176.73,176.825,176.71,176.71,1400,0
2016-07-01,20:45:00,176.73,176.78,176.6,176.6,1700,0
2016-07-01,20:50:00,176.55,176.95,176.55,176.79,700,0
2016-07-01,20:55:00,176.77,176.77,176.5284,176.5284,1127,0
2016-07-01,21:00:00,176.54,177.03,176.54,177.017,2991,0
2016-07-01,21:05:00,176.92,177.03,176.89,176.9,2400,0
2016-07-01,21:10:00,176.9,177.19,176.9,177.19,2054,0
2016-07-01,21:15:00,177.19,177.425,177.1,177.425,3384,0
2016-07-01,21:20:00,177.39,177.41,177.27,177.39,1601,0
2016-07-01,21:25:00,177.3812,177.4,177.11,177.12,2150,0
2016-07-01,21:30:00,177.02,177.07,176.925,177.06,2700,0
2016-07-01,21:35:00,177.09,177.1,176.92,176.92,2110,0
2016-07-01,21:40:00,176.93,177.07,176.845,176.845,3035,0
2016-07-01,21:45:00,176.83,177.16,176.83,176.99,6270,0
2016-07-01,21:50:00,177,177.05,176.89,176.92,4000,0
2016-07-01,21:55:00,176.97,177.1999,176.925,177.1101,11073,0
2016-07-01,22:00:00,177.1,177.33,177.08,177.21,79107,0
2016-07-05,15:35:00,177.09,177.45,176.131,176.17,6511,0
2016-07-05,15:40:00,176.595,176.99,176.2,176.91,2100,0
2016-07-05,15:45:00,176.656,176.955,176.656,176.935,300,0
2016-07-05,15:50:00,176.77,177.01,176.49,177.01,1300,0
2016-07-05,15:55:00,176.89,176.97,176.89,176.97,200,0
2016-07-05,16:00:00,176.85,177.2,176.85,177.05,1900,0
2016-07-05,16:05:00,176.8401,177.06,176.8401,177.06,1080,0
2016-07-05,16:10:00,177.05,177.27,176.95,177.01,2856,0
2016-07-05,16:15:00,177.13,177.45,177.12,177.45,300,0
2016-07-05,16:20:00,177.43,177.43,177.26,177.27,900,0
2016-07-05,16:25:00,177.37,177.5,177.275,177.5,600,0
2016-07-05,16:30:00,177.61,177.61,177.19,177.3294,2269,0
2016-07-05,16:35:00,177.22,177.42,177.19,177.23,2400,0
2016-07-05,16:40:00,177.18,177.19,177.02,177.19,2100,0
2016-07-05,16:45:00,177.3,177.35,177.205,177.34,1900,0
2016-07-05,16:50:00,177.29,177.31,177.1,177.27,6107,0
2016-07-05,16:55:00,177.3,177.3,177.13,177.13,5184,0
2016-07-05,17:00:00,177.21,177.52,177.21,177.34,8072,0
2016-07-05,17:05:00,177.325,177.325,177.09,177.295,5300,0
2016-07-05,17:10:00,177.29,177.43,177.13,177.13,4932,0
2016-07-05,17:15:00,177.255,177.295,177.06,177.06,2700,0
2016-07-05,17:20:00,177.17,177.44,177.17,177.33,2624,0
2016-07-05,17:25:00,177.27,177.35,177.23,177.34,1540,0
2016-07-05,17:30:00,177.37,177.37,177.19,177.19,1100,0
2016-07-05,17:35:00,177.14,177.4099,177.12,177.4099,800,0
2016-07-05,17:45:00,177.14,177.4,177.14,177.3,2786,0
2016-07-05,17:50:00,177.16,177.28,177.08,177.17,5781,0
2016-07-05,17:55:00,177.07,177.22,177.07,177.18,3800,0
2016-07-05,18:00:00,177.18,177.67,177.1,177.6,2662,0
2016-07-05,18:05:00,177.4451,177.4451,177.4451,177.4451,265,0
2016-07-05,18:10:00,177.36,177.36,177,177,5012,0
2016-07-05,18:15:00,177.205,177.21,176.9,177.09,4816,0
2016-07-05,18:20:00,177.01,177.06,176.95,177,800,0
2016-07-05,18:25:00,177.06,177.31,177.06,177.14,1650,0
2016-07-05,18:30:00,177.28,177.48,177.28,177.37,1400,0
2016-07-05,18:35:00,177.35,177.69,177.33,177.69,4385,0
2016-07-05,18:40:00,177.57,177.57,177.38,177.41,2500,0
2016-07-05,18:45:00,177.4,177.445,177.36,177.36,400,0
2016-07-05,18:50:00,177.36,177.36,177.36,177.36,200,0
2016-07-05,18:55:00,177.27,177.27,177.115,177.115,1900,0
2016-07-05,19:00:00,177.12,177.21,177.12,177.2,3460,0
2016-07-05,19:05:00,177.17,177.17,176.93,177.01,700,0
2016-07-05,19:10:00,177.18,177.36,177.18,177.2,3404,0
2016-07-05,19:15:00,177.02,177.02,176.89,176.96,400,0
2016-07-05,19:20:00,176.85,176.93,176.81,176.93,1400,0
2016-07-05,19:25:00,176.89,177.08,176.89,177.08,500,0
2016-07-05,19:30:00,177.05,177.05,177.05,177.05,100,0
2016-07-05,19:35:00,176.99,177,176.99,177,300,0
2016-07-05,19:40:00,176.925,176.9544,176.83,176.83,648,0
2016-07-05,19:45:00,176.8,176.85,176.8,176.85,300,0
2016-07-05,19:50:00,176.58,176.82,176.49,176.82,1900,0
2016-07-05,19:55:00,176.97,176.97,176.8663,176.8663,1400,0
2016-07-05,20:00:00,176.9,176.91,176.81,176.81,2289,0
2016-07-05,20:05:00,176.73,177.07,176.73,177.07,859,0
2016-07-05,20:10:00,177.1799,177.24,177.1799,177.24,324,0
2016-07-05,20:15:00,177.2,177.25,177.14,177.2,3010,0
2016-07-05,20:20:00,177.2,177.44,177.2,177.44,4548,0
2016-07-05,20:25:00,177.33,177.43,177.27,177.43,3854,0
2016-07-05,20:30:00,177.33,177.33,177.27,177.32,1500,0
2016-07-05,20:35:00,177.32,177.43,177.27,177.36,2500,0
2016-07-05,20:40:00,177.31,177.32,177.31,177.32,1138,0
2016-07-05,20:45:00,177.28,177.45,177.27,177.32,4409,0
2016-07-05,20:50:00,177.4,177.48,177.1,177.175,2700,0
2016-07-05,20:55:00,177.1652,177.17,177.06,177.06,550,0
2016-07-05,21:00:00,177.11,177.31,177.11,177.31,1200,0
2016-07-05,21:05:00,177.22,177.38,177.155,177.35,2010,0
2016-07-05,21:10:00,177.28,177.41,177.28,177.31,400,0
2016-07-05,21:15:00,177.4,177.46,177.4,177.43,1100,0
2016-07-05,21:20:00,177.415,177.415,177.31,177.37,1176,0
2016-07-05,21:25:00,177.38,177.43,177.27,177.391,1800,0
2016-07-05,21:30:00,177.41,177.54,177.39,177.49,1000,0
2016-07-05,21:35:00,177.56,177.66,177.46,177.59,2340,0
2016-07-05,21:40:00,177.66,177.66,177.43,177.48,6853,0
2016-07-05,21:45:00,177.53,177.68,177.47,177.58,13308,0
2016-07-05,21:50:00,177.65,177.665,177.51,177.56,1400,0
2016-07-05,21:55:00,177.56,177.56,177.41,177.41,9724,0
2016-07-05,22:00:00,177.39,177.42,177.18,177.25,52814,0
2016-07-06,15:35:00,176.89,177.26,176,177.2,4327,0
2016-07-06,15:45:00,177.31,177.4799,177.26,177.26,800,0
2016-07-06,15:50:00,177.115,177.41,177.115,177.18,1465,0
2016-07-06,15:55:00,177.03,177.455,177.03,177.455,1300,0
2016-07-06,16:00:00,177.3866,177.67,177.33,177.54,1325,0
2016-07-06,16:05:00,177.69,178.26,177.69,178.1,2800,0
2016-07-06,16:10:00,178.11,178.12,177.78,177.78,4300,0
2016-07-06,16:15:00,177.93,177.98,177.75,177.87,6800,0
2016-07-06,16:20:00,177.85,177.85,177.21,177.3072,4000,0
2016-07-06,16:25:00,177.2531,177.36,177.11,177.25,2000,0
2016-07-06,16:30:00,177.4167,177.5,177.19,177.19,1600,0
2016-07-06,16:35:00,176.94,177.045,176.93,176.98,1100,0
2016-07-06,16:40:00,177.04,177.2,177.02,177.2,750,0
2016-07-06,16:45:00,177.33,177.33,177.16,177.245,600,0
2016-07-06,16:50:00,177.095,177.16,177.095,177.12,300,0
2016-07-06,16:55:00,177.13,177.43,177.13,177.42,800,0
2016-07-06,17:00:00,177.415,177.415,177.26,177.34,1174,0
2016-07-06,17:05:00,177.44,177.4999,177.32,177.36,1200,0
2016-07-06,17:10:00,177.38,177.64,177.265,177.64,2500,0
2016-07-06,17:15:00,177.65,177.96,177.65,177.92,1500,0
2016-07-06,17:20:00,177.91,178.13,177.89,178.07,3020,0
2016-07-06,17:25:00,178,178.02,177.81,177.88,600,0
2016-07-06,17:30:00,177.79,177.94,177.56,177.56,1200,0
2016-07-06,17:35:00,177.71,177.7488,177.56,177.56,795,0
2016-07-06,17:45:00,177.66,177.7199,177.46,177.46,1021,0
2016-07-06,17:50:00,177.59,177.71,177.57,177.57,1000,0
2016-07-06,17:55:00,177.58,178.07,177.58,178.0484,4092,0
2016-07-06,18:00:00,177.95,177.95,177.84,177.86,400,0
2016-07-06,18:05:00,178.03,178.27,177.99,178.235,3000,0
2016-07-06,18:10:00,178.18,178.18,177.95,178.17,900,0
2016-07-06,18:15:00,178.12,178.26,178.05,178.05,2100,0
2016-07-06,18:20:00,178.044,178.044,178.044,178.044,100,0
2016-07-06,18:25:00,178,178.16,177.68,177.68,1600,0
2016-07-06,18:30:00,177.84,177.9814,177.81,177.9814,811,0
2016-07-06,18:35:00,178.03,178.11,177.98,177.98,900,0
2016-07-06,18:40:00,178.09,178.14,177.99,178.08,2325,0
2016-07-06,18:45:00,178.015,178.225,178.015,178.225,600,0
2016-07-06,18:50:00,178.24,178.24,177.9,177.92,1500,0
2016-07-06,18:55:00,177.95,178.12,177.9,178.03,1100,0
2016-07-06,19:00:00,177.96,178.07,177.92,178.07,900,0
2016-07-06,19:05:00,178.34,178.395,178.26,178.395,1260,0
2016-07-06,19:10:00,178.35,178.35,178.13,178.13,1200,0
2016-07-06,19:15:00,178.22,178.2807,178.205,178.205,600,0
2016-07-06,19:20:00,178.25,178.3499,178.18,178.26,1000,0
2016-07-06,19:25:00,178.13,178.26,177.88,177.88,1400,0
2016-07-06,19:30:00,177.88,178.25,177.88,178.25,1300,0
2016-07-06,19:35:00,178.2,178.295,178.03,178.03,1422,0
2016-07-06,19:40:00,178.08,178.17,177.99,178.155,1500,0
2016-07-06,19:45:00,178.11,178.11,177.91,177.91,700,0
2016-07-06,19:50:00,177.79,177.85,177.66,177.67,800,0
2016-07-06,19:55:00,177.8,177.93,177.72,177.93,700,0
2016-07-06,20:00:00,177.94,177.94,177.6,177.6,1300,0
2016-07-06,20:05:00,177.6,177.94,177.535,177.8825,1900,0
2016-07-06,20:10:00,177.83,177.895,177.7,177.895,1700,0
2016-07-06,20:15:00,178.01,178.03,177.62,177.62,2000,0
2016-07-06,20:20:00,177.57,177.74,177.33,177.63,4928,0
2016-07-06,20:25:00,177.67,177.81,177.6,177.6,1000,0
2016-07-06,20:30:00,177.63,177.7699,177.61,177.7699,730,0
2016-07-06,20:35:00,177.76,177.97,177.68,177.9,2500,0
2016-07-06,20:40:00,177.995,178.22,177.78,178.22,2600,0
2016-07-06,20:45:00,178.27,178.27,177.83,177.83,1300,0
2016-07-06,20:50:00,178.02,178.07,177.9,177.9275,1400,0
2016-07-06,20:55:00,178,178.15,177.9,178.02,1380,0
2016-07-06,21:00:00,178.22,178.22,178.05,178.14,600,0
2016-07-06,21:05:00,178.13,178.15,177.96,178.13,2400,0
2016-07-06,21:10:00,178.07,178.115,177.93,178.07,1300,0
2016-07-06,21:15:00,178.05,178.175,177.94,178.09,1778,0
2016-07-06,21:20:00,178.05,178.11,177.98,178.02,1600,0
2016-07-06,21:25:00,177.95,178.05,177.82,177.88,2070,0
2016-07-06,21:30:00,177.95,178.02,177.8,177.97,2883,0
2016-07-06,21:35:00,177.9,178.12,177.9,178.09,2046,0
2016-07-06,21:40:00,178.05,178.15,177.97,177.99,2000,0
2016-07-06,21:45:00,178.035,178.25,178.01,178.24,3700,0
2016-07-06,21:50:00,178.25,178.32,178.12,178.16,3733,0
2016-07-06,21:55:00,178.21,178.26,178.11,178.25,10472,0
2016-07-06,22:00:00,178.25,178.43,177.99,178.14,91441,0
2016-07-07,15:35:00,178.5,178.79,178.405,178.49,4896,0
2016-07-07,15:40:00,178.76,179.355,178.74,178.9575,2370,0
2016-07-07,15:45:00,179.22,179.26,178.78,178.78,740,0
2016-07-07,15:50:00,179.2,179.35,179.045,179.17,1000,0
2016-07-07,15:55:00,179.33,179.33,179.01,179.02,300,0
2016-07-07,16:00:00,178.792,178.89,178.73,178.77,511,0
2016-07-07,16:05:00,178.85,178.97,178.67,178.7,3300,0
2016-07-07,16:10:00,178.78,178.78,178.29,178.29,500,0
2016-07-07,16:15:00,178.55,178.55,178.25,178.42,1100,0
2016-07-07,16:20:00,178.33,178.41,178.1966,178.1966,1652,0
2016-07-07,16:25:00,178.135,178.46,178.13,178.44,3100,0
2016-07-07,16:30:00,178.37,178.66,178.37,178.43,5970,0
2016-07-07,16:35:00,178.41,178.68,178.3,178.605,1200,0
2016-07-07,16:40:00,178.63,178.69,178.46,178.46,1630,0
2016-07-07,16:45:00,178.69,178.76,178.69,178.76,700,0
2016-07-07,16:50:00,178.82,178.86,178.65,178.78,1920,0
2016-07-07,16:55:00,178.84,178.96,178.71,178.96,1700,0
2016-07-07,17:00:00,178.93,178.98,178.46,178.54,3910,0
2016-07-07,17:05:00,178.26,178.72,178.26,178.72,1900,0
2016-07-07,17:10:00,178.34,178.74,178.33,178.55,1332,0
2016-07-07,17:15:00,178.75,178.75,178.55,178.55,600,0
2016-07-07,17:20:00,178.495,178.64,178.31,178.35,1318,0
2016-07-07,17:25:00,178.37,178.49,178.27,178.27,2310,0
2016-07-07,17:30:00,178.31,178.52,178.26,178.52,2600,0
2016-07-07,17:35:00,178.55,178.57,178.39,178.57,2400,0
2016-07-07,17:40:00,178.56,178.61,178.41,178.41,300,0
2016-07-07,17:45:00,178.55,178.55,178.4,178.4,2800,0
2016-07-07,17:50:00,178.34,178.4,178.01,178.39,2847,0
2016-07-07,17:55:00,178.2699,178.43,178.22,178.35,1208,0
2016-07-07,18:00:00,178.25,178.41,178.205,178.41,900,0
2016-07-07,18:05:00,178.21,178.32,178,178,1600,0
2016-07-07,18:10:00,178.09,178.2,178,178.08,900,0
2016-07-07,18:15:00,178.16,178.16,178,178.025,1200,0
2016-07-07,18:20:00,178.065,178.11,177.83,177.83,2000,0
2016-07-07,18:25:00,177.83,177.83,177.73,177.73,500,0
2016-07-07,18:30:00,177.74,178.04,177.71,178.04,1400,0
2016-07-07,18:35:00,178.09,178.09,177.84,177.93,6577,0
2016-07-07,18:40:00,177.97,177.97,177.73,177.73,2500,0
2016-07-07,18:45:00,177.69,177.8,177.6301,177.7121,2300,0
2016-07-07,18:50:00,177.63,177.9425,177.59,177.9425,4197,0
2016-07-07,18:55:00,177.82,177.9,177.68,177.77,1120,0
2016-07-07,19:00:00,177.56,177.622,177.53,177.56,825,0
2016-07-07,19:05:00,177.46,177.55,177.29,177.29,2267,0
2016-07-07,19:10:00,177.39,177.5,177.35,177.35,900,0
2016-07-07,19:15:00,177.44,177.51,177.35,177.51,800,0
2016-07-07,19:20:00,177.39,177.52,177.38,177.47,1200,0
2016-07-07,19:25:00,177.48,177.59,177.48,177.54,400,0
2016-07-07,19:30:00,177.58,177.7364,177.57,177.6925,1100,0
2016-07-07,19:35:00,177.7,177.71,177.48,177.48,6250,0
2016-07-07,19:40:00,177.5319,177.5319,177.38,177.4021,400,0
2016-07-07,19:45:00,177.42,177.54,177.33,177.54,15018,0
2016-07-07,19:50:00,177.57,177.57,177.35,177.4303,900,0
2016-07-07,19:55:00,177.45,177.52,177.31,177.52,2400,0
2016-07-07,20:00:00,177.62,177.67,177.55,177.67,800,0
2016-07-07,20:05:00,177.6606,177.76,177.6606,177.76,575,0
2016-07-07,20:10:00,177.64,177.79,177.44,177.495,2100,0
2016-07-07,20:15:00,177.52,177.55,177.105,177.105,2000,0
2016-07-07,20:20:00,177.095,177.38,177.095,177.29,2188,0
2016-07-07,20:25:00,177.29,177.41,177.26,177.4,832,0
2016-07-07,20:30:00,177.25,177.47,177.115,177.27,2100,0
2016-07-07,20:35:00,177.3,177.3,176.98,176.98,1000,0
2016-07-07,20:40:00,177.14,177.24,177,177.13,900,0
2016-07-07,20:45:00,177.14,177.21,177.14,177.16,500,0
2016-07-07,20:50:00,177.1946,177.35,177.13,177.33,2788,0
2016-07-07,20:55:00,177.38,177.38,177.1125,177.1125,800,0
2016-07-07,21:00:00,177.25,177.31,177.08,177.12,500,0
2016-07-07,21:05:00,177.41,177.51,177.16,177.51,2208,0
2016-07-07,21:10:00,177.34,177.56,177.34,177.56,300,0
2016-07-07,21:15:00,177.62,177.71,177.51,177.66,1955,0
2016-07-07,21:20:00,177.72,177.79,177.45,177.5312,900,0
2016-07-07,21:25:00,177.71,177.71,177.54,177.55,1600,0
2016-07-07,21:30:00,177.55,177.7,177.55,177.605,1665,0
2016-07-07,21:35:00,177.68,177.76,177.64,177.69,1900,0
2016-07-07,21:40:00,177.7,177.87,177.7,177.85,2743,0
2016-07-07,21:45:00,177.81,177.84,177.73,177.75,1300,0
2016-07-07,21:50:00,177.78,177.99,177.78,177.79,2434,0
2016-07-07,21:55:00,177.86,177.97,177.78,177.9,4885,0
2016-07-07,22:00:00,177.98,178.01,177.85,177.98,32573,0
2016-07-08,15:35:00,179,179,178.64,178.64,4299,0
2016-07-08,15:40:00,178.48,178.48,178.47,178.47,300,0
2016-07-08,15:45:00,178.43,178.43,178.43,178.43,200,0
2016-07-08,15:50:00,178.72,178.93,178.57,178.6,4277,0
2016-07-08,15:55:00,178.65,178.7,178.65,178.7,700,0
2016-07-08,16:00:00,178.63,178.87,178.52,178.786,8124,0
2016-07-08,16:05:00,178.89,178.99,178.57,178.83,12958,0
2016-07-08,16:10:00,178.95,179.48,178.93,179.33,6593,0
2016-07-08,16:15:00,179.3434,179.3434,179.1,179.1,1200,0
2016-07-08,16:20:00,179.23,179.31,179.09,179.1201,10280,0
2016-07-08,16:25:00,179.1,179.31,179.09,179.31,4660,0
2016-07-08,16:30:00,179.36,179.36,179.18,179.18,600,0
2016-07-08,16:35:00,179.29,179.29,179.0701,179.185,600,0
2016-07-08,16:40:00,179.29,179.435,179.29,179.435,1200,0
2016-07-08,16:45:00,179.4665,179.54,179.4,179.49,2565,0
2016-07-08,16:50:00,179.4,179.5199,179.32,179.5199,709,0
2016-07-08,16:55:00,179.44,179.5,179.2701,179.28,1455,0
2016-07-08,17:00:00,179.47,179.63,179.47,179.56,2200,0
2016-07-08,17:05:00,179.55,179.565,179.47,179.48,900,0
2016-07-08,17:10:00,179.63,179.64,179.5,179.5,1100,0
2016-07-08,17:15:00,179.48,179.5324,179.41,179.41,1300,0
2016-07-08,17:20:00,179.41,179.59,179.41,179.46,6321,0
2016-07-08,17:25:00,179.58,179.5995,179.425,179.425,1000,0
2016-07-08,17:30:00,179.495,179.74,179.495,179.65,1500,0
2016-07-08,17:35:00,179.62,179.62,179.37,179.37,1300,0
2016-07-08,17:40:00,179.445,179.56,179.37,179.44,1400,0
2016-07-08,17:45:00,179.44,179.44,179.18,179.18,800,0
2016-07-08,17:50:00,179.19,179.31,179.12,179.26,1600,0
2016-07-08,17:55:00,179.33,179.46,179.33,179.46,800,0
2016-07-08,18:00:00,179.55,179.63,179.54,179.58,1000,0
2016-07-08,18:05:00,179.6,179.6,179.45,179.4861,1751,0
2016-07-08,18:10:00,179.39,179.51,179.39,179.47,400,0
2016-07-08,18:15:00,179.495,179.5852,179.49,179.52,2783,0
2016-07-08,18:20:00,179.605,179.61,179.6,179.61,500,0
2016-07-08,18:25:00,179.53,179.61,179.45,179.61,1200,0
2016-07-08,18:30:00,179.43,179.43,179.43,179.43,100,0
2016-07-08,18:35:00,179.5408,179.56,179.38,179.38,1100,0
2016-07-08,18:40:00,179.39,179.45,179.34,179.45,1825,0
2016-07-08,18:45:00,179.49,179.57,179.49,179.57,400,0
2016-07-08,18:50:00,179.5,179.5,179.43,179.43,500,0
2016-07-08,18:55:00,179.355,179.56,179.355,179.56,1200,0
2016-07-08,19:00:00,179.56,179.64,179.56,179.6,800,0
2016-07-08,19:05:00,179.54,179.61,179.54,179.61,500,0
2016-07-08,19:10:00,179.54,179.7401,179.51,179.72,4205,0
2016-07-08,19:15:00,179.74,179.79,179.7,179.7,700,0
2016-07-08,19:20:00,179.74,179.74,179.65,179.66,2500,0
2016-07-08,19:25:00,179.73,179.76,179.73,179.76,200,0
2016-07-08,19:30:00,179.745,179.89,179.745,179.89,2500,0
2016-07-08,19:35:00,179.92,179.97,179.74,179.77,2400,0
2016-07-08,19:40:00,179.81,179.93,179.81,179.88,1800,0
2016-07-08,19:45:00,179.93,180.02,179.86,180,2502,0
2016-07-08,19:50:00,179.83,179.9487,179.83,179.835,800,0
2016-07-08,19:55:00,179.83,179.96,179.83,179.86,2129,0
2016-07-08,20:00:00,179.86,179.86,179.86,179.86,100,0
2016-07-08,20:05:00,179.92,180.03,179.92,179.98,1900,0
2016-07-08,20:10:00,180,180.18,179.99,180.18,5765,0
2016-07-08,20:15:00,180.1799,180.245,180.1249,180.21,1500,0
2016-07-08,20:20:00,180.15,180.24,180.15,180.18,1000,0
2016-07-08,20:25:00,180.33,180.38,180.2178,180.2178,1500,0
2016-07-08,20:30:00,180.215,180.33,180.21,180.33,600,0
2016-07-08,20:35:00,180.37,180.53,180.346,180.51,1300,0
2016-07-08,20:40:00,180.46,180.59,180.364,180.364,2427,0
2016-07-08,20:45:00,180.37,180.43,180.37,180.43,900,0
2016-07-08,20:50:00,180.41,180.41,180.27,180.34,1200,0
2016-07-08,20:55:00,180.289,180.55,180.289,180.55,1717,0
2016-07-08,21:00:00,180.56,180.57,180.41,180.42,1476,0
2016-07-08,21:05:00,180.42,180.5,180.3,180.4,3400,0
2016-07-08,21:10:00,180.49,180.55,180.39,180.55,2700,0
2016-07-08,21:15:00,180.56,180.68,180.56,180.68,2200,0
2016-07-08,21:20:00,180.68,180.72,180.48,180.62,2500,0
2016-07-08,21:25:00,180.605,180.605,180.48,180.51,3300,0
2016-07-08,21:30:00,180.55,180.59,180.41,180.46,3400,0
2016-07-08,21:35:00,180.37,180.44,180.33,180.44,3357,0
2016-07-08,21:40:00,180.375,180.52,180.32,180.49,4703,0
2016-07-08,21:45:00,180.418,180.5,180.35,180.5,2761,0
2016-07-08,21:50:00,180.44,180.75,180.36,180.73,6651,0
2016-07-08,21:55:00,180.77,180.8,180.63,180.79,14732,0
2016-07-08,22:00:00,180.77,180.91,180.62,180.72,61843,0
