Date,Time,Open,High,Low,Close,Volume,OpenInt
2016-06-22,15:35:00,16.74,16.97,16.6972,16.95,25341,0
2016-06-22,15:40:00,16.95,16.95,16.72,16.8601,30693,0
2016-06-22,15:45:00,16.875,16.94,16.8354,16.88,53045,0
2016-06-22,15:50:00,16.87,16.9,16.81,16.87,56808,0
2016-06-22,15:55:00,16.875,16.91,16.83,16.83,62683,0
2016-06-22,16:00:00,16.84,16.845,16.77,16.77,30817,0
2016-06-22,16:05:00,16.77,16.82,16.69,16.7,43692,0
2016-06-22,16:10:00,16.7,16.73,16.65,16.69,47082,0
2016-06-22,16:15:00,16.7,16.76,16.67,16.75,47044,0
2016-06-22,16:20:00,16.755,16.77,16.66,16.69,42989,0
2016-06-22,16:25:00,16.69,16.71,16.655,16.71,52641,0
2016-06-22,16:30:00,16.71,16.73,16.635,16.69,32412,0
2016-06-22,16:35:00,16.7,17.24,16.6,17.2142,130397,0
2016-06-22,16:40:00,17.2,17.27,16.99,17.02,61246,0
2016-06-22,16:45:00,17.02,17.14,16.96,17.1,40808,0
2016-06-22,16:50:00,17.11,17.27,17.04,17.26,55286,0
2016-06-22,16:55:00,17.27,17.34,17.21,17.23,72919,0
2016-06-22,17:00:00,17.23,17.24,17.11,17.18,34457,0
2016-06-22,17:05:00,17.17,17.29,17.14,17.29,47138,0
2016-06-22,17:10:00,17.29,17.31,17.25,17.3017,47335,0
2016-06-22,17:15:00,17.3,17.315,17.16,17.17,48568,0
2016-06-22,17:20:00,17.174,17.24,17.165,17.2,35368,0
2016-06-22,17:25:00,17.2,17.25,17.195,17.2,16100,0
2016-06-22,17:30:00,17.2,17.27,17.2,17.24,18937,0
2016-06-22,17:35:00,17.24,17.24,17.06,17.0883,55272,0
2016-06-22,17:40:00,17.09,17.13,17.06,17.09,29966,0
2016-06-22,17:45:00,17.08,17.11,17.0289,17.095,47993,0
2016-06-22,17:50:00,17.09,17.09,16.9936,16.9936,43318,0
2016-06-22,17:55:00,16.9964,17.07,16.995,17.02,49964,0
2016-06-22,18:00:00,17.03,17.07,17.03,17.04,34151,0
2016-06-22,18:05:00,17.04,17.065,17.01,17.02,16529,0
2016-06-22,18:10:00,17.013,17.013,16.96,16.97,23340,0
2016-06-22,18:15:00,16.98,17.04,16.975,17.01,21605,0
2016-06-22,18:20:00,17.02,17.02,16.96,16.97,16440,0
2016-06-22,18:25:00,16.96,16.96,16.84,16.8463,61458,0
2016-06-22,18:30:00,16.85,16.91,16.84,16.91,25181,0
2016-06-22,18:35:00,16.9,16.915,16.87,16.91,15906,0
2016-06-22,18:40:00,16.9,16.905,16.84,16.855,17595,0
2016-06-22,18:45:00,16.85,16.855,16.74,16.745,61482,0
2016-06-22,18:50:00,16.745,16.745,16.69,16.73,41030,0
2016-06-22,18:55:00,16.73,16.745,16.7,16.72,28479,0
2016-06-22,19:00:00,16.715,16.78,16.715,16.76,25166,0
2016-06-22,19:05:00,16.7599,16.7599,16.725,16.75,30351,0
2016-06-22,19:10:00,16.75,16.76,16.705,16.705,39464,0
2016-06-22,19:15:00,16.7,16.77,16.7,16.77,29707,0
2016-06-22,19:20:00,16.78,16.78,16.735,16.76,17828,0
2016-06-22,19:25:00,16.77,16.79,16.74,16.7599,18792,0
2016-06-22,19:30:00,16.76,16.83,16.75,16.81,18950,0
2016-06-22,19:35:00,16.81,16.82,16.75,16.79,21747,0
2016-06-22,19:40:00,16.79,16.83,16.78,16.83,16139,0
2016-06-22,19:45:00,16.83,16.8325,16.79,16.83,18021,0
2016-06-22,19:50:00,16.82,16.875,16.82,16.86,17201,0
2016-06-22,19:55:00,16.865,16.91,16.86,16.88,17579,0
2016-06-22,20:00:00,16.885,16.91,16.87,16.875,14325,0
2016-06-22,20:05:00,16.87,16.875,16.84,16.865,10048,0
2016-06-22,20:10:00,16.86,16.9,16.86,16.8799,19572,0
2016-06-22,20:15:00,16.88,16.8899,16.86,16.88,15246,0
2016-06-22,20:20:00,16.88,16.9125,16.875,16.885,19916,0
2016-06-22,20:25:00,16.88,16.88,16.81,16.83,43964,0
2016-06-22,20:30:00,16.83,16.86,16.82,16.82,19587,0
2016-06-22,20:35:00,16.825,16.85,16.82,16.83,22621,0
2016-06-22,20:40:00,16.83,16.85,16.81,16.85,17840,0
2016-06-22,20:45:00,16.85,16.87,16.845,16.86,11966,0
2016-06-22,20:50:00,16.85,16.87,16.83,16.85,16434,0
2016-06-22,20:55:00,16.8499,16.85,16.8301,16.85,14557,0
2016-06-22,21:00:00,16.86,16.89,16.855,16.87,17481,0
2016-06-22,21:05:00,16.88,16.92,16.87,16.89,26722,0
2016-06-22,21:10:00,16.9,16.9,16.84,16.8425,26102,0
2016-06-22,21:15:00,16.835,16.87,16.835,16.84,35954,0
2016-06-22,21:20:00,16.85,16.88,16.835,16.84,21100,0
2016-06-22,21:25:00,16.84,16.84,16.8,16.825,22326,0
2016-06-22,21:30:00,16.83,16.855,16.81,16.815,18307,0
2016-06-22,21:35:00,16.82,16.83,16.8,16.81,40368,0
2016-06-22,21:40:00,16.805,16.805,16.75,16.79,40615,0
2016-06-22,21:45:00,16.79,16.81,16.785,16.79,28628,0
2016-06-22,21:50:00,16.78,16.83,16.78,16.83,54565,0
2016-06-22,21:55:00,16.83,16.835,16.77,16.79,58769,0
2016-06-22,22:00:00,16.79,16.81,16.77,16.785,116354,0
2016-06-23,15:35:00,17.04,17.33,16.97,17.191,36527,0
2016-06-23,15:40:00,17.17,17.2026,17,17.08,25438,0
2016-06-23,15:45:00,17.14,17.14,16.91,17,57683,0
2016-06-23,15:50:00,17.02,17.16,17,17.14,53447,0
2016-06-23,15:55:00,17.15,17.2,17.1,17.14,66119,0
2016-06-23,16:00:00,17.15,17.28,17.15,17.28,44288,0
2016-06-23,16:05:00,17.29,17.3501,17.25,17.35,41092,0
2016-06-23,16:10:00,17.35,17.35,17.195,17.22,35965,0
2016-06-23,16:15:00,17.215,17.316,17.21,17.2935,42801,0
2016-06-23,16:20:00,17.295,17.33,17.27,17.27,30781,0
2016-06-23,16:25:00,17.27,17.31,17.245,17.26,37126,0
2016-06-23,16:30:00,17.255,17.326,17.25,17.26,31479,0
2016-06-23,16:35:00,17.25,17.27,17.2,17.255,44610,0
2016-06-23,16:40:00,17.25,17.25,17.19,17.22,45174,0
2016-06-23,16:45:00,17.215,17.215,17.16,17.2,44902,0
2016-06-23,16:50:00,17.2,17.21,17.14,17.14,14703,0
2016-06-23,16:55:00,17.15,17.24,17.145,17.23,27514,0
2016-06-23,17:00:00,17.235,17.3,17.225,17.265,46787,0
2016-06-23,17:05:00,17.27,17.28,17.24,17.245,41265,0
2016-06-23,17:10:00,17.25,17.27,17.1938,17.235,45299,0
2016-06-23,17:15:00,17.23,17.25,17.21,17.245,35102,0
2016-06-23,17:20:00,17.24,17.32,17.235,17.3,33838,0
2016-06-23,17:25:00,17.3,17.315,17.24,17.31,28329,0
2016-06-23,17:30:00,17.305,17.41,17.295,17.39,59490,0
2016-06-23,17:35:00,17.399,17.41,17.365,17.395,32752,0
2016-06-23,17:40:00,17.4,17.415,17.35,17.355,27730,0
2016-06-23,17:45:00,17.36,17.36,17.2601,17.27,72089,0
2016-06-23,17:50:00,17.27,17.34,17.265,17.33,47830,0
2016-06-23,17:55:00,17.32,17.33,17.25,17.25,30531,0
2016-06-23,18:00:00,17.24,17.26,17.215,17.22,29300,0
2016-06-23,18:05:00,17.23,17.25,17.205,17.24,26932,0
2016-06-23,18:10:00,17.235,17.41,17.235,17.39,132622,0
2016-06-23,18:15:00,17.4,17.41,17.35,17.37,132269,0
2016-06-23,18:20:00,17.38,17.38,17.29,17.33,27450,0
2016-06-23,18:25:00,17.33,17.34,17.305,17.315,25097,0
2016-06-23,18:30:00,17.32,17.33,17.3,17.305,14157,0
2016-06-23,18:35:00,17.31,17.31,17.29,17.295,21318,0
2016-06-23,18:40:00,17.3,17.34,17.295,17.33,15921,0
2016-06-23,18:45:00,17.33,17.39,17.31,17.39,96258,0
2016-06-23,18:50:00,17.39,17.39,17.325,17.33,200405,0
2016-06-23,18:55:00,17.33,17.37,17.33,17.365,15791,0
2016-06-23,19:00:00,17.37,17.41,17.37,17.4,34997,0
2016-06-23,19:05:00,17.4,17.405,17.38,17.38,18993,0
2016-06-23,19:10:00,17.38,17.38,17.35,17.365,22086,0
2016-06-23,19:15:00,17.365,17.37,17.35,17.365,25897,0
2016-06-23,19:20:00,17.36,17.415,17.35,17.405,21958,0
2016-06-23,19:25:00,17.41,17.44,17.41,17.43,35000,0
2016-06-23,19:30:00,17.43,17.445,17.415,17.435,27510,0
2016-06-23,19:35:00,17.435,17.44,17.4,17.4,42847,0
2016-06-23,19:40:00,17.39,17.4,17.365,17.385,15848,0
2016-06-23,19:45:00,17.4,17.44,17.395,17.43,24806,0
2016-06-23,19:50:00,17.425,17.43,17.37,17.385,18214,0
2016-06-23,19:55:00,17.38,17.39,17.345,17.36,20637,0
2016-06-23,20:00:00,17.365,17.39,17.36,17.3875,15215,0
2016-06-23,20:05:00,17.39,17.43,17.39,17.43,16533,0
2016-06-23,20:10:00,17.425,17.43,17.39,17.39,23159,0
2016-06-23,20:15:00,17.39,17.41,17.36,17.37,29683,0
2016-06-23,20:20:00,17.38,17.42,17.38,17.4,46274,0
2016-06-23,20:25:00,17.405,17.405,17.39,17.39,23078,0
2016-06-23,20:30:00,17.395,17.42,17.395,17.395,35459,0
2016-06-23,20:35:00,17.395,17.4,17.3901,17.4,16800,0
2016-06-23,20:40:00,17.4,17.42,17.39,17.395,28884,0
2016-06-23,20:45:00,17.4,17.41,17.39,17.4,24863,0
2016-06-23,20:50:00,17.4,17.42,17.39,17.395,28671,0
2016-06-23,20:55:00,17.395,17.4262,17.385,17.395,43226,0
2016-06-23,21:00:00,17.395,17.4,17.39,17.39,13066,0
2016-06-23,21:05:00,17.395,17.41,17.38,17.385,32903,0
2016-06-23,21:10:00,17.385,17.41,17.37,17.3799,46183,0
2016-06-23,21:15:00,17.375,17.409,17.375,17.39,45102,0
2016-06-23,21:20:00,17.38,17.39,17.32,17.32,71226,0
2016-06-23,21:25:00,17.31,17.31,17.24,17.24,39135,0
2016-06-23,21:30:00,17.2499,17.27,17.24,17.26,87459,0
2016-06-23,21:35:00,17.26,17.32,17.26,17.31,100080,0
2016-06-23,21:40:00,17.31,17.315,17.27,17.28,45250,0
2016-06-23,21:45:00,17.28,17.34,17.27,17.34,92267,0
2016-06-23,21:50:00,17.33,17.35,17.32,17.34,46078,0
2016-06-23,21:55:00,17.34,17.43,17.335,17.41,178527,0
2016-06-23,22:00:00,17.42,17.45,17.4,17.44,327850,0
2016-06-24,15:35:00,16.64,16.88,16.61,16.86,75453,0
2016-06-24,15:40:00,16.88,17.253,16.85,17.21,68619,0
2016-06-24,15:45:00,17.22,17.37,17.1801,17.26,55997,0
2016-06-24,15:50:00,17.22,17.26,17.04,17.09,79876,0
2016-06-24,15:55:00,17.09,17.1,16.95,17.06,58447,0
2016-06-24,16:00:00,17.05,17.07,16.93,17.0099,103125,0
2016-06-24,16:05:00,17,17.11,16.96,16.9899,124742,0
2016-06-24,16:10:00,16.99,17.03,16.95,17.01,71875,0
2016-06-24,16:15:00,17.01,17.08,16.975,17.01,97193,0
2016-06-24,16:20:00,17.01,17.02,16.88,16.95,61177,0
2016-06-24,16:25:00,16.95,16.95,16.8201,16.85,56374,0
2016-06-24,16:30:00,16.84,16.89,16.8,16.87,47973,0
2016-06-24,16:35:00,16.87,16.91,16.81,16.82,69745,0
2016-06-24,16:40:00,16.82,16.91,16.79,16.88,73823,0
2016-06-24,16:45:00,16.89,16.92,16.84,16.89,31830,0
2016-06-24,16:50:00,16.875,16.91,16.855,16.865,29460,0
2016-06-24,16:55:00,16.865,16.87,16.75,16.77,68001,0
2016-06-24,17:00:00,16.77,16.89,16.76,16.76,78923,0
2016-06-24,17:05:00,16.76,16.79,16.73,16.75,67293,0
2016-06-24,17:10:00,16.75,16.77,16.725,16.7399,41060,0
2016-06-24,17:15:00,16.73,16.73,16.63,16.65,62494,0
2016-06-24,17:20:00,16.64,16.645,16.61,16.63,38391,0
2016-06-24,17:25:00,16.6301,16.66,16.53,16.5701,32236,0
2016-06-24,17:30:00,16.5764,16.65,16.55,16.645,39587,0
2016-06-24,17:35:00,16.65,16.67,16.59,16.6,90813,0
2016-06-24,17:40:00,16.61,16.62,16.49,16.5689,69166,0
2016-06-24,17:45:00,16.5689,16.595,16.51,16.54,52602,0
2016-06-24,17:50:00,16.54,16.58,16.5,16.51,22455,0
2016-06-24,17:55:00,16.51,16.52,16.417,16.417,32441,0
2016-06-24,18:00:00,16.4172,16.53,16.415,16.52,26042,0
2016-06-24,18:05:00,16.52,16.53,16.44,16.45,18571,0
2016-06-24,18:10:00,16.46,16.465,16.42,16.42,25782,0
2016-06-24,18:15:00,16.42,16.46,16.405,16.43,34066,0
2016-06-24,18:20:00,16.43,16.46,16.427,16.45,51352,0
2016-06-24,18:25:00,16.46,16.47,16.38,16.38,62151,0
2016-06-24,18:30:00,16.39,16.39,16.31,16.315,38333,0
2016-06-24,18:35:00,16.315,16.32,16.25,16.25,56297,0
2016-06-24,18:40:00,16.253,16.28,16.23,16.26,42493,0
2016-06-24,18:45:00,16.26,16.27,16.16,16.16,70586,0
2016-06-24,18:50:00,16.16,16.17,16.12,16.136,59992,0
2016-06-24,18:55:00,16.135,16.23,16.135,16.225,37814,0
2016-06-24,19:00:00,16.23,16.26,16.19,16.21,34638,0
2016-06-24,19:05:00,16.21,16.23,16.2,16.2,20878,0
2016-06-24,19:10:00,16.21,16.25,16.205,16.21,50866,0
2016-06-24,19:15:00,16.2,16.22,16.185,16.22,32180,0
2016-06-24,19:20:00,16.23,16.23,16.155,16.19,29773,0
2016-06-24,19:25:00,16.1861,16.21,16.17,16.18,23911,0
2016-06-24,19:30:00,16.175,16.25,16.165,16.24,44247,0
2016-06-24,19:35:00,16.23,16.275,16.195,16.255,38534,0
2016-06-24,19:40:00,16.25,16.34,16.25,16.31,48149,0
2016-06-24,19:45:00,16.3,16.32,16.29,16.3,51159,0
2016-06-24,19:50:00,16.3,16.32,16.28,16.31,39794,0
2016-06-24,19:55:00,16.32,16.33,16.29,16.31,29447,0
2016-06-24,20:00:00,16.315,16.315,16.22,16.26,29847,0
2016-06-24,20:05:00,16.27,16.28,16.17,16.21,38908,0
2016-06-24,20:10:00,16.205,16.235,16.19,16.225,82262,0
2016-06-24,20:15:00,16.22,16.23,16.19,16.21,62719,0
2016-06-24,20:20:00,16.21,16.24,16.19,16.19,37360,0
2016-06-24,20:25:00,16.19,16.21,16.1367,16.155,50663,0
2016-06-24,20:30:00,16.16,16.18,16.13,16.15,34606,0
2016-06-24,20:35:00,16.14,16.15,16.105,16.13,48772,0
2016-06-24,20:40:00,16.13,16.13,16.07,16.08,53580,0
2016-06-24,20:45:00,16.07,16.11,16.02,16.02,57675,0
2016-06-24,20:50:00,16.025,16.07,16.01,16.055,50924,0
2016-06-24,20:55:00,16.07,16.08,16.005,16.08,52880,0
2016-06-24,21:00:00,16.075,16.12,16.04,16.06,43025,0
2016-06-24,21:05:00,16.06,16.17,16.055,16.16,77711,0
2016-06-24,21:10:00,16.17,16.18,16.13,16.18,53961,0
2016-06-24,21:15:00,16.19,16.24,16.17,16.225,69162,0
2016-06-24,21:20:00,16.225,16.27,16.19,16.27,69438,0
2016-06-24,21:25:00,16.27,16.31,16.26,16.3,59342,0
2016-06-24,21:30:00,16.3,16.34,16.29,16.32,106832,0
2016-06-24,21:35:00,16.325,16.34,16.3,16.33,143359,0
2016-06-24,21:40:00,16.325,16.34,16.23,16.233,175886,0
2016-06-24,21:45:00,16.23,16.32,16.22,16.3,162603,0
2016-06-24,21:50:00,16.3,16.38,16.285,16.37,275932,0
2016-06-24,21:55:00,16.36,16.365,16.19,16.21,328087,0
2016-06-24,22:00:00,16.22,16.33,16.17,16.25,10647702,0
2016-06-27,15:35:00,16.03,16.19,15.8,15.97,66582,0
2016-06-27,15:40:00,15.95,16.09,15.94,16,48595,0
2016-06-27,15:45:00,16,16.07,15.89,15.925,84429,0
2016-06-27,15:50:00,15.93,15.98,15.745,15.79,70513,0
2016-06-27,15:55:00,15.78,15.8,15.53,15.533,123154,0
2016-06-27,16:00:00,15.54,15.624,15.395,15.49,155024,0
2016-06-27,16:05:00,15.485,15.5,15.38,15.41,113956,0
2016-06-27,16:10:00,15.4093,15.4201,15.34,15.3501,109206,0
2016-06-27,16:15:00,15.35,15.39,15.31,15.3267,65279,0
2016-06-27,16:20:00,15.33,15.37,15.24,15.2499,142668,0
2016-06-27,16:25:00,15.25,15.265,15.1,15.13,150114,0
2016-06-27,16:30:00,15.13,15.13,15.02,15.06,130443,0
2016-06-27,16:35:00,15.04,15.09,15.02,15.08,114038,0
2016-06-27,16:40:00,15.08,15.21,15.08,15.15,89799,0
2016-06-27,16:45:00,15.145,15.2,15.12,15.13,80262,0
2016-06-27,16:50:00,15.13,15.14,15.05,15.055,62193,0
2016-06-27,16:55:00,15.055,15.07,15.02,15.06,78573,0
2016-06-27,17:00:00,15.055,15.07,14.92,14.92,143336,0
2016-06-27,17:05:00,14.93,14.94,14.84,14.88,75816,0
2016-06-27,17:10:00,14.875,14.95,14.87,14.92,59089,0
2016-06-27,17:15:00,14.92,14.94,14.86,14.875,64216,0
2016-06-27,17:20:00,14.877,14.89,14.805,14.8599,77515,0
2016-06-27,17:25:00,14.86,14.8801,14.77,14.8,89609,0
2016-06-27,17:30:00,14.795,14.97,14.78,14.96,47214,0
2016-06-27,17:35:00,14.965,15.0315,14.95,14.99,51466,0
2016-06-27,17:40:00,14.98,15.03,14.96,15.0101,44548,0
2016-06-27,17:45:00,15.0142,15.1,14.99,15.03,73413,0
2016-06-27,17:50:00,15.04,15.11,15.035,15.045,71939,0
2016-06-27,17:55:00,15.035,15.04,14.96,15.03,44902,0
2016-06-27,18:00:00,15.0299,15.075,15,15,48819,0
2016-06-27,18:05:00,15,15.105,15,15.105,77201,0
2016-06-27,18:10:00,15.1,15.14,15.08,15.09,47722,0
2016-06-27,18:15:00,15.09,15.095,15.01,15.04,31209,0
2016-06-27,18:20:00,15.04,15.165,15.04,15.13,41594,0
2016-06-27,18:25:00,15.13,15.24,15.121,15.24,58355,0
2016-06-27,18:30:00,15.24,15.3,15.24,15.25,44817,0
2016-06-27,18:35:00,15.26,15.3,15.25,15.276,29922,0
2016-06-27,18:40:00,15.28,15.31,15.27,15.273,38121,0
2016-06-27,18:45:00,15.27,15.275,15.24,15.26,33346,0
2016-06-27,18:50:00,15.27,15.32,15.265,15.32,24800,0
2016-06-27,18:55:00,15.32,15.41,15.3112,15.3112,71847,0
2016-06-27,19:00:00,15.32,15.36,15.31,15.35,38411,0
2016-06-27,19:05:00,15.34,15.3558,15.32,15.325,25621,0
2016-06-27,19:10:00,15.325,15.365,15.32,15.355,21960,0
2016-06-27,19:15:00,15.356,15.395,15.33,15.35,32487,0
2016-06-27,19:20:00,15.34,15.41,15.33,15.33,22016,0
2016-06-27,19:25:00,15.32,15.335,15.22,15.2308,33722,0
2016-06-27,19:30:00,15.23,15.25,15.185,15.2,34288,0
2016-06-27,19:35:00,15.2,15.21,15.125,15.13,29239,0
2016-06-27,19:40:00,15.13,15.14,15.09,15.12,40516,0
2016-06-27,19:45:00,15.12,15.12,15.04,15.06,33180,0
2016-06-27,19:50:00,15.05,15.08,15.01,15.01,37851,0
2016-06-27,19:55:00,15,15.0275,14.98,15.0275,65769,0
2016-06-27,20:00:00,15.02,15.05,15,15.045,44030,0
2016-06-27,20:05:00,15.035,15.06,14.96,14.97,69975,0
2016-06-27,20:10:00,14.97,15,14.96,14.98,32921,0
2016-06-27,20:15:00,14.99,15.045,14.97,14.995,37379,0
2016-06-27,20:20:00,14.99,15.02,14.96,14.96,30145,0
2016-06-27,20:25:00,14.96,15.01,14.96,14.965,38289,0
2016-06-27,20:30:00,14.97,15.05,14.97,15.05,36674,0
2016-06-27,20:35:00,15.05,15.07,15.005,15.02,40636,0
2016-06-27,20:40:00,15.03,15.1,15.03,15.04,70940,0
2016-06-27,20:45:00,15.04,15.085,15.04,15.07,41345,0
2016-06-27,20:50:00,15.08,15.085,15.015,15.04,35644,0
2016-06-27,20:55:00,15.03,15.0561,14.98,15,38992,0
2016-06-27,21:00:00,14.99,15.025,14.96,15,48522,0
2016-06-27,21:05:00,15.01,15.07,14.99,15.07,37051,0
2016-06-27,21:10:00,15.06,15.1,15.01,15.08,60388,0
2016-06-27,21:15:00,15.08,15.165,15.069,15.15,54541,0
2016-06-27,21:20:00,15.1501,15.16,15.07,15.07,53009,0
2016-06-27,21:25:00,15.06,15.065,15,15.0089,34210,0
2016-06-27,21:30:00,15.005,15.02,14.97,14.98,52908,0
2016-06-27,21:35:00,14.98,15.05,14.975,15.04,46838,0
2016-06-27,21:40:00,15.035,15.11,15.01,15.11,82448,0
2016-06-27,21:45:00,15.1,15.13,15.06,15.12,83602,0
2016-06-27,21:50:00,15.11,15.12,15.02,15.05,138548,0
2016-06-27,21:55:00,15.05,15.06,14.98,15.02,107998,0
2016-06-27,22:00:00,15.02,15.05,15,15.03,505333,0
2016-06-28,15:35:00,15.56,15.96,15.56,15.87,122144,0
2016-06-28,15:40:00,15.88,15.95,15.695,15.81,125780,0
2016-06-28,15:45:00,15.8,15.8,15.5,15.59,138392,0
2016-06-28,15:50:00,15.58,15.88,15.57,15.72,163376,0
2016-06-28,15:55:00,15.7269,15.75,15.615,15.64,45484,0
2016-06-28,16:00:00,15.64,15.74,15.61,15.65,116317,0
2016-06-28,16:05:00,15.65,15.7759,15.62,15.7,71947,0
2016-06-28,16:10:00,15.68,15.68,15.55,15.57,48884,0
2016-06-28,16:15:00,15.56,15.56,15.46,15.49,88025,0
2016-06-28,16:20:00,15.49,15.69,15.49,15.67,89381,0
2016-06-28,16:25:00,15.68,15.71,15.59,15.59,19533,0
2016-06-28,16:30:00,15.59,15.62,15.5435,15.56,24175,0
2016-06-28,16:35:00,15.555,15.69,15.555,15.58,31967,0
2016-06-28,16:40:00,15.5734,15.595,15.55,15.55,32594,0
2016-06-28,16:45:00,15.55,15.58,15.5,15.58,42252,0
2016-06-28,16:50:00,15.58,15.7,15.58,15.69,32849,0
2016-06-28,16:55:00,15.69,15.755,15.68,15.74,24506,0
2016-06-28,17:00:00,15.75,15.751,15.65,15.65,33807,0
2016-06-28,17:05:00,15.6501,15.66,15.58,15.59,55308,0
2016-06-28,17:10:00,15.595,15.62,15.55,15.57,61227,0
2016-06-28,17:15:00,15.57,15.66,15.57,15.62,15600,0
2016-06-28,17:20:00,15.61,15.62,15.57,15.61,53493,0
2016-06-28,17:25:00,15.6,15.62,15.535,15.535,22884,0
2016-06-28,17:30:00,15.5301,15.5301,15.465,15.47,46534,0
2016-06-28,17:35:00,15.48,15.56,15.475,15.545,29887,0
2016-06-28,17:40:00,15.54,15.59,15.51,15.51,27555,0
2016-06-28,17:45:00,15.51,15.52,15.465,15.465,63611,0
2016-06-28,17:50:00,15.465,15.47,15.445,15.466,72877,0
2016-06-28,17:55:00,15.47,15.585,15.44,15.585,45781,0
2016-06-28,18:00:00,15.585,15.614,15.55,15.55,15250,0
2016-06-28,18:05:00,15.55,15.56,15.5,15.5,15400,0
2016-06-28,18:10:00,15.505,15.51,15.465,15.47,16671,0
2016-06-28,18:15:00,15.46,15.485,15.425,15.44,35903,0
2016-06-28,18:20:00,15.43,15.51,15.43,15.475,13086,0
2016-06-28,18:25:00,15.48,15.49,15.42,15.42,28716,0
2016-06-28,18:30:00,15.43,15.43,15.35,15.3699,67682,0
2016-06-28,18:35:00,15.37,15.44,15.36,15.435,63526,0
2016-06-28,18:40:00,15.44,15.51,15.44,15.51,21235,0
2016-06-28,18:45:00,15.52,15.63,15.47,15.48,90635,0
2016-06-28,18:50:00,15.48,15.5,15.47,15.48,43058,0
2016-06-28,18:55:00,15.47,15.52,15.47,15.485,22750,0
2016-06-28,19:00:00,15.48,15.48,15.335,15.335,65530,0
2016-06-28,19:05:00,15.34,15.39,15.31,15.39,54762,0
2016-06-28,19:10:00,15.38,15.4,15.3,15.335,48055,0
2016-06-28,19:15:00,15.335,15.38,15.33,15.365,41279,0
2016-06-28,19:20:00,15.365,15.375,15.27,15.29,45780,0
2016-06-28,19:25:00,15.295,15.4,15.28,15.335,106828,0
2016-06-28,19:30:00,15.33,15.38,15.31,15.35,41261,0
2016-06-28,19:35:00,15.345,15.36,15.3,15.3,44304,0
2016-06-28,19:40:00,15.29,15.35,15.285,15.335,37514,0
2016-06-28,19:45:00,15.32,15.37,15.315,15.365,29512,0
2016-06-28,19:50:00,15.37,15.44,15.365,15.43,21961,0
2016-06-28,19:55:00,15.43,15.45,15.41,15.42,20750,0
2016-06-28,20:00:00,15.415,15.42,15.36,15.39,45716,0
2016-06-28,20:05:00,15.39,15.44,15.37,15.42,27693,0
2016-06-28,20:10:00,15.42,15.45,15.42,15.43,19555,0
2016-06-28,20:15:00,15.425,15.44,15.37,15.4,25549,0
2016-06-28,20:20:00,15.405,15.47,15.4,15.45,22995,0
2016-06-28,20:25:00,15.44,15.44,15.41,15.42,14035,0
2016-06-28,20:30:00,15.415,15.47,15.415,15.455,19160,0
2016-06-28,20:35:00,15.46,15.52,15.46,15.51,28359,0
2016-06-28,20:40:00,15.5085,15.57,15.5085,15.55,17500,0
2016-06-28,20:45:00,15.55,15.56,15.5,15.515,12634,0
2016-06-28,20:50:00,15.52,15.56,15.515,15.54,16427,0
2016-06-28,20:55:00,15.54,15.595,15.54,15.585,28405,0
2016-06-28,21:00:00,15.59,15.66,15.585,15.63,39378,0
2016-06-28,21:05:00,15.63,15.655,15.6132,15.63,25935,0
2016-06-28,21:10:00,15.6275,15.665,15.6275,15.65,29165,0
2016-06-28,21:15:00,15.645,15.7,15.645,15.675,23388,0
2016-06-28,21:20:00,15.68,15.68,15.62,15.625,35390,0
2016-06-28,21:25:00,15.63,15.64,15.5735,15.59,28901,0
2016-06-28,21:30:00,15.58,15.6,15.55,15.6,27905,0
2016-06-28,21:35:00,15.6,15.61,15.545,15.56,30357,0
2016-06-28,21:40:00,15.56,15.64,15.555,15.63,33765,0
2016-06-28,21:45:00,15.63,15.65,15.61,15.63,37079,0
2016-06-28,21:50:00,15.625,15.67,15.62,15.6635,47794,0
2016-06-28,21:55:00,15.67,15.68,15.63,15.67,67575,0
2016-06-28,22:00:00,15.66,15.67,15.65,15.6532,137747,0
2016-06-29,15:35:00,15.95,16.19,15.9,16.085,83899,0
2016-06-29,15:40:00,16.09,16.09,15.84,15.95,41620,0
2016-06-29,15:45:00,15.95,16.06,15.83,15.94,92516,0
2016-06-29,15:50:00,15.95,16.04,15.88,15.98,99399,0
2016-06-29,15:55:00,15.98,16.23,15.98,16.22,78067,0
2016-06-29,16:00:00,16.24,16.31,16.13,16.2,91900,0
2016-06-29,16:05:00,16.2,16.2074,16.08,16.08,61395,0
2016-06-29,16:10:00,16.08,16.11,15.95,15.98,49889,0
2016-06-29,16:15:00,15.99,16.08,15.93,16.05,52065,0
2016-06-29,16:20:00,16.05,16.195,15.99,16.14,41363,0
2016-06-29,16:25:00,16.15,16.31,16.15,16.31,44020,0
2016-06-29,16:30:00,16.31,16.36,16.28,16.35,54506,0
2016-06-29,16:35:00,16.35,16.45,16.3,16.39,67177,0
2016-06-29,16:40:00,16.38,16.39,16.3,16.32,28526,0
2016-06-29,16:45:00,16.32,16.36,16.29,16.3,48602,0
2016-06-29,16:50:00,16.29,16.3542,16.255,16.3542,40827,0
2016-06-29,16:55:00,16.35,16.44,16.35,16.44,27948,0
2016-06-29,17:00:00,16.44,16.51,16.401,16.51,41931,0
2016-06-29,17:05:00,16.505,16.55,16.47,16.51,30712,0
2016-06-29,17:10:00,16.51,16.51,16.33,16.33,34037,0
2016-06-29,17:15:00,16.32,16.49,16.32,16.46,33535,0
2016-06-29,17:20:00,16.47,16.52,16.47,16.49,15142,0
2016-06-29,17:25:00,16.51,16.525,16.49,16.52,14921,0
2016-06-29,17:30:00,16.53,16.56,16.53,16.53,16850,0
2016-06-29,17:35:00,16.53,16.57,16.48,16.55,35413,0
2016-06-29,17:40:00,16.55,16.61,16.53,16.553,36105,0
2016-06-29,17:45:00,16.56,16.63,16.56,16.61,28702,0
2016-06-29,17:50:00,16.61,16.62,16.53,16.55,24252,0
2016-06-29,17:55:00,16.55,16.64,16.55,16.61,28773,0
2016-06-29,18:00:00,16.61,16.69,16.58,16.58,52093,0
2016-06-29,18:05:00,16.57,16.63,16.52,16.58,102634,0
2016-06-29,18:10:00,16.59,16.62,16.54,16.62,135562,0
2016-06-29,18:15:00,16.62,16.67,16.6106,16.67,39230,0
2016-06-29,18:20:00,16.67,16.72,16.66,16.68,35226,0
2016-06-29,18:25:00,16.68,16.74,16.65,16.71,35460,0
2016-06-29,18:30:00,16.7,16.76,16.68,16.73,23491,0
2016-06-29,18:35:00,16.72,16.7366,16.7,16.71,17684,0
2016-06-29,18:40:00,16.71,16.78,16.7099,16.76,27582,0
2016-06-29,18:45:00,16.75,16.78,16.72,16.7765,23973,0
2016-06-29,18:50:00,16.78,16.83,16.72,16.72,61358,0
2016-06-29,18:55:00,16.73,16.75,16.7,16.7365,11882,0
2016-06-29,19:00:00,16.73,16.73,16.66,16.66,16568,0
2016-06-29,19:05:00,16.65,16.67,16.61,16.67,13090,0
2016-06-29,19:10:00,16.6731,16.69,16.595,16.595,19800,0
2016-06-29,19:15:00,16.59,16.61,16.57,16.58,14034,0
2016-06-29,19:20:00,16.58,16.615,16.58,16.61,26526,0
2016-06-29,19:25:00,16.61,16.705,16.61,16.69,32252,0
2016-06-29,19:30:00,16.7,16.72,16.67,16.68,20975,0
2016-06-29,19:35:00,16.68,16.71,16.66,16.67,17850,0
2016-06-29,19:40:00,16.665,16.67,16.62,16.65,36103,0
2016-06-29,19:45:00,16.66,16.68,16.64,16.66,16434,0
2016-06-29,19:50:00,16.66,16.71,16.65,16.6999,22453,0
2016-06-29,19:55:00,16.7,16.7,16.65,16.6543,17452,0
2016-06-29,20:00:00,16.66,16.73,16.66,16.72,26918,0
2016-06-29,20:05:00,16.72,16.79,16.715,16.78,22211,0
2016-06-29,20:10:00,16.77,16.79,16.76,16.76,12626,0
2016-06-29,20:15:00,16.765,16.83,16.76,16.83,41248,0
2016-06-29,20:20:00,16.82,16.8764,16.811,16.85,31495,0
2016-06-29,20:25:00,16.85,16.89,16.8436,16.89,31097,0
2016-06-29,20:30:00,16.9,16.92,16.86,16.92,58254,0
2016-06-29,20:35:00,16.91,16.91,16.8601,16.875,27776,0
2016-06-29,20:40:00,16.875,16.89,16.86,16.87,26900,0
2016-06-29,20:45:00,16.87,16.9,16.87,16.9,17285,0
2016-06-29,20:50:00,16.9,16.92,16.85,16.85,32311,0
2016-06-29,20:55:00,16.85,16.88,16.79,16.835,36293,0
2016-06-29,21:00:00,16.84,16.895,16.82,16.89,18612,0
2016-06-29,21:05:00,16.89,16.915,16.85,16.9,39984,0
2016-06-29,21:10:00,16.9,16.925,16.88,16.89,23789,0
2016-06-29,21:15:00,16.9,16.93,16.86,16.86,28525,0
2016-06-29,21:20:00,16.86,16.9,16.84,16.855,35777,0
2016-06-29,21:25:00,16.855,16.86,16.83,16.835,44711,0
2016-06-29,21:30:00,16.84,16.87,16.84,16.85,30810,0
2016-06-29,21:35:00,16.84,16.85,16.8,16.83,67519,0
2016-06-29,21:40:00,16.827,16.84,16.8,16.8,48483,0
2016-06-29,21:45:00,16.81,16.82,16.75,16.755,67196,0
2016-06-29,21:50:00,16.7501,16.77,16.74,16.745,50898,0
2016-06-29,21:55:00,16.74,16.77,16.72,16.74,92000,0
2016-06-29,22:00:00,16.735,16.76,16.705,16.75,292791,0
2016-06-30,15:35:00,16.94,17,16.6648,16.7399,73763,0
2016-06-30,15:40:00,16.7,16.82,16.54,16.56,15930,0
2016-06-30,15:45:00,16.545,16.68,16.51,16.525,37626,0
2016-06-30,15:50:00,16.5496,16.5599,16.35,16.48,57737,0
2016-06-30,15:55:00,16.47,16.545,16.325,16.43,59711,0
2016-06-30,16:00:00,16.43,16.56,16.42,16.47,29030,0
2016-06-30,16:05:00,16.47,16.5,16.425,16.425,84360,0
2016-06-30,16:10:00,16.42,16.53,16.355,16.49,35349,0
2016-06-30,16:15:00,16.495,16.58,16.46,16.565,24975,0
2016-06-30,16:20:00,16.57,16.58,16.45,16.46,33882,0
2016-06-30,16:25:00,16.46,16.5,16.42,16.44,28200,0
2016-06-30,16:30:00,16.44,16.46,16.385,16.45,16054,0
2016-06-30,16:35:00,16.44,16.476,16.4,16.455,30009,0
2016-06-30,16:40:00,16.46,16.51,16.4499,16.48,23442,0
2016-06-30,16:45:00,16.49,16.49,16.3899,16.45,47779,0
2016-06-30,16:50:00,16.45,16.54,16.445,16.53,43743,0
2016-06-30,16:55:00,16.53,16.6,16.52,16.53,17091,0
2016-06-30,17:00:00,16.53,16.63,16.51,16.63,22608,0
2016-06-30,17:05:00,16.625,16.67,16.55,16.66,61772,0
2016-06-30,17:10:00,16.66,16.71,16.65,16.7,37350,0
2016-06-30,17:15:00,16.71,16.76,16.66,16.735,44842,0
2016-06-30,17:20:00,16.74,16.78,16.695,16.71,19101,0
2016-06-30,17:25:00,16.71,16.79,16.71,16.79,8850,0
2016-06-30,17:30:00,16.8093,16.87,16.8,16.83,28103,0
2016-06-30,17:35:00,16.83,16.89,16.815,16.82,30035,0
2016-06-30,17:40:00,16.835,16.85,16.71,16.74,54508,0
2016-06-30,17:45:00,16.75,16.77,16.69,16.73,26464,0
2016-06-30,17:50:00,16.73,16.7677,16.725,16.75,26042,0
2016-06-30,17:55:00,16.76,16.86,16.755,16.855,59115,0
2016-06-30,18:00:00,16.86,16.88,16.82,16.856,17333,0
2016-06-30,18:05:00,16.875,16.92,16.83,16.83,33957,0
2016-06-30,18:10:00,16.83,16.83,16.76,16.78,51093,0
2016-06-30,18:15:00,16.785,16.8299,16.785,16.82,26482,0
2016-06-30,18:20:00,16.815,16.86,16.79,16.81,12974,0
2016-06-30,18:25:00,16.81,16.87,16.79,16.85,29229,0
2016-06-30,18:30:00,16.85,16.905,16.85,16.88,9600,0
2016-06-30,18:35:00,16.88,16.88,16.82,16.82,17212,0
2016-06-30,18:40:00,16.8236,16.8236,16.745,16.75,52462,0
2016-06-30,18:45:00,16.76,16.77,16.69,16.69,46584,0
2016-06-30,18:50:00,16.695,16.71,16.665,16.676,52658,0
2016-06-30,18:55:00,16.675,16.715,16.62,16.685,46676,0
2016-06-30,19:00:00,16.69,16.7,16.66,16.675,13300,0
2016-06-30,19:05:00,16.68,16.715,16.67,16.685,20598,0
2016-06-30,19:10:00,16.68,16.68,16.62,16.65,21908,0
2016-06-30,19:15:00,16.655,16.655,16.57,16.57,18394,0
2016-06-30,19:20:00,16.575,16.62,16.575,16.59,16523,0
2016-06-30,19:25:00,16.59,16.64,16.57,16.57,18100,0
2016-06-30,19:30:00,16.565,16.58,16.49,16.51,27998,0
2016-06-30,19:35:00,16.5,16.545,16.48,16.535,20955,0
2016-06-30,19:40:00,16.53,16.55,16.5,16.52,53320,0
2016-06-30,19:45:00,16.515,16.52,16.455,16.475,45963,0
2016-06-30,19:50:00,16.48,16.49,16.44,16.455,19035,0
2016-06-30,19:55:00,16.46,16.505,16.46,16.47,15000,0
2016-06-30,20:00:00,16.47,16.51,16.47,16.47,20370,0
2016-06-30,20:05:00,16.48,16.505,16.47,16.49,37109,0
2016-06-30,20:10:00,16.5,16.51,16.47,16.49,38647,0
2016-06-30,20:15:00,16.49,16.51,16.47,16.47,28839,0
2016-06-30,20:20:00,16.48,16.49,16.415,16.415,50680,0
2016-06-30,20:25:00,16.415,16.5,16.415,16.49,119597,0
2016-06-30,20:30:00,16.49,16.53,16.475,16.475,28900,0
2016-06-30,20:35:00,16.48,16.52,16.475,16.5,23000,0
2016-06-30,20:40:00,16.49,16.55,16.48,16.53,45054,0
2016-06-30,20:45:00,16.53,16.535,16.515,16.535,9619,0
2016-06-30,20:50:00,16.54,16.545,16.515,16.525,24312,0
2016-06-30,20:55:00,16.525,16.58,16.525,16.555,24298,0
2016-06-30,21:00:00,16.56,16.57,16.52,16.525,18728,0
2016-06-30,21:05:00,16.52,16.52,16.47,16.49,47210,0
2016-06-30,21:10:00,16.49,16.5,16.475,16.495,49432,0
2016-06-30,21:15:00,16.49,16.495,16.46,16.465,42203,0
2016-06-30,21:20:00,16.46,16.465,16.38,16.395,107755,0
2016-06-30,21:25:00,16.395,16.415,16.384,16.41,48230,0
2016-06-30,21:30:00,16.415,16.45,16.41,16.43,54461,0
2016-06-30,21:35:00,16.42,16.43,16.38,16.385,67805,0
2016-06-30,21:40:00,16.3838,16.42,16.38,16.41,55299,0
2016-06-30,21:45:00,16.42,16.42,16.34,16.34,99661,0
2016-06-30,21:50:00,16.34,16.4,16.25,16.395,128082,0
2016-06-30,21:55:00,16.4,16.435,16.38,16.405,175233,0
2016-06-30,22:00:00,16.405,16.47,16.39,16.47,395791,0
2016-07-01,15:35:00,16.39,16.57,16.36,16.49,37307,0
2016-07-01,15:40:00,16.49,16.67,16.48,16.61,23461,0
2016-07-01,15:45:00,16.595,16.65,16.55,16.63,38613,0
2016-07-01,15:50:00,16.63,16.71,16.58,16.67,114717,0
2016-07-01,15:55:00,16.67,16.76,16.65,16.73,37900,0
2016-07-01,16:00:00,16.74,16.86,16.74,16.82,89054,0
2016-07-01,16:05:00,16.82,17.02,16.82,17.02,59145,0
2016-07-01,16:10:00,17.01,17.01,16.91,16.97,29690,0
2016-07-01,16:15:00,16.97,17.01,16.9,16.985,57117,0
2016-07-01,16:20:00,16.98,17.13,16.975,17.13,44531,0
2016-07-01,16:25:00,17.13,17.17,17.0401,17.07,33323,0
2016-07-01,16:30:00,17.06,17.15,17.055,17.085,34371,0
2016-07-01,16:35:00,17.09,17.12,17.03,17.07,24032,0
2016-07-01,16:40:00,17.07,17.11,17.065,17.08,23559,0
2016-07-01,16:45:00,17.08,17.11,17.0333,17.11,18200,0
2016-07-01,16:50:00,17.11,17.1299,17.06,17.08,12636,0
2016-07-01,16:55:00,17.09,17.15,17.09,17.1,19223,0
2016-07-01,17:00:00,17.1,17.11,17.04,17.06,57600,0
2016-07-01,17:05:00,17.05,17.05,16.98,16.98,61888,0
2016-07-01,17:10:00,16.98,17.02,16.98,16.99,22892,0
2016-07-01,17:15:00,16.9885,17.01,16.93,16.94,36072,0
2016-07-01,17:20:00,16.94,16.9664,16.86,16.88,22773,0
2016-07-01,17:25:00,16.89,16.93,16.8399,16.8399,36416,0
2016-07-01,17:30:00,16.84,16.84,16.79,16.83,21455,0
2016-07-01,17:35:00,16.84,16.87,16.79,16.8,20124,0
2016-07-01,17:40:00,16.81,16.87,16.8,16.82,54748,0
2016-07-01,17:45:00,16.81,16.88,16.78,16.86,29057,0
2016-07-01,17:50:00,16.85,16.89,16.8497,16.89,25259,0
2016-07-01,17:55:00,16.9,16.95,16.89,16.94,37288,0
2016-07-01,18:00:00,16.94,16.97,16.93,16.95,24301,0
2016-07-01,18:05:00,16.95,16.99,16.91,16.93,37023,0
2016-07-01,18:10:00,16.93,16.98,16.88,16.9,24822,0
2016-07-01,18:15:00,16.9,16.92,16.89,16.91,9621,0
2016-07-01,18:20:00,16.92,16.94,16.9,16.91,13004,0
2016-07-01,18:25:00,16.91,16.93,16.9,16.92,11411,0
2016-07-01,18:30:00,16.92,16.92,16.87,16.92,11900,0
2016-07-01,18:35:00,16.91,16.91,16.86,16.86,12590,0
2016-07-01,18:40:00,16.86,16.88,16.84,16.84,9574,0
2016-07-01,18:45:00,16.84,16.874,16.81,16.874,22172,0
2016-07-01,18:50:00,16.88,16.88,16.83,16.85,14906,0
2016-07-01,18:55:00,16.84,16.86,16.78,16.85,28789,0
2016-07-01,19:00:00,16.84,16.86,16.81,16.815,16255,0
2016-07-01,19:05:00,16.81,16.815,16.77,16.8,21299,0
2016-07-01,19:10:00,16.8,16.86,16.8,16.84,5018,0
2016-07-01,19:15:00,16.85,16.85,16.81,16.83,8170,0
2016-07-01,19:20:00,16.8227,16.845,16.82,16.83,14857,0
2016-07-01,19:25:00,16.83,16.83,16.76,16.78,21000,0
2016-07-01,19:30:00,16.79,16.8,16.73,16.73,16074,0
2016-07-01,19:35:00,16.73,16.78,16.72,16.75,25795,0
2016-07-01,19:40:00,16.76,16.76,16.72,16.73,8801,0
2016-07-01,19:45:00,16.74,16.81,16.74,16.79,32278,0
2016-07-01,19:50:00,16.7964,16.82,16.75,16.805,18290,0
2016-07-01,19:55:00,16.81,16.82,16.78,16.78,18665,0
2016-07-01,20:00:00,16.79,16.8,16.7899,16.79,9728,0
2016-07-01,20:05:00,16.8,16.855,16.8,16.81,55700,0
2016-07-01,20:10:00,16.82,16.85,16.82,16.83,9331,0
2016-07-01,20:15:00,16.84,16.85,16.79,16.8199,11597,0
2016-07-01,20:20:00,16.81,16.82,16.8,16.81,12700,0
2016-07-01,20:25:00,16.81,16.82,16.73,16.805,45396,0
2016-07-01,20:30:00,16.8,16.81,16.78,16.79,9500,0
2016-07-01,20:35:00,16.79,16.81,16.77,16.7799,10136,0
2016-07-01,20:40:00,16.775,16.79,16.76,16.78,12670,0
2016-07-01,20:45:00,16.78,16.78,16.75,16.78,9300,0
2016-07-01,20:50:00,16.78,16.81,16.775,16.8,10563,0
2016-07-01,20:55:00,16.81,16.825,16.78,16.8,12500,0
2016-07-01,21:00:00,16.8,16.84,16.795,16.83,22730,0
2016-07-01,21:05:00,16.84,16.88,16.84,16.85,13030,0
2016-07-01,21:10:00,16.85,16.9,16.85,16.88,23601,0
2016-07-01,21:15:00,16.87,16.87,16.83,16.85,23002,0
2016-07-01,21:20:00,16.84,16.87,16.82,16.82,24301,0
2016-07-01,21:25:00,16.83,16.84,16.79,16.79,33574,0
2016-07-01,21:30:00,16.8,16.825,16.795,16.805,30403,0
2016-07-01,21:35:00,16.805,16.855,16.805,16.84,39075,0
2016-07-01,21:40:00,16.84,16.88,16.815,16.83,47188,0
2016-07-01,21:45:00,16.82,16.85,16.75,16.82,108631,0
2016-07-01,21:50:00,16.81,16.815,16.78,16.78,64402,0
2016-07-01,21:55:00,16.79,16.82,16.78,16.8,105818,0
2016-07-01,22:00:00,16.805,16.85,16.8,16.82,283975,0
2016-07-05,15:35:00,16.71,16.77,16.59,16.59,26539,0
2016-07-05,15:40:00,16.56,16.56,16.45,16.52,14419,0
2016-07-05,15:45:00,16.54,16.58,16.45,16.49,55458,0
2016-07-05,15:50:00,16.47,16.52,16.36,16.48,34497,0
2016-07-05,15:55:00,16.49,16.49,16.42,16.425,39823,0
2016-07-05,16:00:00,16.43,16.57,16.4,16.55,39986,0
2016-07-05,16:05:00,16.54,16.54,16.42,16.45,51918,0
2016-07-05,16:10:00,16.45,16.4677,16.41,16.41,55887,0
2016-07-05,16:15:00,16.41,16.41,16.28,16.38,55225,0
2016-07-05,16:20:00,16.37,16.38,16.29,16.36,36274,0
2016-07-05,16:25:00,16.3599,16.45,16.3,16.42,39017,0
2016-07-05,16:30:00,16.41,16.41,16.33,16.4,39531,0
2016-07-05,16:35:00,16.39,16.4199,16.32,16.35,57404,0
2016-07-05,16:40:00,16.34,16.36,16.29,16.32,29887,0
2016-07-05,16:45:00,16.33,16.36,16.27,16.28,30778,0
2016-07-05,16:50:00,16.28,16.29,16.22,16.22,53397,0
2016-07-05,16:55:00,16.21,16.3,16.18,16.27,97488,0
2016-07-05,17:00:00,16.27,16.315,16.265,16.305,18025,0
2016-07-05,17:05:00,16.305,16.325,16.24,16.28,48734,0
2016-07-05,17:10:00,16.28,16.335,16.26,16.33,30628,0
2016-07-05,17:15:00,16.32,16.33,16.28,16.3,22822,0
2016-07-05,17:20:00,16.3,16.43,16.3,16.43,61259,0
2016-07-05,17:25:00,16.42,16.44,16.35,16.42,34505,0
2016-07-05,17:30:00,16.43,16.46,16.42,16.46,18557,0
2016-07-05,17:35:00,16.46,16.475,16.39,16.44,33016,0
2016-07-05,17:40:00,16.435,16.455,16.39,16.44,36523,0
2016-07-05,17:45:00,16.44,16.45,16.36,16.4,42833,0
2016-07-05,17:50:00,16.4,16.4,16.37,16.38,16233,0
2016-07-05,17:55:00,16.37,16.38,16.345,16.36,16711,0
2016-07-05,18:00:00,16.36,16.38,16.33,16.37,15180,0
2016-07-05,18:05:00,16.37,16.46,16.36,16.44,40870,0
2016-07-05,18:10:00,16.44,16.44,16.37,16.39,21366,0
2016-07-05,18:15:00,16.39,16.41,16.385,16.3999,15276,0
2016-07-05,18:20:00,16.4,16.45,16.4,16.44,14256,0
2016-07-05,18:25:00,16.43,16.48,16.43,16.47,19565,0
2016-07-05,18:30:00,16.48,16.56,16.48,16.56,19024,0
2016-07-05,18:35:00,16.56,16.595,16.545,16.595,28078,0
2016-07-05,18:40:00,16.6,16.6004,16.56,16.6,26667,0
2016-07-05,18:45:00,16.6,16.61,16.58,16.595,16880,0
2016-07-05,18:50:00,16.6,16.62,16.6,16.615,8035,0
2016-07-05,18:55:00,16.615,16.62,16.58,16.5999,13000,0
2016-07-05,19:00:00,16.6,16.63,16.59,16.62,17264,0
2016-07-05,19:05:00,16.62,16.63,16.6,16.63,13930,0
2016-07-05,19:10:00,16.62,16.63,16.61,16.63,10779,0
2016-07-05,19:15:00,16.63,16.63,16.59,16.59,16178,0
2016-07-05,19:20:00,16.58,16.64,16.58,16.61,102334,0
2016-07-05,19:25:00,16.61,16.69,16.61,16.69,67915,0
2016-07-05,19:30:00,16.68,16.715,16.665,16.7,27443,0
2016-07-05,19:35:00,16.7,16.725,16.67,16.67,15971,0
2016-07-05,19:40:00,16.67,16.67,16.63,16.635,16738,0
2016-07-05,19:45:00,16.63,16.63,16.585,16.59,9508,0
2016-07-05,19:50:00,16.58,16.595,16.555,16.585,12460,0
2016-07-05,19:55:00,16.585,16.61,16.565,16.605,15476,0
2016-07-05,20:00:00,16.61,16.64,16.61,16.63,30545,0
2016-07-05,20:05:00,16.64,16.73,16.635,16.72,56405,0
2016-07-05,20:10:00,16.71,16.72,16.685,16.72,19225,0
2016-07-05,20:15:00,16.72,16.78,16.705,16.75,39346,0
2016-07-05,20:20:00,16.74,16.755,16.695,16.695,33800,0
2016-07-05,20:25:00,16.7099,16.71,16.62,16.64,44807,0
2016-07-05,20:30:00,16.64,16.65,16.61,16.64,23583,0
2016-07-05,20:35:00,16.64,16.7,16.625,16.7,17534,0
2016-07-05,20:40:00,16.7,16.74,16.6926,16.74,31168,0
2016-07-05,20:45:00,16.74,16.75,16.69,16.73,21988,0
2016-07-05,20:50:00,16.72,16.74,16.67,16.67,20488,0
2016-07-05,20:55:00,16.675,16.73,16.665,16.7164,18685,0
2016-07-05,21:00:00,16.715,16.75,16.705,16.74,18086,0
2016-07-05,21:05:00,16.74,16.78,16.72,16.77,17717,0
2016-07-05,21:10:00,16.77,16.77,16.715,16.755,23173,0
2016-07-05,21:15:00,16.76,16.78,16.75,16.75,25060,0
2016-07-05,21:20:00,16.755,16.83,16.75,16.825,47480,0
2016-07-05,21:25:00,16.82,16.82,16.775,16.7999,22854,0
2016-07-05,21:30:00,16.795,16.8,16.78,16.78,23174,0
2016-07-05,21:35:00,16.78,16.81,16.73,16.805,74172,0
2016-07-05,21:40:00,16.81,16.825,16.79,16.825,38943,0
2016-07-05,21:45:00,16.83,16.84,16.81,16.82,31892,0
2016-07-05,21:50:00,16.83,16.84,16.81,16.815,35344,0
2016-07-05,21:55:00,16.81,16.815,16.77,16.77,52487,0
2016-07-05,22:00:00,16.77,16.77,16.71,16.71,201639,0
2016-07-06,15:35:00,16.57,16.615,16.33,16.61,16475,0
2016-07-06,15:40:00,16.61,16.61,16.41,16.5,32750,0
2016-07-06,15:45:00,16.5156,16.61,16.472,16.61,42605,0
2016-07-06,15:50:00,16.61,16.73,16.54,16.71,48170,0
2016-07-06,15:55:00,16.71,16.89,16.71,16.83,36539,0
2016-07-06,16:00:00,16.86,17.2,16.85,17.19,189278,0
2016-07-06,16:05:00,17.2,17.4,17.2,17.3899,149122,0
2016-07-06,16:10:00,17.36,17.39,17.17,17.23,69385,0
2016-07-06,16:15:00,17.2295,17.34,17.21,17.305,89068,0
2016-07-06,16:20:00,17.31,17.34,17.13,17.2,97725,0
2016-07-06,16:25:00,17.2,17.3,17.18,17.18,50862,0
2016-07-06,16:30:00,17.18,17.24,17.09,17.115,68931,0
2016-07-06,16:35:00,17.11,17.12,17.01,17.015,118486,0
2016-07-06,16:40:00,17.01,17.04,16.94,16.9773,114775,0
2016-07-06,16:45:00,16.98,16.98,16.87,16.97,102096,0
2016-07-06,16:50:00,16.9799,17.04,16.969,17.03,173861,0
2016-07-06,16:55:00,17.04,17.05,16.98,16.99,162444,0
2016-07-06,17:00:00,16.99,17.04,16.955,17,115302,0
2016-07-06,17:05:00,17,17.13,17,17.06,140066,0
2016-07-06,17:10:00,17.05,17.1,17.05,17.095,61466,0
2016-07-06,17:15:00,17.09,17.13,17.05,17.07,139333,0
2016-07-06,17:20:00,17.07,17.15,17.07,17.12,59280,0
2016-07-06,17:25:00,17.115,17.15,17,17,46598,0
2016-07-06,17:30:00,16.98,16.985,16.92,16.95,44575,0
2016-07-06,17:35:00,16.945,16.995,16.91,16.93,31625,0
2016-07-06,17:40:00,16.95,16.98,16.93,16.93,22500,0
2016-07-06,17:45:00,16.93,16.94,16.9,16.93,16700,0
2016-07-06,17:50:00,16.94,16.97,16.94,16.95,14242,0
2016-07-06,17:55:00,16.94,17.02,16.9285,16.99,16100,0
2016-07-06,18:00:00,17,17.045,17,17.035,18612,0
2016-07-06,18:05:00,17.042,17.12,17.042,17.11,56330,0
2016-07-06,18:10:00,17.11,17.16,17.1,17.15,94727,0
2016-07-06,18:15:00,17.14,17.18,17.1,17.15,144365,0
2016-07-06,18:20:00,17.15,17.19,17.13,17.18,109873,0
2016-07-06,18:25:00,17.18,17.225,17.14,17.145,31530,0
2016-07-06,18:30:00,17.149,17.18,17.14,17.15,17200,0
2016-07-06,18:35:00,17.15,17.19,17.13,17.14,75204,0
2016-07-06,18:40:00,17.15,17.19,17.11,17.13,152341,0
2016-07-06,18:45:00,17.14,17.18,17.13,17.18,48550,0
2016-07-06,18:50:00,17.17,17.2,17.13,17.19,38893,0
2016-07-06,18:55:00,17.185,17.22,17.14,17.192,68758,0
2016-07-06,19:00:00,17.2,17.2,17.1375,17.14,96048,0
2016-07-06,19:05:00,17.14,17.24,17.14,17.23,35795,0
2016-07-06,19:10:00,17.23,17.33,17.17,17.19,118612,0
2016-07-06,19:15:00,17.2,17.24,17.16,17.2,36902,0
2016-07-06,19:20:00,17.21,17.23,17.19,17.219,32339,0
2016-07-06,19:25:00,17.22,17.26,17.195,17.21,31006,0
2016-07-06,19:30:00,17.215,17.275,17.18,17.23,55480,0
2016-07-06,19:35:00,17.23,17.26,17.23,17.26,30420,0
2016-07-06,19:40:00,17.255,17.31,17.255,17.28,24718,0
2016-07-06,19:45:00,17.29,17.31,17.21,17.21,13279,0
2016-07-06,19:50:00,17.2044,17.26,17.1927,17.23,38873,0
2016-07-06,19:55:00,17.23,17.27,17.22,17.24,15500,0
2016-07-06,20:00:00,17.24,17.24,17.14,17.15,10798,0
2016-07-06,20:05:00,17.14,17.21,17.11,17.195,27595,0
2016-07-06,20:10:00,17.19,17.25,17.19,17.22,40103,0
2016-07-06,20:15:00,17.22,17.24,17.19,17.21,15600,0
2016-07-06,20:20:00,17.21,17.28,17.19,17.26,31235,0
2016-07-06,20:25:00,17.28,17.28,17.23,17.24,8987,0
2016-07-06,20:30:00,17.249,17.31,17.22,17.29,107187,0
2016-07-06,20:35:00,17.3,17.39,17.29,17.39,44369,0
2016-07-06,20:40:00,17.39,17.43,17.37,17.43,49037,0
2016-07-06,20:45:00,17.42,17.42,17.38,17.4,20709,0
2016-07-06,20:50:00,17.41,17.45,17.384,17.43,34633,0
2016-07-06,20:55:00,17.44,17.5,17.44,17.44,40697,0
2016-07-06,21:00:00,17.44,17.5,17.44,17.445,37038,0
2016-07-06,21:05:00,17.44,17.45,17.42,17.43,36504,0
2016-07-06,21:10:00,17.44,17.48,17.43,17.43,61708,0
2016-07-06,21:15:00,17.435,17.45,17.425,17.43,29479,0
2016-07-06,21:20:00,17.43,17.45,17.43,17.44,38956,0
2016-07-06,21:25:00,17.44,17.45,17.42,17.42,18016,0
2016-07-06,21:30:00,17.43,17.44,17.37,17.38,41789,0
2016-07-06,21:35:00,17.38,17.43,17.38,17.41,59664,0
2016-07-06,21:40:00,17.42,17.46,17.41,17.445,112202,0
2016-07-06,21:45:00,17.45,17.465,17.43,17.461,57926,0
2016-07-06,21:50:00,17.46,17.46,17.44,17.46,53764,0
2016-07-06,21:55:00,17.46,17.5,17.46,17.5,133497,0
2016-07-06,22:00:00,17.5,17.57,17.5,17.51,354381,0
2016-07-07,15:35:00,17.87,17.98,17.8091,17.87,88736,0
2016-07-07,15:40:00,17.9,18.012,17.89,17.96,79687,0
2016-07-07,15:45:00,17.9799,18.05,17.85,17.86,67217,0
2016-07-07,15:50:00,17.87,18,17.83,17.97,45883,0
2016-07-07,15:55:00,17.99,18.02,17.87,17.91,44557,0
2016-07-07,16:00:00,17.91,17.93,17.84,17.89,43710,0
2016-07-07,16:05:00,17.89,17.92,17.67,17.675,56105,0
2016-07-07,16:10:00,17.68,17.91,17.68,17.84,43204,0
2016-07-07,16:15:00,17.835,18,17.81,18,34595,0
2016-07-07,16:20:00,18,18.01,17.92,17.93,38195,0
2016-07-07,16:25:00,17.93,17.93,17.83,17.9,28259,0
2016-07-07,16:30:00,17.89,17.9,17.84,17.9,30976,0
2016-07-07,16:35:00,17.92,17.98,17.92,17.98,27864,0
2016-07-07,16:40:00,17.98,18,17.97,17.97,38232,0
2016-07-07,16:45:00,17.97,17.99,17.89,17.89,86920,0
2016-07-07,16:50:00,17.88,17.93,17.87,17.93,22275,0
2016-07-07,16:55:00,17.93,17.94,17.9,17.9,52861,0
2016-07-07,17:00:00,17.91,17.98,17.905,17.965,35953,0
2016-07-07,17:05:00,17.96,17.965,17.9,17.91,57691,0
2016-07-07,17:10:00,17.905,18.01,17.9,18,64474,0
2016-07-07,17:15:00,18.01,18.015,17.95,17.97,53684,0
2016-07-07,17:20:00,17.97,18.03,17.97,17.9983,77508,0
2016-07-07,17:25:00,18,18.085,17.98,18.03,48737,0
2016-07-07,17:30:00,18.03,18.08,17.98,18.055,104874,0
2016-07-07,17:35:00,18.06,18.06,18,18.03,29464,0
2016-07-07,17:40:00,18.03,18.1,18.03,18.09,54365,0
2016-07-07,17:45:00,18.08,18.09,18.01,18.02,28121,0
2016-07-07,17:50:00,18.01,18.02,17.9599,17.99,79110,0
2016-07-07,17:55:00,17.99,18.0201,17.95,18,62543,0
2016-07-07,18:00:00,18.01,18.095,17.99,18.095,33667,0
2016-07-07,18:05:00,18.0999,18.1261,18.05,18.1,50310,0
2016-07-07,18:10:00,18.13,18.15,18.015,18.015,44705,0
2016-07-07,18:15:00,18.0201,18.09,18.02,18.0501,28923,0
2016-07-07,18:20:00,18.06,18.1,18.04,18.06,43840,0
2016-07-07,18:25:00,18.065,18.065,17.98,17.99,39286,0
2016-07-07,18:30:00,17.99,18.04,17.93,18.04,31797,0
2016-07-07,18:35:00,18.0402,18.05,17.98,17.99,47905,0
2016-07-07,18:40:00,17.99,18.015,17.97,18.015,85697,0
2016-07-07,18:45:00,18.02,18.035,17.97,17.995,14777,0
2016-07-07,18:50:00,18,18.01,17.89,17.9,36760,0
2016-07-07,18:55:00,17.9,17.9,17.84,17.88,57582,0
2016-07-07,19:00:00,17.875,17.91,17.86,17.9,51170,0
2016-07-07,19:05:00,17.9,17.92,17.89,17.9,27847,0
2016-07-07,19:10:00,17.9,17.935,17.89,17.92,23718,0
2016-07-07,19:15:00,17.92,17.97,17.89,17.96,21390,0
2016-07-07,19:20:00,17.96,18.005,17.9378,17.97,19124,0
2016-07-07,19:25:00,17.96,17.9899,17.94,17.9899,12765,0
2016-07-07,19:30:00,17.99,18.02,17.93,17.95,90384,0
2016-07-07,19:35:00,17.95,18,17.9399,17.97,33000,0
2016-07-07,19:40:00,17.97,17.97,17.93,17.95,39392,0
2016-07-07,19:45:00,17.95,17.995,17.94,17.98,34396,0
2016-07-07,19:50:00,17.97,17.99,17.93,17.99,24876,0
2016-07-07,19:55:00,17.9836,17.995,17.94,17.96,23866,0
2016-07-07,20:00:00,17.96,18.025,17.96,18.025,24660,0
2016-07-07,20:05:00,18.0235,18.025,17.98,17.99,19876,0
2016-07-07,20:10:00,17.99,17.995,17.93,17.9499,36570,0
2016-07-07,20:15:00,17.94,17.965,17.93,17.96,42418,0
2016-07-07,20:20:00,17.96,17.98,17.9499,17.95,21755,0
2016-07-07,20:25:00,17.95,18,17.9407,17.955,30891,0
2016-07-07,20:30:00,17.96,18,17.96,17.97,26032,0
2016-07-07,20:35:00,17.98,17.98,17.945,17.95,27347,0
2016-07-07,20:40:00,17.96,18.015,17.96,17.98,22804,0
2016-07-07,20:45:00,17.985,17.995,17.96,17.97,40703,0
2016-07-07,20:50:00,17.975,18,17.975,17.985,13614,0
2016-07-07,20:55:00,17.98,18.01,17.945,17.98,38426,0
2016-07-07,21:00:00,17.9899,17.99,17.93,17.95,55545,0
2016-07-07,21:05:00,17.95,18.005,17.94,18,51805,0
2016-07-07,21:10:00,18,18.07,18,18.07,24640,0
2016-07-07,21:15:00,18.07,18.12,18.045,18.12,40216,0
2016-07-07,21:20:00,18.13,18.14,18.11,18.115,46488,0
2016-07-07,21:25:00,18.11,18.11,18.0801,18.0801,35313,0
2016-07-07,21:30:00,18.09,18.12,18.075,18.1,29135,0
2016-07-07,21:35:00,18.105,18.12,18.08,18.1,116738,0
2016-07-07,21:40:00,18.11,18.13,18.085,18.115,49369,0
2016-07-07,21:45:00,18.11,18.15,18.11,18.1401,78873,0
2016-07-07,21:50:00,18.15,18.18,18.146,18.17,57402,0
2016-07-07,21:55:00,18.17,18.2,18.16,18.2,267244,0
2016-07-07,22:00:00,18.2,18.21,18.17,18.19,350964,0
2016-07-08,15:35:00,18.38,18.3899,18.17,18.35,129938,0
2016-07-08,15:40:00,18.38,18.53,18.24,18.28,156890,0
2016-07-08,15:45:00,18.3298,18.6,18.31,18.45,50004,0
2016-07-08,15:50:00,18.44,18.54,18.41,18.4999,50139,0
2016-07-08,15:55:00,18.5,18.6,18.435,18.45,55090,0
2016-07-08,16:00:00,18.43,18.47,18.322,18.47,51086,0
2016-07-08,16:05:00,18.47,18.49,18.4,18.4,37792,0
2016-07-08,16:10:00,18.41,18.42,18.34,18.39,31037,0
2016-07-08,16:15:00,18.399,18.445,18.38,18.41,38589,0
2016-07-08,16:20:00,18.41,18.41,18.17,18.21,40172,0
2016-07-08,16:25:00,18.21,18.3,18.14,18.28,62104,0
2016-07-08,16:30:00,18.28,18.43,18.27,18.39,17920,0
2016-07-08,16:35:00,18.4,18.42,18.32,18.33,32685,0
2016-07-08,16:40:00,18.33,18.435,18.33,18.43,34699,0
2016-07-08,16:45:00,18.425,18.55,18.425,18.5475,19156,0
2016-07-08,16:50:00,18.545,18.55,18.45,18.49,37250,0
2016-07-08,16:55:00,18.49,18.545,18.48,18.5,33350,0
2016-07-08,17:00:00,18.5,18.535,18.48,18.49,25909,0
2016-07-08,17:05:00,18.4917,18.495,18.45,18.47,16268,0
2016-07-08,17:10:00,18.48,18.495,18.425,18.43,23653,0
2016-07-08,17:15:00,18.42,18.46,18.42,18.45,12374,0
2016-07-08,17:20:00,18.45,18.54,18.44,18.54,34427,0
2016-07-08,17:25:00,18.55,18.605,18.515,18.6,35189,0
2016-07-08,17:30:00,18.61,18.665,18.61,18.65,36072,0
2016-07-08,17:35:00,18.65,18.665,18.55,18.56,72187,0
2016-07-08,17:40:00,18.55,18.65,18.55,18.65,27337,0
2016-07-08,17:45:00,18.66,18.69,18.645,18.69,44673,0
2016-07-08,17:50:00,18.695,18.715,18.655,18.695,29263,0
2016-07-08,17:55:00,18.7,18.7,18.65,18.695,14220,0
2016-07-08,18:00:00,18.69,18.7,18.62,18.62,88195,0
2016-07-08,18:05:00,18.625,18.635,18.49,18.523,53809,0
2016-07-08,18:10:00,18.525,18.63,18.51,18.58,26828,0
2016-07-08,18:15:00,18.58,18.645,18.58,18.6138,21200,0
2016-07-08,18:20:00,18.61,18.64,18.599,18.64,16471,0
2016-07-08,18:25:00,18.63,18.67,18.6,18.67,10935,0
2016-07-08,18:30:00,18.68,18.6999,18.65,18.69,15036,0
2016-07-08,18:35:00,18.69,18.7,18.63,18.63,27814,0
2016-07-08,18:40:00,18.6264,18.68,18.62,18.665,8513,0
2016-07-08,18:45:00,18.66,18.705,18.66,18.705,18350,0
2016-07-08,18:50:00,18.7058,18.72,18.665,18.665,9718,0
2016-07-08,18:55:00,18.67,18.71,18.65,18.71,26783,0
2016-07-08,19:00:00,18.71,18.74,18.705,18.71,21527,0
2016-07-08,19:05:00,18.71,18.75,18.71,18.715,18694,0
2016-07-08,19:10:00,18.71,18.74,18.7,18.74,9880,0
2016-07-08,19:15:00,18.75,18.76,18.72,18.74,21008,0
2016-07-08,19:20:00,18.735,18.735,18.69,18.71,9192,0
2016-07-08,19:25:00,18.72,18.755,18.71,18.75,13700,0
2016-07-08,19:30:00,18.745,18.75,18.7,18.7379,32985,0
2016-07-08,19:35:00,18.74,18.75,18.72,18.725,15314,0
2016-07-08,19:40:00,18.7299,18.76,18.72,18.74,13529,0
2016-07-08,19:45:00,18.74,18.8,18.74,18.77,27249,0
2016-07-08,19:50:00,18.76,18.79,18.76,18.78,11606,0
2016-07-08,19:55:00,18.78,18.78,18.69,18.69,22830,0
2016-07-08,20:00:00,18.7,18.73,18.69,18.709,26480,0
2016-07-08,20:05:00,18.7,18.7,18.67,18.6901,10381,0
2016-07-08,20:10:00,18.69,18.745,18.69,18.715,18225,0
2016-07-08,20:15:00,18.71,18.76,18.71,18.75,24952,0
2016-07-08,20:20:00,18.74,18.75,18.72,18.73,25660,0
2016-07-08,20:25:00,18.73,18.75,18.72,18.72,34148,0
2016-07-08,20:30:00,18.73,18.74,18.71,18.74,15223,0
2016-07-08,20:35:00,18.74,18.78,18.73,18.78,18011,0
2016-07-08,20:40:00,18.785,18.79,18.745,18.745,16401,0
2016-07-08,20:45:00,18.75,18.76,18.72,18.72,18950,0
2016-07-08,20:50:00,18.7269,18.74,18.69,18.72,12440,0
2016-07-08,20:55:00,18.72,18.75,18.7,18.75,20519,0
2016-07-08,21:00:00,18.755,18.77,18.735,18.76,32218,0
2016-07-08,21:05:00,18.77,18.8,18.735,18.75,53068,0
2016-07-08,21:10:00,18.75,18.75,18.72,18.73,16860,0
2016-07-08,21:15:00,18.7282,18.77,18.725,18.765,33899,0
2016-07-08,21:20:00,18.765,18.77,18.73,18.73,12950,0
2016-07-08,21:25:00,18.74,18.75,18.7,18.72,21300,0
2016-07-08,21:30:00,18.715,18.715,18.68,18.685,56006,0
2016-07-08,21:35:00,18.69,18.71,18.68,18.685,55333,0
2016-07-08,21:40:00,18.68,18.7057,18.63,18.7,109586,0
2016-07-08,21:45:00,18.69,18.695,18.66,18.66,44233,0
2016-07-08,21:50:00,18.665,18.67,18.64,18.665,90344,0
2016-07-08,21:55:00,18.67,18.7,18.67,18.68,221246,0
2016-07-08,22:00:00,18.675,18.71,18.67,18.71,308128,0
