Date,Time,Open,High,Low,Close,Volume,OpenInt
2016-06-22,15:35:00,59.6,59.6,59.6,59.6,2846,0
2016-06-22,15:40:00,59.63,59.65,59.501,59.65,2615,0
2016-06-22,15:45:00,59.68,59.72,59.61,59.7,2213,0
2016-06-22,15:50:00,59.7,59.889,59.7,59.889,2414,0
2016-06-22,15:55:00,59.889,59.889,59.66,59.789,7840,0
2016-06-22,16:00:00,59.73,59.73,59.59,59.59,3419,0
2016-06-22,16:05:00,59.61,59.68,59.61,59.61,2917,0
2016-06-22,16:10:00,59.63,59.71,59.63,59.68,2816,0
2016-06-22,16:15:00,59.72,59.759,59.65,59.73,2313,0
2016-06-22,16:20:00,59.7,59.749,59.68,59.73,5235,0
2016-06-22,16:25:00,59.749,59.759,59.66,59.66,7343,0
2016-06-22,16:30:00,59.66,59.71,59.64,59.699,5384,0
2016-06-22,16:35:00,59.66,59.69,59.62,59.68,3522,0
2016-06-22,16:40:00,59.68,59.72,59.66,59.66,4727,0
2016-06-22,16:45:00,59.66,59.7,59.66,59.7,3419,0
2016-06-22,16:50:00,59.7,59.749,59.68,59.71,1934,0
2016-06-22,16:55:00,59.72,59.889,59.72,59.889,5278,0
2016-06-22,17:00:00,59.899,59.909,59.869,59.889,1428,0
2016-06-22,17:05:00,59.879,59.909,59.859,59.909,1810,0
2016-06-22,17:10:00,59.909,59.919,59.889,59.899,1006,0
2016-06-22,17:15:00,59.899,59.998,59.879,59.988,4338,0
2016-06-22,17:20:00,59.968,60.038,59.914,59.914,8458,0
2016-06-22,17:25:00,59.928,59.928,59.72,59.72,8150,0
2016-06-22,17:30:00,59.72,59.789,59.71,59.759,10519,0
2016-06-22,17:35:00,59.72,59.72,59.58,59.61,2112,0
2016-06-22,17:40:00,59.64,59.759,59.64,59.746,1427,0
2016-06-22,17:45:00,59.779,59.779,59.66,59.66,7140,0
2016-06-22,17:50:00,59.68,59.69,59.67,59.69,840,0
2016-06-22,17:55:00,59.69,59.69,59.61,59.66,2756,0
2016-06-22,18:00:00,59.675,59.71,59.66,59.7,5031,0
2016-06-22,18:05:00,59.71,59.73,59.66,59.71,3098,0
2016-06-22,18:10:00,59.69,59.69,59.675,59.675,302,0
2016-06-22,18:15:00,59.714,59.769,59.714,59.769,2855,0
2016-06-22,18:20:00,59.799,59.859,59.799,59.799,2593,0
2016-06-22,18:25:00,59.799,59.804,59.71,59.71,1483,0
2016-06-22,18:30:00,59.69,59.69,59.68,59.69,805,0
2016-06-22,18:35:00,59.72,59.799,59.72,59.799,603,0
2016-06-22,18:40:00,59.824,59.829,59.66,59.69,4929,0
2016-06-22,18:45:00,59.7,59.7,59.6,59.61,2313,0
2016-06-22,18:50:00,59.551,59.61,59.541,59.61,805,0
2016-06-22,18:55:00,59.64,59.65,59.59,59.61,1408,0
2016-06-22,19:00:00,59.63,59.67,59.63,59.67,2414,0
2016-06-22,19:05:00,59.65,59.65,59.61,59.61,2275,0
2016-06-22,19:10:00,59.61,59.61,59.585,59.585,704,0
2016-06-22,19:15:00,59.571,59.571,59.521,59.551,1408,0
2016-06-22,19:20:00,59.551,59.551,59.526,59.546,905,0
2016-06-22,19:25:00,59.541,59.541,59.481,59.491,1879,0
2016-06-22,19:30:00,59.491,59.501,59.461,59.481,704,0
2016-06-22,19:35:00,59.501,59.561,59.501,59.551,51607,0
2016-06-22,19:40:00,59.551,59.61,59.551,59.61,603,0
2016-06-22,19:45:00,59.61,59.61,59.6,59.6,1207,0
2016-06-22,19:50:00,59.624,59.66,59.62,59.64,2032,0
2016-06-22,19:55:00,59.65,59.66,59.61,59.66,805,0
2016-06-22,20:00:00,59.66,59.67,59.64,59.64,1207,0
2016-06-22,20:05:00,59.64,59.67,59.62,59.63,3319,0
2016-06-22,20:10:00,59.64,59.66,59.63,59.63,1408,0
2016-06-22,20:15:00,59.64,59.66,59.64,59.65,1595,0
2016-06-22,20:20:00,59.65,59.67,59.64,59.66,1307,0
2016-06-22,20:25:00,59.64,59.64,59.59,59.63,1408,0
2016-06-22,20:30:00,59.63,59.66,59.63,59.65,1509,0
2016-06-22,20:35:00,59.65,59.65,59.6,59.6,1810,0
2016-06-22,20:40:00,59.61,59.61,59.59,59.6,1843,0
2016-06-22,20:45:00,59.6,59.6,59.501,59.501,3046,0
2016-06-22,20:50:00,59.511,59.511,59.431,59.501,7319,0
2016-06-22,20:55:00,59.511,59.551,59.501,59.551,1207,0
2016-06-22,21:00:00,59.561,59.66,59.561,59.66,2523,0
2016-06-22,21:05:00,59.65,59.71,59.63,59.67,3520,0
2016-06-22,21:10:00,59.66,59.67,59.541,59.541,3918,0
2016-06-22,21:15:00,59.551,59.561,59.531,59.561,24036,0
2016-06-22,21:20:00,59.531,59.64,59.521,59.62,1257,0
2016-06-22,21:25:00,59.63,59.63,59.461,59.561,14165,0
2016-06-22,21:30:00,59.561,59.62,59.561,59.59,1931,0
2016-06-22,21:35:00,59.571,59.571,59.541,59.561,3736,0
2016-06-22,21:40:00,59.561,59.571,59.541,59.571,4440,0
2016-06-22,21:45:00,59.58,59.58,59.511,59.511,8856,0
2016-06-22,21:50:00,59.511,59.541,59.491,59.491,4757,0
2016-06-22,21:55:00,59.481,59.481,59.431,59.441,4023,0
2016-06-22,22:00:00,59.441,59.481,59.382,59.401,22384,0
2016-06-23,15:35:00,59.928,60.356,59.928,60.286,5331,0
2016-06-23,15:40:00,60.276,60.346,60.157,60.346,4827,0
2016-06-23,15:45:00,60.376,60.495,60.296,60.495,3721,0
2016-06-23,15:50:00,60.495,60.634,60.465,60.605,3017,0
2016-06-23,15:55:00,60.585,60.605,60.356,60.376,4727,0
2016-06-23,16:00:00,60.356,60.396,60.356,60.376,2213,0
2016-06-23,16:05:00,60.376,60.495,60.376,60.416,7454,0
2016-06-23,16:10:00,60.356,60.535,60.336,60.515,7442,0
2016-06-23,16:15:00,60.515,60.515,60.366,60.386,5129,0
2016-06-23,16:20:00,60.386,60.46,60.356,60.376,4332,0
2016-06-23,16:25:00,60.386,60.426,60.257,60.286,5937,0
2016-06-23,16:30:00,60.306,60.356,60.127,60.127,6740,0
2016-06-23,16:35:00,60.127,60.217,60.107,60.187,3688,0
2016-06-23,16:40:00,60.227,60.257,60.147,60.197,8749,0
2016-06-23,16:45:00,60.197,60.217,60.157,60.157,10758,0
2016-06-23,16:50:00,60.117,60.177,60.117,60.177,1854,0
2016-06-23,16:55:00,60.197,60.207,60.157,60.177,13879,0
2016-06-23,17:00:00,60.177,60.197,60.157,60.157,7421,0
2016-06-23,17:05:00,60.157,60.177,60.098,60.107,5796,0
2016-06-23,17:10:00,60.127,60.147,60.068,60.068,3621,0
2016-06-23,17:15:00,60.048,60.167,60.038,60.157,4626,0
2016-06-23,17:20:00,60.167,60.326,60.167,60.316,5503,0
2016-06-23,17:25:00,60.336,60.346,60.296,60.346,1609,0
2016-06-23,17:30:00,60.346,60.406,60.336,60.406,905,0
2016-06-23,17:35:00,60.455,60.535,60.455,60.515,3520,0
2016-06-23,17:40:00,60.515,60.56,60.515,60.555,2729,0
2016-06-23,17:45:00,60.565,60.565,60.515,60.535,2122,0
2016-06-23,17:50:00,60.545,60.56,60.485,60.555,11566,0
2016-06-23,17:55:00,60.555,60.664,60.555,60.634,3646,0
2016-06-23,18:00:00,60.624,60.634,60.595,60.624,1810,0
2016-06-23,18:05:00,60.615,60.664,60.595,60.595,1307,0
2016-06-23,18:10:00,60.654,60.704,60.654,60.704,1509,0
2016-06-23,18:15:00,60.714,60.714,60.634,60.634,704,0
2016-06-23,18:20:00,60.664,60.694,60.664,60.684,1307,0
2016-06-23,18:25:00,60.684,60.694,60.615,60.615,2414,0
2016-06-23,18:30:00,60.624,60.624,60.605,60.605,805,0
2016-06-23,18:35:00,60.595,60.674,60.595,60.674,2112,0
2016-06-23,18:40:00,60.674,60.674,60.654,60.654,810,0
2016-06-23,18:45:00,60.654,60.664,60.605,60.615,1810,0
2016-06-23,18:50:00,60.585,60.585,60.565,60.565,402,0
2016-06-23,18:55:00,60.525,60.565,60.525,60.565,302,0
2016-06-23,19:00:00,60.595,60.6,60.505,60.505,2313,0
2016-06-23,19:05:00,60.505,60.505,60.485,60.485,302,0
2016-06-23,19:10:00,60.485,60.505,60.465,60.465,1609,0
2016-06-23,19:15:00,60.49,60.505,60.475,60.505,1810,0
2016-06-23,19:20:00,60.515,60.545,60.495,60.545,805,0
2016-06-23,19:25:00,60.545,60.545,60.495,60.505,1039,0
2016-06-23,19:30:00,60.505,60.515,60.475,60.495,2816,0
2016-06-23,19:35:00,60.505,60.505,60.475,60.475,905,0
2016-06-23,19:40:00,60.465,60.465,60.446,60.455,2588,0
2016-06-23,19:45:00,60.455,60.455,60.376,60.386,2791,0
2016-06-23,19:50:00,60.366,60.373,60.326,60.331,1531,0
2016-06-23,19:55:00,60.316,60.336,60.29,60.336,3835,0
2016-06-23,20:00:00,60.336,60.366,60.336,60.366,2308,0
2016-06-23,20:05:00,60.366,60.376,60.267,60.267,3647,0
2016-06-23,20:10:00,60.296,60.326,60.276,60.326,4386,0
2016-06-23,20:15:00,60.366,60.396,60.366,60.386,2737,0
2016-06-23,20:20:00,60.396,60.436,60.366,60.366,4098,0
2016-06-23,20:25:00,60.386,60.386,60.286,60.306,2313,0
2016-06-23,20:30:00,60.326,60.366,60.326,60.366,4048,0
2016-06-23,20:35:00,60.366,60.376,60.331,60.336,5351,0
2016-06-23,20:40:00,60.351,60.366,60.336,60.366,2917,0
2016-06-23,20:45:00,60.366,60.396,60.366,60.396,1909,0
2016-06-23,20:50:00,60.391,60.426,60.386,60.396,6437,0
2016-06-23,20:55:00,60.396,60.396,60.366,60.366,3319,0
2016-06-23,21:00:00,60.366,60.366,60.346,60.346,2213,0
2016-06-23,21:05:00,60.346,60.396,60.326,60.386,3419,0
2016-06-23,21:10:00,60.386,60.392,60.371,60.386,1323,0
2016-06-23,21:15:00,60.396,60.406,60.376,60.386,5588,0
2016-06-23,21:20:00,60.396,60.396,60.376,60.386,2313,0
2016-06-23,21:25:00,60.366,60.366,60.336,60.346,1710,0
2016-06-23,21:30:00,60.341,60.366,60.341,60.356,2112,0
2016-06-23,21:35:00,60.376,60.386,60.361,60.386,3218,0
2016-06-23,21:40:00,60.386,60.406,60.376,60.406,10773,0
2016-06-23,21:45:00,60.406,60.495,60.396,60.495,5792,0
2016-06-23,21:50:00,60.485,60.535,60.485,60.495,6436,0
2016-06-23,21:55:00,60.485,60.495,60.386,60.406,26977,0
2016-06-23,22:00:00,60.396,60.426,60.326,60.416,140505,0
2016-06-24,15:35:00,58.268,58.755,57.691,58.586,13858,0
2016-06-24,15:40:00,58.497,58.497,58.278,58.367,3137,0
2016-06-24,15:45:00,58.367,58.666,58.288,58.477,5466,0
2016-06-24,15:50:00,58.357,58.616,58.308,58.606,9619,0
2016-06-24,15:55:00,58.616,58.636,58.351,58.636,7278,0
2016-06-24,16:00:00,58.646,58.755,58.616,58.656,8548,0
2016-06-24,16:05:00,58.745,58.855,58.691,58.795,3017,0
2016-06-24,16:10:00,58.884,58.964,58.805,58.944,2313,0
2016-06-24,16:15:00,58.964,59.024,58.874,58.954,4274,0
2016-06-24,16:20:00,58.954,58.959,58.745,58.745,10208,0
2016-06-24,16:25:00,58.785,58.994,58.765,58.949,8853,0
2016-06-24,16:30:00,58.865,58.984,58.775,58.944,8298,0
2016-06-24,16:35:00,58.959,58.974,58.815,58.865,12718,0
2016-06-24,16:40:00,58.865,58.924,58.775,58.865,12480,0
2016-06-24,16:45:00,58.894,58.894,58.765,58.775,3922,0
2016-06-24,16:50:00,58.825,58.835,58.666,58.676,4325,0
2016-06-24,16:55:00,58.705,58.745,58.606,58.616,3934,0
2016-06-24,17:00:00,58.676,58.725,58.477,58.477,2923,0
2016-06-24,17:05:00,58.526,58.616,58.407,58.442,4643,0
2016-06-24,17:10:00,58.437,58.526,58.417,58.526,6638,0
2016-06-24,17:15:00,58.507,58.606,58.497,58.606,7040,0
2016-06-24,17:20:00,58.586,58.606,58.477,58.536,3671,0
2016-06-24,17:25:00,58.517,58.536,58.437,58.442,6034,0
2016-06-24,17:30:00,58.437,58.437,58.367,58.377,8750,0
2016-06-24,17:35:00,58.407,58.407,58.268,58.268,5934,0
2016-06-24,17:40:00,58.268,58.288,58.268,58.278,1207,0
2016-06-24,17:45:00,58.318,58.318,58.218,58.238,3203,0
2016-06-24,17:50:00,58.258,58.308,58.089,58.089,5994,0
2016-06-24,17:55:00,58.099,58.109,57.999,58.019,3017,0
2016-06-24,18:00:00,58.039,58.059,58.029,58.059,1810,0
2016-06-24,18:05:00,58.049,58.069,57.94,57.96,4526,0
2016-06-24,18:10:00,57.999,58.029,57.99,57.99,1810,0
2016-06-24,18:15:00,57.92,57.92,57.791,57.82,1911,0
2016-06-24,18:20:00,57.82,57.87,57.801,57.86,9554,0
2016-06-24,18:25:00,57.9,58.009,57.9,57.94,11489,0
2016-06-24,18:30:00,57.9,57.95,57.9,57.91,3017,0
2016-06-24,18:35:00,57.89,57.9,57.731,57.731,3621,0
2016-06-24,18:40:00,57.751,57.801,57.721,57.801,805,0
2016-06-24,18:45:00,57.781,57.781,57.681,57.681,2112,0
2016-06-24,18:50:00,57.681,57.711,57.613,57.681,7662,0
2016-06-24,18:55:00,57.691,57.701,57.622,57.691,3218,0
2016-06-24,19:00:00,57.671,57.671,57.612,57.622,1509,0
2016-06-24,19:05:00,57.632,57.671,57.602,57.612,4610,0
2016-06-24,19:10:00,57.572,57.572,57.512,57.572,1911,0
2016-06-24,19:15:00,57.592,57.641,57.552,57.632,4043,0
2016-06-24,19:20:00,57.632,57.661,57.522,57.592,7586,0
2016-06-24,19:25:00,57.592,57.592,57.502,57.522,3594,0
2016-06-24,19:30:00,57.532,57.572,57.532,57.572,3555,0
2016-06-24,19:35:00,57.562,57.641,57.552,57.602,6257,0
2016-06-24,19:40:00,57.622,57.641,57.582,57.582,2615,0
2016-06-24,19:45:00,57.562,57.562,57.522,57.522,1006,0
2016-06-24,19:50:00,57.542,57.542,57.403,57.423,3419,0
2016-06-24,19:55:00,57.413,57.472,57.413,57.472,1211,0
2016-06-24,20:00:00,57.502,57.542,57.492,57.502,2615,0
2016-06-24,20:05:00,57.552,57.572,57.512,57.512,6158,0
2016-06-24,20:10:00,57.562,57.572,57.542,57.572,1763,0
2016-06-24,20:15:00,57.572,57.572,57.512,57.512,4727,0
2016-06-24,20:20:00,57.522,57.532,57.453,57.472,1207,0
2016-06-24,20:25:00,57.472,57.472,57.353,57.363,3478,0
2016-06-24,20:30:00,57.363,57.428,57.363,57.403,4324,0
2016-06-24,20:35:00,57.403,57.403,57.254,57.274,3742,0
2016-06-24,20:40:00,57.313,57.313,57.274,57.303,3978,0
2016-06-24,20:45:00,57.323,57.323,57.244,57.244,5028,0
2016-06-24,20:50:00,57.224,57.224,57.105,57.224,5606,0
2016-06-24,20:55:00,57.264,57.303,57.204,57.298,6638,0
2016-06-24,21:00:00,57.303,57.373,57.274,57.274,4916,0
2016-06-24,21:05:00,57.264,57.293,57.244,57.269,7140,0
2016-06-24,21:10:00,57.264,57.264,57.199,57.199,3240,0
2016-06-24,21:15:00,57.184,57.184,57.134,57.144,7945,0
2016-06-24,21:20:00,57.144,57.144,57.025,57.035,5557,0
2016-06-24,21:25:00,57.045,57.065,56.98,56.995,32412,0
2016-06-24,21:30:00,57.035,57.194,57.025,57.174,17722,0
2016-06-24,21:35:00,57.164,57.264,57.164,57.264,23606,0
2016-06-24,21:40:00,57.274,57.403,57.274,57.313,16946,0
2016-06-24,21:45:00,57.313,57.502,57.301,57.472,15586,0
2016-06-24,21:50:00,57.502,57.701,57.472,57.691,50571,0
2016-06-24,21:55:00,57.671,57.731,57.632,57.701,66447,0
2016-06-24,22:00:00,57.691,57.741,57.423,57.433,482126,0
2016-06-27,15:35:00,56.896,57.328,56.737,56.806,4441,0
2016-06-27,15:40:00,56.796,56.926,56.598,56.598,3419,0
2016-06-27,15:45:00,56.607,56.617,56.17,56.369,9034,0
2016-06-27,15:50:00,56.409,56.737,56.329,56.369,7047,0
2016-06-27,15:55:00,56.399,56.458,56.359,56.359,2935,0
2016-06-27,16:00:00,56.369,56.409,56.15,56.15,3474,0
2016-06-27,16:05:00,56.232,56.319,56.16,56.16,2414,0
2016-06-27,16:10:00,56.19,56.349,56.185,56.23,19364,0
2016-06-27,16:15:00,56.259,56.289,56.2,56.259,10423,0
2016-06-27,16:20:00,56.279,56.289,56.1,56.19,7643,0
2016-06-27,16:25:00,56.22,56.239,56.09,56.13,7643,0
2016-06-27,16:30:00,56.11,56.16,56.031,56.13,18304,0
2016-06-27,16:35:00,56.12,56.14,56.056,56.08,10824,0
2016-06-27,16:40:00,56.16,56.23,56.031,56.031,10685,0
2016-06-27,16:45:00,56.09,56.18,56.021,56.051,5833,0
2016-06-27,16:50:00,56.056,56.056,55.862,55.862,3520,0
2016-06-27,16:55:00,55.887,55.887,55.752,55.822,6336,0
2016-06-27,17:00:00,55.847,55.847,55.703,55.712,5230,0
2016-06-27,17:05:00,55.722,56.011,55.722,55.951,5439,0
2016-06-27,17:10:00,55.991,56.15,55.971,55.981,5663,0
2016-06-27,17:15:00,56.021,56.031,55.832,55.852,5934,0
2016-06-27,17:20:00,55.862,55.911,55.822,55.842,5090,0
2016-06-27,17:25:00,55.842,55.872,55.785,55.812,5230,0
2016-06-27,17:30:00,55.812,56.061,55.802,56.061,7241,0
2016-06-27,17:35:00,56.061,56.07,56.001,56.061,8864,0
2016-06-27,17:40:00,56.061,56.17,56.061,56.17,7060,0
2016-06-27,17:45:00,56.15,56.18,56.09,56.12,9857,0
2016-06-27,17:50:00,56.13,56.21,56.08,56.19,23332,0
2016-06-27,17:55:00,56.17,56.17,56.054,56.11,3822,0
2016-06-27,18:00:00,56.148,56.19,56.1,56.13,7735,0
2016-06-27,18:05:00,56.11,56.16,56.105,56.13,3520,0
2016-06-27,18:10:00,56.12,56.12,56.019,56.051,3289,0
2016-06-27,18:15:00,56.031,56.042,55.971,56.001,6489,0
2016-06-27,18:20:00,56.001,56.1,56.001,56.08,3118,0
2016-06-27,18:25:00,56.1,56.11,56.051,56.08,3480,0
2016-06-27,18:30:00,56.15,56.18,56.15,56.17,3419,0
2016-06-27,18:35:00,56.17,56.18,56.08,56.12,6336,0
2016-06-27,18:40:00,56.11,56.19,56.08,56.08,35099,0
2016-06-27,18:45:00,56.09,56.12,56.031,56.041,3025,0
2016-06-27,18:50:00,55.981,56.031,55.981,56.011,782,0
2016-06-27,18:55:00,56.1,56.14,56.001,56.001,5219,0
2016-06-27,19:00:00,56.07,56.14,56.07,56.13,1207,0
2016-06-27,19:05:00,56.13,56.19,56.11,56.16,2967,0
2016-06-27,19:10:00,56.21,56.21,56.17,56.2,2213,0
2016-06-27,19:15:00,56.17,56.2,56.1,56.1,3279,0
2016-06-27,19:20:00,56.14,56.2,56.14,56.2,1911,0
2016-06-27,19:25:00,56.2,56.2,56.14,56.16,2373,0
2016-06-27,19:30:00,56.18,56.2,56.14,56.15,2586,0
2016-06-27,19:35:00,56.13,56.15,56.051,56.051,2112,0
2016-06-27,19:40:00,56.041,56.051,56.021,56.021,2112,0
2016-06-27,19:45:00,56.011,56.011,55.867,55.872,1408,0
2016-06-27,19:50:00,55.852,55.891,55.847,55.891,3625,0
2016-06-27,19:55:00,55.882,55.991,55.862,55.981,2641,0
2016-06-27,20:00:00,55.971,56.011,55.941,56.011,3056,0
2016-06-27,20:05:00,56.001,56.041,55.961,55.981,3207,0
2016-06-27,20:10:00,55.941,55.951,55.882,55.882,2514,0
2016-06-27,20:15:00,55.882,55.951,55.862,55.872,2715,0
2016-06-27,20:20:00,55.872,55.921,55.862,55.862,3421,0
2016-06-27,20:25:00,55.882,55.941,55.862,55.862,3514,0
2016-06-27,20:30:00,55.882,55.981,55.842,55.951,3621,0
2016-06-27,20:35:00,55.951,56.041,55.951,55.971,2112,0
2016-06-27,20:40:00,55.971,56.11,55.951,56.09,3569,0
2016-06-27,20:45:00,56.09,56.13,56.031,56.051,2514,0
2016-06-27,20:50:00,56.1,56.1,55.961,56.001,4176,0
2016-06-27,20:55:00,56.001,56.011,55.931,55.931,4135,0
2016-06-27,21:00:00,55.961,56.051,55.921,56.041,5330,0
2016-06-27,21:05:00,56.051,56.13,56.011,56.13,5129,0
2016-06-27,21:10:00,56.13,56.13,56.057,56.07,21707,0
2016-06-27,21:15:00,56.08,56.22,56.08,56.22,3642,0
2016-06-27,21:20:00,56.22,56.23,56.14,56.2,6537,0
2016-06-27,21:25:00,56.2,56.2,56.061,56.061,6346,0
2016-06-27,21:30:00,56.09,56.18,56.085,56.16,8429,0
2016-06-27,21:35:00,56.14,56.21,56.125,56.17,7152,0
2016-06-27,21:40:00,56.175,56.369,56.16,56.349,11867,0
2016-06-27,21:45:00,56.339,56.361,56.205,56.269,7254,0
2016-06-27,21:50:00,56.279,56.309,56.249,56.309,10728,0
2016-06-27,21:55:00,56.309,56.314,56.21,56.269,15967,0
2016-06-27,22:00:00,56.269,56.279,56.14,56.15,57185,0
2016-06-28,15:35:00,56.48,59.09,56.48,57.27,4065,0
2016-06-28,15:40:00,57.27,57.28,57,57.26,7519,0
2016-06-28,15:45:00,57.26,57.31,57.05,57.24,5371,0
2016-06-28,15:50:00,57.29,57.46,57.12,57.41,3537,0
2016-06-28,15:55:00,57.43,57.43,57.32,57.36,3800,0
2016-06-28,16:00:00,57.38,57.49,57.32,57.35,4800,0
2016-06-28,16:05:00,57.31,57.55,57.31,57.43,4928,0
2016-06-28,16:10:00,57.43,57.43,57.2863,57.2863,3030,0
2016-06-28,16:15:00,57.32,57.35,57.27,57.27,4200,0
2016-06-28,16:20:00,57.35,57.375,57.32,57.34,4600,0
2016-06-28,16:25:00,57.34,57.34,57.21,57.21,4419,0
2016-06-28,16:30:00,57.23,57.27,57.18,57.24,2579,0
2016-06-28,16:35:00,57.25,57.3,57.17,57.21,3100,0
2016-06-28,16:40:00,57.23,57.27,57.12,57.18,2600,0
2016-06-28,16:45:00,57.18,57.22,57.12,57.22,1700,0
2016-06-28,16:50:00,57.29,57.35,57.27,57.31,3405,0
2016-06-28,16:55:00,57.31,57.35,57.3,57.31,2200,0
2016-06-28,17:00:00,57.32,57.3399,57.1,57.13,4755,0
2016-06-28,17:05:00,57.1,57.16,57.06,57.12,4200,0
2016-06-28,17:10:00,57.09,57.16,57.03,57.07,3231,0
2016-06-28,17:15:00,57.06,57.11,57.03,57.06,2500,0
2016-06-28,17:20:00,57.06,57.17,57.06,57.14,1200,0
2016-06-28,17:25:00,57.14,57.18,57.04,57.04,2600,0
2016-06-28,17:30:00,57.04,57.107,57.04,57.08,1550,0
2016-06-28,17:35:00,57.08,57.1,57.02,57.07,2600,0
2016-06-28,17:40:00,57.05,57.12,57.01,57.01,3815,0
2016-06-28,17:45:00,57.03,57.12,57.02,57.07,2700,0
2016-06-28,17:50:00,57.1,57.19,57.1,57.14,5497,0
2016-06-28,17:55:00,57.16,57.21,57.12,57.18,5100,0
2016-06-28,18:00:00,57.15,57.2,57.1,57.1,5606,0
2016-06-28,18:05:00,57.1,57.1,57.03,57.03,2200,0
2016-06-28,18:10:00,57.04,57.08,57.03,57.03,1100,0
2016-06-28,18:15:00,57.05,57.09,57.05,57.06,4100,0
2016-06-28,18:20:00,57.06,57.12,57.02,57.04,3800,0
2016-06-28,18:25:00,57.02,57.1,57.02,57.08,1800,0
2016-06-28,18:30:00,57.06,57.06,57.05,57.06,1300,0
2016-06-28,18:35:00,57.04,57.14,57.03,57.1,6000,0
2016-06-28,18:40:00,57.12,57.12,56.96,56.98,7600,0
2016-06-28,18:45:00,56.97,57.04,56.84,56.85,5919,0
2016-06-28,18:50:00,56.85,56.87,56.78,56.82,3400,0
2016-06-28,18:55:00,56.845,56.92,56.845,56.91,3400,0
2016-06-28,19:00:00,56.91,56.965,56.87,56.87,2400,0
2016-06-28,19:05:00,56.9,56.9,56.855,56.87,3550,0
2016-06-28,19:10:00,56.9,56.9,56.785,56.795,4320,0
2016-06-28,19:15:00,56.82,56.88,56.82,56.88,2000,0
2016-06-28,19:20:00,56.88,56.88,56.68,56.71,6960,0
2016-06-28,19:25:00,56.69,56.69,56.65,56.65,1600,0
2016-06-28,19:30:00,56.62,56.73,56.605,56.7,5500,0
2016-06-28,19:35:00,56.67,56.75,56.64,56.7,2800,0
2016-06-28,19:40:00,56.71,56.79,56.695,56.79,4505,0
2016-06-28,19:45:00,56.8,56.84,56.77,56.77,1800,0
2016-06-28,19:50:00,56.78,56.8,56.75,56.77,2500,0
2016-06-28,19:55:00,56.77,56.83,56.72,56.82,3800,0
2016-06-28,20:00:00,56.8,56.85,56.755,56.7695,6400,0
2016-06-28,20:05:00,56.75,56.845,56.72,56.825,4265,0
2016-06-28,20:10:00,56.79,56.795,56.76,56.79,3813,0
2016-06-28,20:15:00,56.8,56.82,56.72,56.73,3700,0
2016-06-28,20:20:00,56.73,56.83,56.72,56.815,7600,0
2016-06-28,20:25:00,56.8,56.81,56.75,56.77,8400,0
2016-06-28,20:30:00,56.77,56.82,56.74,56.77,4700,0
2016-06-28,20:35:00,56.77,56.85,56.75,56.82,16237,0
2016-06-28,20:40:00,56.83,56.95,56.83,56.95,3400,0
2016-06-28,20:45:00,56.93,56.93,56.81,56.88,6185,0
2016-06-28,20:50:00,56.9,56.98,56.87,56.97,6227,0
2016-06-28,20:55:00,57,57.155,56.98,57.14,6200,0
2016-06-28,21:00:00,57.16,57.19,57.06,57.08,6590,0
2016-06-28,21:05:00,57.07,57.07,56.99,56.99,8403,0
2016-06-28,21:10:00,56.99,57.09,56.99,57.06,7550,0
2016-06-28,21:15:00,57.05,57.17,57.04,57.13,6900,0
2016-06-28,21:20:00,57.12,57.12,56.92,56.93,4700,0
2016-06-28,21:25:00,56.93,57.02,56.88,56.97,5638,0
2016-06-28,21:30:00,56.94,56.94,56.79,56.88,9091,0
2016-06-28,21:35:00,56.89,56.95,56.75,56.86,9600,0
2016-06-28,21:40:00,56.85,56.96,56.83,56.96,7500,0
2016-06-28,21:45:00,56.93,56.98,56.93,56.96,9939,0
2016-06-28,21:50:00,56.96,56.98,56.89,56.92,12052,0
2016-06-28,21:55:00,56.92,56.92,56.83,56.9,13532,0
2016-06-28,22:00:00,56.9,57,56.9,56.98,55709,0
2016-06-29,15:35:00,57.73,58.3,57.73,58.1,2824,0
2016-06-29,15:40:00,58.18,58.26,57.79,57.94,5636,0
2016-06-29,15:45:00,57.94,57.94,57.61,57.8,3400,0
2016-06-29,15:50:00,57.79,57.84,57.64,57.64,6300,0
2016-06-29,15:55:00,57.675,57.87,57.675,57.77,3900,0
2016-06-29,16:00:00,57.72,57.96,57.72,57.95,3600,0
2016-06-29,16:05:00,57.83,57.99,57.71,57.96,8853,0
2016-06-29,16:10:00,57.91,57.96,57.71,57.76,7486,0
2016-06-29,16:15:00,57.8,57.84,57.67,57.67,5300,0
2016-06-29,16:20:00,57.71,57.71,57.58,57.58,2200,0
2016-06-29,16:25:00,57.6,57.63,57.51,57.59,2500,0
2016-06-29,16:30:00,57.62,57.665,57.55,57.55,2558,0
2016-06-29,16:35:00,57.57,57.7,57.57,57.67,5500,0
2016-06-29,16:40:00,57.59,57.63,57.55,57.61,2100,0
2016-06-29,16:45:00,57.6,57.63,57.585,57.59,2200,0
2016-06-29,16:50:00,57.5801,57.71,57.5801,57.69,4700,0
2016-06-29,16:55:00,57.69,57.69,57.6,57.64,2700,0
2016-06-29,17:00:00,57.605,57.66,57.58,57.62,4776,0
2016-06-29,17:05:00,57.64,57.78,57.64,57.74,5800,0
2016-06-29,17:10:00,57.72,57.76,57.68,57.68,4500,0
2016-06-29,17:15:00,57.66,57.7,57.62,57.64,4700,0
2016-06-29,17:20:00,57.61,57.66,57.56,57.59,5000,0
2016-06-29,17:25:00,57.58,57.69,57.58,57.63,3566,0
2016-06-29,17:30:00,57.64,57.72,57.64,57.71,4900,0
2016-06-29,17:35:00,57.7,57.7,57.65,57.66,3617,0
2016-06-29,17:40:00,57.67,57.74,57.64,57.68,4319,0
2016-06-29,17:45:00,57.68,57.71,57.64,57.64,1900,0
2016-06-29,17:50:00,57.58,57.61,57.575,57.61,2200,0
2016-06-29,17:55:00,57.62,57.76,57.61,57.76,3120,0
2016-06-29,18:00:00,57.75,57.77,57.69,57.705,2522,0
2016-06-29,18:05:00,57.69,57.72,57.67,57.71,3800,0
2016-06-29,18:10:00,57.7,57.77,57.68,57.76,3200,0
2016-06-29,18:15:00,57.7384,57.75,57.71,57.71,1185,0
2016-06-29,18:20:00,57.72,57.7625,57.68,57.7625,54929,0
2016-06-29,18:25:00,57.74,57.79,57.74,57.76,3000,0
2016-06-29,18:30:00,57.76,57.8,57.76,57.79,1800,0
2016-06-29,18:35:00,57.77,57.78,57.74,57.74,3424,0
2016-06-29,18:40:00,57.72,57.74,57.68,57.69,29038,0
2016-06-29,18:45:00,57.67,57.71,57.67,57.7,1628,0
2016-06-29,18:50:00,57.68,57.68,57.57,57.57,1380,0
2016-06-29,18:55:00,57.54,57.57,57.54,57.56,1700,0
2016-06-29,19:00:00,57.57,57.59,57.53,57.59,2030,0
2016-06-29,19:05:00,57.59,57.65,57.56,57.65,18400,0
2016-06-29,19:10:00,57.65,57.67,57.59,57.59,2400,0
2016-06-29,19:15:00,57.6,57.66,57.59,57.65,1500,0
2016-06-29,19:20:00,57.635,57.7,57.62,57.66,3300,0
2016-06-29,19:25:00,57.67,57.755,57.67,57.7,22603,0
2016-06-29,19:30:00,57.72,57.73,57.6,57.63,3500,0
2016-06-29,19:35:00,57.64,57.75,57.62,57.73,44492,0
2016-06-29,19:40:00,57.73,57.77,57.73,57.75,5800,0
2016-06-29,19:45:00,57.73,57.75,57.725,57.73,2659,0
2016-06-29,19:50:00,57.725,57.73,57.67,57.6775,3541,0
2016-06-29,19:55:00,57.69,57.705,57.65,57.705,2212,0
2016-06-29,20:00:00,57.71,57.8,57.68,57.7796,4382,0
2016-06-29,20:05:00,57.78,57.83,57.78,57.81,6800,0
2016-06-29,20:10:00,57.8,57.88,57.8,57.88,3089,0
2016-06-29,20:15:00,57.87,57.96,57.87,57.96,3927,0
2016-06-29,20:20:00,57.95,57.99,57.93,57.93,3408,0
2016-06-29,20:25:00,57.94,58.01,57.93,58.01,2000,0
2016-06-29,20:30:00,58.01,58.01,57.95,58,4324,0
2016-06-29,20:35:00,58.02,58.05,58,58,3400,0
2016-06-29,20:40:00,58.02,58.08,58.01,58.05,4500,0
2016-06-29,20:45:00,58.04,58.135,58.03,58.135,3600,0
2016-06-29,20:50:00,58.14,58.17,58.01,58.04,5423,0
2016-06-29,20:55:00,58.03,58.04,58,58.04,3720,0
2016-06-29,21:00:00,58.02,58.1,58.01,58.07,3700,0
2016-06-29,21:05:00,58.07,58.12,58.065,58.065,3700,0
2016-06-29,21:10:00,58.07,58.092,58.06,58.092,3130,0
2016-06-29,21:15:00,58.11,58.19,58.1,58.16,8125,0
2016-06-29,21:20:00,58.16,58.17,58.12,58.14,5423,0
2016-06-29,21:25:00,58.15,58.16,58.07,58.07,4600,0
2016-06-29,21:30:00,58.08,58.13,58.05,58.08,10926,0
2016-06-29,21:35:00,58.08,58.08,57.99,58.04,5100,0
2016-06-29,21:40:00,58.05,58.05,57.97,57.97,8987,0
2016-06-29,21:45:00,57.98,57.99,57.88,57.92,8685,0
2016-06-29,21:50:00,57.9,58,57.87,57.97,10800,0
2016-06-29,21:55:00,57.99,57.99,57.8901,57.91,9572,0
2016-06-29,22:00:00,57.9,57.96,57.87,57.96,37244,0
2016-06-30,15:35:00,58,58.05,58,58.05,778,0
2016-06-30,15:40:00,58.23,58.48,58.1,58.465,3000,0
2016-06-30,15:45:00,58.43,58.465,58.12,58.12,7100,0
2016-06-30,15:50:00,58.2,58.24,58.05,58.17,3588,0
2016-06-30,15:55:00,58.13,58.13,57.99,58.03,2800,0
2016-06-30,16:00:00,58.055,58.11,58.01,58.01,5550,0
2016-06-30,16:05:00,58.05,58.1004,57.99,57.99,4935,0
2016-06-30,16:10:00,57.95,58.08,57.92,58.08,2819,0
2016-06-30,16:15:00,58.07,58.17,58.0589,58.17,3472,0
2016-06-30,16:20:00,58.18,58.25,58.16,58.25,2754,0
2016-06-30,16:25:00,58.27,58.35,58.2499,58.25,4153,0
2016-06-30,16:30:00,58.27,58.28,58.1,58.1,3758,0
2016-06-30,16:35:00,58.09,58.14,58.085,58.1,3734,0
2016-06-30,16:40:00,58.06,58.11,58.02,58.09,3400,0
2016-06-30,16:45:00,58.025,58.2,57.98,58.12,7000,0
2016-06-30,16:50:00,58.19,58.27,58.19,58.25,2500,0
2016-06-30,16:55:00,58.29,58.35,58.22,58.31,9400,0
2016-06-30,17:00:00,58.33,58.48,58.33,58.43,4200,0
2016-06-30,17:05:00,58.43,58.5,58.37,58.5,3200,0
2016-06-30,17:10:00,58.52,58.59,58.48,58.55,4400,0
2016-06-30,17:15:00,58.57,58.63,58.48,58.53,5250,0
2016-06-30,17:20:00,58.52,58.54,58.44,58.46,2695,0
2016-06-30,17:25:00,58.47,58.49,58.46,58.47,1100,0
2016-06-30,17:30:00,58.5299,58.61,58.49,58.61,3000,0
2016-06-30,17:35:00,58.62,58.7,58.54,58.56,4910,0
2016-06-30,17:40:00,58.55,58.63,58.55,58.59,1963,0
2016-06-30,17:45:00,58.64,58.64,58.52,58.56,2700,0
2016-06-30,17:50:00,58.55,58.62,58.5,58.62,17900,0
2016-06-30,17:55:00,58.63,58.67,58.595,58.67,5300,0
2016-06-30,18:00:00,58.69,58.73,58.61,58.62,3461,0
2016-06-30,18:05:00,58.69,58.75,58.6,58.69,6100,0
2016-06-30,18:10:00,58.7,58.7,58.58,58.66,6700,0
2016-06-30,18:15:00,58.67,58.76,58.67,58.75,3300,0
2016-06-30,18:20:00,58.76,58.855,58.74,58.82,1400,0
2016-06-30,18:25:00,58.8,58.87,58.79,58.87,1668,0
2016-06-30,18:30:00,58.86,58.92,58.86,58.89,1413,0
2016-06-30,18:35:00,58.93,58.93,58.86,58.88,2000,0
2016-06-30,18:40:00,58.87,58.92,58.87,58.92,1000,0
2016-06-30,18:45:00,58.92,58.93,58.83,58.83,2800,0
2016-06-30,18:50:00,58.83,58.94,58.79,58.93,3636,0
2016-06-30,18:55:00,58.97,59,58.92,58.92,800,0
2016-06-30,19:00:00,58.98,59.02,58.97,59.02,2000,0
2016-06-30,19:05:00,59.03,59.03,58.93,58.96,2800,0
2016-06-30,19:10:00,58.93,58.96,58.91,58.91,1400,0
2016-06-30,19:15:00,58.87,58.88,58.83,58.83,1200,0
2016-06-30,19:20:00,58.83,58.897,58.83,58.885,1600,0
2016-06-30,19:25:00,58.89,58.935,58.89,58.915,2500,0
2016-06-30,19:30:00,58.93,58.94,58.85,58.88,3276,0
2016-06-30,19:35:00,58.9,58.97,58.9,58.96,1510,0
2016-06-30,19:40:00,58.96,58.98,58.94,58.94,2700,0
2016-06-30,19:45:00,58.94,59.02,58.94,59.02,2000,0
2016-06-30,19:50:00,59.03,59.06,59,59.025,5202,0
2016-06-30,19:55:00,59.04,59.1,59.02,59.1,5000,0
2016-06-30,20:00:00,59.09,59.12,59.06,59.06,4789,0
2016-06-30,20:05:00,59.06,59.06,58.94,58.94,6100,0
2016-06-30,20:10:00,58.94,58.97,58.91,58.95,6600,0
2016-06-30,20:15:00,58.97,58.97,58.91,58.93,3350,0
2016-06-30,20:20:00,58.94,58.94,58.905,58.93,2000,0
2016-06-30,20:25:00,58.93,58.96,58.89,58.93,6360,0
2016-06-30,20:30:00,58.935,58.95,58.78,58.81,6411,0
2016-06-30,20:35:00,58.81,58.86,58.81,58.82,5100,0
2016-06-30,20:40:00,58.8,58.8,58.65,58.715,3700,0
2016-06-30,20:45:00,58.72,58.765,58.69,58.72,6219,0
2016-06-30,20:50:00,58.715,58.73,58.7,58.72,3738,0
2016-06-30,20:55:00,58.74,58.76,58.71,58.75,7731,0
2016-06-30,21:00:00,58.755,58.83,58.73,58.79,14500,0
2016-06-30,21:05:00,58.845,58.845,58.71,58.74,9157,0
2016-06-30,21:10:00,58.745,58.79,58.59,58.75,12929,0
2016-06-30,21:15:00,58.7525,58.765,58.69,58.69,4500,0
2016-06-30,21:20:00,58.69,58.69,58.6,58.67,9200,0
2016-06-30,21:25:00,58.69,58.84,58.69,58.84,9373,0
2016-06-30,21:30:00,58.85,58.99,58.85,58.99,4669,0
2016-06-30,21:35:00,59,59.02,58.93,59.02,6325,0
2016-06-30,21:40:00,59.03,59.04,58.96,59,5300,0
2016-06-30,21:45:00,59,59.04,58.9201,58.9201,7851,0
2016-06-30,21:50:00,58.92,58.99,58.905,58.96,5672,0
2016-06-30,21:55:00,58.93,58.965,58.89,58.965,8531,0
2016-06-30,22:00:00,58.97,59.12,58.95,59.08,118761,0
2016-07-01,15:35:00,58.97,59.4,58.97,59.27,2807,0
2016-07-01,15:40:00,59.35,59.525,59.315,59.42,2831,0
2016-07-01,15:45:00,59.46,59.575,59.44,59.575,3200,0
2016-07-01,15:50:00,59.66,59.66,59.4,59.48,9691,0
2016-07-01,15:55:00,59.48,59.48,59.42,59.47,1400,0
2016-07-01,16:00:00,59.35,59.35,59.27,59.3,4200,0
2016-07-01,16:05:00,59.33,59.45,59.33,59.45,1823,0
2016-07-01,16:10:00,59.48,59.53,59.39,59.49,4940,0
2016-07-01,16:15:00,59.47,59.555,59.42,59.45,4400,0
2016-07-01,16:20:00,59.44,59.48,59.3801,59.4001,3920,0
2016-07-01,16:25:00,59.4,59.45,59.32,59.42,6400,0
2016-07-01,16:30:00,59.4,59.5,59.385,59.385,9802,0
2016-07-01,16:35:00,59.38,59.38,59.33,59.38,900,0
2016-07-01,16:40:00,59.39,59.4425,59.36,59.38,5000,0
2016-07-01,16:45:00,59.41,59.46,59.38,59.46,5489,0
2016-07-01,16:50:00,59.47,59.5314,59.46,59.53,3700,0
2016-07-01,16:55:00,59.52,59.63,59.52,59.56,1970,0
2016-07-01,17:00:00,59.51,59.55,59.48,59.55,900,0
2016-07-01,17:05:00,59.47,59.58,59.47,59.5,2400,0
2016-07-01,17:10:00,59.53,59.54,59.41,59.41,1700,0
2016-07-01,17:15:00,59.32,59.32,59.24,59.24,2600,0
2016-07-01,17:20:00,59.29,59.3,59.22,59.22,1900,0
2016-07-01,17:25:00,59.22,59.22,59,59,2800,0
2016-07-01,17:30:00,58.94,59.05,58.94,58.94,2132,0
2016-07-01,17:35:00,58.94,58.97,58.85,58.88,2400,0
2016-07-01,17:40:00,58.93,58.97,58.905,58.95,2500,0
2016-07-01,17:45:00,58.94,58.98,58.9,58.98,1000,0
2016-07-01,17:50:00,58.99,59,58.95,58.96,1600,0
2016-07-01,17:55:00,58.97,58.99,58.96,58.96,1300,0
2016-07-01,18:00:00,58.97,59,58.96,58.97,2100,0
2016-07-01,18:05:00,58.98,59.04,58.98,59.02,1200,0
2016-07-01,18:10:00,59.01,59.04,58.96,58.96,4700,0
2016-07-01,18:15:00,58.97,58.97,58.92,58.96,5080,0
2016-07-01,18:20:00,58.985,58.99,58.96,58.96,2023,0
2016-07-01,18:25:00,58.95,58.95,58.89,58.92,1200,0
2016-07-01,18:30:00,58.9,58.9,58.89,58.9,500,0
2016-07-01,18:35:00,58.88,58.9,58.87,58.87,1200,0
2016-07-01,18:40:00,58.91,58.91,58.84,58.84,1600,0
2016-07-01,18:45:00,58.84,58.91,58.84,58.91,1850,0
2016-07-01,18:50:00,58.9,58.91,58.85,58.85,1032,0
2016-07-01,18:55:00,58.85,58.92,58.85,58.92,500,0
2016-07-01,19:00:00,58.93,58.97,58.93,58.97,400,0
2016-07-01,19:05:00,58.97,59.05,58.97,59.05,3500,0
2016-07-01,19:10:00,59.05,59.1,59.05,59.07,5700,0
2016-07-01,19:15:00,59.09,59.13,59.08,59.1,4144,0
2016-07-01,19:20:00,59.1,59.1025,59.09,59.09,1978,0
2016-07-01,19:25:00,59.09,59.09,59.02,59.04,2500,0
2016-07-01,19:30:00,59.02,59.04,59.02,59.02,1300,0
2016-07-01,19:35:00,58.995,59.01,58.93,59.01,3855,0
2016-07-01,19:40:00,59.01,59.03,58.98,59.03,2300,0
2016-07-01,19:45:00,59.03,59.05,59.02,59.03,1900,0
2016-07-01,19:50:00,59.02,59.06,58.97,59.04,4202,0
2016-07-01,19:55:00,59.06,59.08,59.05,59.08,1913,0
2016-07-01,20:00:00,59.12,59.12,59.07,59.07,1700,0
2016-07-01,20:05:00,59.07,59.07,59.03,59.05,2600,0
2016-07-01,20:10:00,59.065,59.065,59.01,59.03,1311,0
2016-07-01,20:15:00,59.0455,59.0455,58.98,58.99,2679,0
2016-07-01,20:20:00,58.99,58.99,58.92,58.98,2500,0
2016-07-01,20:25:00,58.98,59.02,58.95,59.02,3000,0
2016-07-01,20:30:00,59.03,59.03,59,59.02,2600,0
2016-07-01,20:35:00,59.01,59.02,58.99,58.99,1500,0
2016-07-01,20:40:00,58.99,59,58.92,58.95,2500,0
2016-07-01,20:45:00,58.93,58.93,58.9,58.9,1500,0
2016-07-01,20:50:00,58.84,58.89,58.84,58.89,1909,0
2016-07-01,20:55:00,58.89,58.9,58.88,58.89,2700,0
2016-07-01,21:00:00,58.89,58.95,58.88,58.95,3000,0
2016-07-01,21:05:00,58.95,58.97,58.95,58.95,2600,0
2016-07-01,21:10:00,58.945,59.03,58.945,59.0275,3100,0
2016-07-01,21:15:00,59.025,59.04,59.015,59.03,4979,0
2016-07-01,21:20:00,59.03,59.07,59.03,59.06,4800,0
2016-07-01,21:25:00,59.06,59.06,59,59,2400,0
2016-07-01,21:30:00,59,59.03,58.97,59.015,4323,0
2016-07-01,21:35:00,59.05,59.05,59.02,59.02,2600,0
2016-07-01,21:40:00,59.02,59.03,58.87,58.9,3749,0
2016-07-01,21:45:00,58.92,59,58.91,58.97,4071,0
2016-07-01,21:50:00,58.98,58.98,58.92,58.95,6305,0
2016-07-01,21:55:00,58.96,58.97,58.92,58.92,9321,0
2016-07-01,22:00:00,58.93,59.04,58.93,58.96,39907,0
2016-07-05,15:35:00,58.53,59.17,58.02,58.02,10672,0
2016-07-05,15:40:00,58.12,58.21,58.05,58.05,1500,0
2016-07-05,15:45:00,58.05,58.08,57.9,57.97,6460,0
2016-07-05,15:50:00,57.87,57.99,57.83,57.99,2916,0
2016-07-05,15:55:00,58,58.06,57.87,57.92,13500,0
2016-07-05,16:00:00,57.93,58.01,57.91,57.91,7725,0
2016-07-05,16:05:00,57.86,57.86,57.74,57.82,1300,0
2016-07-05,16:10:00,57.85,57.9,57.84,57.85,1600,0
2016-07-05,16:15:00,57.85,57.86,57.745,57.745,3400,0
2016-07-05,16:20:00,57.75,57.81,57.71,57.81,4000,0
2016-07-05,16:25:00,57.81,57.84,57.68,57.84,3600,0
2016-07-05,16:30:00,57.91,58.04,57.84,58.04,2100,0
2016-07-05,16:35:00,58.11,58.19,58.09,58.18,1600,0
2016-07-05,16:40:00,58.18,58.19,58.06,58.08,3123,0
2016-07-05,16:45:00,58.08,58.15,58.06,58.06,7899,0
2016-07-05,16:50:00,58,58.04,57.99,57.99,2600,0
2016-07-05,16:55:00,57.99,57.99,57.84,57.84,700,0
2016-07-05,17:00:00,57.87,57.89,57.82,57.8308,2300,0
2016-07-05,17:05:00,57.84,57.885,57.75,57.85,2303,0
2016-07-05,17:10:00,57.83,57.88,57.81,57.85,3700,0
2016-07-05,17:15:00,57.81,57.81,57.59,57.59,1900,0
2016-07-05,17:20:00,57.71,57.87,57.69,57.82,2800,0
2016-07-05,17:25:00,57.83,57.9,57.83,57.87,1633,0
2016-07-05,17:30:00,57.87,57.89,57.79,57.8,1500,0
2016-07-05,17:35:00,57.78,57.78,57.67,57.67,3300,0
2016-07-05,17:40:00,57.69,57.69,57.64,57.64,400,0
2016-07-05,17:45:00,57.65,57.65,57.6,57.6,1100,0
2016-07-05,17:50:00,57.57,57.6,57.55,57.57,5064,0
2016-07-05,17:55:00,57.57,57.69,57.56,57.64,1700,0
2016-07-05,18:00:00,57.64,57.8,57.63,57.8,1500,0
2016-07-05,18:05:00,57.77,57.77,57.7,57.76,6600,0
2016-07-05,18:10:00,57.73,57.75,57.7,57.71,1100,0
2016-07-05,18:15:00,57.63,57.64,57.57,57.59,1800,0
2016-07-05,18:20:00,57.63,57.68,57.63,57.66,900,0
2016-07-05,18:25:00,57.67,57.69,57.67,57.69,300,0
2016-07-05,18:30:00,57.78,57.89,57.78,57.89,2300,0
2016-07-05,18:35:00,57.88,57.88,57.78,57.78,1500,0
2016-07-05,18:40:00,57.78,57.78,57.72,57.74,1900,0
2016-07-05,18:45:00,57.74,57.76,57.7,57.7,1600,0
2016-07-05,18:50:00,57.7,57.71,57.68,57.69,5595,0
2016-07-05,18:55:00,57.66,57.68,57.62,57.65,1100,0
2016-07-05,19:00:00,57.68,57.7,57.66,57.69,2469,0
2016-07-05,19:05:00,57.72,57.72,57.68,57.69,600,0
2016-07-05,19:10:00,57.7,57.71,57.66,57.71,1200,0
2016-07-05,19:15:00,57.71,57.71,57.61,57.61,1600,0
2016-07-05,19:20:00,57.61,57.62,57.58,57.6,800,0
2016-07-05,19:25:00,57.6,57.63,57.6,57.62,3400,0
2016-07-05,19:30:00,57.63,57.63,57.61,57.61,1000,0
2016-07-05,19:35:00,57.61,57.62,57.6,57.61,5402,0
2016-07-05,19:40:00,57.61,57.61,57.55,57.55,2955,0
2016-07-05,19:45:00,57.56,57.56,57.525,57.525,1900,0
2016-07-05,19:50:00,57.53,57.53,57.46,57.48,6600,0
2016-07-05,19:55:00,57.49,57.53,57.49,57.53,700,0
2016-07-05,20:00:00,57.54,57.62,57.53,57.61,3600,0
2016-07-05,20:05:00,57.6,57.67,57.6,57.66,3500,0
2016-07-05,20:10:00,57.64,57.65,57.59,57.6,4659,0
2016-07-05,20:15:00,57.61,57.71,57.6,57.71,5516,0
2016-07-05,20:20:00,57.73,57.775,57.7,57.7,5509,0
2016-07-05,20:25:00,57.69,57.7,57.63,57.63,3100,0
2016-07-05,20:30:00,57.63,57.65,57.6,57.62,3109,0
2016-07-05,20:35:00,57.635,57.69,57.63,57.67,6887,0
2016-07-05,20:40:00,57.66,57.66,57.595,57.61,2200,0
2016-07-05,20:45:00,57.61,57.61,57.605,57.605,400,0
2016-07-05,20:50:00,57.62,57.66,57.6,57.61,3159,0
2016-07-05,20:55:00,57.62,57.62,57.6,57.62,1100,0
2016-07-05,21:00:00,57.66,57.73,57.66,57.7,3200,0
2016-07-05,21:05:00,57.7,57.83,57.7,57.83,1902,0
2016-07-05,21:10:00,57.83,57.83,57.76,57.775,13900,0
2016-07-05,21:15:00,57.79,57.85,57.79,57.81,3700,0
2016-07-05,21:20:00,57.815,57.89,57.815,57.89,1540,0
2016-07-05,21:25:00,57.92,57.92,57.86,57.9,3333,0
2016-07-05,21:30:00,57.91,57.91,57.865,57.865,5681,0
2016-07-05,21:35:00,57.86,58.01,57.85,58,4100,0
2016-07-05,21:40:00,58.005,58.09,58,58.09,5600,0
2016-07-05,21:45:00,58.09,58.14,58.08,58.12,9841,0
2016-07-05,21:50:00,58.12,58.13,58.09,58.11,4298,0
2016-07-05,21:55:00,58.11,58.12,58.03,58.08,7631,0
2016-07-05,22:00:00,58.07,58.08,57.98,58,17595,0
2016-07-06,15:35:00,57.76,57.77,57.55,57.55,2439,0
2016-07-06,15:40:00,57.59,57.63,57.4,57.485,3506,0
2016-07-06,15:45:00,57.5,57.66,57.49,57.56,1100,0
2016-07-06,15:50:00,57.64,57.75,57.64,57.64,5053,0
2016-07-06,15:55:00,57.72,57.75,57.67,57.67,1400,0
2016-07-06,16:00:00,57.78,57.81,57.73,57.77,1900,0
2016-07-06,16:05:00,57.8,57.9,57.79,57.79,2147,0
2016-07-06,16:10:00,57.77,57.77,57.55,57.57,3800,0
2016-07-06,16:15:00,57.58,57.58,57.5,57.56,2920,0
2016-07-06,16:20:00,57.58,57.58,57.5,57.52,6716,0
2016-07-06,16:25:00,57.54,57.585,57.5,57.56,8023,0
2016-07-06,16:30:00,57.54,57.65,57.45,57.51,3200,0
2016-07-06,16:35:00,57.506,57.55,57.5,57.55,2894,0
2016-07-06,16:40:00,57.55,57.63,57.46,57.63,3300,0
2016-07-06,16:45:00,57.64,57.64,57.528,57.57,2500,0
2016-07-06,16:50:00,57.57,57.605,57.54,57.58,2600,0
2016-07-06,16:55:00,57.59,57.72,57.59,57.61,4182,0
2016-07-06,17:00:00,57.61,57.61,57.55,57.6,5015,0
2016-07-06,17:05:00,57.61,57.67,57.59,57.64,4977,0
2016-07-06,17:10:00,57.65,57.67,57.63,57.63,8627,0
2016-07-06,17:15:00,57.64,57.73,57.64,57.64,4180,0
2016-07-06,17:20:00,57.67,57.73,57.65,57.7,6645,0
2016-07-06,17:25:00,57.71,57.72,57.68,57.7,22900,0
2016-07-06,17:30:00,57.7,57.71,57.63,57.63,1790,0
2016-07-06,17:35:00,57.61,57.66,57.555,57.59,2800,0
2016-07-06,17:40:00,57.59,57.62,57.58,57.58,1600,0
2016-07-06,17:45:00,57.605,57.63,57.59,57.62,1723,0
2016-07-06,17:50:00,57.6,57.61,57.58,57.61,800,0
2016-07-06,17:55:00,57.6,57.68,57.6,57.68,1100,0
2016-07-06,18:00:00,57.68,57.71,57.68,57.7,2413,0
2016-07-06,18:05:00,57.705,57.73,57.66,57.69,6000,0
2016-07-06,18:10:00,57.71,57.757,57.71,57.757,1400,0
2016-07-06,18:15:00,57.81,57.85,57.78,57.78,1700,0
2016-07-06,18:20:00,57.8,57.82,57.76,57.81,1000,0
2016-07-06,18:25:00,57.85,57.85,57.79,57.795,900,0
2016-07-06,18:30:00,57.81,57.825,57.78,57.78,1400,0
2016-07-06,18:35:00,57.81,57.81,57.74,57.77,4300,0
2016-07-06,18:40:00,57.75,57.78,57.685,57.71,1411,0
2016-07-06,18:45:00,57.7101,57.74,57.64,57.64,4201,0
2016-07-06,18:50:00,57.633,57.64,57.6,57.6,1200,0
2016-07-06,18:55:00,57.63,57.72,57.6,57.68,925,0
2016-07-06,19:00:00,57.73,57.77,57.73,57.74,1300,0
2016-07-06,19:05:00,57.79,57.91,57.79,57.91,1300,0
2016-07-06,19:10:00,57.91,57.96,57.91,57.94,1800,0
2016-07-06,19:15:00,57.94,57.94,57.88,57.91,1800,0
2016-07-06,19:20:00,57.94,57.99,57.92,57.96,2000,0
2016-07-06,19:25:00,57.96,57.975,57.9,57.9,1000,0
2016-07-06,19:30:00,57.9,57.9,57.86,57.9,1500,0
2016-07-06,19:35:00,57.94,57.94,57.91,57.92,1113,0
2016-07-06,19:40:00,57.9,57.96,57.88,57.88,2300,0
2016-07-06,19:45:00,57.92,57.92,57.86,57.86,700,0
2016-07-06,19:50:00,57.85,57.86,57.8,57.8,2100,0
2016-07-06,19:55:00,57.8,57.91,57.8,57.85,2000,0
2016-07-06,20:00:00,57.84,57.88,57.84,57.844,1000,0
2016-07-06,20:05:00,57.85,57.89,57.78,57.88,1800,0
2016-07-06,20:10:00,57.9,57.91,57.86,57.87,1300,0
2016-07-06,20:15:00,57.88,57.92,57.78,57.78,2200,0
2016-07-06,20:20:00,57.78,57.82,57.73,57.82,4100,0
2016-07-06,20:25:00,57.85,57.85,57.75,57.75,2200,0
2016-07-06,20:30:00,57.75,57.78,57.71,57.71,6200,0
2016-07-06,20:35:00,57.72,57.75,57.65,57.69,4480,0
2016-07-06,20:40:00,57.7,57.75,57.67,57.74,4500,0
2016-07-06,20:45:00,57.74,57.74,57.64,57.69,3400,0
2016-07-06,20:50:00,57.7,57.7,57.63,57.66,4395,0
2016-07-06,20:55:00,57.65,57.69,57.61,57.67,4800,0
2016-07-06,21:00:00,57.68,57.71,57.63,57.65,5067,0
2016-07-06,21:05:00,57.63,57.74,57.63,57.74,6100,0
2016-07-06,21:10:00,57.73,57.73,57.65,57.71,7400,0
2016-07-06,21:15:00,57.71,57.74,57.7,57.73,5350,0
2016-07-06,21:20:00,57.74,57.82,57.74,57.82,11267,0
2016-07-06,21:25:00,57.82,57.85,57.77,57.8,16033,0
2016-07-06,21:30:00,57.8,57.83,57.755,57.8,9401,0
2016-07-06,21:35:00,57.79,57.83,57.78,57.78,6550,0
2016-07-06,21:40:00,57.79,57.86,57.79,57.86,8374,0
2016-07-06,21:45:00,57.86,57.985,57.86,57.985,11000,0
2016-07-06,21:50:00,57.99,58,57.92,57.93,12965,0
2016-07-06,21:55:00,57.93,57.97,57.92,57.96,19676,0
2016-07-06,22:00:00,57.96,58.03,57.95,57.99,85803,0
2016-07-07,15:35:00,58.2,58.46,58.2,58.46,1959,0
2016-07-07,15:40:00,58.77,58.89,58.68,58.68,2725,0
2016-07-07,15:45:00,58.82,58.99,58.82,58.82,1300,0
2016-07-07,15:50:00,59.035,59.07,58.8,58.8,1400,0
2016-07-07,15:55:00,58.94,59.09,58.81,58.81,8900,0
2016-07-07,16:00:00,58.85,59.07,58.85,59.03,1200,0
2016-07-07,16:05:00,59.03,59.09,58.8403,58.87,3000,0
2016-07-07,16:10:00,58.92,58.94,58.805,58.805,3200,0
2016-07-07,16:15:00,58.89,58.955,58.88,58.94,3500,0
2016-07-07,16:20:00,59.01,59.05,59.01,59.05,900,0
2016-07-07,16:25:00,59.055,59.085,59.01,59.04,2812,0
2016-07-07,16:30:00,59.03,59.11,58.93,59,10907,0
2016-07-07,16:35:00,59,59.03,58.97,58.97,900,0
2016-07-07,16:40:00,58.99,59.02,58.89,58.97,6700,0
2016-07-07,16:45:00,58.99,58.99,58.9,58.9,1220,0
2016-07-07,16:50:00,58.91,58.91,58.83,58.855,5148,0
2016-07-07,16:55:00,58.8789,58.89,58.72,58.72,1371,0
2016-07-07,17:00:00,58.66,58.69,58.62,58.69,1400,0
2016-07-07,17:05:00,58.67,58.71,58.61,58.62,2344,0
2016-07-07,17:10:00,58.62,58.67,58.62,58.67,2200,0
2016-07-07,17:15:00,58.67,58.72,58.67,58.7,1500,0
2016-07-07,17:20:00,58.74,58.74,58.63,58.66,2500,0
2016-07-07,17:25:00,58.66,58.66,58.54,58.54,1900,0
2016-07-07,17:30:00,58.59,58.625,58.55,58.55,2400,0
2016-07-07,17:35:00,58.54,58.56,58.54,58.56,400,0
2016-07-07,17:40:00,58.7,58.7,58.65,58.65,900,0
2016-07-07,17:45:00,58.65,58.665,58.57,58.57,1300,0
2016-07-07,17:50:00,58.58,58.58,58.5,58.5,1100,0
2016-07-07,17:55:00,58.5,58.59,58.5,58.58,600,0
2016-07-07,18:00:00,58.58,58.58,58.53,58.58,14300,0
2016-07-07,18:05:00,58.57,58.74,58.57,58.74,3365,0
2016-07-07,18:10:00,58.73,58.77,58.7144,58.72,2480,0
2016-07-07,18:15:00,58.78,58.8,58.76,58.76,1300,0
2016-07-07,18:20:00,58.7776,58.81,58.71,58.78,7800,0
2016-07-07,18:25:00,58.78,58.82,58.64,58.66,9958,0
2016-07-07,18:30:00,58.6,58.64,58.52,58.63,1400,0
2016-07-07,18:35:00,58.69,58.71,58.64,58.71,1400,0
2016-07-07,18:40:00,58.72,58.72,58.67,58.67,1638,0
2016-07-07,18:45:00,58.69,58.69,58.6601,58.6601,420,0
2016-07-07,18:50:00,58.68,58.685,58.63,58.64,2300,0
2016-07-07,18:55:00,58.62,58.64,58.53,58.53,2000,0
2016-07-07,19:00:00,58.5,58.54,58.5,58.52,700,0
2016-07-07,19:05:00,58.52,58.52,58.48,58.52,1000,0
2016-07-07,19:10:00,58.5,58.54,58.47,58.48,2000,0
2016-07-07,19:15:00,58.495,58.535,58.48,58.49,2200,0
2016-07-07,19:20:00,58.49,58.54,58.46,58.54,1700,0
2016-07-07,19:25:00,58.54,58.55,58.5,58.5,1700,0
2016-07-07,19:30:00,58.56,58.56,58.48,58.51,1800,0
2016-07-07,19:35:00,58.54,58.58,58.51,58.54,2200,0
2016-07-07,19:40:00,58.56,58.575,58.56,58.57,1800,0
2016-07-07,19:45:00,58.59,58.59,58.53,58.56,1814,0
2016-07-07,19:50:00,58.56,58.56,58.51,58.52,2350,0
2016-07-07,19:55:00,58.53,58.53,58.4,58.42,2300,0
2016-07-07,20:00:00,58.38,58.45,58.38,58.4,3700,0
2016-07-07,20:05:00,58.4,58.455,58.3625,58.44,2600,0
2016-07-07,20:10:00,58.42,58.43,58.38,58.38,2500,0
2016-07-07,20:15:00,58.34,58.35,58.27,58.31,4500,0
2016-07-07,20:20:00,58.31,58.3999,58.21,58.24,10251,0
2016-07-07,20:25:00,58.19,58.23,58.19,58.21,1000,0
2016-07-07,20:30:00,58.18,58.22,58.17,58.2,800,0
2016-07-07,20:35:00,58.24,58.25,58.19,58.19,1632,0
2016-07-07,20:40:00,58.19,58.24,58.15,58.23,1800,0
2016-07-07,20:45:00,58.21,58.23,58.17,58.21,1372,0
2016-07-07,20:50:00,58.22,58.28,58.21,58.21,1200,0
2016-07-07,20:55:00,58.26,58.3,58.21,58.24,3300,0
2016-07-07,21:00:00,58.27,58.27,58.22,58.23,900,0
2016-07-07,21:05:00,58.23,58.29,58.17,58.27,3867,0
2016-07-07,21:10:00,58.34,58.45,58.34,58.45,2000,0
2016-07-07,21:15:00,58.46,58.48,58.41,58.45,3000,0
2016-07-07,21:20:00,58.49,58.49,58.44,58.47,2600,0
2016-07-07,21:25:00,58.48,58.52,58.44,58.44,3300,0
2016-07-07,21:30:00,58.44,58.44,58.39,58.39,1000,0
2016-07-07,21:35:00,58.43,58.48,58.41,58.45,1700,0
2016-07-07,21:40:00,58.45,58.5,58.44,58.5,4244,0
2016-07-07,21:45:00,58.52,58.57,58.48,58.53,3900,0
2016-07-07,21:50:00,58.53,58.58,58.52,58.53,4300,0
2016-07-07,21:55:00,58.51,58.53,58.46,58.51,2621,0
2016-07-07,22:00:00,58.51,58.51,58.41,58.43,28493,0
2016-07-08,15:35:00,59.03,59.506,59.03,59.39,3043,0
2016-07-08,15:40:00,59.39,59.44,59.17,59.42,3691,0
2016-07-08,15:45:00,59.4,59.6,59.36,59.53,2800,0
2016-07-08,15:50:00,59.505,59.64,59.47,59.64,3197,0
2016-07-08,15:55:00,59.64,59.64,59.52,59.54,400,0
2016-07-08,16:00:00,59.56,59.56,59.45,59.54,4500,0
2016-07-08,16:05:00,59.57,59.74,59.57,59.73,3900,0
2016-07-08,16:10:00,59.84,59.86,59.72,59.74,3600,0
2016-07-08,16:15:00,59.74,59.88,59.73,59.75,5000,0
2016-07-08,16:20:00,59.79,59.81,59.65,59.65,2200,0
2016-07-08,16:25:00,59.65,59.66,59.43,59.58,9700,0
2016-07-08,16:30:00,59.58,59.58,59.51,59.51,2100,0
2016-07-08,16:35:00,59.54,59.65,59.54,59.55,3300,0
2016-07-08,16:40:00,59.58,59.68,59.45,59.45,4300,0
2016-07-08,16:45:00,59.43,59.46,59.31,59.32,3800,0
2016-07-08,16:50:00,59.32,59.46,59.31,59.4,4600,0
2016-07-08,16:55:00,59.43,59.44,59.4,59.4,1600,0
2016-07-08,17:00:00,59.36,59.42,59.34,59.36,1400,0
2016-07-08,17:05:00,59.36,59.375,59.29,59.37,2600,0
2016-07-08,17:10:00,59.38,59.43,59.355,59.39,1700,0
2016-07-08,17:15:00,59.42,59.47,59.42,59.47,800,0
2016-07-08,17:20:00,59.47,59.56,59.4601,59.56,3822,0
2016-07-08,17:25:00,59.56,59.6699,59.56,59.6699,400,0
2016-07-08,17:30:00,59.62,59.69,59.55,59.55,10809,0
2016-07-08,17:35:00,59.54,59.54,59.4,59.45,3201,0
2016-07-08,17:40:00,59.46,59.47,59.44,59.44,1100,0
2016-07-08,17:45:00,59.45,59.46,59.36,59.36,3400,0
2016-07-08,17:50:00,59.36,59.38,59.34,59.38,1400,0
2016-07-08,17:55:00,59.38,59.5099,59.37,59.5,2949,0
2016-07-08,18:00:00,59.5,59.5,59.43,59.45,1300,0
2016-07-08,18:05:00,59.47,59.51,59.47,59.47,2000,0
2016-07-08,18:10:00,59.44,59.55,59.44,59.54,2300,0
2016-07-08,18:15:00,59.54,59.54,59.4318,59.47,1337,0
2016-07-08,18:20:00,59.48,59.55,59.47,59.51,3507,0
2016-07-08,18:25:00,59.52,59.52,59.48,59.51,1800,0
2016-07-08,18:30:00,59.51,59.57,59.51,59.52,2600,0
2016-07-08,18:35:00,59.54,59.55,59.54,59.55,900,0
2016-07-08,18:40:00,59.56,59.61,59.56,59.6,1100,0
2016-07-08,18:45:00,59.62,59.62,59.59,59.59,700,0
2016-07-08,18:50:00,59.58,59.59,59.57,59.57,800,0
2016-07-08,18:55:00,59.58,59.62,59.58,59.61,1500,0
2016-07-08,19:00:00,59.62,59.63,59.62,59.63,600,0
2016-07-08,19:05:00,59.63,59.63,59.56,59.56,1400,0
2016-07-08,19:10:00,59.55,59.58,59.55,59.58,2100,0
2016-07-08,19:15:00,59.57,59.57,59.54,59.54,400,0
2016-07-08,19:20:00,59.54,59.54,59.51,59.51,800,0
2016-07-08,19:25:00,59.51,59.52,59.45,59.45,1916,0
2016-07-08,19:30:00,59.49,59.49,59.45,59.49,1100,0
2016-07-08,19:35:00,59.48,59.53,59.46,59.47,2190,0
2016-07-08,19:40:00,59.44,59.46,59.41,59.45,1000,0
2016-07-08,19:45:00,59.45,59.5,59.44,59.48,1700,0
2016-07-08,19:50:00,59.48,59.49,59.46,59.48,2100,0
2016-07-08,19:55:00,59.47,59.525,59.47,59.5,1600,0
2016-07-08,20:00:00,59.53,59.55,59.5,59.55,2600,0
2016-07-08,20:05:00,59.575,59.59,59.57,59.57,1300,0
2016-07-08,20:10:00,59.57,59.63,59.57,59.58,3277,0
2016-07-08,20:15:00,59.61,59.61,59.555,59.58,1900,0
2016-07-08,20:20:00,59.59,59.59,59.53,59.53,8300,0
2016-07-08,20:25:00,59.54,59.57,59.53,59.56,2100,0
2016-07-08,20:30:00,59.53,59.61,59.51,59.57,3500,0
2016-07-08,20:35:00,59.57,59.7,59.55,59.7,2200,0
2016-07-08,20:40:00,59.72,59.78,59.71,59.71,2700,0
2016-07-08,20:45:00,59.7,59.7,59.64,59.68,2500,0
2016-07-08,20:50:00,59.68,59.68,59.51,59.55,6291,0
2016-07-08,20:55:00,59.59,59.59,59.55,59.57,4036,0
2016-07-08,21:00:00,59.58,59.58,59.49,59.49,2800,0
2016-07-08,21:05:00,59.49,59.53,59.37,59.38,9959,0
2016-07-08,21:10:00,59.42,59.56,59.42,59.56,6499,0
2016-07-08,21:15:00,59.59,59.63,59.56,59.63,4100,0
2016-07-08,21:20:00,59.67,59.7,59.62,59.62,5828,0
2016-07-08,21:25:00,59.65,59.75,59.62,59.75,7267,0
2016-07-08,21:30:00,59.75,59.81,59.68,59.7,11550,0
2016-07-08,21:35:00,59.72,59.76,59.69,59.7,5500,0
2016-07-08,21:40:00,59.7,59.77,59.65,59.77,6289,0
2016-07-08,21:45:00,59.77,59.77,59.63,59.6601,13702,0
2016-07-08,21:50:00,59.66,59.66,59.51,59.51,13729,0
2016-07-08,21:55:00,59.54,59.5999,59.535,59.56,12941,0
2016-07-08,22:00:00,59.56,59.61,59.55,59.56,54358,0
