Date,Time,Open,High,Low,Close,Volume,OpenInt
2016-06-16,15:35:00,15.54,15.54,15.54,15.54,100,0
2016-06-16,15:40:00,15.53,15.53,15.42,15.42,1400,0
2016-06-16,15:50:00,15.41,15.45,15.41,15.42,800,0
2016-06-16,16:00:00,15.47,15.47,15.44,15.44,200,0
2016-06-16,16:05:00,15.42,15.42,15.38,15.38,397,0
2016-06-16,16:10:00,15.33,15.33,15.27,15.27,300,0
2016-06-16,16:15:00,15.35,15.38,15.31,15.31,1500,0
2016-06-16,16:20:00,15.31,15.31,15.31,15.31,200,0
2016-06-16,16:25:00,15.29,15.2935,15.29,15.29,2100,0
2016-06-16,16:30:00,15.24,15.24,15.24,15.24,100,0
2016-06-16,16:35:00,15.3,15.35,15.3,15.35,300,0
2016-06-16,16:40:00,15.3,15.31,15.28,15.28,500,0
2016-06-16,16:45:00,15.3,15.3,15.27,15.27,600,0
2016-06-16,16:50:00,15.31,15.31,15.31,15.31,100,0
2016-06-16,17:00:00,15.26,15.27,15.26,15.26,300,0
2016-06-16,17:05:00,15.305,15.305,15.27,15.27,300,0
2016-06-16,17:10:00,15.29,15.29,15.29,15.29,100,0
2016-06-16,17:15:00,15.36,15.38,15.33,15.33,900,0
2016-06-16,17:25:00,15.36,15.38,15.33,15.38,900,0
2016-06-16,17:30:00,15.37,15.45,15.34,15.34,1300,0
2016-06-16,17:35:00,15.34,15.34,15.34,15.34,100,0
2016-06-16,17:40:00,15.36,15.38,15.32,15.32,600,0
2016-06-16,17:45:00,15.33,15.345,15.33,15.345,200,0
2016-06-16,17:55:00,15.345,15.345,15.29,15.32,1000,0
2016-06-16,18:00:00,15.3,15.3,15.28,15.3,500,0
2016-06-16,18:05:00,15.29,15.3,15.25,15.3,900,0
2016-06-16,18:10:00,15.29,15.31,15.24,15.28,1900,0
2016-06-16,18:15:00,15.27,15.275,15.25,15.275,400,0
2016-06-16,18:25:00,15.26,15.26,15.26,15.26,300,0
2016-06-16,18:30:00,15.29,15.29,15.28,15.28,600,0
2016-06-16,18:45:00,15.28,15.3,15.28,15.3,400,0
2016-06-16,18:50:00,15.305,15.32,15.3,15.3,400,0
2016-06-16,18:55:00,15.3,15.3,15.27,15.27,300,0
2016-06-16,19:05:00,15.3,15.31,15.3,15.31,500,0
2016-06-16,19:10:00,15.3,15.3,15.25,15.29,300,0
2016-06-16,19:15:00,15.29,15.33,15.25,15.33,2945,0
2016-06-16,19:20:00,15.34,15.345,15.34,15.345,330,0
2016-06-16,19:25:00,15.2901,15.38,15.2901,15.36,1212,0
2016-06-16,19:40:00,15.365,15.3799,15.35,15.37,800,0
2016-06-16,19:45:00,15.375,15.39,15.33,15.33,1200,0
2016-06-16,20:00:00,15.28,15.35,15.28,15.33,300,0
2016-06-16,20:05:00,15.36,15.36,15.36,15.36,100,0
2016-06-16,20:10:00,15.3344,15.3344,15.32,15.32,870,0
2016-06-16,20:15:00,15.35,15.4,15.35,15.36,500,0
2016-06-16,20:25:00,15.36,15.39,15.36,15.39,600,0
2016-06-16,20:35:00,15.38,15.38,15.36,15.37,300,0
2016-06-16,20:40:00,15.37,15.39,15.37,15.38,1100,0
2016-06-16,20:45:00,15.38,15.38,15.38,15.38,200,0
2016-06-16,20:50:00,15.39,15.41,15.39,15.41,200,0
2016-06-16,20:55:00,15.4,15.41,15.386,15.4,1300,0
2016-06-16,21:00:00,15.39,15.39,15.39,15.39,600,0
2016-06-16,21:05:00,15.39,15.39,15.34,15.34,400,0
2016-06-16,21:15:00,15.37,15.37,15.37,15.37,100,0
2016-06-16,21:20:00,15.35,15.35,15.29,15.32,2500,0
2016-06-16,21:30:00,15.36,15.38,15.36,15.37,600,0
2016-06-16,21:35:00,15.38,15.39,15.36,15.37,2455,0
2016-06-16,21:40:00,15.37,15.39,15.36,15.37,400,0
2016-06-16,21:45:00,15.37,15.37,15.34,15.34,300,0
2016-06-16,21:50:00,15.35,15.35,15.35,15.35,100,0
2016-06-16,21:55:00,15.35,15.36,15.33,15.35,2700,0
2016-06-16,22:00:00,15.36,15.4,15.34,15.36,9352,0
2016-06-17,15:35:00,15.41,15.41,15.22,15.22,41999,0
2016-06-17,15:40:00,15.23,15.49,15.23,15.36,1200,0
2016-06-17,15:45:00,15.32,15.32,15.32,15.32,100,0
2016-06-17,15:50:00,15.33,15.37,15.33,15.37,200,0
2016-06-17,15:55:00,15.34,15.41,15.33,15.38,1422,0
2016-06-17,16:15:00,15.33,15.38,15.3,15.38,414,0
2016-06-17,16:20:00,15.35,15.35,15.32,15.35,400,0
2016-06-17,16:30:00,15.29,15.29,15.24,15.25,1237,0
2016-06-17,16:35:00,15.24,15.25,15.24,15.25,539,0
2016-06-17,16:40:00,15.21,15.24,15.21,15.24,800,0
2016-06-17,16:45:00,15.24,15.24,15.24,15.24,300,0
2016-06-17,16:50:00,15.25,15.25,15.23,15.23,2410,0
2016-06-17,16:55:00,15.29,15.29,15.225,15.23,500,0
2016-06-17,17:00:00,15.26,15.26,15.24,15.24,200,0
2016-06-17,17:05:00,15.24,15.24,15.2,15.2,600,0
2016-06-17,17:10:00,15.2,15.21,15.18,15.21,1100,0
2016-06-17,17:15:00,15.23,15.23,15.18,15.18,300,0
2016-06-17,17:20:00,15.15,15.15,15.11,15.11,400,0
2016-06-17,17:25:00,15.14,15.17,15.14,15.17,1100,0
2016-06-17,17:30:00,15.18,15.18,15.115,15.115,700,0
2016-06-17,17:40:00,15.085,15.095,15.085,15.095,200,0
2016-06-17,17:45:00,15.11,15.12,15.11,15.12,1000,0
2016-06-17,17:55:00,15.09,15.09,15.09,15.09,200,0
2016-06-17,18:00:00,15.06,15.1,15.06,15.075,400,0
2016-06-17,18:05:00,15.06,15.09,15.04,15.09,800,0
2016-06-17,18:10:00,15.04,15.06,15.03,15.06,900,0
2016-06-17,18:15:00,15.06,15.06,15.04,15.04,600,0
2016-06-17,18:20:00,15.0145,15.05,14.98,14.98,1368,0
2016-06-17,18:25:00,15.01,15.01,14.92,14.92,500,0
2016-06-17,18:30:00,14.94,14.97,14.92,14.97,800,0
2016-06-17,18:35:00,15,15,15,15,100,0
2016-06-17,18:40:00,14.97,14.98,14.97,14.98,300,0
2016-06-17,18:45:00,14.94,14.94,14.94,14.94,100,0
2016-06-17,18:50:00,14.945,14.945,14.89,14.89,1000,0
2016-06-17,18:55:00,14.9,14.9,14.87,14.875,300,0
2016-06-17,19:00:00,14.865,14.88,14.85,14.87,1100,0
2016-06-17,19:05:00,14.85,14.85,14.8,14.8,400,0
2016-06-17,19:10:00,14.7982,14.7982,14.77,14.77,400,0
2016-06-17,19:15:00,14.84,14.87,14.84,14.86,601,0
2016-06-17,19:20:00,14.86,14.86,14.85,14.85,300,0
2016-06-17,19:25:00,14.87,14.91,14.87,14.91,600,0
2016-06-17,19:30:00,14.96,14.96,14.91,14.925,700,0
2016-06-17,19:35:00,14.94,14.94,14.94,14.94,197,0
2016-06-17,19:40:00,14.91,14.91,14.91,14.91,677,0
2016-06-17,19:50:00,14.8739,14.8739,14.82,14.8201,3692,0
2016-06-17,19:55:00,14.84,14.89,14.84,14.89,500,0
2016-06-17,20:00:00,14.86,14.86,14.86,14.86,100,0
2016-06-17,20:05:00,14.89,14.89,14.89,14.89,100,0
2016-06-17,20:10:00,14.861,14.861,14.83,14.83,345,0
2016-06-17,20:15:00,14.8402,14.87,14.81,14.85,1400,0
2016-06-17,20:20:00,14.81,14.84,14.81,14.84,2097,0
2016-06-17,20:25:00,14.83,14.83,14.83,14.83,100,0
2016-06-17,20:35:00,14.86,14.86,14.83,14.86,800,0
2016-06-17,20:40:00,14.87,14.9,14.87,14.89,600,0
2016-06-17,20:45:00,14.93,14.93,14.91,14.92,1800,0
2016-06-17,20:50:00,14.95,14.95,14.93,14.95,700,0
2016-06-17,20:55:00,14.92,14.92,14.92,14.92,100,0
2016-06-17,21:00:00,14.955,14.975,14.95,14.975,1500,0
2016-06-17,21:05:00,14.96,15,14.96,15,700,0
2016-06-17,21:10:00,14.96,14.98,14.94,14.94,800,0
2016-06-17,21:15:00,14.955,14.98,14.955,14.98,1000,0
2016-06-17,21:20:00,15,15.01,14.995,14.995,1700,0
2016-06-17,21:25:00,14.98,15,14.98,15,600,0
2016-06-17,21:30:00,15.03,15.03,15.03,15.03,200,0
2016-06-17,21:35:00,14.99,15.06,14.99,15.06,4300,0
2016-06-17,21:40:00,15.08,15.12,15.08,15.12,2200,0
2016-06-17,21:45:00,15.13,15.13,15.1,15.13,850,0
2016-06-17,21:50:00,15.11,15.11,15.02,15.02,1500,0
2016-06-17,21:55:00,15.01,15.04,14.99,15.04,5900,0
2016-06-17,22:00:00,14.99,15.02,14.97,14.97,64081,0
2016-06-20,15:35:00,15.16,15.35,15.16,15.35,3515,0
2016-06-20,15:40:00,15.3669,15.3669,15.3669,15.3669,325,0
2016-06-20,15:45:00,15.38,15.38,15.38,15.38,100,0
2016-06-20,15:50:00,15.465,15.465,15.36,15.36,200,0
2016-06-20,16:05:00,15.305,15.41,15.305,15.41,300,0
2016-06-20,16:10:00,15.46,15.46,15.46,15.46,100,0
2016-06-20,16:15:00,15.45,15.45,15.45,15.45,100,0
2016-06-20,16:20:00,15.455,15.52,15.455,15.52,900,0
2016-06-20,16:25:00,15.53,15.59,15.53,15.59,700,0
2016-06-20,16:30:00,15.56,15.56,15.56,15.56,200,0
2016-06-20,16:35:00,15.585,15.585,15.49,15.57,2000,0
2016-06-20,16:40:00,15.5,15.5,15.5,15.5,100,0
2016-06-20,17:00:00,15.48,15.48,15.48,15.48,100,0
2016-06-20,17:05:00,15.47,15.47,15.47,15.47,100,0
2016-06-20,17:15:00,15.55,15.55,15.43,15.43,900,0
2016-06-20,17:20:00,15.48,15.48,15.48,15.48,100,0
2016-06-20,17:25:00,15.48,15.48,15.48,15.48,100,0
2016-06-20,17:30:00,15.48,15.48,15.47,15.48,400,0
2016-06-20,17:40:00,15.42,15.42,15.42,15.42,100,0
2016-06-20,17:55:00,15.46,15.4792,15.45,15.45,900,0
2016-06-20,18:00:00,15.48,15.49,15.48,15.49,200,0
2016-06-20,18:05:00,15.55,15.55,15.55,15.55,100,0
2016-06-20,18:10:00,15.57,15.57,15.536,15.57,400,0
2016-06-20,18:15:00,15.55,15.57,15.55,15.57,500,0
2016-06-20,18:20:00,15.525,15.525,15.525,15.525,100,0
2016-06-20,18:30:00,15.51,15.51,15.48,15.48,400,0
2016-06-20,18:45:00,15.49,15.51,15.48,15.48,900,0
2016-06-20,18:55:00,15.48,15.48,15.47,15.47,300,0
2016-06-20,19:05:00,15.45,15.51,15.45,15.47,1700,0
2016-06-20,19:10:00,15.54,15.54,15.5,15.51,3789,0
2016-06-20,19:15:00,15.48,15.4899,15.48,15.4899,400,0
2016-06-20,19:20:00,15.49,15.54,15.48,15.48,4100,0
2016-06-20,19:25:00,15.52,15.52,15.47,15.52,2400,0
2016-06-20,19:35:00,15.47,15.48,15.47,15.48,200,0
2016-06-20,19:40:00,15.49,15.49,15.49,15.49,200,0
2016-06-20,19:45:00,15.48,15.48,15.44,15.44,300,0
2016-06-20,19:50:00,15.44,15.46,15.44,15.44,4250,0
2016-06-20,19:55:00,15.45,15.45,15.45,15.45,500,0
2016-06-20,20:00:00,15.42,15.42,15.42,15.42,256,0
2016-06-20,20:05:00,15.39,15.39,15.34,15.34,786,0
2016-06-20,20:10:00,15.33,15.36,15.33,15.36,300,0
2016-06-20,20:15:00,15.35,15.35,15.32,15.33,300,0
2016-06-20,20:20:00,15.35,15.38,15.35,15.36,900,0
2016-06-20,20:25:00,15.35,15.38,15.35,15.38,927,0
2016-06-20,20:30:00,15.3899,15.39,15.3899,15.39,200,0
2016-06-20,20:35:00,15.36,15.36,15.36,15.36,100,0
2016-06-20,20:40:00,15.35,15.35,15.35,15.35,200,0
2016-06-20,20:45:00,15.33,15.33,15.33,15.33,100,0
2016-06-20,20:50:00,15.35,15.35,15.33,15.33,200,0
2016-06-20,20:55:00,15.35,15.38,15.35,15.38,300,0
2016-06-20,21:00:00,15.44,15.44,15.44,15.44,100,0
2016-06-20,21:05:00,15.39,15.4,15.39,15.4,528,0
2016-06-20,21:15:00,15.38,15.38,15.38,15.38,100,0
2016-06-20,21:20:00,15.4,15.72,15.39,15.51,10349,0
2016-06-20,21:30:00,15.48,15.49,15.43,15.44,900,0
2016-06-20,21:35:00,15.45,15.48,15.45,15.48,400,0
2016-06-20,21:40:00,15.5199,15.5199,15.49,15.49,200,0
2016-06-20,21:45:00,15.52,15.53,15.52,15.53,1275,0
2016-06-20,21:50:00,15.52,15.52,15.47,15.47,800,0
2016-06-20,21:55:00,15.48,15.5,15.43,15.4699,2300,0
2016-06-20,22:00:00,15.46,15.47,15.38,15.39,11464,0
2016-06-21,15:35:00,15.49,15.49,15.12,15.12,622,0
2016-06-21,15:40:00,15.34,15.34,15.34,15.34,300,0
2016-06-21,15:45:00,15.45,15.45,15.297,15.297,200,0
2016-06-21,15:50:00,15.35,15.47,15.35,15.47,2025,0
2016-06-21,15:55:00,15.43,15.43,15.41,15.41,400,0
2016-06-21,16:00:00,15.37,15.377,15.37,15.377,200,0
2016-06-21,16:05:00,15.37,15.37,15.37,15.37,200,0
2016-06-21,16:10:00,15.39,15.39,15.34,15.35,1184,0
2016-06-21,16:15:00,15.35,15.38,15.34,15.38,1575,0
2016-06-21,16:20:00,15.44,15.44,15.44,15.44,100,0
2016-06-21,16:25:00,15.32,15.49,15.32,15.49,1200,0
2016-06-21,16:30:00,15.48,15.48,15.47,15.47,200,0
2016-06-21,16:35:00,15.48,15.48,15.48,15.48,100,0
2016-06-21,16:40:00,15.46,15.46,15.43,15.43,200,0
2016-06-21,16:45:00,15.43,15.43,15.35,15.365,500,0
2016-06-21,16:50:00,15.365,15.38,15.365,15.38,300,0
2016-06-21,17:00:00,15.34,15.38,15.34,15.38,300,0
2016-06-21,17:05:00,15.38,15.42,15.33,15.42,1500,0
2016-06-21,17:15:00,15.35,15.38,15.35,15.36,500,0
2016-06-21,17:20:00,15.41,15.41,15.4,15.4,400,0
2016-06-21,17:25:00,15.4,15.43,15.4,15.43,300,0
2016-06-21,17:40:00,15.37,15.37,15.37,15.37,200,0
2016-06-21,17:45:00,15.32,15.34,15.3,15.34,300,0
2016-06-21,17:50:00,15.32,15.36,15.3,15.325,700,0
2016-06-21,17:55:00,15.28,15.31,15.27,15.31,300,0
2016-06-21,18:05:00,15.32,15.33,15.3,15.3,800,0
2016-06-21,18:15:00,15.33,15.33,15.33,15.33,200,0
2016-06-21,18:20:00,15.33,15.35,15.33,15.35,500,0
2016-06-21,18:30:00,15.4,15.4,15.38,15.38,300,0
2016-06-21,18:35:00,15.33,15.33,15.33,15.33,100,0
2016-06-21,18:45:00,15.34,15.35,15.32,15.34,700,0
2016-06-21,18:50:00,15.35,15.37,15.3001,15.3001,1179,0
2016-06-21,18:55:00,15.35,15.35,15.33,15.33,500,0
2016-06-21,19:00:00,15.34,15.37,15.3105,15.3105,400,0
2016-06-21,19:05:00,15.34,15.34,15.34,15.34,100,0
2016-06-21,19:10:00,15.31,15.34,15.31,15.34,200,0
2016-06-21,19:15:00,15.39,15.39,15.34,15.34,200,0
2016-06-21,19:20:00,15.37,15.37,15.37,15.37,200,0
2016-06-21,19:25:00,15.34,15.34,15.32,15.34,1000,0
2016-06-21,19:30:00,15.34,15.34,15.31,15.31,200,0
2016-06-21,19:35:00,15.35,15.35,15.32,15.32,200,0
2016-06-21,19:40:00,15.33,15.34,15.3,15.34,1100,0
2016-06-21,19:50:00,15.34,15.34,15.3,15.33,500,0
2016-06-21,19:55:00,15.34,15.34,15.3,15.3,200,0
2016-06-21,20:00:00,15.34,15.34,15.31,15.32,400,0
2016-06-21,20:05:00,15.3,15.35,15.29,15.35,300,0
2016-06-21,20:10:00,15.31,15.42,15.31,15.395,600,0
2016-06-21,20:15:00,15.41,15.43,15.37,15.43,1221,0
2016-06-21,20:20:00,15.41,15.41,15.41,15.41,100,0
2016-06-21,20:25:00,15.39,15.41,15.39,15.41,200,0
2016-06-21,20:30:00,15.41,15.44,15.41,15.44,500,0
2016-06-21,20:35:00,15.49,15.49,15.43,15.48,300,0
2016-06-21,20:40:00,15.49,15.55,15.49,15.55,300,0
2016-06-21,20:45:00,15.54,15.57,15.5128,15.57,900,0
2016-06-21,20:50:00,15.58,15.62,15.55,15.57,1800,0
2016-06-21,20:55:00,15.57,15.62,15.57,15.62,833,0
2016-06-21,21:00:00,15.64,15.67,15.61,15.66,1700,0
2016-06-21,21:05:00,15.66,15.72,15.63,15.71,1600,0
2016-06-21,21:10:00,15.67,15.7,15.61,15.7,800,0
2016-06-21,21:15:00,15.68,15.77,15.67,15.69,2200,0
2016-06-21,21:20:00,15.72,15.79,15.71,15.71,3400,0
2016-06-21,21:25:00,15.72,15.81,15.7148,15.79,4200,0
2016-06-21,21:30:00,15.79,15.82,15.74,15.82,1700,0
2016-06-21,21:35:00,15.79,15.88,15.76,15.86,1900,0
2016-06-21,21:40:00,15.87,15.91,15.76,15.77,4267,0
2016-06-21,21:45:00,15.73,15.75,15.7,15.75,1300,0
2016-06-21,21:50:00,15.75,15.82,15.75,15.82,1600,0
2016-06-21,21:55:00,15.78,15.84,15.78,15.84,2400,0
2016-06-21,22:00:00,15.83,15.84,15.77,15.8,7162,0
2016-06-22,15:35:00,15.92,15.95,15.9,15.95,2970,0
2016-06-22,15:40:00,15.92,15.92,15.92,15.92,100,0
2016-06-22,15:50:00,15.96,16.04,15.94,16.04,800,0
2016-06-22,15:55:00,16.015,16.04,15.92,15.92,1700,0
2016-06-22,16:05:00,15.98,15.98,15.91,15.91,400,0
2016-06-22,16:10:00,15.9,15.9,15.9,15.9,800,0
2016-06-22,16:15:00,15.91,15.92,15.91,15.92,487,0
2016-06-22,16:20:00,15.94,15.9899,15.94,15.9899,500,0
2016-06-22,16:25:00,15.92,15.92,15.88,15.88,200,0
2016-06-22,16:30:00,15.9,15.9,15.9,15.9,300,0
2016-06-22,16:40:00,15.945,15.945,15.89,15.905,300,0
2016-06-22,16:45:00,15.925,15.925,15.925,15.925,100,0
2016-06-22,16:50:00,15.925,15.925,15.925,15.925,100,0
2016-06-22,16:55:00,15.915,15.915,15.9,15.9,500,0
2016-06-22,17:00:00,15.85,15.97,15.85,15.9,500,0
2016-06-22,17:10:00,15.92,15.92,15.92,15.92,100,0
2016-06-22,17:15:00,15.96,15.96,15.96,15.96,100,0
2016-06-22,17:20:00,15.96,15.96,15.96,15.96,100,0
2016-06-22,17:25:00,15.96,15.96,15.94,15.94,200,0
2016-06-22,17:35:00,15.95,15.95,15.95,15.95,100,0
2016-06-22,17:40:00,15.98,16.03,15.97,15.97,400,0
2016-06-22,17:45:00,15.99,15.99,15.99,15.99,100,0
2016-06-22,17:50:00,15.99,15.99,15.99,15.99,100,0
2016-06-22,17:55:00,15.97,15.97,15.95,15.95,200,0
2016-06-22,18:00:00,15.95,15.97,15.95,15.97,200,0
2016-06-22,18:05:00,15.99,16,15.99,16,200,0
2016-06-22,18:10:00,15.99,16.02,15.99,16.02,300,0
2016-06-22,18:15:00,15.97,16.01,15.97,16.01,300,0
2016-06-22,18:20:00,15.96,16,15.96,15.98,300,0
2016-06-22,18:25:00,16,16.01,15.97,16.01,400,0
2016-06-22,18:30:00,15.95,15.96,15.95,15.96,300,0
2016-06-22,18:35:00,15.96,15.98,15.95,15.95,400,0
2016-06-22,18:40:00,15.98,15.98,15.98,15.98,100,0
2016-06-22,18:45:00,15.96,15.98,15.94,15.94,600,0
2016-06-22,18:50:00,15.91,15.91,15.85,15.85,800,0
2016-06-22,18:55:00,15.93,15.93,15.92,15.92,200,0
2016-06-22,19:00:00,15.92,15.95,15.92,15.92,400,0
2016-06-22,19:05:00,15.92,15.92,15.885,15.91,300,0
2016-06-22,19:10:00,15.88,15.88,15.85,15.85,300,0
2016-06-22,19:15:00,15.82,15.83,15.78,15.82,400,0
2016-06-22,19:20:00,15.84,15.86,15.83,15.86,400,0
2016-06-22,19:25:00,15.85,15.85,15.85,15.85,100,0
2016-06-22,19:30:00,15.85,15.85,15.85,15.85,100,0
2016-06-22,19:35:00,15.88,15.88,15.87,15.87,200,0
2016-06-22,19:40:00,15.79,15.79,15.79,15.79,100,0
2016-06-22,19:45:00,15.8,15.87,15.8,15.87,500,0
2016-06-22,19:50:00,15.89,15.89,15.89,15.89,100,0
2016-06-22,19:55:00,15.88,15.88,15.87,15.87,400,0
2016-06-22,20:00:00,15.86,15.88,15.85,15.85,400,0
2016-06-22,20:05:00,15.85,15.85,15.85,15.85,100,0
2016-06-22,20:10:00,15.85,15.86,15.8,15.8,1200,0
2016-06-22,20:15:00,15.8,15.8,15.8,15.8,400,0
2016-06-22,20:20:00,15.82,15.82,15.81,15.81,400,0
2016-06-22,20:25:00,15.75,15.77,15.75,15.77,300,0
2016-06-22,20:30:00,15.8,15.8,15.79,15.79,200,0
2016-06-22,20:35:00,15.775,15.81,15.75,15.81,800,0
2016-06-22,20:40:00,15.8,15.8,15.76,15.775,500,0
2016-06-22,20:45:00,15.79,15.83,15.79,15.83,500,0
2016-06-22,20:50:00,15.81,15.81,15.78,15.78,900,0
2016-06-22,20:55:00,15.77,15.77,15.77,15.77,100,0
2016-06-22,21:00:00,15.77,15.77,15.77,15.77,100,0
2016-06-22,21:05:00,15.82,15.82,15.82,15.82,100,0
2016-06-22,21:10:00,15.82,15.82,15.78,15.78,300,0
2016-06-22,21:15:00,15.8,15.84,15.8,15.84,400,0
2016-06-22,21:25:00,15.81,15.81,15.75,15.75,1300,0
2016-06-22,21:30:00,15.7746,15.7746,15.7746,15.7746,524,0
2016-06-22,21:35:00,15.81,15.81,15.79,15.79,400,0
2016-06-22,21:40:00,15.8,15.84,15.8,15.84,900,0
2016-06-22,21:45:00,15.835,15.835,15.8,15.8,600,0
2016-06-22,21:50:00,15.81,15.81,15.77,15.77,700,0
2016-06-22,21:55:00,15.77,15.77,15.73,15.75,1200,0
2016-06-22,22:00:00,15.75,15.76,15.73,15.73,2490,0
2016-06-23,15:35:00,15.94,15.94,15.94,15.94,266,0
2016-06-23,15:40:00,16.0101,16.0101,16.0101,16.0101,512,0
2016-06-23,15:45:00,16.0201,16.19,16.0201,16.13,812,0
2016-06-23,15:50:00,16.2,16.2,16.2,16.2,100,0
2016-06-23,15:55:00,16.11,16.11,16.1,16.1,600,0
2016-06-23,16:05:00,16.12,16.12,16.12,16.12,100,0
2016-06-23,16:10:00,16.16,16.16,16.16,16.16,100,0
2016-06-23,16:20:00,16.07,16.13,16.07,16.13,1100,0
2016-06-23,16:25:00,16.1,16.18,16.1,16.18,1175,0
2016-06-23,16:30:00,16.09,16.09,16.031,16.031,500,0
2016-06-23,16:35:00,16.05,16.05,15.98,16.03,900,0
2016-06-23,16:45:00,16.01,16.01,16.01,16.01,200,0
2016-06-23,16:55:00,15.99,15.99,15.99,15.99,100,0
2016-06-23,17:00:00,15.98,15.98,15.98,15.98,250,0
2016-06-23,17:05:00,15.99,15.99,15.99,15.99,100,0
2016-06-23,17:10:00,16,16,16,16,400,0
2016-06-23,17:20:00,16.01,16.05,16.01,16.05,1195,0
2016-06-23,17:25:00,16.105,16.13,16.105,16.13,2300,0
2016-06-23,17:30:00,16.145,16.17,16.14,16.16,700,0
2016-06-23,17:35:00,16.15,16.18,16.13,16.13,700,0
2016-06-23,17:40:00,16.16,16.19,16.155,16.18,2000,0
2016-06-23,17:45:00,16.16,16.16,16.14,16.16,300,0
2016-06-23,17:50:00,16.17,16.18,16.17,16.18,200,0
2016-06-23,17:55:00,16.19,16.2,16.19,16.19,900,0
2016-06-23,18:00:00,16.1728,16.1728,16.1728,16.1728,229,0
2016-06-23,18:05:00,16.195,16.2,16.1901,16.2,3698,0
2016-06-23,18:10:00,16.14,16.14,16.14,16.14,100,0
2016-06-23,18:15:00,16.18,16.19,16.14,16.14,300,0
2016-06-23,18:35:00,16.155,16.17,16.155,16.17,1600,0
2016-06-23,18:45:00,16.18,16.18,16.18,16.18,100,0
2016-06-23,18:50:00,16.15,16.15,16.15,16.15,400,0
2016-06-23,19:00:00,16.18,16.18,16.18,16.18,100,0
2016-06-23,19:05:00,16.12,16.12,16.1,16.1,400,0
2016-06-23,19:15:00,16.07,16.07,16.07,16.07,100,0
2016-06-23,19:25:00,16.11,16.11,16.1016,16.1016,314,0
2016-06-23,19:35:00,16.14,16.14,16.11,16.11,1704,0
2016-06-23,19:40:00,16.11,16.11,16.08,16.105,800,0
2016-06-23,19:45:00,16.1,16.13,16.1,16.13,300,0
2016-06-23,19:50:00,16.13,16.13,16.13,16.13,200,0
2016-06-23,19:55:00,16.13,16.13,16.13,16.13,100,0
2016-06-23,20:00:00,16.11,16.14,16.11,16.125,300,0
2016-06-23,20:10:00,16.16,16.16,16.14,16.14,300,0
2016-06-23,20:15:00,16.12,16.14,16.12,16.14,700,0
2016-06-23,20:20:00,16.11,16.125,16.11,16.125,200,0
2016-06-23,20:30:00,16.13,16.13,16.115,16.115,400,0
2016-06-23,20:35:00,16.14,16.14,16.14,16.14,100,0
2016-06-23,20:40:00,16.08,16.08,16.08,16.08,200,0
2016-06-23,20:45:00,16.07,16.08,16.06,16.08,400,0
2016-06-23,20:50:00,16.09,16.11,16.08,16.11,400,0
2016-06-23,20:55:00,16.12,16.12,16.12,16.12,100,0
2016-06-23,21:05:00,16.14,16.14,16.14,16.14,100,0
2016-06-23,21:10:00,16.11,16.14,16.09,16.14,800,0
2016-06-23,21:15:00,16.08,16.08,16.08,16.08,100,0
2016-06-23,21:20:00,16.0701,16.14,16.0701,16.14,631,0
2016-06-23,21:25:00,16.13,16.13,16.08,16.08,300,0
2016-06-23,21:30:00,16.1,16.1,16.07,16.1,500,0
2016-06-23,21:35:00,16.1,16.1,16.1,16.1,100,0
2016-06-23,21:40:00,16.1,16.1,16.1,16.1,500,0
2016-06-23,21:45:00,16.13,16.14,16.13,16.14,901,0
2016-06-23,21:50:00,16.13,16.17,16.12,16.17,1800,0
2016-06-23,21:55:00,16.13,16.14,16.1,16.1,1833,0
2016-06-23,22:00:00,16.11,16.2,16.11,16.16,11996,0
2016-06-24,15:35:00,15.35,15.35,15.35,15.35,656,0
2016-06-24,15:40:00,15.05,15.3086,15.0201,15.3086,1000,0
2016-06-24,15:45:00,15.41,15.59,15.41,15.57,400,0
2016-06-24,15:50:00,15.63,15.63,15.62,15.62,200,0
2016-06-24,15:55:00,15.55,15.575,15.55,15.56,900,0
2016-06-24,16:00:00,15.57,15.57,15.57,15.57,100,0
2016-06-24,16:05:00,15.58,15.63,15.58,15.63,400,0
2016-06-24,16:10:00,15.54,15.54,15.525,15.525,200,0
2016-06-24,16:15:00,15.52,15.6099,15.5,15.52,700,0
2016-06-24,16:20:00,15.565,15.58,15.51,15.54,3700,0
2016-06-24,16:25:00,15.46,15.46,15.4301,15.445,700,0
2016-06-24,16:30:00,15.35,15.35,15.35,15.35,100,0
2016-06-24,16:35:00,15.36,15.36,15.36,15.36,100,0
2016-06-24,16:40:00,15.48,15.48,15.39,15.47,950,0
2016-06-24,16:45:00,15.46,15.51,15.415,15.51,300,0
2016-06-24,16:50:00,15.4832,15.4832,15.43,15.46,300,0
2016-06-24,16:55:00,15.49,15.49,15.37,15.37,400,0
2016-06-24,17:00:00,15.43,15.43,15.43,15.43,100,0
2016-06-24,17:05:00,15.42,15.42,15.36,15.36,600,0
2016-06-24,17:10:00,15.35,15.38,15.35,15.38,200,0
2016-06-24,17:15:00,15.3799,15.38,15.3799,15.38,350,0
2016-06-24,17:20:00,15.38,15.38,15.37,15.38,300,0
2016-06-24,17:25:00,15.3699,15.37,15.3699,15.37,200,0
2016-06-24,17:30:00,15.3,15.37,15.29,15.3245,738,0
2016-06-24,17:35:00,15.37,15.37,15.37,15.37,100,0
2016-06-24,17:40:00,15.36,15.41,15.36,15.41,1500,0
2016-06-24,17:45:00,15.39,15.39,15.39,15.39,300,0
2016-06-24,17:50:00,15.44,15.48,15.42,15.445,1700,0
2016-06-24,17:55:00,15.43,15.48,15.39,15.4499,800,0
2016-06-24,18:05:00,15.36,15.37,15.36,15.37,200,0
2016-06-24,18:10:00,15.44,15.44,15.38,15.38,200,0
2016-06-24,18:15:00,15.4,15.4,15.4,15.4,100,0
2016-06-24,18:20:00,15.37,15.37,15.37,15.37,100,0
2016-06-24,18:25:00,15.36,15.41,15.36,15.41,800,0
2016-06-24,18:35:00,15.4,15.46,15.36,15.42,500,0
2016-06-24,18:40:00,15.37,15.4,15.37,15.4,200,0
2016-06-24,18:45:00,15.4,15.4,15.37,15.37,700,0
2016-06-24,18:50:00,15.3775,15.3775,15.34,15.34,700,0
2016-06-24,18:55:00,15.355,15.355,15.34,15.34,400,0
2016-06-24,19:00:00,15.3,15.35,15.28,15.305,500,0
2016-06-24,19:05:00,15.33,15.33,15.33,15.33,100,0
2016-06-24,19:15:00,15.32,15.32,15.32,15.32,100,0
2016-06-24,19:20:00,15.325,15.33,15.325,15.33,200,0
2016-06-24,19:25:00,15.32,15.33,15.32,15.33,200,0
2016-06-24,19:30:00,15.33,15.35,15.33,15.35,500,0
2016-06-24,19:35:00,15.38,15.38,15.35,15.35,300,0
2016-06-24,19:40:00,15.34,15.36,15.34,15.36,200,0
2016-06-24,19:45:00,15.32,15.32,15.29,15.29,300,0
2016-06-24,19:50:00,15.295,15.305,15.295,15.3,1033,0
2016-06-24,19:55:00,15.28,15.285,15.28,15.285,200,0
2016-06-24,20:00:00,15.3,15.38,15.3,15.38,1224,0
2016-06-24,20:05:00,15.365,15.42,15.365,15.42,700,0
2016-06-24,20:10:00,15.4,15.4,15.4,15.4,100,0
2016-06-24,20:15:00,15.42,15.42,15.42,15.42,100,0
2016-06-24,20:20:00,15.405,15.42,15.365,15.365,1000,0
2016-06-24,20:25:00,15.32,15.32,15.32,15.32,100,0
2016-06-24,20:30:00,15.32,15.44,15.3,15.4,9700,0
2016-06-24,20:35:00,15.37,15.41,15.27,15.27,4049,0
2016-06-24,20:40:00,15.32,15.32,15.25,15.31,300,0
2016-06-24,20:45:00,15.24,15.27,15.24,15.27,200,0
2016-06-24,20:50:00,15.23,15.3,15.205,15.22,5246,0
2016-06-24,20:55:00,15.23,15.26,15.23,15.25,500,0
2016-06-24,21:00:00,15.3,15.3,15.3,15.3,200,0
2016-06-24,21:10:00,15.265,15.31,15.265,15.31,200,0
2016-06-24,21:15:00,15.31,15.31,15.31,15.31,100,0
2016-06-24,21:20:00,15.31,15.31,15.255,15.255,300,0
2016-06-24,21:25:00,15.27,15.295,15.27,15.295,200,0
2016-06-24,21:30:00,15.34,15.39,15.32,15.39,300,0
2016-06-24,21:35:00,15.39,15.39,15.33,15.36,500,0
2016-06-24,21:40:00,15.37,15.37,15.28,15.3299,1062,0
2016-06-24,21:45:00,15.26,15.33,15.26,15.32,1100,0
2016-06-24,21:50:00,15.26,15.32,15.26,15.32,800,0
2016-06-24,21:55:00,15.32,15.35,15.32,15.35,400,0
2016-06-24,22:00:00,15.31,15.31,15.23,15.31,134014,0
2016-06-27,15:35:00,15.08,15.18,15.02,15.18,1132,0
2016-06-27,15:40:00,15.01,15.01,15.01,15.01,200,0
2016-06-27,15:45:00,14.85,14.99,14.83,14.99,400,0
2016-06-27,15:50:00,14.88,15,14.88,14.926,500,0
2016-06-27,15:55:00,14.93,14.945,14.93,14.945,300,0
2016-06-27,16:05:00,14.9,14.9,14.82,14.82,400,0
2016-06-27,16:10:00,14.84,14.9,14.81,14.86,2950,0
2016-06-27,16:15:00,14.9,14.9,14.87,14.9,600,0
2016-06-27,16:20:00,14.935,14.935,14.935,14.935,454,0
2016-06-27,16:25:00,14.9,14.91,14.9,14.9,1901,0
2016-06-27,16:30:00,14.9,14.9,14.84,14.85,1500,0
2016-06-27,16:35:00,14.89,14.89,14.85,14.85,500,0
2016-06-27,16:40:00,14.92,14.92,14.91,14.91,200,0
2016-06-27,16:50:00,14.85,14.85,14.85,14.85,500,0
2016-06-27,16:55:00,14.8,14.8,14.8,14.8,200,0
2016-06-27,17:00:00,14.82,14.83,14.785,14.785,700,0
2016-06-27,17:05:00,14.78,14.83,14.78,14.83,200,0
2016-06-27,17:10:00,14.77,14.77,14.76,14.76,400,0
2016-06-27,17:15:00,14.78,14.78,14.73,14.74,1151,0
2016-06-27,17:25:00,14.72,14.73,14.72,14.73,300,0
2016-06-27,17:30:00,14.73,14.74,14.73,14.74,700,0
2016-06-27,17:35:00,14.76,14.79,14.74,14.74,500,0
2016-06-27,17:40:00,14.76,14.77,14.76,14.77,200,0
2016-06-27,17:50:00,14.785,14.785,14.785,14.785,100,0
2016-06-27,17:55:00,14.735,14.77,14.735,14.77,200,0
2016-06-27,18:00:00,14.78,14.79,14.77,14.77,400,0
2016-06-27,18:05:00,14.785,14.785,14.785,14.785,100,0
2016-06-27,18:10:00,14.785,14.785,14.73,14.73,300,0
2016-06-27,18:20:00,14.775,14.84,14.775,14.78,500,0
2016-06-27,18:25:00,14.82,14.82,14.7501,14.7501,926,0
2016-06-27,18:30:00,14.73,14.75,14.73,14.73,800,0
2016-06-27,18:35:00,14.73,14.74,14.73,14.74,300,0
2016-06-27,18:40:00,14.78,14.78,14.73,14.73,800,0
2016-06-27,18:45:00,14.74,14.74,14.715,14.715,500,0
2016-06-27,18:50:00,14.74,14.74,14.73,14.73,600,0
2016-06-27,18:55:00,14.76,14.76,14.74,14.74,300,0
2016-06-27,19:00:00,14.77,14.77,14.77,14.77,300,0
2016-06-27,19:05:00,14.76,14.76,14.76,14.76,100,0
2016-06-27,19:25:00,14.79,14.79,14.76,14.78,1400,0
2016-06-27,19:30:00,14.78,14.78,14.78,14.78,200,0
2016-06-27,19:35:00,14.78,14.78,14.77,14.77,600,0
2016-06-27,19:40:00,14.77,14.77,14.73,14.76,800,0
2016-06-27,19:45:00,14.74,14.74,14.71,14.71,1100,0
2016-06-27,19:55:00,14.715,14.715,14.715,14.715,100,0
2016-06-27,20:00:00,14.715,14.715,14.715,14.715,100,0
2016-06-27,20:10:00,14.71,14.72,14.71,14.71,400,0
2016-06-27,20:15:00,14.74,14.78,14.725,14.74,900,0
2016-06-27,20:20:00,14.71,14.72,14.7,14.72,1100,0
2016-06-27,20:25:00,14.71,14.73,14.69,14.71,600,0
2016-06-27,20:35:00,14.71,14.71,14.68,14.695,1000,0
2016-06-27,20:40:00,14.695,14.7,14.67,14.68,1000,0
2016-06-27,20:45:00,14.65,14.69,14.65,14.69,900,0
2016-06-27,20:50:00,14.65,14.66,14.64,14.64,1400,0
2016-06-27,20:55:00,14.63,14.63,14.56,14.6,1500,0
2016-06-27,21:00:00,14.6,14.61,14.57,14.57,900,0
2016-06-27,21:05:00,14.6,14.6,14.6,14.6,200,0
2016-06-27,21:10:00,14.64,14.64,14.59,14.59,200,0
2016-06-27,21:15:00,14.57,14.6,14.57,14.6,1499,0
2016-06-27,21:20:00,14.6,14.6,14.56,14.59,1600,0
2016-06-27,21:25:00,14.575,14.58,14.56,14.58,800,0
2016-06-27,21:30:00,14.58,14.64,14.58,14.6,1400,0
2016-06-27,21:35:00,14.57,14.58,14.56,14.58,1600,0
2016-06-27,21:40:00,14.59,14.59,14.52,14.52,1800,0
2016-06-27,21:45:00,14.52,14.59,14.52,14.55,1500,0
2016-06-27,21:50:00,14.54,14.58,14.54,14.55,1800,0
2016-06-27,21:55:00,14.56,14.58,14.54,14.54,2344,0
2016-06-27,22:00:00,14.56,14.565,14.45,14.51,23580,0
2016-06-28,15:35:00,14.73,14.73,14.73,14.73,407,0
2016-06-28,15:40:00,14.74,14.74,14.57,14.57,1048,0
2016-06-28,15:45:00,14.6038,14.6038,14.51,14.55,1400,0
2016-06-28,15:50:00,14.52,14.58,14.52,14.56,1740,0
2016-06-28,15:55:00,14.67,14.83,14.6,14.83,5301,0
2016-06-28,16:00:00,14.87,14.89,14.84,14.86,3257,0
2016-06-28,16:05:00,14.8,14.87,14.8,14.87,700,0
2016-06-28,16:10:00,14.82,14.82,14.8,14.8,3400,0
2016-06-28,16:15:00,14.81,14.81,14.81,14.81,100,0
2016-06-28,16:20:00,14.86,14.86,14.86,14.86,100,0
2016-06-28,16:25:00,14.88,14.88,14.88,14.88,400,0
2016-06-28,16:30:00,14.81,14.84,14.81,14.83,700,0
2016-06-28,16:40:00,14.8,14.82,14.8,14.8,1200,0
2016-06-28,16:45:00,14.8,14.89,14.78,14.89,3447,0
2016-06-28,17:00:00,14.87,14.87,14.84,14.85,500,0
2016-06-28,17:10:00,14.85,14.85,14.83,14.85,700,0
2016-06-28,17:15:00,14.85,14.85,14.83,14.83,1000,0
2016-06-28,17:20:00,14.83,14.855,14.83,14.855,2230,0
2016-06-28,17:25:00,14.83,14.85,14.83,14.85,800,0
2016-06-28,17:30:00,14.85,14.85,14.83,14.83,1000,0
2016-06-28,17:35:00,14.84,14.865,14.84,14.855,1100,0
2016-06-28,17:40:00,14.86,14.86,14.84,14.855,1100,0
2016-06-28,17:45:00,14.83,14.83,14.83,14.83,200,0
2016-06-28,17:50:00,14.84,14.84,14.84,14.84,100,0
2016-06-28,18:05:00,14.85,14.87,14.85,14.87,200,0
2016-06-28,18:10:00,14.84,14.84,14.83,14.83,900,0
2016-06-28,18:15:00,14.83,14.87,14.83,14.83,666,0
2016-06-28,18:20:00,14.83,14.83,14.83,14.83,900,0
2016-06-28,18:25:00,14.83,14.84,14.83,14.84,200,0
2016-06-28,18:35:00,14.85,14.85,14.85,14.85,100,0
2016-06-28,18:40:00,14.86,14.86,14.855,14.855,300,0
2016-06-28,18:45:00,14.84,14.8594,14.83,14.85,2808,0
2016-06-28,18:50:00,14.8504,14.855,14.83,14.83,604,0
2016-06-28,18:55:00,14.83,14.85,14.83,14.85,300,0
2016-06-28,19:00:00,14.86,14.87,14.66,14.66,29406,0
2016-06-28,19:05:00,14.705,14.705,14.705,14.705,200,0
2016-06-28,19:10:00,14.71,14.71,14.68,14.69,1100,0
2016-06-28,19:25:00,14.71,14.71,14.7,14.7,300,0
2016-06-28,19:30:00,14.76,14.76,14.76,14.76,100,0
2016-06-28,19:50:00,14.82,14.82,14.76,14.76,376,0
2016-06-28,19:55:00,14.72,14.74,14.72,14.74,400,0
2016-06-28,20:00:00,14.73,14.7576,14.73,14.7576,600,0
2016-06-28,20:10:00,14.74,14.74,14.73,14.73,200,0
2016-06-28,20:25:00,14.72,14.72,14.72,14.72,200,0
2016-06-28,20:35:00,14.75,14.75,14.75,14.75,200,0
2016-06-28,20:40:00,14.77,14.78,14.76,14.77,600,0
2016-06-28,20:50:00,14.76,14.78,14.76,14.78,200,0
2016-06-28,20:55:00,14.81,14.83,14.79,14.79,2258,0
2016-06-28,21:00:00,14.8,14.825,14.8,14.825,400,0
2016-06-28,21:10:00,14.83,14.83,14.825,14.825,300,0
2016-06-28,21:20:00,14.84,14.84,14.8,14.8,400,0
2016-06-28,21:25:00,14.78,14.78,14.75,14.75,900,0
2016-06-28,21:30:00,14.73,14.73,14.72,14.72,300,0
2016-06-28,21:35:00,14.7,14.7,14.7,14.7,300,0
2016-06-28,21:40:00,14.72,14.73,14.705,14.73,600,0
2016-06-28,21:45:00,14.73,14.73,14.71,14.71,300,0
2016-06-28,21:50:00,14.69,14.72,14.69,14.72,300,0
2016-06-28,21:55:00,14.72,14.73,14.72,14.72,700,0
2016-06-28,22:00:00,14.71,14.7125,14.68,14.7,11999,0
2016-06-29,15:35:00,14.84,14.84,14.84,14.84,725,0
2016-06-29,15:40:00,14.95,14.95,14.95,14.95,100,0
2016-06-29,15:50:00,14.82,14.91,14.82,14.87,500,0
2016-06-29,15:55:00,14.88,14.91,14.87,14.91,400,0
2016-06-29,16:00:00,14.87,14.89,14.86,14.885,1467,0
2016-06-29,16:05:00,14.86,14.94,14.83,14.9,2200,0
2016-06-29,16:10:00,14.98,14.98,14.95,14.95,200,0
2016-06-29,16:15:00,14.95,14.955,14.93,14.93,1400,0
2016-06-29,16:20:00,14.945,14.97,14.945,14.97,500,0
2016-06-29,16:25:00,14.9724,14.99,14.9724,14.99,300,0
2016-06-29,16:30:00,15.05,15.05,15.05,15.05,100,0
2016-06-29,16:35:00,15.06,15.06,15.05,15.05,500,0
2016-06-29,16:40:00,15.05,15.05,15.01,15.015,1100,0
2016-06-29,16:50:00,15.04,15.08,15.04,15.08,900,0
2016-06-29,16:55:00,15.05,15.1,15.05,15.08,500,0
2016-06-29,17:00:00,15.085,15.09,15.085,15.09,200,0
2016-06-29,17:05:00,15.12,15.13,15.095,15.125,800,0
2016-06-29,17:10:00,15.125,15.15,15.1,15.1,1282,0
2016-06-29,17:15:00,15.1,15.1,15.1,15.1,100,0
2016-06-29,17:20:00,15.12,15.12,15.051,15.07,900,0
2016-06-29,17:25:00,15.075,15.075,15.045,15.045,500,0
2016-06-29,17:30:00,15.065,15.065,15.065,15.065,100,0
2016-06-29,17:35:00,15.075,15.1,15.06,15.09,500,0
2016-06-29,17:40:00,15.09,15.09,15.06,15.07,900,0
2016-06-29,17:45:00,15.07,15.07,15.05,15.065,600,0
2016-06-29,17:50:00,15.06,15.075,15.05,15.075,400,0
2016-06-29,17:55:00,15.06,15.0825,15.05,15.05,1300,0
2016-06-29,18:00:00,15.09,15.095,15.09,15.095,200,0
2016-06-29,18:05:00,15.09,15.09,15.08,15.08,200,0
2016-06-29,18:10:00,15.08,15.0999,15.08,15.0999,200,0
2016-06-29,18:15:00,15.1,15.11,15.1,15.11,300,0
2016-06-29,18:20:00,15.09,15.09,15.07,15.07,500,0
2016-06-29,18:25:00,15.07,15.07,15.06,15.06,300,0
2016-06-29,18:40:00,15.07,15.07,15.07,15.07,200,0
2016-06-29,18:45:00,15.08,15.08,15.08,15.08,100,0
2016-06-29,18:55:00,15.04,15.04,15.04,15.04,100,0
2016-06-29,19:00:00,15.04,15.07,15.04,15.07,300,0
2016-06-29,19:05:00,15.08,15.08,15.07,15.07,200,0
2016-06-29,19:15:00,15.07,15.0899,15.07,15.0899,200,0
2016-06-29,19:20:00,15.07,15.09,15.07,15.09,300,0
2016-06-29,19:35:00,15.09,15.1,15.08,15.08,900,0
2016-06-29,19:45:00,15.11,15.11,15.11,15.11,100,0
2016-06-29,19:50:00,15.11,15.12,15.11,15.1197,1000,0
2016-06-29,19:55:00,15.12,15.12,15.07,15.08,900,0
2016-06-29,20:00:00,15.07,15.07,15.07,15.07,100,0
2016-06-29,20:05:00,15.09,15.14,15.08,15.095,900,0
2016-06-29,20:10:00,15.105,15.14,15.105,15.105,500,0
2016-06-29,20:15:00,15.09,15.115,15.09,15.115,200,0
2016-06-29,20:20:00,15.09,15.095,15.06,15.0625,1100,0
2016-06-29,20:30:00,15.07,15.07,15.03,15.07,400,0
2016-06-29,20:35:00,15.1097,15.1097,15.1,15.1,200,0
2016-06-29,20:40:00,15.13,15.13,15.13,15.13,100,0
2016-06-29,20:45:00,15.14,15.14,15.14,15.14,100,0
2016-06-29,20:50:00,15.12,15.12,15.12,15.12,400,0
2016-06-29,20:55:00,15.05,15.08,15.05,15.08,300,0
2016-06-29,21:05:00,15.14,15.14,15.12,15.12,300,0
2016-06-29,21:10:00,15.14,15.14,15.09,15.09,1000,0
2016-06-29,21:20:00,15.09,15.1,15.08,15.08,600,0
2016-06-29,21:30:00,15.04,15.08,15.04,15.08,800,0
2016-06-29,21:35:00,15.075,15.075,15.075,15.075,100,0
2016-06-29,21:40:00,15.1,15.11,15.06,15.06,400,0
2016-06-29,21:45:00,15.08,15.08,15.05,15.07,900,0
2016-06-29,21:50:00,15.085,15.085,15.06,15.06,700,0
2016-06-29,21:55:00,15.07,15.07,15.06,15.06,1100,0
2016-06-29,22:00:00,15.06,15.09,15.05,15.07,11034,0
2016-06-30,15:35:00,15.17,15.17,15.17,15.17,705,0
2016-06-30,15:45:00,15.15,15.16,15.14,15.14,626,0
2016-06-30,15:50:00,15.22,15.22,15.22,15.22,100,0
2016-06-30,15:55:00,15.19,15.2249,15.1401,15.1401,1654,0
2016-06-30,16:05:00,15.18,15.22,15.18,15.22,500,0
2016-06-30,16:10:00,15.26,15.28,15.23,15.28,1500,0
2016-06-30,16:20:00,15.3,15.3,15.29,15.29,900,0
2016-06-30,16:25:00,15.25,15.28,15.25,15.265,1400,0
2016-06-30,16:30:00,15.26,15.26,15.25,15.25,1200,0
2016-06-30,16:35:00,15.25,15.28,15.25,15.28,800,0
2016-06-30,16:40:00,15.27,15.27,15.27,15.27,200,0
2016-06-30,16:45:00,15.27,15.27,15.21,15.24,2973,0
2016-06-30,16:50:00,15.238,15.24,15.238,15.24,202,0
2016-06-30,16:55:00,15.25,15.28,15.24,15.26,984,0
2016-06-30,17:00:00,15.28,15.28,15.28,15.28,100,0
2016-06-30,17:05:00,15.295,15.295,15.295,15.295,100,0
2016-06-30,17:15:00,15.33,15.34,15.325,15.325,900,0
2016-06-30,17:20:00,15.35,15.38,15.31,15.31,1000,0
2016-06-30,17:25:00,15.3,15.31,15.3,15.3,1000,0
2016-06-30,17:35:00,15.28,15.33,15.28,15.33,300,0
2016-06-30,17:45:00,15.29,15.29,15.29,15.29,100,0
2016-06-30,17:50:00,15.28,15.28,15.28,15.28,100,0
2016-06-30,18:05:00,15.3,15.31,15.28,15.295,1000,0
2016-06-30,18:10:00,15.31,15.31,15.31,15.31,200,0
2016-06-30,18:15:00,15.28,15.31,15.28,15.295,706,0
2016-06-30,18:20:00,15.3,15.33,15.295,15.33,1400,0
2016-06-30,18:25:00,15.33,15.33,15.31,15.31,600,0
2016-06-30,18:30:00,15.31,15.355,15.31,15.35,1200,0
2016-06-30,18:35:00,15.35,15.36,15.35,15.36,200,0
2016-06-30,18:40:00,15.33,15.33,15.33,15.33,400,0
2016-06-30,18:45:00,15.35,15.36,15.35,15.36,500,0
2016-06-30,18:50:00,15.37,15.4,15.355,15.385,1600,0
2016-06-30,18:55:00,15.39,15.4,15.3816,15.3816,440,0
2016-06-30,19:00:00,15.38,15.38,15.37,15.37,700,0
2016-06-30,19:05:00,15.38,15.38,15.38,15.38,100,0
2016-06-30,19:10:00,15.39,15.39,15.39,15.39,500,0
2016-06-30,19:25:00,15.42,15.42,15.42,15.42,100,0
2016-06-30,19:30:00,15.41,15.41,15.41,15.41,100,0
2016-06-30,19:35:00,15.39,15.39,15.39,15.39,100,0
2016-06-30,19:40:00,15.39,15.4,15.39,15.39,400,0
2016-06-30,19:50:00,15.4,15.41,15.4,15.41,700,0
2016-06-30,20:05:00,15.46,15.46,15.46,15.46,100,0
2016-06-30,20:10:00,15.51,15.51,15.485,15.485,200,0
2016-06-30,20:20:00,15.47,15.49,15.46,15.46,1400,0
2016-06-30,20:25:00,15.47,15.5,15.46,15.46,700,0
2016-06-30,20:30:00,15.46,15.46,15.45,15.46,1000,0
2016-06-30,20:35:00,15.46,15.46,15.46,15.46,100,0
2016-06-30,20:40:00,15.465,15.465,15.465,15.465,100,0
2016-06-30,20:50:00,15.465,15.465,15.45,15.45,700,0
2016-06-30,21:00:00,15.44,15.44,15.44,15.44,100,0
2016-06-30,21:05:00,15.4411,15.47,15.4411,15.465,941,0
2016-06-30,21:10:00,15.47,15.47,15.46,15.47,600,0
2016-06-30,21:15:00,15.47,15.47,15.4699,15.47,600,0
2016-06-30,21:20:00,15.47,15.47,15.46,15.47,700,0
2016-06-30,21:25:00,15.47,15.48,15.45,15.465,3200,0
2016-06-30,21:30:00,15.46,15.51,15.46,15.495,1200,0
2016-06-30,21:35:00,15.495,15.53,15.48,15.53,1230,0
2016-06-30,21:40:00,15.51,15.52,15.49,15.52,754,0
2016-06-30,21:45:00,15.52,15.57,15.51,15.54,2300,0
2016-06-30,21:50:00,15.53,15.55,15.52,15.55,2100,0
2016-06-30,21:55:00,15.56,15.6,15.56,15.58,1800,0
2016-06-30,22:00:00,15.6,15.69,15.59,15.665,20907,0
2016-07-01,15:35:00,15.57,15.57,15.29,15.29,851,0
2016-07-01,15:40:00,15.3,15.3,15.3,15.3,100,0
2016-07-01,15:50:00,15.42,15.475,15.42,15.475,300,0
2016-07-01,15:55:00,15.53,15.53,15.53,15.53,100,0
2016-07-01,16:05:00,15.53,15.53,15.53,15.53,200,0
2016-07-01,16:35:00,15.53,15.53,15.53,15.53,100,0
2016-07-01,16:40:00,15.57,15.57,15.57,15.57,300,0
2016-07-01,16:50:00,15.675,15.69,15.65,15.69,700,0
2016-07-01,16:55:00,15.67,15.695,15.61,15.61,1500,0
2016-07-01,17:05:00,15.64,15.64,15.64,15.64,200,0
2016-07-01,17:15:00,15.63,15.645,15.62,15.63,800,0
2016-07-01,17:20:00,15.6,15.61,15.6,15.61,200,0
2016-07-01,17:25:00,15.59,15.59,15.54,15.54,800,0
2016-07-01,17:30:00,15.54,15.54,15.54,15.54,200,0
2016-07-01,17:40:00,15.56,15.56,15.56,15.56,100,0
2016-07-01,17:50:00,15.53,15.53,15.53,15.53,100,0
2016-07-01,17:55:00,15.53,15.53,15.52,15.52,200,0
2016-07-01,18:00:00,15.53,15.53,15.53,15.53,200,0
2016-07-01,18:05:00,15.53,15.53,15.53,15.53,100,0
2016-07-01,18:10:00,15.51,15.525,15.49,15.49,700,0
2016-07-01,18:15:00,15.48,15.48,15.47,15.47,300,0
2016-07-01,18:20:00,15.48,15.48,15.48,15.48,100,0
2016-07-01,18:25:00,15.47,15.47,15.44,15.44,300,0
2016-07-01,18:30:00,15.44,15.44,15.44,15.44,100,0
2016-07-01,18:35:00,15.43,15.43,15.43,15.43,200,0
2016-07-01,18:40:00,15.43,15.43,15.39,15.39,500,0
2016-07-01,18:50:00,15.41,15.41,15.41,15.41,100,0
2016-07-01,18:55:00,15.4,15.41,15.4,15.41,300,0
2016-07-01,19:00:00,15.44,15.44,15.44,15.44,100,0
2016-07-01,19:05:00,15.44,15.44,15.42,15.42,400,0
2016-07-01,19:25:00,15.4,15.4,15.39,15.4,300,0
2016-07-01,19:30:00,15.4,15.4,15.39,15.39,200,0
2016-07-01,19:35:00,15.395,15.395,15.395,15.395,100,0
2016-07-01,19:40:00,15.41,15.41,15.4,15.4,400,0
2016-07-01,20:05:00,15.44,15.45,15.41,15.41,600,0
2016-07-01,20:40:00,15.42,15.42,15.4,15.41,623,0
2016-07-01,20:50:00,15.4,15.4,15.4,15.4,100,0
2016-07-01,20:55:00,15.3908,15.3908,15.3908,15.3908,110,0
2016-07-01,21:10:00,15.44,15.47,15.44,15.47,600,0
2016-07-01,21:25:00,15.43,15.43,15.4,15.4,579,0
2016-07-01,21:30:00,15.38,15.38,15.37,15.37,400,0
2016-07-01,21:35:00,15.4,15.4,15.4,15.4,100,0
2016-07-01,21:40:00,15.42,15.42,15.39,15.39,400,0
2016-07-01,21:45:00,15.41,15.42,15.41,15.42,500,0
2016-07-01,21:50:00,15.44,15.44,15.415,15.415,600,0
2016-07-01,21:55:00,15.43,15.45,15.42,15.45,300,0
2016-07-01,22:00:00,15.43,15.43,15.38,15.38,7340,0
2016-07-05,15:35:00,15.4,15.4,15.4,15.4,1480,0
2016-07-05,15:40:00,15.43,15.43,15.43,15.43,123,0
2016-07-05,15:45:00,15.386,15.41,15.27,15.27,1050,0
2016-07-05,15:55:00,15.33,15.33,15.32,15.32,200,0
2016-07-05,16:00:00,15.3799,15.3799,15.31,15.31,439,0
2016-07-05,16:05:00,15.33,15.33,15.33,15.33,200,0
2016-07-05,16:10:00,15.3,15.31,15.29,15.31,400,0
2016-07-05,16:15:00,15.32,15.32,15.32,15.32,100,0
2016-07-05,16:20:00,15.34,15.34,15.28,15.28,300,0
2016-07-05,16:25:00,15.3,15.3,15.3,15.3,100,0
2016-07-05,16:35:00,15.33,15.35,15.33,15.35,400,0
2016-07-05,16:40:00,15.34,15.379,15.34,15.379,330,0
2016-07-05,16:55:00,15.3,15.3,15.28,15.28,300,0
2016-07-05,17:00:00,15.32,15.34,15.31,15.34,600,0
2016-07-05,17:05:00,15.37,15.37,15.37,15.37,100,0
2016-07-05,17:15:00,15.323,15.34,15.27,15.34,2281,0
2016-07-05,17:20:00,15.28,15.28,15.28,15.28,100,0
2016-07-05,17:25:00,15.2746,15.33,15.07,15.11,19927,0
2016-07-05,17:30:00,15.1,15.1,15.1,15.1,100,0
2016-07-05,17:35:00,15.1425,15.1425,15.1,15.1,500,0
2016-07-05,17:40:00,15.1,15.1,15.1,15.1,100,0
2016-07-05,17:45:00,15.1,15.11,15.07,15.07,300,0
2016-07-05,17:55:00,15.1,15.1,15.1,15.1,200,0
2016-07-05,18:00:00,15.1,15.11,15.06,15.11,690,0
2016-07-05,18:05:00,15.06,15.065,15.02,15.0499,1105,0
2016-07-05,18:10:00,15.05,15.07,15.04,15.05,700,0
2016-07-05,18:35:00,15.16,15.16,15.16,15.16,300,0
2016-07-05,18:40:00,15.15,15.15,15.15,15.15,300,0
2016-07-05,18:45:00,15.15,15.15,15.11,15.11,400,0
2016-07-05,19:05:00,15.1133,15.1133,15.1133,15.1133,128,0
2016-07-05,19:15:00,15.09,15.09,15.09,15.09,300,0
2016-07-05,19:25:00,15.06,15.06,15.03,15.03,200,0
2016-07-05,19:35:00,15.02,15.05,15.02,15.05,365,0
2016-07-05,19:50:00,15.05,15.05,15.05,15.05,300,0
2016-07-05,20:20:00,15.1,15.1,15.1,15.1,500,0
2016-07-05,20:25:00,15.08,15.12,15.08,15.12,200,0
2016-07-05,20:30:00,15.09,15.09,15.06,15.06,200,0
2016-07-05,20:45:00,15.0731,15.0731,15.02,15.04,430,0
2016-07-05,20:50:00,15.04,15.05,15.04,15.05,300,0
2016-07-05,21:00:00,15.05,15.05,15.05,15.05,200,0
2016-07-05,21:10:00,15.09,15.09,15.09,15.09,100,0
2016-07-05,21:25:00,15.07,15.07,15.07,15.07,100,0
2016-07-05,21:35:00,15.11,15.11,15.09,15.09,400,0
2016-07-05,21:40:00,15.11,15.11,15.1,15.1,610,0
2016-07-05,21:45:00,15.11,15.11,15.1,15.1,600,0
2016-07-05,21:55:00,15.09,15.09,15.05,15.05,900,0
2016-07-05,22:00:00,15.05,15.06,15.01,15.02,9839,0
2016-07-06,15:35:00,14.98,14.98,14.98,14.98,609,0
2016-07-06,15:50:00,14.8,14.8,14.8,14.8,200,0
2016-07-06,15:55:00,14.88,14.89,14.88,14.89,200,0
2016-07-06,16:05:00,14.87,14.87,14.87,14.87,100,0
2016-07-06,16:10:00,14.87,14.91,14.87,14.91,500,0
2016-07-06,16:15:00,14.89,14.89,14.87,14.87,400,0
2016-07-06,16:20:00,14.92,14.93,14.91,14.91,400,0
2016-07-06,16:30:00,14.95,14.95,14.95,14.95,300,0
2016-07-06,16:35:00,14.94,14.96,14.94,14.96,300,0
2016-07-06,16:40:00,14.98,15.04,14.9,15.04,1000,0
2016-07-06,16:45:00,15.0499,15.0499,14.99,14.99,700,0
2016-07-06,16:55:00,15.05,15.05,15.05,15.05,500,0
2016-07-06,17:00:00,15.06,15.06,15.03,15.03,900,0
2016-07-06,17:05:00,15.04,15.09,15.04,15.09,400,0
2016-07-06,17:10:00,15.09,15.09,15.08,15.09,1500,0
2016-07-06,17:15:00,15.1,15.11,15.09,15.09,1300,0
2016-07-06,17:20:00,15.09,15.09,15.09,15.09,100,0
2016-07-06,17:25:00,15.07,15.07,15.05,15.05,500,0
2016-07-06,17:30:00,15.08,15.08,15.08,15.08,100,0
2016-07-06,17:45:00,15.07,15.07,15.07,15.07,600,0
2016-07-06,17:50:00,15.07,15.07,15.07,15.07,100,0
2016-07-06,17:55:00,15.07,15.09,15.07,15.09,400,0
2016-07-06,18:05:00,15.0999,15.1,15.0999,15.1,500,0
2016-07-06,18:15:00,15.09,15.09,15.09,15.09,200,0
2016-07-06,18:20:00,15.1,15.125,15.1,15.125,400,0
2016-07-06,18:25:00,15.1799,15.1799,15.1799,15.1799,100,0
2016-07-06,18:30:00,15.2,15.2,15.15,15.15,300,0
2016-07-06,18:35:00,15.1608,15.1608,15.1608,15.1608,200,0
2016-07-06,18:40:00,15.14,15.14,15.14,15.14,100,0
2016-07-06,18:45:00,15.13,15.13,15.13,15.13,100,0
2016-07-06,18:50:00,15.13,15.13,15.13,15.13,100,0
2016-07-06,19:05:00,15.15,15.17,15.15,15.17,200,0
2016-07-06,19:10:00,15.18,15.18,15.18,15.18,200,0
2016-07-06,19:20:00,15.17,15.17,15.17,15.17,100,0
2016-07-06,19:25:00,15.17,15.18,15.17,15.18,400,0
2016-07-06,19:40:00,15.15,15.15,15.15,15.15,100,0
2016-07-06,19:45:00,15.18,15.18,15.17,15.17,400,0
2016-07-06,20:00:00,15.18,15.18,15.18,15.18,100,0
2016-07-06,20:05:00,15.17,15.19,15.13,15.13,1000,0
2016-07-06,20:10:00,15.17,15.17,15.17,15.17,100,0
2016-07-06,20:15:00,15.14,15.14,15.14,15.14,100,0
2016-07-06,20:20:00,15.14,15.14,15.14,15.14,100,0
2016-07-06,20:25:00,15.17,15.17,15.13,15.13,300,0
2016-07-06,20:30:00,15.12,15.12,15.09,15.09,600,0
2016-07-06,20:35:00,15.13,15.13,15.09,15.09,400,0
2016-07-06,20:40:00,15.11,15.1299,15.11,15.1299,300,0
2016-07-06,20:45:00,15.09,15.09,15.09,15.09,100,0
2016-07-06,21:00:00,15.12,15.13,15.11,15.13,500,0
2016-07-06,21:10:00,15.15,15.17,15.14,15.14,700,0
2016-07-06,21:15:00,15.17,15.2,15.17,15.19,1700,0
2016-07-06,21:20:00,15.21,15.23,15.18,15.21,772,0
2016-07-06,21:25:00,15.22,15.24,15.19,15.24,831,0
2016-07-06,21:30:00,15.23,15.24,15.18,15.2,2500,0
2016-07-06,21:40:00,15.2,15.23,15.2,15.2,800,0
2016-07-06,21:45:00,15.23,15.24,15.185,15.2,2200,0
2016-07-06,21:50:00,15.2,15.2,15.185,15.19,600,0
2016-07-06,21:55:00,15.19,15.24,15.18,15.21,4200,0
2016-07-06,22:00:00,15.21,15.2699,15.21,15.25,10101,0
2016-07-07,15:35:00,15.31,15.31,15.31,15.31,300,0
2016-07-07,15:55:00,15.42,15.47,15.37,15.37,1100,0
2016-07-07,16:00:00,15.43,15.43,15.43,15.43,100,0
2016-07-07,16:05:00,15.47,15.47,15.47,15.47,100,0
2016-07-07,16:10:00,15.48,15.48,15.48,15.48,100,0
2016-07-07,16:20:00,15.45,15.45,15.37,15.39,532,0
2016-07-07,16:35:00,15.39,15.39,15.39,15.39,100,0
2016-07-07,16:40:00,15.39,15.39,15.36,15.36,300,0
2016-07-07,16:45:00,15.37,15.38,15.35,15.35,500,0
2016-07-07,16:50:00,15.35,15.35,15.35,15.35,600,0
2016-07-07,16:55:00,15.37,15.37,15.35,15.35,1900,0
2016-07-07,17:00:00,15.35,15.36,15.35,15.35,500,0
2016-07-07,17:05:00,15.34,15.35,15.34,15.34,1600,0
2016-07-07,17:10:00,15.34,15.37,15.34,15.37,960,0
2016-07-07,17:25:00,15.38,15.38,15.38,15.38,200,0
2016-07-07,17:30:00,15.35,15.35,15.35,15.35,200,0
2016-07-07,17:35:00,15.36,15.36,15.36,15.36,400,0
2016-07-07,17:40:00,15.41,15.41,15.41,15.41,200,0
2016-07-07,17:45:00,15.45,15.45,15.415,15.43,900,0
2016-07-07,17:50:00,15.43,15.43,15.35,15.35,500,0
2016-07-07,17:55:00,15.39,15.39,15.39,15.39,100,0
2016-07-07,18:00:00,15.39,15.42,15.37,15.42,900,0
2016-07-07,18:05:00,15.45,15.46,15.45,15.46,300,0
2016-07-07,18:10:00,15.41,15.44,15.41,15.44,400,0
2016-07-07,18:15:00,15.44,15.44,15.44,15.44,200,0
2016-07-07,18:20:00,15.49,15.5,15.49,15.5,300,0
2016-07-07,18:25:00,15.48,15.48,15.48,15.48,200,0
2016-07-07,18:30:00,15.44,15.47,15.41,15.41,2400,0
2016-07-07,18:35:00,15.43,15.43,15.43,15.43,200,0
2016-07-07,18:40:00,15.41,15.44,15.41,15.44,1856,0
2016-07-07,18:50:00,15.4,15.4,15.4,15.4,200,0
2016-07-07,18:55:00,15.38,15.38,15.35,15.36,2200,0
2016-07-07,19:00:00,15.36,15.36,15.35,15.35,1200,0
2016-07-07,19:05:00,15.35,15.35,15.35,15.35,1200,0
2016-07-07,19:10:00,15.35,15.39,15.35,15.39,900,0
2016-07-07,19:30:00,15.36,15.42,15.36,15.38,300,0
2016-07-07,19:40:00,15.37,15.37,15.37,15.37,100,0
2016-07-07,19:55:00,15.39,15.43,15.38,15.405,600,0
2016-07-07,20:00:00,15.44,15.44,15.44,15.44,100,0
2016-07-07,20:10:00,15.43,15.44,15.4299,15.44,700,0
2016-07-07,20:15:00,15.44,15.44,15.44,15.44,100,0
2016-07-07,20:20:00,15.42,15.48,15.42,15.48,900,0
2016-07-07,20:25:00,15.46,15.48,15.46,15.48,200,0
2016-07-07,20:35:00,15.48,15.5,15.48,15.5,700,0
2016-07-07,20:40:00,15.47,15.47,15.47,15.47,100,0
2016-07-07,20:45:00,15.47,15.47,15.47,15.47,200,0
2016-07-07,20:50:00,15.45,15.45,15.45,15.45,100,0
2016-07-07,21:00:00,15.45,15.45,15.45,15.45,100,0
2016-07-07,21:05:00,15.45,15.45,15.43,15.43,400,0
2016-07-07,21:10:00,15.48,15.48,15.48,15.48,200,0
2016-07-07,21:15:00,15.49,15.54,15.49,15.54,700,0
2016-07-07,21:20:00,15.58,15.58,15.58,15.58,200,0
2016-07-07,21:25:00,15.55,15.55,15.54,15.54,400,0
2016-07-07,21:30:00,15.53,15.55,15.53,15.54,700,0
2016-07-07,21:40:00,15.55,15.55,15.52,15.55,1000,0
2016-07-07,21:45:00,15.56,15.64,15.55,15.64,2991,0
2016-07-07,21:50:00,15.63,15.63,15.6,15.6,600,0
2016-07-07,21:55:00,15.52,15.53,15.52,15.52,400,0
2016-07-07,22:00:00,15.53,15.57,15.53,15.55,3359,0
2016-07-08,15:35:00,15.81,15.81,15.7119,15.7119,580,0
2016-07-08,15:50:00,15.84,15.84,15.84,15.84,100,0
2016-07-08,15:55:00,15.84,15.92,15.84,15.92,400,0
2016-07-08,16:00:00,15.93,15.99,15.92,15.99,700,0
2016-07-08,16:10:00,15.99,15.99,15.99,15.99,200,0
2016-07-08,16:15:00,15.97,15.97,15.97,15.97,100,0
2016-07-08,16:20:00,15.92,15.92,15.88,15.88,500,0
2016-07-08,16:25:00,15.86,15.88,15.86,15.87,600,0
2016-07-08,16:30:00,15.9,15.9,15.9,15.9,200,0
2016-07-08,16:35:00,15.91,15.95,15.89,15.9,800,0
2016-07-08,16:50:00,15.9,15.9,15.88,15.88,300,0
2016-07-08,16:55:00,15.91,15.92,15.91,15.92,400,0
2016-07-08,17:00:00,15.93,15.95,15.93,15.95,600,0
2016-07-08,17:10:00,15.95,15.95,15.94,15.94,700,0
2016-07-08,17:20:00,15.96,15.97,15.96,15.97,200,0
2016-07-08,17:25:00,15.92,15.92,15.92,15.92,318,0
2016-07-08,17:30:00,15.94,15.97,15.94,15.97,700,0
2016-07-08,17:35:00,15.94,15.94,15.94,15.94,400,0
2016-07-08,17:40:00,15.89,15.89,15.86,15.86,700,0
2016-07-08,17:45:00,15.89,15.89,15.81,15.82,700,0
2016-07-08,17:50:00,15.8,15.8,15.8,15.8,100,0
2016-07-08,18:00:00,15.86,15.86,15.86,15.86,200,0
2016-07-08,18:10:00,15.84,15.92,15.84,15.92,400,0
2016-07-08,18:20:00,15.92,15.9499,15.9,15.9499,500,0
2016-07-08,18:25:00,15.95,15.95,15.95,15.95,200,0
2016-07-08,18:30:00,15.9426,15.95,15.9,15.91,2668,0
2016-07-08,18:40:00,15.8301,15.84,15.8301,15.84,320,0
2016-07-08,18:45:00,15.87,15.88,15.86,15.86,569,0
2016-07-08,19:05:00,15.86,15.86,15.86,15.86,100,0
2016-07-08,19:10:00,15.88,15.89,15.88,15.89,200,0
2016-07-08,19:30:00,15.88,15.88,15.87,15.87,300,0
2016-07-08,19:40:00,15.89,15.89,15.89,15.89,100,0
2016-07-08,19:45:00,15.88,15.88,15.88,15.88,100,0
2016-07-08,19:55:00,15.89,15.89,15.87,15.87,400,0
2016-07-08,20:00:00,15.86,15.87,15.86,15.87,400,0
2016-07-08,20:10:00,15.86,15.86,15.84,15.84,300,0
2016-07-08,20:15:00,15.84,15.84,15.84,15.84,200,0
2016-07-08,20:20:00,15.85,15.85,15.8201,15.85,450,0
2016-07-08,20:25:00,15.84,15.84,15.8089,15.8089,508,0
2016-07-08,20:30:00,15.83,15.83,15.83,15.83,100,0
2016-07-08,20:35:00,15.825,15.83,15.825,15.825,500,0
2016-07-08,20:40:00,15.81,15.81,15.76,15.78,1200,0
2016-07-08,20:45:00,15.78,15.79,15.75,15.75,800,0
2016-07-08,20:50:00,15.75,15.78,15.75,15.78,512,0
2016-07-08,20:55:00,15.78,15.78,15.78,15.78,400,0
2016-07-08,21:00:00,15.75,15.75,15.75,15.75,100,0
2016-07-08,21:05:00,15.71,15.71,15.7,15.7,227,0
2016-07-08,21:15:00,15.76,15.76,15.76,15.76,500,0
2016-07-08,21:25:00,15.74,15.76,15.74,15.75,507,0
2016-07-08,21:30:00,15.74,15.74,15.74,15.74,100,0
2016-07-08,21:35:00,15.75,15.75,15.75,15.75,100,0
2016-07-08,21:45:00,15.72,15.75,15.72,15.75,300,0
2016-07-08,21:50:00,15.72,15.78,15.72,15.78,1400,0
2016-07-08,21:55:00,15.79,15.79,15.76,15.76,1800,0
2016-07-08,22:00:00,15.78,15.805,15.78,15.79,9478,0
