Date,Time,Open,High,Low,Close,Volume,OpenInt
2016-06-20,15:35:00,7.32,7.32,7.1,7.27,1080,0
2016-06-20,15:40:00,7.16,7.2312,7.16,7.2312,1000,0
2016-06-20,15:45:00,7.29,7.32,7.26,7.3,1300,0
2016-06-20,15:50:00,7.325,7.325,7.27,7.27,1500,0
2016-06-20,15:55:00,7.27,7.28,7.27,7.27,600,0
2016-06-20,16:05:00,7.28,7.3,7.27,7.29,7304,0
2016-06-20,16:10:00,7.31,7.325,7.26,7.26,5020,0
2016-06-20,16:15:00,7.26,7.26,7.22,7.22,822,0
2016-06-20,16:20:00,7.23,7.25,7.23,7.24,700,0
2016-06-20,16:25:00,7.28,7.3,7.2799,7.28,1200,0
2016-06-20,16:35:00,7.28,7.29,7.28,7.29,2100,0
2016-06-20,16:45:00,7.3,7.33,7.3,7.33,1400,0
2016-06-20,16:50:00,7.34,7.34,7.3,7.3,1000,0
2016-06-20,16:55:00,7.31,7.32,7.3,7.3,1900,0
2016-06-20,17:05:00,7.3,7.305,7.3,7.3,600,0
2016-06-20,17:10:00,7.3,7.32,7.3,7.3,1200,0
2016-06-20,17:15:00,7.3,7.3,7.29,7.29,200,0
2016-06-20,17:20:00,7.29,7.29,7.29,7.29,100,0
2016-06-20,17:25:00,7.28,7.28,7.28,7.28,100,0
2016-06-20,17:30:00,7.3,7.31,7.29,7.31,1300,0
2016-06-20,17:35:00,7.3,7.3,7.3,7.3,300,0
2016-06-20,17:40:00,7.31,7.31,7.3,7.3,800,0
2016-06-20,17:45:00,7.3,7.31,7.3,7.3,2200,0
2016-06-20,17:55:00,7.3,7.3,7.29,7.3,2123,0
2016-06-20,18:00:00,7.31,7.32,7.31,7.32,500,0
2016-06-20,18:05:00,7.34,7.35,7.34,7.35,2500,0
2016-06-20,18:10:00,7.35,7.35,7.35,7.35,1100,0
2016-06-20,18:15:00,7.36,7.38,7.36,7.38,400,0
2016-06-20,18:20:00,7.37,7.38,7.35,7.35,2800,0
2016-06-20,18:25:00,7.35,7.3525,7.33,7.35,1000,0
2016-06-20,18:35:00,7.35,7.38,7.35,7.36,1900,0
2016-06-20,18:40:00,7.35,7.35,7.35,7.35,300,0
2016-06-20,18:45:00,7.38,7.4,7.38,7.4,500,0
2016-06-20,18:50:00,7.41,7.41,7.41,7.41,100,0
2016-06-20,18:55:00,7.4,7.42,7.4,7.4,1200,0
2016-06-20,19:00:00,7.4,7.41,7.38,7.38,1300,0
2016-06-20,19:15:00,7.39,7.39,7.39,7.39,100,0
2016-06-20,19:20:00,7.38,7.38,7.37,7.37,1800,0
2016-06-20,19:25:00,7.38,7.4,7.37,7.39,1000,0
2016-06-20,19:30:00,7.383,7.39,7.375,7.38,1500,0
2016-06-20,19:35:00,7.38,7.38,7.375,7.375,500,0
2016-06-20,19:40:00,7.38,7.39,7.37,7.39,1100,0
2016-06-20,19:45:00,7.39,7.41,7.39,7.41,300,0
2016-06-20,19:50:00,7.4,7.42,7.4,7.42,500,0
2016-06-20,20:00:00,7.42,7.42,7.42,7.42,400,0
2016-06-20,20:05:00,7.44,7.44,7.4299,7.4299,898,0
2016-06-20,20:15:00,7.44,7.44,7.43,7.43,400,0
2016-06-20,20:20:00,7.425,7.425,7.425,7.425,100,0
2016-06-20,20:25:00,7.45,7.455,7.445,7.455,500,0
2016-06-20,20:30:00,7.45,7.46,7.45,7.45,2600,0
2016-06-20,20:35:00,7.435,7.435,7.435,7.435,100,0
2016-06-20,20:45:00,7.44,7.44,7.43,7.44,400,0
2016-06-20,20:55:00,7.44,7.44,7.43,7.43,1100,0
2016-06-20,21:00:00,7.44,7.46,7.435,7.44,1700,0
2016-06-20,21:10:00,7.43,7.435,7.43,7.43,1000,0
2016-06-20,21:15:00,7.41,7.41,7.41,7.41,100,0
2016-06-20,21:20:00,7.41,7.42,7.4,7.41,500,0
2016-06-20,21:25:00,7.42,7.44,7.4,7.42,4837,0
2016-06-20,21:30:00,7.4216,7.44,7.4216,7.43,2770,0
2016-06-20,21:35:00,7.43,7.43,7.43,7.43,400,0
2016-06-20,21:40:00,7.43,7.44,7.43,7.44,2849,0
2016-06-20,21:45:00,7.44,7.44,7.43,7.43,200,0
2016-06-20,21:50:00,7.42,7.43,7.42,7.425,1000,0
2016-06-20,21:55:00,7.43,7.44,7.43,7.44,2117,0
2016-06-20,22:00:00,7.435,7.44,7.42,7.44,18456,0
2016-06-21,15:35:00,7.46,7.46,7.45,7.45,691,0
2016-06-21,15:40:00,7.46,7.49,7.45,7.49,1300,0
2016-06-21,15:45:00,7.49,7.49,7.46,7.46,1900,0
2016-06-21,15:50:00,7.44,7.44,7.44,7.44,100,0
2016-06-21,15:55:00,7.46,7.46,7.45,7.46,2100,0
2016-06-21,16:00:00,7.45,7.45,7.45,7.45,300,0
2016-06-21,16:05:00,7.45,7.45,7.45,7.45,100,0
2016-06-21,16:10:00,7.45,7.45,7.42,7.43,3123,0
2016-06-21,16:15:00,7.42,7.42,7.42,7.42,200,0
2016-06-21,16:25:00,7.42,7.42,7.41,7.42,900,0
2016-06-21,16:30:00,7.43,7.44,7.41,7.44,2100,0
2016-06-21,16:35:00,7.44,7.44,7.41,7.41,700,0
2016-06-21,16:40:00,7.4,7.41,7.38,7.38,1800,0
2016-06-21,16:45:00,7.38,7.4,7.38,7.4,300,0
2016-06-21,16:50:00,7.4,7.4,7.39,7.39,300,0
2016-06-21,16:55:00,7.39,7.39,7.38,7.38,400,0
2016-06-21,17:05:00,7.38,7.39,7.38,7.39,200,0
2016-06-21,17:10:00,7.38,7.39,7.38,7.39,700,0
2016-06-21,17:15:00,7.39,7.39,7.39,7.39,100,0
2016-06-21,17:20:00,7.42,7.42,7.38,7.38,300,0
2016-06-21,17:25:00,7.38,7.38,7.38,7.38,100,0
2016-06-21,17:30:00,7.39,7.41,7.39,7.41,700,0
2016-06-21,17:35:00,7.4,7.4,7.4,7.4,900,0
2016-06-21,17:40:00,7.37,7.37,7.37,7.37,300,0
2016-06-21,17:55:00,7.37,7.37,7.37,7.37,200,0
2016-06-21,18:00:00,7.35,7.35,7.35,7.35,200,0
2016-06-21,18:05:00,7.36,7.36,7.36,7.36,100,0
2016-06-21,18:20:00,7.34,7.34,7.31,7.31,500,0
2016-06-21,18:25:00,7.325,7.34,7.313,7.34,315,0
2016-06-21,18:30:00,7.35,7.35,7.31,7.31,220,0
2016-06-21,18:40:00,7.31,7.31,7.31,7.31,100,0
2016-06-21,18:45:00,7.34,7.34,7.34,7.34,100,0
2016-06-21,19:05:00,7.31,7.31,7.31,7.31,300,0
2016-06-21,19:10:00,7.31,7.31,7.305,7.305,525,0
2016-06-21,19:15:00,7.31,7.31,7.29,7.29,1690,0
2016-06-21,19:20:00,7.28,7.3,7.28,7.3,500,0
2016-06-21,19:25:00,7.27,7.3,7.27,7.285,300,0
2016-06-21,19:30:00,7.3,7.3,7.3,7.3,100,0
2016-06-21,19:35:00,7.29,7.29,7.28,7.28,200,0
2016-06-21,19:40:00,7.28,7.28,7.28,7.28,400,0
2016-06-21,19:45:00,7.262,7.3,7.2601,7.3,2844,0
2016-06-21,19:50:00,7.28,7.3,7.28,7.3,400,0
2016-06-21,19:55:00,7.3,7.3,7.3,7.3,300,0
2016-06-21,20:00:00,7.3,7.3,7.27,7.28,2400,0
2016-06-21,20:05:00,7.29,7.29,7.29,7.29,100,0
2016-06-21,20:10:00,7.3,7.3,7.29,7.29,300,0
2016-06-21,20:15:00,7.3,7.3,7.3,7.3,100,0
2016-06-21,20:20:00,7.3,7.3,7.29,7.29,2111,0
2016-06-21,20:25:00,7.29,7.29,7.29,7.29,100,0
2016-06-21,20:30:00,7.29,7.3,7.29,7.3,1200,0
2016-06-21,20:35:00,7.28,7.3,7.28,7.3,1000,0
2016-06-21,20:40:00,7.33,7.36,7.33,7.35,303,0
2016-06-21,20:45:00,7.35,7.35,7.34,7.34,1200,0
2016-06-21,20:55:00,7.35,7.35,7.35,7.35,200,0
2016-06-21,21:00:00,7.32,7.35,7.32,7.35,200,0
2016-06-21,21:10:00,7.32,7.33,7.31,7.31,600,0
2016-06-21,21:15:00,7.321,7.321,7.3,7.3,1200,0
2016-06-21,21:20:00,7.31,7.32,7.31,7.32,1000,0
2016-06-21,21:25:00,7.31,7.31,7.31,7.31,100,0
2016-06-21,21:30:00,7.3116,7.3116,7.3116,7.3116,100,0
2016-06-21,21:35:00,7.3116,7.32,7.31,7.32,1800,0
2016-06-21,21:40:00,7.31,7.311,7.31,7.31,600,0
2016-06-21,21:45:00,7.29,7.29,7.29,7.29,300,0
2016-06-21,21:50:00,7.3,7.3,7.3,7.3,100,0
2016-06-21,21:55:00,7.29,7.3,7.29,7.29,500,0
2016-06-21,22:00:00,7.29,7.3,7.28,7.3,10550,0
2016-06-22,15:35:00,7.3,7.41,7.3,7.41,918,0
2016-06-22,15:50:00,7.33,7.33,7.33,7.33,100,0
2016-06-22,15:55:00,7.25,7.325,7.25,7.325,790,0
2016-06-22,16:00:00,7.33,7.33,7.27,7.27,400,0
2016-06-22,16:05:00,7.27,7.28,7.27,7.28,500,0
2016-06-22,16:20:00,7.3,7.3,7.3,7.3,1200,0
2016-06-22,16:25:00,7.3,7.3,7.25,7.25,700,0
2016-06-22,16:35:00,7.29,7.29,7.27,7.27,200,0
2016-06-22,16:40:00,7.3,7.3,7.3,7.3,100,0
2016-06-22,16:45:00,7.28,7.281,7.26,7.27,900,0
2016-06-22,16:50:00,7.28,7.28,7.28,7.28,245,0
2016-06-22,16:55:00,7.3,7.305,7.3,7.305,400,0
2016-06-22,17:00:00,7.34,7.34,7.31,7.31,500,0
2016-06-22,17:05:00,7.3,7.31,7.27,7.3,8872,0
2016-06-22,17:10:00,7.3,7.3,7.28,7.29,6000,0
2016-06-22,17:15:00,7.29,7.2999,7.27,7.27,3404,0
2016-06-22,17:20:00,7.27,7.3,7.27,7.3,2000,0
2016-06-22,17:25:00,7.29,7.29,7.27,7.27,1435,0
2016-06-22,17:30:00,7.28,7.29,7.28,7.29,800,0
2016-06-22,17:40:00,7.29,7.29,7.29,7.29,100,0
2016-06-22,17:45:00,7.27,7.29,7.27,7.29,200,0
2016-06-22,17:50:00,7.29,7.29,7.29,7.29,700,0
2016-06-22,17:55:00,7.29,7.29,7.29,7.29,200,0
2016-06-22,18:00:00,7.29,7.29,7.29,7.29,800,0
2016-06-22,18:05:00,7.289,7.31,7.285,7.31,1700,0
2016-06-22,18:10:00,7.32,7.32,7.32,7.32,200,0
2016-06-22,18:15:00,7.31,7.31,7.31,7.31,500,0
2016-06-22,18:20:00,7.31,7.31,7.3,7.3,700,0
2016-06-22,18:25:00,7.29,7.295,7.29,7.29,4269,0
2016-06-22,18:30:00,7.27,7.27,7.27,7.27,600,0
2016-06-22,18:35:00,7.2501,7.26,7.25,7.26,751,0
2016-06-22,18:40:00,7.25,7.26,7.25,7.26,300,0
2016-06-22,18:45:00,7.25,7.25,7.25,7.25,200,0
2016-06-22,18:50:00,7.24,7.24,7.24,7.24,100,0
2016-06-22,18:55:00,7.24,7.25,7.24,7.25,1000,0
2016-06-22,19:00:00,7.25,7.25,7.25,7.25,200,0
2016-06-22,19:10:00,7.24,7.2425,7.24,7.2425,800,0
2016-06-22,19:15:00,7.23,7.23,7.23,7.23,200,0
2016-06-22,19:20:00,7.23,7.24,7.225,7.24,500,0
2016-06-22,19:30:00,7.23,7.24,7.23,7.24,1224,0
2016-06-22,19:35:00,7.24,7.24,7.24,7.24,100,0
2016-06-22,19:40:00,7.24,7.24,7.24,7.24,600,0
2016-06-22,19:50:00,7.24,7.24,7.24,7.24,100,0
2016-06-22,19:55:00,7.23,7.23,7.22,7.22,700,0
2016-06-22,20:00:00,7.24,7.24,7.24,7.24,200,0
2016-06-22,20:05:00,7.24,7.24,7.24,7.24,200,0
2016-06-22,20:10:00,7.24,7.25,7.24,7.25,400,0
2016-06-22,20:15:00,7.24,7.25,7.24,7.25,900,0
2016-06-22,20:20:00,7.25,7.25,7.25,7.25,200,0
2016-06-22,20:25:00,7.24,7.25,7.24,7.25,1000,0
2016-06-22,20:30:00,7.25,7.25,7.24,7.24,403,0
2016-06-22,20:35:00,7.25,7.25,7.25,7.25,500,0
2016-06-22,20:40:00,7.25,7.25,7.25,7.25,300,0
2016-06-22,20:45:00,7.25,7.25,7.25,7.25,400,0
2016-06-22,20:50:00,7.25,7.25,7.25,7.25,200,0
2016-06-22,21:00:00,7.25,7.25,7.25,7.25,500,0
2016-06-22,21:05:00,7.28,7.28,7.27,7.27,400,0
2016-06-22,21:10:00,7.28,7.3,7.28,7.3,600,0
2016-06-22,21:15:00,7.3,7.3,7.29,7.3,1300,0
2016-06-22,21:20:00,7.3,7.3,7.3,7.3,1867,0
2016-06-22,21:25:00,7.3,7.3,7.29,7.29,1300,0
2016-06-22,21:30:00,7.3,7.3,7.3,7.3,300,0
2016-06-22,21:35:00,7.3,7.3,7.2916,7.2916,1000,0
2016-06-22,21:40:00,7.3,7.3,7.29,7.2916,800,0
2016-06-22,21:45:00,7.2916,7.3,7.29,7.3,900,0
2016-06-22,21:50:00,7.3,7.3,7.2916,7.2916,1100,0
2016-06-22,21:55:00,7.3,7.3,7.2835,7.3,4900,0
2016-06-22,22:00:00,7.3,7.32,7.28,7.31,15922,0
2016-06-23,15:35:00,7.38,7.47,7.22,7.47,2043,0
2016-06-23,15:45:00,7.4,7.4,7.4,7.4,100,0
2016-06-23,15:50:00,7.43,7.43,7.43,7.43,100,0
2016-06-23,15:55:00,7.41,7.43,7.4,7.4,500,0
2016-06-23,16:00:00,7.395,7.42,7.395,7.42,300,0
2016-06-23,16:05:00,7.43,7.43,7.41,7.425,900,0
2016-06-23,16:10:00,7.44,7.44,7.43,7.43,200,0
2016-06-23,16:15:00,7.46,7.46,7.46,7.46,200,0
2016-06-23,16:20:00,7.46,7.47,7.43,7.47,6500,0
2016-06-23,16:25:00,7.47,7.51,7.46,7.5,1100,0
2016-06-23,16:30:00,7.4975,7.51,7.48,7.5,700,0
2016-06-23,16:35:00,7.48,7.48,7.43,7.435,3800,0
2016-06-23,16:40:00,7.435,7.46,7.41,7.46,6100,0
2016-06-23,16:45:00,7.455,7.455,7.455,7.455,500,0
2016-06-23,16:50:00,7.45,7.45,7.44,7.445,4700,0
2016-06-23,16:55:00,7.45,7.465,7.45,7.45,1000,0
2016-06-23,17:00:00,7.44,7.47,7.43,7.43,900,0
2016-06-23,17:05:00,7.43,7.45,7.41,7.42,2600,0
2016-06-23,17:15:00,7.44,7.44,7.44,7.44,300,0
2016-06-23,17:20:00,7.45,7.46,7.45,7.46,1400,0
2016-06-23,17:25:00,7.48,7.49,7.47,7.47,800,0
2016-06-23,17:30:00,7.47,7.47,7.47,7.47,400,0
2016-06-23,17:35:00,7.5,7.5,7.47,7.47,800,0
2016-06-23,17:40:00,7.47,7.5,7.47,7.49,1400,0
2016-06-23,17:45:00,7.4801,7.4801,7.46,7.46,300,0
2016-06-23,17:50:00,7.475,7.51,7.46,7.48,16169,0
2016-06-23,17:55:00,7.5,7.5,7.47,7.49,1600,0
2016-06-23,18:00:00,7.46,7.47,7.46,7.47,700,0
2016-06-23,18:05:00,7.47,7.47,7.45,7.45,400,0
2016-06-23,18:10:00,7.45,7.51,7.45,7.48,1800,0
2016-06-23,18:30:00,7.51,7.51,7.49,7.49,300,0
2016-06-23,18:35:00,7.49,7.49,7.49,7.49,100,0
2016-06-23,18:40:00,7.48,7.51,7.48,7.49,400,0
2016-06-23,18:50:00,7.49,7.49,7.49,7.49,1000,0
2016-06-23,18:55:00,7.51,7.51,7.51,7.51,200,0
2016-06-23,19:00:00,7.502,7.502,7.502,7.502,200,0
2016-06-23,19:05:00,7.49,7.49,7.49,7.49,400,0
2016-06-23,19:10:00,7.5,7.51,7.5,7.5,1200,0
2016-06-23,19:20:00,7.51,7.51,7.51,7.51,100,0
2016-06-23,19:30:00,7.51,7.51,7.5,7.5,900,0
2016-06-23,19:35:00,7.49,7.4928,7.47,7.47,2100,0
2016-06-23,19:40:00,7.49,7.49,7.49,7.49,200,0
2016-06-23,19:45:00,7.47,7.49,7.45,7.48,400,0
2016-06-23,19:50:00,7.48,7.4999,7.48,7.4999,1600,0
2016-06-23,20:00:00,7.49,7.49,7.48,7.48,900,0
2016-06-23,20:05:00,7.46,7.5,7.46,7.5,1527,0
2016-06-23,20:10:00,7.5,7.5,7.49,7.49,400,0
2016-06-23,20:15:00,7.49,7.5,7.49,7.5,700,0
2016-06-23,20:20:00,7.51,7.51,7.5,7.5,2397,0
2016-06-23,20:25:00,7.5,7.51,7.5,7.5,1900,0
2016-06-23,20:30:00,7.5,7.51,7.5,7.5,2403,0
2016-06-23,20:35:00,7.49,7.51,7.49,7.505,1754,0
2016-06-23,20:40:00,7.51,7.51,7.51,7.51,800,0
2016-06-23,20:45:00,7.52,7.52,7.52,7.52,200,0
2016-06-23,20:50:00,7.52,7.52,7.515,7.52,700,0
2016-06-23,20:55:00,7.54,7.55,7.54,7.55,300,0
2016-06-23,21:00:00,7.55,7.57,7.51,7.51,900,0
2016-06-23,21:05:00,7.5,7.515,7.5,7.51,2200,0
2016-06-23,21:10:00,7.51,7.51,7.51,7.51,978,0
2016-06-23,21:15:00,7.53,7.55,7.53,7.55,300,0
2016-06-23,21:20:00,7.55,7.55,7.55,7.55,400,0
2016-06-23,21:25:00,7.545,7.55,7.545,7.55,600,0
2016-06-23,21:30:00,7.55,7.55,7.55,7.55,300,0
2016-06-23,21:35:00,7.55,7.55,7.53,7.55,2600,0
2016-06-23,21:40:00,7.55,7.55,7.54,7.54,600,0
2016-06-23,21:45:00,7.53,7.53,7.5,7.53,6300,0
2016-06-23,21:50:00,7.53,7.55,7.53,7.54,1400,0
2016-06-23,21:55:00,7.54,7.5475,7.52,7.52,5100,0
2016-06-23,22:00:00,7.53,7.53,7.49,7.53,10037,0
2016-06-24,15:35:00,7.06,7.13,7.06,7.13,2996,0
2016-06-24,15:40:00,7.12,7.14,7.06,7.09,2174,0
2016-06-24,15:50:00,7.18,7.18,7.1,7.1,200,0
2016-06-24,15:55:00,7.14,7.14,7.08,7.14,3011,0
2016-06-24,16:00:00,7.17,7.21,7.17,7.2,3595,0
2016-06-24,16:05:00,7.17,7.2,7.17,7.2,1100,0
2016-06-24,16:15:00,7.24,7.24,7.24,7.24,200,0
2016-06-24,16:20:00,7.24,7.27,7.215,7.25,1800,0
2016-06-24,16:25:00,7.22,7.22,7.22,7.22,300,0
2016-06-24,16:30:00,7.22,7.25,7.22,7.25,600,0
2016-06-24,16:35:00,7.22,7.23,7.22,7.23,1927,0
2016-06-24,16:40:00,7.25,7.2599,7.23,7.2599,1437,0
2016-06-24,16:50:00,7.27,7.27,7.23,7.23,200,0
2016-06-24,16:55:00,7.225,7.225,7.225,7.225,100,0
2016-06-24,17:00:00,7.24,7.26,7.24,7.26,590,0
2016-06-24,17:05:00,7.23,7.23,7.2,7.23,1160,0
2016-06-24,17:10:00,7.25,7.25,7.25,7.25,200,0
2016-06-24,17:15:00,7.26,7.26,7.225,7.26,600,0
2016-06-24,17:20:00,7.26,7.26,7.26,7.26,400,0
2016-06-24,17:35:00,7.23,7.26,7.22,7.25,1727,0
2016-06-24,17:40:00,7.27,7.27,7.27,7.27,200,0
2016-06-24,17:50:00,7.28,7.28,7.27,7.27,300,0
2016-06-24,17:55:00,7.25,7.27,7.25,7.27,400,0
2016-06-24,18:00:00,7.24,7.24,7.24,7.24,400,0
2016-06-24,18:05:00,7.23,7.25,7.22,7.22,1827,0
2016-06-24,18:10:00,7.23,7.241,7.22,7.23,2000,0
2016-06-24,18:15:00,7.24,7.24,7.22,7.24,300,0
2016-06-24,18:20:00,7.2176,7.2468,7.2176,7.2468,1100,0
2016-06-24,18:35:00,7.22,7.24,7.22,7.23,700,0
2016-06-24,18:40:00,7.24,7.24,7.24,7.24,200,0
2016-06-24,18:45:00,7.2201,7.24,7.21,7.21,2400,0
2016-06-24,18:50:00,7.18,7.21,7.18,7.21,200,0
2016-06-24,18:55:00,7.18,7.2,7.18,7.18,500,0
2016-06-24,19:00:00,7.17,7.2,7.17,7.2,1204,0
2016-06-24,19:05:00,7.17,7.22,7.17,7.22,770,0
2016-06-24,19:10:00,7.2,7.2,7.2,7.2,400,0
2016-06-24,19:15:00,7.2,7.21,7.2,7.21,300,0
2016-06-24,19:20:00,7.23,7.23,7.23,7.23,100,0
2016-06-24,19:25:00,7.22,7.22,7.22,7.22,200,0
2016-06-24,19:30:00,7.23,7.23,7.23,7.23,300,0
2016-06-24,19:35:00,7.21,7.21,7.2,7.2,1200,0
2016-06-24,19:45:00,7.18,7.18,7.18,7.18,100,0
2016-06-24,19:50:00,7.2,7.2,7.2,7.2,300,0
2016-06-24,19:55:00,7.2,7.2,7.2,7.2,300,0
2016-06-24,20:00:00,7.21,7.23,7.2,7.23,4800,0
2016-06-24,20:05:00,7.22,7.23,7.22,7.23,1200,0
2016-06-24,20:15:00,7.22,7.24,7.22,7.22,500,0
2016-06-24,20:20:00,7.23,7.23,7.21,7.23,400,0
2016-06-24,20:25:00,7.21,7.21,7.2,7.2,400,0
2016-06-24,20:30:00,7.2,7.2,7.19,7.2,800,0
2016-06-24,20:35:00,7.18,7.19,7.18,7.18,2400,0
2016-06-24,20:40:00,7.17,7.18,7.16,7.16,400,0
2016-06-24,20:45:00,7.15,7.1698,7.15,7.1698,450,0
2016-06-24,20:50:00,7.15,7.15,7.14,7.15,1300,0
2016-06-24,20:55:00,7.16,7.18,7.16,7.18,300,0
2016-06-24,21:00:00,7.23,7.23,7.21,7.22,1100,0
2016-06-24,21:05:00,7.19,7.19,7.18,7.18,600,0
2016-06-24,21:15:00,7.21,7.21,7.21,7.21,300,0
2016-06-24,21:20:00,7.21,7.21,7.19,7.205,800,0
2016-06-24,21:25:00,7.21,7.22,7.2,7.2,600,0
2016-06-24,21:30:00,7.22,7.27,7.21,7.26,8335,0
2016-06-24,21:35:00,7.23,7.23,7.225,7.23,1000,0
2016-06-24,21:40:00,7.225,7.24,7.22,7.24,1900,0
2016-06-24,21:45:00,7.21,7.22,7.205,7.22,1662,0
2016-06-24,21:50:00,7.21,7.25,7.21,7.23,1700,0
2016-06-24,21:55:00,7.22,7.31,7.22,7.28,19182,0
2016-06-24,22:00:00,7.27,7.35,7.27,7.35,42484,0
2016-06-27,15:35:00,7.21,7.21,7.11,7.21,1522,0
2016-06-27,15:40:00,7.18,7.18,7.1,7.12,3296,0
2016-06-27,15:45:00,7.0611,7.11,7.06,7.09,1000,0
2016-06-27,15:50:00,7.09,7.14,7.09,7.14,2300,0
2016-06-27,15:55:00,7.16,7.19,7.15,7.19,500,0
2016-06-27,16:00:00,7.16,7.16,7.13,7.13,1300,0
2016-06-27,16:05:00,7.14,7.14,7.097,7.11,1283,0
2016-06-27,16:10:00,7.12,7.12,7.12,7.12,300,0
2016-06-27,16:15:00,7.13,7.13,7.103,7.11,2000,0
2016-06-27,16:20:00,7.12,7.15,7.12,7.12,700,0
2016-06-27,16:25:00,7.13,7.13,7.095,7.1,2300,0
2016-06-27,16:30:00,7.08,7.08,7.04,7.06,13111,0
2016-06-27,16:35:00,7.045,7.075,7.04,7.04,3100,0
2016-06-27,16:40:00,7.05,7.1,7.05,7.1,2500,0
2016-06-27,16:45:00,7.095,7.1,7.0899,7.1,1300,0
2016-06-27,16:50:00,7.095,7.1,7.06,7.06,1300,0
2016-06-27,16:55:00,7.06,7.06,7.06,7.06,200,0
2016-06-27,17:00:00,7.05,7.06,7,7,4312,0
2016-06-27,17:05:00,7,7.02,6.98,7.02,1800,0
2016-06-27,17:10:00,7.01,7.05,7.01,7.04,3300,0
2016-06-27,17:15:00,7.04,7.05,7.03,7.03,2800,0
2016-06-27,17:20:00,7.02,7.05,7.02,7.05,1681,0
2016-06-27,17:25:00,7.03,7.03,7.01,7.015,1100,0
2016-06-27,17:30:00,7.02,7.06,7.02,7.06,600,0
2016-06-27,17:35:00,7.09,7.09,7.09,7.09,200,0
2016-06-27,17:40:00,7.1,7.12,7.1,7.11,1600,0
2016-06-27,17:45:00,7.13,7.13,7.13,7.13,200,0
2016-06-27,17:50:00,7.1299,7.13,7.125,7.13,700,0
2016-06-27,17:55:00,7.12,7.13,7.09,7.09,1100,0
2016-06-27,18:00:00,7.1,7.12,7.1,7.11,900,0
2016-06-27,18:05:00,7.11,7.11,7.11,7.11,400,0
2016-06-27,18:10:00,7.11,7.11,7.11,7.11,300,0
2016-06-27,18:15:00,7.11,7.11,7.11,7.11,600,0
2016-06-27,18:20:00,7.14,7.15,7.14,7.15,400,0
2016-06-27,18:25:00,7.12,7.12,7.11,7.11,700,0
2016-06-27,18:30:00,7.14,7.14,7.13,7.13,500,0
2016-06-27,18:35:00,7.14,7.14,7.14,7.14,300,0
2016-06-27,18:40:00,7.14,7.16,7.14,7.15,2600,0
2016-06-27,18:45:00,7.16,7.19,7.16,7.17,1065,0
2016-06-27,18:50:00,7.19,7.19,7.19,7.19,200,0
2016-06-27,18:55:00,7.19,7.205,7.19,7.2,700,0
2016-06-27,19:00:00,7.21,7.23,7.21,7.23,500,0
2016-06-27,19:05:00,7.23,7.25,7.23,7.25,1100,0
2016-06-27,19:10:00,7.24,7.24,7.24,7.24,600,0
2016-06-27,19:15:00,7.24,7.24,7.24,7.24,200,0
2016-06-27,19:20:00,7.22,7.24,7.2199,7.24,700,0
2016-06-27,19:25:00,7.24,7.24,7.22,7.22,1500,0
2016-06-27,19:30:00,7.24,7.25,7.24,7.25,1400,0
2016-06-27,19:35:00,7.245,7.245,7.205,7.22,700,0
2016-06-27,19:40:00,7.2,7.2,7.175,7.18,600,0
2016-06-27,19:45:00,7.17,7.18,7.16,7.18,1408,0
2016-06-27,19:50:00,7.18,7.18,7.16,7.17,400,0
2016-06-27,19:55:00,7.18,7.18,7.17,7.17,600,0
2016-06-27,20:00:00,7.18,7.18,7.16,7.165,1281,0
2016-06-27,20:05:00,7.18,7.2,7.17,7.2,900,0
2016-06-27,20:10:00,7.18,7.19,7.16,7.17,1200,0
2016-06-27,20:15:00,7.17,7.18,7.17,7.18,400,0
2016-06-27,20:20:00,7.17,7.18,7.165,7.165,981,0
2016-06-27,20:25:00,7.17,7.18,7.17,7.18,900,0
2016-06-27,20:30:00,7.19,7.22,7.19,7.22,900,0
2016-06-27,20:35:00,7.21,7.21,7.2,7.2,1100,0
2016-06-27,20:40:00,7.2,7.2,7.18,7.195,1600,0
2016-06-27,20:45:00,7.18,7.19,7.18,7.18,1100,0
2016-06-27,20:50:00,7.19,7.19,7.14,7.14,2200,0
2016-06-27,20:55:00,7.16,7.16,7.11,7.12,1300,0
2016-06-27,21:00:00,7.14,7.23,7.14,7.2,11800,0
2016-06-27,21:05:00,7.2,7.21,7.2,7.21,1100,0
2016-06-27,21:10:00,7.2,7.21,7.2,7.2,600,0
2016-06-27,21:15:00,7.21,7.23,7.21,7.23,1200,0
2016-06-27,21:20:00,7.23,7.24,7.23,7.23,1100,0
2016-06-27,21:25:00,7.23,7.24,7.23,7.23,2300,0
2016-06-27,21:30:00,7.23,7.26,7.23,7.26,4500,0
2016-06-27,21:35:00,7.25,7.26,7.23,7.25,3000,0
2016-06-27,21:40:00,7.24,7.28,7.24,7.2748,3760,0
2016-06-27,21:45:00,7.29,7.29,7.25,7.26,3075,0
2016-06-27,21:50:00,7.26,7.29,7.26,7.28,2100,0
2016-06-27,21:55:00,7.28,7.28,7.24,7.26,5980,0
2016-06-27,22:00:00,7.26,7.26,7.23,7.25,26483,0
2016-06-28,15:35:00,7.31,7.31,7.23,7.23,1026,0
2016-06-28,15:40:00,7.35,7.405,7.35,7.405,600,0
2016-06-28,15:45:00,7.44,7.45,7.39,7.39,700,0
2016-06-28,15:50:00,7.36,7.44,7.36,7.44,500,0
2016-06-28,15:55:00,7.45,7.46,7.43,7.46,1737,0
2016-06-28,16:00:00,7.47,7.5,7.46,7.46,500,0
2016-06-28,16:05:00,7.45,7.45,7.42,7.42,400,0
2016-06-28,16:10:00,7.45,7.45,7.37,7.39,400,0
2016-06-28,16:15:00,7.39,7.39,7.3,7.3,4600,0
2016-06-28,16:20:00,7.3,7.35,7.28,7.35,8927,0
2016-06-28,16:25:00,7.38,7.4,7.36,7.36,1000,0
2016-06-28,16:30:00,7.37,7.37,7.37,7.37,200,0
2016-06-28,16:35:00,7.38,7.38,7.38,7.38,400,0
2016-06-28,16:40:00,7.3714,7.3714,7.33,7.34,800,0
2016-06-28,16:45:00,7.33,7.34,7.33,7.34,600,0
2016-06-28,16:50:00,7.35,7.39,7.35,7.35,2402,0
2016-06-28,16:55:00,7.39,7.4,7.38,7.4,300,0
2016-06-28,17:00:00,7.4,7.4,7.35,7.35,800,0
2016-06-28,17:05:00,7.35,7.36,7.35,7.36,500,0
2016-06-28,17:10:00,7.36,7.36,7.35,7.35,300,0
2016-06-28,17:15:00,7.34,7.35,7.31,7.31,1374,0
2016-06-28,17:30:00,7.33,7.33,7.3,7.3,1400,0
2016-06-28,17:35:00,7.3,7.3,7.29,7.29,200,0
2016-06-28,17:45:00,7.28,7.3,7.28,7.2828,700,0
2016-06-28,17:50:00,7.31,7.33,7.31,7.33,300,0
2016-06-28,17:55:00,7.32,7.32,7.32,7.32,100,0
2016-06-28,18:00:00,7.34,7.34,7.33,7.33,300,0
2016-06-28,18:05:00,7.34,7.34,7.32,7.33,720,0
2016-06-28,18:10:00,7.32,7.32,7.31,7.31,400,0
2016-06-28,18:15:00,7.32,7.32,7.31,7.31,200,0
2016-06-28,18:20:00,7.32,7.32,7.32,7.32,100,0
2016-06-28,18:35:00,7.33,7.33,7.32,7.32,200,0
2016-06-28,18:40:00,7.32,7.32,7.32,7.32,300,0
2016-06-28,18:45:00,7.32,7.33,7.3,7.3,1100,0
2016-06-28,18:55:00,7.29,7.29,7.28,7.28,700,0
2016-06-28,19:00:00,7.29,7.29,7.28,7.29,400,0
2016-06-28,19:05:00,7.3,7.3,7.3,7.3,100,0
2016-06-28,19:10:00,7.29,7.29,7.25,7.25,2300,0
2016-06-28,19:20:00,7.25,7.25,7.25,7.25,200,0
2016-06-28,19:25:00,7.21,7.21,7.2,7.2,200,0
2016-06-28,19:35:00,7.23,7.24,7.22,7.22,400,0
2016-06-28,19:40:00,7.238,7.238,7.22,7.22,400,0
2016-06-28,19:45:00,7.24,7.24,7.24,7.24,100,0
2016-06-28,19:50:00,7.24,7.26,7.24,7.25,400,0
2016-06-28,19:55:00,7.27,7.28,7.27,7.28,300,0
2016-06-28,20:00:00,7.28,7.29,7.27,7.29,500,0
2016-06-28,20:05:00,7.28,7.28,7.26,7.27,700,0
2016-06-28,20:10:00,7.26,7.26,7.25,7.25,400,0
2016-06-28,20:15:00,7.23,7.23,7.19,7.21,600,0
2016-06-28,20:20:00,7.2,7.24,7.2,7.24,500,0
2016-06-28,20:25:00,7.24,7.24,7.24,7.24,100,0
2016-06-28,20:30:00,7.24,7.26,7.24,7.26,600,0
2016-06-28,20:35:00,7.28,7.28,7.28,7.28,100,0
2016-06-28,20:40:00,7.28,7.29,7.27,7.27,1300,0
2016-06-28,20:45:00,7.26,7.27,7.26,7.27,700,0
2016-06-28,20:50:00,7.28,7.28,7.28,7.28,100,0
2016-06-28,20:55:00,7.28,7.28,7.28,7.28,200,0
2016-06-28,21:05:00,7.29,7.29,7.25,7.26,2200,0
2016-06-28,21:10:00,7.25,7.26,7.22,7.22,1000,0
2016-06-28,21:15:00,7.25,7.25,7.25,7.25,1000,0
2016-06-28,21:20:00,7.25,7.25,7.25,7.25,300,0
2016-06-28,21:25:00,7.26,7.26,7.24,7.24,500,0
2016-06-28,21:30:00,7.24,7.24,7.2,7.2,1641,0
2016-06-28,21:35:00,7.23,7.23,7.23,7.23,200,0
2016-06-28,21:40:00,7.21,7.23,7.21,7.22,700,0
2016-06-28,21:45:00,7.22,7.23,7.21,7.21,700,0
2016-06-28,21:50:00,7.21,7.23,7.2,7.2,1600,0
2016-06-28,21:55:00,7.21,7.22,7.19,7.22,1500,0
2016-06-28,22:00:00,7.2,7.23,7.18,7.19,18904,0
2016-06-29,15:35:00,7.29,7.29,7.05,7.18,1137,0
2016-06-29,16:00:00,7.2336,7.26,7.2336,7.25,1900,0
2016-06-29,16:05:00,7.25,7.27,7.25,7.27,400,0
2016-06-29,16:10:00,7.25,7.32,7.25,7.3,300,0
2016-06-29,16:15:00,7.31,7.31,7.29,7.29,600,0
2016-06-29,16:20:00,7.26,7.26,7.26,7.26,100,0
2016-06-29,16:25:00,7.28,7.28,7.26,7.26,1800,0
2016-06-29,16:30:00,7.235,7.235,7.235,7.235,100,0
2016-06-29,16:35:00,7.25,7.25,7.25,7.25,586,0
2016-06-29,16:40:00,7.27,7.27,7.245,7.245,500,0
2016-06-29,16:45:00,7.25,7.25,7.23,7.23,2314,0
2016-06-29,16:50:00,7.22,7.25,7.22,7.25,1218,0
2016-06-29,16:55:00,7.27,7.27,7.27,7.27,300,0
2016-06-29,17:00:00,7.26,7.27,7.26,7.27,300,0
2016-06-29,17:05:00,7.27,7.28,7.27,7.28,1100,0
2016-06-29,17:10:00,7.29,7.3,7.2817,7.2817,520,0
2016-06-29,17:15:00,7.27,7.29,7.27,7.29,1000,0
2016-06-29,17:25:00,7.29,7.3,7.29,7.3,400,0
2016-06-29,17:30:00,7.3,7.3,7.3,7.3,900,0
2016-06-29,17:35:00,7.305,7.32,7.3,7.3,500,0
2016-06-29,17:40:00,7.31,7.33,7.31,7.33,6749,0
2016-06-29,17:45:00,7.32,7.33,7.31,7.33,400,0
2016-06-29,17:50:00,7.32,7.32,7.32,7.32,200,0
2016-06-29,17:55:00,7.325,7.33,7.32,7.33,300,0
2016-06-29,18:00:00,7.33,7.35,7.33,7.35,1345,0
2016-06-29,18:10:00,7.35,7.35,7.33,7.33,300,0
2016-06-29,18:15:00,7.34,7.35,7.34,7.34,400,0
2016-06-29,18:20:00,7.33,7.35,7.33,7.33,300,0
2016-06-29,18:25:00,7.34,7.34,7.335,7.34,800,0
2016-06-29,18:30:00,7.33,7.34,7.33,7.34,300,0
2016-06-29,18:40:00,7.34,7.34,7.335,7.335,500,0
2016-06-29,18:45:00,7.34,7.34,7.34,7.34,100,0
2016-06-29,18:50:00,7.33,7.33,7.29,7.29,800,0
2016-06-29,18:55:00,7.3,7.3,7.3,7.3,100,0
2016-06-29,19:00:00,7.3,7.3,7.29,7.3,410,0
2016-06-29,19:05:00,7.295,7.3,7.29,7.3,300,0
2016-06-29,19:10:00,7.3,7.3,7.27,7.27,900,0
2016-06-29,19:20:00,7.24,7.24,7.24,7.24,460,0
2016-06-29,19:25:00,7.25,7.26,7.24,7.26,800,0
2016-06-29,19:30:00,7.25,7.28,7.25,7.25,1520,0
2016-06-29,19:40:00,7.28,7.28,7.28,7.28,100,0
2016-06-29,19:45:00,7.29,7.29,7.28,7.285,895,0
2016-06-29,19:55:00,7.28,7.28,7.28,7.28,200,0
2016-06-29,20:00:00,7.29,7.29,7.28,7.28,700,0
2016-06-29,20:05:00,7.285,7.285,7.28,7.28,200,0
2016-06-29,20:10:00,7.285,7.29,7.285,7.29,709,0
2016-06-29,20:15:00,7.28,7.28,7.28,7.28,100,0
2016-06-29,20:20:00,7.29,7.29,7.29,7.29,100,0
2016-06-29,20:25:00,7.29,7.32,7.29,7.29,3332,0
2016-06-29,20:30:00,7.31,7.32,7.31,7.31,700,0
2016-06-29,20:35:00,7.34,7.35,7.3101,7.35,4721,0
2016-06-29,20:40:00,7.365,7.365,7.365,7.365,100,0
2016-06-29,20:45:00,7.38,7.4,7.38,7.3883,695,0
2016-06-29,20:50:00,7.4,7.4,7.37,7.37,1053,0
2016-06-29,20:55:00,7.35,7.36,7.35,7.36,500,0
2016-06-29,21:00:00,7.37,7.37,7.37,7.37,571,0
2016-06-29,21:05:00,7.37,7.37,7.35,7.35,500,0
2016-06-29,21:10:00,7.36,7.36,7.352,7.3532,1300,0
2016-06-29,21:15:00,7.35,7.35,7.35,7.35,200,0
2016-06-29,21:20:00,7.35,7.35,7.34,7.35,1545,0
2016-06-29,21:25:00,7.33,7.35,7.32,7.32,2800,0
2016-06-29,21:30:00,7.33,7.34,7.33,7.34,972,0
2016-06-29,21:35:00,7.365,7.365,7.35,7.35,1944,0
2016-06-29,21:40:00,7.36,7.36,7.35,7.35,695,0
2016-06-29,21:45:00,7.355,7.36,7.33,7.35,6587,0
2016-06-29,21:50:00,7.34,7.36,7.34,7.35,6180,0
2016-06-29,21:55:00,7.36,7.38,7.34,7.36,8426,0
2016-06-29,22:00:00,7.35,7.39,7.35,7.38,22868,0
2016-06-30,15:35:00,7.41,7.41,7.21,7.21,421,0
2016-06-30,15:45:00,7.4,7.4,7.4,7.4,100,0
2016-06-30,15:50:00,7.39,7.39,7.39,7.39,100,0
2016-06-30,15:55:00,7.4,7.4,7.39,7.39,200,0
2016-06-30,16:00:00,7.38,7.39,7.38,7.39,2050,0
2016-06-30,16:05:00,7.41,7.44,7.4,7.4,2100,0
2016-06-30,16:10:00,7.4,7.41,7.4,7.4,1000,0
2016-06-30,16:15:00,7.4,7.41,7.4,7.41,300,0
2016-06-30,16:20:00,7.41,7.43,7.4,7.4,300,0
2016-06-30,16:25:00,7.4,7.4,7.4,7.4,100,0
2016-06-30,16:30:00,7.4,7.4,7.3999,7.4,500,0
2016-06-30,16:35:00,7.39,7.39,7.39,7.39,100,0
2016-06-30,16:40:00,7.39,7.4,7.39,7.4,200,0
2016-06-30,16:45:00,7.39,7.4,7.39,7.4,2100,0
2016-06-30,16:50:00,7.4,7.4,7.4,7.4,200,0
2016-06-30,16:55:00,7.4,7.42,7.4,7.42,1100,0
2016-06-30,17:00:00,7.42,7.43,7.42,7.43,300,0
2016-06-30,17:05:00,7.435,7.44,7.42,7.42,3000,0
2016-06-30,17:10:00,7.42,7.42,7.42,7.42,300,0
2016-06-30,17:15:00,7.42,7.42,7.42,7.42,100,0
2016-06-30,17:20:00,7.4,7.42,7.4,7.4,300,0
2016-06-30,17:25:00,7.42,7.42,7.41,7.41,300,0
2016-06-30,17:30:00,7.42,7.42,7.4,7.41,2956,0
2016-06-30,17:35:00,7.42,7.44,7.42,7.42,1800,0
2016-06-30,17:40:00,7.43,7.43,7.43,7.43,400,0
2016-06-30,17:45:00,7.43,7.44,7.43,7.44,500,0
2016-06-30,17:50:00,7.44,7.45,7.44,7.45,200,0
2016-06-30,17:55:00,7.465,7.51,7.46,7.507,3100,0
2016-06-30,18:00:00,7.49,7.56,7.49,7.55,5900,0
2016-06-30,18:05:00,7.57,7.577,7.56,7.57,2300,0
2016-06-30,18:10:00,7.56,7.56,7.52,7.52,400,0
2016-06-30,18:15:00,7.51,7.5185,7.51,7.5185,300,0
2016-06-30,18:20:00,7.52,7.53,7.52,7.53,400,0
2016-06-30,18:30:00,7.54,7.54,7.54,7.54,100,0
2016-06-30,18:35:00,7.54,7.545,7.54,7.545,1400,0
2016-06-30,18:40:00,7.53,7.535,7.51,7.51,1200,0
2016-06-30,18:45:00,7.52,7.53,7.5,7.5255,1500,0
2016-06-30,18:50:00,7.54,7.54,7.54,7.54,400,0
2016-06-30,19:00:00,7.52,7.53,7.52,7.53,500,0
2016-06-30,19:05:00,7.54,7.54,7.54,7.54,100,0
2016-06-30,19:10:00,7.54,7.54,7.52,7.535,2100,0
2016-06-30,19:15:00,7.535,7.545,7.5,7.52,8136,0
2016-06-30,19:20:00,7.54,7.57,7.52,7.56,3401,0
2016-06-30,19:25:00,7.54,7.56,7.53,7.53,2400,0
2016-06-30,19:30:00,7.5499,7.59,7.54,7.565,6633,0
2016-06-30,19:35:00,7.55,7.63,7.55,7.6,9055,0
2016-06-30,19:40:00,7.59,7.61,7.585,7.585,1000,0
2016-06-30,19:45:00,7.57,7.62,7.55,7.59,9090,0
2016-06-30,19:50:00,7.57,7.61,7.53,7.565,10000,0
2016-06-30,19:55:00,7.56,7.57,7.54,7.555,1500,0
2016-06-30,20:00:00,7.57,7.57,7.57,7.57,500,0
2016-06-30,20:05:00,7.57,7.57,7.57,7.57,100,0
2016-06-30,20:10:00,7.5586,7.6,7.55,7.585,4200,0
2016-06-30,20:15:00,7.58,7.6,7.56,7.6,4998,0
2016-06-30,20:20:00,7.59,7.61,7.58,7.6,1900,0
2016-06-30,20:25:00,7.59,7.64,7.59,7.61,8850,0
2016-06-30,20:30:00,7.61,7.62,7.61,7.61,500,0
2016-06-30,20:35:00,7.62,7.62,7.61,7.62,1000,0
2016-06-30,20:40:00,7.62,7.66,7.62,7.64,2857,0
2016-06-30,20:45:00,7.64,7.69,7.64,7.69,3700,0
2016-06-30,20:50:00,7.67,7.67,7.67,7.67,700,0
2016-06-30,20:55:00,7.67,7.675,7.64,7.64,1300,0
2016-06-30,21:00:00,7.66,7.7,7.65,7.66,4800,0
2016-06-30,21:05:00,7.65,7.65,7.65,7.65,100,0
2016-06-30,21:10:00,7.67,7.68,7.67,7.675,2231,0
2016-06-30,21:15:00,7.67,7.7,7.67,7.695,2900,0
2016-06-30,21:20:00,7.7,7.72,7.69,7.7,5000,0
2016-06-30,21:25:00,7.7,7.72,7.68,7.71,1800,0
2016-06-30,21:30:00,7.7,7.74,7.7,7.73,3700,0
2016-06-30,21:35:00,7.7205,7.73,7.7,7.73,14300,0
2016-06-30,21:40:00,7.73,7.73,7.73,7.73,300,0
2016-06-30,21:45:00,7.73,7.75,7.73,7.74,1012,0
2016-06-30,21:50:00,7.73,7.77,7.73,7.75,11518,0
2016-06-30,21:55:00,7.75,7.82,7.75,7.815,13600,0
2016-06-30,22:00:00,7.81,7.84,7.8,7.84,42167,0
2016-07-01,15:35:00,7.87,7.87,7.85,7.85,821,0
2016-07-01,15:40:00,7.83,7.95,7.83,7.93,2900,0
2016-07-01,15:45:00,7.93,8,7.85,7.85,10195,0
2016-07-01,15:50:00,7.87,7.92,7.86,7.91,2762,0
2016-07-01,15:55:00,7.88,7.925,7.87,7.92,5130,0
2016-07-01,16:00:00,7.89,7.93,7.89,7.93,500,0
2016-07-01,16:05:00,7.91,7.98,7.91,7.92,3000,0
2016-07-01,16:10:00,7.92,8,7.91,7.97,22000,0
2016-07-01,16:15:00,8,8,8,8,530,0
2016-07-01,16:20:00,8,8.06,8,8.06,8500,0
2016-07-01,16:25:00,8.0341,8.09,8.03,8.07,20878,0
2016-07-01,16:30:00,8.04,8.09,8.04,8.08,2312,0
2016-07-01,16:35:00,8.09,8.09,8.065,8.08,4900,0
2016-07-01,16:40:00,8.08,8.09,8.04,8.09,2200,0
2016-07-01,16:45:00,8.09,8.09,8.09,8.09,1500,0
2016-07-01,16:50:00,8.1,8.11,8.065,8.065,3700,0
2016-07-01,16:55:00,8.0501,8.12,8.0501,8.085,6900,0
2016-07-01,17:00:00,8.08,8.14,8.0689,8.11,7200,0
2016-07-01,17:05:00,8.1011,8.12,8.1011,8.12,540,0
2016-07-01,17:10:00,8.12,8.12,8.08,8.1055,2400,0
2016-07-01,17:15:00,8.1,8.1,8.05,8.08,16400,0
2016-07-01,17:20:00,8.0601,8.0601,8.06,8.06,1123,0
2016-07-01,17:25:00,8.07,8.07,8.01,8.05,3500,0
2016-07-01,17:30:00,8.05,8.06,8.04,8.055,5830,0
2016-07-01,17:35:00,8.07,8.1,8.04,8.05,18124,0
2016-07-01,17:40:00,8.04,8.1,8.04,8.09,14778,0
2016-07-01,17:45:00,8.08,8.1,8.07,8.08,16700,0
2016-07-01,17:50:00,8.09,8.12,8.08,8.12,1800,0
2016-07-01,17:55:00,8.13,8.15,8.11,8.11,8318,0
2016-07-01,18:00:00,8.11,8.11,8.09,8.09,449,0
2016-07-01,18:05:00,8.07,8.13,8.07,8.11,5380,0
2016-07-01,18:10:00,8.11,8.11,7.98,8,6918,0
2016-07-01,18:15:00,8.01,8.05,8.0001,8.05,400,0
2016-07-01,18:20:00,8.08,8.08,8.05,8.05,1711,0
2016-07-01,18:25:00,7.99,7.99,7.97,7.97,400,0
2016-07-01,18:30:00,7.97,7.97,7.97,7.97,200,0
2016-07-01,18:35:00,7.96,7.975,7.96,7.975,600,0
2016-07-01,18:50:00,7.98,7.98,7.96,7.98,1300,0
2016-07-01,18:55:00,7.98,7.99,7.94,7.99,10496,0
2016-07-01,19:00:00,7.99,7.99,7.97,7.9899,5798,0
2016-07-01,19:05:00,7.98,8,7.98,8,5400,0
2016-07-01,19:10:00,7.985,7.99,7.97,7.98,5600,0
2016-07-01,19:15:00,7.98,7.98,7.98,7.98,100,0
2016-07-01,19:20:00,7.97,7.98,7.93,7.93,1400,0
2016-07-01,19:25:00,7.94,7.94,7.94,7.94,100,0
2016-07-01,19:30:00,7.94,7.94,7.94,7.94,300,0
2016-07-01,19:45:00,7.94,7.94,7.91,7.91,800,0
2016-07-01,19:50:00,7.92,7.92,7.91,7.91,200,0
2016-07-01,20:00:00,7.92,7.92,7.9,7.9003,3200,0
2016-07-01,20:05:00,7.88,7.88,7.84,7.85,10134,0
2016-07-01,20:10:00,7.84,7.85,7.83,7.85,2000,0
2016-07-01,20:15:00,7.85,7.87,7.85,7.87,300,0
2016-07-01,20:20:00,7.86,7.86,7.85,7.85,400,0
2016-07-01,20:25:00,7.85,7.85,7.84,7.84,200,0
2016-07-01,20:30:00,7.85,7.85,7.85,7.85,100,0
2016-07-01,20:35:00,7.8488,7.86,7.84,7.85,695,0
2016-07-01,20:45:00,7.84,7.85,7.84,7.85,200,0
2016-07-01,20:55:00,7.83,7.84,7.83,7.84,500,0
2016-07-01,21:00:00,7.83,7.83,7.83,7.83,100,0
2016-07-01,21:05:00,7.84,7.85,7.84,7.84,915,0
2016-07-01,21:10:00,7.85,7.85,7.85,7.85,900,0
2016-07-01,21:15:00,7.85,7.85,7.82,7.84,2147,0
2016-07-01,21:20:00,7.84,7.84,7.84,7.84,100,0
2016-07-01,21:25:00,7.83,7.84,7.79,7.8,8774,0
2016-07-01,21:30:00,7.8,7.81,7.79,7.81,2000,0
2016-07-01,21:35:00,7.81,7.8101,7.805,7.805,1252,0
2016-07-01,21:40:00,7.8,7.8001,7.77,7.78,7949,0
2016-07-01,21:45:00,7.77,7.79,7.77,7.78,4000,0
2016-07-01,21:50:00,7.7716,7.78,7.77,7.78,7448,0
2016-07-01,21:55:00,7.77,7.79,7.76,7.77,7936,0
2016-07-01,22:00:00,7.77,7.79,7.77,7.79,12173,0
2016-07-05,15:35:00,7.8,7.84,7.7,7.7,11368,0
2016-07-05,15:40:00,7.7,7.7,7.6,7.6195,4610,0
2016-07-05,15:45:00,7.6,7.64,7.6,7.61,2300,0
2016-07-05,15:50:00,7.64,7.7,7.61,7.66,2900,0
2016-07-05,15:55:00,7.7,7.71,7.67,7.67,700,0
2016-07-05,16:00:00,7.67,7.7,7.65,7.7,2865,0
2016-07-05,16:05:00,7.65,7.67,7.65,7.67,200,0
2016-07-05,16:10:00,7.6976,7.6976,7.66,7.68,2173,0
2016-07-05,16:15:00,7.68,7.68,7.68,7.68,400,0
2016-07-05,16:25:00,7.661,7.67,7.661,7.67,355,0
2016-07-05,16:40:00,7.7,7.71,7.68,7.71,400,0
2016-07-05,16:45:00,7.7,7.7,7.69,7.7,600,0
2016-07-05,16:50:00,7.7,7.76,7.69,7.74,8283,0
2016-07-05,16:55:00,7.75,7.75,7.73,7.75,3550,0
2016-07-05,17:00:00,7.75,7.75,7.75,7.75,100,0
2016-07-05,17:05:00,7.75,7.75,7.75,7.75,500,0
2016-07-05,17:10:00,7.75,7.75,7.75,7.75,100,0
2016-07-05,17:15:00,7.75,7.75,7.71,7.71,4337,0
2016-07-05,17:20:00,7.7,7.7,7.695,7.695,1100,0
2016-07-05,17:25:00,7.7,7.75,7.7,7.75,700,0
2016-07-05,17:30:00,7.75,7.75,7.75,7.75,319,0
2016-07-05,17:35:00,7.73,7.74,7.73,7.74,300,0
2016-07-05,17:40:00,7.72,7.72,7.71,7.71,1200,0
2016-07-05,17:45:00,7.7,7.7099,7.695,7.695,625,0
2016-07-05,17:50:00,7.71,7.71,7.71,7.71,100,0
2016-07-05,17:55:00,7.7,7.7,7.7,7.7,300,0
2016-07-05,18:00:00,7.7,7.7,7.7,7.7,200,0
2016-07-05,18:05:00,7.71,7.71,7.69,7.71,1000,0
2016-07-05,18:10:00,7.71,7.74,7.71,7.74,600,0
2016-07-05,18:15:00,7.74,7.74,7.74,7.74,100,0
2016-07-05,18:20:00,7.74,7.74,7.73,7.73,803,0
2016-07-05,18:25:00,7.72,7.73,7.72,7.73,200,0
2016-07-05,18:30:00,7.74,7.76,7.74,7.76,900,0
2016-07-05,18:35:00,7.77,7.77,7.76,7.77,700,0
2016-07-05,18:40:00,7.76,7.77,7.75,7.76,2200,0
2016-07-05,18:45:00,7.77,7.77,7.76,7.76,200,0
2016-07-05,18:55:00,7.75,7.76,7.75,7.75,400,0
2016-07-05,19:00:00,7.74,7.75,7.74,7.75,700,0
2016-07-05,19:05:00,7.75,7.75,7.74,7.74,400,0
2016-07-05,19:10:00,7.74,7.75,7.74,7.75,400,0
2016-07-05,19:15:00,7.75,7.75,7.74,7.74,1200,0
2016-07-05,19:20:00,7.74,7.74,7.74,7.74,200,0
2016-07-05,19:25:00,7.74,7.75,7.74,7.75,400,0
2016-07-05,19:30:00,7.75,7.75,7.75,7.75,1500,0
2016-07-05,19:35:00,7.75,7.75,7.75,7.75,100,0
2016-07-05,19:40:00,7.74,7.74,7.74,7.74,200,0
2016-07-05,19:45:00,7.74,7.74,7.74,7.74,1600,0
2016-07-05,19:50:00,7.74,7.74,7.74,7.74,200,0
2016-07-05,19:55:00,7.73,7.75,7.73,7.75,200,0
2016-07-05,20:00:00,7.73,7.73,7.73,7.73,100,0
2016-07-05,20:10:00,7.75,7.75,7.75,7.75,800,0
2016-07-05,20:15:00,7.74,7.75,7.74,7.75,1650,0
2016-07-05,20:20:00,7.74,7.8,7.74,7.8,1904,0
2016-07-05,20:25:00,7.81,7.81,7.79,7.79,1300,0
2016-07-05,20:30:00,7.79,7.8,7.79,7.8,700,0
2016-07-05,20:35:00,7.81,7.82,7.8,7.8,4500,0
2016-07-05,20:40:00,7.78,7.79,7.78,7.79,400,0
2016-07-05,20:45:00,7.79,7.79,7.76,7.76,500,0
2016-07-05,20:50:00,7.78,7.78,7.775,7.78,500,0
2016-07-05,20:55:00,7.78,7.78,7.77,7.78,400,0
2016-07-05,21:00:00,7.78,7.8,7.78,7.8,303,0
2016-07-05,21:05:00,7.79,7.8,7.78,7.8,400,0
2016-07-05,21:10:00,7.8,7.8,7.79,7.79,900,0
2016-07-05,21:15:00,7.8,7.8,7.8,7.8,200,0
2016-07-05,21:20:00,7.8,7.8,7.8,7.8,600,0
2016-07-05,21:25:00,7.81,7.84,7.8,7.84,2800,0
2016-07-05,21:30:00,7.85,7.85,7.8416,7.85,400,0
2016-07-05,21:35:00,7.85,7.8625,7.84,7.84,6029,0
2016-07-05,21:40:00,7.85,7.85,7.84,7.845,600,0
2016-07-05,21:45:00,7.8416,7.85,7.84,7.8462,2278,0
2016-07-05,21:50:00,7.85,7.85,7.83,7.8385,18130,0
2016-07-05,21:55:00,7.84,7.84,7.82,7.825,5658,0
2016-07-05,22:00:00,7.825,7.83,7.79,7.81,22361,0
2016-07-06,15:35:00,7.79,8,7.54,7.83,2737,0
2016-07-06,15:40:00,7.8,7.8,7.78,7.78,300,0
2016-07-06,15:45:00,7.79,7.805,7.79,7.805,406,0
2016-07-06,15:50:00,7.8,7.8,7.78,7.78,300,0
2016-07-06,15:55:00,7.79,7.79,7.79,7.79,200,0
2016-07-06,16:00:00,7.795,7.8,7.78,7.8,1606,0
2016-07-06,16:05:00,7.79,7.81,7.79,7.8,900,0
2016-07-06,16:10:00,7.81,7.81,7.81,7.81,100,0
2016-07-06,16:20:00,7.799,7.799,7.799,7.799,500,0
2016-07-06,16:25:00,7.79,7.795,7.78,7.79,3202,0
2016-07-06,16:30:00,7.79,7.79,7.79,7.79,100,0
2016-07-06,16:35:00,7.8,7.81,7.79,7.81,1200,0
2016-07-06,16:40:00,7.8,7.8,7.79,7.8,1000,0
2016-07-06,16:45:00,7.785,7.81,7.785,7.81,700,0
2016-07-06,16:50:00,7.7801,7.8,7.7801,7.8,1125,0
2016-07-06,16:55:00,7.8,7.84,7.8,7.84,600,0
2016-07-06,17:00:00,7.84,7.84,7.84,7.84,200,0
2016-07-06,17:05:00,7.8245,7.85,7.8245,7.85,515,0
2016-07-06,17:10:00,7.85,7.85,7.84,7.84,881,0
2016-07-06,17:15:00,7.85,7.85,7.85,7.85,1700,0
2016-07-06,17:20:00,7.85,7.86,7.85,7.855,2000,0
2016-07-06,17:25:00,7.855,7.855,7.83,7.84,1600,0
2016-07-06,17:30:00,7.835,7.835,7.82,7.82,1505,0
2016-07-06,17:35:00,7.81,7.82,7.8,7.82,2500,0
2016-07-06,17:40:00,7.82,7.82,7.82,7.82,1300,0
2016-07-06,17:45:00,7.825,7.825,7.825,7.825,100,0
2016-07-06,17:50:00,7.83,7.84,7.83,7.84,200,0
2016-07-06,17:55:00,7.83,7.83,7.83,7.83,200,0
2016-07-06,18:00:00,7.83,7.83,7.815,7.815,700,0
2016-07-06,18:05:00,7.81,7.81,7.78,7.81,2400,0
2016-07-06,18:10:00,7.8,7.83,7.8,7.82,3900,0
2016-07-06,18:15:00,7.81,7.82,7.81,7.81,600,0
2016-07-06,18:20:00,7.81,7.82,7.8,7.8,3300,0
2016-07-06,18:25:00,7.82,7.82,7.79,7.81,2600,0
2016-07-06,18:30:00,7.8,7.81,7.79,7.81,500,0
2016-07-06,18:35:00,7.79,7.79,7.79,7.79,100,0
2016-07-06,18:40:00,7.8,7.8,7.78,7.785,1700,0
2016-07-06,18:45:00,7.785,7.785,7.785,7.785,200,0
2016-07-06,18:50:00,7.78,7.78,7.78,7.78,200,0
2016-07-06,18:55:00,7.78,7.79,7.78,7.785,600,0
2016-07-06,19:00:00,7.79,7.79,7.79,7.79,100,0
2016-07-06,19:05:00,7.78,7.79,7.76,7.79,4205,0
2016-07-06,19:10:00,7.785,7.785,7.76,7.77,3778,0
2016-07-06,19:15:00,7.77,7.8,7.77,7.8,11000,0
2016-07-06,19:20:00,7.81,7.81,7.78,7.78,2657,0
2016-07-06,19:25:00,7.8,7.81,7.8,7.81,3775,0
2016-07-06,19:35:00,7.82,7.82,7.82,7.82,100,0
2016-07-06,19:40:00,7.82,7.82,7.81,7.82,1500,0
2016-07-06,19:45:00,7.81,7.81,7.81,7.81,100,0
2016-07-06,19:50:00,7.815,7.815,7.81,7.81,700,0
2016-07-06,19:55:00,7.8,7.81,7.8,7.81,1353,0
2016-07-06,20:00:00,7.81,7.81,7.81,7.81,300,0
2016-07-06,20:05:00,7.805,7.81,7.805,7.81,2000,0
2016-07-06,20:10:00,7.805,7.805,7.805,7.805,1200,0
2016-07-06,20:15:00,7.805,7.81,7.8,7.805,500,0
2016-07-06,20:20:00,7.8,7.8,7.79,7.8,6089,0
2016-07-06,20:25:00,7.8,7.8,7.795,7.8,1200,0
2016-07-06,20:30:00,7.8,7.8,7.8,7.8,400,0
2016-07-06,20:35:00,7.79,7.79,7.79,7.79,700,0
2016-07-06,20:40:00,7.79,7.79,7.79,7.79,700,0
2016-07-06,20:45:00,7.785,7.785,7.78,7.785,1000,0
2016-07-06,20:50:00,7.78,7.78,7.78,7.78,2400,0
2016-07-06,20:55:00,7.79,7.79,7.79,7.79,100,0
2016-07-06,21:00:00,7.79,7.79,7.78,7.78,894,0
2016-07-06,21:05:00,7.79,7.79,7.78,7.78,200,0
2016-07-06,21:10:00,7.79,7.79,7.78,7.78,200,0
2016-07-06,21:15:00,7.79,7.79,7.78,7.79,300,0
2016-07-06,21:20:00,7.79,7.79,7.78,7.785,3350,0
2016-07-06,21:25:00,7.79,7.79,7.78,7.7816,600,0
2016-07-06,21:30:00,7.78,7.79,7.78,7.79,2800,0
2016-07-06,21:35:00,7.79,7.79,7.78,7.7816,7229,0
2016-07-06,21:40:00,7.79,7.8,7.79,7.79,5700,0
2016-07-06,21:45:00,7.7916,7.8,7.7916,7.8,1300,0
2016-07-06,21:50:00,7.795,7.8,7.79,7.8,1800,0
2016-07-06,21:55:00,7.8,7.8,7.78,7.78,10962,0
2016-07-06,22:00:00,7.79,7.81,7.78,7.79,12761,0
2016-07-07,15:35:00,7.79,7.79,7.65,7.74,2295,0
2016-07-07,15:40:00,7.75,7.86,7.75,7.8,4296,0
2016-07-07,15:45:00,7.8,7.8404,7.8,7.8404,1300,0
2016-07-07,15:50:00,7.81,7.81,7.78,7.78,900,0
2016-07-07,15:55:00,7.8,7.81,7.8,7.81,2900,0
2016-07-07,16:00:00,7.84,7.84,7.84,7.84,300,0
2016-07-07,16:05:00,7.86,7.86,7.84,7.84,600,0
2016-07-07,16:10:00,7.86,7.86,7.84,7.84,1466,0
2016-07-07,16:15:00,7.88,7.88,7.85,7.85,300,0
2016-07-07,16:20:00,7.88,7.91,7.87,7.91,1000,0
2016-07-07,16:25:00,7.9,7.9,7.9,7.9,100,0
2016-07-07,16:30:00,7.92,7.92,7.92,7.92,100,0
2016-07-07,16:35:00,7.92,7.92,7.89,7.89,1400,0
2016-07-07,16:40:00,7.9,7.91,7.9,7.91,400,0
2016-07-07,16:45:00,7.9,7.9,7.9,7.9,300,0
2016-07-07,16:50:00,7.91,7.91,7.91,7.91,100,0
2016-07-07,17:00:00,7.9099,7.91,7.9099,7.91,200,0
2016-07-07,17:10:00,7.88,7.88,7.86,7.86,1641,0
2016-07-07,17:15:00,7.86,7.86,7.85,7.85,400,0
2016-07-07,17:20:00,7.83,7.83,7.81,7.81,344,0
2016-07-07,17:25:00,7.8,7.8,7.795,7.8,1900,0
2016-07-07,17:30:00,7.8,7.8099,7.79,7.8099,1400,0
2016-07-07,17:40:00,7.8,7.8,7.8,7.8,1324,0
2016-07-07,17:45:00,7.8,7.8,7.8,7.8,100,0
2016-07-07,17:50:00,7.8,7.805,7.79,7.8,5118,0
2016-07-07,17:55:00,7.8,7.8,7.8,7.8,100,0
2016-07-07,18:00:00,7.8,7.81,7.8,7.8,900,0
2016-07-07,18:05:00,7.8,7.8,7.8,7.8,1367,0
2016-07-07,18:10:00,7.8,7.8,7.8,7.8,300,0
2016-07-07,18:15:00,7.7999,7.8,7.7999,7.8,300,0
2016-07-07,18:25:00,7.78,7.78,7.78,7.78,711,0
2016-07-07,18:30:00,7.77,7.79,7.76,7.79,1300,0
2016-07-07,18:35:00,7.77,7.7999,7.77,7.7999,3400,0
2016-07-07,18:40:00,7.8,7.8,7.8,7.8,100,0
2016-07-07,18:45:00,7.79,7.79,7.79,7.79,100,0
2016-07-07,18:50:00,7.8,7.8,7.8,7.8,200,0
2016-07-07,18:55:00,7.78,7.78,7.77,7.77,300,0
2016-07-07,19:00:00,7.78,7.78,7.76,7.76,1500,0
2016-07-07,19:10:00,7.75,7.76,7.75,7.76,4900,0
2016-07-07,19:15:00,7.755,7.755,7.755,7.755,100,0
2016-07-07,19:20:00,7.75,7.75,7.75,7.75,100,0
2016-07-07,19:25:00,7.755,7.755,7.75,7.75,700,0
2016-07-07,19:30:00,7.755,7.77,7.755,7.77,1400,0
2016-07-07,19:35:00,7.78,7.79,7.78,7.79,200,0
2016-07-07,19:40:00,7.79,7.79,7.79,7.79,100,0
2016-07-07,19:50:00,7.7999,7.7999,7.78,7.78,1300,0
2016-07-07,20:00:00,7.8,7.8,7.78,7.78,1795,0
2016-07-07,20:10:00,7.79,7.8,7.77,7.77,900,0
2016-07-07,20:15:00,7.78,7.78,7.78,7.78,200,0
2016-07-07,20:20:00,7.77,7.78,7.76,7.78,1341,0
2016-07-07,20:30:00,7.79,7.79,7.77,7.77,1600,0
2016-07-07,20:40:00,7.78,7.78,7.78,7.78,200,0
2016-07-07,20:50:00,7.76,7.7699,7.75,7.7699,600,0
2016-07-07,20:55:00,7.76,7.76,7.75,7.75,900,0
2016-07-07,21:00:00,7.77,7.77,7.76,7.76,200,0
2016-07-07,21:05:00,7.76,7.77,7.75,7.77,1100,0
2016-07-07,21:10:00,7.75,7.77,7.75,7.77,600,0
2016-07-07,21:15:00,7.78,7.78,7.77,7.77,300,0
2016-07-07,21:20:00,7.77,7.77,7.77,7.77,210,0
2016-07-07,21:25:00,7.775,7.78,7.77,7.77,1200,0
2016-07-07,21:30:00,7.775,7.78,7.775,7.78,200,0
2016-07-07,21:35:00,7.775,7.79,7.77,7.77,3200,0
2016-07-07,21:40:00,7.775,7.775,7.77,7.77,1000,0
2016-07-07,21:45:00,7.775,7.7763,7.77,7.77,9737,0
2016-07-07,21:50:00,7.77,7.78,7.77,7.77,1332,0
2016-07-07,21:55:00,7.77,7.77,7.77,7.77,1842,0
2016-07-07,22:00:00,7.77,7.77,7.76,7.76,12368,0
2016-07-08,15:35:00,7.82,7.84,7.06,7.81,2379,0
2016-07-08,15:45:00,7.9199,7.9199,7.9199,7.9199,100,0
2016-07-08,15:50:00,7.91,7.94,7.88,7.89,6000,0
2016-07-08,15:55:00,7.89,7.9,7.89,7.8999,900,0
2016-07-08,16:00:00,7.9,7.98,7.89,7.96,5748,0
2016-07-08,16:05:00,7.9999,7.9999,7.9999,7.9999,100,0
2016-07-08,16:10:00,7.98,8,7.97,8,1500,0
2016-07-08,16:20:00,7.99,7.99,7.99,7.99,100,0
2016-07-08,16:25:00,7.99,7.99,7.96,7.98,2200,0
2016-07-08,16:30:00,7.985,8,7.985,8,2300,0
2016-07-08,16:35:00,8,8,8,8,1300,0
2016-07-08,16:40:00,8,8,8,8,1800,0
2016-07-08,16:45:00,8.02,8.03,7.99,8.02,7139,0
2016-07-08,16:55:00,8.04,8.05,8.04,8.05,1400,0
2016-07-08,17:00:00,8.06,8.06,8.02,8.02,3000,0
2016-07-08,17:05:00,8.025,8.025,8.01,8.01,1500,0
2016-07-08,17:10:00,8.02,8.02,7.9999,8,3883,0
2016-07-08,17:15:00,8,8,8,8,600,0
2016-07-08,17:20:00,8,8,8,8,800,0
2016-07-08,17:25:00,8,8,7.9901,8,800,0
2016-07-08,17:30:00,8,8,7.99,7.99,2316,0
2016-07-08,17:35:00,7.99,7.99,7.97,7.97,1410,0
2016-07-08,17:40:00,7.97,7.97,7.94,7.95,3000,0
2016-07-08,17:45:00,7.95,7.95,7.95,7.95,1400,0
2016-07-08,17:50:00,7.95,7.95,7.9401,7.95,1700,0
2016-07-08,17:55:00,7.95,7.95,7.95,7.95,800,0
2016-07-08,18:00:00,7.94,7.94,7.94,7.94,578,0
2016-07-08,18:05:00,7.95,7.95,7.95,7.95,100,0
2016-07-08,18:10:00,7.945,7.95,7.9401,7.945,1200,0
2016-07-08,18:15:00,7.95,7.95,7.9401,7.9401,1400,0
2016-07-08,18:20:00,7.945,7.95,7.945,7.945,1200,0
2016-07-08,18:25:00,7.95,7.95,7.93,7.9324,3800,0
2016-07-08,18:30:00,7.92,7.9399,7.9101,7.9399,715,0
2016-07-08,18:35:00,7.93,7.93,7.93,7.93,200,0
2016-07-08,18:40:00,7.92,7.92,7.92,7.92,100,0
2016-07-08,18:50:00,7.93,7.945,7.93,7.945,889,0
2016-07-08,18:55:00,7.94,7.95,7.94,7.945,1400,0
2016-07-08,19:00:00,7.945,7.945,7.945,7.945,100,0
2016-07-08,19:05:00,7.945,7.945,7.92,7.92,2100,0
2016-07-08,19:10:00,7.92,7.94,7.92,7.94,1350,0
2016-07-08,19:15:00,7.93,7.93,7.9,7.9,2600,0
2016-07-08,19:20:00,7.8999,7.8999,7.8999,7.8999,100,0
2016-07-08,19:25:00,7.9,7.9,7.9,7.9,1226,0
2016-07-08,19:30:00,7.9,7.9,7.8901,7.8901,300,0
2016-07-08,19:35:00,7.9,7.9,7.9,7.9,200,0
2016-07-08,19:40:00,7.9,7.9,7.9,7.9,100,0
2016-07-08,19:45:00,7.9,7.9,7.9,7.9,217,0
2016-07-08,19:50:00,7.9,7.9,7.8901,7.9,400,0
2016-07-08,19:55:00,7.9,7.9,7.9,7.9,200,0
2016-07-08,20:00:00,7.9,7.9,7.9,7.9,100,0
2016-07-08,20:05:00,7.9,7.9,7.8999,7.8999,200,0
2016-07-08,20:10:00,7.8901,7.895,7.88,7.89,5200,0
2016-07-08,20:15:00,7.89,7.89,7.88,7.88,1000,0
2016-07-08,20:20:00,7.88,7.88,7.85,7.85,2149,0
2016-07-08,20:25:00,7.85,7.865,7.85,7.865,1000,0
2016-07-08,20:30:00,7.86,7.865,7.86,7.865,300,0
2016-07-08,20:35:00,7.88,7.88,7.83,7.84,5241,0
2016-07-08,20:40:00,7.84,7.84,7.835,7.835,500,0
2016-07-08,20:45:00,7.835,7.84,7.83,7.83,700,0
2016-07-08,20:50:00,7.835,7.84,7.83,7.83,500,0
2016-07-08,20:55:00,7.83,7.8301,7.8,7.805,3300,0
2016-07-08,21:00:00,7.8025,7.805,7.8,7.8,300,0
2016-07-08,21:05:00,7.8001,7.805,7.75,7.78,6019,0
2016-07-08,21:10:00,7.79,7.8,7.79,7.8,700,0
2016-07-08,21:15:00,7.8,7.8,7.8,7.8,1690,0
2016-07-08,21:20:00,7.8,7.8,7.795,7.8,800,0
2016-07-08,21:25:00,7.7999,7.8,7.7999,7.8,1080,0
2016-07-08,21:30:00,7.8,7.82,7.8,7.815,2400,0
2016-07-08,21:35:00,7.815,7.815,7.8,7.8,1200,0
2016-07-08,21:40:00,7.81,7.8101,7.79,7.8,13670,0
2016-07-08,21:45:00,7.8,7.8,7.795,7.8,500,0
2016-07-08,21:50:00,7.8,7.81,7.795,7.8,3500,0
2016-07-08,21:55:00,7.81,7.81,7.79,7.8,9122,0
2016-07-08,22:00:00,7.8,7.8,7.77,7.78,23966,0
