Date,Time,Open,High,Low,Close,Volume,OpenInt
2016-06-20,15:35:00,14.79,14.86,14.79,14.85,14137,0
2016-06-20,15:40:00,14.83,14.83,14.78,14.8,1452,0
2016-06-20,15:45:00,14.83,14.86,14.82,14.85,2900,0
2016-06-20,15:50:00,14.84,14.86,14.84,14.85,1900,0
2016-06-20,15:55:00,14.85,14.86,14.85,14.85,2600,0
2016-06-20,16:00:00,14.85,14.85,14.84,14.84,700,0
2016-06-20,16:05:00,14.86,14.86,14.86,14.86,1900,0
2016-06-20,16:10:00,14.86,14.86,14.85,14.85,2700,0
2016-06-20,16:15:00,14.85,14.85,14.83,14.83,700,0
2016-06-20,16:20:00,14.82,14.82,14.82,14.82,100,0
2016-06-20,16:25:00,14.85,14.86,14.83,14.83,2218,0
2016-06-20,16:30:00,14.83,14.84,14.81,14.84,1100,0
2016-06-20,16:35:00,14.84,14.85,14.79,14.82,700,0
2016-06-20,16:45:00,14.81,14.81,14.81,14.81,200,0
2016-06-20,16:50:00,14.83,14.83,14.83,14.83,100,0
2016-06-20,16:55:00,14.83,14.83,14.82,14.82,700,0
2016-06-20,17:00:00,14.82,14.83,14.82,14.83,900,0
2016-06-20,17:10:00,14.85,14.88,14.85,14.88,2200,0
2016-06-20,17:15:00,14.86,14.86,14.85,14.85,300,0
2016-06-20,17:25:00,14.84,14.84,14.81,14.81,1400,0
2016-06-20,17:30:00,14.81,14.83,14.81,14.83,2000,0
2016-06-20,17:35:00,14.83,14.83,14.828,14.828,204,0
2016-06-20,17:40:00,14.82,14.82,14.79,14.79,900,0
2016-06-20,17:45:00,14.79,14.82,14.79,14.81,1200,0
2016-06-20,17:55:00,14.78,14.78,14.78,14.78,200,0
2016-06-20,18:00:00,14.785,14.82,14.77,14.82,2800,0
2016-06-20,18:05:00,14.82,14.83,14.82,14.83,200,0
2016-06-20,18:10:00,14.84,14.86,14.84,14.84,1124,0
2016-06-20,18:15:00,14.86,14.86,14.86,14.86,100,0
2016-06-20,18:20:00,14.85,14.85,14.83,14.83,1111,0
2016-06-20,18:30:00,14.83,14.83,14.8275,14.83,900,0
2016-06-20,18:35:00,14.84,14.84,14.84,14.84,400,0
2016-06-20,18:40:00,14.85,14.85,14.85,14.85,500,0
2016-06-20,18:50:00,14.84,14.85,14.81,14.82,5295,0
2016-06-20,18:55:00,14.81,14.82,14.81,14.81,400,0
2016-06-20,19:00:00,14.8,14.8,14.8,14.8,124,0
2016-06-20,19:05:00,14.79,14.81,14.79,14.805,400,0
2016-06-20,19:10:00,14.82,14.82,14.78,14.78,800,0
2016-06-20,19:15:00,14.78,14.78,14.78,14.78,400,0
2016-06-20,19:20:00,14.76,14.76,14.75,14.75,200,0
2016-06-20,19:25:00,14.78,14.82,14.78,14.82,1121,0
2016-06-20,19:30:00,14.82,14.82,14.77,14.77,2200,0
2016-06-20,19:35:00,14.77,14.82,14.77,14.79,300,0
2016-06-20,19:40:00,14.81,14.81,14.76,14.76,1404,0
2016-06-20,19:45:00,14.785,14.79,14.76,14.78,700,0
2016-06-20,19:50:00,14.775,14.78,14.76,14.78,500,0
2016-06-20,19:55:00,14.805,14.805,14.805,14.805,100,0
2016-06-20,20:00:00,14.79,14.795,14.785,14.785,700,0
2016-06-20,20:05:00,14.8,14.8,14.8,14.8,400,0
2016-06-20,20:10:00,14.8,14.8,14.78,14.79,912,0
2016-06-20,20:15:00,14.79,14.79,14.79,14.79,100,0
2016-06-20,20:20:00,14.78,14.78,14.75,14.77,700,0
2016-06-20,20:25:00,14.78,14.78,14.78,14.78,400,0
2016-06-20,20:30:00,14.79,14.79,14.79,14.79,100,0
2016-06-20,20:35:00,14.8,14.8,14.79,14.79,600,0
2016-06-20,20:40:00,14.78,14.78,14.78,14.78,100,0
2016-06-20,20:45:00,14.77,14.77,14.77,14.77,100,0
2016-06-20,20:50:00,14.78,14.8,14.78,14.8,700,0
2016-06-20,20:55:00,14.78,14.79,14.78,14.79,300,0
2016-06-20,21:00:00,14.8,14.8,14.8,14.8,100,0
2016-06-20,21:05:00,14.81,14.82,14.81,14.82,900,0
2016-06-20,21:10:00,14.8,14.8,14.8,14.8,100,0
2016-06-20,21:15:00,14.79,14.79,14.76,14.78,300,0
2016-06-20,21:20:00,14.77,14.77,14.75,14.75,700,0
2016-06-20,21:25:00,14.78,14.78,14.76,14.76,200,0
2016-06-20,21:30:00,14.76,14.77,14.76,14.76,600,0
2016-06-20,21:35:00,14.75,14.76,14.75,14.76,700,0
2016-06-20,21:40:00,14.77,14.77,14.76,14.76,300,0
2016-06-20,21:45:00,14.76,14.77,14.76,14.76,1735,0
2016-06-20,21:50:00,14.75,14.76,14.75,14.75,3560,0
2016-06-20,21:55:00,14.76,14.78,14.76,14.77,4301,0
2016-06-20,22:00:00,14.76,14.76,14.75,14.76,21830,0
2016-06-21,15:35:00,14.76,14.8,14.76,14.8,2036,0
2016-06-21,15:40:00,14.76,14.76,14.73,14.75,3600,0
2016-06-21,15:45:00,14.76,14.76,14.73,14.74,600,0
2016-06-21,15:55:00,14.75,14.76,14.73,14.73,700,0
2016-06-21,16:10:00,14.75,14.75,14.75,14.75,300,0
2016-06-21,16:15:00,14.78,14.8,14.78,14.8,300,0
2016-06-21,16:20:00,14.77,14.8,14.76,14.8,600,0
2016-06-21,16:30:00,14.75,14.8,14.74,14.77,1694,0
2016-06-21,16:35:00,14.76,14.76,14.75,14.75,400,0
2016-06-21,16:40:00,14.74,14.74,14.73,14.73,800,0
2016-06-21,16:45:00,14.73,14.75,14.73,14.73,6400,0
2016-06-21,16:50:00,14.73,14.75,14.73,14.75,2600,0
2016-06-21,16:55:00,14.76,14.76,14.76,14.76,100,0
2016-06-21,17:00:00,14.76,14.76,14.74,14.75,500,0
2016-06-21,17:05:00,14.74,14.78,14.74,14.78,200,0
2016-06-21,17:10:00,14.76,14.76,14.74,14.74,300,0
2016-06-21,17:15:00,14.73,14.75,14.72,14.75,5900,0
2016-06-21,17:20:00,14.76,14.76,14.76,14.76,100,0
2016-06-21,17:25:00,14.76,14.76,14.75,14.75,300,0
2016-06-21,17:30:00,14.75,14.75,14.75,14.75,125,0
2016-06-21,17:35:00,14.75,14.75,14.73,14.73,700,0
2016-06-21,17:40:00,14.72,14.72,14.72,14.72,700,0
2016-06-21,17:45:00,14.72,14.74,14.72,14.74,900,0
2016-06-21,17:50:00,14.73,14.73,14.72,14.72,1600,0
2016-06-21,17:55:00,14.72,14.72,14.72,14.72,200,0
2016-06-21,18:00:00,14.72,14.75,14.72,14.75,1800,0
2016-06-21,18:10:00,14.74,14.74,14.74,14.74,300,0
2016-06-21,18:20:00,14.74,14.76,14.74,14.76,1300,0
2016-06-21,18:25:00,14.77,14.77,14.77,14.77,400,0
2016-06-21,18:30:00,14.78,14.78,14.78,14.78,400,0
2016-06-21,18:35:00,14.78,14.78,14.77,14.77,500,0
2016-06-21,18:40:00,14.7699,14.77,14.765,14.77,500,0
2016-06-21,18:45:00,14.74,14.75,14.73,14.74,500,0
2016-06-21,18:50:00,14.73,14.73,14.73,14.73,900,0
2016-06-21,18:55:00,14.74,14.75,14.735,14.75,1200,0
2016-06-21,19:00:00,14.75,14.75,14.75,14.75,100,0
2016-06-21,19:10:00,14.75,14.765,14.75,14.765,200,0
2016-06-21,19:15:00,14.77,14.77,14.75,14.76,2620,0
2016-06-21,19:20:00,14.78,14.78,14.78,14.78,300,0
2016-06-21,19:25:00,14.76,14.76,14.76,14.76,500,0
2016-06-21,19:30:00,14.77,14.775,14.77,14.7701,700,0
2016-06-21,19:35:00,14.76,14.76,14.75,14.76,400,0
2016-06-21,19:40:00,14.75,14.75,14.75,14.75,1800,0
2016-06-21,19:45:00,14.75,14.76,14.75,14.76,1100,0
2016-06-21,19:50:00,14.75,14.75,14.75,14.75,500,0
2016-06-21,19:55:00,14.75,14.75,14.75,14.75,700,0
2016-06-21,20:00:00,14.75,14.76,14.75,14.76,1100,0
2016-06-21,20:05:00,14.76,14.76,14.76,14.76,479,0
2016-06-21,20:10:00,14.75,14.77,14.75,14.77,700,0
2016-06-21,20:15:00,14.76,14.76,14.75,14.76,400,0
2016-06-21,20:20:00,14.76,14.77,14.75,14.77,300,0
2016-06-21,20:25:00,14.76,14.77,14.76,14.77,1000,0
2016-06-21,20:30:00,14.78,14.79,14.78,14.79,600,0
2016-06-21,20:35:00,14.8,14.82,14.8,14.82,600,0
2016-06-21,20:40:00,14.84,14.85,14.84,14.85,1100,0
2016-06-21,20:45:00,14.84,14.84,14.81,14.81,700,0
2016-06-21,20:50:00,14.81,14.81,14.81,14.81,100,0
2016-06-21,20:55:00,14.81,14.8101,14.81,14.81,500,0
2016-06-21,21:00:00,14.8,14.8,14.78,14.78,800,0
2016-06-21,21:05:00,14.78,14.78,14.76,14.76,300,0
2016-06-21,21:10:00,14.75,14.75,14.75,14.75,700,0
2016-06-21,21:15:00,14.75,14.77,14.75,14.77,700,0
2016-06-21,21:20:00,14.77,14.81,14.77,14.81,1600,0
2016-06-21,21:25:00,14.79,14.79,14.78,14.78,703,0
2016-06-21,21:30:00,14.78,14.78,14.76,14.76,600,0
2016-06-21,21:35:00,14.78,14.79,14.76,14.76,900,0
2016-06-21,21:40:00,14.76,14.77,14.76,14.77,1600,0
2016-06-21,21:45:00,14.77,14.77,14.75,14.75,800,0
2016-06-21,21:50:00,14.76,14.77,14.75,14.77,1300,0
2016-06-21,21:55:00,14.77,14.77,14.76,14.76,3339,0
2016-06-21,22:00:00,14.76,14.76,14.75,14.75,30578,0
2016-06-22,15:35:00,14.75,14.75,14.75,14.75,103,0
2016-06-22,15:40:00,14.8,14.8,14.8,14.8,300,0
2016-06-22,15:45:00,14.79,14.79,14.79,14.79,300,0
2016-06-22,16:00:00,14.79,14.79,14.79,14.79,700,0
2016-06-22,16:05:00,14.77,14.77,14.77,14.77,300,0
2016-06-22,16:10:00,14.79,14.79,14.79,14.79,100,0
2016-06-22,16:15:00,14.78,14.78,14.78,14.78,100,0
2016-06-22,16:25:00,14.79,14.8125,14.79,14.79,1808,0
2016-06-22,16:30:00,14.79,14.8,14.79,14.8,300,0
2016-06-22,16:35:00,14.78,14.8,14.78,14.8,200,0
2016-06-22,16:40:00,14.81,14.82,14.81,14.82,1300,0
2016-06-22,16:45:00,14.81,14.81,14.81,14.81,200,0
2016-06-22,16:55:00,14.82,14.82,14.82,14.82,100,0
2016-06-22,17:00:00,14.81,14.85,14.81,14.85,900,0
2016-06-22,17:05:00,14.85,14.85,14.84,14.84,800,0
2016-06-22,17:15:00,14.84,14.84,14.84,14.84,200,0
2016-06-22,17:20:00,14.85,14.87,14.85,14.87,1731,0
2016-06-22,17:25:00,14.87,14.87,14.85,14.85,500,0
2016-06-22,17:35:00,14.85,14.85,14.85,14.85,200,0
2016-06-22,17:40:00,14.84,14.85,14.83,14.83,1149,0
2016-06-22,17:50:00,14.82,14.85,14.82,14.84,2579,0
2016-06-22,18:10:00,14.84,14.845,14.81,14.83,1128,0
2016-06-22,18:15:00,14.83,14.83,14.814,14.814,667,0
2016-06-22,18:20:00,14.8,14.8,14.8,14.8,100,0
2016-06-22,18:25:00,14.8299,14.8299,14.8,14.8,424,0
2016-06-22,18:30:00,14.8,14.805,14.79,14.79,600,0
2016-06-22,18:45:00,14.8,14.8,14.79,14.79,800,0
2016-06-22,18:50:00,14.8,14.8,14.8,14.8,200,0
2016-06-22,18:55:00,14.77,14.77,14.76,14.76,1300,0
2016-06-22,19:10:00,14.76,14.76,14.76,14.76,1190,0
2016-06-22,19:15:00,14.76,14.77,14.76,14.77,1700,0
2016-06-22,19:20:00,14.76,14.76,14.76,14.76,100,0
2016-06-22,19:25:00,14.77,14.77,14.76,14.76,3000,0
2016-06-22,19:30:00,14.75,14.77,14.75,14.75,7625,0
2016-06-22,19:35:00,14.77,14.77,14.77,14.77,600,0
2016-06-22,19:45:00,14.78,14.78,14.78,14.78,100,0
2016-06-22,19:50:00,14.79,14.79,14.79,14.79,600,0
2016-06-22,19:55:00,14.82,14.82,14.82,14.82,100,0
2016-06-22,20:05:00,14.79,14.79,14.77,14.78,900,0
2016-06-22,20:15:00,14.77,14.77,14.77,14.77,300,0
2016-06-22,20:20:00,14.77,14.77,14.77,14.77,400,0
2016-06-22,20:25:00,14.76,14.76,14.75,14.75,1900,0
2016-06-22,20:30:00,14.76,14.76,14.76,14.76,100,0
2016-06-22,20:40:00,14.75,14.7574,14.75,14.75,5898,0
2016-06-22,20:45:00,14.75,14.75,14.72,14.72,24131,0
2016-06-22,20:50:00,14.73,14.73,14.71,14.72,400,0
2016-06-22,20:55:00,14.74,14.74,14.74,14.74,500,0
2016-06-22,21:05:00,14.8,14.8,14.76,14.77,2000,0
2016-06-22,21:10:00,14.77,14.77,14.75,14.77,900,0
2016-06-22,21:15:00,14.77,14.77,14.77,14.77,100,0
2016-06-22,21:20:00,14.76,14.76,14.76,14.76,100,0
2016-06-22,21:25:00,14.75,14.767,14.72,14.76,1200,0
2016-06-22,21:30:00,14.76,14.78,14.76,14.78,700,0
2016-06-22,21:35:00,14.78,14.78,14.77,14.77,600,0
2016-06-22,21:40:00,14.77,14.78,14.76,14.78,600,0
2016-06-22,21:45:00,14.78,14.78,14.78,14.78,400,0
2016-06-22,21:50:00,14.79,14.79,14.75,14.75,600,0
2016-06-22,21:55:00,14.75,14.77,14.75,14.77,1479,0
2016-06-22,22:00:00,14.76,14.77,14.75,14.76,8545,0
2016-06-23,15:35:00,14.9,14.94,14.9,14.94,1231,0
2016-06-23,15:40:00,15,15,14.9,14.9,600,0
2016-06-23,15:45:00,14.94,14.94,14.94,14.94,400,0
2016-06-23,15:55:00,14.93,14.94,14.93,14.94,664,0
2016-06-23,16:00:00,14.93,14.93,14.93,14.93,200,0
2016-06-23,16:05:00,14.9,14.94,14.9,14.94,1810,0
2016-06-23,16:10:00,14.94,14.98,14.94,14.94,752,0
2016-06-23,16:15:00,14.97,14.97,14.96,14.96,200,0
2016-06-23,16:20:00,14.97,14.97,14.97,14.97,300,0
2016-06-23,16:25:00,14.95,15,14.95,14.96,2200,0
2016-06-23,16:30:00,14.98,14.98,14.91,14.91,978,0
2016-06-23,16:35:00,14.9001,14.92,14.9,14.9,300,0
2016-06-23,16:40:00,14.9,14.93,14.89,14.91,1200,0
2016-06-23,16:45:00,14.92,14.93,14.92,14.9201,400,0
2016-06-23,16:50:00,14.92,14.92,14.9,14.9,300,0
2016-06-23,16:55:00,14.91,14.91,14.91,14.91,100,0
2016-06-23,17:00:00,14.91,14.92,14.91,14.91,800,0
2016-06-23,17:05:00,14.91,14.91,14.9,14.9,300,0
2016-06-23,17:10:00,14.92,14.92,14.9,14.9,400,0
2016-06-23,17:15:00,14.91,14.94,14.9,14.94,2100,0
2016-06-23,17:20:00,14.96,14.97,14.96,14.97,300,0
2016-06-23,17:25:00,15,15,14.96,15,2100,0
2016-06-23,17:30:00,14.98,15.01,14.98,15.0099,1138,0
2016-06-23,17:35:00,15.01,15.01,15,15.01,5000,0
2016-06-23,17:40:00,15.01,15.01,14.98,14.99,800,0
2016-06-23,17:45:00,14.98,14.98,14.98,14.98,600,0
2016-06-23,17:50:00,14.98,14.98,14.98,14.98,100,0
2016-06-23,17:55:00,15,15.01,15,15,900,0
2016-06-23,18:00:00,15,15,14.99,14.99,600,0
2016-06-23,18:05:00,15,15,15,15,100,0
2016-06-23,18:10:00,15,15,15,15,100,0
2016-06-23,18:15:00,15,15.01,15,15.01,900,0
2016-06-23,18:20:00,15.01,15.01,14.99,15,5684,0
2016-06-23,18:25:00,15.01,15.01,15.01,15.01,300,0
2016-06-23,18:30:00,14.99,14.99,14.98,14.98,400,0
2016-06-23,18:35:00,14.97,14.98,14.97,14.98,800,0
2016-06-23,18:40:00,14.97,14.97,14.97,14.97,800,0
2016-06-23,18:50:00,14.96,14.96,14.96,14.96,200,0
2016-06-23,18:55:00,14.94,14.94,14.94,14.94,100,0
2016-06-23,19:05:00,14.93,14.93,14.93,14.93,300,0
2016-06-23,19:10:00,14.93,14.94,14.93,14.93,500,0
2016-06-23,19:15:00,14.94,14.98,14.94,14.96,1500,0
2016-06-23,19:20:00,14.94,14.94,14.94,14.94,300,0
2016-06-23,19:25:00,14.94,14.94,14.94,14.94,1200,0
2016-06-23,19:30:00,14.9,14.9,14.9,14.9,698,0
2016-06-23,19:40:00,14.9,14.915,14.9,14.915,500,0
2016-06-23,19:45:00,14.9,14.9,14.9,14.9,300,0
2016-06-23,19:50:00,14.9,14.91,14.89,14.91,1500,0
2016-06-23,20:00:00,14.9,14.9,14.9,14.9,100,0
2016-06-23,20:05:00,14.9,14.905,14.88,14.88,1300,0
2016-06-23,20:10:00,14.885,14.885,14.88,14.88,800,0
2016-06-23,20:15:00,14.89,14.89,14.89,14.89,800,0
2016-06-23,20:20:00,14.89,14.89,14.89,14.89,300,0
2016-06-23,20:25:00,14.89,14.9,14.88,14.89,1300,0
2016-06-23,20:30:00,14.89,14.91,14.89,14.91,600,0
2016-06-23,20:35:00,14.91,14.9101,14.9,14.9,752,0
2016-06-23,20:40:00,14.89,14.89,14.89,14.89,200,0
2016-06-23,20:50:00,14.9,14.94,14.9,14.94,1472,0
2016-06-23,20:55:00,14.93,14.93,14.93,14.93,600,0
2016-06-23,21:00:00,14.94,14.945,14.94,14.94,1300,0
2016-06-23,21:05:00,14.92,14.93,14.92,14.93,200,0
2016-06-23,21:10:00,14.92,14.92,14.91,14.92,723,0
2016-06-23,21:15:00,14.91,14.92,14.91,14.92,400,0
2016-06-23,21:20:00,14.92,14.92,14.92,14.92,200,0
2016-06-23,21:25:00,14.92,14.925,14.88,14.89,2246,0
2016-06-23,21:30:00,14.9,14.9,14.9,14.9,260,0
2016-06-23,21:35:00,14.89,14.91,14.89,14.91,700,0
2016-06-23,21:40:00,14.92,14.93,14.92,14.93,600,0
2016-06-23,21:45:00,14.93,14.95,14.93,14.945,1600,0
2016-06-23,21:50:00,14.96,14.96,14.94,14.94,1000,0
2016-06-23,21:55:00,14.96,14.96,14.93,14.94,1400,0
2016-06-23,22:00:00,14.95,14.96,14.92,14.96,16299,0
2016-06-24,15:35:00,14.6,14.625,14.6,14.6,4290,0
2016-06-24,15:40:00,14.5799,14.6699,14.57,14.6699,3334,0
2016-06-24,15:45:00,14.63,14.68,14.63,14.67,1700,0
2016-06-24,15:55:00,14.69,14.69,14.66,14.66,500,0
2016-06-24,16:00:00,14.67,14.67,14.67,14.67,300,0
2016-06-24,16:05:00,14.6999,14.7,14.6999,14.7,300,0
2016-06-24,16:10:00,14.72,14.74,14.69,14.725,3324,0
2016-06-24,16:15:00,14.72,14.72,14.71,14.71,400,0
2016-06-24,16:20:00,14.68,14.68,14.68,14.68,300,0
2016-06-24,16:25:00,14.63,14.63,14.59,14.63,2500,0
2016-06-24,16:30:00,14.63,14.63,14.6,14.63,400,0
2016-06-24,16:35:00,14.6,14.61,14.58,14.61,900,0
2016-06-24,16:40:00,14.63,14.645,14.62,14.63,800,0
2016-06-24,16:45:00,14.64,14.64,14.64,14.64,100,0
2016-06-24,16:50:00,14.64,14.66,14.64,14.65,600,0
2016-06-24,16:55:00,14.66,14.66,14.6,14.64,2500,0
2016-06-24,17:00:00,14.66,14.66,14.61,14.61,700,0
2016-06-24,17:05:00,14.63,14.64,14.62,14.62,700,0
2016-06-24,17:10:00,14.61,14.63,14.61,14.63,800,0
2016-06-24,17:15:00,14.64,14.64,14.64,14.64,400,0
2016-06-24,17:20:00,14.63,14.63,14.63,14.63,100,0
2016-06-24,17:25:00,14.61,14.61,14.56,14.6,700,0
2016-06-24,17:30:00,14.6,14.6,14.59,14.6,1000,0
2016-06-24,17:35:00,14.62,14.62,14.62,14.62,500,0
2016-06-24,17:40:00,14.6,14.64,14.6,14.64,1375,0
2016-06-24,17:50:00,14.68,14.7,14.68,14.7,400,0
2016-06-24,17:55:00,14.7,14.7,14.67,14.67,700,0
2016-06-24,18:00:00,14.65,14.65,14.62,14.64,1400,0
2016-06-24,18:05:00,14.6,14.6,14.6,14.6,100,0
2016-06-24,18:10:00,14.61,14.61,14.61,14.61,500,0
2016-06-24,18:15:00,14.59,14.6,14.59,14.6,1049,0
2016-06-24,18:20:00,14.62,14.62,14.61,14.61,300,0
2016-06-24,18:25:00,14.63,14.63,14.6,14.6,500,0
2016-06-24,18:30:00,14.61,14.64,14.61,14.64,200,0
2016-06-24,18:35:00,14.63,14.63,14.58,14.58,822,0
2016-06-24,18:40:00,14.6,14.6,14.59,14.6,500,0
2016-06-24,18:45:00,14.59,14.59,14.59,14.59,900,0
2016-06-24,18:50:00,14.58,14.61,14.57,14.6,3468,0
2016-06-24,18:55:00,14.6,14.6,14.59,14.59,200,0
2016-06-24,19:00:00,14.59,14.6,14.59,14.59,4056,0
2016-06-24,19:05:00,14.59,14.6,14.59,14.59,1464,0
2016-06-24,19:10:00,14.58,14.59,14.58,14.59,900,0
2016-06-24,19:15:00,14.6,14.6,14.59,14.59,419,0
2016-06-24,19:20:00,14.6,14.63,14.6,14.61,1119,0
2016-06-24,19:30:00,14.611,14.612,14.584,14.59,1750,0
2016-06-24,19:35:00,14.61,14.62,14.61,14.62,1150,0
2016-06-24,19:40:00,14.63,14.63,14.63,14.63,100,0
2016-06-24,19:45:00,14.61,14.61,14.59,14.6,1000,0
2016-06-24,19:50:00,14.59,14.59,14.57,14.58,2305,0
2016-06-24,19:55:00,14.58,14.59,14.57,14.59,1300,0
2016-06-24,20:00:00,14.61,14.62,14.57,14.58,800,0
2016-06-24,20:05:00,14.6012,14.61,14.59,14.61,900,0
2016-06-24,20:10:00,14.61,14.62,14.61,14.61,500,0
2016-06-24,20:15:00,14.6,14.6,14.59,14.59,200,0
2016-06-24,20:20:00,14.61,14.61,14.57,14.59,800,0
2016-06-24,20:25:00,14.58,14.58,14.57,14.57,1900,0
2016-06-24,20:30:00,14.58,14.58,14.58,14.58,300,0
2016-06-24,20:35:00,14.56,14.56,14.52,14.52,700,0
2016-06-24,20:40:00,14.53,14.53,14.51,14.51,900,0
2016-06-24,20:45:00,14.52,14.52,14.51,14.52,2200,0
2016-06-24,20:50:00,14.51,14.54,14.48,14.54,2185,0
2016-06-24,20:55:00,14.53,14.53,14.53,14.53,200,0
2016-06-24,21:00:00,14.56,14.58,14.54,14.54,900,0
2016-06-24,21:10:00,14.56,14.56,14.52,14.52,2237,0
2016-06-24,21:15:00,14.52,14.52,14.52,14.52,400,0
2016-06-24,21:20:00,14.52,14.52,14.46,14.46,700,0
2016-06-24,21:25:00,14.48,14.51,14.48,14.48,1200,0
2016-06-24,21:30:00,14.51,14.54,14.5,14.53,2000,0
2016-06-24,21:35:00,14.53,14.55,14.53,14.53,796,0
2016-06-24,21:40:00,14.55,14.58,14.53,14.53,2577,0
2016-06-24,21:45:00,14.52,14.56,14.51,14.56,2689,0
2016-06-24,21:50:00,14.57,14.6,14.56,14.56,2136,0
2016-06-24,21:55:00,14.56,14.62,14.56,14.58,10221,0
2016-06-24,22:00:00,14.58,14.65,14.56,14.61,286394,0
2016-06-27,15:35:00,14.48,14.58,14.44,14.44,1403,0
2016-06-27,15:40:00,14.44,14.44,14.38,14.3959,2000,0
2016-06-27,15:45:00,14.4,14.4,14.38,14.38,300,0
2016-06-27,15:50:00,14.415,14.45,14.41,14.44,400,0
2016-06-27,15:55:00,14.41,14.42,14.41,14.42,600,0
2016-06-27,16:00:00,14.44,14.44,14.43,14.43,2100,0
2016-06-27,16:05:00,14.4,14.41,14.4,14.41,300,0
2016-06-27,16:15:00,14.42,14.42,14.42,14.42,100,0
2016-06-27,16:20:00,14.43,14.43,14.4,14.4,400,0
2016-06-27,16:25:00,14.41,14.41,14.38,14.41,2400,0
2016-06-27,16:30:00,14.39,14.39,14.39,14.39,200,0
2016-06-27,16:40:00,14.41,14.41,14.38,14.38,1881,0
2016-06-27,16:45:00,14.41,14.41,14.39,14.4,700,0
2016-06-27,16:50:00,14.37,14.37,14.35,14.36,1900,0
2016-06-27,16:55:00,14.36,14.36,14.33,14.33,1500,0
2016-06-27,17:00:00,14.32,14.36,14.32,14.34,3300,0
2016-06-27,17:05:00,14.35,14.36,14.35,14.36,1000,0
2016-06-27,17:10:00,14.36,14.36,14.33,14.33,500,0
2016-06-27,17:15:00,14.34,14.34,14.34,14.34,100,0
2016-06-27,17:20:00,14.32,14.36,14.31,14.34,2300,0
2016-06-27,17:25:00,14.34,14.34,14.32,14.33,1700,0
2016-06-27,17:30:00,14.33,14.37,14.33,14.36,4540,0
2016-06-27,17:40:00,14.37,14.38,14.37,14.38,1600,0
2016-06-27,17:45:00,14.375,14.375,14.375,14.375,100,0
2016-06-27,17:50:00,14.39,14.39,14.37,14.37,1084,0
2016-06-27,17:55:00,14.36,14.36,14.35,14.35,800,0
2016-06-27,18:00:00,14.37,14.38,14.35,14.38,1004,0
2016-06-27,18:05:00,14.38,14.38,14.38,14.38,600,0
2016-06-27,18:10:00,14.38,14.38,14.36,14.36,900,0
2016-06-27,18:15:00,14.37,14.37,14.36,14.36,600,0
2016-06-27,18:20:00,14.38,14.385,14.38,14.38,700,0
2016-06-27,18:25:00,14.38,14.38,14.38,14.38,200,0
2016-06-27,18:30:00,14.38,14.38,14.38,14.38,1000,0
2016-06-27,18:35:00,14.39,14.39,14.38,14.38,200,0
2016-06-27,18:45:00,14.37,14.37,14.35,14.35,805,0
2016-06-27,18:50:00,14.35,14.38,14.35,14.35,1300,0
2016-06-27,18:55:00,14.36,14.38,14.36,14.37,1804,0
2016-06-27,19:00:00,14.37,14.37,14.37,14.37,1656,0
2016-06-27,19:05:00,14.39,14.39,14.38,14.38,900,0
2016-06-27,19:10:00,14.38,14.385,14.37,14.37,400,0
2016-06-27,19:15:00,14.37,14.37,14.37,14.37,700,0
2016-06-27,19:20:00,14.37,14.37,14.37,14.37,200,0
2016-06-27,19:25:00,14.39,14.39,14.39,14.39,600,0
2016-06-27,19:30:00,14.38,14.38,14.38,14.38,100,0
2016-06-27,19:35:00,14.38,14.38,14.36,14.36,478,0
2016-06-27,19:40:00,14.38,14.38,14.37,14.37,500,0
2016-06-27,19:45:00,14.37,14.37,14.36,14.36,1132,0
2016-06-27,19:50:00,14.36,14.38,14.36,14.38,400,0
2016-06-27,19:55:00,14.35,14.36,14.35,14.36,300,0
2016-06-27,20:05:00,14.38,14.38,14.38,14.38,500,0
2016-06-27,20:10:00,14.37,14.37,14.37,14.37,500,0
2016-06-27,20:15:00,14.38,14.39,14.37,14.37,900,0
2016-06-27,20:20:00,14.38,14.38,14.35,14.35,2936,0
2016-06-27,20:25:00,14.35,14.365,14.35,14.365,5000,0
2016-06-27,20:30:00,14.37,14.37,14.37,14.37,600,0
2016-06-27,20:35:00,14.37,14.37,14.35,14.36,1500,0
2016-06-27,20:40:00,14.37,14.37,14.35,14.36,1400,0
2016-06-27,20:45:00,14.365,14.37,14.35,14.35,1000,0
2016-06-27,20:50:00,14.36,14.36,14.35,14.3525,7489,0
2016-06-27,20:55:00,14.35,14.35,14.345,14.35,3800,0
2016-06-27,21:00:00,14.35,14.35,14.35,14.35,1196,0
2016-06-27,21:05:00,14.36,14.37,14.36,14.37,2000,0
2016-06-27,21:10:00,14.37,14.37,14.36,14.36,900,0
2016-06-27,21:15:00,14.37,14.39,14.37,14.39,1000,0
2016-06-27,21:20:00,14.38,14.38,14.38,14.38,200,0
2016-06-27,21:25:00,14.37,14.37,14.36,14.36,400,0
2016-06-27,21:30:00,14.35,14.38,14.35,14.38,1700,0
2016-06-27,21:35:00,14.38,14.38,14.38,14.38,100,0
2016-06-27,21:40:00,14.38,14.39,14.38,14.39,1700,0
2016-06-27,21:45:00,14.4,14.425,14.39,14.41,8255,0
2016-06-27,21:50:00,14.42,14.45,14.42,14.45,1400,0
2016-06-27,21:55:00,14.44,14.44,14.43,14.4325,2500,0
2016-06-27,22:00:00,14.42,14.43,14.39,14.39,27025,0
2016-06-28,15:35:00,14.53,14.53,14.53,14.53,1200,0
2016-06-28,15:40:00,14.56,14.56,14.31,14.4,1264,0
2016-06-28,15:45:00,14.35,14.35,14.31,14.31,1100,0
2016-06-28,15:50:00,14.34,14.42,14.32,14.33,4200,0
2016-06-28,15:55:00,14.33,14.37,14.33,14.37,925,0
2016-06-28,16:05:00,14.35,14.35,14.35,14.35,100,0
2016-06-28,16:10:00,14.35,14.38,14.31,14.35,5532,0
2016-06-28,16:15:00,14.35,14.36,14.35,14.36,1600,0
2016-06-28,16:20:00,14.4,14.45,14.39,14.45,1337,0
2016-06-28,16:25:00,14.46,14.46,14.46,14.46,500,0
2016-06-28,16:30:00,14.48,14.48,14.48,14.48,300,0
2016-06-28,16:35:00,14.47,14.47,14.44,14.44,607,0
2016-06-28,16:40:00,14.45,14.46,14.39,14.39,900,0
2016-06-28,16:45:00,14.405,14.41,14.405,14.41,380,0
2016-06-28,16:50:00,14.41,14.47,14.4,14.47,1000,0
2016-06-28,17:00:00,14.43,14.43,14.43,14.43,200,0
2016-06-28,17:05:00,14.42,14.42,14.42,14.42,800,0
2016-06-28,17:10:00,14.415,14.415,14.4,14.4,800,0
2016-06-28,17:15:00,14.41,14.41,14.39,14.39,700,0
2016-06-28,17:20:00,14.38,14.41,14.37,14.41,500,0
2016-06-28,17:25:00,14.4,14.4,14.37,14.39,900,0
2016-06-28,17:30:00,14.38,14.38,14.37,14.37,400,0
2016-06-28,17:35:00,14.37,14.37,14.37,14.37,100,0
2016-06-28,17:40:00,14.38,14.39,14.38,14.39,200,0
2016-06-28,17:45:00,14.38,14.38,14.37,14.37,600,0
2016-06-28,17:50:00,14.39,14.41,14.39,14.4,600,0
2016-06-28,17:55:00,14.41,14.41,14.41,14.41,100,0
2016-06-28,18:10:00,14.38,14.38,14.38,14.38,100,0
2016-06-28,18:20:00,14.39,14.39,14.37,14.37,900,0
2016-06-28,18:25:00,14.37,14.38,14.37,14.38,4500,0
2016-06-28,18:30:00,14.38,14.38,14.37,14.37,800,0
2016-06-28,18:35:00,14.37,14.41,14.37,14.41,1118,0
2016-06-28,18:45:00,14.42,14.42,14.42,14.42,200,0
2016-06-28,18:50:00,14.43,14.43,14.42,14.42,300,0
2016-06-28,18:55:00,14.4,14.4199,14.4,14.4199,300,0
2016-06-28,19:05:00,14.415,14.415,14.4,14.4,300,0
2016-06-28,19:10:00,14.38,14.38,14.38,14.38,300,0
2016-06-28,19:15:00,14.37,14.41,14.37,14.41,400,0
2016-06-28,19:20:00,14.39,14.4,14.39,14.39,500,0
2016-06-28,19:25:00,14.37,14.37,14.36,14.37,1100,0
2016-06-28,19:30:00,14.39,14.39,14.39,14.39,200,0
2016-06-28,19:35:00,14.395,14.395,14.395,14.395,100,0
2016-06-28,19:40:00,14.4,14.4,14.39,14.4,400,0
2016-06-28,19:45:00,14.38,14.4,14.38,14.39,600,0
2016-06-28,19:50:00,14.39,14.39,14.38,14.39,300,0
2016-06-28,19:55:00,14.38,14.38,14.38,14.38,100,0
2016-06-28,20:00:00,14.37,14.38,14.37,14.38,300,0
2016-06-28,20:05:00,14.37,14.39,14.37,14.39,500,0
2016-06-28,20:10:00,14.38,14.38,14.375,14.38,700,0
2016-06-28,20:15:00,14.38,14.38,14.37,14.37,800,0
2016-06-28,20:20:00,14.38,14.4,14.38,14.4,800,0
2016-06-28,20:25:00,14.39,14.395,14.39,14.39,500,0
2016-06-28,20:30:00,14.37,14.38,14.37,14.38,200,0
2016-06-28,20:35:00,14.39,14.39,14.39,14.39,300,0
2016-06-28,20:40:00,14.4,14.44,14.4,14.44,900,0
2016-06-28,20:45:00,14.44,14.44,14.42,14.42,600,0
2016-06-28,20:50:00,14.42,14.42,14.42,14.42,300,0
2016-06-28,20:55:00,14.41,14.42,14.4,14.42,1600,0
2016-06-28,21:00:00,14.42,14.44,14.42,14.44,600,0
2016-06-28,21:05:00,14.43,14.4417,14.43,14.4417,1200,0
2016-06-28,21:10:00,14.45,14.45,14.4,14.43,500,0
2016-06-28,21:15:00,14.43,14.44,14.42,14.43,1350,0
2016-06-28,21:20:00,14.41,14.41,14.385,14.39,700,0
2016-06-28,21:25:00,14.37,14.37,14.37,14.37,1100,0
2016-06-28,21:30:00,14.37,14.38,14.37,14.38,1127,0
2016-06-28,21:35:00,14.39,14.4,14.38,14.38,1350,0
2016-06-28,21:40:00,14.37,14.39,14.37,14.39,1500,0
2016-06-28,21:45:00,14.4,14.415,14.39,14.39,2385,0
2016-06-28,21:50:00,14.39,14.39,14.3733,14.38,2110,0
2016-06-28,21:55:00,14.385,14.41,14.375,14.385,3536,0
2016-06-28,22:00:00,14.39,14.4,14.37,14.39,25739,0
2016-06-29,15:35:00,14.54,14.54,14.54,14.54,494,0
2016-06-29,15:40:00,14.55,14.55,14.38,14.39,1100,0
2016-06-29,15:45:00,14.44,14.44,14.43,14.43,500,0
2016-06-29,15:50:00,14.475,14.475,14.45,14.45,400,0
2016-06-29,15:55:00,14.43,14.46,14.43,14.46,200,0
2016-06-29,16:00:00,14.44,14.5,14.41,14.5,1532,0
2016-06-29,16:05:00,14.44,14.44,14.39,14.44,925,0
2016-06-29,16:15:00,14.41,14.42,14.41,14.41,300,0
2016-06-29,16:20:00,14.4,14.4,14.4,14.4,100,0
2016-06-29,16:25:00,14.42,14.42,14.42,14.42,500,0
2016-06-29,16:30:00,14.44,14.45,14.43,14.45,990,0
2016-06-29,16:35:00,14.45,14.45,14.45,14.45,225,0
2016-06-29,16:40:00,14.41,14.42,14.41,14.42,400,0
2016-06-29,16:45:00,14.41,14.45,14.41,14.44,2000,0
2016-06-29,16:50:00,14.44,14.45,14.44,14.45,900,0
2016-06-29,16:55:00,14.46,14.46,14.45,14.45,500,0
2016-06-29,17:05:00,14.46,14.47,14.46,14.47,800,0
2016-06-29,17:10:00,14.46,14.46,14.46,14.46,200,0
2016-06-29,17:15:00,14.46,14.46,14.46,14.46,400,0
2016-06-29,17:20:00,14.465,14.465,14.465,14.465,300,0
2016-06-29,17:25:00,14.47,14.47,14.44,14.44,1300,0
2016-06-29,17:30:00,14.45,14.4599,14.44,14.44,900,0
2016-06-29,17:35:00,14.44,14.45,14.44,14.45,500,0
2016-06-29,17:40:00,14.46,14.49,14.46,14.49,600,0
2016-06-29,17:45:00,14.49,14.5,14.49,14.5,200,0
2016-06-29,17:50:00,14.5,14.5,14.48,14.48,800,0
2016-06-29,17:55:00,14.48,14.5,14.48,14.49,901,0
2016-06-29,18:00:00,14.5,14.5,14.475,14.4799,500,0
2016-06-29,18:05:00,14.48,14.48,14.48,14.48,100,0
2016-06-29,18:10:00,14.48,14.48,14.48,14.48,200,0
2016-06-29,18:15:00,14.49,14.5,14.48,14.48,1801,0
2016-06-29,18:25:00,14.49,14.49,14.48,14.48,300,0
2016-06-29,18:30:00,14.49,14.49,14.48,14.48,600,0
2016-06-29,18:35:00,14.48,14.48,14.47,14.471,450,0
2016-06-29,18:40:00,14.48,14.48,14.45,14.45,600,0
2016-06-29,18:55:00,14.44,14.45,14.44,14.45,800,0
2016-06-29,19:00:00,14.45,14.45,14.44,14.44,393,0
2016-06-29,19:05:00,14.45,14.45,14.45,14.45,200,0
2016-06-29,19:10:00,14.455,14.455,14.455,14.455,100,0
2016-06-29,19:15:00,14.455,14.455,14.455,14.455,100,0
2016-06-29,19:20:00,14.455,14.455,14.455,14.455,200,0
2016-06-29,19:30:00,14.46,14.46,14.44,14.44,1300,0
2016-06-29,19:35:00,14.44,14.46,14.44,14.45,856,0
2016-06-29,19:40:00,14.46,14.46,14.46,14.46,300,0
2016-06-29,19:45:00,14.48,14.48,14.46,14.46,618,0
2016-06-29,19:55:00,14.45,14.45,14.45,14.45,100,0
2016-06-29,20:05:00,14.44,14.46,14.44,14.46,1100,0
2016-06-29,20:10:00,14.46,14.46,14.45,14.45,600,0
2016-06-29,20:15:00,14.45,14.46,14.45,14.46,2200,0
2016-06-29,20:20:00,14.45,14.46,14.45,14.45,800,0
2016-06-29,20:25:00,14.47,14.47,14.47,14.47,600,0
2016-06-29,20:30:00,14.47,14.47,14.47,14.47,300,0
2016-06-29,20:35:00,14.49,14.5,14.49,14.5,800,0
2016-06-29,20:40:00,14.51,14.51,14.5,14.5,1000,0
2016-06-29,20:50:00,14.5,14.51,14.49,14.49,700,0
2016-06-29,20:55:00,14.49,14.49,14.49,14.49,200,0
2016-06-29,21:00:00,14.49,14.52,14.49,14.52,500,0
2016-06-29,21:05:00,14.51,14.51,14.51,14.51,500,0
2016-06-29,21:10:00,14.51,14.51,14.47,14.48,700,0
2016-06-29,21:15:00,14.5,14.5,14.5,14.5,100,0
2016-06-29,21:20:00,14.5,14.505,14.4999,14.4999,700,0
2016-06-29,21:25:00,14.5,14.5,14.49,14.49,300,0
2016-06-29,21:30:00,14.49,14.51,14.49,14.51,500,0
2016-06-29,21:35:00,14.49,14.5,14.49,14.49,1032,0
2016-06-29,21:40:00,14.5,14.51,14.5,14.51,400,0
2016-06-29,21:45:00,14.51,14.51,14.5,14.51,1306,0
2016-06-29,21:50:00,14.51,14.54,14.51,14.51,1516,0
2016-06-29,21:55:00,14.53,14.535,14.51,14.52,2292,0
2016-06-29,22:00:00,14.52,14.55,14.52,14.53,6731,0
2016-06-30,15:35:00,14.48,14.78,14.48,14.75,3493,0
2016-06-30,15:40:00,14.71,14.71,14.49,14.54,2192,0
2016-06-30,15:45:00,14.51,14.52,14.43,14.43,2500,0
2016-06-30,15:50:00,14.43,14.54,14.43,14.54,1853,0
2016-06-30,15:55:00,14.6,14.62,14.59,14.59,800,0
2016-06-30,16:00:00,14.58,14.6,14.58,14.6,700,0
2016-06-30,16:05:00,14.59,14.61,14.55,14.56,2800,0
2016-06-30,16:10:00,14.55,14.58,14.55,14.57,3800,0
2016-06-30,16:15:00,14.56,14.584,14.55,14.57,2001,0
2016-06-30,16:20:00,14.57,14.575,14.55,14.55,1700,0
2016-06-30,16:25:00,14.55,14.57,14.48,14.5,7400,0
2016-06-30,16:30:00,14.51,14.51,14.49,14.5,700,0
2016-06-30,16:35:00,14.5,14.53,14.49,14.53,1400,0
2016-06-30,16:40:00,14.53,14.54,14.495,14.495,1300,0
2016-06-30,16:45:00,14.54,14.55,14.54,14.55,400,0
2016-06-30,16:55:00,14.6,14.605,14.59,14.59,3100,0
2016-06-30,17:00:00,14.61,14.61,14.61,14.61,100,0
2016-06-30,17:05:00,14.62,14.63,14.6,14.61,2000,0
2016-06-30,17:10:00,14.61,14.62,14.61,14.62,800,0
2016-06-30,17:15:00,14.63,14.63,14.63,14.63,1400,0
2016-06-30,17:20:00,14.63,14.63,14.62,14.62,2834,0
2016-06-30,17:25:00,14.61,14.63,14.61,14.63,808,0
2016-06-30,17:30:00,14.63,14.63,14.63,14.63,400,0
2016-06-30,17:35:00,14.63,14.65,14.63,14.65,400,0
2016-06-30,17:40:00,14.62,14.62,14.62,14.62,2300,0
2016-06-30,17:45:00,14.62,14.62,14.605,14.605,1300,0
2016-06-30,17:50:00,14.605,14.605,14.605,14.605,100,0
2016-06-30,17:55:00,14.6,14.6,14.6,14.6,600,0
2016-06-30,18:00:00,14.6,14.61,14.59,14.59,2510,0
2016-06-30,18:05:00,14.59,14.59,14.5899,14.5899,1100,0
2016-06-30,18:10:00,14.58,14.6,14.58,14.59,500,0
2016-06-30,18:15:00,14.59,14.59,14.58,14.58,700,0
2016-06-30,18:20:00,14.59,14.6,14.59,14.6,200,0
2016-06-30,18:25:00,14.64,14.64,14.615,14.64,2400,0
2016-06-30,18:30:00,14.64,14.65,14.64,14.65,200,0
2016-06-30,18:35:00,14.64,14.66,14.64,14.66,700,0
2016-06-30,18:40:00,14.64,14.645,14.63,14.63,900,0
2016-06-30,18:45:00,14.63,14.64,14.63,14.64,742,0
2016-06-30,18:50:00,14.64,14.66,14.64,14.66,800,0
2016-06-30,18:55:00,14.66,14.66,14.64,14.64,800,0
2016-06-30,19:00:00,14.66,14.66,14.66,14.66,100,0
2016-06-30,19:10:00,14.67,14.69,14.67,14.69,400,0
2016-06-30,19:15:00,14.68,14.68,14.68,14.68,700,0
2016-06-30,19:20:00,14.68,14.7,14.68,14.7,1400,0
2016-06-30,19:25:00,14.6881,14.6881,14.6881,14.6881,750,0
2016-06-30,19:30:00,14.69,14.69,14.66,14.67,1200,0
2016-06-30,19:35:00,14.67,14.67,14.67,14.67,600,0
2016-06-30,19:40:00,14.69,14.69,14.69,14.69,518,0
2016-06-30,19:55:00,14.72,14.72,14.71,14.71,300,0
2016-06-30,20:00:00,14.71,14.71,14.71,14.71,200,0
2016-06-30,20:05:00,14.72,14.72,14.72,14.72,100,0
2016-06-30,20:10:00,14.72,14.73,14.72,14.73,400,0
2016-06-30,20:15:00,14.73,14.73,14.73,14.73,100,0
2016-06-30,20:20:00,14.735,14.735,14.72,14.72,500,0
2016-06-30,20:25:00,14.73,14.73,14.73,14.73,300,0
2016-06-30,20:30:00,14.73,14.73,14.72,14.73,893,0
2016-06-30,20:35:00,14.72,14.73,14.7,14.7,600,0
2016-06-30,20:40:00,14.7,14.73,14.7,14.73,700,0
2016-06-30,20:45:00,14.72,14.73,14.72,14.73,300,0
2016-06-30,20:50:00,14.73,14.74,14.73,14.74,400,0
2016-06-30,20:55:00,14.75,14.78,14.74,14.74,2700,0
2016-06-30,21:00:00,14.75,14.75,14.74,14.75,700,0
2016-06-30,21:10:00,14.745,14.75,14.74,14.75,800,0
2016-06-30,21:15:00,14.72,14.72,14.72,14.72,300,0
2016-06-30,21:20:00,14.71,14.715,14.68,14.69,900,0
2016-06-30,21:25:00,14.67,14.68,14.65,14.68,900,0
2016-06-30,21:30:00,14.68,14.7,14.68,14.68,1500,0
2016-06-30,21:35:00,14.66,14.68,14.66,14.68,500,0
2016-06-30,21:40:00,14.7,14.72,14.69,14.72,1364,0
2016-06-30,21:45:00,14.71,14.76,14.71,14.72,2100,0
2016-06-30,21:50:00,14.73,14.74,14.71,14.73,900,0
2016-06-30,21:55:00,14.74,14.79,14.74,14.79,7750,0
2016-06-30,22:00:00,14.79,14.84,14.77,14.83,25377,0
2016-07-01,15:35:00,14.8,14.8,14.8,14.8,403,0
2016-07-01,15:40:00,14.66,14.75,14.66,14.73,700,0
2016-07-01,15:45:00,14.77,14.82,14.74,14.82,1421,0
2016-07-01,15:50:00,14.85,14.85,14.76,14.76,800,0
2016-07-01,16:05:00,14.85,14.87,14.81,14.85,900,0
2016-07-01,16:10:00,14.87,14.87,14.81,14.82,800,0
2016-07-01,16:20:00,14.84,14.84,14.82,14.82,416,0
2016-07-01,16:25:00,14.83,14.83,14.79,14.79,1643,0
2016-07-01,16:30:00,14.82,14.82,14.8,14.8,300,0
2016-07-01,16:40:00,14.8,14.81,14.8,14.81,600,0
2016-07-01,16:45:00,14.81,14.84,14.81,14.84,500,0
2016-07-01,16:50:00,14.82,14.82,14.81,14.82,400,0
2016-07-01,16:55:00,14.81,14.81,14.78,14.78,1000,0
2016-07-01,17:00:00,14.77,14.8,14.77,14.8,400,0
2016-07-01,17:05:00,14.79,14.79,14.79,14.79,300,0
2016-07-01,17:10:00,14.76,14.76,14.73,14.74,1200,0
2016-07-01,17:15:00,14.68,14.7,14.67,14.69,1100,0
2016-07-01,17:20:00,14.68,14.68,14.66,14.67,900,0
2016-07-01,17:25:00,14.67,14.67,14.66,14.6627,1103,0
2016-07-01,17:30:00,14.66,14.71,14.66,14.71,1800,0
2016-07-01,17:35:00,14.71,14.71,14.71,14.71,200,0
2016-07-01,17:40:00,14.68,14.72,14.68,14.71,400,0
2016-07-01,17:50:00,14.72,14.74,14.72,14.72,500,0
2016-07-01,17:55:00,14.72,14.72,14.72,14.72,200,0
2016-07-01,18:00:00,14.72,14.72,14.72,14.72,200,0
2016-07-01,18:05:00,14.72,14.72,14.7,14.7,300,0
2016-07-01,18:10:00,14.7,14.7,14.7,14.7,200,0
2016-07-01,18:15:00,14.72,14.72,14.71,14.71,700,0
2016-07-01,18:20:00,14.73,14.73,14.72,14.72,200,0
2016-07-01,18:25:00,14.71,14.71,14.71,14.71,100,0
2016-07-01,18:30:00,14.7,14.7,14.6801,14.6801,1828,0
2016-07-01,18:35:00,14.68,14.68,14.66,14.66,800,0
2016-07-01,18:40:00,14.68,14.68,14.64,14.64,654,0
2016-07-01,18:55:00,14.66,14.66,14.66,14.66,500,0
2016-07-01,19:00:00,14.69,14.7,14.68,14.68,549,0
2016-07-01,19:05:00,14.65,14.68,14.65,14.68,200,0
2016-07-01,19:15:00,14.68,14.68,14.67,14.67,200,0
2016-07-01,19:20:00,14.66,14.66,14.66,14.66,100,0
2016-07-01,19:30:00,14.67,14.68,14.67,14.67,500,0
2016-07-01,19:35:00,14.68,14.68,14.68,14.68,200,0
2016-07-01,19:40:00,14.68,14.69,14.68,14.69,400,0
2016-07-01,19:50:00,14.66,14.68,14.66,14.68,200,0
2016-07-01,19:55:00,14.68,14.68,14.68,14.68,100,0
2016-07-01,20:00:00,14.68,14.68,14.68,14.68,300,0
2016-07-01,20:05:00,14.65,14.65,14.65,14.65,100,0
2016-07-01,20:10:00,14.68,14.68,14.67,14.67,200,0
2016-07-01,20:15:00,14.66,14.68,14.66,14.68,400,0
2016-07-01,20:20:00,14.66,14.66,14.66,14.66,280,0
2016-07-01,20:30:00,14.66,14.67,14.66,14.67,700,0
2016-07-01,20:35:00,14.6775,14.6775,14.6775,14.6775,200,0
2016-07-01,20:50:00,14.68,14.68,14.68,14.68,100,0
2016-07-01,20:55:00,14.69,14.69,14.68,14.68,700,0
2016-07-01,21:00:00,14.67,14.67,14.67,14.67,300,0
2016-07-01,21:10:00,14.67,14.68,14.67,14.68,200,0
2016-07-01,21:15:00,14.67,14.67,14.67,14.67,200,0
2016-07-01,21:20:00,14.66,14.67,14.66,14.67,200,0
2016-07-01,21:30:00,14.67,14.67,14.65,14.67,400,0
2016-07-01,21:35:00,14.68,14.69,14.68,14.69,400,0
2016-07-01,21:40:00,14.68,14.7,14.68,14.6899,903,0
2016-07-01,21:45:00,14.68,14.74,14.68,14.74,1300,0
2016-07-01,21:50:00,14.73,14.73,14.72,14.73,300,0
2016-07-01,21:55:00,14.73,14.74,14.69,14.7,3300,0
2016-07-01,22:00:00,14.71,14.73,14.7,14.72,6999,0
2016-07-05,15:35:00,14.72,14.72,14.72,14.72,2637,0
2016-07-05,15:40:00,14.71,14.71,14.63,14.63,200,0
2016-07-05,15:45:00,14.64,14.64,14.63,14.63,588,0
2016-07-05,15:50:00,14.62,14.64,14.62,14.64,599,0
2016-07-05,15:55:00,14.6079,14.6079,14.6079,14.6079,820,0
2016-07-05,16:00:00,14.64,14.66,14.64,14.66,400,0
2016-07-05,16:05:00,14.659,14.659,14.65,14.65,212,0
2016-07-05,16:10:00,14.64,14.64,14.59,14.6,1775,0
2016-07-05,16:15:00,14.6,14.6,14.6,14.6,100,0
2016-07-05,16:20:00,14.63,14.63,14.61,14.61,300,0
2016-07-05,16:25:00,14.6,14.61,14.6,14.61,800,0
2016-07-05,16:30:00,14.62,14.64,14.62,14.64,800,0
2016-07-05,16:35:00,14.65,14.67,14.65,14.67,900,0
2016-07-05,16:40:00,14.68,14.68,14.68,14.68,300,0
2016-07-05,16:45:00,14.69,14.7,14.69,14.7,300,0
2016-07-05,16:50:00,14.69,14.69,14.66,14.66,770,0
2016-07-05,16:55:00,14.67,14.67,14.62,14.62,600,0
2016-07-05,17:00:00,14.63,14.63,14.63,14.63,100,0
2016-07-05,17:05:00,14.63,14.65,14.63,14.65,700,0
2016-07-05,17:10:00,14.64,14.64,14.64,14.64,500,0
2016-07-05,17:15:00,14.63,14.63,14.63,14.63,300,0
2016-07-05,17:20:00,14.63,14.63,14.63,14.63,400,0
2016-07-05,17:30:00,14.63,14.63,14.62,14.62,600,0
2016-07-05,17:35:00,14.61,14.61,14.61,14.61,200,0
2016-07-05,17:45:00,14.6,14.6,14.6,14.6,200,0
2016-07-05,17:50:00,14.6,14.6,14.6,14.6,100,0
2016-07-05,17:55:00,14.59,14.59,14.58,14.58,200,0
2016-07-05,18:05:00,14.56,14.56,14.56,14.56,200,0
2016-07-05,18:10:00,14.56,14.56,14.56,14.56,200,0
2016-07-05,18:15:00,14.57,14.57,14.57,14.57,100,0
2016-07-05,18:25:00,14.57,14.58,14.57,14.58,500,0
2016-07-05,18:40:00,14.57,14.58,14.57,14.58,500,0
2016-07-05,18:45:00,14.58,14.58,14.58,14.58,100,0
2016-07-05,18:50:00,14.58,14.58,14.58,14.58,200,0
2016-07-05,18:55:00,14.58,14.58,14.57,14.57,200,0
2016-07-05,19:00:00,14.59,14.59,14.59,14.59,100,0
2016-07-05,19:05:00,14.58,14.59,14.58,14.59,700,0
2016-07-05,19:15:00,14.57,14.57,14.57,14.57,800,0
2016-07-05,19:20:00,14.55,14.55,14.55,14.55,100,0
2016-07-05,19:25:00,14.54,14.55,14.54,14.55,400,0
2016-07-05,19:35:00,14.55,14.55,14.55,14.55,100,0
2016-07-05,19:45:00,14.53,14.54,14.53,14.54,200,0
2016-07-05,19:50:00,14.54,14.56,14.54,14.56,500,0
2016-07-05,19:55:00,14.562,14.562,14.562,14.562,150,0
2016-07-05,20:00:00,14.6,14.61,14.6,14.61,288,0
2016-07-05,20:05:00,14.59,14.59,14.59,14.59,300,0
2016-07-05,20:10:00,14.58,14.58,14.58,14.58,100,0
2016-07-05,20:15:00,14.58,14.58,14.58,14.58,100,0
2016-07-05,20:20:00,14.58,14.58,14.58,14.58,100,0
2016-07-05,20:25:00,14.58,14.59,14.58,14.59,700,0
2016-07-05,20:30:00,14.59,14.59,14.58,14.58,300,0
2016-07-05,20:35:00,14.58,14.58,14.58,14.58,500,0
2016-07-05,20:45:00,14.57,14.58,14.57,14.58,400,0
2016-07-05,20:50:00,14.58,14.58,14.57,14.57,200,0
2016-07-05,20:55:00,14.57,14.57,14.57,14.57,100,0
2016-07-05,21:00:00,14.57,14.59,14.57,14.59,700,0
2016-07-05,21:05:00,14.59,14.59,14.59,14.59,400,0
2016-07-05,21:10:00,14.59,14.59,14.58,14.58,300,0
2016-07-05,21:15:00,14.58,14.59,14.58,14.58,400,0
2016-07-05,21:20:00,14.59,14.6,14.59,14.59,500,0
2016-07-05,21:25:00,14.59,14.59,14.59,14.59,100,0
2016-07-05,21:35:00,14.59,14.61,14.59,14.61,2900,0
2016-07-05,21:40:00,14.63,14.63,14.63,14.63,200,0
2016-07-05,21:45:00,14.64,14.66,14.64,14.66,200,0
2016-07-05,21:50:00,14.65,14.67,14.65,14.65,1434,0
2016-07-05,21:55:00,14.64,14.64,14.63,14.63,300,0
2016-07-05,22:00:00,14.62,14.63,14.61,14.63,18264,0
2016-07-06,15:35:00,14.52,14.52,14.52,14.52,1707,0
2016-07-06,15:40:00,14.5,14.5,14.5,14.5,100,0
2016-07-06,15:45:00,14.47,14.52,14.38,14.52,3600,0
2016-07-06,16:00:00,14.52,14.55,14.52,14.55,1000,0
2016-07-06,16:05:00,14.58,14.61,14.58,14.61,798,0
2016-07-06,16:15:00,14.55,14.56,14.53,14.56,1100,0
2016-07-06,16:20:00,14.56,14.56,14.54,14.54,1400,0
2016-07-06,16:25:00,14.55,14.55,14.55,14.55,100,0
2016-07-06,16:30:00,14.53,14.53,14.48,14.48,800,0
2016-07-06,16:35:00,14.48,14.5,14.47,14.5,1800,0
2016-07-06,16:40:00,14.53,14.54,14.53,14.54,300,0
2016-07-06,16:45:00,14.52,14.52,14.51,14.51,300,0
2016-07-06,16:50:00,14.5,14.51,14.48,14.51,1300,0
2016-07-06,16:55:00,14.51,14.57,14.49,14.49,2200,0
2016-07-06,17:05:00,14.52,14.56,14.5,14.56,1200,0
2016-07-06,17:10:00,14.56,14.57,14.55,14.57,1900,0
2016-07-06,17:15:00,14.57,14.58,14.56,14.56,700,0
2016-07-06,17:20:00,14.57,14.57,14.54,14.54,200,0
2016-07-06,17:25:00,14.53,14.53,14.53,14.53,200,0
2016-07-06,17:30:00,14.53,14.53,14.52,14.53,1600,0
2016-07-06,17:35:00,14.53,14.53,14.52,14.52,200,0
2016-07-06,17:40:00,14.525,14.53,14.525,14.53,850,0
2016-07-06,17:45:00,14.5,14.5,14.5,14.5,200,0
2016-07-06,17:50:00,14.495,14.495,14.495,14.495,100,0
2016-07-06,17:55:00,14.47,14.5,14.47,14.5,800,0
2016-07-06,18:05:00,14.49,14.52,14.48,14.52,1100,0
2016-07-06,18:10:00,14.53,14.53,14.51,14.51,300,0
2016-07-06,18:15:00,14.51,14.51,14.51,14.51,300,0
2016-07-06,18:20:00,14.52,14.53,14.52,14.53,509,0
2016-07-06,18:25:00,14.52,14.52,14.52,14.52,100,0
2016-07-06,18:30:00,14.52,14.52,14.51,14.52,1500,0
2016-07-06,18:35:00,14.51,14.51,14.51,14.51,900,0
2016-07-06,18:40:00,14.51,14.51,14.5,14.51,1000,0
2016-07-06,18:45:00,14.52,14.53,14.52,14.52,300,0
2016-07-06,18:55:00,14.53,14.54,14.53,14.53,400,0
2016-07-06,19:00:00,14.53,14.53,14.52,14.5201,697,0
2016-07-06,19:05:00,14.54,14.57,14.54,14.57,2974,0
2016-07-06,19:15:00,14.55,14.55,14.55,14.55,300,0
2016-07-06,19:20:00,14.55,14.5601,14.55,14.5601,600,0
2016-07-06,19:25:00,14.57,14.57,14.56,14.56,600,0
2016-07-06,19:40:00,14.54,14.54,14.54,14.54,100,0
2016-07-06,19:45:00,14.56,14.57,14.55,14.57,1094,0
2016-07-06,19:50:00,14.55,14.55,14.55,14.55,500,0
2016-07-06,19:55:00,14.5799,14.5799,14.56,14.57,400,0
2016-07-06,20:00:00,14.57,14.57,14.57,14.57,100,0
2016-07-06,20:05:00,14.57,14.58,14.57,14.58,800,0
2016-07-06,20:10:00,14.59,14.59,14.59,14.59,100,0
2016-07-06,20:15:00,14.59,14.59,14.5776,14.5776,1200,0
2016-07-06,20:20:00,14.57,14.57,14.57,14.57,200,0
2016-07-06,20:25:00,14.56,14.56,14.56,14.56,100,0
2016-07-06,20:30:00,14.55,14.55,14.53,14.53,200,0
2016-07-06,20:35:00,14.54,14.54,14.53,14.54,800,0
2016-07-06,20:40:00,14.54,14.55,14.54,14.54,300,0
2016-07-06,20:45:00,14.53,14.53,14.53,14.53,700,0
2016-07-06,20:50:00,14.54,14.56,14.54,14.56,700,0
2016-07-06,20:55:00,14.57,14.57,14.57,14.57,100,0
2016-07-06,21:00:00,14.57,14.57,14.55,14.55,200,0
2016-07-06,21:05:00,14.54,14.55,14.525,14.55,1700,0
2016-07-06,21:20:00,14.53,14.53,14.53,14.53,300,0
2016-07-06,21:25:00,14.535,14.535,14.53,14.53,500,0
2016-07-06,21:30:00,14.52,14.55,14.52,14.55,2024,0
2016-07-06,21:35:00,14.54,14.55,14.54,14.5454,609,0
2016-07-06,21:40:00,14.54,14.56,14.54,14.54,500,0
2016-07-06,21:45:00,14.55,14.56,14.53,14.56,2400,0
2016-07-06,21:50:00,14.57,14.57,14.54,14.54,1600,0
2016-07-06,21:55:00,14.53,14.53,14.51,14.51,1800,0
2016-07-06,22:00:00,14.52,14.57,14.52,14.54,18279,0
2016-07-07,15:40:00,14.55,14.59,14.55,14.58,1671,0
2016-07-07,15:50:00,14.59,14.64,14.59,14.62,3017,0
2016-07-07,16:00:00,14.64,14.66,14.64,14.65,800,0
2016-07-07,16:05:00,14.66,14.66,14.66,14.66,100,0
2016-07-07,16:10:00,14.66,14.66,14.64,14.65,800,0
2016-07-07,16:15:00,14.65,14.65,14.63,14.63,400,0
2016-07-07,16:20:00,14.62,14.63,14.62,14.63,200,0
2016-07-07,16:30:00,14.6,14.6,14.6,14.6,100,0
2016-07-07,16:35:00,14.61,14.61,14.61,14.61,200,0
2016-07-07,16:40:00,14.64,14.64,14.63,14.63,632,0
2016-07-07,16:45:00,14.63,14.64,14.61,14.61,1451,0
2016-07-07,16:50:00,14.59,14.59,14.59,14.59,100,0
2016-07-07,16:55:00,14.59,14.59,14.59,14.59,100,0
2016-07-07,17:00:00,14.6,14.6,14.59,14.59,300,0
2016-07-07,17:05:00,14.57,14.59,14.57,14.59,500,0
2016-07-07,17:10:00,14.58,14.6,14.58,14.6,300,0
2016-07-07,17:15:00,14.6,14.62,14.59,14.59,600,0
2016-07-07,17:20:00,14.61,14.61,14.6,14.6,500,0
2016-07-07,17:25:00,14.58,14.585,14.5799,14.58,1117,0
2016-07-07,17:30:00,14.58,14.58,14.58,14.58,100,0
2016-07-07,17:35:00,14.58,14.58,14.58,14.58,300,0
2016-07-07,17:40:00,14.59,14.59,14.59,14.59,400,0
2016-07-07,17:50:00,14.58,14.59,14.565,14.57,2100,0
2016-07-07,17:55:00,14.58,14.58,14.58,14.58,100,0
2016-07-07,18:00:00,14.56,14.56,14.56,14.56,100,0
2016-07-07,18:05:00,14.57,14.58,14.5649,14.58,3279,0
2016-07-07,18:10:00,14.61,14.61,14.58,14.59,300,0
2016-07-07,18:15:00,14.59,14.59,14.59,14.59,100,0
2016-07-07,18:20:00,14.58,14.58,14.58,14.58,400,0
2016-07-07,18:25:00,14.57,14.575,14.57,14.575,900,0
2016-07-07,18:30:00,14.575,14.575,14.56,14.56,800,0
2016-07-07,18:35:00,14.57,14.58,14.57,14.58,600,0
2016-07-07,18:40:00,14.59,14.6,14.59,14.6,700,0
2016-07-07,18:45:00,14.59,14.59,14.59,14.59,100,0
2016-07-07,18:50:00,14.59,14.595,14.58,14.58,600,0
2016-07-07,18:55:00,14.56,14.56,14.53,14.53,500,0
2016-07-07,19:00:00,14.53,14.535,14.53,14.53,1300,0
2016-07-07,19:05:00,14.51,14.51,14.51,14.51,400,0
2016-07-07,19:10:00,14.51,14.52,14.51,14.52,900,0
2016-07-07,19:15:00,14.54,14.54,14.535,14.535,400,0
2016-07-07,19:20:00,14.57,14.57,14.57,14.57,100,0
2016-07-07,19:25:00,14.55,14.55,14.55,14.55,300,0
2016-07-07,19:30:00,14.55,14.56,14.55,14.56,600,0
2016-07-07,19:35:00,14.56,14.58,14.56,14.58,500,0
2016-07-07,19:40:00,14.58,14.58,14.57,14.57,500,0
2016-07-07,19:55:00,14.55,14.55,14.54,14.54,700,0
2016-07-07,20:00:00,14.53,14.56,14.53,14.56,500,0
2016-07-07,20:10:00,14.56,14.56,14.55,14.55,300,0
2016-07-07,20:20:00,14.5,14.53,14.5,14.53,600,0
2016-07-07,20:25:00,14.53,14.53,14.53,14.53,100,0
2016-07-07,20:30:00,14.56,14.56,14.53,14.56,300,0
2016-07-07,20:40:00,14.54,14.55,14.535,14.54,600,0
2016-07-07,20:45:00,14.535,14.56,14.535,14.56,1000,0
2016-07-07,20:50:00,14.56,14.56,14.56,14.56,100,0
2016-07-07,21:00:00,14.56,14.58,14.54,14.54,1300,0
2016-07-07,21:05:00,14.54,14.54,14.54,14.54,504,0
2016-07-07,21:10:00,14.56,14.57,14.56,14.57,1000,0
2016-07-07,21:15:00,14.58,14.58,14.58,14.58,100,0
2016-07-07,21:20:00,14.6,14.6,14.6,14.6,100,0
2016-07-07,21:25:00,14.6,14.6,14.57,14.57,2400,0
2016-07-07,21:30:00,14.56,14.57,14.56,14.57,525,0
2016-07-07,21:35:00,14.5832,14.615,14.5832,14.61,1500,0
2016-07-07,21:40:00,14.5948,14.63,14.5948,14.62,2200,0
2016-07-07,21:45:00,14.62,14.63,14.62,14.63,1800,0
2016-07-07,21:50:00,14.64,14.68,14.6348,14.6557,1797,0
2016-07-07,21:55:00,14.68,14.68,14.62,14.62,6349,0
2016-07-07,22:00:00,14.64,14.64,14.61,14.61,10904,0
2016-07-08,15:35:00,14.72,14.72,14.72,14.72,550,0
2016-07-08,15:40:00,14.72,14.76,14.72,14.75,7100,0
2016-07-08,15:45:00,14.74,14.77,14.74,14.75,800,0
2016-07-08,15:50:00,14.71,14.71,14.71,14.71,100,0
2016-07-08,15:55:00,14.75,14.76,14.73,14.735,400,0
2016-07-08,16:00:00,14.72,14.75,14.71,14.75,800,0
2016-07-08,16:05:00,14.72,14.72,14.72,14.72,100,0
2016-07-08,16:10:00,14.72,14.73,14.72,14.72,500,0
2016-07-08,16:15:00,14.73,14.73,14.72,14.72,689,0
2016-07-08,16:20:00,14.7,14.7,14.7,14.7,200,0
2016-07-08,16:25:00,14.68,14.7,14.66,14.69,1200,0
2016-07-08,16:30:00,14.72,14.72,14.71,14.72,600,0
2016-07-08,16:35:00,14.73,14.74,14.73,14.74,600,0
2016-07-08,16:40:00,14.75,14.76,14.73,14.73,2700,0
2016-07-08,16:45:00,14.72,14.76,14.7101,14.76,1125,0
2016-07-08,16:50:00,14.75,14.76,14.74,14.74,500,0
2016-07-08,16:55:00,14.73,14.75,14.73,14.75,200,0
2016-07-08,17:00:00,14.74,14.75,14.74,14.75,3700,0
2016-07-08,17:05:00,14.75,14.75,14.73,14.73,300,0
2016-07-08,17:10:00,14.76,14.76,14.76,14.76,200,0
2016-07-08,17:15:00,14.7501,14.78,14.7501,14.78,400,0
2016-07-08,17:20:00,14.79,14.79,14.77,14.78,934,0
2016-07-08,17:25:00,14.79,14.79,14.77,14.77,1100,0
2016-07-08,17:30:00,14.77,14.7889,14.76,14.78,915,0
2016-07-08,17:35:00,14.79,14.79,14.74,14.74,1100,0
2016-07-08,17:40:00,14.77,14.78,14.77,14.78,300,0
2016-07-08,17:45:00,14.77,14.78,14.7625,14.78,2700,0
2016-07-08,17:50:00,14.77,14.78,14.76,14.76,900,0
2016-07-08,17:55:00,14.7601,14.7601,14.76,14.76,2200,0
2016-07-08,18:00:00,14.77,14.78,14.75,14.75,1453,0
2016-07-08,18:05:00,14.7501,14.76,14.75,14.76,2400,0
2016-07-08,18:10:00,14.75,14.77,14.75,14.77,2400,0
2016-07-08,18:15:00,14.75,14.78,14.75,14.78,200,0
2016-07-08,18:20:00,14.78,14.79,14.77,14.77,1000,0
2016-07-08,18:25:00,14.76,14.78,14.76,14.78,600,0
2016-07-08,18:30:00,14.77,14.77,14.74,14.74,300,0
2016-07-08,18:35:00,14.74,14.74,14.74,14.74,300,0
2016-07-08,18:40:00,14.725,14.74,14.725,14.74,600,0
2016-07-08,18:45:00,14.73,14.75,14.73,14.75,400,0
2016-07-08,18:50:00,14.76,14.77,14.76,14.76,1584,0
2016-07-08,18:55:00,14.76,14.76,14.75,14.76,1200,0
2016-07-08,19:00:00,14.76,14.76,14.75,14.75,600,0
2016-07-08,19:05:00,14.76,14.76,14.76,14.76,100,0
2016-07-08,19:10:00,14.75,14.75,14.75,14.75,300,0
2016-07-08,19:15:00,14.75,14.75,14.75,14.75,200,0
2016-07-08,19:20:00,14.77,14.77,14.76,14.76,400,0
2016-07-08,19:25:00,14.76,14.76,14.76,14.76,200,0
2016-07-08,19:30:00,14.78,14.78,14.75,14.75,300,0
2016-07-08,19:35:00,14.76,14.79,14.7566,14.79,2000,0
2016-07-08,19:40:00,14.76,14.76,14.75,14.75,400,0
2016-07-08,19:45:00,14.77,14.77,14.77,14.77,1300,0
2016-07-08,19:50:00,14.76,14.76,14.76,14.76,100,0
2016-07-08,19:55:00,14.75,14.75,14.74,14.74,600,0
2016-07-08,20:00:00,14.75,14.75,14.74,14.74,400,0
2016-07-08,20:05:00,14.74,14.75,14.74,14.74,1733,0
2016-07-08,20:10:00,14.73,14.73,14.73,14.73,200,0
2016-07-08,20:15:00,14.74,14.74,14.73,14.74,1300,0
2016-07-08,20:20:00,14.73,14.73,14.72,14.73,400,0
2016-07-08,20:25:00,14.74,14.74,14.72,14.72,400,0
2016-07-08,20:30:00,14.73,14.73,14.72,14.73,500,0
2016-07-08,20:35:00,14.72,14.74,14.72,14.73,1500,0
2016-07-08,20:40:00,14.74,14.74,14.73,14.73,900,0
2016-07-08,20:45:00,14.74,14.74,14.72,14.72,300,0
2016-07-08,20:50:00,14.74,14.74,14.72,14.72,200,0
2016-07-08,20:55:00,14.72,14.72,14.7,14.7,1600,0
2016-07-08,21:00:00,14.72,14.72,14.69,14.69,1000,0
2016-07-08,21:05:00,14.69,14.69,14.68,14.68,557,0
2016-07-08,21:10:00,14.71,14.71,14.69,14.69,700,0
2016-07-08,21:15:00,14.7,14.72,14.7,14.72,900,0
2016-07-08,21:20:00,14.72,14.72,14.72,14.72,300,0
2016-07-08,21:25:00,14.71,14.71,14.69,14.69,600,0
2016-07-08,21:30:00,14.71,14.72,14.7,14.7,700,0
2016-07-08,21:35:00,14.71,14.72,14.71,14.72,400,0
2016-07-08,21:40:00,14.72,14.73,14.695,14.73,3200,0
2016-07-08,21:45:00,14.74,14.74,14.72,14.73,1200,0
2016-07-08,21:50:00,14.72,14.76,14.72,14.75,4100,0
2016-07-08,21:55:00,14.75,14.78,14.75,14.78,4100,0
2016-07-08,22:00:00,14.78,14.79,14.75,14.77,91477,0
