Date,Time,Open,High,Low,Close,Volume,OpenInt
2015-07-13,20:15:00,16.777,16.777,16.777,16.777,100,0
2015-07-13,21:40:00,17.123,17.123,17.123,17.123,100,0
2015-07-14,19:10:00,16.826,16.826,16.826,16.826,806,0
2015-07-14,20:15:00,16.777,16.777,16.777,16.777,100,0
2015-07-15,17:20:00,16.806,16.806,16.777,16.777,1141,0
2015-07-15,18:30:00,16.703,16.703,16.703,16.703,504,0
2015-07-15,19:05:00,16.654,16.654,16.654,16.654,100,0
2015-07-15,19:30:00,16.618,16.618,16.529,16.529,2217,0
2015-07-15,19:35:00,15.953,15.962,15.08,15.08,2217,0
2015-07-15,19:40:00,15.903,15.923,15.873,15.873,1109,0
2015-07-15,19:45:00,16.707,16.707,16.221,16.221,604,0
2015-07-15,19:50:00,16.702,16.717,16.43,16.717,1410,0
2015-07-15,19:55:00,16.717,16.876,16.717,16.876,848,0
2015-07-15,21:35:00,16.768,16.777,16.717,16.777,333,0
2015-07-15,21:45:00,16.717,16.717,16.717,16.717,100,0
2015-07-16,18:10:00,16.767,16.767,16.767,16.767,100,0
2015-07-16,20:50:00,16.737,16.737,16.737,16.737,100,0
2015-07-16,22:00:00,16.539,16.539,16.539,16.539,100,0
2015-07-17,17:50:00,16.122,16.122,16.122,16.122,150,0
2015-07-20,16:10:00,17.203,17.203,16.489,16.489,201,0
2015-07-21,16:10:00,17.065,17.065,17.065,17.065,100,0
2015-07-22,16:00:00,16.151,16.151,16.033,16.033,201,0
2015-07-22,18:30:00,17.57,17.57,17.57,17.57,100,0
2015-07-23,15:35:00,16.767,16.767,16.767,16.767,303,0
2015-07-23,19:50:00,16.28,16.28,16.28,16.28,100,0
2015-07-23,21:40:00,16.34,16.34,16.29,16.29,201,0
2015-07-23,22:00:00,16.211,16.211,16.191,16.191,303,0
2015-07-27,20:50:00,16.27,16.27,16.27,16.27,100,0
2015-07-28,22:00:00,16.519,16.519,16.519,16.519,201,0
2015-07-29,19:20:00,16.459,16.459,16.459,16.459,100,0
2015-07-29,19:45:00,16.648,16.648,16.648,16.648,100,0
2015-07-29,19:55:00,16.846,16.846,16.846,16.846,100,0
2015-07-29,20:00:00,16.846,16.846,16.608,16.608,1066,0
2015-07-31,17:30:00,16.816,16.816,16.816,16.816,504,0
2015-07-31,20:50:00,16.27,16.27,16.27,16.27,100,0
2015-07-31,21:25:00,16.27,16.27,16.27,16.27,508,0
2015-07-31,21:45:00,16.588,16.866,16.588,16.866,796,0
2015-07-31,21:50:00,16.767,16.767,16.767,16.767,100,0
2015-07-31,21:55:00,16.866,16.866,16.866,16.866,313,0
2015-08-03,15:35:00,16.896,16.896,16.896,16.896,201,0
2015-08-03,19:05:00,16.867,16.948,16.867,16.948,1210,0
2015-08-03,20:30:00,16.985,16.985,16.965,16.965,706,0
2015-08-03,20:35:00,16.866,17.065,16.866,17.065,1380,0
2015-08-03,20:50:00,16.955,16.955,16.955,16.955,303,0
2015-08-03,21:10:00,16.866,16.866,16.866,16.866,101,0
2015-08-03,21:15:00,16.866,16.866,16.866,16.866,302,0
2015-08-03,21:20:00,16.866,16.866,16.866,16.866,100,0
2015-08-03,21:25:00,16.886,16.896,16.866,16.866,303,0
2015-08-04,15:35:00,16.866,16.866,16.866,16.866,201,0
2015-08-05,15:35:00,16.707,16.707,16.707,16.707,100,0
2015-08-05,17:55:00,16.3,16.3,16.3,16.3,100,0
2015-08-05,22:00:00,16.449,16.499,16.449,16.499,201,0
2015-08-06,17:30:00,16.3,16.3,16.251,16.251,326,0
2015-08-07,21:55:00,16.251,16.251,16.251,16.251,201,0
2015-08-10,15:35:00,16.161,16.161,16.161,16.161,234,0
2015-08-10,17:00:00,16.171,16.171,16.171,16.171,1007,0
2015-08-10,17:50:00,16.093,16.124,16.093,16.093,403,0
2015-08-10,18:10:00,16.073,16.073,16.073,16.073,100,0
2015-08-10,18:15:00,15.784,16.053,15.784,16.053,806,0
2015-08-10,18:50:00,15.626,15.626,15.626,15.626,504,0
2015-08-10,20:40:00,16.06,16.06,16.06,16.06,504,0
2015-08-11,17:05:00,16.073,16.073,16.073,16.073,604,0
2015-08-11,18:10:00,16.073,16.073,16.073,16.073,201,0
2015-08-13,21:30:00,16.063,16.063,16.063,16.063,201,0
2015-08-13,22:00:00,15.873,15.873,15.873,15.873,100,0
2015-08-14,15:35:00,15.596,15.596,15.596,15.596,393,0
2015-08-14,20:35:00,15.873,16.063,15.873,16.063,1109,0
2015-08-14,20:45:00,15.963,16.063,15.963,16.063,1513,0
2015-08-14,21:40:00,15.873,15.873,15.873,15.873,100,0
2015-08-14,22:00:00,15.873,15.873,15.863,15.873,414,0
2015-08-17,17:05:00,15.863,15.863,15.863,15.863,504,0
2015-08-17,21:35:00,15.863,15.863,15.863,15.863,504,0
2015-08-17,21:50:00,16.053,16.063,16.02,16.063,1042,0
2015-08-17,21:55:00,16.063,16.063,16.053,16.063,1962,0
2015-08-17,22:00:00,16.073,16.073,16.073,16.073,100,0
2015-08-18,15:50:00,16.073,16.073,16.073,16.073,2769,0
2015-08-18,15:55:00,16.103,16.103,16.103,16.103,201,0
2015-08-18,18:35:00,16.28,16.28,16.27,16.27,604,0
2015-08-18,18:50:00,16.171,16.171,16.171,16.171,504,0
2015-08-18,18:55:00,16.221,16.231,16.221,16.222,706,0
2015-08-18,19:00:00,16.171,16.171,16.171,16.171,303,0
2015-08-18,19:20:00,16.608,16.608,16.201,16.201,403,0
2015-08-18,19:25:00,16.171,16.191,16.171,16.191,604,0
2015-08-18,21:45:00,16.122,16.122,16.122,16.122,100,0
2015-08-18,21:50:00,16.122,16.132,16.122,16.122,604,0
2015-08-18,21:55:00,16.132,16.132,16.132,16.132,201,0
2015-08-19,19:50:00,16.201,16.201,16.201,16.201,100,0
2015-08-21,21:05:00,16.37,16.37,16.37,16.37,100,0
2015-08-21,21:10:00,16.083,16.093,16.063,16.063,699,0
2015-08-24,15:45:00,16.063,16.073,16.063,16.063,754,0
2015-08-24,16:00:00,16.065,16.065,16.063,16.063,1310,0
2015-08-24,16:05:00,16.064,16.064,16.063,16.063,3125,0
2015-08-24,16:10:00,16.063,16.063,16.063,16.063,100,0
2015-08-24,19:10:00,15.379,15.379,15.379,15.379,100,0
2015-08-24,19:30:00,15.676,15.676,15.676,15.676,302,0
2015-08-24,20:15:00,15.676,15.676,15.676,15.676,321,0
2015-08-24,20:55:00,15.378,15.428,15.378,15.428,2016,0
2015-08-24,21:00:00,15.447,15.447,15.378,15.378,201,0
2015-08-24,21:15:00,15.626,15.626,15.626,15.626,100,0
2015-08-24,21:20:00,15.526,15.526,15.526,15.526,100,0
2015-08-25,17:25:00,15.437,15.437,15.428,15.428,201,0
2015-08-26,19:05:00,15.775,15.775,15.775,15.775,403,0
2015-08-26,21:45:00,15.789,15.789,15.789,15.789,100,0
2015-08-27,16:15:00,16.618,16.618,16.618,16.618,100,0
2015-08-28,15:35:00,16.073,16.073,16.073,16.073,303,0
2015-08-28,16:50:00,16.103,16.103,16.083,16.083,201,0
2015-08-28,18:45:00,16.073,16.448,16.073,16.448,1210,0
2015-08-28,21:15:00,16.019,16.019,16.019,16.019,201,0
2015-08-28,22:00:00,15.883,15.883,15.883,15.883,201,0
2015-09-02,15:50:00,16.608,16.608,16.608,16.608,100,0
2015-09-08,15:40:00,15.378,15.378,15.378,15.378,100,0
2015-09-08,17:25:00,15.973,15.973,15.973,15.973,100,0
2015-09-08,18:20:00,15.873,15.873,15.873,15.873,201,0
2015-09-08,20:05:00,15.838,15.838,15.838,15.838,100,0
2015-09-08,20:40:00,15.873,15.873,15.873,15.873,100,0
2015-09-08,21:45:00,15.784,15.789,15.784,15.789,201,0
2015-09-08,21:50:00,15.963,15.973,15.963,15.973,403,0
2015-09-09,16:10:00,15.576,15.576,15.576,15.576,100,0
2015-09-09,18:40:00,15.408,15.408,15.408,15.408,201,0
2015-09-10,16:10:00,15.428,15.428,15.428,15.428,100,0
2015-09-10,17:25:00,16.023,16.023,16.023,16.023,806,0
2015-09-10,20:05:00,15.636,15.636,15.636,15.636,100,0
2015-09-11,15:40:00,15.873,15.873,15.873,15.873,2116,0
2015-09-11,15:55:00,15.873,15.873,15.873,15.873,373,0
2015-09-11,19:25:00,15.543,15.543,15.543,15.543,201,0
2015-09-11,21:50:00,15.418,15.418,15.418,15.418,100,0
2015-09-11,22:00:00,15.408,15.408,15.408,15.408,100,0
2015-09-15,20:30:00,15.408,15.408,15.408,15.408,100,0
2015-09-15,20:55:00,16.026,16.026,16.026,16.026,100,0
2015-09-15,22:00:00,15.408,15.408,15.408,15.408,100,0
2015-09-16,18:15:00,15.476,15.476,15.476,15.476,1007,0
2015-09-16,21:10:00,15.411,15.872,15.411,15.872,201,0
2015-09-17,17:15:00,15.437,15.437,15.41,15.41,201,0
2015-09-17,20:35:00,15.408,15.408,15.408,15.408,100,0
2015-09-17,22:00:00,15.408,15.408,15.408,15.408,100,0
2015-09-18,15:35:00,15.408,15.408,15.408,15.408,303,0
2015-09-18,19:55:00,15.408,15.408,15.408,15.408,100,0
2015-09-18,20:25:00,15.408,15.408,15.408,15.408,100,0
2015-09-18,20:35:00,15.408,15.408,15.408,15.408,100,0
2015-09-18,20:55:00,15.408,15.408,15.408,15.408,100,0
2015-09-18,22:00:00,15.903,16.103,15.903,16.103,3015,0
2015-09-21,16:20:00,16.083,16.083,16.083,16.083,100,0
2015-09-21,22:00:00,15.953,15.953,15.953,15.953,100,0
2015-09-22,19:45:00,15.775,15.775,15.775,15.775,100,0
2015-09-22,21:15:00,15.428,15.428,15.428,15.428,403,0
2015-09-24,19:20:00,15.873,15.873,15.794,15.824,813,0
2015-09-24,19:25:00,15.496,15.496,15.496,15.496,100,0
2015-09-24,20:10:00,15.536,15.536,15.536,15.536,100,0
2015-09-24,20:30:00,15.872,15.943,15.872,15.873,1109,0
2015-09-24,20:50:00,15.586,15.586,15.586,15.586,100,0
2015-09-24,21:50:00,15.824,15.913,15.824,15.903,504,0
2015-09-24,22:00:00,16.251,16.251,16.251,16.251,100,0
2015-09-25,16:05:00,15.516,15.516,15.428,15.428,877,0
2015-09-25,16:10:00,15.476,15.476,15.476,15.476,100,0
2015-09-25,16:40:00,15.775,15.775,15.626,15.626,403,0
2015-09-25,16:45:00,15.626,15.626,15.626,15.626,100,0
2015-09-25,16:50:00,15.676,15.706,15.666,15.676,706,0
2015-09-25,16:55:00,15.676,15.824,15.676,15.775,1310,0
2015-09-25,17:00:00,15.814,15.814,15.814,15.814,100,0
2015-09-25,17:15:00,15.775,15.775,15.775,15.775,100,0
2015-09-25,19:15:00,15.745,15.775,15.736,15.775,1804,0
2015-09-25,21:50:00,15.428,15.428,15.428,15.428,100,0
2015-09-28,16:05:00,15.447,15.447,15.428,15.428,938,0
2015-09-28,17:30:00,15.456,15.456,15.456,15.456,100,0
2015-09-29,19:05:00,15.775,15.775,15.676,15.676,303,0
2015-09-29,22:00:00,15.775,15.775,15.676,15.676,1813,0
2015-09-30,16:05:00,15.873,15.873,15.873,15.873,100,0
2015-09-30,16:45:00,15.726,15.726,15.726,15.726,100,0
2015-09-30,16:50:00,15.726,15.726,15.726,15.726,150,0
2015-09-30,21:40:00,15.576,15.576,15.541,15.541,201,0
2015-09-30,21:55:00,15.428,15.428,15.428,15.428,422,0
2015-10-01,16:50:00,15.418,15.536,15.418,15.536,504,0
2015-10-01,17:00:00,15.576,15.576,15.576,15.576,201,0
2015-10-01,18:15:00,15.775,15.775,15.775,15.775,100,0
2015-10-01,20:55:00,15.456,15.456,15.456,15.456,403,0
2015-10-01,21:45:00,15.775,15.775,15.775,15.775,100,0
2015-10-02,21:10:00,15.863,15.863,15.863,15.863,806,0
2015-10-05,15:35:00,15.696,15.696,15.696,15.696,106,0
2015-10-05,16:10:00,15.378,16.122,15.378,16.122,907,0
2015-10-06,19:00:00,15.775,15.775,15.775,15.775,1007,0
2015-10-06,19:25:00,15.526,15.536,15.526,15.536,329,0
2015-10-07,17:30:00,15.824,15.824,15.824,15.824,100,0
2015-10-07,19:40:00,15.339,15.339,15.339,15.339,100,0
2015-10-07,22:00:00,15.546,15.546,15.546,15.546,180,0
2015-10-08,18:50:00,15.873,15.873,15.339,15.339,706,0
2015-10-08,18:55:00,15.853,15.873,15.853,15.873,504,0
2015-10-08,19:00:00,15.636,15.636,15.636,15.636,100,0
2015-10-08,19:40:00,15.339,15.339,15.339,15.339,100,0
2015-10-08,21:25:00,15.834,15.873,15.824,15.863,907,0
2015-10-08,21:30:00,15.656,15.666,15.656,15.656,504,0
2015-10-08,21:35:00,15.824,15.843,15.626,15.824,2520,0
2015-10-08,21:40:00,15.824,15.843,15.794,15.843,706,0
2015-10-09,18:55:00,15.775,15.775,15.439,15.439,353,0
2015-10-09,21:45:00,15.775,15.775,15.775,15.775,756,0
2015-10-09,22:00:00,15.726,15.726,15.726,15.726,160,0
2015-10-12,20:20:00,15.495,15.495,15.495,15.495,303,0
2015-10-12,20:50:00,15.576,15.576,15.576,15.576,100,0
2015-10-12,21:00:00,15.755,15.775,15.755,15.775,846,0
2015-10-12,21:20:00,15.765,15.775,15.765,15.775,604,0
2015-10-15,16:30:00,15.437,15.437,15.437,15.437,100,0
2015-10-15,20:05:00,15.726,16.122,15.726,15.775,2675,0
2015-10-15,20:15:00,15.775,15.775,15.775,15.775,487,0
2015-10-15,21:00:00,15.775,15.775,15.775,15.775,453,0
2015-10-15,21:55:00,15.923,16.122,15.923,16.122,1366,0
2015-10-15,22:00:00,15.775,15.775,15.775,15.775,547,0
2015-10-16,16:25:00,15.775,15.775,15.775,15.775,1410,0
2015-10-16,21:45:00,15.775,15.775,15.775,15.775,100,0
2015-10-16,21:55:00,15.775,15.775,15.775,15.775,100,0
2015-10-16,22:00:00,15.775,15.824,15.775,15.824,547,0
2015-10-20,21:35:00,15.804,15.804,15.775,15.775,325,0
2015-10-20,22:00:00,15.824,15.824,15.824,15.824,100,0
2015-10-22,17:45:00,15.437,15.456,15.397,15.397,947,0
2015-10-22,20:00:00,15.447,15.505,15.388,15.505,1229,0
2015-10-22,21:05:00,15.626,15.765,15.626,15.765,898,0
2015-10-22,21:10:00,15.706,15.775,15.706,15.706,2261,0
2015-10-22,21:15:00,15.775,15.775,15.775,15.775,201,0
2015-10-22,21:50:00,15.853,15.853,15.853,15.853,201,0
2015-10-23,20:15:00,15.873,15.873,15.873,15.873,100,0
2015-10-26,14:35:00,15.824,15.824,15.824,15.824,773,0
2015-10-27,15:50:00,15.822,15.824,15.822,15.824,2183,0
2015-10-27,16:35:00,15.824,15.824,15.824,15.824,201,0
2015-10-28,19:35:00,15.804,15.804,15.804,15.804,100,0
2015-10-29,20:45:00,15.824,15.824,15.824,15.824,1372,0
2015-10-30,18:55:00,15.824,15.824,15.824,15.824,100,0
2015-10-30,19:15:00,15.775,15.775,15.775,15.775,100,0
2015-11-02,15:35:00,15.794,15.794,15.794,15.794,100,0
2015-11-02,18:30:00,16.112,16.112,16.112,16.112,504,0
2015-11-03,17:00:00,16.093,16.122,16.093,16.122,607,0
2015-11-04,20:20:00,16.043,16.043,16.043,16.043,201,0
2015-11-04,21:40:00,16.121,16.121,16.121,16.121,100,0
2015-11-04,21:45:00,15.933,15.943,15.933,15.943,302,0
2015-11-06,18:30:00,16.083,16.083,16.083,16.083,100,0
2015-11-06,20:15:00,16.073,16.073,16.073,16.073,100,0
2015-11-09,18:25:00,16.084,16.084,16.013,16.083,1106,0
2015-11-09,22:00:00,15.635,15.635,15.635,15.635,100,0
2015-11-10,18:10:00,16.132,16.162,16.132,16.162,771,0
2015-11-11,15:35:00,16.023,16.023,16.023,16.023,201,0
2015-11-12,15:35:00,15.705,15.705,15.705,15.705,107,0
2015-11-12,20:10:00,15.615,15.615,15.615,15.615,402,0
2015-11-12,22:00:00,15.555,15.555,15.515,15.515,303,0
2015-11-16,15:35:00,15.535,15.535,15.535,15.535,205,0
2015-11-17,19:55:00,15.545,15.545,15.545,15.545,100,0
2015-11-18,19:20:00,15.913,15.913,15.913,15.913,100,0
2015-11-18,22:00:00,15.695,15.695,15.695,15.695,235,0
2015-11-19,15:35:00,15.418,15.418,15.417,15.417,736,0
2015-11-19,17:45:00,15.465,15.465,15.465,15.465,100,0
2015-11-19,18:20:00,15.475,15.495,15.475,15.495,402,0
2015-11-19,20:50:00,15.485,15.485,15.485,15.485,100,0
2015-11-19,20:55:00,15.485,15.485,15.485,15.485,201,0
2015-11-19,21:05:00,15.436,15.436,15.436,15.436,100,0
2015-11-19,21:10:00,15.485,15.485,15.417,15.417,1106,0
2015-11-19,22:00:00,15.417,15.417,15.377,15.417,669,0
2015-11-20,21:15:00,15.814,15.814,15.814,15.814,120,0
2015-11-23,18:35:00,15.567,15.567,15.567,15.567,100,0
2015-11-23,22:00:00,15.535,15.535,15.535,15.535,100,0
2015-11-24,20:55:00,15.436,15.715,15.436,15.715,201,0
2015-11-24,22:00:00,15.455,15.455,15.417,15.417,803,0
2015-11-25,15:35:00,15.565,15.565,15.565,15.565,118,0
2015-11-25,19:20:00,15.417,15.417,15.417,15.417,100,0
2015-11-25,21:10:00,15.417,15.417,15.417,15.417,100,0
2015-11-25,22:00:00,15.417,15.417,15.417,15.417,150,0
2015-11-27,19:00:00,15.337,15.337,15.337,15.337,122,0
2015-11-30,22:00:00,15.192,15.192,15.192,15.192,100,0
2015-12-01,19:05:00,15.615,15.665,15.615,15.665,704,0
2015-12-01,21:05:00,15.597,15.597,15.597,15.597,100,0
2015-12-01,21:45:00,15.503,15.503,15.503,15.503,452,0
2015-12-01,22:00:00,15.485,15.485,15.485,15.485,100,0
2015-12-02,15:40:00,15.167,15.204,15.167,15.204,201,0
2015-12-02,18:30:00,15.555,15.555,15.555,15.555,100,0
2015-12-02,18:40:00,15.505,15.505,15.407,15.407,503,0
2015-12-02,18:45:00,15.417,15.417,15.417,15.417,201,0
2015-12-02,18:50:00,15.217,15.217,15.187,15.187,553,0
2015-12-02,19:50:00,15.465,15.465,15.407,15.407,302,0
2015-12-02,20:10:00,15.187,15.187,15.187,15.187,302,0
2015-12-02,20:40:00,15.227,15.317,15.167,15.167,1239,0
2015-12-03,17:55:00,15.137,15.137,15.137,15.137,100,0
2015-12-03,18:05:00,15.565,15.565,15.565,15.565,402,0
2015-12-03,19:05:00,15.227,15.227,15.227,15.227,603,0
2015-12-03,19:50:00,15.277,15.277,15.277,15.277,100,0
2015-12-03,20:00:00,15.367,15.367,15.367,15.367,402,0
2015-12-03,20:05:00,15.367,15.367,15.367,15.367,591,0
2015-12-03,20:20:00,15.417,15.417,15.417,15.417,402,0
2015-12-03,20:25:00,15.417,15.417,15.417,15.417,100,0
2015-12-03,21:50:00,15.417,15.417,15.417,15.417,680,0
2015-12-04,17:50:00,15.167,15.167,15.167,15.167,1207,0
2015-12-04,17:55:00,15.177,15.177,15.167,15.167,1307,0
2015-12-04,18:00:00,15.137,15.137,15.137,15.137,100,0
2015-12-04,21:05:00,15.157,15.167,15.157,15.167,503,0
2015-12-04,22:00:00,14.979,14.979,14.979,14.979,267,0
2015-12-07,16:25:00,14.969,14.969,14.969,14.969,100,0
2015-12-07,16:45:00,14.969,14.969,14.969,14.969,100,0
2015-12-07,16:55:00,14.969,14.969,14.969,14.969,100,0
2015-12-07,17:25:00,14.919,14.919,14.919,14.919,100,0
2015-12-07,17:30:00,14.919,14.919,14.919,14.919,298,0
2015-12-07,17:40:00,14.919,14.919,14.919,14.919,100,0
2015-12-07,17:55:00,14.919,14.919,14.919,14.919,100,0
2015-12-07,18:35:00,14.919,14.919,14.919,14.919,603,0
2015-12-07,19:15:00,14.67,14.67,14.67,14.67,100,0
2015-12-07,19:30:00,14.67,14.67,14.67,14.67,100,0
2015-12-07,19:45:00,14.77,14.77,14.73,14.73,201,0
2015-12-07,20:00:00,14.67,14.67,14.67,14.67,100,0
2015-12-07,20:15:00,14.67,14.67,14.64,14.64,497,0
2015-12-07,20:20:00,14.67,14.67,14.442,14.442,201,0
2015-12-07,20:30:00,14.422,14.422,14.422,14.422,100,0
2015-12-07,20:35:00,14.422,14.422,14.422,14.422,100,0
2015-12-07,21:00:00,14.442,14.468,14.422,14.422,1207,0
2015-12-07,21:05:00,14.422,14.422,14.422,14.422,100,0
2015-12-07,21:30:00,14.422,14.422,14.422,14.422,201,0
2015-12-07,21:35:00,14.432,14.432,14.432,14.432,100,0
2015-12-07,22:00:00,14.422,14.422,14.422,14.422,967,0
2015-12-08,15:35:00,14.292,14.292,14.292,14.292,586,0
2015-12-08,16:25:00,14.322,14.322,14.322,14.322,100,0
2015-12-08,16:55:00,14.332,14.332,14.322,14.322,402,0
2015-12-08,17:25:00,14.422,14.422,14.422,14.422,201,0
2015-12-08,17:55:00,14.422,14.422,14.422,14.422,201,0
2015-12-08,18:05:00,14.422,14.422,14.422,14.422,704,0
2015-12-08,18:10:00,14.422,14.422,14.422,14.422,100,0
2015-12-08,18:30:00,14.173,14.173,14.173,14.173,704,0
2015-12-08,18:35:00,14.054,14.054,14.054,14.054,100,0
2015-12-08,18:40:00,14.004,14.004,13.974,13.974,302,0
2015-12-08,18:45:00,13.974,13.994,13.974,13.994,603,0
2015-12-08,19:55:00,14.074,14.143,14.074,14.074,302,0
2015-12-08,20:00:00,13.994,13.994,13.974,13.974,201,0
2015-12-08,20:15:00,13.974,13.974,13.924,13.924,452,0
2015-12-08,20:20:00,13.924,13.924,13.208,13.437,1005,0
2015-12-08,20:30:00,13.059,13.586,13.059,13.556,1809,0
2015-12-08,20:45:00,13.474,13.904,13.474,13.904,342,0
2015-12-08,21:00:00,13.824,13.904,13.427,13.904,2614,0
2015-12-08,21:05:00,13.894,13.924,13.894,13.924,577,0
2015-12-08,21:20:00,13.884,13.884,13.884,13.884,100,0
2015-12-08,21:35:00,13.824,13.834,13.824,13.834,288,0
2015-12-08,21:40:00,14.024,14.024,14.024,14.024,100,0
2015-12-08,21:55:00,14.024,14.024,14.024,14.024,100,0
2015-12-08,22:00:00,14.064,14.123,14.064,14.123,503,0
2015-12-09,16:25:00,13.766,13.766,13.766,13.766,100,0
2015-12-09,16:55:00,13.874,13.874,13.874,13.874,100,0
2015-12-09,17:25:00,13.854,13.854,13.854,13.854,100,0
2015-12-09,17:45:00,14.024,14.024,14.024,14.024,201,0
2015-12-09,17:55:00,14.024,14.024,14.024,14.024,100,0
2015-12-09,18:35:00,14.024,14.024,14.024,14.024,201,0
2015-12-09,19:15:00,14.024,14.024,14.024,14.024,100,0
2015-12-09,19:20:00,14.024,14.024,14.024,14.024,201,0
2015-12-09,19:45:00,14.108,14.108,14.108,14.108,150,0
2015-12-09,20:20:00,14.123,14.123,14.123,14.123,100,0
2015-12-09,20:30:00,14.123,14.123,14.123,14.123,201,0
2015-12-09,20:50:00,14.123,14.123,14.123,14.123,201,0
2015-12-09,21:20:00,14.153,14.153,14.153,14.153,100,0
2015-12-09,21:40:00,14.143,14.143,14.143,14.143,187,0
2015-12-09,21:55:00,14.143,14.143,14.143,14.143,100,0
2015-12-09,22:00:00,14.143,14.252,14.143,14.252,504,0
2015-12-10,16:55:00,14.252,14.252,14.252,14.252,100,0
2015-12-10,17:20:00,14.024,14.024,14.024,14.024,100,0
2015-12-10,17:50:00,14.024,14.252,14.024,14.252,201,0
2015-12-10,18:25:00,14.034,14.034,14.034,14.034,201,0
2015-12-10,19:00:00,14.034,14.034,14.034,14.034,100,0
2015-12-10,19:40:00,14.034,14.034,14.034,14.034,100,0
2015-12-10,19:55:00,14.978,15.387,14.978,15.387,201,0
2015-12-10,20:15:00,14.024,14.074,14.024,14.024,503,0
2015-12-10,20:25:00,14.034,14.034,14.024,14.024,503,0
2015-12-10,20:30:00,14.044,14.044,14.044,14.044,100,0
2015-12-10,21:00:00,14.034,14.034,14.034,14.034,100,0
2015-12-10,21:05:00,14.024,14.034,14.024,14.024,2313,0
2015-12-10,21:10:00,14.024,14.123,13.924,13.984,2313,0
2015-12-10,21:15:00,13.636,14.024,13.636,14.024,2701,0
2015-12-10,21:20:00,14.074,14.114,14.074,14.114,201,0
2015-12-10,21:35:00,14.123,14.123,14.024,14.064,2815,0
2015-12-10,21:45:00,14.024,14.024,14.024,14.024,282,0
2015-12-10,21:50:00,13.934,13.934,13.934,13.934,302,0
2015-12-10,22:00:00,13.934,13.934,13.934,13.934,503,0
2015-12-11,15:35:00,13.934,13.934,13.934,13.934,203,0
2015-12-11,16:20:00,13.824,13.824,13.824,13.824,100,0
2015-12-11,16:40:00,13.824,13.824,13.824,13.824,100,0
2015-12-11,16:50:00,13.824,13.824,13.824,13.824,100,0
2015-12-11,17:20:00,13.824,13.824,13.824,13.824,100,0
2015-12-11,17:55:00,13.824,13.824,13.626,13.626,1911,0
2015-12-11,18:05:00,13.596,13.636,13.596,13.636,603,0
2015-12-11,18:30:00,13.666,13.666,13.596,13.596,201,0
2015-12-11,19:10:00,13.596,13.596,13.596,13.596,201,0
2015-12-11,19:15:00,13.685,13.685,13.685,13.685,201,0
2015-12-11,20:25:00,13.596,13.596,13.596,13.596,100,0
2015-12-11,20:30:00,13.596,13.596,13.576,13.576,493,0
2015-12-11,20:55:00,13.626,13.626,13.626,13.626,311,0
2015-12-11,21:25:00,13.338,13.338,13.338,13.338,201,0
2015-12-11,21:30:00,13.338,13.338,13.338,13.338,201,0
2015-12-11,21:50:00,13.338,13.338,13.338,13.338,201,0
2015-12-11,22:00:00,13.338,13.348,13.338,13.338,503,0
2015-12-14,16:55:00,13.338,13.338,12.979,12.979,427,0
2015-12-14,17:25:00,12.979,12.979,12.979,12.979,100,0
2015-12-14,18:45:00,13.894,13.894,13.328,13.328,201,0
2015-12-14,18:50:00,13.358,13.358,13.358,13.358,100,0
2015-12-14,19:40:00,13.328,13.328,13.328,13.328,302,0
2015-12-14,19:45:00,13.328,13.328,13.328,13.328,402,0
2015-12-14,19:55:00,13.278,13.318,13.278,13.318,330,0
2015-12-14,20:00:00,13.368,13.377,13.368,13.377,1014,0
2015-12-14,20:30:00,13.397,13.397,13.397,13.397,100,0
2015-12-14,20:45:00,13.377,13.387,13.377,13.387,302,0
2015-12-14,21:05:00,13.377,13.377,13.377,13.377,201,0
2015-12-14,21:10:00,13.516,13.516,13.516,13.516,201,0
2015-12-14,21:30:00,13.387,13.387,13.377,13.377,905,0
2015-12-14,21:45:00,13.278,13.278,13.278,13.278,100,0
2015-12-15,15:35:00,13.606,13.606,13.606,13.606,201,0
2015-12-15,15:40:00,13.974,13.974,13.974,13.974,100,0
2015-12-15,16:15:00,13.844,13.844,13.844,13.844,100,0
2015-12-15,16:25:00,13.974,14.432,13.964,14.432,1579,0
2015-12-15,16:30:00,14.432,14.432,14.054,14.054,201,0
2015-12-15,16:50:00,14.362,14.362,14.362,14.362,201,0
2015-12-15,17:20:00,14.044,14.044,14.044,14.044,100,0
2015-12-15,17:30:00,13.824,13.824,13.824,13.824,100,0
2015-12-15,17:45:00,13.824,13.824,13.824,13.824,1005,0
2015-12-15,18:00:00,13.824,13.834,13.824,13.834,302,0
2015-12-15,18:40:00,13.844,13.844,13.844,13.844,100,0
2015-12-15,18:45:00,13.834,13.984,13.834,13.984,422,0
2015-12-15,19:20:00,13.824,13.824,13.824,13.824,100,0
2015-12-15,19:40:00,13.924,13.924,13.824,13.824,402,0
2015-12-15,20:10:00,13.914,13.914,13.914,13.914,100,0
2015-12-15,20:15:00,13.844,13.864,13.844,13.864,402,0
2015-12-15,20:25:00,13.328,13.328,13.328,13.328,100,0
2015-12-15,20:35:00,13.328,13.328,13.328,13.328,100,0
2015-12-15,21:00:00,13.358,13.358,13.358,13.358,100,0
2015-12-15,21:05:00,13.358,13.358,13.358,13.358,100,0
2015-12-15,21:25:00,13.457,13.457,13.457,13.457,302,0
2015-12-15,21:30:00,13.536,13.536,13.536,13.536,201,0
2015-12-15,21:35:00,13.427,13.427,13.427,13.427,100,0
2015-12-15,21:45:00,13.516,13.516,13.516,13.516,100,0
2015-12-15,21:50:00,13.358,13.358,13.358,13.358,100,0
2015-12-15,21:55:00,13.447,13.447,13.447,13.447,201,0
2015-12-15,22:00:00,13.457,13.457,13.328,13.328,201,0
2015-12-16,17:00:00,13.308,14.143,13.308,14.143,204,0
2015-12-16,17:15:00,14.133,14.581,14.133,14.581,402,0
2015-12-16,17:20:00,13.636,13.636,13.636,13.636,100,0
2015-12-16,18:05:00,13.556,13.556,13.556,13.556,100,0
2015-12-16,18:25:00,13.874,13.874,13.556,13.873,603,0
2015-12-16,18:50:00,13.526,13.526,13.526,13.526,100,0
2015-12-16,19:05:00,13.656,13.656,13.646,13.656,905,0
2015-12-16,19:10:00,13.526,13.526,13.526,13.526,100,0
2015-12-16,19:30:00,13.486,13.486,13.486,13.486,100,0
2015-12-16,19:40:00,13.358,13.358,13.358,13.358,100,0
2015-12-16,19:50:00,13.427,13.427,13.358,13.358,201,0
2015-12-16,19:55:00,13.427,13.626,13.427,13.626,302,0
2015-12-16,20:00:00,13.526,13.526,13.526,13.526,100,0
2015-12-16,20:35:00,13.526,14.372,13.526,14.372,553,0
2015-12-16,21:05:00,13.954,13.954,13.954,13.954,402,0
2015-12-16,21:15:00,14.024,14.024,14.024,14.024,100,0
2015-12-16,21:35:00,13.486,13.568,13.437,13.568,1005,0
2015-12-16,21:40:00,13.338,13.338,13.338,13.338,100,0
2015-12-16,21:45:00,13.516,13.516,13.516,13.516,100,0
2015-12-17,16:35:00,13.447,13.447,13.288,13.288,905,0
2015-12-17,16:40:00,13.308,13.308,13.308,13.308,100,0
2015-12-17,16:45:00,13.824,14.173,13.824,14.173,411,0
2015-12-17,16:50:00,13.387,13.387,13.387,13.387,100,0
2015-12-17,16:55:00,13.466,13.466,13.466,13.466,100,0
2015-12-17,17:10:00,14.064,14.123,13.447,13.447,603,0
2015-12-17,17:20:00,13.556,13.556,13.556,13.556,100,0
2015-12-17,17:35:00,13.516,13.516,13.516,13.516,100,0
2015-12-17,17:50:00,13.228,13.228,13.228,13.228,100,0
2015-12-17,17:55:00,13.716,13.716,13.228,13.228,557,0
2015-12-17,18:10:00,13.476,13.496,13.476,13.496,302,0
2015-12-17,18:20:00,13.476,13.716,13.348,13.716,603,0
2015-12-17,18:25:00,13.228,13.228,13.228,13.228,100,0
2015-12-17,18:30:00,13.656,13.656,13.606,13.606,804,0
2015-12-17,18:35:00,13.656,13.666,13.338,13.397,603,0
2015-12-17,18:55:00,13.556,14.084,13.427,13.427,1911,0
2015-12-17,19:00:00,13.776,13.864,13.776,13.864,402,0
2015-12-17,19:30:00,13.596,13.596,13.586,13.586,201,0
2015-12-17,19:35:00,13.407,13.407,13.407,13.407,100,0
2015-12-17,19:40:00,13.427,13.427,13.427,13.427,100,0
2015-12-17,20:00:00,13.646,13.646,13.616,13.616,201,0
2015-12-17,20:25:00,13.496,13.496,13.496,13.496,100,0
2015-12-17,20:35:00,13.506,13.506,13.506,13.506,201,0
2015-12-17,20:45:00,13.536,13.536,13.496,13.496,302,0
2015-12-17,21:05:00,13.526,13.804,13.526,13.804,966,0
2015-12-17,21:10:00,13.506,13.506,13.506,13.506,100,0
2015-12-17,21:15:00,13.536,13.536,13.536,13.536,100,0
2015-12-17,21:20:00,13.526,13.526,13.526,13.526,100,0
2015-12-17,21:40:00,13.526,13.526,13.466,13.466,201,0
2015-12-17,21:45:00,13.526,13.526,13.437,13.437,302,0
2015-12-17,21:50:00,13.457,13.496,13.427,13.427,302,0
2015-12-17,21:55:00,13.457,13.476,13.457,13.466,503,0
2015-12-17,22:00:00,13.466,13.466,13.427,13.427,704,0
2015-12-18,16:20:00,13.476,13.874,13.476,13.874,201,0
2015-12-18,16:30:00,13.776,13.776,13.776,13.776,100,0
2015-12-18,16:50:00,13.536,13.536,13.536,13.536,100,0
2015-12-18,17:05:00,13.546,13.546,13.546,13.546,100,0
2015-12-18,17:15:00,13.726,13.726,13.726,13.726,100,0
2015-12-18,17:25:00,13.824,13.824,13.824,13.824,100,0
2015-12-18,17:30:00,13.776,13.776,13.776,13.776,100,0
2015-12-18,17:40:00,13.716,13.819,13.716,13.819,201,0
2015-12-18,17:45:00,13.636,13.636,13.636,13.636,100,0
2015-12-18,17:55:00,13.874,13.874,13.874,13.874,100,0
2015-12-18,18:25:00,13.726,13.824,13.726,13.814,587,0
2015-12-18,18:40:00,13.874,13.874,13.874,13.874,100,0
2015-12-18,19:10:00,13.726,13.726,13.726,13.726,100,0
2015-12-18,19:25:00,13.924,13.924,13.924,13.924,100,0
2015-12-18,19:50:00,13.546,13.924,13.546,13.924,201,0
2015-12-18,20:00:00,14.114,14.114,14.114,14.114,100,0
2015-12-18,20:15:00,14.014,14.014,14.014,14.014,100,0
2015-12-18,20:20:00,14.014,14.024,14.014,14.024,201,0
2015-12-18,20:55:00,13.636,13.636,13.636,13.636,100,0
2015-12-18,21:05:00,13.924,13.924,13.924,13.924,100,0
2015-12-18,21:25:00,13.874,13.874,13.874,13.874,100,0
2015-12-18,21:40:00,13.864,13.864,13.864,13.864,100,0
2015-12-18,21:50:00,13.864,13.864,13.864,13.864,100,0
2015-12-18,21:55:00,13.864,15.311,13.864,14.521,3418,0
2015-12-18,22:00:00,15.014,15.028,14.67,15.028,1207,0
2015-12-21,16:00:00,14.983,14.999,14.919,14.919,1414,0
2015-12-21,17:50:00,15.565,15.565,15.565,15.565,100,0
2015-12-21,18:15:00,15.515,15.563,14.919,14.919,1106,0
2015-12-21,18:20:00,15.118,15.147,15.098,15.098,603,0
2015-12-21,18:25:00,15.048,15.048,15.048,15.048,100,0
2015-12-21,18:35:00,15.157,15.167,15.138,15.147,704,0
2015-12-21,18:40:00,14.999,14.999,14.919,14.929,402,0
2015-12-21,18:45:00,14.68,14.72,14.68,14.72,201,0
2015-12-21,18:50:00,14.879,14.879,14.879,14.879,135,0
2015-12-21,19:00:00,14.919,14.919,14.919,14.919,338,0
2015-12-21,19:20:00,14.72,14.72,14.72,14.72,100,0
2015-12-21,19:25:00,14.819,14.919,14.819,14.819,603,0
2015-12-21,19:45:00,14.352,14.352,14.352,14.352,201,0
2015-12-21,19:55:00,14.799,14.799,14.77,14.77,201,0
2015-12-21,20:35:00,14.242,14.242,14.242,14.242,100,0
2015-12-21,20:45:00,13.566,13.566,13.566,13.566,100,0
2015-12-21,20:55:00,14.237,15.019,14.237,15.019,302,0
2015-12-21,22:00:00,14.521,14.819,13.726,14.819,469,0
2015-12-22,16:05:00,14.581,14.581,14.551,14.551,228,0
2015-12-22,17:25:00,14.551,14.74,14.551,14.74,402,0
2015-12-22,18:00:00,14.819,14.919,14.819,14.919,402,0
2015-12-22,18:05:00,14.859,14.859,14.859,14.859,201,0
2015-12-22,18:10:00,14.859,14.869,14.819,14.819,603,0
2015-12-22,18:15:00,14.859,14.859,14.819,14.839,302,0
2015-12-22,20:00:00,14.819,14.819,14.819,14.819,100,0
2015-12-22,20:15:00,15.088,15.088,15.088,15.088,201,0
2015-12-22,20:35:00,14.541,14.804,14.352,14.352,1027,0
2015-12-22,20:40:00,14.392,14.392,14.392,14.392,100,0
2015-12-22,20:45:00,14.556,14.556,14.342,14.342,201,0
2015-12-22,20:50:00,14.541,14.541,14.521,14.521,201,0
2015-12-22,21:20:00,14.432,14.432,14.432,14.432,100,0
2015-12-22,21:45:00,14.869,14.869,14.869,14.869,100,0
2015-12-22,22:00:00,14.402,14.402,14.402,14.402,100,0
2015-12-23,15:35:00,14.322,14.322,14.322,14.322,1493,0
2015-12-23,15:45:00,13.766,13.766,13.766,13.766,100,0
2015-12-23,16:10:00,13.964,13.974,13.964,13.974,201,0
2015-12-23,17:30:00,14.014,14.014,14.014,14.014,100,0
2015-12-23,18:20:00,13.924,13.924,13.924,13.924,100,0
2015-12-23,18:35:00,14.39,14.39,13.695,13.695,402,0
2015-12-23,18:55:00,13.756,13.756,13.756,13.756,100,0
2015-12-23,19:25:00,13.844,13.844,13.844,13.844,100,0
2015-12-23,19:50:00,14.64,14.72,14.271,14.72,1106,0
2015-12-23,20:05:00,13.864,13.864,13.864,13.864,100,0
2015-12-23,21:00:00,13.824,13.824,13.824,13.824,100,0
2015-12-23,21:25:00,13.646,13.646,13.646,13.646,100,0
2015-12-23,21:30:00,13.746,13.746,13.746,13.746,100,0
2015-12-23,22:00:00,13.785,13.785,13.676,13.676,576,0
2015-12-24,16:50:00,14.252,14.252,14.252,14.252,201,0
2015-12-24,18:40:00,14.202,14.521,13.736,14.437,713,0
2015-12-24,19:00:00,13.686,13.686,13.686,13.686,100,0
2015-12-28,17:35:00,13.924,14.074,13.924,14.074,201,0
2015-12-28,20:10:00,13.726,13.726,13.726,13.726,909,0
2015-12-29,15:35:00,13.924,13.924,13.924,13.924,1659,0
2015-12-29,19:10:00,14.591,14.591,14.382,14.382,302,0
2015-12-29,19:15:00,14.292,14.322,14.024,14.074,1106,0
2015-12-29,19:20:00,14.034,14.034,14.034,14.034,603,0
2015-12-29,21:40:00,13.974,13.974,13.974,13.974,100,0
2015-12-29,22:00:00,14.362,14.362,13.924,14.064,302,0
2015-12-31,15:35:00,14.054,14.054,14.054,14.054,200,0
2015-12-31,16:30:00,14.471,14.471,14.471,14.471,503,0
2015-12-31,21:30:00,14.372,14.372,14.372,14.372,100,0
2015-12-31,22:00:00,13.766,13.766,13.766,13.766,126,0
2016-01-04,18:45:00,14.169,14.169,14.169,14.169,100,0
2016-01-04,18:50:00,13.804,13.804,13.804,13.804,100,0
2016-01-04,19:05:00,13.844,13.844,13.844,13.844,100,0
2016-01-04,19:30:00,13.844,13.844,13.844,13.844,100,0
2016-01-04,20:15:00,13.804,13.804,13.804,13.804,100,0
2016-01-04,20:35:00,13.824,13.824,13.804,13.804,201,0
2016-01-04,21:15:00,13.834,13.834,13.834,13.834,100,0
2016-01-04,21:40:00,13.844,13.844,13.814,13.814,302,0
2016-01-04,21:45:00,13.874,13.874,13.874,13.874,201,0
2016-01-04,21:55:00,13.874,14.62,13.814,13.814,302,0
2016-01-04,22:00:00,13.804,13.804,13.804,13.804,114,0
2016-01-05,17:55:00,14.591,14.591,13.974,13.974,1106,0
2016-01-05,18:00:00,13.934,13.934,13.925,13.925,201,0
2016-01-05,19:55:00,14.123,14.123,14.123,14.123,201,0
2016-01-05,22:00:00,13.934,13.934,13.934,13.934,100,0
2016-01-06,19:15:00,13.944,13.944,13.924,13.924,201,0
2016-01-06,19:25:00,13.864,13.874,13.854,13.874,804,0
2016-01-06,21:45:00,13.874,13.874,13.874,13.874,100,0
2016-01-06,22:00:00,13.804,13.804,13.804,13.804,100,0
2016-01-07,16:25:00,13.776,13.918,13.776,13.918,402,0
2016-01-07,16:30:00,13.726,13.726,13.726,13.726,100,0
2016-01-07,17:15:00,13.924,13.924,13.924,13.924,252,0
2016-01-07,17:50:00,13.924,13.924,13.92,13.924,905,0
2016-01-07,17:55:00,13.924,13.924,13.626,13.924,3858,0
2016-01-07,19:50:00,13.924,13.924,13.924,13.924,100,0
2016-01-07,22:00:00,13.924,13.924,13.924,13.924,100,0
2016-01-08,15:35:00,14.292,15.079,14.292,15.079,658,0
2016-01-08,16:55:00,14.123,14.372,14.084,14.084,503,0
2016-01-08,22:00:00,14.024,14.024,14.024,14.024,100,0
2016-01-11,17:50:00,13.864,14.471,13.864,14.114,1307,0
2016-01-11,17:55:00,13.824,14.372,13.824,13.994,2011,0
2016-01-11,18:00:00,13.924,14.362,13.794,13.934,3218,0
2016-01-11,18:05:00,13.824,14.014,13.824,13.983,1709,0
2016-01-11,18:10:00,13.874,14.004,13.874,14.004,603,0
2016-01-11,18:15:00,14.202,14.202,14.014,14.044,1911,0
2016-01-11,18:20:00,13.884,14.053,13.884,13.924,2313,0
2016-01-11,18:25:00,14.084,14.092,14.064,14.092,925,0
2016-01-11,20:10:00,13.746,13.746,13.746,13.746,100,0
2016-01-11,21:15:00,13.616,13.616,13.616,13.616,100,0
2016-01-11,22:00:00,13.874,13.874,13.874,13.874,190,0
2016-01-12,15:55:00,14.322,14.322,13.974,13.974,704,0
2016-01-12,16:00:00,13.726,14.004,13.726,13.824,603,0
2016-01-12,16:05:00,13.934,14.054,13.824,14.054,704,0
2016-01-12,17:15:00,13.924,13.924,13.924,13.924,100,0
2016-01-12,17:35:00,13.924,13.924,13.924,13.924,100,0
2016-01-12,22:00:00,14.123,14.123,14.123,14.123,100,0
2016-01-13,15:55:00,14.322,14.322,13.776,13.854,1509,0
2016-01-13,16:00:00,13.776,14.222,13.776,14.222,1106,0
2016-01-13,18:55:00,14.183,14.183,14.183,14.183,100,0
2016-01-13,19:50:00,13.961,13.961,13.961,13.961,503,0
2016-01-13,20:45:00,13.934,13.934,13.934,13.934,201,0
2016-01-13,21:20:00,14.127,14.127,14.127,14.127,100,0
2016-01-14,15:50:00,13.934,13.934,13.934,13.934,1459,0
2016-01-14,16:05:00,13.974,13.974,13.934,13.934,1804,0
2016-01-14,16:10:00,13.934,13.934,13.934,13.934,391,0
2016-01-14,16:35:00,13.824,13.824,13.824,13.824,201,0
2016-01-14,18:30:00,13.627,13.627,13.627,13.627,100,0
2016-01-14,21:30:00,13.636,13.636,13.636,13.636,1609,0
2016-01-14,21:35:00,13.814,13.814,13.814,13.814,1609,0
2016-01-14,21:45:00,13.566,13.566,13.526,13.526,449,0
2016-01-14,22:00:00,13.924,13.924,13.924,13.924,2011,0
2016-01-15,15:35:00,13.526,13.526,13.526,13.526,101,0
2016-01-15,16:45:00,14.014,14.074,13.874,14.074,804,0
2016-01-15,18:40:00,13.824,13.824,13.824,13.824,100,0
2016-01-15,18:45:00,13.666,13.666,13.656,13.656,201,0
2016-01-15,20:40:00,13.546,13.546,13.546,13.546,805,0
2016-01-15,22:00:00,13.626,13.626,13.626,13.626,104,0
2016-01-19,15:55:00,13.427,13.526,13.427,13.526,735,0
2016-01-19,18:40:00,13.288,13.288,13.288,13.288,201,0
2016-01-19,20:45:00,13.288,13.288,13.288,13.288,100,0
2016-01-19,20:50:00,13.228,13.228,13.228,13.228,2622,0
2016-01-19,21:45:00,13.228,13.228,13.228,13.228,100,0
2016-01-19,22:00:00,13.207,13.207,13.009,13.009,2111,0
2016-01-20,17:25:00,13.128,13.128,13.128,13.128,100,0
2016-01-20,17:45:00,13.129,13.158,13.128,13.128,2161,0
2016-01-20,18:00:00,13.138,13.138,13.128,13.128,3060,0
2016-01-20,19:00:00,13.089,13.089,13.089,13.089,100,0
2016-01-20,19:10:00,13.089,13.089,13.089,13.089,100,0
2016-01-20,19:20:00,12.999,12.999,12.999,12.999,402,0
2016-01-20,19:30:00,13.029,13.029,13.009,13.009,320,0
2016-01-20,19:55:00,12.999,12.999,12.999,12.999,302,0
2016-01-20,20:15:00,13.109,13.109,13.109,13.109,905,0
2016-01-20,20:40:00,13.029,13.029,13,13,252,0
2016-01-20,21:55:00,13.128,13.128,13.128,13.128,603,0
2016-01-21,15:35:00,13.128,13.128,13.128,13.128,101,0
2016-01-21,17:00:00,13.23,13.23,13.23,13.23,100,0
2016-01-21,18:15:00,13.128,13.128,13.128,13.128,904,0
2016-01-21,21:40:00,12.999,12.999,12.979,12.979,1120,0
2016-01-21,21:50:00,12.94,12.94,12.651,12.89,905,0
2016-01-22,17:25:00,13.726,13.726,13.726,13.726,100,0
2016-01-22,17:30:00,13.318,13.586,12.95,13.168,1709,0
2016-01-22,17:35:00,13.328,13.328,13.328,13.328,302,0
2016-01-22,20:20:00,13.626,13.626,13.079,13.079,1005,0
2016-01-22,20:55:00,13.128,13.128,12.741,13.128,1187,0
2016-01-22,21:25:00,13.873,13.873,13.873,13.873,100,0
2016-01-22,21:30:00,13.109,13.109,13.109,13.109,100,0
2016-01-22,21:35:00,12.8,12.8,12.791,12.791,302,0
2016-01-22,21:40:00,12.81,12.905,12.791,12.791,302,0
2016-01-22,21:45:00,12.651,12.671,12.651,12.671,201,0
2016-01-22,21:50:00,12.661,12.661,12.651,12.651,201,0
2016-01-22,21:55:00,12.671,12.671,12.651,12.651,302,0
2016-01-22,22:00:00,12.532,12.701,12.433,12.472,1609,0
2016-01-25,15:35:00,12.433,12.433,12.433,12.433,402,0
2016-01-25,15:40:00,12.651,12.651,12.651,12.651,100,0
2016-01-25,17:15:00,12.701,12.701,12.681,12.681,530,0
2016-01-25,20:15:00,12.433,12.502,12.433,12.502,201,0
2016-01-25,21:45:00,12.492,12.492,12.492,12.492,100,0
2016-01-26,19:45:00,13.397,13.397,13.397,13.397,201,0
2016-01-27,15:35:00,12.89,12.89,12.89,12.89,100,0
2016-01-27,19:15:00,12.83,12.83,12.83,12.83,150,0
2016-01-27,21:55:00,12.81,12.826,12.714,12.714,3016,0
2016-01-27,22:00:00,12.82,12.85,12.82,12.85,204,0
2016-01-28,15:50:00,13.109,13.109,13.109,13.109,201,0
2016-01-28,20:05:00,13.119,13.119,13.019,13.089,503,0
2016-01-28,21:35:00,13.118,13.119,13.118,13.119,302,0
2016-01-28,21:50:00,13.115,13.115,12.993,12.993,503,0
2016-01-29,20:20:00,13.646,13.646,13.646,13.646,100,0
2016-01-29,22:00:00,12.93,12.93,12.93,12.93,362,0
2016-02-01,21:55:00,13.009,13.009,13.009,13.009,804,0
2016-02-02,16:25:00,13.321,13.321,13.321,13.321,503,0
2016-02-02,17:35:00,13.427,13.427,13.427,13.427,100,0
2016-02-02,19:40:00,13.427,13.427,13.292,13.292,402,0
2016-02-04,22:00:00,13.268,13.268,13.058,13.058,200,0
2016-02-05,21:55:00,13.11,13.11,13.11,13.11,501,0
2016-02-08,15:35:00,13.048,13.048,13.048,13.048,129,0
2016-02-09,20:25:00,13.168,13.198,13.168,13.198,200,0
2016-02-09,20:30:00,12.968,12.968,12.968,12.968,418,0
2016-02-09,20:35:00,12.968,12.968,12.968,12.968,501,0
2016-02-11,16:55:00,12.929,12.929,12.929,12.929,501,0
2016-02-11,17:15:00,12.818,12.819,12.809,12.819,352,0
2016-02-16,15:35:00,12.689,12.689,12.689,12.689,436,0
2016-02-16,20:00:00,12.764,12.764,12.764,12.764,100,0
2016-02-16,20:05:00,12.909,12.909,12.909,12.909,100,0
2016-02-16,21:30:00,12.909,12.909,12.909,12.909,100,0
2016-02-16,21:50:00,12.909,12.909,12.909,12.909,100,0
2016-02-17,16:45:00,12.729,12.819,12.729,12.819,401,0
2016-02-17,16:55:00,12.734,12.734,12.734,12.734,100,0
2016-02-17,18:55:00,12.721,12.721,12.721,12.721,100,0
2016-02-17,20:35:00,12.719,12.784,12.719,12.784,371,0
2016-02-17,21:15:00,12.959,12.959,12.959,12.959,100,0
2016-02-19,21:05:00,13.068,13.068,13.068,13.068,100,0
2016-02-19,21:15:00,12.968,12.968,12.968,12.968,313,0
2016-02-19,22:00:00,12.998,12.998,12.998,12.998,136,0
2016-02-22,15:35:00,13.178,13.178,13.178,13.178,109,0
2016-02-22,16:15:00,13.068,13.068,13.068,13.068,200,0
2016-02-22,16:20:00,13.406,13.406,13.406,13.406,200,0
2016-02-22,16:35:00,13.467,13.467,13.467,13.467,301,0
2016-02-22,16:50:00,13.379,13.379,13.377,13.377,481,0
2016-02-22,17:05:00,13.368,13.368,13.368,13.368,100,0
2016-02-22,17:45:00,13.368,13.368,13.368,13.368,200,0
2016-02-22,18:25:00,13.368,13.368,13.368,13.368,200,0
2016-02-22,20:05:00,13.368,13.368,13.368,13.368,100,0
2016-02-23,15:40:00,13.162,13.162,13.162,13.162,200,0
2016-02-23,20:25:00,13.167,13.167,13.167,13.167,298,0
2016-02-23,22:00:00,13.138,13.138,13.138,13.138,100,0
2016-02-24,19:45:00,12.88,12.88,12.88,12.88,401,0
2016-02-24,20:35:00,13.168,13.168,13.138,13.138,200,0
2016-02-24,20:50:00,13.467,13.467,13.467,13.467,187,0
2016-02-24,21:15:00,13.567,13.767,13.567,13.767,1472,0
2016-02-25,15:40:00,13.567,13.597,13.567,13.597,200,0
2016-02-25,16:10:00,13.607,13.607,13.607,13.607,100,0
2016-02-25,18:10:00,13.467,13.467,13.467,13.467,100,0
2016-02-25,19:05:00,13.457,13.457,13.457,13.457,200,0
2016-02-25,20:05:00,13.467,13.467,13.467,13.467,200,0
2016-02-25,20:35:00,13.437,13.437,13.437,13.437,100,0
2016-02-29,15:45:00,13.477,13.487,13.457,13.487,802,0
2016-03-01,21:05:00,13.118,13.118,13.118,13.118,100,0
2016-03-02,17:00:00,13.416,13.416,13.416,13.416,301,0
2016-03-02,20:15:00,12.976,12.976,12.976,12.976,100,0
2016-03-03,15:35:00,13.068,13.068,13.068,13.068,200,0
2016-03-03,19:10:00,13.437,13.437,13.437,13.437,100,0
2016-03-03,22:00:00,13.118,13.118,13.118,13.118,211,0
2016-03-07,15:35:00,13.607,13.607,13.607,13.607,135,0
2016-03-07,17:40:00,13.088,13.088,13.088,13.088,100,0
2016-03-07,18:00:00,13.168,13.517,13.168,13.189,1307,0
2016-03-07,19:00:00,13.423,13.423,13.423,13.423,401,0
2016-03-07,19:50:00,13.457,13.457,13.457,13.457,401,0
2016-03-07,20:40:00,13.417,13.417,13.417,13.417,100,0
2016-03-07,21:30:00,13.128,13.128,13.128,13.128,100,0
2016-03-07,21:35:00,13.198,13.198,13.169,13.169,200,0
2016-03-07,22:00:00,13.328,13.328,13.328,13.328,100,0
2016-03-10,16:25:00,13.45,13.497,13.45,13.497,200,0
2016-03-10,18:10:00,13.451,13.451,13.451,13.451,351,0
2016-03-10,18:20:00,13.45,13.517,13.45,13.517,601,0
2016-03-11,17:10:00,14.216,14.216,14.216,14.216,125,0
2016-03-11,17:35:00,14.355,14.355,14.355,14.355,100,0
2016-03-11,18:25:00,13.816,13.816,13.816,13.816,100,0
2016-03-11,20:35:00,13.816,13.866,13.816,13.866,301,0
2016-03-14,14:35:00,13.573,13.573,13.573,13.573,501,0
2016-03-14,14:50:00,13.577,13.577,13.577,13.577,881,0
2016-03-14,16:25:00,13.687,13.687,13.687,13.687,100,0
2016-03-16,19:35:00,13.577,13.577,13.577,13.577,501,0
2016-03-16,20:35:00,13.576,13.576,13.576,13.576,180,0
2016-03-17,19:35:00,13.218,13.218,13.218,13.218,1955,0
2016-03-18,15:30:00,13.936,13.936,13.936,13.936,300,0
2016-03-18,15:45:00,13.926,13.926,13.926,13.926,501,0
2016-03-18,16:00:00,13.929,13.929,13.929,13.929,501,0
2016-03-18,16:05:00,13.926,13.926,13.925,13.925,413,0
2016-03-18,19:15:00,13.237,13.237,13.237,13.237,200,0
2016-03-18,19:30:00,13.467,13.467,13.467,13.467,1002,0
2016-03-18,20:45:00,13.467,13.467,13.467,13.467,501,0
2016-03-21,18:20:00,13.966,13.966,13.966,13.966,200,0
2016-03-21,19:25:00,13.966,13.966,13.966,13.966,401,0
2016-03-21,19:35:00,13.786,13.996,13.786,13.996,1303,0
2016-03-21,19:40:00,14.015,14.099,14.006,14.099,3072,0
2016-03-22,14:35:00,14.076,14.076,14.076,14.076,100,0
2016-03-22,20:00:00,14.066,14.066,14.066,14.066,133,0
2016-03-23,14:35:00,14.335,14.335,14.335,14.335,521,0
2016-03-23,21:00:00,14.116,14.116,14.096,14.096,200,0
2016-03-28,16:50:00,14.006,14.006,14.006,14.006,108,0
2016-03-28,21:15:00,14.166,14.166,14.166,14.166,200,0
2016-03-28,21:35:00,14.166,14.166,14.166,14.166,211,0
2016-03-28,21:45:00,14.2,14.2,14.196,14.196,200,0
2016-03-28,22:00:00,15.762,15.782,15.762,15.782,301,0
2016-03-29,15:35:00,14.924,14.954,14.914,14.954,401,0
2016-03-29,15:50:00,14.934,14.934,14.924,14.933,331,0
2016-03-29,17:50:00,14.713,14.713,14.713,14.713,100,0
2016-03-29,18:10:00,14.884,14.884,14.884,14.884,100,0
2016-03-29,18:30:00,14.323,14.323,14.323,14.323,301,0
2016-03-29,19:40:00,14.934,14.934,14.934,14.934,501,0
2016-03-29,20:00:00,14.934,14.934,14.934,14.934,100,0
2016-03-29,22:00:00,14.934,14.934,14.934,14.934,100,0
2016-03-31,22:00:00,14.405,14.405,14.365,14.365,638,0
2016-04-01,22:00:00,15.113,15.113,14.415,14.415,213,0
2016-04-04,19:50:00,14.42,14.42,14.42,14.42,100,0
2016-04-04,21:10:00,14.521,14.521,14.365,14.365,2005,0
2016-04-04,22:00:00,14.754,14.754,14.754,14.754,100,0
2016-04-05,16:15:00,14.834,14.894,14.827,14.854,902,0
2016-04-05,16:20:00,14.884,14.903,14.884,14.903,401,0
2016-04-05,18:35:00,14.894,14.894,14.814,14.814,1104,0
2016-04-05,21:25:00,14.59,14.59,14.59,14.59,100,0
2016-04-05,22:00:00,14.894,14.894,14.894,14.894,301,0
2016-04-06,16:15:00,14.565,14.565,14.565,14.565,200,0
2016-04-06,19:05:00,14.565,14.565,14.565,14.565,401,0
2016-04-06,19:20:00,14.704,14.714,14.704,14.713,902,0
2016-04-06,20:55:00,14.565,14.565,14.565,14.565,100,0
2016-04-06,22:00:00,14.565,14.714,14.565,14.714,1403,0
2016-04-07,20:00:00,14.714,14.714,14.714,14.714,501,0
2016-04-07,20:05:00,14.71,14.714,14.71,14.714,501,0
2016-04-08,17:00:00,14.4,14.4,14.4,14.4,100,0
2016-04-08,18:15:00,14.445,14.614,14.425,14.614,1403,0
2016-04-08,18:20:00,14.694,14.714,14.634,14.634,1103,0
2016-04-08,19:20:00,14.565,14.565,14.565,14.565,200,0
2016-04-08,19:30:00,14.565,14.565,14.565,14.565,100,0
2016-04-08,19:45:00,14.664,14.664,14.664,14.664,200,0
2016-04-08,21:20:00,14.58,14.58,14.58,14.58,100,0
2016-04-11,22:00:00,14.714,14.714,14.714,14.714,100,0
2016-04-12,22:00:00,14.714,14.714,14.714,14.714,100,0
2016-04-13,18:25:00,14.365,14.365,14.365,14.365,401,0
2016-04-13,18:30:00,14.166,14.709,14.166,14.651,1002,0
2016-04-13,20:00:00,14.166,14.4,14.166,14.365,1203,0
2016-04-13,21:15:00,14.196,14.315,14.156,14.315,1504,0
2016-04-13,21:20:00,14.265,14.265,14.265,14.265,100,0
2016-04-13,22:00:00,14.126,14.265,14.086,14.265,1053,0
2016-04-14,16:35:00,14.441,14.441,14.441,14.441,150,0
2016-04-14,17:50:00,14.654,14.654,14.654,14.654,100,0
2016-04-14,17:55:00,14.614,14.714,14.614,14.714,2807,0
2016-04-14,18:10:00,14.764,14.764,14.764,14.764,100,0
2016-04-14,18:15:00,14.694,14.694,14.694,14.694,200,0
2016-04-14,20:35:00,14.694,14.694,14.694,14.694,200,0
2016-04-14,21:40:00,14.674,14.674,14.664,14.664,200,0
2016-04-14,21:45:00,14.694,14.694,14.694,14.694,200,0
2016-04-14,21:50:00,14.764,14.764,14.694,14.694,501,0
2016-04-14,22:00:00,15.901,15.901,14.964,14.964,601,0
2016-04-15,15:35:00,15.283,15.283,15.283,15.283,662,0
2016-04-15,16:30:00,15.206,15.206,15.206,15.206,147,0
2016-04-15,17:35:00,14.54,14.54,14.54,14.54,1504,0
2016-04-15,18:35:00,14.964,14.964,14.964,14.964,100,0
2016-04-15,20:00:00,14.864,14.864,14.864,14.864,100,0
2016-04-15,22:00:00,14.714,14.714,14.704,14.704,432,0
2016-04-18,18:05:00,14.627,14.627,14.627,14.627,100,0
2016-04-18,21:00:00,14.694,14.694,14.694,14.694,100,0
2016-04-18,22:00:00,14.694,14.694,14.465,14.465,229,0
2016-04-19,17:10:00,14.465,14.465,14.445,14.445,517,0
2016-04-19,19:30:00,14.495,14.495,14.495,14.495,100,0
2016-04-19,19:35:00,14.545,14.545,14.545,14.545,100,0
2016-04-19,21:30:00,14.714,14.964,14.704,14.714,1644,0
2016-04-19,22:00:00,15.333,15.432,15.333,15.432,401,0
2016-04-20,16:45:00,14.914,14.914,14.914,14.914,339,0
2016-04-20,19:25:00,14.991,14.991,14.991,14.991,401,0
2016-04-20,21:20:00,15.213,15.213,15.213,15.213,522,0
2016-04-20,21:25:00,15.213,15.363,15.213,15.363,901,0
2016-04-21,17:25:00,15.213,15.213,15.213,15.213,501,0
2016-04-21,17:30:00,15.285,15.285,15.285,15.285,150,0
2016-04-21,18:00:00,15.253,15.253,15.253,15.253,100,0
2016-04-21,20:25:00,14.744,14.744,14.744,14.744,100,0
2016-04-21,21:45:00,15.183,15.213,15.183,15.213,778,0
2016-04-21,22:00:00,15.931,15.931,15.931,15.931,100,0
2016-04-22,21:15:00,15.824,15.824,15.824,15.824,100,0
2016-04-25,18:35:00,15.263,15.263,15.263,15.263,100,0
2016-04-26,17:05:00,15.462,15.462,15.462,15.462,301,0
2016-04-26,18:20:00,15.756,15.756,15.756,15.756,100,0
2016-04-26,20:25:00,15.409,15.409,15.409,15.409,150,0
2016-04-27,16:15:00,15.562,15.562,15.556,15.562,1804,0
2016-04-27,16:35:00,15.881,15.961,15.881,15.881,1465,0
2016-04-27,18:20:00,15.612,15.612,15.612,15.612,251,0
2016-04-27,20:05:00,15.662,15.662,15.662,15.662,100,0
2016-04-27,20:35:00,15.662,15.861,15.662,15.861,1105,0
2016-04-27,20:55:00,15.861,16.001,15.812,16.001,3369,0
2016-04-27,21:05:00,16.679,16.679,16.56,16.57,1303,0
2016-04-27,21:10:00,16.111,16.111,16.111,16.111,100,0
2016-04-27,21:20:00,16.689,17.587,16.68,16.689,601,0
2016-04-27,21:25:00,16.679,16.679,16.679,16.679,100,0
2016-04-27,21:55:00,16.071,16.35,16.071,16.35,200,0
2016-04-27,22:00:00,16.45,16.45,16.45,16.45,100,0
2016-04-28,19:25:00,16.21,16.21,16.21,16.21,100,0
2016-04-28,22:00:00,15.991,16.201,15.961,16.201,2306,0
2016-04-29,22:00:00,15.861,15.861,15.861,15.861,100,0
2016-05-02,19:15:00,15.901,15.901,15.901,15.901,100,0
2016-05-02,20:00:00,15.891,15.901,15.891,15.901,301,0
2016-05-02,22:00:00,15.712,15.712,15.712,15.712,123,0
2016-05-03,16:15:00,15.802,15.802,15.802,15.802,200,0
2016-05-03,19:00:00,16.121,16.121,15.832,15.832,200,0
2016-05-03,19:05:00,16.191,16.191,16.011,16.011,702,0
2016-05-03,21:40:00,16.36,16.36,16.36,16.36,100,0
2016-05-03,21:55:00,16.46,16.46,16.46,16.46,301,0
2016-05-03,22:00:00,16.46,16.46,16.46,16.46,601,0
2016-05-04,17:00:00,16.41,16.46,16.41,16.46,877,0
2016-05-04,17:15:00,16.41,16.41,16.41,16.41,100,0
2016-05-04,21:00:00,16.48,16.5,16.48,16.5,200,0
2016-05-05,15:35:00,16.4,16.4,16.4,16.4,110,0
2016-05-05,18:00:00,15.822,15.842,15.722,15.722,1103,0
2016-05-05,19:40:00,16.101,16.101,16.101,16.101,301,0
2016-05-05,19:45:00,16.081,16.101,16.081,16.101,226,0
2016-05-05,19:55:00,16.011,16.011,15.991,15.991,200,0
2016-05-06,22:00:00,16.46,16.46,16.46,16.46,100,0
2016-05-09,15:35:00,15.71,15.71,15.71,15.71,594,0
2016-05-09,22:00:00,16.49,16.49,16.49,16.49,100,0
2016-05-10,22:00:00,16.49,16.49,16.3,16.3,200,0
2016-05-17,21:00:00,16.26,16.26,16.26,16.26,144,0
2016-05-19,21:45:00,16.49,16.5,16.25,16.25,1161,0
2016-05-19,22:00:00,16.77,16.77,16.77,16.77,400,0
2016-05-20,17:00:00,16.5,16.5,16.5,16.5,100,0
2016-05-20,18:15:00,16.5,16.5,16.5,16.5,100,0
2016-05-20,18:30:00,16.1199,16.1199,16.1199,16.1199,100,0
2016-05-20,19:00:00,16,16.1,16,16.1,200,0
2016-05-20,21:15:00,16.4,16.4,16.4,16.4,100,0
2016-05-23,15:35:00,16.16,16.16,16.16,16.16,388,0
2016-05-23,22:00:00,15.8862,15.8862,15.8862,15.8862,600,0
2016-05-24,21:10:00,16.4,16.5,16.4,16.5,340,0
2016-05-24,21:20:00,16.77,16.77,16.77,16.77,579,0
2016-05-24,21:30:00,17,17.16,17,17.16,500,0
2016-05-24,21:35:00,17.48,17.64,17.4,17.4,500,0
2016-05-24,21:40:00,17.325,17.325,17,17,1142,0
2016-05-24,21:55:00,16.81,17.1,16.7,16.7,1200,0
2016-05-24,22:00:00,17.25,17.25,16.7,16.71,850,0
2016-05-25,15:35:00,16.94,16.94,16.94,16.94,142,0
2016-05-26,17:00:00,16.31,16.73,16.31,16.73,400,0
2016-05-27,17:55:00,16.59,16.59,16.59,16.59,100,0
2016-05-27,18:00:00,16.62,16.62,16.62,16.62,100,0
2016-05-27,18:40:00,16.7099,16.7099,16.7099,16.7099,132,0
2016-05-27,19:10:00,16.7489,16.7489,16.7489,16.7489,131,0
2016-05-27,20:00:00,16.75,16.75,16.75,16.75,922,0
2016-05-31,18:10:00,16.75,16.75,16.75,16.75,200,0
2016-05-31,20:00:00,16.3999,16.3999,16.3999,16.3999,100,0
2016-05-31,20:10:00,16.19,16.19,16.19,16.19,200,0
2016-05-31,20:15:00,16.2,16.2,16.2,16.2,300,0
2016-05-31,20:35:00,16.3,16.49,16.3,16.49,300,0
2016-05-31,22:00:00,16.09,16.09,16.09,16.09,100,0
2016-06-01,15:45:00,16,16.7425,16,16.7425,300,0
2016-06-01,20:45:00,16.3899,16.3899,16.3899,16.3899,100,0
2016-06-01,20:50:00,16.15,16.4,16.15,16.4,4100,0
2016-06-01,20:55:00,16.45,16.55,16.4093,16.4093,5400,0
2016-06-01,21:00:00,16.43,16.43,16.35,16.35,1326,0
2016-06-02,17:35:00,16.35,16.44,16.35,16.44,3000,0
2016-06-02,17:40:00,16.45,16.55,16.45,16.45,9600,0
2016-06-02,17:45:00,16.47,16.47,16.11,16.11,6500,0
2016-06-02,17:50:00,16.2,16.2,16.19,16.2,1100,0
2016-06-02,17:55:00,16.25,16.2501,16.18,16.18,800,0
2016-06-02,19:40:00,16.26,16.26,16.26,16.26,100,0
2016-06-02,19:45:00,16.25,16.25,16.25,16.25,200,0
2016-06-02,22:00:00,16.08,16.08,16.08,16.08,108,0
2016-06-06,16:40:00,16.65,16.65,16.65,16.65,100,0
2016-06-06,16:50:00,16.65,16.69,16.6,16.69,1400,0
2016-06-06,16:55:00,16.75,16.75,16.75,16.75,200,0
2016-06-06,17:05:00,16.75,17.24,16.69,16.69,1200,0
2016-06-06,17:10:00,17.199,17.199,17.199,17.199,145,0
2016-06-06,17:20:00,16.693,16.693,16.6908,16.6908,200,0
2016-06-06,17:25:00,16.69,16.69,16.69,16.69,600,0
2016-06-06,17:40:00,16.7,16.7,16.69,16.69,600,0
2016-06-06,18:35:00,16.49,16.49,16.3499,16.3499,300,0
2016-06-06,18:40:00,16.3199,16.6401,16.25,16.5,4188,0
2016-06-06,18:45:00,16.3499,16.6801,16.3499,16.45,3924,0
2016-06-06,18:50:00,16.45,16.4595,16.45,16.4595,200,0
2016-06-06,22:00:00,16.73,16.73,16.73,16.73,100,0
2016-06-08,16:20:00,16.35,16.45,16.35,16.42,700,0
2016-06-08,16:25:00,16.42,16.55,16.38,16.55,900,0
2016-06-08,16:30:00,16.55,16.72,16.55,16.72,1000,0
2016-06-08,17:30:00,16.52,16.52,16.48,16.48,500,0
2016-06-08,17:40:00,16.3,16.6,16.3,16.6,900,0
2016-06-08,17:45:00,16.52,16.7,16.52,16.55,1600,0
2016-06-08,17:50:00,16.62,16.67,16.5505,16.5505,3393,0
2016-06-08,17:55:00,16.56,16.56,16.41,16.41,3200,0
2016-06-08,18:00:00,16.47,16.4799,16.4,16.4005,1700,0
2016-06-08,18:05:00,16.44,16.44,16.4,16.4,1200,0
2016-06-08,18:45:00,16.775,16.775,16.775,16.775,1000,0
2016-06-08,19:20:00,16.062,16.062,16.062,16.062,200,0
2016-06-08,19:50:00,16.48,16.48,16.48,16.48,100,0
2016-06-09,15:45:00,17.6,17.6,17.6,17.6,600,0
2016-06-09,17:40:00,17.204,17.204,17.204,17.204,1000,0
2016-06-10,22:00:00,16.21,16.21,16.2,16.2,300,0
2016-06-13,15:35:00,16.2,16.2,16.2,16.2,200,0
2016-06-13,16:30:00,16.22,16.59,16.17,16.17,1646,0
2016-06-14,19:25:00,16.25,16.4,16.25,16.4,802,0
2016-06-14,20:30:00,16.5,16.5,16.5,16.5,400,0
2016-06-15,15:35:00,16.1,16.1,16.1,16.1,115,0
2016-06-15,17:10:00,16.0001,16.0001,16.0001,16.0001,141,0
2016-06-15,20:55:00,16.18,16.23,16.18,16.21,1384,0
2016-06-15,21:00:00,16.32,16.32,16.15,16.15,784,0
2016-06-17,15:35:00,16.18,16.18,16.18,16.18,100,0
2016-06-17,20:50:00,16.18,16.18,16.18,16.18,100,0
2016-06-21,19:50:00,16.18,16.396,16.16,16.396,970,0
2016-06-21,20:00:00,16.4,16.4,16.4,16.4,400,0
2016-06-21,20:10:00,16.41,16.41,16.41,16.41,102,0
2016-06-21,22:00:00,16.4,16.65,16.4,16.65,425,0
2016-06-22,15:50:00,16.6499,16.6499,16.6499,16.6499,100,0
2016-06-22,15:55:00,16.6499,16.6499,16.6499,16.6499,100,0
2016-06-22,17:25:00,16.3875,16.3875,16.3875,16.3875,100,0
2016-06-22,18:05:00,16.18,16.18,16.18,16.18,190,0
2016-06-23,19:10:00,16.45,16.45,16.45,16.45,105,0
2016-06-23,22:00:00,16.17,16.17,16.17,16.17,147,0
2016-06-24,15:35:00,16.15,16.15,16.15,16.15,293,0
2016-06-24,22:00:00,16.07,16.07,16.07,16.07,105,0
2016-06-27,20:50:00,16.038,16.038,16.038,16.038,200,0
2016-06-27,22:00:00,16.4,16.4,16.4,16.4,100,0
2016-06-30,18:25:00,16.24,16.49,16.24,16.49,650,0
2016-06-30,20:15:00,16.01,16.7,16.01,16.7,372,0
2016-06-30,22:00:00,16.3,16.3,16.3,16.3,229,0
2016-07-07,17:30:00,16.09,16.15,16.09,16.15,400,0
2016-07-07,17:35:00,16.15,16.2,16.15,16.2,400,0
2016-07-07,20:30:00,16.25,16.25,16.25,16.25,200,0
2016-07-08,19:40:00,16.01,16.0895,16,16,1719,0
