Date,Time,Open,High,Low,Close,Volume,OpenInt
2016-06-22,15:35:00,12.179,12.179,12.02,12.06,18719,0
2016-06-22,15:40:00,12.03,12.07,11.971,12.06,11894,0
2016-06-22,15:45:00,12.05,12.07,12.05,12.05,9798,0
2016-06-22,15:50:00,12.05,12.05,12.025,12.025,11777,0
2016-06-22,15:55:00,12.03,12.03,12.01,12.01,9308,0
2016-06-22,16:00:00,12.01,12.03,12.001,12.001,6946,0
2016-06-22,16:05:00,11.991,11.991,11.861,11.881,36180,0
2016-06-22,16:10:00,11.881,11.901,11.822,11.891,71554,0
2016-06-22,16:15:00,11.891,11.901,11.861,11.901,6342,0
2016-06-22,16:20:00,11.891,11.949,11.891,11.941,17651,0
2016-06-22,16:25:00,11.951,11.971,11.951,11.971,10167,0
2016-06-22,16:30:00,11.961,11.961,11.901,11.931,11073,0
2016-06-22,16:35:00,11.941,11.971,11.931,11.961,6442,0
2016-06-22,16:40:00,11.951,11.99,11.931,11.931,7399,0
2016-06-22,16:45:00,11.931,11.961,11.931,11.941,6815,0
2016-06-22,16:50:00,11.931,12.05,11.921,12.03,39587,0
2016-06-22,16:55:00,12.02,12.07,12.01,12.07,9619,0
2016-06-22,17:00:00,12.065,12.07,12.04,12.05,6291,0
2016-06-22,17:05:00,12.04,12.07,12.04,12.06,8013,0
2016-06-22,17:10:00,12.055,12.06,12.04,12.06,3890,0
2016-06-22,17:15:00,12.06,12.1,12.05,12.09,12321,0
2016-06-22,17:20:00,12.095,12.11,12.07,12.1,8139,0
2016-06-22,17:25:00,12.1,12.1,12.05,12.05,7147,0
2016-06-22,17:30:00,12.06,12.09,12.06,12.09,6150,0
2016-06-22,17:35:00,12.08,12.08,12.04,12.05,3427,0
2016-06-22,17:40:00,12.05,12.08,12.02,12.04,7865,0
2016-06-22,17:45:00,12.04,12.04,12.01,12.01,24264,0
2016-06-22,17:50:00,12.001,12.035,11.996,12.03,18019,0
2016-06-22,17:55:00,12.01,12.01,12.001,12.01,2321,0
2016-06-22,18:00:00,12.01,12.02,12.01,12.01,1711,0
2016-06-22,18:05:00,12.01,12.01,11.991,11.991,4983,0
2016-06-22,18:10:00,11.996,12.001,11.971,11.991,8336,0
2016-06-22,18:15:00,11.991,12.01,11.971,11.981,25317,0
2016-06-22,18:20:00,11.971,12.06,11.971,12.02,19119,0
2016-06-22,18:25:00,12.02,12.02,11.931,11.941,4077,0
2016-06-22,18:30:00,11.941,11.961,11.931,11.951,4177,0
2016-06-22,18:35:00,11.951,12.03,11.951,12.01,8484,0
2016-06-22,18:40:00,12.01,12.01,11.951,11.951,1611,0
2016-06-22,18:45:00,11.951,11.961,11.941,11.951,6145,0
2016-06-22,18:50:00,11.951,11.951,11.911,11.921,8130,0
2016-06-22,18:55:00,11.911,11.911,11.891,11.891,2919,0
2016-06-22,19:00:00,11.891,11.941,11.891,11.941,2617,0
2016-06-22,19:05:00,11.941,11.941,11.886,11.891,3221,0
2016-06-22,19:10:00,11.891,11.891,11.852,11.852,5770,0
2016-06-22,19:15:00,11.852,11.852,11.832,11.842,4429,0
2016-06-22,19:20:00,11.861,11.891,11.842,11.842,9543,0
2016-06-22,19:25:00,11.842,11.852,11.822,11.822,1879,0
2016-06-22,19:30:00,11.832,11.866,11.822,11.832,34426,0
2016-06-22,19:35:00,11.832,11.861,11.832,11.861,5385,0
2016-06-22,19:40:00,11.842,11.881,11.842,11.881,2617,0
2016-06-22,19:45:00,11.891,11.911,11.891,11.901,2718,0
2016-06-22,19:50:00,11.901,11.911,11.891,11.896,2718,0
2016-06-22,19:55:00,11.901,11.931,11.896,11.931,4630,0
2016-06-22,20:00:00,11.931,11.941,11.921,11.921,1510,0
2016-06-22,20:05:00,11.911,11.941,11.911,11.921,7179,0
2016-06-22,20:10:00,11.921,11.926,11.901,11.901,6037,0
2016-06-22,20:15:00,11.901,11.911,11.901,11.901,2958,0
2016-06-22,20:20:00,11.901,11.926,11.891,11.901,9688,0
2016-06-22,20:25:00,11.901,11.901,11.886,11.891,2416,0
2016-06-22,20:30:00,11.901,11.926,11.901,11.926,3121,0
2016-06-22,20:35:00,11.931,11.976,11.911,11.921,12583,0
2016-06-22,20:40:00,11.916,11.941,11.911,11.941,13992,0
2016-06-22,20:45:00,11.936,11.966,11.936,11.941,7446,0
2016-06-22,20:50:00,11.941,11.961,11.931,11.931,26374,0
2016-06-22,20:55:00,11.941,11.986,11.941,11.971,10872,0
2016-06-22,21:00:00,11.971,11.976,11.961,11.971,13187,0
2016-06-22,21:05:00,11.966,11.996,11.961,11.971,17316,0
2016-06-22,21:10:00,11.966,11.966,11.921,11.921,5303,0
2016-06-22,21:15:00,11.921,11.981,11.921,11.961,11795,0
2016-06-22,21:20:00,11.961,11.971,11.921,11.921,19459,0
2016-06-22,21:25:00,11.931,11.951,11.911,11.911,5436,0
2016-06-22,21:30:00,11.921,11.936,11.921,11.921,4232,0
2016-06-22,21:35:00,11.926,11.961,11.926,11.951,14093,0
2016-06-22,21:40:00,11.951,11.981,11.931,11.981,8969,0
2016-06-22,21:45:00,11.981,11.991,11.961,11.991,11826,0
2016-06-22,21:50:00,11.981,11.991,11.931,11.961,19404,0
2016-06-22,21:55:00,11.971,12.005,11.951,11.971,30948,0
2016-06-22,22:00:00,11.971,12.001,11.961,11.981,66716,0
2016-06-23,15:35:00,12.159,12.218,12.03,12.189,13067,0
2016-06-23,15:40:00,12.179,12.189,12.14,12.169,9024,0
2016-06-23,15:45:00,12.169,12.219,12.169,12.189,9919,0
2016-06-23,15:50:00,12.189,12.229,12.169,12.174,28881,0
2016-06-23,15:55:00,12.174,12.199,12.13,12.14,52557,0
2016-06-23,16:00:00,12.15,12.229,12.15,12.189,8380,0
2016-06-23,16:05:00,12.189,12.234,12.184,12.229,11343,0
2016-06-23,16:10:00,12.229,12.279,12.219,12.259,14002,0
2016-06-23,16:15:00,12.249,12.294,12.249,12.279,1409,0
2016-06-23,16:20:00,12.269,12.289,12.254,12.269,9865,0
2016-06-23,16:25:00,12.269,12.279,12.264,12.279,5637,0
2016-06-23,16:30:00,12.289,12.313,12.229,12.239,17352,0
2016-06-23,16:35:00,12.229,12.239,12.189,12.214,6040,0
2016-06-23,16:40:00,12.209,12.219,12.169,12.177,9090,0
2016-06-23,16:45:00,12.174,12.187,12.158,12.169,8632,0
2016-06-23,16:50:00,12.159,12.199,12.159,12.199,4228,0
2016-06-23,16:55:00,12.199,12.204,12.199,12.199,6045,0
2016-06-23,17:00:00,12.189,12.194,12.08,12.1,23476,0
2016-06-23,17:05:00,12.13,12.199,12.13,12.199,2114,0
2016-06-23,17:10:00,12.199,12.209,12.189,12.189,6241,0
2016-06-23,17:15:00,12.189,12.229,12.189,12.229,3327,0
2016-06-23,17:20:00,12.229,12.289,12.229,12.289,1812,0
2016-06-23,17:25:00,12.289,12.294,12.259,12.279,9379,0
2016-06-23,17:30:00,12.284,12.289,12.269,12.289,7155,0
2016-06-23,17:35:00,12.299,12.308,12.279,12.279,5673,0
2016-06-23,17:40:00,12.279,12.289,12.229,12.239,24405,0
2016-06-23,17:45:00,12.239,12.244,12.199,12.199,4328,0
2016-06-23,17:50:00,12.199,12.219,12.199,12.219,5134,0
2016-06-23,17:55:00,12.219,12.269,12.219,12.259,4429,0
2016-06-23,18:00:00,12.254,12.279,12.249,12.274,4379,0
2016-06-23,18:05:00,12.269,12.279,12.249,12.249,5234,0
2016-06-23,18:10:00,12.259,12.259,12.239,12.259,6644,0
2016-06-23,18:15:00,12.269,12.269,12.259,12.259,1510,0
2016-06-23,18:20:00,12.259,12.269,12.259,12.264,3624,0
2016-06-23,18:25:00,12.269,12.274,12.259,12.259,4228,0
2016-06-23,18:30:00,12.259,12.264,12.249,12.259,3121,0
2016-06-23,18:35:00,12.259,12.269,12.259,12.264,2416,0
2016-06-23,18:40:00,12.259,12.264,12.259,12.264,1208,0
2016-06-23,18:45:00,12.259,12.269,12.219,12.219,5431,0
2016-06-23,18:50:00,12.214,12.254,12.204,12.249,11187,0
2016-06-23,18:55:00,12.244,12.249,12.219,12.219,6342,0
2016-06-23,19:00:00,12.219,12.229,12.219,12.229,3020,0
2016-06-23,19:05:00,12.219,12.224,12.199,12.199,9947,0
2016-06-23,19:10:00,12.194,12.199,12.189,12.199,2013,0
2016-06-23,19:15:00,12.189,12.199,12.189,12.194,2402,0
2016-06-23,19:20:00,12.189,12.229,12.189,12.229,8657,0
2016-06-23,19:25:00,12.229,12.239,12.224,12.224,3020,0
2016-06-23,19:30:00,12.224,12.269,12.224,12.269,4946,0
2016-06-23,19:35:00,12.269,12.289,12.259,12.289,6608,0
2016-06-23,19:40:00,12.289,12.289,12.279,12.289,4057,0
2016-06-23,19:45:00,12.289,12.289,12.274,12.289,6040,0
2016-06-23,19:50:00,12.289,12.289,12.279,12.284,1007,0
2016-06-23,19:55:00,12.284,12.308,12.269,12.299,16911,0
2016-06-23,20:00:00,12.294,12.294,12.229,12.259,30400,0
2016-06-23,20:05:00,12.249,12.289,12.249,12.289,10209,0
2016-06-23,20:10:00,12.299,12.308,12.289,12.299,5767,0
2016-06-23,20:15:00,12.294,12.294,12.289,12.294,604,0
2016-06-23,20:20:00,12.289,12.289,12.254,12.254,9362,0
2016-06-23,20:25:00,12.249,12.259,12.244,12.249,13095,0
2016-06-23,20:30:00,12.249,12.279,12.249,12.274,12889,0
2016-06-23,20:35:00,12.274,12.279,12.269,12.279,1988,0
2016-06-23,20:40:00,12.269,12.274,12.234,12.234,7128,0
2016-06-23,20:45:00,12.239,12.239,12.209,12.209,4026,0
2016-06-23,20:50:00,12.209,12.249,12.209,12.249,9055,0
2016-06-23,20:55:00,12.259,12.279,12.259,12.269,5915,0
2016-06-23,21:00:00,12.264,12.269,12.249,12.249,6504,0
2016-06-23,21:05:00,12.249,12.259,12.229,12.229,6667,0
2016-06-23,21:10:00,12.229,12.229,12.189,12.189,9865,0
2016-06-23,21:15:00,12.199,12.229,12.189,12.229,10752,0
2016-06-23,21:20:00,12.224,12.224,12.209,12.209,3624,0
2016-06-23,21:25:00,12.219,12.219,12.182,12.189,6140,0
2016-06-23,21:30:00,12.179,12.199,12.15,12.181,13613,0
2016-06-23,21:35:00,12.184,12.214,12.169,12.201,8556,0
2016-06-23,21:40:00,12.201,12.209,12.189,12.194,8694,0
2016-06-23,21:45:00,12.189,12.229,12.189,12.229,13845,0
2016-06-23,21:50:00,12.229,12.239,12.219,12.224,15685,0
2016-06-23,21:55:00,12.219,12.219,12.179,12.184,35098,0
2016-06-23,22:00:00,12.184,12.189,12.15,12.159,135504,0
2016-06-24,15:35:00,11.534,11.683,11.166,11.226,31331,0
2016-06-24,15:40:00,11.166,11.315,11.146,11.315,15323,0
2016-06-24,15:45:00,11.335,11.544,11.325,11.504,13366,0
2016-06-24,15:50:00,11.484,11.553,11.424,11.424,18163,0
2016-06-24,15:55:00,11.424,11.514,11.424,11.514,16338,0
2016-06-24,16:00:00,11.534,11.623,11.524,11.623,29985,0
2016-06-24,16:05:00,11.633,11.702,11.613,11.663,25540,0
2016-06-24,16:10:00,11.653,11.673,11.633,11.633,2919,0
2016-06-24,16:15:00,11.643,11.663,11.623,11.653,6140,0
2016-06-24,16:20:00,11.663,11.702,11.573,11.573,28986,0
2016-06-24,16:25:00,11.573,11.603,11.534,11.603,4535,0
2016-06-24,16:30:00,11.593,11.603,11.553,11.553,16614,0
2016-06-24,16:35:00,11.544,11.663,11.544,11.633,35963,0
2016-06-24,16:40:00,11.643,11.693,11.643,11.693,16408,0
2016-06-24,16:45:00,11.712,11.812,11.702,11.812,11375,0
2016-06-24,16:50:00,11.792,11.822,11.792,11.792,4026,0
2016-06-24,16:55:00,11.782,11.822,11.772,11.802,16609,0
2016-06-24,17:00:00,11.792,11.871,11.792,11.822,21132,0
2016-06-24,17:05:00,11.832,11.832,11.802,11.822,1409,0
2016-06-24,17:10:00,11.812,11.852,11.812,11.852,5843,0
2016-06-24,17:15:00,11.842,11.842,11.812,11.832,3624,0
2016-06-24,17:20:00,11.822,11.842,11.812,11.842,5056,0
2016-06-24,17:25:00,11.842,11.861,11.832,11.842,5939,0
2016-06-24,17:30:00,11.842,11.852,11.822,11.822,7952,0
2016-06-24,17:35:00,11.822,11.822,11.777,11.782,14395,0
2016-06-24,17:40:00,11.782,11.812,11.772,11.812,4832,0
2016-06-24,17:45:00,11.812,11.822,11.782,11.792,4167,0
2016-06-24,17:50:00,11.812,11.822,11.765,11.822,22256,0
2016-06-24,17:55:00,11.822,11.822,11.792,11.802,2315,0
2016-06-24,18:00:00,11.802,11.812,11.792,11.802,1208,0
2016-06-24,18:05:00,11.812,11.822,11.782,11.782,27734,0
2016-06-24,18:10:00,11.792,11.822,11.772,11.782,26855,0
2016-06-24,18:15:00,11.782,11.822,11.772,11.782,35534,0
2016-06-24,18:20:00,11.792,11.822,11.792,11.792,21871,0
2016-06-24,18:25:00,11.792,11.802,11.782,11.792,16106,0
2016-06-24,18:30:00,11.792,11.802,11.792,11.792,4630,0
2016-06-24,18:35:00,11.792,11.797,11.742,11.742,32076,0
2016-06-24,18:40:00,11.742,11.752,11.722,11.722,28895,0
2016-06-24,18:45:00,11.712,11.722,11.683,11.693,4653,0
2016-06-24,18:50:00,11.712,11.722,11.702,11.712,5546,0
2016-06-24,18:55:00,11.702,11.712,11.693,11.694,2931,0
2016-06-24,19:00:00,11.693,11.698,11.633,11.653,7575,0
2016-06-24,19:05:00,11.653,11.673,11.653,11.663,2215,0
2016-06-24,19:10:00,11.663,11.663,11.643,11.653,3121,0
2016-06-24,19:15:00,11.648,11.702,11.648,11.702,1826,0
2016-06-24,19:20:00,11.702,11.712,11.683,11.706,3090,0
2016-06-24,19:25:00,11.693,11.693,11.673,11.683,1913,0
2016-06-24,19:30:00,11.683,11.693,11.673,11.693,4297,0
2016-06-24,19:35:00,11.673,11.693,11.663,11.693,3259,0
2016-06-24,19:40:00,11.702,11.712,11.693,11.712,4731,0
2016-06-24,19:45:00,11.702,11.712,11.693,11.702,3221,0
2016-06-24,19:50:00,11.702,11.702,11.673,11.673,1309,0
2016-06-24,19:55:00,11.673,11.683,11.673,11.683,1812,0
2016-06-24,20:00:00,11.683,11.722,11.683,11.722,3415,0
2016-06-24,20:05:00,11.722,11.722,11.693,11.712,2416,0
2016-06-24,20:10:00,11.712,11.717,11.702,11.702,3307,0
2016-06-24,20:15:00,11.702,11.712,11.702,11.702,1409,0
2016-06-24,20:20:00,11.702,11.702,11.673,11.683,5718,0
2016-06-24,20:25:00,11.673,11.673,11.653,11.653,7650,0
2016-06-24,20:30:00,11.653,11.673,11.653,11.653,4228,0
2016-06-24,20:35:00,11.653,11.663,11.613,11.633,10791,0
2016-06-24,20:40:00,11.628,11.673,11.603,11.673,7053,0
2016-06-24,20:45:00,11.663,11.663,11.638,11.638,4228,0
2016-06-24,20:50:00,11.643,11.663,11.628,11.653,4228,0
2016-06-24,20:55:00,11.658,11.678,11.653,11.673,30299,0
2016-06-24,21:00:00,11.678,11.727,11.678,11.722,6543,0
2016-06-24,21:05:00,11.722,11.752,11.712,11.752,5361,0
2016-06-24,21:10:00,11.747,11.782,11.742,11.767,5521,0
2016-06-24,21:15:00,11.762,11.792,11.752,11.792,4994,0
2016-06-24,21:20:00,11.787,11.787,11.722,11.722,6214,0
2016-06-24,21:25:00,11.712,11.752,11.712,11.722,7046,0
2016-06-24,21:30:00,11.722,11.727,11.702,11.702,5718,0
2016-06-24,21:35:00,11.702,11.767,11.702,11.767,13728,0
2016-06-24,21:40:00,11.772,11.792,11.712,11.742,12761,0
2016-06-24,21:45:00,11.742,11.767,11.722,11.752,14327,0
2016-06-24,21:50:00,11.762,11.822,11.762,11.822,32813,0
2016-06-24,21:55:00,11.852,11.961,11.822,11.951,114528,0
2016-06-24,22:00:00,11.961,12.045,11.951,11.981,633340,0
2016-06-27,15:35:00,11.732,11.965,11.593,11.618,49795,0
2016-06-27,15:40:00,11.613,11.613,11.544,11.563,10111,0
2016-06-27,15:45:00,11.552,11.563,11.484,11.494,11859,0
2016-06-27,15:50:00,11.474,11.563,11.444,11.504,15189,0
2016-06-27,15:55:00,11.494,11.514,11.473,11.479,4543,0
2016-06-27,16:00:00,11.454,11.504,11.434,11.484,13832,0
2016-06-27,16:05:00,11.474,11.524,11.444,11.474,14003,0
2016-06-27,16:10:00,11.454,11.484,11.444,11.444,4069,0
2016-06-27,16:15:00,11.444,11.454,11.404,11.424,7650,0
2016-06-27,16:20:00,11.434,11.474,11.395,11.424,5107,0
2016-06-27,16:25:00,11.414,11.444,11.345,11.385,7147,0
2016-06-27,16:30:00,11.385,11.414,11.345,11.365,16979,0
2016-06-27,16:35:00,11.385,11.424,11.355,11.395,29736,0
2016-06-27,16:40:00,11.404,11.434,11.395,11.414,11174,0
2016-06-27,16:45:00,11.414,11.464,11.365,11.375,9060,0
2016-06-27,16:50:00,11.375,11.375,11.265,11.265,10101,0
2016-06-27,16:55:00,11.255,11.255,11.216,11.226,9357,0
2016-06-27,17:00:00,11.226,11.236,11.166,11.166,36511,0
2016-06-27,17:05:00,11.176,11.246,11.176,11.206,5033,0
2016-06-27,17:10:00,11.216,11.275,11.206,11.246,7106,0
2016-06-27,17:15:00,11.255,11.265,11.206,11.226,6845,0
2016-06-27,17:20:00,11.206,11.206,11.176,11.196,4630,0
2016-06-27,17:25:00,11.186,11.216,11.131,11.131,8191,0
2016-06-27,17:30:00,11.131,11.265,11.131,11.265,14443,0
2016-06-27,17:35:00,11.265,11.335,11.256,11.335,4875,0
2016-06-27,17:40:00,11.335,11.345,11.305,11.325,5830,0
2016-06-27,17:45:00,11.325,11.335,11.315,11.315,3322,0
2016-06-27,17:50:00,11.305,11.315,11.275,11.285,6635,0
2016-06-27,17:55:00,11.265,11.265,11.226,11.246,3689,0
2016-06-27,18:00:00,11.236,11.315,11.236,11.275,7101,0
2016-06-27,18:05:00,11.27,11.315,11.265,11.283,5579,0
2016-06-27,18:10:00,11.285,11.29,11.255,11.26,3020,0
2016-06-27,18:15:00,11.255,11.275,11.255,11.265,4228,0
2016-06-27,18:20:00,11.265,11.323,11.255,11.3,6241,0
2016-06-27,18:25:00,11.295,11.3,11.275,11.295,4449,0
2016-06-27,18:30:00,11.3,11.345,11.285,11.335,9979,0
2016-06-27,18:35:00,11.335,11.345,11.236,11.236,14636,0
2016-06-27,18:40:00,11.236,11.246,11.216,11.216,7607,0
2016-06-27,18:45:00,11.216,11.236,11.196,11.196,9714,0
2016-06-27,18:50:00,11.196,11.206,11.176,11.196,5743,0
2016-06-27,18:55:00,11.196,11.248,11.176,11.186,7675,0
2016-06-27,19:00:00,11.186,11.275,11.186,11.246,9764,0
2016-06-27,19:05:00,11.236,11.265,11.226,11.246,7607,0
2016-06-27,19:10:00,11.246,11.315,11.246,11.315,7847,0
2016-06-27,19:15:00,11.315,11.385,11.295,11.365,26982,0
2016-06-27,19:20:00,11.365,11.395,11.365,11.375,5064,0
2016-06-27,19:25:00,11.365,11.39,11.365,11.385,4382,0
2016-06-27,19:30:00,11.385,11.414,11.375,11.404,4239,0
2016-06-27,19:35:00,11.385,11.414,11.37,11.37,7550,0
2016-06-27,19:40:00,11.36,11.36,11.335,11.345,2516,0
2016-06-27,19:45:00,11.325,11.335,11.265,11.275,6531,0
2016-06-27,19:50:00,11.285,11.3,11.285,11.29,2520,0
2016-06-27,19:55:00,11.275,11.275,11.255,11.265,6740,0
2016-06-27,20:00:00,11.265,11.275,11.255,11.27,3964,0
2016-06-27,20:05:00,11.265,11.29,11.236,11.236,8538,0
2016-06-27,20:10:00,11.231,11.265,11.226,11.236,5591,0
2016-06-27,20:15:00,11.226,11.285,11.216,11.226,23416,0
2016-06-27,20:20:00,11.226,11.226,11.176,11.176,4778,0
2016-06-27,20:25:00,11.186,11.206,11.166,11.166,7248,0
2016-06-27,20:30:00,11.176,11.201,11.166,11.201,3689,0
2016-06-27,20:35:00,11.201,11.226,11.176,11.186,5419,0
2016-06-27,20:40:00,11.176,11.25,11.176,11.236,8218,0
2016-06-27,20:45:00,11.231,11.255,11.226,11.246,3121,0
2016-06-27,20:50:00,11.246,11.25,11.206,11.236,7074,0
2016-06-27,20:55:00,11.226,11.231,11.196,11.196,9467,0
2016-06-27,21:00:00,11.196,11.236,11.176,11.236,6624,0
2016-06-27,21:05:00,11.236,11.31,11.236,11.31,8930,0
2016-06-27,21:10:00,11.305,11.315,11.285,11.285,7454,0
2016-06-27,21:15:00,11.275,11.325,11.275,11.325,10872,0
2016-06-27,21:20:00,11.315,11.32,11.305,11.31,7852,0
2016-06-27,21:25:00,11.305,11.308,11.275,11.275,9444,0
2016-06-27,21:30:00,11.275,11.335,11.275,11.305,19209,0
2016-06-27,21:35:00,11.305,11.335,11.305,11.315,11908,0
2016-06-27,21:40:00,11.325,11.355,11.315,11.355,12186,0
2016-06-27,21:45:00,11.355,11.355,11.315,11.335,10571,0
2016-06-27,21:50:00,11.335,11.365,11.335,11.365,10028,0
2016-06-27,21:55:00,11.355,11.365,11.335,11.365,27034,0
2016-06-27,22:00:00,11.375,11.375,11.335,11.335,95221,0
2016-06-28,15:35:00,11.514,11.732,11.424,11.663,21020,0
2016-06-28,15:40:00,11.702,11.732,11.603,11.648,9383,0
2016-06-28,15:45:00,11.663,11.683,11.613,11.653,9509,0
2016-06-28,15:50:00,11.663,11.762,11.663,11.742,3893,0
2016-06-28,15:55:00,11.752,11.792,11.673,11.693,6647,0
2016-06-28,16:00:00,11.673,11.683,11.613,11.683,3535,0
2016-06-28,16:05:00,11.693,11.693,11.593,11.643,7367,0
2016-06-28,16:10:00,11.643,11.653,11.504,11.504,2597,0
2016-06-28,16:15:00,11.553,11.623,11.504,11.623,32615,0
2016-06-28,16:20:00,11.623,11.683,11.593,11.673,35919,0
2016-06-28,16:25:00,11.673,11.693,11.593,11.613,7952,0
2016-06-28,16:30:00,11.613,11.619,11.613,11.619,805,0
2016-06-28,16:35:00,11.613,11.613,11.568,11.573,4691,0
2016-06-28,16:40:00,11.583,11.603,11.544,11.553,4731,0
2016-06-28,16:45:00,11.553,11.573,11.553,11.573,2012,0
2016-06-28,16:50:00,11.593,11.623,11.573,11.623,2617,0
2016-06-28,16:55:00,11.603,11.653,11.563,11.653,18522,0
2016-06-28,17:00:00,11.643,11.653,11.573,11.593,5355,0
2016-06-28,17:05:00,11.583,11.603,11.568,11.573,6126,0
2016-06-28,17:10:00,11.573,11.593,11.553,11.573,3776,0
2016-06-28,17:15:00,11.583,11.583,11.534,11.534,3121,0
2016-06-28,17:20:00,11.534,11.563,11.534,11.563,1540,0
2016-06-28,17:25:00,11.573,11.583,11.563,11.563,3937,0
2016-06-28,17:30:00,11.544,11.544,11.514,11.534,3926,0
2016-06-28,17:35:00,11.544,11.553,11.494,11.524,20233,0
2016-06-28,17:40:00,11.524,11.539,11.494,11.504,19629,0
2016-06-28,17:45:00,11.494,11.504,11.474,11.504,4721,0
2016-06-28,17:50:00,11.494,11.534,11.494,11.529,3121,0
2016-06-28,17:55:00,11.534,11.544,11.514,11.544,3423,0
2016-06-28,18:00:00,11.544,11.573,11.544,11.553,5637,0
2016-06-28,18:05:00,11.553,11.553,11.544,11.553,2215,0
2016-06-28,18:10:00,11.563,11.578,11.558,11.573,8666,0
2016-06-28,18:15:00,11.578,11.593,11.578,11.583,3642,0
2016-06-28,18:20:00,11.593,11.603,11.583,11.583,5752,0
2016-06-28,18:25:00,11.593,11.593,11.583,11.593,6901,0
2016-06-28,18:30:00,11.593,11.603,11.593,11.603,5851,0
2016-06-28,18:35:00,11.608,11.613,11.603,11.613,403,0
2016-06-28,18:40:00,11.603,11.623,11.593,11.623,5134,0
2016-06-28,18:45:00,11.623,11.633,11.593,11.593,4328,0
2016-06-28,18:50:00,11.593,11.593,11.583,11.593,2754,0
2016-06-28,18:55:00,11.583,11.598,11.583,11.598,2946,0
2016-06-28,19:00:00,11.593,11.613,11.588,11.613,17803,0
2016-06-28,19:05:00,11.623,11.623,11.603,11.607,4808,0
2016-06-28,19:10:00,11.613,11.613,11.583,11.583,4851,0
2016-06-28,19:15:00,11.593,11.618,11.588,11.613,17773,0
2016-06-28,19:20:00,11.608,11.613,11.524,11.534,22230,0
2016-06-28,19:25:00,11.543,11.573,11.539,11.563,36540,0
2016-06-28,19:30:00,11.563,11.593,11.563,11.593,9462,0
2016-06-28,19:35:00,11.593,11.643,11.593,11.623,11174,0
2016-06-28,19:40:00,11.623,11.668,11.613,11.663,8037,0
2016-06-28,19:45:00,11.663,11.712,11.663,11.683,9462,0
2016-06-28,19:50:00,11.693,11.702,11.693,11.702,1208,0
2016-06-28,19:55:00,11.693,11.693,11.683,11.688,5587,0
2016-06-28,20:00:00,11.688,11.693,11.663,11.668,9118,0
2016-06-28,20:05:00,11.668,11.693,11.663,11.683,10172,0
2016-06-28,20:10:00,11.692,11.693,11.673,11.683,12482,0
2016-06-28,20:15:00,11.683,11.693,11.668,11.673,14309,0
2016-06-28,20:20:00,11.673,11.712,11.673,11.698,9200,0
2016-06-28,20:25:00,11.702,11.702,11.683,11.683,3132,0
2016-06-28,20:30:00,11.688,11.712,11.688,11.712,5271,0
2016-06-28,20:35:00,11.712,11.722,11.683,11.722,8299,0
2016-06-28,20:40:00,11.722,11.752,11.722,11.737,13012,0
2016-06-28,20:45:00,11.742,11.747,11.712,11.732,5838,0
2016-06-28,20:50:00,11.742,11.752,11.742,11.744,4631,0
2016-06-28,20:55:00,11.742,11.782,11.742,11.782,7501,0
2016-06-28,21:00:00,11.782,11.822,11.782,11.782,11326,0
2016-06-28,21:05:00,11.772,11.802,11.752,11.802,9865,0
2016-06-28,21:10:00,11.802,11.822,11.762,11.762,9357,0
2016-06-28,21:15:00,11.762,11.802,11.762,11.792,5359,0
2016-06-28,21:20:00,11.802,11.802,11.762,11.762,14186,0
2016-06-28,21:25:00,11.752,11.762,11.732,11.742,13074,0
2016-06-28,21:30:00,11.732,11.732,11.673,11.703,8147,0
2016-06-28,21:35:00,11.707,11.722,11.643,11.643,9813,0
2016-06-28,21:40:00,11.643,11.653,11.623,11.623,19943,0
2016-06-28,21:45:00,11.623,11.653,11.623,11.643,30598,0
2016-06-28,21:50:00,11.633,11.65,11.633,11.648,15943,0
2016-06-28,21:55:00,11.653,11.712,11.648,11.702,36592,0
2016-06-28,22:00:00,11.707,11.722,11.693,11.702,103659,0
2016-06-29,15:35:00,11.861,11.861,11.693,11.802,10093,0
2016-06-29,15:40:00,11.822,11.822,11.712,11.792,6158,0
2016-06-29,15:45:00,11.742,11.802,11.712,11.772,6342,0
2016-06-29,15:50:00,11.822,11.911,11.812,11.891,26563,0
2016-06-29,15:55:00,11.901,11.971,11.891,11.961,6140,0
2016-06-29,16:00:00,11.961,12.001,11.961,11.991,6369,0
2016-06-29,16:05:00,11.983,12.08,11.981,11.991,13522,0
2016-06-29,16:10:00,12.001,12.001,11.961,11.971,1711,0
2016-06-29,16:15:00,11.981,11.981,11.911,11.911,13710,0
2016-06-29,16:20:00,11.901,11.971,11.896,11.961,10859,0
2016-06-29,16:25:00,11.961,11.971,11.941,11.951,16138,0
2016-06-29,16:30:00,11.961,11.971,11.946,11.946,8214,0
2016-06-29,16:35:00,11.951,11.993,11.911,11.921,18166,0
2016-06-29,16:40:00,11.931,11.958,11.921,11.931,7509,0
2016-06-29,16:45:00,11.931,11.941,11.891,11.891,11517,0
2016-06-29,16:50:00,11.891,11.971,11.891,11.961,13510,0
2016-06-29,16:55:00,11.961,12,11.921,11.981,17884,0
2016-06-29,17:00:00,11.996,12.001,11.971,11.971,6945,0
2016-06-29,17:05:00,11.971,12.05,11.971,12.05,7511,0
2016-06-29,17:10:00,12.055,12.08,12.04,12.075,11459,0
2016-06-29,17:15:00,12.08,12.13,12.08,12.115,7650,0
2016-06-29,17:20:00,12.11,12.13,12.1,12.116,4328,0
2016-06-29,17:25:00,12.13,12.15,12.12,12.13,6442,0
2016-06-29,17:30:00,12.14,12.159,12.135,12.159,9884,0
2016-06-29,17:35:00,12.159,12.169,12.14,12.159,6647,0
2016-06-29,17:40:00,12.169,12.189,12.15,12.159,15899,0
2016-06-29,17:45:00,12.164,12.169,12.15,12.157,4746,0
2016-06-29,17:50:00,12.159,12.159,12.12,12.15,5134,0
2016-06-29,17:55:00,12.159,12.219,12.159,12.219,8154,0
2016-06-29,18:00:00,12.209,12.219,12.199,12.204,2315,0
2016-06-29,18:05:00,12.199,12.199,12.159,12.159,3823,0
2016-06-29,18:10:00,12.169,12.179,12.159,12.169,6342,0
2016-06-29,18:15:00,12.169,12.169,12.155,12.159,6261,0
2016-06-29,18:20:00,12.155,12.169,12.14,12.14,5134,0
2016-06-29,18:25:00,12.14,12.159,12.13,12.159,11090,0
2016-06-29,18:30:00,12.159,12.169,12.15,12.169,3110,0
2016-06-29,18:35:00,12.159,12.159,12.14,12.145,5637,0
2016-06-29,18:40:00,12.14,12.15,12.14,12.145,906,0
2016-06-29,18:45:00,12.14,12.14,12.09,12.105,8609,0
2016-06-29,18:50:00,12.1,12.1,12.02,12.02,9290,0
2016-06-29,18:55:00,12.025,12.03,12.02,12.03,3045,0
2016-06-29,19:00:00,12.035,12.04,12.001,12.001,5491,0
2016-06-29,19:05:00,12.01,12.02,12.01,12.015,5302,0
2016-06-29,19:10:00,12.02,12.02,11.981,11.981,5637,0
2016-06-29,19:15:00,11.981,11.981,11.971,11.981,1208,0
2016-06-29,19:20:00,11.976,12.01,11.976,12.001,6845,0
2016-06-29,19:25:00,12.01,12.02,12.005,12.01,5637,0
2016-06-29,19:30:00,12.02,12.04,12.02,12.035,5134,0
2016-06-29,19:35:00,12.04,12.08,12.025,12.075,14957,0
2016-06-29,19:40:00,12.08,12.11,12.075,12.1,46501,0
2016-06-29,19:45:00,12.09,12.11,12.09,12.11,6191,0
2016-06-29,19:50:00,12.115,12.12,12.11,12.12,3020,0
2016-06-29,19:55:00,12.12,12.12,12.08,12.08,6243,0
2016-06-29,20:00:00,12.09,12.13,12.09,12.11,8074,0
2016-06-29,20:05:00,12.11,12.13,12.1,12.13,7550,0
2016-06-29,20:10:00,12.135,12.14,12.11,12.125,6041,0
2016-06-29,20:15:00,12.13,12.14,12.115,12.135,9887,0
2016-06-29,20:20:00,12.13,12.14,12.13,12.14,2114,0
2016-06-29,20:25:00,12.14,12.14,12.125,12.135,5536,0
2016-06-29,20:30:00,12.14,12.15,12.09,12.09,8342,0
2016-06-29,20:35:00,12.1,12.12,12.1,12.11,5107,0
2016-06-29,20:40:00,12.11,12.12,12.11,12.115,3121,0
2016-06-29,20:45:00,12.12,12.14,12.12,12.125,9664,0
2016-06-29,20:50:00,12.12,12.13,12.085,12.085,14193,0
2016-06-29,20:55:00,12.085,12.095,12.08,12.09,4434,0
2016-06-29,21:00:00,12.09,12.115,12.09,12.115,16700,0
2016-06-29,21:05:00,12.12,12.13,12.12,12.12,4228,0
2016-06-29,21:10:00,12.12,12.13,12.11,12.115,11820,0
2016-06-29,21:15:00,12.115,12.15,12.11,12.15,19520,0
2016-06-29,21:20:00,12.15,12.189,12.15,12.179,10973,0
2016-06-29,21:25:00,12.179,12.189,12.15,12.155,15889,0
2016-06-29,21:30:00,12.155,12.159,12.14,12.14,7182,0
2016-06-29,21:35:00,12.14,12.15,12.11,12.14,13791,0
2016-06-29,21:40:00,12.13,12.14,12.09,12.09,11948,0
2016-06-29,21:45:00,12.09,12.1,12.08,12.085,13951,0
2016-06-29,21:50:00,12.08,12.12,12.08,12.115,16474,0
2016-06-29,21:55:00,12.11,12.11,12.06,12.06,30047,0
2016-06-29,22:00:00,12.06,12.1,12.06,12.08,94798,0
2016-06-30,15:35:00,12.12,12.23,12.1,12.1,10264,0
2016-06-30,15:40:00,12.1,12.1,12.01,12.01,1700,0
2016-06-30,15:45:00,12.01,12.025,11.86,11.87,8530,0
2016-06-30,15:50:00,11.88,11.9,11.82,11.85,5034,0
2016-06-30,15:55:00,11.87,11.91,11.87,11.88,13300,0
2016-06-30,16:00:00,11.87,11.93,11.84,11.915,2600,0
2016-06-30,16:05:00,11.93,11.95,11.89,11.89,2600,0
2016-06-30,16:10:00,11.88,11.89,11.86,11.89,4600,0
2016-06-30,16:15:00,11.88,11.88,11.865,11.87,1600,0
2016-06-30,16:20:00,11.88,11.885,11.86,11.865,2400,0
2016-06-30,16:25:00,11.86,11.875,11.85,11.8576,5730,0
2016-06-30,16:30:00,11.85,11.85,11.82,11.83,4550,0
2016-06-30,16:35:00,11.825,11.89,11.825,11.875,6719,0
2016-06-30,16:40:00,11.88,11.915,11.87,11.91,3995,0
2016-06-30,16:45:00,11.9,11.92,11.87,11.92,3650,0
2016-06-30,16:50:00,11.92,12.015,11.91,12.015,8100,0
2016-06-30,16:55:00,12,12.08,12,12.08,9350,0
2016-06-30,17:00:00,12.08,12.18,12.08,12.15,7469,0
2016-06-30,17:05:00,12.15,12.15,12.1,12.11,3200,0
2016-06-30,17:10:00,12.12,12.14,12.12,12.1337,4100,0
2016-06-30,17:15:00,12.14,12.16,12.12,12.14,4300,0
2016-06-30,17:20:00,12.14,12.14,12.075,12.08,4500,0
2016-06-30,17:25:00,12.08,12.11,12.08,12.11,4300,0
2016-06-30,17:30:00,12.11,12.14,12.1,12.13,4300,0
2016-06-30,17:35:00,12.14,12.15,12.1,12.1,5835,0
2016-06-30,17:40:00,12.09,12.09,12.05,12.07,5985,0
2016-06-30,17:45:00,12.06,12.06,12.03,12.03,3100,0
2016-06-30,17:50:00,12.04,12.065,12.04,12.065,3700,0
2016-06-30,17:55:00,12.065,12.08,12.0401,12.08,3540,0
2016-06-30,18:00:00,12.0899,12.09,12.05,12.05,3000,0
2016-06-30,18:05:00,12.08,12.09,12.06,12.06,2800,0
2016-06-30,18:10:00,12.0499,12.05,12.035,12.035,2800,0
2016-06-30,18:15:00,12.04,12.09,12.03,12.0899,6448,0
2016-06-30,18:20:00,12.09,12.12,12.08,12.105,16081,0
2016-06-30,18:25:00,12.1099,12.11,12.1,12.11,2800,0
2016-06-30,18:30:00,12.11,12.12,12.1,12.11,3300,0
2016-06-30,18:35:00,12.1199,12.16,12.1199,12.14,2500,0
2016-06-30,18:40:00,12.14,12.17,12.14,12.15,6810,0
2016-06-30,18:45:00,12.15,12.17,12.1499,12.16,1912,0
2016-06-30,18:50:00,12.165,12.19,12.165,12.19,4287,0
2016-06-30,18:55:00,12.2,12.21,12.17,12.19,8957,0
2016-06-30,19:00:00,12.2,12.22,12.2,12.21,1400,0
2016-06-30,19:05:00,12.2,12.22,12.2,12.215,1900,0
2016-06-30,19:10:00,12.21,12.21,12.195,12.2099,3200,0
2016-06-30,19:15:00,12.2,12.21,12.2,12.205,1400,0
2016-06-30,19:20:00,12.21,12.21,12.18,12.18,2862,0
2016-06-30,19:25:00,12.18,12.2,12.17,12.19,4666,0
2016-06-30,19:30:00,12.18,12.18,12.16,12.18,3690,0
2016-06-30,19:35:00,12.1799,12.1899,12.16,12.18,4100,0
2016-06-30,19:40:00,12.18,12.19,12.17,12.175,3008,0
2016-06-30,19:45:00,12.17,12.2,12.17,12.2,2200,0
2016-06-30,19:50:00,12.21,12.21,12.19,12.19,2100,0
2016-06-30,19:55:00,12.195,12.195,12.18,12.18,5100,0
2016-06-30,20:00:00,12.18,12.19,12.17,12.185,3585,0
2016-06-30,20:05:00,12.19,12.215,12.19,12.215,4392,0
2016-06-30,20:10:00,12.22,12.22,12.205,12.21,4090,0
2016-06-30,20:15:00,12.2199,12.2199,12.2,12.2,2000,0
2016-06-30,20:20:00,12.2,12.21,12.185,12.195,7800,0
2016-06-30,20:25:00,12.2,12.235,12.2,12.235,5700,0
2016-06-30,20:30:00,12.23,12.23,12.22,12.22,2000,0
2016-06-30,20:35:00,12.21,12.23,12.21,12.22,5200,0
2016-06-30,20:40:00,12.225,12.24,12.225,12.24,4158,0
2016-06-30,20:45:00,12.25,12.26,12.245,12.25,3052,0
2016-06-30,20:50:00,12.2599,12.27,12.245,12.2499,5900,0
2016-06-30,20:55:00,12.25,12.27,12.25,12.26,3727,0
2016-06-30,21:00:00,12.26,12.27,12.24,12.24,6690,0
2016-06-30,21:05:00,12.25,12.27,12.24,12.245,6200,0
2016-06-30,21:10:00,12.24,12.24,12.2216,12.23,4769,0
2016-06-30,21:15:00,12.225,12.23,12.215,12.23,8911,0
2016-06-30,21:20:00,12.22,12.22,12.18,12.19,5103,0
2016-06-30,21:25:00,12.18,12.2,12.18,12.195,2600,0
2016-06-30,21:30:00,12.2,12.24,12.2,12.24,8774,0
2016-06-30,21:35:00,12.24,12.24,12.215,12.22,6205,0
2016-06-30,21:40:00,12.22,12.23,12.2,12.22,9379,0
2016-06-30,21:45:00,12.22,12.24,12.2,12.2,11323,0
2016-06-30,21:50:00,12.19,12.225,12.19,12.21,17918,0
2016-06-30,21:55:00,12.22,12.25,12.22,12.23,26494,0
2016-06-30,22:00:00,12.24,12.28,12.24,12.27,115920,0
2016-07-01,15:35:00,12.25,12.39,12.22,12.39,28143,0
2016-07-01,15:40:00,12.4,12.51,12.4,12.47,18175,0
2016-07-01,15:45:00,12.47,12.57,12.47,12.56,3700,0
2016-07-01,15:50:00,12.55,12.64,12.55,12.64,6447,0
2016-07-01,15:55:00,12.655,12.72,12.65,12.72,21000,0
2016-07-01,16:00:00,12.69,12.78,12.68,12.78,20637,0
2016-07-01,16:05:00,12.79,12.79,12.74,12.77,4300,0
2016-07-01,16:10:00,12.78,12.79,12.67,12.69,29680,0
2016-07-01,16:15:00,12.68,12.68,12.63,12.65,2900,0
2016-07-01,16:20:00,12.65,12.72,12.65,12.72,6700,0
2016-07-01,16:25:00,12.73,12.77,12.73,12.75,3500,0
2016-07-01,16:30:00,12.74,12.79,12.74,12.75,4630,0
2016-07-01,16:35:00,12.75,12.75,12.7,12.735,6168,0
2016-07-01,16:40:00,12.73,12.76,12.725,12.74,23202,0
2016-07-01,16:45:00,12.74,12.8,12.74,12.8,38509,0
2016-07-01,16:50:00,12.81,12.88,12.79,12.87,20995,0
2016-07-01,16:55:00,12.87,12.9,12.85,12.89,16690,0
2016-07-01,17:00:00,12.88,12.95,12.86,12.94,6010,0
2016-07-01,17:05:00,12.94,12.96,12.9157,12.94,5480,0
2016-07-01,17:10:00,12.94,12.95,12.91,12.92,6061,0
2016-07-01,17:15:00,12.92,12.93,12.88,12.93,8400,0
2016-07-01,17:20:00,12.93,12.95,12.91,12.91,5882,0
2016-07-01,17:25:00,12.9018,12.92,12.86,12.86,13300,0
2016-07-01,17:30:00,12.86,12.89,12.86,12.87,6500,0
2016-07-01,17:35:00,12.86,12.88,12.84,12.88,13800,0
2016-07-01,17:40:00,12.88,12.91,12.88,12.89,7100,0
2016-07-01,17:45:00,12.88,12.9,12.86,12.9,7365,0
2016-07-01,17:50:00,12.9,12.91,12.89,12.89,4700,0
2016-07-01,17:55:00,12.89,12.93,12.89,12.93,9550,0
2016-07-01,18:00:00,12.9201,12.93,12.9,12.915,7394,0
2016-07-01,18:05:00,12.92,12.93,12.89,12.89,7100,0
2016-07-01,18:10:00,12.9,12.92,12.9,12.91,2900,0
2016-07-01,18:15:00,12.9,12.92,12.89,12.91,8000,0
2016-07-01,18:20:00,12.92,12.93,12.9,12.9061,4500,0
2016-07-01,18:25:00,12.905,12.91,12.9,12.9,2475,0
2016-07-01,18:30:00,12.91,12.91,12.88,12.88,6972,0
2016-07-01,18:35:00,12.87,12.88,12.87,12.88,3990,0
2016-07-01,18:40:00,12.87,12.87,12.84,12.85,18296,0
2016-07-01,18:45:00,12.86,12.87,12.84,12.86,4845,0
2016-07-01,18:50:00,12.86,12.86,12.84,12.8401,2600,0
2016-07-01,18:55:00,12.83,12.84,12.81,12.84,6400,0
2016-07-01,19:00:00,12.84,12.86,12.84,12.86,4205,0
2016-07-01,19:05:00,12.86,12.86,12.84,12.84,3788,0
2016-07-01,19:10:00,12.83,12.84,12.82,12.82,2400,0
2016-07-01,19:15:00,12.81,12.82,12.8,12.82,3700,0
2016-07-01,19:20:00,12.82,12.82,12.79,12.79,5600,0
2016-07-01,19:25:00,12.78,12.78,12.735,12.75,9192,0
2016-07-01,19:30:00,12.74,12.7401,12.7,12.7,7000,0
2016-07-01,19:35:00,12.7,12.7,12.67,12.69,6366,0
2016-07-01,19:40:00,12.7,12.71,12.68,12.68,4260,0
2016-07-01,19:45:00,12.69,12.73,12.68,12.72,5688,0
2016-07-01,19:50:00,12.72,12.72,12.67,12.72,4927,0
2016-07-01,19:55:00,12.72,12.72,12.69,12.71,2634,0
2016-07-01,20:00:00,12.72,12.74,12.71,12.72,3637,0
2016-07-01,20:05:00,12.73,12.73,12.715,12.719,3414,0
2016-07-01,20:10:00,12.71,12.72,12.695,12.71,6261,0
2016-07-01,20:15:00,12.715,12.74,12.71,12.74,1700,0
2016-07-01,20:20:00,12.74,12.74,12.71,12.72,3293,0
2016-07-01,20:25:00,12.74,12.74,12.72,12.74,1900,0
2016-07-01,20:30:00,12.74,12.75,12.73,12.745,4437,0
2016-07-01,20:35:00,12.745,12.75,12.7,12.7,4600,0
2016-07-01,20:40:00,12.71,12.71,12.685,12.685,4700,0
2016-07-01,20:45:00,12.69,12.69,12.685,12.69,1500,0
2016-07-01,20:50:00,12.69,12.69,12.665,12.67,4000,0
2016-07-01,20:55:00,12.67,12.68,12.67,12.68,4657,0
2016-07-01,21:00:00,12.68,12.75,12.68,12.73,7000,0
2016-07-01,21:05:00,12.735,12.75,12.7116,12.745,9279,0
2016-07-01,21:10:00,12.75,12.78,12.74,12.755,19234,0
2016-07-01,21:15:00,12.755,12.795,12.7505,12.78,8765,0
2016-07-01,21:20:00,12.79,12.79,12.77,12.78,5100,0
2016-07-01,21:25:00,12.78,12.78,12.75,12.75,9360,0
2016-07-01,21:30:00,12.76,12.76,12.75,12.76,7000,0
2016-07-01,21:35:00,12.77,12.8,12.77,12.79,18046,0
2016-07-01,21:40:00,12.78,12.81,12.78,12.79,26508,0
2016-07-01,21:45:00,12.79,12.82,12.79,12.81,6800,0
2016-07-01,21:50:00,12.8,12.8,12.77,12.78,8372,0
2016-07-01,21:55:00,12.77,12.77,12.74,12.74,20823,0
2016-07-01,22:00:00,12.74,12.785,12.74,12.76,86073,0
2016-07-05,15:35:00,12.63,12.695,12.62,12.695,8636,0
2016-07-05,15:40:00,12.66,12.71,12.65,12.66,15853,0
2016-07-05,15:45:00,12.65,12.67,12.6,12.6,12436,0
2016-07-05,15:50:00,12.57,12.57,12.49,12.53,3699,0
2016-07-05,15:55:00,12.6,12.6,12.52,12.52,2038,0
2016-07-05,16:00:00,12.53,12.55,12.49,12.53,7800,0
2016-07-05,16:05:00,12.52,12.52,12.45,12.45,3500,0
2016-07-05,16:10:00,12.43,12.46,12.43,12.43,1800,0
2016-07-05,16:15:00,12.4,12.44,12.38,12.4,3500,0
2016-07-05,16:20:00,12.39,12.39,12.33,12.34,3482,0
2016-07-05,16:25:00,12.35,12.35,12.3,12.33,7900,0
2016-07-05,16:30:00,12.32,12.32,12.28,12.28,5489,0
2016-07-05,16:35:00,12.28,12.34,12.28,12.34,8091,0
2016-07-05,16:40:00,12.34,12.44,12.3,12.44,20200,0
2016-07-05,16:45:00,12.44,12.45,12.4,12.4,2900,0
2016-07-05,16:50:00,12.39,12.39,12.345,12.36,5700,0
2016-07-05,16:55:00,12.35,12.35,12.28,12.29,4200,0
2016-07-05,17:00:00,12.285,12.31,12.27,12.3,7410,0
2016-07-05,17:05:00,12.28,12.29,12.25,12.26,3000,0
2016-07-05,17:10:00,12.2584,12.2584,12.22,12.24,5489,0
2016-07-05,17:15:00,12.22,12.22,12.16,12.16,5200,0
2016-07-05,17:20:00,12.16,12.21,12.16,12.2,4800,0
2016-07-05,17:25:00,12.2,12.2201,12.2,12.21,2000,0
2016-07-05,17:30:00,12.2,12.205,12.16,12.17,1200,0
2016-07-05,17:35:00,12.17,12.22,12.17,12.22,3389,0
2016-07-05,17:40:00,12.23,12.23,12.19,12.195,1000,0
2016-07-05,17:45:00,12.19,12.2,12.155,12.155,4600,0
2016-07-05,17:50:00,12.15,12.18,12.14,12.18,2300,0
2016-07-05,17:55:00,12.18,12.18,12.16,12.17,3400,0
2016-07-05,18:00:00,12.16,12.16,12.145,12.155,2400,0
2016-07-05,18:05:00,12.16,12.18,12.1599,12.17,1800,0
2016-07-05,18:10:00,12.16,12.1601,12.14,12.14,4875,0
2016-07-05,18:15:00,12.13,12.13,12.11,12.12,1500,0
2016-07-05,18:20:00,12.12,12.16,12.12,12.14,5963,0
2016-07-05,18:25:00,12.14,12.21,12.14,12.21,1800,0
2016-07-05,18:30:00,12.22,12.2916,12.22,12.2916,5600,0
2016-07-05,18:35:00,12.3,12.3,12.25,12.25,1584,0
2016-07-05,18:40:00,12.25,12.25,12.22,12.22,1200,0
2016-07-05,18:45:00,12.23,12.2301,12.205,12.21,2800,0
2016-07-05,18:50:00,12.205,12.22,12.205,12.2113,1900,0
2016-07-05,18:55:00,12.22,12.23,12.2,12.21,3731,0
2016-07-05,19:00:00,12.21,12.25,12.21,12.25,1800,0
2016-07-05,19:05:00,12.25,12.29,12.245,12.28,6300,0
2016-07-05,19:10:00,12.286,12.325,12.286,12.32,5855,0
2016-07-05,19:15:00,12.3,12.3,12.23,12.23,5789,0
2016-07-05,19:20:00,12.21,12.2201,12.2,12.22,9582,0
2016-07-05,19:25:00,12.21,12.2101,12.19,12.2101,3400,0
2016-07-05,19:30:00,12.22,12.22,12.22,12.22,100,0
2016-07-05,19:35:00,12.2,12.21,12.19,12.2,3300,0
2016-07-05,19:40:00,12.1966,12.1966,12.18,12.18,1010,0
2016-07-05,19:45:00,12.17,12.17,12.1601,12.1601,1600,0
2016-07-05,19:50:00,12.165,12.165,12.14,12.15,4310,0
2016-07-05,19:55:00,12.15,12.15,12.09,12.09,4581,0
2016-07-05,20:00:00,12.1,12.11,12.09,12.11,3035,0
2016-07-05,20:05:00,12.12,12.16,12.12,12.15,3909,0
2016-07-05,20:10:00,12.15,12.15,12.13,12.14,3223,0
2016-07-05,20:15:00,12.135,12.21,12.135,12.2,7860,0
2016-07-05,20:20:00,12.21,12.26,12.21,12.256,3000,0
2016-07-05,20:25:00,12.25,12.25,12.2,12.2,1700,0
2016-07-05,20:30:00,12.19,12.19,12.18,12.1875,4200,0
2016-07-05,20:35:00,12.19,12.23,12.19,12.225,6000,0
2016-07-05,20:40:00,12.225,12.23,12.205,12.205,1800,0
2016-07-05,20:45:00,12.2,12.2,12.18,12.18,2201,0
2016-07-05,20:50:00,12.18,12.2,12.17,12.175,7306,0
2016-07-05,20:55:00,12.17,12.19,12.16,12.19,4801,0
2016-07-05,21:00:00,12.18,12.21,12.16,12.2,5310,0
2016-07-05,21:05:00,12.19,12.19,12.13,12.14,15400,0
2016-07-05,21:10:00,12.145,12.16,12.14,12.145,6700,0
2016-07-05,21:15:00,12.14,12.17,12.14,12.17,7766,0
2016-07-05,21:20:00,12.17,12.17,12.15,12.17,5265,0
2016-07-05,21:25:00,12.17,12.17,12.15,12.15,6674,0
2016-07-05,21:30:00,12.15,12.17,12.15,12.17,3264,0
2016-07-05,21:35:00,12.16,12.22,12.16,12.22,11860,0
2016-07-05,21:40:00,12.22,12.23,12.22,12.23,3714,0
2016-07-05,21:45:00,12.23,12.25,12.2228,12.225,6961,0
2016-07-05,21:50:00,12.23,12.25,12.23,12.24,7833,0
2016-07-05,21:55:00,12.235,12.24,12.21,12.21,10366,0
2016-07-05,22:00:00,12.21,12.23,12.2,12.21,53848,0
2016-07-06,15:35:00,12.16,12.225,12.09,12.1305,8586,0
2016-07-06,15:40:00,12.12,12.13,12.03,12.03,3100,0
2016-07-06,15:45:00,12.03,12.05,11.98,12.05,4736,0
2016-07-06,15:50:00,12.07,12.11,11.97,12.09,3200,0
2016-07-06,15:55:00,12.1,12.21,12.1,12.21,1300,0
2016-07-06,16:00:00,12.25,12.27,12.24,12.26,2489,0
2016-07-06,16:05:00,12.26,12.35,12.26,12.28,3600,0
2016-07-06,16:10:00,12.29,12.29,12.21,12.21,8800,0
2016-07-06,16:15:00,12.21,12.27,12.21,12.24,17745,0
2016-07-06,16:20:00,12.26,12.315,12.25,12.27,2500,0
2016-07-06,16:25:00,12.28,12.3,12.25,12.25,1500,0
2016-07-06,16:30:00,12.27,12.32,12.27,12.32,3800,0
2016-07-06,16:35:00,12.29,12.29,12.25,12.25,3200,0
2016-07-06,16:40:00,12.26,12.32,12.26,12.32,2400,0
2016-07-06,16:45:00,12.31,12.31,12.28,12.29,2600,0
2016-07-06,16:50:00,12.3,12.34,12.3,12.34,4620,0
2016-07-06,16:55:00,12.35,12.37,12.34,12.34,6700,0
2016-07-06,17:00:00,12.35,12.36,12.31,12.33,8992,0
2016-07-06,17:05:00,12.35,12.4299,12.35,12.41,4900,0
2016-07-06,17:10:00,12.42,12.4599,12.4,12.41,11942,0
2016-07-06,17:15:00,12.41,12.44,12.38,12.38,3800,0
2016-07-06,17:20:00,12.398,12.4,12.38,12.39,5700,0
2016-07-06,17:25:00,12.39,12.39,12.31,12.31,2300,0
2016-07-06,17:30:00,12.3,12.3,12.28,12.28,2100,0
2016-07-06,17:35:00,12.28,12.31,12.28,12.28,2700,0
2016-07-06,17:40:00,12.28,12.28,12.23,12.23,4000,0
2016-07-06,17:45:00,12.23,12.2478,12.18,12.18,3550,0
2016-07-06,17:50:00,12.18,12.2,12.18,12.2,800,0
2016-07-06,17:55:00,12.2,12.24,12.19,12.24,1800,0
2016-07-06,18:00:00,12.245,12.245,12.2,12.22,6326,0
2016-07-06,18:05:00,12.22,12.31,12.22,12.3,22718,0
2016-07-06,18:10:00,12.3,12.34,12.29,12.34,2400,0
2016-07-06,18:15:00,12.34,12.34,12.32,12.33,6200,0
2016-07-06,18:20:00,12.36,12.4,12.35,12.38,7146,0
2016-07-06,18:25:00,12.4,12.45,12.4,12.44,3300,0
2016-07-06,18:30:00,12.43,12.44,12.35,12.35,5900,0
2016-07-06,18:35:00,12.37,12.38,12.35,12.35,8250,0
2016-07-06,18:40:00,12.35,12.3799,12.31,12.33,3700,0
2016-07-06,18:45:00,12.3599,12.38,12.34,12.36,5900,0
2016-07-06,18:50:00,12.34,12.34,12.31,12.31,2261,0
2016-07-06,18:55:00,12.315,12.35,12.315,12.33,2370,0
2016-07-06,19:00:00,12.33,12.33,12.29,12.32,2679,0
2016-07-06,19:05:00,12.325,12.35,12.325,12.35,1500,0
2016-07-06,19:10:00,12.35,12.36,12.33,12.36,3830,0
2016-07-06,19:15:00,12.35,12.35,12.32,12.33,8302,0
2016-07-06,19:20:00,12.33,12.34,12.31,12.31,900,0
2016-07-06,19:25:00,12.31,12.32,12.29,12.29,2500,0
2016-07-06,19:30:00,12.28,12.32,12.28,12.32,2000,0
2016-07-06,19:35:00,12.33,12.34,12.32,12.32,1100,0
2016-07-06,19:40:00,12.33,12.33,12.32,12.32,1800,0
2016-07-06,19:45:00,12.32,12.335,12.3,12.3,2600,0
2016-07-06,19:50:00,12.3,12.3,12.29,12.29,574,0
2016-07-06,19:55:00,12.3,12.32,12.3,12.31,3490,0
2016-07-06,20:00:00,12.31,12.31,12.3,12.31,300,0
2016-07-06,20:05:00,12.31,12.31,12.26,12.27,11750,0
2016-07-06,20:10:00,12.26,12.28,12.25,12.26,4054,0
2016-07-06,20:15:00,12.27,12.27,12.22,12.22,4310,0
2016-07-06,20:20:00,12.23,12.2701,12.23,12.25,4540,0
2016-07-06,20:25:00,12.26,12.26,12.24,12.24,2180,0
2016-07-06,20:30:00,12.23,12.24,12.22,12.24,1000,0
2016-07-06,20:35:00,12.25,12.27,12.24,12.24,4000,0
2016-07-06,20:40:00,12.25,12.3,12.25,12.2995,7300,0
2016-07-06,20:45:00,12.28,12.3,12.28,12.295,2300,0
2016-07-06,20:50:00,12.31,12.32,12.24,12.26,13003,0
2016-07-06,20:55:00,12.2599,12.3299,12.24,12.32,4889,0
2016-07-06,21:00:00,12.33,12.3599,12.33,12.3538,2360,0
2016-07-06,21:05:00,12.36,12.37,12.28,12.29,21114,0
2016-07-06,21:10:00,12.3,12.31,12.29,12.3,9060,0
2016-07-06,21:15:00,12.3,12.34,12.28,12.3,12420,0
2016-07-06,21:20:00,12.3,12.35,12.29,12.33,10693,0
2016-07-06,21:25:00,12.33,12.3468,12.3,12.3099,5810,0
2016-07-06,21:30:00,12.3,12.305,12.27,12.29,9400,0
2016-07-06,21:35:00,12.296,12.31,12.28,12.28,11365,0
2016-07-06,21:40:00,12.29,12.3399,12.2899,12.3399,20189,0
2016-07-06,21:45:00,12.34,12.3699,12.33,12.3499,9740,0
2016-07-06,21:50:00,12.3499,12.35,12.29,12.3,15879,0
2016-07-06,21:55:00,12.29,12.3,12.28,12.2999,9944,0
2016-07-06,22:00:00,12.29,12.33,12.29,12.31,81995,0
2016-07-07,15:35:00,12.31,12.31,12.2801,12.2801,8233,0
2016-07-07,15:40:00,12.32,12.47,12.32,12.43,4518,0
2016-07-07,15:45:00,12.47,12.6,12.47,12.6,4177,0
2016-07-07,15:50:00,12.6,12.61,12.56,12.59,3815,0
2016-07-07,15:55:00,12.59,12.68,12.59,12.66,2155,0
2016-07-07,16:00:00,12.64,12.6559,12.51,12.51,11800,0
2016-07-07,16:05:00,12.51,12.51,12.44,12.47,12510,0
2016-07-07,16:10:00,12.47,12.47,12.44,12.44,2300,0
2016-07-07,16:15:00,12.43,12.44,12.4,12.41,10900,0
2016-07-07,16:20:00,12.44,12.47,12.44,12.455,2689,0
2016-07-07,16:25:00,12.45,12.45,12.44,12.45,910,0
2016-07-07,16:30:00,12.45,12.5,12.42,12.5,11886,0
2016-07-07,16:35:00,12.5,12.5,12.43,12.47,49397,0
2016-07-07,16:40:00,12.48,12.5,12.48,12.5,1817,0
2016-07-07,16:45:00,12.5,12.53,12.48,12.48,3707,0
2016-07-07,16:50:00,12.47,12.47,12.44,12.45,1200,0
2016-07-07,16:55:00,12.44,12.44,12.42,12.42,600,0
2016-07-07,17:00:00,12.4,12.4,12.36,12.37,5080,0
2016-07-07,17:05:00,12.36,12.37,12.32,12.32,3700,0
2016-07-07,17:10:00,12.32,12.34,12.31,12.34,2284,0
2016-07-07,17:15:00,12.36,12.41,12.36,12.41,1500,0
2016-07-07,17:20:00,12.42,12.45,12.41,12.41,1800,0
2016-07-07,17:25:00,12.4,12.4,12.34,12.35,4100,0
2016-07-07,17:30:00,12.35,12.35,12.31,12.33,4000,0
2016-07-07,17:35:00,12.34,12.36,12.34,12.34,1800,0
2016-07-07,17:40:00,12.34,12.36,12.34,12.36,1300,0
2016-07-07,17:45:00,12.35,12.36,12.34,12.36,1600,0
2016-07-07,17:50:00,12.35,12.35,12.25,12.25,9700,0
2016-07-07,17:55:00,12.2567,12.26,12.24,12.24,4900,0
2016-07-07,18:00:00,12.25,12.3299,12.25,12.31,8211,0
2016-07-07,18:05:00,12.35,12.35,12.31,12.31,1000,0
2016-07-07,18:10:00,12.32,12.33,12.28,12.28,3900,0
2016-07-07,18:15:00,12.28,12.3132,12.28,12.31,6295,0
2016-07-07,18:20:00,12.3099,12.3099,12.28,12.29,2300,0
2016-07-07,18:25:00,12.28,12.28,12.23,12.25,3400,0
2016-07-07,18:30:00,12.26,12.27,12.21,12.27,2200,0
2016-07-07,18:35:00,12.28,12.29,12.27,12.2801,2300,0
2016-07-07,18:40:00,12.28,12.29,12.28,12.29,2600,0
2016-07-07,18:45:00,12.29,12.29,12.27,12.28,2900,0
2016-07-07,18:50:00,12.29,12.29,12.26,12.26,1400,0
2016-07-07,18:55:00,12.25,12.25,12.18,12.18,7350,0
2016-07-07,19:00:00,12.18,12.19,12.17,12.17,4250,0
2016-07-07,19:05:00,12.17,12.17,12.13,12.14,5316,0
2016-07-07,19:10:00,12.14,12.15,12.12,12.15,1300,0
2016-07-07,19:15:00,12.15,12.16,12.13,12.15,2201,0
2016-07-07,19:20:00,12.16,12.18,12.16,12.18,1010,0
2016-07-07,19:25:00,12.18,12.18,12.17,12.1701,1000,0
2016-07-07,19:30:00,12.18,12.22,12.18,12.21,3600,0
2016-07-07,19:35:00,12.21,12.24,12.21,12.22,10500,0
2016-07-07,19:40:00,12.23,12.25,12.23,12.24,2893,0
2016-07-07,19:45:00,12.24,12.24,12.21,12.22,2300,0
2016-07-07,19:50:00,12.21,12.22,12.21,12.22,1200,0
2016-07-07,19:55:00,12.22,12.22,12.19,12.2,2500,0
2016-07-07,20:00:00,12.2,12.23,12.2,12.23,1500,0
2016-07-07,20:05:00,12.23,12.25,12.23,12.25,900,0
2016-07-07,20:10:00,12.24,12.24,12.18,12.18,2400,0
2016-07-07,20:15:00,12.18,12.18,12.1501,12.1501,1600,0
2016-07-07,20:20:00,12.17,12.23,12.17,12.2,16948,0
2016-07-07,20:25:00,12.19,12.22,12.19,12.21,1300,0
2016-07-07,20:30:00,12.23,12.2464,12.208,12.208,4274,0
2016-07-07,20:35:00,12.22,12.22,12.18,12.18,1600,0
2016-07-07,20:40:00,12.1738,12.2,12.17,12.2,4145,0
2016-07-07,20:45:00,12.2,12.2,12.16,12.16,3907,0
2016-07-07,20:50:00,12.17,12.19,12.165,12.175,2700,0
2016-07-07,20:55:00,12.17,12.19,12.16,12.19,4200,0
2016-07-07,21:00:00,12.19,12.19,12.165,12.17,3500,0
2016-07-07,21:05:00,12.18,12.21,12.16,12.21,8266,0
2016-07-07,21:10:00,12.22,12.28,12.22,12.28,5634,0
2016-07-07,21:15:00,12.2884,12.315,12.2884,12.31,2900,0
2016-07-07,21:20:00,12.31,12.33,12.3,12.33,3400,0
2016-07-07,21:25:00,12.32,12.32,12.28,12.28,10603,0
2016-07-07,21:30:00,12.28,12.28,12.28,12.28,1100,0
2016-07-07,21:35:00,12.28,12.31,12.279,12.295,4335,0
2016-07-07,21:40:00,12.3,12.3,12.29,12.29,2668,0
2016-07-07,21:45:00,12.29,12.3,12.265,12.27,9400,0
2016-07-07,21:50:00,12.28,12.3,12.27,12.27,3560,0
2016-07-07,21:55:00,12.27,12.28,12.25,12.27,13064,0
2016-07-07,22:00:00,12.27,12.3,12.27,12.3,30539,0
2016-07-08,15:35:00,12.53,12.53,12.22,12.33,18012,0
2016-07-08,15:40:00,12.37,12.5,12.37,12.48,3450,0
2016-07-08,15:45:00,12.5,12.6,12.4701,12.59,4495,0
2016-07-08,15:50:00,12.62,12.7002,12.61,12.682,14321,0
2016-07-08,15:55:00,12.67,12.7356,12.65,12.7,10392,0
2016-07-08,16:00:00,12.68,12.68,12.62,12.67,8475,0
2016-07-08,16:05:00,12.68,12.72,12.65,12.72,12500,0
2016-07-08,16:10:00,12.71,12.74,12.66,12.69,8564,0
2016-07-08,16:15:00,12.69,12.72,12.67,12.68,5606,0
2016-07-08,16:20:00,12.68,12.72,12.63,12.63,18256,0
2016-07-08,16:25:00,12.63,12.65,12.56,12.65,22383,0
2016-07-08,16:30:00,12.66,12.81,12.6401,12.8,18961,0
2016-07-08,16:35:00,12.79,12.81,12.72,12.72,4902,0
2016-07-08,16:40:00,12.72,12.7799,12.72,12.77,9850,0
2016-07-08,16:45:00,12.77,12.78,12.75,12.76,2400,0
2016-07-08,16:50:00,12.76,12.7676,12.74,12.76,4338,0
2016-07-08,16:55:00,12.765,12.78,12.765,12.78,8570,0
2016-07-08,17:00:00,12.78,12.78,12.73,12.74,6100,0
2016-07-08,17:05:00,12.73,12.73,12.71,12.72,3090,0
2016-07-08,17:10:00,12.72,12.73,12.7,12.71,4495,0
2016-07-08,17:15:00,12.71,12.725,12.71,12.72,2000,0
2016-07-08,17:20:00,12.71,12.76,12.71,12.76,3600,0
2016-07-08,17:25:00,12.77,12.78,12.76,12.76,7415,0
2016-07-08,17:30:00,12.76,12.78,12.76,12.78,2049,0
2016-07-08,17:35:00,12.78,12.78,12.74,12.74,2800,0
2016-07-08,17:40:00,12.74,12.78,12.74,12.78,2000,0
2016-07-08,17:45:00,12.7801,12.79,12.78,12.78,2300,0
2016-07-08,17:50:00,12.77,12.77,12.76,12.77,2400,0
2016-07-08,17:55:00,12.79,12.79,12.76,12.77,2790,0
2016-07-08,18:00:00,12.78,12.8,12.76,12.76,2480,0
2016-07-08,18:05:00,12.7401,12.7401,12.71,12.74,3300,0
2016-07-08,18:10:00,12.75,12.77,12.7401,12.77,1100,0
2016-07-08,18:15:00,12.77,12.775,12.77,12.775,300,0
2016-07-08,18:20:00,12.78,12.79,12.77,12.77,2300,0
2016-07-08,18:25:00,12.76,12.76,12.74,12.76,2600,0
2016-07-08,18:30:00,12.75,12.77,12.74,12.77,1930,0
2016-07-08,18:35:00,12.79,12.79,12.77,12.77,900,0
2016-07-08,18:40:00,12.7501,12.77,12.7501,12.77,600,0
2016-07-08,18:45:00,12.79,12.8,12.76,12.76,5400,0
2016-07-08,18:50:00,12.77,12.78,12.74,12.74,3700,0
2016-07-08,18:55:00,12.76,12.79,12.76,12.79,800,0
2016-07-08,19:00:00,12.79,12.79,12.7801,12.7801,800,0
2016-07-08,19:05:00,12.78,12.78,12.7601,12.77,2700,0
2016-07-08,19:10:00,12.75,12.75,12.72,12.7499,5294,0
2016-07-08,19:15:00,12.7499,12.7501,12.73,12.7501,7428,0
2016-07-08,19:20:00,12.7593,12.77,12.7589,12.7601,5690,0
2016-07-08,19:25:00,12.76,12.77,12.75,12.75,3600,0
2016-07-08,19:30:00,12.74,12.7449,12.7101,12.7449,3160,0
2016-07-08,19:35:00,12.745,12.77,12.745,12.77,2400,0
2016-07-08,19:40:00,12.7701,12.7701,12.76,12.76,1300,0
2016-07-08,19:45:00,12.765,12.785,12.765,12.78,2400,0
2016-07-08,19:50:00,12.78,12.785,12.77,12.7701,2000,0
2016-07-08,19:55:00,12.775,12.775,12.74,12.75,9348,0
2016-07-08,20:00:00,12.75,12.75,12.74,12.75,1700,0
2016-07-08,20:05:00,12.755,12.765,12.745,12.75,2600,0
2016-07-08,20:10:00,12.74,12.7401,12.73,12.73,3147,0
2016-07-08,20:15:00,12.74,12.74,12.74,12.74,1500,0
2016-07-08,20:20:00,12.75,12.75,12.73,12.73,4679,0
2016-07-08,20:25:00,12.74,12.74,12.72,12.72,3495,0
2016-07-08,20:30:00,12.715,12.73,12.71,12.7201,4499,0
2016-07-08,20:35:00,12.72,12.745,12.72,12.74,5400,0
2016-07-08,20:40:00,12.74,12.74,12.71,12.71,5600,0
2016-07-08,20:45:00,12.71,12.71,12.69,12.69,4500,0
2016-07-08,20:50:00,12.695,12.7,12.68,12.7,3900,0
2016-07-08,20:55:00,12.7001,12.71,12.7,12.7,3200,0
2016-07-08,21:00:00,12.7,12.71,12.67,12.67,4200,0
2016-07-08,21:05:00,12.67,12.67,12.63,12.64,8266,0
2016-07-08,21:10:00,12.635,12.65,12.61,12.65,8090,0
2016-07-08,21:15:00,12.66,12.72,12.65,12.7,5800,0
2016-07-08,21:20:00,12.69,12.7,12.67,12.67,3450,0
2016-07-08,21:25:00,12.66,12.68,12.66,12.67,7273,0
2016-07-08,21:30:00,12.68,12.685,12.63,12.64,11279,0
2016-07-08,21:35:00,12.64,12.6599,12.63,12.632,8877,0
2016-07-08,21:40:00,12.635,12.645,12.605,12.64,15877,0
2016-07-08,21:45:00,12.64,12.65,12.6,12.63,19772,0
2016-07-08,21:50:00,12.62,12.64,12.62,12.62,19363,0
2016-07-08,21:55:00,12.625,12.64,12.61,12.64,26026,0
2016-07-08,22:00:00,12.64,12.6678,12.635,12.64,94507,0
