Date,Time,Open,High,Low,Close,Volume,OpenInt
2016-06-22,15:35:00,8.41,8.55,8.33,8.33,6158,0
2016-06-22,15:40:00,8.32,8.32,8.23,8.26,7851,0
2016-06-22,15:45:00,8.29,8.34,8.29,8.328,3300,0
2016-06-22,15:50:00,8.34,8.34,8.31,8.3399,2850,0
2016-06-22,15:55:00,8.3182,8.3182,8.3182,8.3182,125,0
2016-06-22,16:00:00,8.28,8.31,8.28,8.28,2400,0
2016-06-22,16:05:00,8.28,8.28,8.28,8.28,1600,0
2016-06-22,16:10:00,8.27,8.3,8.27,8.3,2400,0
2016-06-22,16:15:00,8.295,8.34,8.295,8.34,2100,0
2016-06-22,16:20:00,8.33,8.33,8.29,8.29,3990,0
2016-06-22,16:25:00,8.29,8.3022,8.29,8.2954,4800,0
2016-06-22,16:30:00,8.3,8.31,8.3,8.31,1900,0
2016-06-22,16:35:00,8.31,8.32,8.29,8.32,4202,0
2016-06-22,16:40:00,8.314,8.33,8.314,8.33,6250,0
2016-06-22,16:45:00,8.3275,8.38,8.325,8.38,7071,0
2016-06-22,16:50:00,8.375,8.43,8.37,8.43,4000,0
2016-06-22,16:55:00,8.43,8.54,8.43,8.54,13294,0
2016-06-22,17:00:00,8.53,8.53,8.43,8.43,9300,0
2016-06-22,17:05:00,8.43,8.46,8.38,8.46,7150,0
2016-06-22,17:10:00,8.46,8.46,8.41,8.4101,3679,0
2016-06-22,17:15:00,8.41,8.41,8.41,8.41,200,0
2016-06-22,17:20:00,8.42,8.42,8.39,8.42,4600,0
2016-06-22,17:25:00,8.42,8.43,8.42,8.42,1400,0
2016-06-22,17:30:00,8.43,8.43,8.425,8.43,800,0
2016-06-22,17:35:00,8.43,8.43,8.4,8.41,3200,0
2016-06-22,17:40:00,8.41,8.41,8.4,8.4,300,0
2016-06-22,17:45:00,8.41,8.45,8.41,8.45,5500,0
2016-06-22,17:50:00,8.45,8.45,8.41,8.41,3080,0
2016-06-22,17:55:00,8.41,8.42,8.4,8.42,3349,0
2016-06-22,18:00:00,8.42,8.43,8.42,8.4299,2100,0
2016-06-22,18:05:00,8.43,8.43,8.4,8.41,5523,0
2016-06-22,18:10:00,8.415,8.42,8.415,8.42,600,0
2016-06-22,18:15:00,8.42,8.42,8.41,8.415,1400,0
2016-06-22,18:20:00,8.415,8.435,8.41,8.42,5700,0
2016-06-22,18:25:00,8.425,8.425,8.35,8.35,4200,0
2016-06-22,18:30:00,8.36,8.42,8.36,8.42,15300,0
2016-06-22,18:35:00,8.42,8.42,8.4,8.41,1581,0
2016-06-22,18:40:00,8.42,8.43,8.4099,8.41,3300,0
2016-06-22,18:45:00,8.41,8.41,8.4,8.4,400,0
2016-06-22,18:50:00,8.41,8.41,8.38,8.38,5840,0
2016-06-22,18:55:00,8.37,8.41,8.37,8.39,7890,0
2016-06-22,19:00:00,8.39,8.39,8.375,8.39,2600,0
2016-06-22,19:05:00,8.39,8.39,8.39,8.39,200,0
2016-06-22,19:10:00,8.39,8.39,8.37,8.38,1400,0
2016-06-22,19:15:00,8.37,8.42,8.36,8.42,7443,0
2016-06-22,19:20:00,8.42,8.42,8.41,8.42,1600,0
2016-06-22,19:25:00,8.4199,8.4199,8.41,8.41,200,0
2016-06-22,19:30:00,8.42,8.42,8.405,8.42,6500,0
2016-06-22,19:35:00,8.42,8.425,8.385,8.385,2900,0
2016-06-22,19:40:00,8.39,8.4,8.375,8.3899,5499,0
2016-06-22,19:45:00,8.39,8.39,8.38,8.38,300,0
2016-06-22,19:50:00,8.38,8.38,8.3799,8.38,600,0
2016-06-22,19:55:00,8.38,8.42,8.38,8.42,6356,0
2016-06-22,20:00:00,8.41,8.41,8.4,8.41,1200,0
2016-06-22,20:05:00,8.41,8.43,8.405,8.43,5000,0
2016-06-22,20:10:00,8.44,8.45,8.44,8.45,2547,0
2016-06-22,20:15:00,8.45,8.46,8.45,8.46,2800,0
2016-06-22,20:20:00,8.46,8.46,8.45,8.46,5400,0
2016-06-22,20:25:00,8.46,8.48,8.45,8.48,7000,0
2016-06-22,20:30:00,8.48,8.49,8.48,8.49,4672,0
2016-06-22,20:35:00,8.49,8.49,8.485,8.49,5700,0
2016-06-22,20:40:00,8.49,8.51,8.49,8.51,5800,0
2016-06-22,20:45:00,8.51,8.52,8.49,8.49,9670,0
2016-06-22,20:50:00,8.495,8.51,8.49,8.51,7390,0
2016-06-22,20:55:00,8.51,8.52,8.505,8.52,6500,0
2016-06-22,21:00:00,8.52,8.56,8.52,8.56,7900,0
2016-06-22,21:05:00,8.56,8.59,8.56,8.585,9814,0
2016-06-22,21:10:00,8.585,8.59,8.57,8.59,6868,0
2016-06-22,21:15:00,8.59,8.59,8.58,8.59,15942,0
2016-06-22,21:20:00,8.59,8.6,8.58,8.58,42348,0
2016-06-22,21:25:00,8.59,8.6,8.58,8.6,13311,0
2016-06-22,21:30:00,8.6,8.61,8.55,8.555,20197,0
2016-06-22,21:35:00,8.55,8.56,8.54,8.545,8197,0
2016-06-22,21:40:00,8.55,8.55,8.52,8.54,19133,0
2016-06-22,21:45:00,8.54,8.54,8.53,8.54,12300,0
2016-06-22,21:50:00,8.54,8.61,8.53,8.61,22961,0
2016-06-22,21:55:00,8.61,8.61,8.55,8.59,43149,0
2016-06-22,22:00:00,8.59,8.59,8.57,8.58,53941,0
2016-06-23,15:35:00,8.7,8.91,8.63,8.79,6963,0
2016-06-23,15:40:00,8.77,8.77,8.7,8.73,600,0
2016-06-23,15:45:00,8.73,8.78,8.7299,8.75,1000,0
2016-06-23,15:50:00,8.75,8.7699,8.75,8.75,1300,0
2016-06-23,15:55:00,8.75,8.75,8.72,8.73,1498,0
2016-06-23,16:00:00,8.74,8.77,8.73,8.77,2900,0
2016-06-23,16:05:00,8.78,8.79,8.77,8.79,3700,0
2016-06-23,16:10:00,8.78,8.8,8.78,8.78,4103,0
2016-06-23,16:15:00,8.78,8.81,8.775,8.78,5267,0
2016-06-23,16:20:00,8.78,8.78,8.76,8.77,3500,0
2016-06-23,16:25:00,8.76,8.82,8.755,8.81,4600,0
2016-06-23,16:30:00,8.81,8.83,8.805,8.82,4000,0
2016-06-23,16:35:00,8.8,8.8099,8.76,8.76,2200,0
2016-06-23,16:40:00,8.77,8.78,8.765,8.7799,6500,0
2016-06-23,16:45:00,8.77,8.82,8.77,8.82,4300,0
2016-06-23,16:50:00,8.81,8.81,8.8,8.8,3009,0
2016-06-23,16:55:00,8.805,8.84,8.805,8.8399,4300,0
2016-06-23,17:00:00,8.83,8.84,8.82,8.84,3800,0
2016-06-23,17:05:00,8.84,8.84,8.8299,8.84,2400,0
2016-06-23,17:10:00,8.83,8.85,8.825,8.85,5945,0
2016-06-23,17:15:00,8.85,8.87,8.85,8.87,5800,0
2016-06-23,17:20:00,8.87,8.89,8.86,8.88,6300,0
2016-06-23,17:25:00,8.89,8.9,8.88,8.9,4700,0
2016-06-23,17:30:00,8.9,8.9,8.85,8.865,13942,0
2016-06-23,17:35:00,8.88,8.91,8.88,8.91,3807,0
2016-06-23,17:40:00,8.91,8.93,8.91,8.9199,5039,0
2016-06-23,17:45:00,8.915,8.93,8.91,8.91,5300,0
2016-06-23,17:50:00,8.915,8.92,8.91,8.92,7209,0
2016-06-23,17:55:00,8.93,8.95,8.93,8.95,4200,0
2016-06-23,18:00:00,8.945,8.945,8.915,8.92,4942,0
2016-06-23,18:05:00,8.92,8.94,8.92,8.94,4800,0
2016-06-23,18:10:00,8.93,8.97,8.93,8.97,4905,0
2016-06-23,18:15:00,8.97,8.99,8.97,8.9799,3250,0
2016-06-23,18:20:00,8.98,9.02,8.98,8.99,13507,0
2016-06-23,18:25:00,9,9,8.99,8.9999,4874,0
2016-06-23,18:30:00,9,9,8.985,8.99,3550,0
2016-06-23,18:35:00,8.99,9.01,8.99,9.01,700,0
2016-06-23,18:40:00,9,9.005,9,9,2100,0
2016-06-23,18:45:00,9,9.005,9,9,4300,0
2016-06-23,18:50:00,9,9,8.99,8.99,8300,0
2016-06-23,18:55:00,8.985,9.01,8.985,9.01,2200,0
2016-06-23,19:00:00,9,9.005,9,9.005,300,0
2016-06-23,19:05:00,9,9,8.97,8.99,10614,0
2016-06-23,19:10:00,8.9801,8.99,8.96,8.98,5700,0
2016-06-23,19:15:00,8.9899,9,8.98,9,3825,0
2016-06-23,19:20:00,8.995,9,8.99,8.9999,3900,0
2016-06-23,19:25:00,8.995,9.02,8.995,9.01,2711,0
2016-06-23,19:30:00,9,9.01,8.995,9.01,4182,0
2016-06-23,19:35:00,9.02,9.02,9.01,9.01,1000,0
2016-06-23,19:40:00,9,9.005,9,9,500,0
2016-06-23,19:45:00,9.01,9.0161,9.01,9.015,2840,0
2016-06-23,19:50:00,9.015,9.02,9,9,900,0
2016-06-23,19:55:00,9,9.005,8.98,9.005,6700,0
2016-06-23,20:00:00,9.005,9.005,9,9,512,0
2016-06-23,20:05:00,9.01,9.01,9,9,600,0
2016-06-23,20:10:00,9.005,9.0075,9,9.005,1000,0
2016-06-23,20:15:00,9.01,9.02,9.01,9.02,2500,0
2016-06-23,20:20:00,9.02,9.02,9.02,9.02,500,0
2016-06-23,20:25:00,9.02,9.025,9.01,9.01,1921,0
2016-06-23,20:30:00,9.01,9.02,9.01,9.01,7570,0
2016-06-23,20:35:00,9.005,9.02,9,9,3742,0
2016-06-23,20:40:00,9.005,9.01,8.99,9.01,5950,0
2016-06-23,20:45:00,9.005,9.005,9,9.005,3680,0
2016-06-23,20:50:00,9,9.01,9,9.005,1600,0
2016-06-23,20:55:00,9.005,9.005,8.99,8.995,3881,0
2016-06-23,21:00:00,8.995,9.005,8.99,8.995,22629,0
2016-06-23,21:05:00,9,9,8.97,8.97,6800,0
2016-06-23,21:10:00,8.97,8.97,8.94,8.94,11997,0
2016-06-23,21:15:00,8.94,8.94,8.9,8.9,8457,0
2016-06-23,21:20:00,8.905,8.91,8.88,8.891,12851,0
2016-06-23,21:25:00,8.9,8.91,8.89,8.905,10691,0
2016-06-23,21:30:00,8.9,8.9,8.89,8.895,9062,0
2016-06-23,21:35:00,8.895,8.9,8.88,8.89,14256,0
2016-06-23,21:40:00,8.89,8.9,8.88,8.88,14693,0
2016-06-23,21:45:00,8.88,8.89,8.88,8.89,17315,0
2016-06-23,21:50:00,8.895,8.9,8.89,8.89,11146,0
2016-06-23,21:55:00,8.89,8.91,8.885,8.89,26775,0
2016-06-23,22:00:00,8.89,8.9,8.89,8.89,57833,0
2016-06-24,15:35:00,8.48,8.48,8.34,8.3934,7898,0
2016-06-24,15:40:00,8.42,8.49,8.4,8.4899,5350,0
2016-06-24,15:45:00,8.5357,8.65,8.5357,8.59,6200,0
2016-06-24,15:50:00,8.58,8.6,8.52,8.58,5135,0
2016-06-24,15:55:00,8.58,8.62,8.56,8.57,4600,0
2016-06-24,16:00:00,8.57,8.6,8.57,8.59,3100,0
2016-06-24,16:05:00,8.5999,8.6,8.56,8.6,2100,0
2016-06-24,16:10:00,8.6,8.61,8.6,8.61,2400,0
2016-06-24,16:15:00,8.61,8.66,8.61,8.66,6050,0
2016-06-24,16:20:00,8.66,8.66,8.62,8.63,6950,0
2016-06-24,16:25:00,8.6199,8.65,8.61,8.62,6998,0
2016-06-24,16:30:00,8.62,8.62,8.61,8.61,6609,0
2016-06-24,16:35:00,8.61,8.62,8.6,8.61,3915,0
2016-06-24,16:40:00,8.61,8.62,8.61,8.61,3000,0
2016-06-24,16:45:00,8.62,8.62,8.62,8.62,11940,0
2016-06-24,16:50:00,8.6199,8.62,8.61,8.61,2700,0
2016-06-24,16:55:00,8.61,8.62,8.6,8.61,4356,0
2016-06-24,17:00:00,8.62,8.64,8.61,8.64,4100,0
2016-06-24,17:05:00,8.6375,8.66,8.63,8.6599,13378,0
2016-06-24,17:10:00,8.65,8.7,8.65,8.7,5400,0
2016-06-24,17:15:00,8.72,8.72,8.67,8.69,8542,0
2016-06-24,17:20:00,8.685,8.69,8.68,8.68,3200,0
2016-06-24,17:25:00,8.685,8.685,8.65,8.65,6700,0
2016-06-24,17:30:00,8.645,8.65,8.637,8.645,14236,0
2016-06-24,17:35:00,8.645,8.645,8.61,8.61,2600,0
2016-06-24,17:40:00,8.605,8.61,8.59,8.6,3700,0
2016-06-24,17:45:00,8.6,8.61,8.59,8.6,48513,0
2016-06-24,17:50:00,8.605,8.6255,8.6,8.6,4900,0
2016-06-24,17:55:00,8.59,8.6,8.58,8.58,4935,0
2016-06-24,18:00:00,8.575,8.58,8.57,8.57,1000,0
2016-06-24,18:05:00,8.575,8.5799,8.55,8.55,11061,0
2016-06-24,18:10:00,8.545,8.55,8.51,8.51,6060,0
2016-06-24,18:15:00,8.5,8.51,8.49,8.5,1100,0
2016-06-24,18:20:00,8.49,8.5,8.49,8.49,1300,0
2016-06-24,18:25:00,8.5,8.53,8.5,8.52,2500,0
2016-06-24,18:30:00,8.53,8.53,8.51,8.51,900,0
2016-06-24,18:35:00,8.5,8.5,8.46,8.46,13000,0
2016-06-24,18:40:00,8.455,8.4575,8.45,8.45,7800,0
2016-06-24,18:45:00,8.455,8.455,8.44,8.44,3300,0
2016-06-24,18:50:00,8.44,8.45,8.44,8.445,5575,0
2016-06-24,18:55:00,8.44,8.4499,8.435,8.44,2100,0
2016-06-24,19:00:00,8.45,8.45,8.41,8.41,5287,0
2016-06-24,19:05:00,8.415,8.4199,8.4,8.405,15438,0
2016-06-24,19:10:00,8.405,8.42,8.405,8.42,3889,0
2016-06-24,19:15:00,8.42,8.44,8.42,8.43,1555,0
2016-06-24,19:20:00,8.45,8.46,8.45,8.46,2216,0
2016-06-24,19:25:00,8.47,8.47,8.46,8.47,1556,0
2016-06-24,19:30:00,8.5,8.5,8.48,8.5,3000,0
2016-06-24,19:35:00,8.49,8.52,8.49,8.52,2261,0
2016-06-24,19:40:00,8.52,8.53,8.52,8.53,1800,0
2016-06-24,19:45:00,8.53,8.55,8.53,8.55,3565,0
2016-06-24,19:50:00,8.55,8.55,8.5401,8.55,6085,0
2016-06-24,19:55:00,8.55,8.55,8.52,8.5399,3300,0
2016-06-24,20:00:00,8.53,8.545,8.5299,8.545,1400,0
2016-06-24,20:05:00,8.5411,8.5499,8.53,8.5399,2400,0
2016-06-24,20:10:00,8.53,8.545,8.53,8.54,3946,0
2016-06-24,20:15:00,8.55,8.55,8.54,8.55,1400,0
2016-06-24,20:20:00,8.55,8.5599,8.54,8.5599,2100,0
2016-06-24,20:25:00,8.54,8.545,8.51,8.51,2600,0
2016-06-24,20:30:00,8.52,8.53,8.5,8.505,2800,0
2016-06-24,20:35:00,8.505,8.51,8.5,8.5,2300,0
2016-06-24,20:40:00,8.51,8.54,8.49,8.54,3800,0
2016-06-24,20:45:00,8.55,8.55,8.52,8.53,5400,0
2016-06-24,20:50:00,8.53,8.55,8.53,8.55,1900,0
2016-06-24,20:55:00,8.55,8.55,8.54,8.54,8697,0
2016-06-24,21:00:00,8.54,8.5599,8.54,8.55,41010,0
2016-06-24,21:05:00,8.55,8.55,8.54,8.545,10290,0
2016-06-24,21:10:00,8.5499,8.55,8.54,8.54,1400,0
2016-06-24,21:15:00,8.55,8.55,8.54,8.54,3851,0
2016-06-24,21:20:00,8.54,8.55,8.5399,8.54,3560,0
2016-06-24,21:25:00,8.54,8.55,8.54,8.54,2300,0
2016-06-24,21:30:00,8.55,8.56,8.54,8.55,8900,0
2016-06-24,21:35:00,8.555,8.56,8.53,8.55,18439,0
2016-06-24,21:40:00,8.55,8.55,8.52,8.52,9288,0
2016-06-24,21:45:00,8.51,8.56,8.51,8.55,57684,0
2016-06-24,21:50:00,8.56,8.6,8.55,8.59,16672,0
2016-06-24,21:55:00,8.62,8.66,8.59,8.6,29076,0
2016-06-24,22:00:00,8.61,8.625,8.6,8.62,167027,0
2016-06-27,15:35:00,8.51,8.51,8.4,8.4399,4808,0
2016-06-27,15:40:00,8.395,8.44,8.39,8.4292,3200,0
2016-06-27,15:45:00,8.42,8.42,8.34,8.35,7300,0
2016-06-27,15:50:00,8.34,8.4,8.34,8.36,5100,0
2016-06-27,15:55:00,8.36,8.38,8.35,8.355,3200,0
2016-06-27,16:00:00,8.35,8.4,8.35,8.39,5312,0
2016-06-27,16:05:00,8.3934,8.44,8.39,8.39,3780,0
2016-06-27,16:10:00,8.39,8.39,8.36,8.39,3600,0
2016-06-27,16:15:00,8.375,8.39,8.36,8.36,2200,0
2016-06-27,16:20:00,8.36,8.36,8.34,8.35,3700,0
2016-06-27,16:25:00,8.34,8.35,8.3,8.3,4855,0
2016-06-27,16:30:00,8.29,8.31,8.29,8.3,5200,0
2016-06-27,16:35:00,8.3,8.325,8.29,8.29,7315,0
2016-06-27,16:40:00,8.28,8.315,8.28,8.31,4700,0
2016-06-27,16:45:00,8.31,8.315,8.28,8.3,5000,0
2016-06-27,16:50:00,8.295,8.295,8.24,8.24,9500,0
2016-06-27,16:55:00,8.2417,8.25,8.214,8.24,8000,0
2016-06-27,17:00:00,8.235,8.24,8.19,8.19,3560,0
2016-06-27,17:05:00,8.185,8.2,8.18,8.18,6414,0
2016-06-27,17:10:00,8.185,8.2,8.145,8.16,5225,0
2016-06-27,17:15:00,8.16,8.16,8.13,8.13,2000,0
2016-06-27,17:20:00,8.12,8.12,8.1,8.12,4420,0
2016-06-27,17:25:00,8.12,8.13,8.095,8.11,4600,0
2016-06-27,17:30:00,8.11,8.18,8.11,8.17,3700,0
2016-06-27,17:35:00,8.17,8.19,8.17,8.185,2303,0
2016-06-27,17:40:00,8.2,8.26,8.195,8.245,7321,0
2016-06-27,17:45:00,8.25,8.28,8.25,8.26,2800,0
2016-06-27,17:50:00,8.24,8.27,8.24,8.27,3000,0
2016-06-27,17:55:00,8.26,8.265,8.18,8.2,8020,0
2016-06-27,18:00:00,8.2,8.22,8.2,8.2,3225,0
2016-06-27,18:05:00,8.18,8.2,8.18,8.2,1798,0
2016-06-27,18:10:00,8.19,8.205,8.18,8.2,6900,0
2016-06-27,18:15:00,8.2,8.21,8.19,8.2,10200,0
2016-06-27,18:20:00,8.2,8.24,8.2,8.23,7300,0
2016-06-27,18:25:00,8.23,8.24,8.22,8.24,2000,0
2016-06-27,18:30:00,8.24,8.25,8.23,8.247,1700,0
2016-06-27,18:35:00,8.24,8.25,8.24,8.245,2125,0
2016-06-27,18:40:00,8.25,8.25,8.22,8.24,4200,0
2016-06-27,18:45:00,8.24,8.24,8.22,8.23,1180,0
2016-06-27,18:50:00,8.225,8.23,8.205,8.22,3100,0
2016-06-27,18:55:00,8.23,8.26,8.225,8.225,2400,0
2016-06-27,19:00:00,8.225,8.23,8.22,8.225,2800,0
2016-06-27,19:05:00,8.22,8.22,8.205,8.215,7417,0
2016-06-27,19:10:00,8.22,8.22,8.2101,8.22,2000,0
2016-06-27,19:15:00,8.21,8.22,8.185,8.185,6350,0
2016-06-27,19:20:00,8.18,8.2,8.18,8.2,1494,0
2016-06-27,19:25:00,8.2,8.2,8.17,8.17,4700,0
2016-06-27,19:30:00,8.18,8.19,8.18,8.18,1500,0
2016-06-27,19:35:00,8.18,8.18,8.15,8.165,4782,0
2016-06-27,19:40:00,8.165,8.17,8.15,8.17,3600,0
2016-06-27,19:45:00,8.17,8.17,8.13,8.14,6300,0
2016-06-27,19:50:00,8.1201,8.14,8.1201,8.13,1570,0
2016-06-27,19:55:00,8.125,8.13,8.0906,8.1,4600,0
2016-06-27,20:00:00,8.11,8.16,8.105,8.15,16838,0
2016-06-27,20:05:00,8.145,8.15,8.134,8.15,5165,0
2016-06-27,20:10:00,8.15,8.16,8.14,8.145,4226,0
2016-06-27,20:15:00,8.15,8.15,8.1,8.105,3200,0
2016-06-27,20:20:00,8.105,8.11,8.085,8.085,3200,0
2016-06-27,20:25:00,8.09,8.095,8.06,8.06,3100,0
2016-06-27,20:30:00,8.055,8.1,8.05,8.1,4900,0
2016-06-27,20:35:00,8.1,8.105,8.07,8.07,6272,0
2016-06-27,20:40:00,8.08,8.08,8.06,8.07,5402,0
2016-06-27,20:45:00,8.07,8.08,8.06,8.07,3952,0
2016-06-27,20:50:00,8.06,8.07,8.04,8.04,4600,0
2016-06-27,20:55:00,8.04,8.04,7.985,7.99,22924,0
2016-06-27,21:00:00,7.99,8,7.97,7.98,3925,0
2016-06-27,21:05:00,7.985,8.005,7.98,8,5700,0
2016-06-27,21:10:00,8,8,7.995,7.995,1600,0
2016-06-27,21:15:00,7.995,8,7.99,7.99,1900,0
2016-06-27,21:20:00,7.99,7.995,7.95,7.95,7900,0
2016-06-27,21:25:00,7.95,7.95,7.91,7.91,6583,0
2016-06-27,21:30:00,7.92,7.94,7.915,7.94,8438,0
2016-06-27,21:35:00,7.93,7.96,7.92,7.96,10986,0
2016-06-27,21:40:00,7.95,7.95,7.93,7.95,12581,0
2016-06-27,21:45:00,7.945,7.945,7.9,7.92,49005,0
2016-06-27,21:50:00,7.925,7.95,7.91,7.91,11846,0
2016-06-27,21:55:00,7.91,7.94,7.9,7.94,17775,0
2016-06-27,22:00:00,7.94,7.97,7.94,7.95,73597,0
2016-06-28,15:35:00,8.18,8.3099,8.12,8.13,7255,0
2016-06-28,15:40:00,8.13,8.25,8.13,8.23,6041,0
2016-06-28,15:45:00,8.23,8.23,8.19,8.2,3100,0
2016-06-28,15:50:00,8.205,8.24,8.205,8.24,1400,0
2016-06-28,15:55:00,8.24,8.28,8.2399,8.27,2530,0
2016-06-28,16:00:00,8.27,8.28,8.25,8.25,1500,0
2016-06-28,16:05:00,8.25,8.25,8.23,8.24,1900,0
2016-06-28,16:10:00,8.24,8.24,8.2,8.2,2099,0
2016-06-28,16:15:00,8.2,8.21,8.19,8.19,2300,0
2016-06-28,16:20:00,8.19,8.22,8.17,8.17,2900,0
2016-06-28,16:25:00,8.17,8.17,8.15,8.15,1800,0
2016-06-28,16:30:00,8.14,8.18,8.135,8.17,8050,0
2016-06-28,16:35:00,8.18,8.205,8.17,8.17,4600,0
2016-06-28,16:40:00,8.18,8.19,8.16,8.16,3200,0
2016-06-28,16:45:00,8.16,8.16,8.14,8.16,3544,0
2016-06-28,16:50:00,8.17,8.21,8.17,8.2,8687,0
2016-06-28,16:55:00,8.19,8.19,8.18,8.19,1300,0
2016-06-28,17:00:00,8.18,8.18,8.14,8.14,1800,0
2016-06-28,17:05:00,8.15,8.155,8.15,8.15,1400,0
2016-06-28,17:10:00,8.14,8.15,8.11,8.115,7611,0
2016-06-28,17:15:00,8.1,8.11,8.09,8.11,1700,0
2016-06-28,17:20:00,8.1,8.13,8.08,8.13,4900,0
2016-06-28,17:25:00,8.13,8.14,8.11,8.11,2399,0
2016-06-28,17:30:00,8.1,8.1,8.07,8.07,3112,0
2016-06-28,17:35:00,8.08,8.08,8.08,8.08,300,0
2016-06-28,17:40:00,8.07,8.07,8.025,8.04,4100,0
2016-06-28,17:45:00,8.045,8.08,8.045,8.08,1800,0
2016-06-28,17:50:00,8.08,8.12,8.08,8.12,1900,0
2016-06-28,17:55:00,8.12,8.12,8.11,8.11,2800,0
2016-06-28,18:00:00,8.12,8.13,8.12,8.13,1000,0
2016-06-28,18:05:00,8.13,8.13,8.11,8.11,2800,0
2016-06-28,18:10:00,8.11,8.11,8.07,8.07,1197,0
2016-06-28,18:15:00,8.07,8.09,8.07,8.09,2500,0
2016-06-28,18:20:00,8.09,8.15,8.09,8.14,2900,0
2016-06-28,18:25:00,8.13,8.13,8.11,8.11,700,0
2016-06-28,18:30:00,8.12,8.14,8.12,8.14,1300,0
2016-06-28,18:35:00,8.13,8.13,8.1235,8.13,1007,0
2016-06-28,18:40:00,8.14,8.14,8.14,8.14,1300,0
2016-06-28,18:45:00,8.145,8.17,8.145,8.16,4225,0
2016-06-28,18:50:00,8.16,8.16,8.15,8.16,3600,0
2016-06-28,18:55:00,8.16,8.165,8.16,8.165,3500,0
2016-06-28,19:00:00,8.16,8.16,8.14,8.15,2294,0
2016-06-28,19:05:00,8.14,8.16,8.14,8.16,2000,0
2016-06-28,19:10:00,8.16,8.17,8.14,8.14,3019,0
2016-06-28,19:15:00,8.145,8.16,8.145,8.15,887,0
2016-06-28,19:20:00,8.15,8.16,8.14,8.15,500,0
2016-06-28,19:25:00,8.15,8.155,8.145,8.15,2900,0
2016-06-28,19:30:00,8.14,8.17,8.14,8.15,3000,0
2016-06-28,19:35:00,8.155,8.155,8.14,8.145,2000,0
2016-06-28,19:40:00,8.145,8.18,8.145,8.18,2402,0
2016-06-28,19:45:00,8.18,8.19,8.18,8.18,2600,0
2016-06-28,19:50:00,8.18,8.18,8.17,8.17,500,0
2016-06-28,19:55:00,8.18,8.195,8.175,8.18,3100,0
2016-06-28,20:00:00,8.19,8.19,8.18,8.19,700,0
2016-06-28,20:05:00,8.185,8.2,8.185,8.2,2700,0
2016-06-28,20:10:00,8.2,8.2,8.17,8.175,3166,0
2016-06-28,20:15:00,8.17,8.175,8.16,8.165,1200,0
2016-06-28,20:20:00,8.17,8.18,8.165,8.18,2802,0
2016-06-28,20:25:00,8.18,8.2,8.18,8.2,1600,0
2016-06-28,20:30:00,8.2,8.215,8.2,8.21,2800,0
2016-06-28,20:35:00,8.21,8.21,8.21,8.21,300,0
2016-06-28,20:40:00,8.21,8.23,8.2,8.225,3200,0
2016-06-28,20:45:00,8.215,8.22,8.21,8.22,600,0
2016-06-28,20:50:00,8.22,8.22,8.21,8.22,1700,0
2016-06-28,20:55:00,8.22,8.25,8.22,8.25,3200,0
2016-06-28,21:00:00,8.25,8.28,8.23,8.24,12137,0
2016-06-28,21:05:00,8.23,8.23,8.21,8.21,1100,0
2016-06-28,21:10:00,8.22,8.225,8.22,8.22,1634,0
2016-06-28,21:15:00,8.225,8.26,8.22,8.26,4460,0
2016-06-28,21:20:00,8.25,8.255,8.22,8.225,7150,0
2016-06-28,21:25:00,8.22,8.22,8.165,8.17,7589,0
2016-06-28,21:30:00,8.17,8.175,8.16,8.17,3000,0
2016-06-28,21:35:00,8.16,8.17,8.16,8.16,2300,0
2016-06-28,21:40:00,8.165,8.17,8.16,8.165,3111,0
2016-06-28,21:45:00,8.16,8.18,8.16,8.175,8400,0
2016-06-28,21:50:00,8.18,8.18,8.17,8.175,3200,0
2016-06-28,21:55:00,8.18,8.18,8.17,8.18,9800,0
2016-06-28,22:00:00,8.175,8.195,8.17,8.18,67186,0
2016-06-29,15:35:00,8.29,8.3,8.235,8.3,2638,0
2016-06-29,15:40:00,8.23,8.29,8.23,8.28,1100,0
2016-06-29,15:45:00,8.28,8.33,8.28,8.33,1756,0
2016-06-29,15:50:00,8.35,8.38,8.35,8.35,1300,0
2016-06-29,15:55:00,8.34,8.34,8.31,8.33,911,0
2016-06-29,16:00:00,8.35,8.38,8.35,8.35,2100,0
2016-06-29,16:05:00,8.36,8.38,8.36,8.37,1700,0
2016-06-29,16:10:00,8.37,8.37,8.36,8.36,1700,0
2016-06-29,16:15:00,8.36,8.36,8.35,8.35,3000,0
2016-06-29,16:20:00,8.34,8.35,8.34,8.345,3800,0
2016-06-29,16:25:00,8.34,8.345,8.28,8.28,4000,0
2016-06-29,16:30:00,8.29,8.3,8.29,8.29,2200,0
2016-06-29,16:35:00,8.29,8.3,8.26,8.3,2000,0
2016-06-29,16:40:00,8.305,8.305,8.275,8.275,1300,0
2016-06-29,16:45:00,8.27,8.27,8.26,8.26,500,0
2016-06-29,16:50:00,8.26,8.27,8.25,8.27,19516,0
2016-06-29,16:55:00,8.29,8.3,8.29,8.295,11501,0
2016-06-29,17:00:00,8.28,8.28,8.27,8.28,21100,0
2016-06-29,17:05:00,8.27,8.27,8.245,8.26,7689,0
2016-06-29,17:10:00,8.25,8.25,8.2,8.2,2500,0
2016-06-29,17:15:00,8.2,8.235,8.195,8.23,2600,0
2016-06-29,17:20:00,8.24,8.24,8.23,8.24,900,0
2016-06-29,17:25:00,8.24,8.27,8.24,8.255,3100,0
2016-06-29,17:30:00,8.25,8.255,8.24,8.245,3743,0
2016-06-29,17:35:00,8.25,8.25,8.24,8.24,2000,0
2016-06-29,17:40:00,8.24,8.26,8.23,8.23,7049,0
2016-06-29,17:45:00,8.22,8.23,8.21,8.23,3000,0
2016-06-29,17:50:00,8.23,8.23,8.225,8.23,300,0
2016-06-29,17:55:00,8.23,8.26,8.225,8.26,4700,0
2016-06-29,18:00:00,8.26,8.26,8.23,8.23,4024,0
2016-06-29,18:05:00,8.23,8.23,8.22,8.2201,1400,0
2016-06-29,18:10:00,8.23,8.23,8.22,8.22,637,0
2016-06-29,18:15:00,8.22,8.22,8.2,8.2,1200,0
2016-06-29,18:20:00,8.21,8.21,8.2,8.2,300,0
2016-06-29,18:25:00,8.205,8.24,8.205,8.24,2100,0
2016-06-29,18:30:00,8.23,8.23,8.23,8.23,100,0
2016-06-29,18:35:00,8.22,8.22,8.215,8.215,900,0
2016-06-29,18:40:00,8.21,8.24,8.21,8.24,1500,0
2016-06-29,18:45:00,8.23,8.23,8.22,8.22,1200,0
2016-06-29,18:50:00,8.21,8.21,8.18,8.18,1200,0
2016-06-29,18:55:00,8.19,8.2,8.19,8.19,1000,0
2016-06-29,19:00:00,8.2,8.2,8.2,8.2,300,0
2016-06-29,19:05:00,8.21,8.23,8.19,8.19,13300,0
2016-06-29,19:10:00,8.19,8.2,8.19,8.19,1699,0
2016-06-29,19:15:00,8.17,8.17,8.14,8.145,1000,0
2016-06-29,19:20:00,8.15,8.16,8.14,8.16,2900,0
2016-06-29,19:25:00,8.16,8.18,8.16,8.18,4700,0
2016-06-29,19:30:00,8.18,8.19,8.18,8.19,400,0
2016-06-29,19:40:00,8.21,8.22,8.21,8.22,300,0
2016-06-29,19:45:00,8.22,8.26,8.22,8.26,2800,0
2016-06-29,19:50:00,8.27,8.28,8.255,8.255,5500,0
2016-06-29,19:55:00,8.25,8.26,8.24,8.245,1300,0
2016-06-29,20:00:00,8.24,8.24,8.24,8.24,300,0
2016-06-29,20:05:00,8.24,8.25,8.235,8.25,2700,0
2016-06-29,20:10:00,8.25,8.25,8.24,8.245,1998,0
2016-06-29,20:15:00,8.25,8.26,8.245,8.245,6000,0
2016-06-29,20:20:00,8.25,8.25,8.22,8.22,2251,0
2016-06-29,20:25:00,8.23,8.25,8.23,8.24,2400,0
2016-06-29,20:30:00,8.245,8.245,8.235,8.235,1300,0
2016-06-29,20:35:00,8.23,8.25,8.23,8.25,3500,0
2016-06-29,20:40:00,8.245,8.25,8.245,8.25,1929,0
2016-06-29,20:45:00,8.245,8.2565,8.24,8.2565,8300,0
2016-06-29,20:50:00,8.255,8.285,8.24,8.26,25267,0
2016-06-29,20:55:00,8.26,8.27,8.25,8.2575,10443,0
2016-06-29,21:00:00,8.255,8.28,8.255,8.28,3332,0
2016-06-29,21:05:00,8.28,8.3,8.245,8.265,15601,0
2016-06-29,21:10:00,8.265,8.265,8.255,8.26,2699,0
2016-06-29,21:15:00,8.26,8.27,8.245,8.257,8116,0
2016-06-29,21:20:00,8.25,8.25,8.225,8.24,5700,0
2016-06-29,21:25:00,8.24,8.25,8.2,8.2,17950,0
2016-06-29,21:30:00,8.21,8.21,8.19,8.19,15488,0
2016-06-29,21:35:00,8.2,8.23,8.19,8.23,6601,0
2016-06-29,21:40:00,8.225,8.24,8.225,8.24,2300,0
2016-06-29,21:45:00,8.24,8.24,8.21,8.215,5711,0
2016-06-29,21:50:00,8.21,8.22,8.21,8.21,6019,0
2016-06-29,21:55:00,8.21,8.23,8.19,8.2,23522,0
2016-06-29,22:00:00,8.205,8.21,8.19,8.19,49599,0
2016-06-30,15:35:00,8.2,8.23,8.19,8.21,2769,0
2016-06-30,15:40:00,8.22,8.29,8.22,8.29,500,0
2016-06-30,15:45:00,8.26,8.34,8.245,8.34,10500,0
2016-06-30,15:50:00,8.34,8.36,8.3,8.31,6700,0
2016-06-30,15:55:00,8.32,8.32,8.28,8.29,15929,0
2016-06-30,16:00:00,8.31,8.35,8.3,8.35,2900,0
2016-06-30,16:05:00,8.34,8.42,8.34,8.4,4307,0
2016-06-30,16:10:00,8.41,8.49,8.4,8.45,11900,0
2016-06-30,16:15:00,8.45,8.4699,8.4,8.44,12350,0
2016-06-30,16:20:00,8.44,8.47,8.44,8.46,4250,0
2016-06-30,16:25:00,8.46,8.495,8.45,8.48,6350,0
2016-06-30,16:30:00,8.47,8.475,8.36,8.38,16150,0
2016-06-30,16:35:00,8.38,8.4225,8.37,8.4,4800,0
2016-06-30,16:40:00,8.4,8.4,8.4,8.4,3000,0
2016-06-30,16:45:00,8.395,8.43,8.36,8.41,9500,0
2016-06-30,16:50:00,8.41,8.415,8.4,8.4,5800,0
2016-06-30,16:55:00,8.41,8.4425,8.409,8.43,10300,0
2016-06-30,17:00:00,8.44,8.46,8.44,8.44,4600,0
2016-06-30,17:05:00,8.45,8.4525,8.43,8.45,17800,0
2016-06-30,17:10:00,8.45,8.4525,8.44,8.45,36417,0
2016-06-30,17:15:00,8.455,8.46,8.44,8.44,8800,0
2016-06-30,17:20:00,8.45,8.4525,8.42,8.42,4100,0
2016-06-30,17:25:00,8.43,8.43,8.41,8.42,4100,0
2016-06-30,17:30:00,8.42,8.45,8.41,8.45,7200,0
2016-06-30,17:35:00,8.45,8.45,8.44,8.45,10506,0
2016-06-30,17:40:00,8.45,8.45,8.44,8.45,2403,0
2016-06-30,17:45:00,8.45,8.49,8.44,8.48,17980,0
2016-06-30,17:50:00,8.48,8.5,8.47,8.475,10000,0
2016-06-30,17:55:00,8.475,8.485,8.455,8.47,10900,0
2016-06-30,18:00:00,8.48,8.49,8.47,8.48,8200,0
2016-06-30,18:05:00,8.48,8.485,8.46,8.46,6500,0
2016-06-30,18:10:00,8.45,8.46,8.45,8.455,2200,0
2016-06-30,18:15:00,8.46,8.49,8.46,8.46,17200,0
2016-06-30,18:20:00,8.46,8.47,8.4425,8.45,27450,0
2016-06-30,18:25:00,8.45,8.4625,8.44,8.46,15800,0
2016-06-30,18:30:00,8.46,8.47,8.46,8.46,3600,0
2016-06-30,18:35:00,8.4625,8.48,8.46,8.46,5667,0
2016-06-30,18:40:00,8.4625,8.47,8.45,8.47,6400,0
2016-06-30,18:45:00,8.47,8.47,8.46,8.46,8133,0
2016-06-30,18:50:00,8.4599,8.47,8.4599,8.465,3200,0
2016-06-30,18:55:00,8.47,8.47,8.45,8.451,21903,0
2016-06-30,19:00:00,8.455,8.46,8.45,8.45,4306,0
2016-06-30,19:05:00,8.46,8.46,8.45,8.455,4100,0
2016-06-30,19:10:00,8.45,8.46,8.45,8.45,1700,0
2016-06-30,19:15:00,8.46,8.465,8.45,8.46,4873,0
2016-06-30,19:20:00,8.465,8.47,8.46,8.47,1206,0
2016-06-30,19:25:00,8.47,8.48,8.47,8.48,2100,0
2016-06-30,19:30:00,8.48,8.5,8.475,8.5,7524,0
2016-06-30,19:35:00,8.5,8.515,8.5,8.51,5100,0
2016-06-30,19:40:00,8.51,8.545,8.51,8.545,4100,0
2016-06-30,19:45:00,8.54,8.58,8.54,8.58,1500,0
2016-06-30,19:50:00,8.58,8.61,8.58,8.61,10400,0
2016-06-30,19:55:00,8.62,8.65,8.62,8.64,5137,0
2016-06-30,20:00:00,8.645,8.655,8.645,8.655,1037,0
2016-06-30,20:05:00,8.65,8.68,8.65,8.67,1600,0
2016-06-30,20:10:00,8.68,8.68,8.66,8.68,3769,0
2016-06-30,20:15:00,8.68,8.69,8.675,8.69,3401,0
2016-06-30,20:20:00,8.68,8.69,8.675,8.68,8175,0
2016-06-30,20:25:00,8.67,8.68,8.65,8.66,6891,0
2016-06-30,20:30:00,8.65,8.65,8.6,8.6,4994,0
2016-06-30,20:35:00,8.595,8.63,8.595,8.61,3700,0
2016-06-30,20:40:00,8.61,8.65,8.61,8.65,2600,0
2016-06-30,20:45:00,8.65,8.68,8.65,8.68,900,0
2016-06-30,20:50:00,8.68,8.695,8.675,8.69,5057,0
2016-06-30,20:55:00,8.695,8.71,8.68,8.7,9300,0
2016-06-30,21:00:00,8.7,8.72,8.7,8.72,10800,0
2016-06-30,21:05:00,8.715,8.72,8.7,8.7,2400,0
2016-06-30,21:10:00,8.7,8.7025,8.68,8.6899,7855,0
2016-06-30,21:15:00,8.685,8.685,8.67,8.68,2600,0
2016-06-30,21:20:00,8.675,8.68,8.65,8.66,8700,0
2016-06-30,21:25:00,8.655,8.685,8.65,8.685,4710,0
2016-06-30,21:30:00,8.685,8.75,8.685,8.75,7200,0
2016-06-30,21:35:00,8.75,8.76,8.74,8.75,10464,0
2016-06-30,21:40:00,8.76,8.785,8.75,8.785,16233,0
2016-06-30,21:45:00,8.785,8.79,8.76,8.79,15300,0
2016-06-30,21:50:00,8.785,8.81,8.78,8.81,12731,0
2016-06-30,21:55:00,8.805,8.83,8.8,8.805,21626,0
2016-06-30,22:00:00,8.8,8.84,8.8,8.83,243713,0
2016-07-01,15:35:00,8.83,8.97,8.83,8.97,4397,0
2016-07-01,15:40:00,8.97,9,8.9,8.93,6926,0
2016-07-01,15:45:00,8.95,8.95,8.94,8.94,819,0
2016-07-01,15:50:00,8.96,8.98,8.93,8.96,2618,0
2016-07-01,15:55:00,8.96,8.96,8.89,8.9,2689,0
2016-07-01,16:00:00,8.9,8.9,8.83,8.83,4622,0
2016-07-01,16:05:00,8.85,8.88,8.85,8.88,1500,0
2016-07-01,16:10:00,8.88,8.88,8.84,8.84,5713,0
2016-07-01,16:15:00,8.84,8.87,8.84,8.87,2300,0
2016-07-01,16:20:00,8.87,8.9,8.87,8.89,2500,0
2016-07-01,16:25:00,8.9,8.93,8.86,8.86,5548,0
2016-07-01,16:30:00,8.86,8.87,8.84,8.85,10700,0
2016-07-01,16:35:00,8.85,8.85,8.83,8.84,4250,0
2016-07-01,16:40:00,8.84,8.85,8.84,8.84,4200,0
2016-07-01,16:45:00,8.85,8.86,8.85,8.85,4100,0
2016-07-01,16:50:00,8.86,8.86,8.85,8.85,1000,0
2016-07-01,16:55:00,8.85,8.88,8.83,8.83,16238,0
2016-07-01,17:00:00,8.835,8.86,8.83,8.86,5287,0
2016-07-01,17:05:00,8.85,8.85,8.83,8.84,2010,0
2016-07-01,17:10:00,8.85,8.85,8.85,8.85,2778,0
2016-07-01,17:15:00,8.85,8.86,8.84,8.84,5200,0
2016-07-01,17:20:00,8.835,8.84,8.82,8.82,2043,0
2016-07-01,17:25:00,8.81,8.815,8.75,8.76,1900,0
2016-07-01,17:30:00,8.77,8.81,8.77,8.81,3312,0
2016-07-01,17:35:00,8.8,8.81,8.78,8.81,2500,0
2016-07-01,17:40:00,8.81,8.815,8.8,8.805,1900,0
2016-07-01,17:45:00,8.8,8.805,8.781,8.79,5527,0
2016-07-01,17:50:00,8.8,8.8227,8.8,8.8227,2600,0
2016-07-01,17:55:00,8.83,8.855,8.83,8.85,3000,0
2016-07-01,18:00:00,8.85,8.87,8.85,8.87,2700,0
2016-07-01,18:05:00,8.88,8.88,8.84,8.84,3000,0
2016-07-01,18:10:00,8.83,8.83,8.83,8.83,200,0
2016-07-01,18:15:00,8.84,8.85,8.825,8.85,2500,0
2016-07-01,18:20:00,8.85,8.85,8.84,8.84,1500,0
2016-07-01,18:25:00,8.83,8.84,8.83,8.83,1200,0
2016-07-01,18:30:00,8.835,8.835,8.79,8.82,4400,0
2016-07-01,18:35:00,8.83,8.83,8.82,8.82,1400,0
2016-07-01,18:40:00,8.83,8.85,8.83,8.85,900,0
2016-07-01,18:45:00,8.86,8.865,8.84,8.845,4168,0
2016-07-01,18:50:00,8.845,8.845,8.84,8.84,2400,0
2016-07-01,18:55:00,8.845,8.845,8.82,8.82,3100,0
2016-07-01,19:00:00,8.82,8.83,8.8,8.825,23350,0
2016-07-01,19:05:00,8.81,8.81,8.793,8.793,1200,0
2016-07-01,19:10:00,8.8,8.8,8.78,8.78,4200,0
2016-07-01,19:15:00,8.78,8.79,8.78,8.79,1300,0
2016-07-01,19:20:00,8.81,8.81,8.805,8.81,1300,0
2016-07-01,19:25:00,8.82,8.82,8.81,8.815,600,0
2016-07-01,19:30:00,8.81,8.81,8.8,8.8,2800,0
2016-07-01,19:35:00,8.8,8.8,8.79,8.79,2200,0
2016-07-01,19:40:00,8.8,8.805,8.79,8.79,3089,0
2016-07-01,19:45:00,8.79,8.795,8.79,8.795,1800,0
2016-07-01,19:50:00,8.79,8.82,8.79,8.82,2200,0
2016-07-01,19:55:00,8.81,8.82,8.81,8.82,500,0
2016-07-01,20:00:00,8.815,8.85,8.815,8.85,2396,0
2016-07-01,20:05:00,8.85,8.85,8.84,8.845,900,0
2016-07-01,20:10:00,8.845,8.845,8.81,8.82,6010,0
2016-07-01,20:15:00,8.82,8.83,8.815,8.83,1900,0
2016-07-01,20:20:00,8.825,8.85,8.825,8.85,6200,0
2016-07-01,20:25:00,8.85,8.85,8.85,8.85,200,0
2016-07-01,20:30:00,8.84,8.85,8.84,8.84,600,0
2016-07-01,20:35:00,8.84,8.85,8.84,8.84,1600,0
2016-07-01,20:40:00,8.84,8.85,8.84,8.85,300,0
2016-07-01,20:45:00,8.845,8.85,8.84,8.85,700,0
2016-07-01,20:50:00,8.84,8.85,8.84,8.84,1000,0
2016-07-01,20:55:00,8.85,8.85,8.85,8.85,5783,0
2016-07-01,21:00:00,8.85,8.85,8.84,8.85,2700,0
2016-07-01,21:05:00,8.85,8.85,8.84,8.84,7900,0
2016-07-01,21:10:00,8.84,8.84,8.83,8.83,400,0
2016-07-01,21:15:00,8.83,8.84,8.83,8.84,1400,0
2016-07-01,21:20:00,8.84,8.845,8.83,8.845,6100,0
2016-07-01,21:25:00,8.85,8.85,8.84,8.85,1900,0
2016-07-01,21:30:00,8.84,8.85,8.84,8.84,4000,0
2016-07-01,21:35:00,8.85,8.85,8.85,8.85,4200,0
2016-07-01,21:40:00,8.85,8.85,8.84,8.85,12003,0
2016-07-01,21:45:00,8.85,8.85,8.85,8.85,10600,0
2016-07-01,21:50:00,8.85,8.85,8.84,8.85,5265,0
2016-07-01,21:55:00,8.85,8.85,8.84,8.85,30104,0
2016-07-01,22:00:00,8.845,8.86,8.81,8.86,72207,0
2016-07-05,15:35:00,8.73,8.73,8.42,8.42,2007,0
2016-07-05,15:40:00,8.65,8.65,8.6,8.64,9116,0
2016-07-05,15:45:00,8.63,8.64,8.58,8.58,3400,0
2016-07-05,15:50:00,8.58,8.58,8.56,8.57,3500,0
2016-07-05,15:55:00,8.57,8.58,8.56,8.57,8666,0
2016-07-05,16:00:00,8.5649,8.6125,8.5649,8.605,9943,0
2016-07-05,16:05:00,8.6,8.605,8.58,8.58,5583,0
2016-07-05,16:10:00,8.58,8.5815,8.56,8.5815,12530,0
2016-07-05,16:15:00,8.58,8.585,8.57,8.57,5264,0
2016-07-05,16:20:00,8.58,8.58,8.57,8.58,1744,0
2016-07-05,16:25:00,8.58,8.58,8.56,8.56,4400,0
2016-07-05,16:30:00,8.57,8.595,8.56,8.59,5201,0
2016-07-05,16:35:00,8.595,8.6125,8.59,8.61,5415,0
2016-07-05,16:40:00,8.61,8.61,8.6,8.6,8205,0
2016-07-05,16:45:00,8.6,8.6,8.59,8.6,4275,0
2016-07-05,16:50:00,8.6,8.6225,8.595,8.61,9304,0
2016-07-05,16:55:00,8.61,8.61,8.6,8.6,5300,0
2016-07-05,17:00:00,8.6,8.625,8.6,8.61,9852,0
2016-07-05,17:05:00,8.61,8.615,8.61,8.61,4304,0
2016-07-05,17:10:00,8.6,8.63,8.57,8.625,11245,0
2016-07-05,17:15:00,8.62,8.62,8.595,8.6,6894,0
2016-07-05,17:20:00,8.605,8.68,8.605,8.66,7350,0
2016-07-05,17:25:00,8.64,8.67,8.63,8.64,5300,0
2016-07-05,17:30:00,8.634,8.69,8.634,8.67,12800,0
2016-07-05,17:35:00,8.66,8.66,8.65,8.66,2875,0
2016-07-05,17:40:00,8.65,8.66,8.625,8.63,8024,0
2016-07-05,17:45:00,8.64,8.65,8.61,8.61,4550,0
2016-07-05,17:50:00,8.61,8.63,8.61,8.63,3350,0
2016-07-05,17:55:00,8.62,8.64,8.62,8.64,5100,0
2016-07-05,18:00:00,8.6399,8.6399,8.62,8.62,4500,0
2016-07-05,18:05:00,8.625,8.64,8.61,8.64,6088,0
2016-07-05,18:10:00,8.65,8.67,8.645,8.67,4015,0
2016-07-05,18:15:00,8.67,8.67,8.67,8.67,400,0
2016-07-05,18:20:00,8.67,8.67,8.65,8.65,3200,0
2016-07-05,18:25:00,8.65,8.69,8.65,8.69,5300,0
2016-07-05,18:30:00,8.69,8.69,8.68,8.69,2600,0
2016-07-05,18:35:00,8.695,8.695,8.68,8.68,1900,0
2016-07-05,18:40:00,8.68,8.68,8.64,8.64,1673,0
2016-07-05,18:45:00,8.63,8.67,8.63,8.6599,9390,0
2016-07-05,18:50:00,8.65,8.66,8.65,8.655,1688,0
2016-07-05,18:55:00,8.65,8.655,8.63,8.63,800,0
2016-07-05,19:00:00,8.64,8.64,8.63,8.63,2900,0
2016-07-05,19:05:00,8.63,8.65,8.63,8.65,5688,0
2016-07-05,19:10:00,8.64,8.65,8.64,8.64,2360,0
2016-07-05,19:15:00,8.65,8.65,8.59,8.59,6400,0
2016-07-05,19:20:00,8.58,8.5825,8.57,8.58,2229,0
2016-07-05,19:25:00,8.57,8.57,8.57,8.57,900,0
2016-07-05,19:30:00,8.565,8.57,8.56,8.56,1900,0
2016-07-05,19:35:00,8.56,8.56,8.54,8.54,2300,0
2016-07-05,19:40:00,8.545,8.55,8.54,8.55,3000,0
2016-07-05,19:45:00,8.545,8.55,8.54,8.55,1100,0
2016-07-05,19:50:00,8.545,8.57,8.545,8.57,5800,0
2016-07-05,19:55:00,8.565,8.565,8.55,8.56,8040,0
2016-07-05,20:00:00,8.56,8.56,8.55,8.55,700,0
2016-07-05,20:05:00,8.55,8.58,8.55,8.58,5177,0
2016-07-05,20:10:00,8.585,8.585,8.56,8.56,3400,0
2016-07-05,20:15:00,8.57,8.59,8.565,8.59,3364,0
2016-07-05,20:20:00,8.61,8.61,8.59,8.59,3990,0
2016-07-05,20:25:00,8.58,8.59,8.57,8.59,4100,0
2016-07-05,20:30:00,8.59,8.5925,8.57,8.585,4288,0
2016-07-05,20:35:00,8.58,8.585,8.56,8.585,6100,0
2016-07-05,20:40:00,8.5868,8.6,8.57,8.57,7050,0
2016-07-05,20:45:00,8.56,8.57,8.56,8.57,1300,0
2016-07-05,20:50:00,8.57,8.58,8.56,8.56,4700,0
2016-07-05,20:55:00,8.56,8.57,8.56,8.57,3200,0
2016-07-05,21:00:00,8.57,8.585,8.57,8.585,2300,0
2016-07-05,21:05:00,8.58,8.59,8.58,8.58,6663,0
2016-07-05,21:10:00,8.585,8.59,8.58,8.58,1100,0
2016-07-05,21:15:00,8.58,8.59,8.58,8.59,4500,0
2016-07-05,21:20:00,8.59,8.62,8.59,8.62,6000,0
2016-07-05,21:25:00,8.61,8.62,8.61,8.62,3400,0
2016-07-05,21:30:00,8.62,8.62,8.615,8.62,2300,0
2016-07-05,21:35:00,8.62,8.67,8.61,8.67,14092,0
2016-07-05,21:40:00,8.67,8.67,8.64,8.64,8740,0
2016-07-05,21:45:00,8.65,8.65,8.64,8.64,2000,0
2016-07-05,21:50:00,8.645,8.65,8.64,8.65,6826,0
2016-07-05,21:55:00,8.64,8.65,8.6,8.6,19036,0
2016-07-05,22:00:00,8.605,8.61,8.6,8.6,25753,0
2016-07-06,15:35:00,8.51,8.73,8.51,8.53,7613,0
2016-07-06,15:40:00,8.51,8.52,8.51,8.52,700,0
2016-07-06,15:45:00,8.54,8.54,8.47,8.5,2472,0
2016-07-06,15:50:00,8.5,8.54,8.49,8.52,1800,0
2016-07-06,15:55:00,8.54,8.57,8.54,8.54,700,0
2016-07-06,16:00:00,8.56,8.62,8.55,8.62,4000,0
2016-07-06,16:05:00,8.68,8.68,8.62,8.62,2500,0
2016-07-06,16:10:00,8.61,8.61,8.57,8.58,4000,0
2016-07-06,16:15:00,8.58,8.605,8.5701,8.59,2200,0
2016-07-06,16:20:00,8.59,8.6,8.58,8.585,4725,0
2016-07-06,16:25:00,8.57,8.58,8.54,8.55,2807,0
2016-07-06,16:30:00,8.55,8.58,8.55,8.56,3400,0
2016-07-06,16:35:00,8.56,8.56,8.55,8.56,1200,0
2016-07-06,16:40:00,8.57,8.62,8.555,8.6,5338,0
2016-07-06,16:45:00,8.58,8.61,8.58,8.59,5005,0
2016-07-06,16:50:00,8.59,8.63,8.58,8.63,32300,0
2016-07-06,16:55:00,8.64,8.7,8.64,8.65,11200,0
2016-07-06,17:00:00,8.66,8.69,8.653,8.69,2700,0
2016-07-06,17:05:00,8.69,8.73,8.69,8.7,3900,0
2016-07-06,17:10:00,8.71,8.72,8.7,8.71,2322,0
2016-07-06,17:15:00,8.72,8.755,8.72,8.72,3100,0
2016-07-06,17:20:00,8.72,8.73,8.72,8.72,2263,0
2016-07-06,17:25:00,8.71,8.71,8.66,8.66,5100,0
2016-07-06,17:30:00,8.66,8.67,8.64,8.64,3700,0
2016-07-06,17:35:00,8.64,8.66,8.63,8.66,2500,0
2016-07-06,17:40:00,8.65,8.66,8.64,8.66,3400,0
2016-07-06,17:45:00,8.67,8.67,8.66,8.66,1000,0
2016-07-06,17:50:00,8.66,8.66,8.63,8.63,6200,0
2016-07-06,17:55:00,8.62,8.65,8.6,8.65,2410,0
2016-07-06,18:00:00,8.64,8.64,8.61,8.63,900,0
2016-07-06,18:05:00,8.62,8.66,8.62,8.66,1700,0
2016-07-06,18:10:00,8.67,8.685,8.66,8.67,3000,0
2016-07-06,18:15:00,8.67,8.68,8.66,8.66,1800,0
2016-07-06,18:20:00,8.67,8.67,8.64,8.64,400,0
2016-07-06,18:25:00,8.66,8.6638,8.64,8.6525,3400,0
2016-07-06,18:30:00,8.65,8.7,8.65,8.7,2561,0
2016-07-06,18:35:00,8.7,8.72,8.69,8.72,3800,0
2016-07-06,18:40:00,8.72,8.72,8.67,8.67,6581,0
2016-07-06,18:45:00,8.67,8.695,8.65,8.695,14850,0
2016-07-06,18:50:00,8.68,8.68,8.65,8.65,2900,0
2016-07-06,18:55:00,8.66,8.68,8.66,8.67,1600,0
2016-07-06,19:00:00,8.67,8.67,8.66,8.66,300,0
2016-07-06,19:05:00,8.67,8.68,8.67,8.67,1000,0
2016-07-06,19:10:00,8.68,8.7,8.68,8.7,1400,0
2016-07-06,19:15:00,8.7001,8.71,8.66,8.68,5800,0
2016-07-06,19:20:00,8.69,8.7,8.69,8.7,1900,0
2016-07-06,19:25:00,8.71,8.72,8.68,8.68,4109,0
2016-07-06,19:30:00,8.69,8.71,8.69,8.7,3200,0
2016-07-06,19:35:00,8.699,8.725,8.68,8.69,17100,0
2016-07-06,19:40:00,8.689,8.69,8.67,8.68,6500,0
2016-07-06,19:45:00,8.68,8.7,8.67,8.68,41732,0
2016-07-06,19:50:00,8.68,8.71,8.68,8.71,4300,0
2016-07-06,19:55:00,8.71,8.73,8.705,8.71,10285,0
2016-07-06,20:00:00,8.72,8.74,8.7,8.74,25642,0
2016-07-06,20:05:00,8.75,8.75,8.6881,8.725,5964,0
2016-07-06,20:10:00,8.73,8.745,8.72,8.745,3900,0
2016-07-06,20:15:00,8.74,8.75,8.73,8.73,3900,0
2016-07-06,20:20:00,8.735,8.75,8.72,8.75,4900,0
2016-07-06,20:25:00,8.75,8.77,8.75,8.77,5000,0
2016-07-06,20:30:00,8.755,8.77,8.755,8.76,2300,0
2016-07-06,20:35:00,8.75,8.76,8.74,8.76,3100,0
2016-07-06,20:40:00,8.76,8.79,8.74,8.79,4800,0
2016-07-06,20:45:00,8.785,8.79,8.78,8.78,2550,0
2016-07-06,20:50:00,8.78,8.795,8.78,8.79,3700,0
2016-07-06,20:55:00,8.79,8.8,8.79,8.79,8800,0
2016-07-06,21:00:00,8.79,8.8,8.79,8.8,5385,0
2016-07-06,21:05:00,8.79,8.79,8.77,8.78,5408,0
2016-07-06,21:10:00,8.78,8.8,8.77,8.79,6496,0
2016-07-06,21:15:00,8.78,8.79,8.78,8.79,5700,0
2016-07-06,21:20:00,8.79,8.815,8.79,8.805,4000,0
2016-07-06,21:25:00,8.805,8.8101,8.785,8.789,14400,0
2016-07-06,21:30:00,8.789,8.8,8.78,8.795,7647,0
2016-07-06,21:35:00,8.79,8.83,8.78,8.83,13683,0
2016-07-06,21:40:00,8.83,8.86,8.83,8.86,16753,0
2016-07-06,21:45:00,8.845,8.88,8.82,8.82,34853,0
2016-07-06,21:50:00,8.82,8.82,8.81,8.81,13794,0
2016-07-06,21:55:00,8.81,8.81,8.79,8.8,15381,0
2016-07-06,22:00:00,8.8,8.83,8.8,8.83,42952,0
2016-07-07,15:35:00,8.84,8.84,8.725,8.82,4764,0
2016-07-07,15:40:00,8.8,8.85,8.8,8.81,4100,0
2016-07-07,15:45:00,8.82,8.83,8.7906,8.7906,4825,0
2016-07-07,15:55:00,8.79,8.83,8.79,8.81,4261,0
2016-07-07,16:00:00,8.78,8.78,8.78,8.78,1100,0
2016-07-07,16:05:00,8.79,8.79,8.74,8.75,2600,0
2016-07-07,16:10:00,8.76,8.76,8.73,8.73,4700,0
2016-07-07,16:15:00,8.73,8.73,8.69,8.6999,3175,0
2016-07-07,16:20:00,8.69,8.6999,8.67,8.69,4445,0
2016-07-07,16:25:00,8.68,8.68,8.65,8.66,1575,0
2016-07-07,16:30:00,8.67,8.67,8.665,8.67,1100,0
2016-07-07,16:35:00,8.6899,8.69,8.6899,8.69,2256,0
2016-07-07,16:40:00,8.69,8.69,8.67,8.67,2100,0
2016-07-07,16:45:00,8.66,8.68,8.64,8.64,13200,0
2016-07-07,16:50:00,8.64,8.64,8.6,8.608,3400,0
2016-07-07,16:55:00,8.6,8.61,8.6,8.6,1830,0
2016-07-07,17:00:00,8.59,8.59,8.58,8.59,4700,0
2016-07-07,17:05:00,8.59,8.59,8.51,8.51,9875,0
2016-07-07,17:10:00,8.51,8.55,8.51,8.55,3250,0
2016-07-07,17:15:00,8.56,8.58,8.54,8.55,8890,0
2016-07-07,17:20:00,8.5559,8.57,8.52,8.52,4282,0
2016-07-07,17:25:00,8.51,8.51,8.47,8.47,3300,0
2016-07-07,17:30:00,8.47,8.48,8.45,8.48,2800,0
2016-07-07,17:35:00,8.48,8.51,8.48,8.5,3800,0
2016-07-07,17:40:00,8.51,8.5357,8.51,8.51,3539,0
2016-07-07,17:45:00,8.51,8.51,8.47,8.47,1300,0
2016-07-07,17:50:00,8.46,8.46,8.41,8.41,6500,0
2016-07-07,17:55:00,8.41,8.41,8.39,8.4,3980,0
2016-07-07,18:00:00,8.41,8.43,8.41,8.43,2982,0
2016-07-07,18:05:00,8.44,8.46,8.44,8.46,2400,0
2016-07-07,18:10:00,8.47,8.47,8.43,8.43,2514,0
2016-07-07,18:15:00,8.45,8.45,8.4399,8.45,1800,0
2016-07-07,18:20:00,8.47,8.47,8.46,8.46,1400,0
2016-07-07,18:25:00,8.45,8.45,8.43,8.45,2300,0
2016-07-07,18:30:00,8.44,8.47,8.42,8.47,7040,0
2016-07-07,18:35:00,8.48,8.4999,8.48,8.49,1400,0
2016-07-07,18:40:00,8.49,8.49,8.48,8.48,1300,0
2016-07-07,18:45:00,8.48,8.49,8.48,8.49,3100,0
2016-07-07,18:50:00,8.49,8.49,8.48,8.49,2100,0
2016-07-07,18:55:00,8.48,8.49,8.46,8.47,8900,0
2016-07-07,19:00:00,8.46,8.46,8.44,8.44,400,0
2016-07-07,19:05:00,8.43,8.44,8.42,8.43,6279,0
2016-07-07,19:10:00,8.42,8.43,8.42,8.43,400,0
2016-07-07,19:15:00,8.42,8.421,8.4,8.4,3100,0
2016-07-07,19:20:00,8.4,8.4,8.39,8.4,5400,0
2016-07-07,19:25:00,8.4,8.4,8.36,8.36,12911,0
2016-07-07,19:30:00,8.37,8.3899,8.36,8.36,3800,0
2016-07-07,19:35:00,8.35,8.36,8.35,8.36,4400,0
2016-07-07,19:40:00,8.35,8.38,8.35,8.38,2400,0
2016-07-07,19:45:00,8.38,8.38,8.38,8.38,500,0
2016-07-07,19:50:00,8.37,8.37,8.36,8.36,1236,0
2016-07-07,19:55:00,8.36,8.36,8.36,8.36,200,0
2016-07-07,20:00:00,8.37,8.39,8.37,8.38,20002,0
2016-07-07,20:05:00,8.37,8.38,8.3661,8.38,2900,0
2016-07-07,20:10:00,8.37,8.37,8.35,8.35,1950,0
2016-07-07,20:15:00,8.34,8.35,8.34,8.35,1200,0
2016-07-07,20:20:00,8.36,8.38,8.36,8.38,3040,0
2016-07-07,20:25:00,8.37,8.38,8.37,8.37,3019,0
2016-07-07,20:30:00,8.37,8.38,8.36,8.3699,3800,0
2016-07-07,20:35:00,8.37,8.38,8.37,8.37,4361,0
2016-07-07,20:40:00,8.37,8.39,8.37,8.38,2400,0
2016-07-07,20:45:00,8.38,8.38,8.37,8.38,800,0
2016-07-07,20:50:00,8.375,8.38,8.375,8.38,1200,0
2016-07-07,20:55:00,8.3799,8.38,8.365,8.38,4000,0
2016-07-07,21:00:00,8.38,8.38,8.37,8.37,1600,0
2016-07-07,21:05:00,8.36,8.39,8.36,8.39,3898,0
2016-07-07,21:10:00,8.39,8.4,8.39,8.4,9181,0
2016-07-07,21:15:00,8.4,8.4,8.4,8.4,900,0
2016-07-07,21:20:00,8.4,8.4,8.39,8.39,800,0
2016-07-07,21:25:00,8.395,8.4,8.39,8.39,1500,0
2016-07-07,21:30:00,8.39,8.39,8.36,8.37,6522,0
2016-07-07,21:35:00,8.38,8.4,8.38,8.39,11143,0
2016-07-07,21:40:00,8.4,8.4,8.37,8.37,10527,0
2016-07-07,21:45:00,8.36,8.37,8.36,8.37,4463,0
2016-07-07,21:50:00,8.36,8.3865,8.36,8.38,5340,0
2016-07-07,21:55:00,8.38,8.39,8.38,8.38,4582,0
2016-07-07,22:00:00,8.39,8.39,8.36,8.36,44267,0
2016-07-08,15:35:00,8.44,8.5,8.38,8.386,7733,0
2016-07-08,15:40:00,8.4,8.4,8.36,8.37,3300,0
2016-07-08,15:45:00,8.4,8.43,8.4,8.4,11401,0
2016-07-08,15:50:00,8.4,8.4,8.39,8.39,800,0
2016-07-08,15:55:00,8.4,8.4,8.39,8.4,1450,0
2016-07-08,16:00:00,8.39,8.4,8.38,8.39,4600,0
2016-07-08,16:05:00,8.39,8.4,8.38,8.38,4800,0
2016-07-08,16:10:00,8.38,8.39,8.365,8.37,13100,0
2016-07-08,16:15:00,8.37,8.39,8.37,8.38,3000,0
2016-07-08,16:20:00,8.38,8.38,8.34,8.34,4900,0
2016-07-08,16:25:00,8.33,8.33,8.29,8.33,4025,0
2016-07-08,16:30:00,8.3425,8.39,8.3425,8.39,2200,0
2016-07-08,16:35:00,8.38,8.38,8.38,8.38,5300,0
2016-07-08,16:40:00,8.38,8.4,8.38,8.4,3404,0
2016-07-08,16:45:00,8.39,8.4,8.37,8.3875,7443,0
2016-07-08,16:50:00,8.39,8.39,8.38,8.39,1700,0
2016-07-08,16:55:00,8.39,8.4,8.39,8.39,7072,0
2016-07-08,17:00:00,8.39,8.39,8.38,8.38,2300,0
2016-07-08,17:05:00,8.38,8.4,8.38,8.4,10504,0
2016-07-08,17:10:00,8.39,8.395,8.375,8.39,4200,0
2016-07-08,17:15:00,8.39,8.395,8.39,8.39,3700,0
2016-07-08,17:20:00,8.3927,8.4,8.38,8.385,12854,0
2016-07-08,17:25:00,8.4,8.41,8.385,8.41,11658,0
2016-07-08,17:30:00,8.42,8.42,8.39,8.395,9796,0
2016-07-08,17:35:00,8.4,8.4,8.375,8.375,2200,0
2016-07-08,17:40:00,8.38,8.41,8.38,8.405,5158,0
2016-07-08,17:45:00,8.41,8.425,8.4,8.415,5600,0
2016-07-08,17:50:00,8.415,8.415,8.4,8.4,2200,0
2016-07-08,17:55:00,8.4,8.435,8.4,8.41,9307,0
2016-07-08,18:00:00,8.41,8.43,8.4,8.415,14084,0
2016-07-08,18:05:00,8.415,8.415,8.395,8.415,3250,0
2016-07-08,18:10:00,8.42,8.45,8.42,8.44,7696,0
2016-07-08,18:15:00,8.4399,8.44,8.435,8.435,3250,0
2016-07-08,18:20:00,8.44,8.44,8.425,8.425,1500,0
2016-07-08,18:25:00,8.43,8.45,8.42,8.45,4131,0
2016-07-08,18:30:00,8.45,8.455,8.45,8.455,6100,0
2016-07-08,18:35:00,8.45,8.45,8.42,8.42,2900,0
2016-07-08,18:40:00,8.425,8.45,8.425,8.45,2000,0
2016-07-08,18:45:00,8.45,8.46,8.45,8.45,6100,0
2016-07-08,18:50:00,8.4466,8.47,8.4466,8.45,6800,0
2016-07-08,18:55:00,8.45,8.48,8.45,8.47,5700,0
2016-07-08,19:00:00,8.465,8.465,8.44,8.44,1149,0
2016-07-08,19:05:00,8.44,8.45,8.44,8.445,5209,0
2016-07-08,19:10:00,8.445,8.45,8.435,8.45,4051,0
2016-07-08,19:15:00,8.45,8.45,8.45,8.45,900,0
2016-07-08,19:20:00,8.45,8.45,8.44,8.44,3800,0
2016-07-08,19:25:00,8.44,8.45,8.44,8.44,3200,0
2016-07-08,19:30:00,8.43,8.4425,8.41,8.42,14896,0
2016-07-08,19:35:00,8.41,8.44,8.4,8.41,20646,0
2016-07-08,19:40:00,8.41,8.45,8.41,8.45,1700,0
2016-07-08,19:45:00,8.45,8.45,8.44,8.45,5196,0
2016-07-08,19:50:00,8.45,8.45,8.45,8.45,4985,0
2016-07-08,19:55:00,8.45,8.46,8.45,8.455,4509,0
2016-07-08,20:00:00,8.445,8.445,8.445,8.445,100,0
2016-07-08,20:05:00,8.45,8.45,8.41,8.41,15387,0
2016-07-08,20:10:00,8.41,8.41,8.4099,8.41,1654,0
2016-07-08,20:15:00,8.42,8.45,8.42,8.445,1800,0
2016-07-08,20:20:00,8.45,8.47,8.42,8.445,20528,0
2016-07-08,20:25:00,8.45,8.45,8.41,8.42,5400,0
2016-07-08,20:30:00,8.41,8.42,8.4,8.41,3700,0
2016-07-08,20:35:00,8.42,8.435,8.4,8.4,6800,0
2016-07-08,20:40:00,8.4,8.41,8.3901,8.405,7908,0
2016-07-08,20:45:00,8.4,8.405,8.4,8.4025,8200,0
2016-07-08,20:50:00,8.4,8.43,8.4,8.4,11852,0
2016-07-08,20:55:00,8.4,8.4,8.395,8.4,4296,0
2016-07-08,21:00:00,8.4,8.4,8.395,8.395,1500,0
2016-07-08,21:05:00,8.4,8.4,8.375,8.375,8264,0
2016-07-08,21:10:00,8.38,8.4,8.38,8.4,2019,0
2016-07-08,21:15:00,8.4,8.4,8.4,8.4,2039,0
2016-07-08,21:20:00,8.4,8.41,8.395,8.4,6067,0
2016-07-08,21:25:00,8.4,8.415,8.4,8.41,4427,0
2016-07-08,21:30:00,8.4101,8.44,8.4101,8.44,2800,0
2016-07-08,21:35:00,8.44,8.49,8.435,8.49,12400,0
2016-07-08,21:40:00,8.4982,8.51,8.48,8.5,16397,0
2016-07-08,21:45:00,8.51,8.51,8.49,8.495,3488,0
2016-07-08,21:50:00,8.495,8.51,8.49,8.49,7767,0
2016-07-08,21:55:00,8.5,8.5,8.48,8.5,8676,0
2016-07-08,22:00:00,8.5,8.52,8.48,8.51,43940,0
