Date,Time,Open,High,Low,Close,Volume,OpenInt
2016-06-22,15:35:00,13.71,13.71,13.71,13.71,758,0
2016-06-22,15:40:00,13.61,13.61,13.54,13.54,600,0
2016-06-22,15:45:00,13.485,13.485,13.4,13.42,871,0
2016-06-22,15:50:00,13.38,13.46,13.37,13.45,795,0
2016-06-22,15:55:00,13.435,13.469,13.395,13.42,3264,0
2016-06-22,16:00:00,13.37,13.38,13.23,13.23,3950,0
2016-06-22,16:05:00,13.26,13.31,13.26,13.31,1086,0
2016-06-22,16:10:00,13.26,13.4,13.26,13.35,2800,0
2016-06-22,16:15:00,13.375,13.43,13.36,13.43,1400,0
2016-06-22,16:20:00,13.37,13.37,13.32,13.32,2080,0
2016-06-22,16:25:00,13.3,13.32,13.26,13.29,2164,0
2016-06-22,16:30:00,13.2699,13.306,13.2699,13.306,2480,0
2016-06-22,16:35:00,13.3958,13.82,13.3958,13.75,4300,0
2016-06-22,16:40:00,13.75,13.78,13.68,13.68,2700,0
2016-06-22,16:45:00,13.58,13.85,13.58,13.845,3140,0
2016-06-22,16:50:00,13.92,13.92,13.79,13.9,1000,0
2016-06-22,16:55:00,13.93,14.0534,13.93,13.96,2200,0
2016-06-22,17:00:00,13.94,14.035,13.84,13.885,1300,0
2016-06-22,17:05:00,13.93,14.05,13.93,14.05,400,0
2016-06-22,17:10:00,14.01,14.02,13.93,14.02,820,0
2016-06-22,17:15:00,14.05,14.08,13.98,14.02,1300,0
2016-06-22,17:20:00,13.95,14.01,13.95,14,500,0
2016-06-22,17:25:00,14.05,14.09,13.985,13.99,600,0
2016-06-22,17:30:00,13.965,14.04,13.965,14.01,1300,0
2016-06-22,17:35:00,13.95,13.95,13.84,13.84,600,0
2016-06-22,17:40:00,13.85,13.98,13.84,13.84,1900,0
2016-06-22,17:45:00,13.8,13.84,13.79,13.84,600,0
2016-06-22,17:50:00,13.9,13.9,13.78,13.78,900,0
2016-06-22,17:55:00,13.78,13.78,13.74,13.74,200,0
2016-06-22,18:00:00,13.78,13.84,13.78,13.81,1300,0
2016-06-22,18:05:00,13.82,13.82,13.8,13.81,300,0
2016-06-22,18:10:00,13.78,13.8,13.77,13.77,1527,0
2016-06-22,18:15:00,13.75,13.81,13.72,13.72,600,0
2016-06-22,18:20:00,13.72,13.75,13.7,13.72,600,0
2016-06-22,18:25:00,13.7178,13.75,13.71,13.72,1072,0
2016-06-22,18:30:00,13.62,13.66,13.61,13.66,1000,0
2016-06-22,18:35:00,13.5701,13.71,13.5701,13.71,4300,0
2016-06-22,18:40:00,13.6201,13.63,13.62,13.62,1400,0
2016-06-22,18:45:00,13.62,13.63,13.54,13.54,1200,0
2016-06-22,18:50:00,13.58,13.61,13.54,13.61,800,0
2016-06-22,18:55:00,13.64,13.64,13.64,13.64,100,0
2016-06-22,19:00:00,13.63,13.6575,13.6,13.6,800,0
2016-06-22,19:05:00,13.58,13.58,13.58,13.58,100,0
2016-06-22,19:10:00,13.61,13.61,13.55,13.56,1100,0
2016-06-22,19:15:00,13.57,13.57,13.52,13.57,400,0
2016-06-22,19:20:00,13.55,13.6,13.49,13.51,2180,0
2016-06-22,19:25:00,13.5,13.5,13.5,13.5,100,0
2016-06-22,19:30:00,13.56,13.56,13.48,13.48,500,0
2016-06-22,19:35:00,13.54,13.55,13.5,13.54,1400,0
2016-06-22,19:40:00,13.55,13.59,13.55,13.58,495,0
2016-06-22,19:45:00,13.63,13.63,13.6,13.6,200,0
2016-06-22,19:50:00,13.57,13.57,13.57,13.57,100,0
2016-06-22,19:55:00,13.61,13.67,13.61,13.64,1200,0
2016-06-22,20:00:00,13.64,13.64,13.64,13.64,100,0
2016-06-22,20:05:00,13.66,13.66,13.63,13.63,600,0
2016-06-22,20:10:00,13.63,13.7,13.62,13.65,1500,0
2016-06-22,20:15:00,13.65,13.68,13.61,13.62,1000,0
2016-06-22,20:20:00,13.65,13.67,13.63,13.63,700,0
2016-06-22,20:25:00,13.62,13.62,13.55,13.57,700,0
2016-06-22,20:30:00,13.58,13.65,13.57,13.6,1500,0
2016-06-22,20:35:00,13.64,13.64,13.59,13.59,500,0
2016-06-22,20:40:00,13.595,13.595,13.565,13.57,1600,0
2016-06-22,20:45:00,13.58,13.6,13.58,13.6,500,0
2016-06-22,20:50:00,13.58,13.63,13.58,13.625,3600,0
2016-06-22,20:55:00,13.625,13.66,13.62,13.65,4100,0
2016-06-22,21:00:00,13.63,13.7,13.63,13.67,1700,0
2016-06-22,21:05:00,13.68,13.72,13.68,13.68,600,0
2016-06-22,21:10:00,13.7,13.7,13.63,13.64,900,0
2016-06-22,21:15:00,13.58,13.618,13.57,13.6,4090,0
2016-06-22,21:20:00,13.6,13.66,13.6,13.63,2000,0
2016-06-22,21:25:00,13.58,13.63,13.58,13.6,1200,0
2016-06-22,21:30:00,13.61,13.66,13.61,13.62,2998,0
2016-06-22,21:35:00,13.65,13.66,13.62,13.635,2500,0
2016-06-22,21:40:00,13.63,13.65,13.61,13.62,6982,0
2016-06-22,21:45:00,13.63,13.65,13.63,13.65,3121,0
2016-06-22,21:50:00,13.65,13.67,13.62,13.63,8024,0
2016-06-22,21:55:00,13.63,13.66,13.59,13.65,20133,0
2016-06-22,22:00:00,13.66,13.66,13.61,13.65,22781,0
2016-06-23,15:35:00,13.86,13.86,13.86,13.86,1131,0
2016-06-23,15:40:00,13.82,13.82,13.71,13.71,500,0
2016-06-23,15:45:00,13.76,13.86,13.69,13.69,1062,0
2016-06-23,15:50:00,13.77,13.85,13.77,13.85,500,0
2016-06-23,15:55:00,13.84,13.84,13.84,13.84,100,0
2016-06-23,16:00:00,13.84,13.89,13.83,13.8301,978,0
2016-06-23,16:05:00,13.94,13.94,13.91,13.91,300,0
2016-06-23,16:10:00,13.94,13.97,13.91,13.9399,1800,0
2016-06-23,16:15:00,13.87,13.92,13.87,13.92,648,0
2016-06-23,16:20:00,13.88,13.91,13.84,13.91,1700,0
2016-06-23,16:25:00,13.88,13.92,13.88,13.88,1000,0
2016-06-23,16:30:00,13.89,13.8995,13.82,13.86,2600,0
2016-06-23,16:35:00,13.84,13.84,13.79,13.79,300,0
2016-06-23,16:40:00,13.77,13.77,13.77,13.77,300,0
2016-06-23,16:45:00,13.74,13.74,13.73,13.73,200,0
2016-06-23,16:50:00,13.74,13.76,13.71,13.73,1800,0
2016-06-23,16:55:00,13.77,13.78,13.77,13.78,321,0
2016-06-23,17:00:00,13.78,13.79,13.77,13.79,1891,0
2016-06-23,17:05:00,13.83,13.83,13.77,13.77,600,0
2016-06-23,17:10:00,13.78,13.8,13.78,13.8,895,0
2016-06-23,17:15:00,13.76,13.76,13.76,13.76,100,0
2016-06-23,17:20:00,13.79,13.85,13.79,13.83,1100,0
2016-06-23,17:25:00,13.82,13.83,13.795,13.83,600,0
2016-06-23,17:30:00,13.83,13.85,13.83,13.85,600,0
2016-06-23,17:35:00,13.87,13.89,13.8,13.815,6050,0
2016-06-23,17:40:00,13.88,13.88,13.83,13.83,200,0
2016-06-23,17:45:00,13.79,13.83,13.79,13.815,400,0
2016-06-23,17:50:00,13.83,13.85,13.8288,13.85,610,0
2016-06-23,17:55:00,13.85,13.88,13.84,13.84,800,0
2016-06-23,18:00:00,13.83,13.83,13.83,13.83,200,0
2016-06-23,18:05:00,13.83,13.84,13.83,13.84,400,0
2016-06-23,18:10:00,13.83,13.88,13.83,13.85,1353,0
2016-06-23,18:15:00,13.85,13.89,13.84,13.87,500,0
2016-06-23,18:20:00,13.88,13.89,13.88,13.89,600,0
2016-06-23,18:25:00,13.9,13.91,13.9,13.9,300,0
2016-06-23,18:30:00,13.89,13.89,13.85,13.87,1100,0
2016-06-23,18:35:00,13.89,13.89,13.89,13.89,200,0
2016-06-23,18:40:00,13.9,13.9175,13.9,13.9,900,0
2016-06-23,18:45:00,13.91,13.93,13.91,13.93,1100,0
2016-06-23,18:50:00,13.93,13.93,13.86,13.91,1850,0
2016-06-23,18:55:00,13.87,13.87,13.84,13.84,300,0
2016-06-23,19:00:00,13.87,13.87,13.84,13.84,500,0
2016-06-23,19:05:00,13.88,13.89,13.88,13.89,500,0
2016-06-23,19:20:00,13.88,13.9575,13.88,13.9575,1900,0
2016-06-23,19:25:00,13.95,13.95,13.95,13.95,100,0
2016-06-23,19:30:00,13.93,13.9399,13.92,13.9399,800,0
2016-06-23,19:35:00,13.92,13.96,13.92,13.95,900,0
2016-06-23,19:40:00,13.94,13.945,13.92,13.93,600,0
2016-06-23,19:45:00,13.93,13.95,13.93,13.94,900,0
2016-06-23,19:50:00,13.94,13.95,13.94,13.95,400,0
2016-06-23,19:55:00,13.96,13.96,13.94,13.94,1000,0
2016-06-23,20:00:00,13.95,13.98,13.95,13.965,2200,0
2016-06-23,20:05:00,13.97,13.98,13.96,13.96,600,0
2016-06-23,20:10:00,13.96,13.98,13.96,13.97,900,0
2016-06-23,20:15:00,13.96,13.98,13.95,13.98,2700,0
2016-06-23,20:20:00,13.99,14.01,13.98,14.01,1200,0
2016-06-23,20:25:00,14.03,14.03,14.03,14.03,100,0
2016-06-23,20:30:00,14.005,14.03,14.005,14.03,800,0
2016-06-23,20:35:00,14.04,14.05,14.04,14.05,1400,0
2016-06-23,20:40:00,14.045,14.045,14.01,14.025,3100,0
2016-06-23,20:45:00,14.02,14.03,14.01,14.01,1100,0
2016-06-23,20:50:00,14.02,14.03,14.01,14.02,1800,0
2016-06-23,20:55:00,14.01,14.015,13.97,13.97,3695,0
2016-06-23,21:00:00,13.96,13.96,13.95,13.95,1100,0
2016-06-23,21:05:00,13.95,13.97,13.95,13.96,3500,0
2016-06-23,21:10:00,13.94,13.945,13.93,13.93,600,0
2016-06-23,21:15:00,13.94,13.96,13.94,13.9425,4616,0
2016-06-23,21:25:00,13.94,13.95,13.8954,13.8954,1600,0
2016-06-23,21:30:00,13.9,13.9,13.83,13.84,2800,0
2016-06-23,21:35:00,13.85,13.88,13.85,13.88,3000,0
2016-06-23,21:40:00,13.9,13.9,13.86,13.88,2200,0
2016-06-23,21:45:00,13.88,13.91,13.87,13.9,2557,0
2016-06-23,21:50:00,13.92,13.94,13.92,13.92,3100,0
2016-06-23,21:55:00,13.93,14.02,13.925,13.98,6800,0
2016-06-23,22:00:00,13.985,14,13.96,13.99,38061,0
2016-06-24,15:35:00,13.34,13.47,13.22,13.4422,4879,0
2016-06-24,15:40:00,13.37,13.55,13.37,13.55,600,0
2016-06-24,15:45:00,13.55,13.73,13.55,13.73,1900,0
2016-06-24,15:50:00,13.6,13.82,13.5,13.71,3000,0
2016-06-24,15:55:00,13.55,13.55,13.42,13.48,600,0
2016-06-24,16:00:00,13.52,13.61,13.4201,13.536,2600,0
2016-06-24,16:05:00,13.59,13.6,13.54,13.54,1695,0
2016-06-24,16:10:00,13.49,13.49,13.45,13.45,500,0
2016-06-24,16:15:00,13.49,13.52,13.47,13.5,1100,0
2016-06-24,16:20:00,13.47,13.55,13.4,13.45,4229,0
2016-06-24,16:25:00,13.45,13.45,13.33,13.38,900,0
2016-06-24,16:30:00,13.33,13.37,13.33,13.35,1600,0
2016-06-24,16:35:00,13.36,13.36,13.325,13.34,1000,0
2016-06-24,16:40:00,13.35,13.3966,13.35,13.3966,1300,0
2016-06-24,16:45:00,13.48,13.56,13.48,13.56,400,0
2016-06-24,16:50:00,13.5475,13.57,13.53,13.54,500,0
2016-06-24,16:55:00,13.54,13.54,13.52,13.54,800,0
2016-06-24,17:00:00,13.54,13.57,13.54,13.54,1300,0
2016-06-24,17:05:00,13.51,13.52,13.5,13.52,500,0
2016-06-24,17:10:00,13.53,13.55,13.53,13.55,400,0
2016-06-24,17:15:00,13.55,13.56,13.52,13.52,1300,0
2016-06-24,17:20:00,13.55,13.55,13.55,13.55,300,0
2016-06-24,17:25:00,13.59,13.59,13.48,13.485,1550,0
2016-06-24,17:30:00,13.53,13.56,13.51,13.52,1000,0
2016-06-24,17:35:00,13.54,13.54,13.51,13.51,500,0
2016-06-24,17:40:00,13.49,13.49,13.44,13.47,2000,0
2016-06-24,17:45:00,13.49,13.49,13.45,13.45,1350,0
2016-06-24,17:50:00,13.48,13.48,13.42,13.42,1700,0
2016-06-24,17:55:00,13.4,13.4,13.4,13.4,100,0
2016-06-24,18:00:00,13.41,13.46,13.41,13.46,500,0
2016-06-24,18:05:00,13.48,13.48,13.37,13.37,800,0
2016-06-24,18:10:00,13.38,13.43,13.38,13.39,600,0
2016-06-24,18:15:00,13.39,13.4,13.35,13.38,1600,0
2016-06-24,18:20:00,13.38,13.38,13.32,13.32,1489,0
2016-06-24,18:25:00,13.31,13.32,13.27,13.27,1480,0
2016-06-24,18:30:00,13.2616,13.27,13.26,13.27,1700,0
2016-06-24,18:35:00,13.24,13.24,13.13,13.17,10194,0
2016-06-24,18:40:00,13.15,13.16,13.13,13.16,2380,0
2016-06-24,18:45:00,13.16,13.17,13.11,13.1399,4900,0
2016-06-24,18:50:00,13.12,13.14,13.09,13.09,1300,0
2016-06-24,18:55:00,13.12,13.12,13.07,13.09,1200,0
2016-06-24,19:00:00,13.09,13.09,13.02,13.04,4780,0
2016-06-24,19:05:00,13.04,13.05,13.025,13.04,4000,0
2016-06-24,19:10:00,13.04,13.2,13.03,13.17,16657,0
2016-06-24,19:15:00,13.12,13.17,13.12,13.17,1100,0
2016-06-24,19:20:00,13.13,13.16,13.12,13.16,900,0
2016-06-24,19:25:00,13.14,13.2,13.14,13.19,2000,0
2016-06-24,19:30:00,13.16,13.21,13.16,13.1925,1000,0
2016-06-24,19:35:00,13.18,13.23,13.18,13.22,2000,0
2016-06-24,19:40:00,13.3,13.3,13.29,13.29,300,0
2016-06-24,19:45:00,13.18,13.23,13.17,13.17,1100,0
2016-06-24,19:50:00,13.17,13.19,13.12,13.13,2800,0
2016-06-24,19:55:00,13.11,13.14,13.1,13.1,1300,0
2016-06-24,20:00:00,13.11,13.132,13.09,13.12,4331,0
2016-06-24,20:05:00,13.125,13.14,13.05,13.07,3800,0
2016-06-24,20:10:00,13.075,13.075,13.02,13.02,3300,0
2016-06-24,20:15:00,13.02,13.02,12.96,13,2983,0
2016-06-24,20:20:00,13.03,13.03,12.98,12.99,1600,0
2016-06-24,20:25:00,13,13.02,12.9101,13,3600,0
2016-06-24,20:30:00,12.99,13.01,12.95,12.95,1500,0
2016-06-24,20:35:00,12.9275,12.99,12.91,12.96,8000,0
2016-06-24,20:40:00,12.93,13.04,12.93,12.99,1100,0
2016-06-24,20:45:00,12.93,12.98,12.93,12.93,600,0
2016-06-24,20:50:00,12.92,13.01,12.9,13.01,2300,0
2016-06-24,20:55:00,13.01,13.01,12.93,13,4115,0
2016-06-24,21:00:00,13,13.04,13,13,4568,0
2016-06-24,21:05:00,12.99,13.04,12.99,13,1800,0
2016-06-24,21:10:00,12.97,13.01,12.97,13.01,600,0
2016-06-24,21:15:00,13.03,13.1,13.02,13.1,1500,0
2016-06-24,21:20:00,13.11,13.13,13.04,13.04,3000,0
2016-06-24,21:25:00,13.02,13.055,13.02,13.055,1100,0
2016-06-24,21:30:00,13.06,13.07,13.02,13.02,2900,0
2016-06-24,21:35:00,13.02,13.04,13.02,13.03,9861,0
2016-06-24,21:40:00,13.03,13.05,13.02,13.02,5800,0
2016-06-24,21:45:00,13.02,13.08,13.02,13.08,5753,0
2016-06-24,21:50:00,13.09,13.09,13.06,13.08,4438,0
2016-06-24,21:55:00,13.0799,13.12,13.06,13.105,8987,0
2016-06-24,22:00:00,13.1,13.11,13.02,13.04,136722,0
2016-06-27,15:35:00,13,13.67,13,13.21,6238,0
2016-06-27,15:40:00,13.1812,13.28,13.105,13.12,6465,0
2016-06-27,15:45:00,13.13,13.13,13.01,13.02,2285,0
2016-06-27,15:50:00,13.04,13.06,12.84,12.84,3600,0
2016-06-27,15:55:00,12.83,12.93,12.81,12.87,2600,0
2016-06-27,16:00:00,12.81,12.85,12.81,12.85,800,0
2016-06-27,16:05:00,12.81,12.86,12.8,12.86,7008,0
2016-06-27,16:10:00,12.84,12.86,12.8,12.82,3512,0
2016-06-27,16:15:00,12.81,12.85,12.8,12.85,6297,0
2016-06-27,16:20:00,12.81,12.94,12.81,12.91,8931,0
2016-06-27,16:25:00,12.91,12.95,12.88,12.88,29800,0
2016-06-27,16:30:00,12.835,12.835,12.79,12.8,4593,0
2016-06-27,16:35:00,12.8,12.84,12.78,12.8,2700,0
2016-06-27,16:40:00,12.81,12.81,12.775,12.79,600,0
2016-06-27,16:45:00,12.785,12.85,12.785,12.82,1300,0
2016-06-27,16:50:00,12.75,12.78,12.63,12.69,4400,0
2016-06-27,16:55:00,12.69,12.82,12.62,12.81,16721,0
2016-06-27,17:00:00,12.8,12.83,12.78,12.8,14961,0
2016-06-27,17:05:00,12.8,12.84,12.78,12.84,29756,0
2016-06-27,17:10:00,12.82,12.84,12.73,12.74,3600,0
2016-06-27,17:15:00,12.74,12.78,12.74,12.75,7980,0
2016-06-27,17:20:00,12.75,12.75,12.73,12.73,1900,0
2016-06-27,17:25:00,12.72,12.72,12.675,12.68,1900,0
2016-06-27,17:30:00,12.652,12.79,12.652,12.79,2100,0
2016-06-27,17:35:00,12.84,12.92,12.76,12.76,2617,0
2016-06-27,17:40:00,12.77,12.82,12.755,12.755,1400,0
2016-06-27,17:45:00,12.77,12.84,12.77,12.82,900,0
2016-06-27,17:50:00,12.8,12.89,12.75,12.77,1900,0
2016-06-27,17:55:00,12.78,12.8,12.75,12.75,2550,0
2016-06-27,18:00:00,12.76,12.85,12.76,12.82,1400,0
2016-06-27,18:05:00,12.77,12.79,12.76,12.76,1000,0
2016-06-27,18:10:00,12.75,12.78,12.75,12.78,3000,0
2016-06-27,18:15:00,12.76,12.84,12.755,12.84,5700,0
2016-06-27,18:20:00,12.87,12.91,12.86,12.87,1800,0
2016-06-27,18:25:00,12.86,12.86,12.8101,12.8101,550,0
2016-06-27,18:30:00,12.845,12.93,12.845,12.93,600,0
2016-06-27,18:35:00,12.96,13,12.96,13,200,0
2016-06-27,18:40:00,12.97,12.97,12.94,12.94,300,0
2016-06-27,18:45:00,12.89,12.91,12.89,12.91,300,0
2016-06-27,18:50:00,12.88,12.99,12.88,12.95,1717,0
2016-06-27,18:55:00,12.95,13,12.92,12.92,27700,0
2016-06-27,19:00:00,12.94,12.96,12.94,12.96,600,0
2016-06-27,19:05:00,12.93,12.94,12.91,12.94,1300,0
2016-06-27,19:10:00,12.96,12.98,12.96,12.97,900,0
2016-06-27,19:15:00,12.99,13,12.9605,12.9605,600,0
2016-06-27,19:20:00,13,13,12.99,12.99,300,0
2016-06-27,19:25:00,12.99,12.99,12.94,12.955,1400,0
2016-06-27,19:30:00,12.96,12.96,12.96,12.96,300,0
2016-06-27,19:35:00,12.96,12.96,12.84,12.84,1500,0
2016-06-27,19:40:00,12.85,12.86,12.85,12.855,900,0
2016-06-27,19:45:00,12.87,12.89,12.82,12.85,5605,0
2016-06-27,19:50:00,12.85,12.86,12.82,12.85,7100,0
2016-06-27,19:55:00,12.85,12.87,12.84,12.87,1600,0
2016-06-27,20:00:00,12.83,12.88,12.81,12.88,10060,0
2016-06-27,20:05:00,12.87,12.87,12.85,12.85,200,0
2016-06-27,20:10:00,12.87,12.87,12.85,12.87,3900,0
2016-06-27,20:15:00,12.85,12.85,12.84,12.84,3500,0
2016-06-27,20:20:00,12.81,12.82,12.76,12.76,7522,0
2016-06-27,20:25:00,12.78,12.8,12.78,12.7875,2600,0
2016-06-27,20:30:00,12.78,12.84,12.78,12.84,3671,0
2016-06-27,20:35:00,12.8,12.81,12.78,12.81,2900,0
2016-06-27,20:40:00,12.8,12.8,12.78,12.79,1600,0
2016-06-27,20:45:00,12.78,12.79,12.76,12.79,2000,0
2016-06-27,20:50:00,12.785,12.8,12.715,12.715,4000,0
2016-06-27,20:55:00,12.72,12.75,12.69,12.74,3000,0
2016-06-27,21:00:00,12.74,12.74,12.69,12.73,1600,0
2016-06-27,21:05:00,12.74,12.8,12.74,12.8,2427,0
2016-06-27,21:10:00,12.8,12.8,12.765,12.77,2800,0
2016-06-27,21:15:00,12.78,12.82,12.78,12.8,2256,0
2016-06-27,21:20:00,12.8,12.8,12.78,12.79,2700,0
2016-06-27,21:25:00,12.79,12.8,12.755,12.77,2600,0
2016-06-27,21:30:00,12.76,12.77,12.72,12.75,3700,0
2016-06-27,21:35:00,12.75,12.76,12.72,12.73,2300,0
2016-06-27,21:40:00,12.74,12.78,12.72,12.78,4500,0
2016-06-27,21:45:00,12.78,12.89,12.76,12.89,13712,0
2016-06-27,21:50:00,12.89,12.89,12.81,12.85,10141,0
2016-06-27,21:55:00,12.83,12.83,12.76,12.77,6432,0
2016-06-27,22:00:00,12.77,12.78,12.72,12.74,34668,0
2016-06-28,15:35:00,12.71,12.96,12.71,12.76,6884,0
2016-06-28,15:40:00,12.96,13.25,12.96,13.045,4300,0
2016-06-28,15:45:00,13.125,13.125,13.125,13.125,200,0
2016-06-28,15:50:00,13.12,13.15,13.07,13.15,1100,0
2016-06-28,15:55:00,13.16,13.26,13.16,13.251,800,0
2016-06-28,16:00:00,13.2434,13.2434,13.16,13.21,1500,0
2016-06-28,16:05:00,13.2301,13.2301,13.23,13.23,200,0
2016-06-28,16:10:00,13.23,13.24,13.21,13.24,900,0
2016-06-28,16:15:00,13.22,13.24,13.22,13.24,200,0
2016-06-28,16:20:00,13.22,13.26,13.22,13.26,1335,0
2016-06-28,16:25:00,13.285,13.285,13.08,13.18,3600,0
2016-06-28,16:30:00,13.17,13.17,13.15,13.15,600,0
2016-06-28,16:35:00,13.17,13.21,13.13,13.18,1400,0
2016-06-28,16:40:00,13.15,13.2,13.03,13.03,6200,0
2016-06-28,16:45:00,13.05,13.1,13,13.08,6800,0
2016-06-28,16:50:00,13.155,13.155,13.06,13.09,1600,0
2016-06-28,16:55:00,13.15,13.15,13.02,13.14,2300,0
2016-06-28,17:00:00,13.09,13.18,13.04,13.05,2000,0
2016-06-28,17:05:00,13.06,13.08,12.84,12.9454,7300,0
2016-06-28,17:10:00,12.9,12.96,12.85,12.87,2700,0
2016-06-28,17:15:00,12.94,12.99,12.94,12.97,1700,0
2016-06-28,17:20:00,12.98,13.06,12.98,13.06,3500,0
2016-06-28,17:25:00,13.06,13.06,13.03,13.05,700,0
2016-06-28,17:30:00,13.01,13.01,12.99,13.01,1000,0
2016-06-28,17:35:00,13.02,13.03,13.01,13.01,700,0
2016-06-28,17:40:00,12.98,13.04,12.98,13.04,3000,0
2016-06-28,17:45:00,13.02,13.06,13.02,13.06,400,0
2016-06-28,17:50:00,13.09,13.14,13.09,13.14,600,0
2016-06-28,17:55:00,13.16,13.2,13.15,13.2,1500,0
2016-06-28,18:00:00,13.23,13.23,13.23,13.23,100,0
2016-06-28,18:05:00,13.21,13.21,13.19,13.21,900,0
2016-06-28,18:10:00,13.23,13.23,13.13,13.13,900,0
2016-06-28,18:15:00,13.14,13.2,13.14,13.2,1600,0
2016-06-28,18:20:00,13.19,13.19,13.18,13.18,300,0
2016-06-28,18:25:00,13.16,13.2,13.14,13.14,1500,0
2016-06-28,18:30:00,13.12,13.16,13.12,13.15,1300,0
2016-06-28,18:35:00,13.15,13.17,13.15,13.17,1100,0
2016-06-28,18:40:00,13.16,13.23,13.16,13.23,3200,0
2016-06-28,18:45:00,13.26,13.26,13.1635,13.1635,4000,0
2016-06-28,18:50:00,13.2,13.26,13.2,13.26,1200,0
2016-06-28,18:55:00,13.14,13.2,13.12,13.2,1300,0
2016-06-28,19:00:00,13.14,13.14,13.06,13.07,1900,0
2016-06-28,19:05:00,13.045,13.11,13.045,13.11,983,0
2016-06-28,19:10:00,13.12,13.12,13.06,13.06,1199,0
2016-06-28,19:15:00,13.11,13.11,13.09,13.11,600,0
2016-06-28,19:20:00,13.13,13.14,13.08,13.08,1600,0
2016-06-28,19:25:00,13.08,13.11,13.055,13.07,5000,0
2016-06-28,19:30:00,13.08,13.11,13.08,13.1,500,0
2016-06-28,19:35:00,13.09,13.11,13.09,13.09,800,0
2016-06-28,19:40:00,13.11,13.12,13.09,13.12,1381,0
2016-06-28,19:45:00,13.11,13.14,13.11,13.14,800,0
2016-06-28,19:50:00,13.17,13.19,13.17,13.19,1200,0
2016-06-28,19:55:00,13.15,13.15,13.15,13.15,300,0
2016-06-28,20:00:00,13.14,13.15,13.14,13.15,400,0
2016-06-28,20:05:00,13.14,13.15,13.12,13.13,2500,0
2016-06-28,20:10:00,13.11,13.12,13.08,13.12,13700,0
2016-06-28,20:15:00,13.12,13.12,13.06,13.06,500,0
2016-06-28,20:20:00,13.07,13.13,13.07,13.09,1200,0
2016-06-28,20:25:00,13.11,13.11,13.03,13.03,400,0
2016-06-28,20:30:00,13.07,13.11,13.07,13.1,700,0
2016-06-28,20:35:00,13.07,13.14,13.07,13.11,2500,0
2016-06-28,20:40:00,13.14,13.19,13.14,13.17,800,0
2016-06-28,20:45:00,13.21,13.21,13.19,13.19,500,0
2016-06-28,20:50:00,13.19,13.19,13.19,13.19,400,0
2016-06-28,20:55:00,13.18,13.22,13.15,13.22,1300,0
2016-06-28,21:00:00,13.2,13.26,13.2,13.24,1200,0
2016-06-28,21:05:00,13.2,13.26,13.2,13.2,600,0
2016-06-28,21:10:00,13.21,13.26,13.2,13.26,4100,0
2016-06-28,21:15:00,13.27,13.3589,13.26,13.35,1800,0
2016-06-28,21:20:00,13.31,13.33,13.22,13.23,5580,0
2016-06-28,21:25:00,13.22,13.24,13.18,13.18,829,0
2016-06-28,21:30:00,13.18,13.21,13.15,13.21,1867,0
2016-06-28,21:35:00,13.21,13.23,13.19,13.23,3312,0
2016-06-28,21:40:00,13.22,13.27,13.22,13.26,4313,0
2016-06-28,21:45:00,13.26,13.3,13.26,13.2775,11168,0
2016-06-28,21:50:00,13.275,13.28,13.24,13.245,16435,0
2016-06-28,21:55:00,13.25,13.27,13.2,13.22,9033,0
2016-06-28,22:00:00,13.24,13.27,13.22,13.27,43166,0
2016-06-29,15:35:00,13.48,13.655,13.34,13.655,3058,0
2016-06-29,15:40:00,13.39,13.39,13.39,13.39,200,0
2016-06-29,15:45:00,13.5,13.5,13.5,13.5,800,0
2016-06-29,15:50:00,13.48,13.5,13.44,13.48,1973,0
2016-06-29,15:55:00,13.43,13.53,13.43,13.53,600,0
2016-06-29,16:00:00,13.59,13.74,13.59,13.74,1800,0
2016-06-29,16:05:00,13.79,13.79,13.61,13.63,1100,0
2016-06-29,16:10:00,13.72,13.72,13.62,13.7,1200,0
2016-06-29,16:15:00,13.71,13.725,13.64,13.67,900,0
2016-06-29,16:20:00,13.65,13.65,13.65,13.65,200,0
2016-06-29,16:25:00,13.67,13.67,13.665,13.665,800,0
2016-06-29,16:30:00,13.65,13.67,13.63,13.67,2572,0
2016-06-29,16:35:00,13.66,13.73,13.65,13.65,2500,0
2016-06-29,16:40:00,13.63,13.66,13.605,13.65,7600,0
2016-06-29,16:45:00,13.61,13.63,13.5301,13.56,3300,0
2016-06-29,16:50:00,13.55,13.56,13.52,13.53,4900,0
2016-06-29,16:55:00,13.56,13.56,13.53,13.55,2200,0
2016-06-29,17:00:00,13.52,13.52,13.43,13.52,1800,0
2016-06-29,17:05:00,13.52,13.55,13.52,13.53,700,0
2016-06-29,17:10:00,13.49,13.49,13.49,13.49,200,0
2016-06-29,17:15:00,13.5,13.55,13.5,13.55,700,0
2016-06-29,17:20:00,13.57,13.57,13.5,13.5,300,0
2016-06-29,17:25:00,13.53,13.55,13.53,13.54,1300,0
2016-06-29,17:30:00,13.55,13.59,13.5,13.5,2100,0
2016-06-29,17:35:00,13.53,13.53,13.51,13.53,600,0
2016-06-29,17:40:00,13.555,13.59,13.555,13.56,2900,0
2016-06-29,17:45:00,13.56,13.56,13.53,13.54,2600,0
2016-06-29,17:50:00,13.5,13.52,13.5,13.52,4202,0
2016-06-29,17:55:00,13.53,13.55,13.51,13.53,5100,0
2016-06-29,18:00:00,13.55,13.56,13.5201,13.53,3891,0
2016-06-29,18:05:00,13.54,13.58,13.52,13.56,10300,0
2016-06-29,18:10:00,13.57,13.61,13.57,13.58,8789,0
2016-06-29,18:15:00,13.58,13.61,13.58,13.61,16580,0
2016-06-29,18:20:00,13.61,13.61,13.6,13.6,4500,0
2016-06-29,18:25:00,13.6,13.61,13.59,13.6,2300,0
2016-06-29,18:30:00,13.6,13.61,13.59,13.61,2200,0
2016-06-29,18:35:00,13.58,13.58,13.58,13.58,200,0
2016-06-29,18:40:00,13.56,13.61,13.56,13.61,5799,0
2016-06-29,18:45:00,13.6,13.61,13.58,13.61,400,0
2016-06-29,18:50:00,13.62,13.63,13.62,13.62,1141,0
2016-06-29,18:55:00,13.63,13.66,13.63,13.66,5000,0
2016-06-29,19:00:00,13.67,13.73,13.645,13.645,9603,0
2016-06-29,19:05:00,13.64,13.67,13.63,13.65,18541,0
2016-06-29,19:10:00,13.65,13.67,13.65,13.67,500,0
2016-06-29,19:15:00,13.68,13.72,13.67,13.71,1449,0
2016-06-29,19:20:00,13.68,13.75,13.68,13.75,6590,0
2016-06-29,19:25:00,13.735,13.85,13.735,13.85,3527,0
2016-06-29,19:30:00,13.85,13.91,13.83,13.83,1400,0
2016-06-29,19:35:00,13.82,13.86,13.82,13.86,550,0
2016-06-29,19:40:00,13.87,13.87,13.84,13.84,300,0
2016-06-29,19:45:00,13.86,13.93,13.86,13.93,4714,0
2016-06-29,19:50:00,13.93,13.95,13.82,13.93,12020,0
2016-06-29,19:55:00,13.92,13.92,13.7945,13.87,4521,0
2016-06-29,20:00:00,13.84,13.9,13.84,13.89,3712,0
2016-06-29,20:05:00,13.88,13.94,13.88,13.94,3600,0
2016-06-29,20:10:00,13.94,13.94,13.905,13.93,3900,0
2016-06-29,20:15:00,13.9175,14,13.915,14,8130,0
2016-06-29,20:20:00,14,14,13.91,13.99,22222,0
2016-06-29,20:25:00,13.97,14.04,13.965,14.03,1800,0
2016-06-29,20:30:00,14.01,14.14,14.01,14.14,4991,0
2016-06-29,20:35:00,14.1899,14.2,14.13,14.18,1445,0
2016-06-29,20:40:00,14.17,14.24,14.11,14.24,6270,0
2016-06-29,20:45:00,14.2,14.31,14.2,14.29,6211,0
2016-06-29,20:50:00,14.25,14.33,14.22,14.2772,6929,0
2016-06-29,20:55:00,14.19,14.22,14.12,14.15,7002,0
2016-06-29,21:00:00,14.199,14.23,14.13,14.21,9077,0
2016-06-29,21:05:00,14.21,14.31,14.21,14.27,3900,0
2016-06-29,21:10:00,14.28,14.28,14.17,14.2,5000,0
2016-06-29,21:15:00,14.16,14.21,14.13,14.1306,7900,0
2016-06-29,21:20:00,14.11,14.11,14.06,14.0786,3820,0
2016-06-29,21:25:00,14.07,14.119,13.91,13.95,10945,0
2016-06-29,21:30:00,13.91,13.98,13.87,13.92,2800,0
2016-06-29,21:35:00,13.8786,13.98,13.8786,13.96,11271,0
2016-06-29,21:40:00,13.99,14,13.86,13.86,9440,0
2016-06-29,21:45:00,13.89,13.92,13.88,13.9,6365,0
2016-06-29,21:50:00,13.89,13.96,13.87,13.92,8351,0
2016-06-29,21:55:00,13.92,13.98,13.9,13.9,16999,0
2016-06-29,22:00:00,13.9,13.905,13.85,13.89,42474,0
2016-06-30,15:35:00,13.99,13.99,13.75,13.94,1870,0
2016-06-30,15:40:00,13.95,13.95,13.75,13.75,3300,0
2016-06-30,15:45:00,13.785,13.855,13.71,13.71,1580,0
2016-06-30,15:50:00,13.755,13.78,13.71,13.78,2200,0
2016-06-30,15:55:00,13.82,13.83,13.65,13.76,2259,0
2016-06-30,16:00:00,13.85,13.85,13.8,13.8,300,0
2016-06-30,16:05:00,13.8,13.8267,13.8,13.8267,500,0
2016-06-30,16:10:00,13.81,13.81,13.74,13.74,1485,0
2016-06-30,16:15:00,13.79,13.79,13.76,13.77,600,0
2016-06-30,16:20:00,13.78,13.87,13.74,13.74,1300,0
2016-06-30,16:25:00,13.75,13.77,13.6499,13.6499,8740,0
2016-06-30,16:30:00,13.66,13.77,13.66,13.69,1800,0
2016-06-30,16:35:00,13.72,13.85,13.72,13.85,3100,0
2016-06-30,16:40:00,13.81,13.82,13.75,13.81,5400,0
2016-06-30,16:45:00,13.79,13.9,13.76,13.86,9363,0
2016-06-30,16:50:00,13.86,13.89,13.8,13.81,12350,0
2016-06-30,16:55:00,13.84,13.89,13.835,13.84,5554,0
2016-06-30,17:00:00,13.82,13.8275,13.82,13.82,800,0
2016-06-30,17:05:00,13.81,13.84,13.79,13.84,1495,0
2016-06-30,17:10:00,13.9,13.96,13.9,13.95,1637,0
2016-06-30,17:15:00,13.98,14,13.9722,13.98,1661,0
2016-06-30,17:20:00,13.98,14.02,13.96,13.96,1100,0
2016-06-30,17:25:00,13.915,13.94,13.89,13.89,1600,0
2016-06-30,17:30:00,13.92,13.95,13.87,13.95,700,0
2016-06-30,17:35:00,14,14,13.93,13.93,500,0
2016-06-30,17:40:00,13.92,13.9275,13.9,13.9225,500,0
2016-06-30,17:50:00,13.88,13.925,13.87,13.925,1200,0
2016-06-30,17:55:00,13.945,13.96,13.945,13.96,300,0
2016-06-30,18:00:00,13.99,13.99,13.97,13.98,900,0
2016-06-30,18:05:00,13.96,13.97,13.95,13.95,400,0
2016-06-30,18:15:00,13.97,13.97,13.92,13.935,750,0
2016-06-30,18:20:00,13.93,13.95,13.92,13.92,400,0
2016-06-30,18:30:00,13.875,13.94,13.85,13.94,1100,0
2016-06-30,18:35:00,13.95,13.95,13.94,13.94,700,0
2016-06-30,18:45:00,13.94,13.94,13.91,13.93,1400,0
2016-06-30,18:55:00,13.95,13.97,13.95,13.95,700,0
2016-06-30,19:00:00,13.94,13.94,13.94,13.94,200,0
2016-06-30,19:05:00,13.94,13.94,13.89,13.89,400,0
2016-06-30,19:10:00,13.88,13.88,13.88,13.88,300,0
2016-06-30,19:15:00,13.87,13.8746,13.85,13.85,1700,0
2016-06-30,19:20:00,13.78,13.84,13.78,13.84,1300,0
2016-06-30,19:25:00,13.83,13.83,13.8,13.8,400,0
2016-06-30,19:30:00,13.73,13.75,13.7,13.75,2200,0
2016-06-30,19:35:00,13.75,13.75,13.71,13.71,300,0
2016-06-30,19:40:00,13.67,13.72,13.67,13.72,300,0
2016-06-30,19:45:00,13.72,13.72,13.69,13.69,800,0
2016-06-30,19:50:00,13.72,13.72,13.69,13.7,1000,0
2016-06-30,19:55:00,13.68,13.68,13.65,13.65,400,0
2016-06-30,20:00:00,13.63,13.65,13.61,13.65,3600,0
2016-06-30,20:05:00,13.67,13.675,13.65,13.65,700,0
2016-06-30,20:10:00,13.655,13.71,13.655,13.7,1100,0
2016-06-30,20:15:00,13.7,13.7,13.63,13.63,1500,0
2016-06-30,20:20:00,13.61,13.63,13.595,13.595,5465,0
2016-06-30,20:25:00,13.58,13.59,13.58,13.59,5200,0
2016-06-30,20:30:00,13.58,13.59,13.55,13.55,2980,0
2016-06-30,20:35:00,13.55,13.568,13.55,13.55,7275,0
2016-06-30,20:40:00,13.55,13.5675,13.55,13.56,1700,0
2016-06-30,20:50:00,13.55,13.56,13.55,13.55,2100,0
2016-06-30,20:55:00,13.55,13.55,13.52,13.52,2179,0
2016-06-30,21:00:00,13.52,13.52,13.51,13.51,300,0
2016-06-30,21:05:00,13.52,13.52,13.51,13.51,1680,0
2016-06-30,21:10:00,13.52,13.54,13.52,13.53,900,0
2016-06-30,21:15:00,13.55,13.56,13.53,13.54,1400,0
2016-06-30,21:20:00,13.525,13.53,13.445,13.49,2370,0
2016-06-30,21:25:00,13.5,13.52,13.5,13.5,1000,0
2016-06-30,21:30:00,13.53,13.58,13.53,13.55,6797,0
2016-06-30,21:35:00,13.55,13.57,13.53,13.555,2613,0
2016-06-30,21:40:00,13.55,13.605,13.54,13.55,9598,0
2016-06-30,21:45:00,13.55,13.56,13.53,13.53,5000,0
2016-06-30,21:50:00,13.52,13.55,13.505,13.55,2695,0
2016-06-30,21:55:00,13.57,13.6,13.54,13.54,12482,0
2016-06-30,22:00:00,13.53,13.61,13.52,13.6,55342,0
2016-07-01,15:35:00,13.54,13.54,13.54,13.54,1026,0
2016-07-01,15:45:00,13.61,13.67,13.6,13.67,821,0
2016-07-01,15:50:00,13.66,13.7525,13.66,13.745,2178,0
2016-07-01,15:55:00,13.73,13.745,13.65,13.65,1354,0
2016-07-01,16:00:00,13.62,13.63,13.56,13.61,1500,0
2016-07-01,16:05:00,13.64,13.67,13.57,13.645,4900,0
2016-07-01,16:10:00,13.61,13.665,13.54,13.54,1600,0
2016-07-01,16:15:00,13.57,13.65,13.57,13.64,4200,0
2016-07-01,16:20:00,13.62,13.7,13.61,13.62,4900,0
2016-07-01,16:25:00,13.66,13.66,13.62,13.62,1300,0
2016-07-01,16:30:00,13.64,13.655,13.62,13.62,2200,0
2016-07-01,16:35:00,13.65,13.65,13.56,13.57,4400,0
2016-07-01,16:40:00,13.6,13.66,13.6,13.62,4000,0
2016-07-01,16:45:00,13.655,13.655,13.57,13.63,3300,0
2016-07-01,16:50:00,13.66,13.6654,13.62,13.63,2800,0
2016-07-01,16:55:00,13.63,13.66,13.61,13.63,4280,0
2016-07-01,17:00:00,13.63,13.6488,13.57,13.58,4713,0
2016-07-01,17:05:00,13.625,13.65,13.625,13.63,2200,0
2016-07-01,17:10:00,13.64,13.64,13.61,13.61,1572,0
2016-07-01,17:15:00,13.61,13.62,13.57,13.57,2495,0
2016-07-01,17:20:00,13.61,13.62,13.52,13.52,2580,0
2016-07-01,17:25:00,13.5,13.59,13.49,13.565,3000,0
2016-07-01,17:30:00,13.53,13.56,13.46,13.53,1700,0
2016-07-01,17:35:00,13.58,13.59,13.55,13.575,2100,0
2016-07-01,17:40:00,13.59,13.61,13.5,13.5,1042,0
2016-07-01,17:45:00,13.52,13.56,13.5,13.56,4200,0
2016-07-01,17:50:00,13.55,13.57,13.51,13.51,1021,0
2016-07-01,17:55:00,13.54,13.6,13.54,13.57,3980,0
2016-07-01,18:00:00,13.595,13.68,13.58,13.64,3280,0
2016-07-01,18:05:00,13.64,13.67,13.61,13.61,3500,0
2016-07-01,18:10:00,13.58,13.665,13.56,13.585,2000,0
2016-07-01,18:15:00,13.56,13.69,13.56,13.64,1000,0
2016-07-01,18:20:00,13.66,13.67,13.62,13.62,5200,0
2016-07-01,18:25:00,13.59,13.63,13.55,13.61,1700,0
2016-07-01,18:30:00,13.64,13.64,13.53,13.57,4400,0
2016-07-01,18:40:00,13.58,13.58,13.5201,13.5201,700,0
2016-07-01,18:45:00,13.52,13.55,13.52,13.53,1100,0
2016-07-01,18:50:00,13.54,13.54,13.54,13.54,405,0
2016-07-01,18:55:00,13.51,13.51,13.47,13.5,1380,0
2016-07-01,19:00:00,13.54,13.54,13.52,13.54,500,0
2016-07-01,19:05:00,13.54,13.54,13.54,13.54,100,0
2016-07-01,19:10:00,13.55,13.56,13.48,13.48,1800,0
2016-07-01,19:15:00,13.51,13.51,13.48,13.48,400,0
2016-07-01,19:30:00,13.51,13.51,13.46,13.46,2480,0
2016-07-01,19:35:00,13.44,13.48,13.44,13.47,500,0
2016-07-01,19:40:00,13.52,13.52,13.38,13.38,2380,0
2016-07-01,19:45:00,13.38,13.49,13.38,13.46,1700,0
2016-07-01,19:50:00,13.47,13.47,13.42,13.43,2685,0
2016-07-01,19:55:00,13.43,13.44,13.43,13.43,300,0
2016-07-01,20:00:00,13.44,13.44,13.44,13.44,500,0
2016-07-01,20:05:00,13.42,13.49,13.42,13.45,700,0
2016-07-01,20:10:00,13.46,13.51,13.46,13.47,1300,0
2016-07-01,20:15:00,13.47,13.47,13.44,13.44,200,0
2016-07-01,20:20:00,13.43,13.45,13.43,13.44,400,0
2016-07-01,20:25:00,13.44,13.45,13.44,13.44,800,0
2016-07-01,20:30:00,13.47,13.5,13.47,13.48,1300,0
2016-07-01,20:35:00,13.49,13.49,13.44,13.44,1000,0
2016-07-01,20:40:00,13.48,13.48,13.43,13.44,900,0
2016-07-01,20:45:00,13.44,13.46,13.44,13.4501,500,0
2016-07-01,20:50:00,13.45,13.5,13.45,13.48,800,0
2016-07-01,20:55:00,13.49,13.5,13.42,13.44,5100,0
2016-07-01,21:00:00,13.46,13.51,13.45,13.51,1022,0
2016-07-01,21:05:00,13.53,13.59,13.53,13.56,2300,0
2016-07-01,21:10:00,13.5601,13.61,13.5601,13.58,2500,0
2016-07-01,21:15:00,13.57,13.57,13.56,13.56,900,0
2016-07-01,21:20:00,13.58,13.59,13.57,13.58,1300,0
2016-07-01,21:25:00,13.58,13.58,13.54,13.54,3929,0
2016-07-01,21:30:00,13.55,13.56,13.53,13.56,800,0
2016-07-01,21:35:00,13.55,13.56,13.53,13.55,3300,0
2016-07-01,21:40:00,13.56,13.62,13.56,13.56,4119,0
2016-07-01,21:45:00,13.57,13.625,13.57,13.62,3980,0
2016-07-01,21:50:00,13.61,13.62,13.56,13.62,2300,0
2016-07-01,21:55:00,13.63,13.65,13.61,13.63,5005,0
2016-07-01,22:00:00,13.62,13.65,13.6,13.62,27562,0
2016-07-05,15:35:00,13.64,13.71,13.26,13.64,5557,0
2016-07-05,15:40:00,13.61,13.685,13.58,13.685,687,0
2016-07-05,15:45:00,13.635,13.69,13.52,13.52,1731,0
2016-07-05,15:50:00,13.49,13.53,13.38,13.38,8600,0
2016-07-05,15:55:00,13.38,13.38,13.335,13.335,500,0
2016-07-05,16:00:00,13.2801,13.45,13.28,13.45,1045,0
2016-07-05,16:05:00,13.42,13.42,13.36,13.36,1000,0
2016-07-05,16:10:00,13.325,13.325,13.25,13.29,1700,0
2016-07-05,16:15:00,13.25,13.33,13.2,13.33,1100,0
2016-07-05,16:20:00,13.34,13.363,13.26,13.31,1600,0
2016-07-05,16:25:00,13.3,13.35,13.275,13.34,2900,0
2016-07-05,16:30:00,13.33,13.34,13.245,13.34,1689,0
2016-07-05,16:35:00,13.35,13.35,13.315,13.34,1300,0
2016-07-05,16:45:00,13.34,13.39,13.31,13.31,1980,0
2016-07-05,16:50:00,13.3,13.33,13.275,13.29,2660,0
2016-07-05,16:55:00,13.28,13.28,13.21,13.2758,2680,0
2016-07-05,17:00:00,13.205,13.24,13.18,13.24,800,0
2016-07-05,17:05:00,13.22,13.22,13.21,13.21,400,0
2016-07-05,17:10:00,13.21,13.26,13.21,13.26,800,0
2016-07-05,17:15:00,13.1801,13.2,13.1801,13.2,1643,0
2016-07-05,17:20:00,13.18,13.21,13.18,13.21,490,0
2016-07-05,17:25:00,13.23,13.23,13.19,13.2,600,0
2016-07-05,17:30:00,13.2,13.23,13.18,13.23,400,0
2016-07-05,17:35:00,13.19,13.23,13.19,13.19,800,0
2016-07-05,17:40:00,13.19,13.195,13.15,13.18,1000,0
2016-07-05,17:45:00,13.15,13.175,13.11,13.11,1600,0
2016-07-05,17:50:00,13.115,13.115,13.07,13.07,300,0
2016-07-05,17:55:00,13.035,13.035,13.01,13.01,200,0
2016-07-05,18:00:00,13,13.04,12.99,12.995,7389,0
2016-07-05,18:05:00,13,13.02,12.97,12.98,4886,0
2016-07-05,18:10:00,12.98,12.99,12.96,12.96,400,0
2016-07-05,18:15:00,12.96,12.96,12.96,12.96,100,0
2016-07-05,18:20:00,12.99,12.99,12.97,12.98,500,0
2016-07-05,18:25:00,12.99,13,12.99,12.99,1323,0
2016-07-05,18:30:00,13,13,12.99,12.99,4689,0
2016-07-05,18:35:00,13,13,12.99,12.99,1912,0
2016-07-05,18:40:00,12.995,13,12.95,12.967,2896,0
2016-07-05,18:45:00,12.93,12.93,12.88,12.915,1374,0
2016-07-05,18:50:00,12.93,13,12.915,13,1900,0
2016-07-05,18:55:00,13,13,12.9,12.9,6000,0
2016-07-05,19:00:00,12.95,12.97,12.95,12.97,1400,0
2016-07-05,19:05:00,12.98,12.99,12.98,12.99,700,0
2016-07-05,19:10:00,12.97,12.9701,12.97,12.9701,1100,0
2016-07-05,19:15:00,12.95,12.97,12.95,12.97,1125,0
2016-07-05,19:20:00,12.94,12.94,12.93,12.9381,1100,0
2016-07-05,19:25:00,12.96,12.96,12.92,12.92,1400,0
2016-07-05,19:30:00,12.92,13,12.92,12.97,26789,0
2016-07-05,19:35:00,12.97,12.97,12.93,12.97,1200,0
2016-07-05,19:40:00,12.95,12.97,12.945,12.96,800,0
2016-07-05,19:45:00,12.96,12.96,12.92,12.93,2000,0
2016-07-05,19:50:00,12.94,12.94,12.91,12.93,500,0
2016-07-05,19:55:00,12.92,12.925,12.9,12.9,1987,0
2016-07-05,20:00:00,12.9,12.91,12.9,12.91,500,0
2016-07-05,20:05:00,12.94,12.94,12.9,12.9,820,0
2016-07-05,20:10:00,12.94,12.94,12.94,12.94,400,0
2016-07-05,20:15:00,12.94,12.97,12.94,12.96,1800,0
2016-07-05,20:20:00,12.98,13,12.96,12.96,3100,0
2016-07-05,20:25:00,12.97,12.98,12.95,12.9699,2900,0
2016-07-05,20:30:00,12.96,12.99,12.96,12.99,1100,0
2016-07-05,20:35:00,12.99,12.99,12.99,12.99,100,0
2016-07-05,20:40:00,12.99,12.99,12.98,12.98,500,0
2016-07-05,20:45:00,12.96,12.98,12.96,12.96,1100,0
2016-07-05,20:50:00,12.98,12.98,12.95,12.95,900,0
2016-07-05,20:55:00,12.92,12.92,12.9,12.9,200,0
2016-07-05,21:00:00,12.92,12.97,12.92,12.97,1100,0
2016-07-05,21:05:00,12.98,13,12.98,12.99,7800,0
2016-07-05,21:10:00,12.99,12.99,12.9599,12.98,2018,0
2016-07-05,21:15:00,13,13,12.98,12.98,6349,0
2016-07-05,21:20:00,12.99,12.99,12.99,12.99,100,0
2016-07-05,21:25:00,12.99,13.01,12.99,13.01,2200,0
2016-07-05,21:30:00,13,13.02,12.98,13,5500,0
2016-07-05,21:35:00,13.0075,13.02,13,13,14221,0
2016-07-05,21:40:00,13.02,13.02,12.99,13,6746,0
2016-07-05,21:45:00,13,13,12.995,13,7518,0
2016-07-05,21:50:00,13,13,12.995,13,2060,0
2016-07-05,21:55:00,12.99,12.995,12.94,12.95,6826,0
2016-07-05,22:00:00,12.95,12.95,12.89,12.91,15130,0
2016-07-06,15:35:00,12.78,12.81,12.68,12.81,1082,0
2016-07-06,15:40:00,12.79,12.79,12.67,12.67,900,0
2016-07-06,15:45:00,12.66,12.66,12.6072,12.65,825,0
2016-07-06,15:50:00,12.69,12.75,12.69,12.75,2950,0
2016-07-06,15:55:00,12.78,12.85,12.75,12.85,500,0
2016-07-06,16:00:00,12.86,12.99,12.81,12.81,2200,0
2016-07-06,16:05:00,12.76,12.99,12.76,12.95,4520,0
2016-07-06,16:10:00,12.91,12.91,12.85,12.85,2500,0
2016-07-06,16:15:00,12.82,12.86,12.81,12.83,700,0
2016-07-06,16:20:00,12.83,12.86,12.78,12.85,3900,0
2016-07-06,16:25:00,12.85,13.06,12.85,12.94,25944,0
2016-07-06,16:30:00,12.9,13,12.88,12.97,1400,0
2016-07-06,16:35:00,12.92,12.92,12.86,12.86,1000,0
2016-07-06,16:40:00,12.85,12.95,12.85,12.95,800,0
2016-07-06,16:45:00,12.91,12.97,12.91,12.93,900,0
2016-07-06,16:50:00,12.92,12.97,12.85,12.97,1900,0
2016-07-06,16:55:00,12.95,12.96,12.92,12.93,2700,0
2016-07-06,17:00:00,12.92,12.92,12.78,12.82,2000,0
2016-07-06,17:05:00,12.92,12.94,12.92,12.94,500,0
2016-07-06,17:10:00,12.92,12.97,12.89,12.97,2400,0
2016-07-06,17:15:00,12.97,13,12.95,12.95,3432,0
2016-07-06,17:20:00,12.9301,12.94,12.88,12.88,1000,0
2016-07-06,17:25:00,12.91,12.91,12.86,12.9091,700,0
2016-07-06,17:30:00,12.885,12.885,12.85,12.86,800,0
2016-07-06,17:35:00,12.81,12.84,12.7813,12.7813,2030,0
2016-07-06,17:40:00,12.76,12.76,12.73,12.73,1480,0
2016-07-06,17:45:00,12.73,12.73,12.72,12.72,400,0
2016-07-06,17:50:00,12.73,12.77,12.73,12.76,2800,0
2016-07-06,17:55:00,12.76,12.78,12.7399,12.78,2800,0
2016-07-06,18:00:00,12.8,12.84,12.78,12.84,1945,0
2016-07-06,18:05:00,12.87,12.9,12.87,12.9,500,0
2016-07-06,18:10:00,12.93,12.95,12.9,12.94,1300,0
2016-07-06,18:15:00,12.92,12.93,12.91,12.93,400,0
2016-07-06,18:20:00,12.91,12.92,12.9,12.92,1100,0
2016-07-06,18:25:00,12.92,12.93,12.88,12.89,900,0
2016-07-06,18:30:00,12.89,12.9,12.88,12.895,900,0
2016-07-06,18:35:00,12.87,12.87,12.87,12.87,200,0
2016-07-06,18:40:00,12.87,12.905,12.87,12.905,1800,0
2016-07-06,18:45:00,12.95,12.96,12.91,12.91,2800,0
2016-07-06,18:50:00,12.89,12.89,12.85,12.85,895,0
2016-07-06,18:55:00,12.83,12.86,12.83,12.86,1100,0
2016-07-06,19:00:00,12.8701,12.9,12.8701,12.9,900,0
2016-07-06,19:05:00,12.92,12.95,12.92,12.94,1200,0
2016-07-06,19:10:00,12.89,12.94,12.89,12.93,900,0
2016-07-06,19:15:00,12.9372,12.96,12.9372,12.95,1114,0
2016-07-06,19:20:00,12.94,12.96,12.94,12.96,1400,0
2016-07-06,19:25:00,12.94,12.94,12.87,12.87,900,0
2016-07-06,19:30:00,12.87,12.89,12.87,12.89,1000,0
2016-07-06,19:35:00,12.91,12.93,12.91,12.92,465,0
2016-07-06,19:40:00,12.92,12.94,12.92,12.94,400,0
2016-07-06,19:45:00,12.95,12.96,12.91,12.91,2800,0
2016-07-06,19:50:00,12.92,12.93,12.88,12.93,1200,0
2016-07-06,19:55:00,12.91,12.91,12.9,12.9,700,0
2016-07-06,20:00:00,12.89,12.8901,12.84,12.84,2300,0
2016-07-06,20:05:00,12.81,12.85,12.81,12.85,965,0
2016-07-06,20:10:00,12.86,12.87,12.843,12.85,2348,0
2016-07-06,20:15:00,12.88,12.88,12.87,12.87,2100,0
2016-07-06,20:20:00,12.85,12.85,12.81,12.83,1565,0
2016-07-06,20:25:00,12.85,12.87,12.85,12.87,600,0
2016-07-06,20:30:00,12.85,12.85,12.81,12.82,1395,0
2016-07-06,20:40:00,12.85,12.87,12.8403,12.87,1507,0
2016-07-06,20:45:00,12.83,12.85,12.83,12.83,700,0
2016-07-06,20:50:00,12.84,12.86,12.84,12.85,1300,0
2016-07-06,20:55:00,12.84,12.87,12.84,12.87,500,0
2016-07-06,21:00:00,12.89,12.91,12.89,12.91,1500,0
2016-07-06,21:05:00,12.91,12.91,12.87,12.87,1700,0
2016-07-06,21:10:00,12.875,12.9,12.87,12.9,1700,0
2016-07-06,21:15:00,12.88,12.89,12.87,12.88,1745,0
2016-07-06,21:20:00,12.87,12.87,12.84,12.87,2600,0
2016-07-06,21:25:00,12.86,12.865,12.845,12.865,2450,0
2016-07-06,21:30:00,12.85,12.86,12.84,12.85,1700,0
2016-07-06,21:35:00,12.84,12.86,12.84,12.86,2400,0
2016-07-06,21:40:00,12.87,12.94,12.86,12.94,4164,0
2016-07-06,21:45:00,12.95,12.955,12.91,12.915,7317,0
2016-07-06,21:50:00,12.92,12.95,12.91,12.92,3292,0
2016-07-06,21:55:00,12.91,12.95,12.91,12.95,5500,0
2016-07-06,22:00:00,12.95,12.96,12.91,12.92,33820,0
2016-07-07,15:35:00,13,13,12.99,13,1342,0
2016-07-07,15:40:00,13,13.1,13,13.03,2100,0
2016-07-07,15:45:00,13.085,13.16,13.075,13.12,4053,0
2016-07-07,15:50:00,13.12,13.275,13.12,13.275,1600,0
2016-07-07,15:55:00,13.28,13.3052,13.21,13.21,3200,0
2016-07-07,16:00:00,13.285,13.2974,12.99,12.99,5900,0
2016-07-07,16:05:00,12.99,13.0686,12.95,12.98,2200,0
2016-07-07,16:10:00,12.935,13.03,12.935,12.95,2500,0
2016-07-07,16:15:00,12.97,13,12.96,12.96,700,0
2016-07-07,16:20:00,12.97,13.02,12.97,13,1200,0
2016-07-07,16:25:00,13,13,12.94,12.9983,1400,0
2016-07-07,16:30:00,12.94,12.98,12.94,12.98,1700,0
2016-07-07,16:35:00,12.99,12.99,12.93,12.93,1200,0
2016-07-07,16:40:00,12.96,12.99,12.96,12.98,1300,0
2016-07-07,16:45:00,12.97,13,12.97,12.97,1000,0
2016-07-07,16:50:00,12.96,12.96,12.88,12.89,1100,0
2016-07-07,16:55:00,12.89,12.94,12.89,12.94,1100,0
2016-07-07,17:00:00,12.97,12.97,12.84,12.84,3600,0
2016-07-07,17:05:00,12.84,12.86,12.78,12.78,3180,0
2016-07-07,17:10:00,12.77,12.88,12.76,12.87,2200,0
2016-07-07,17:15:00,12.855,12.88,12.84,12.87,1700,0
2016-07-07,17:20:00,12.86,12.93,12.86,12.86,1700,0
2016-07-07,17:25:00,12.85,12.87,12.83,12.845,1800,0
2016-07-07,17:30:00,12.84,12.84,12.76,12.77,900,0
2016-07-07,17:35:00,12.79,12.84,12.79,12.81,2800,0
2016-07-07,17:40:00,12.82,12.87,12.815,12.87,1607,0
2016-07-07,17:45:00,12.88,12.88,12.83,12.83,1929,0
2016-07-07,17:50:00,12.84,12.84,12.72,12.72,1000,0
2016-07-07,17:55:00,12.72,12.74,12.71,12.71,1900,0
2016-07-07,18:00:00,12.68,12.73,12.66,12.73,2800,0
2016-07-07,18:05:00,12.74,12.75,12.72,12.74,1800,0
2016-07-07,18:10:00,12.76,12.79,12.74,12.74,1300,0
2016-07-07,18:15:00,12.72,12.7599,12.72,12.72,1200,0
2016-07-07,18:20:00,12.73,12.75,12.73,12.74,1500,0
2016-07-07,18:25:00,12.74,12.74,12.71,12.71,700,0
2016-07-07,18:30:00,12.69,12.69,12.59,12.6501,3905,0
2016-07-07,18:35:00,12.65,12.7,12.65,12.7,400,0
2016-07-07,18:40:00,12.6901,12.72,12.6901,12.71,2100,0
2016-07-07,18:45:00,12.72,12.72,12.69,12.7,800,0
2016-07-07,18:50:00,12.7,12.7,12.69,12.69,800,0
2016-07-07,18:55:00,12.63,12.63,12.54,12.55,2200,0
2016-07-07,19:00:00,12.56,12.62,12.56,12.62,2000,0
2016-07-07,19:05:00,12.62,12.62,12.55,12.55,1200,0
2016-07-07,19:10:00,12.57,12.59,12.57,12.5899,700,0
2016-07-07,19:15:00,12.57,12.58,12.57,12.58,1400,0
2016-07-07,19:20:00,12.59,12.6,12.59,12.6,1000,0
2016-07-07,19:25:00,12.595,12.63,12.58,12.63,2700,0
2016-07-07,19:30:00,12.65,12.73,12.65,12.73,2500,0
2016-07-07,19:35:00,12.75,12.75,12.73,12.73,1100,0
2016-07-07,19:40:00,12.73,12.74,12.7,12.7,1100,0
2016-07-07,19:45:00,12.67,12.68,12.67,12.68,1900,0
2016-07-07,19:50:00,12.67,12.67,12.66,12.66,1400,0
2016-07-07,19:55:00,12.64,12.66,12.63,12.63,1600,0
2016-07-07,20:00:00,12.65,12.72,12.65,12.71,2668,0
2016-07-07,20:05:00,12.71,12.71,12.68,12.68,1500,0
2016-07-07,20:10:00,12.7,12.7097,12.68,12.68,1700,0
2016-07-07,20:15:00,12.66,12.66,12.64,12.64,200,0
2016-07-07,20:20:00,12.65,12.67,12.62,12.67,3200,0
2016-07-07,20:25:00,12.69,12.75,12.69,12.69,1293,0
2016-07-07,20:30:00,12.67,12.69,12.67,12.69,1300,0
2016-07-07,20:35:00,12.69,12.69,12.65,12.69,4967,0
2016-07-07,20:40:00,12.7,12.8,12.7,12.79,2300,0
2016-07-07,20:45:00,12.78,12.78,12.76,12.76,400,0
2016-07-07,20:50:00,12.73,12.76,12.73,12.75,1600,0
2016-07-07,20:55:00,12.77,12.78,12.74,12.76,1600,0
2016-07-07,21:00:00,12.77,12.77,12.69,12.72,1800,0
2016-07-07,21:05:00,12.74,12.74,12.73,12.73,1100,0
2016-07-07,21:10:00,12.74,12.85,12.74,12.85,2000,0
2016-07-07,21:15:00,12.86,12.86,12.82,12.84,3000,0
2016-07-07,21:20:00,12.86,12.88,12.86,12.88,600,0
2016-07-07,21:25:00,12.88,12.88,12.83,12.83,2200,0
2016-07-07,21:30:00,12.85,12.85,12.79,12.815,2600,0
2016-07-07,21:35:00,12.83,12.85,12.83,12.84,1600,0
2016-07-07,21:40:00,12.84,12.85,12.8,12.81,5505,0
2016-07-07,21:45:00,12.82,12.89,12.82,12.88,4400,0
2016-07-07,21:50:00,12.9,12.92,12.87,12.87,3200,0
2016-07-07,21:55:00,12.88,12.91,12.8,12.85,8743,0
2016-07-07,22:00:00,12.84,12.86,12.83,12.85,24020,0
2016-07-08,15:35:00,12.89,13.05,12.81,12.81,2585,0
2016-07-08,15:40:00,12.97,13,12.85,13,2500,0
2016-07-08,15:45:00,12.93,12.93,12.93,12.93,200,0
2016-07-08,15:50:00,12.92,12.92,12.85,12.9,3400,0
2016-07-08,15:55:00,12.91,12.91,12.88,12.88,700,0
2016-07-08,16:00:00,12.87,12.87,12.8,12.829,1100,0
2016-07-08,16:05:00,12.82,12.82,12.82,12.82,200,0
2016-07-08,16:10:00,12.85,12.85,12.79,12.83,2600,0
2016-07-08,16:15:00,12.85,12.855,12.85,12.855,400,0
2016-07-08,16:20:00,12.84,12.85,12.82,12.85,1000,0
2016-07-08,16:25:00,12.83,12.85,12.72,12.84,3500,0
2016-07-08,16:30:00,12.88,12.94,12.88,12.93,1300,0
2016-07-08,16:35:00,12.94,13,12.88,12.9,5669,0
2016-07-08,16:40:00,12.91,13,12.91,12.985,3500,0
2016-07-08,16:45:00,13,13.04,13,13.01,1000,0
2016-07-08,16:50:00,13.05,13.085,13.04,13.085,2000,0
2016-07-08,16:55:00,13.07,13.08,13.02,13.067,2300,0
2016-07-08,17:00:00,13.05,13.075,13.05,13.05,900,0
2016-07-08,17:05:00,13.07,13.07,13.01,13.04,600,0
2016-07-08,17:10:00,13.06,13.06,13.05,13.05,1500,0
2016-07-08,17:15:00,13.05,13.06,13.03,13.06,1200,0
2016-07-08,17:20:00,13.05,13.07,13.0401,13.06,2100,0
2016-07-08,17:25:00,13.095,13.17,13.095,13.17,900,0
2016-07-08,17:30:00,13.19,13.225,13.19,13.21,3805,0
2016-07-08,17:35:00,13.22,13.22,13.11,13.11,1800,0
2016-07-08,17:40:00,13.11,13.15,13.09,13.15,1100,0
2016-07-08,17:45:00,13.17,13.2,13.17,13.195,1500,0
2016-07-08,17:50:00,13.215,13.215,13.2,13.2,1200,0
2016-07-08,17:55:00,13.215,13.215,13.19,13.2099,700,0
2016-07-08,18:00:00,13.2,13.24,13.2,13.215,1980,0
2016-07-08,18:05:00,13.225,13.26,13.19,13.2,3725,0
2016-07-08,18:10:00,13.21,13.22,13.16,13.17,2300,0
2016-07-08,18:15:00,13.17,13.18,13.15,13.18,2602,0
2016-07-08,18:20:00,13.13,13.21,13.13,13.21,2450,0
2016-07-08,18:25:00,13.19,13.2065,13.175,13.2065,900,0
2016-07-08,18:30:00,13.2,13.21,13.2,13.2,400,0
2016-07-08,18:35:00,13.215,13.24,13.2,13.225,2680,0
2016-07-08,18:40:00,13.255,13.26,13.23,13.26,900,0
2016-07-08,18:45:00,13.26,13.29,13.26,13.273,500,0
2016-07-08,18:50:00,13.3,13.3,13.27,13.275,800,0
2016-07-08,18:55:00,13.28,13.315,13.27,13.315,1100,0
2016-07-08,19:00:00,13.32,13.32,13.27,13.27,1100,0
2016-07-08,19:05:00,13.27,13.3,13.27,13.3,1300,0
2016-07-08,19:10:00,13.29,13.29,13.27,13.28,800,0
2016-07-08,19:15:00,13.29,13.31,13.29,13.31,400,0
2016-07-08,19:20:00,13.312,13.315,13.28,13.29,1700,0
2016-07-08,19:25:00,13.3,13.37,13.3,13.37,2179,0
2016-07-08,19:30:00,13.3752,13.38,13.365,13.38,400,0
2016-07-08,19:35:00,13.37,13.37,13.36,13.37,668,0
2016-07-08,19:40:00,13.36,13.36,13.36,13.36,300,0
2016-07-08,19:45:00,13.36,13.38,13.33,13.33,3500,0
2016-07-08,19:50:00,13.3231,13.375,13.3001,13.375,1400,0
2016-07-08,19:55:00,13.375,13.38,13.36,13.36,1200,0
2016-07-08,20:00:00,13.35,13.35,13.32,13.32,1100,0
2016-07-08,20:05:00,13.315,13.315,13.27,13.275,1300,0
2016-07-08,20:10:00,13.2684,13.36,13.255,13.36,3574,0
2016-07-08,20:15:00,13.38,13.38,13.37,13.375,1200,0
2016-07-08,20:20:00,13.375,13.39,13.3,13.3,1600,0
2016-07-08,20:25:00,13.3,13.37,13.3,13.36,7100,0
2016-07-08,20:30:00,13.34,13.42,13.23,13.23,11700,0
2016-07-08,20:35:00,13.27,13.34,13.27,13.29,1300,0
2016-07-08,20:40:00,13.3,13.34,13.3,13.31,1300,0
2016-07-08,20:45:00,13.32,13.32,13.25,13.26,1500,0
2016-07-08,20:50:00,13.29,13.3,13.25,13.25,1366,0
2016-07-08,20:55:00,13.26,13.29,13.26,13.27,1300,0
2016-07-08,21:00:00,13.29,13.3,13.22,13.22,2100,0
2016-07-08,21:05:00,13.23,13.23,13.21,13.22,1100,0
2016-07-08,21:10:00,13.22,13.23,13.21,13.22,1100,0
2016-07-08,21:15:00,13.24,13.26,13.23,13.24,1700,0
2016-07-08,21:20:00,13.24,13.24,13.22,13.22,1600,0
2016-07-08,21:25:00,13.21,13.21,13.19,13.21,1200,0
2016-07-08,21:30:00,13.2,13.22,13.17,13.17,2739,0
2016-07-08,21:35:00,13.16,13.21,13.16,13.21,1100,0
2016-07-08,21:40:00,13.22,13.23,13.2,13.23,3000,0
2016-07-08,21:45:00,13.23,13.3,13.23,13.235,4089,0
2016-07-08,21:50:00,13.24,13.24,13.21,13.21,3000,0
2016-07-08,21:55:00,13.225,13.31,13.225,13.29,5700,0
2016-07-08,22:00:00,13.28,13.31,13.26,13.29,24146,0
