Date,Time,Open,High,Low,Close,Volume,OpenInt
2016-06-22,15:35:00,5.64,5.65,5.61,5.61,6020,0
2016-06-22,15:40:00,5.58,5.58,5.53,5.55,10819,0
2016-06-22,15:45:00,5.55,5.55,5.53,5.54,900,0
2016-06-22,15:50:00,5.53,5.56,5.51,5.52,12876,0
2016-06-22,15:55:00,5.52,5.53,5.5099,5.51,6013,0
2016-06-22,16:00:00,5.52,5.52,5.49,5.49,20296,0
2016-06-22,16:05:00,5.49,5.53,5.49,5.51,4300,0
2016-06-22,16:10:00,5.49,5.51,5.48,5.505,13791,0
2016-06-22,16:15:00,5.51,5.54,5.51,5.5399,3174,0
2016-06-22,16:20:00,5.53,5.53,5.49,5.51,9700,0
2016-06-22,16:25:00,5.51,5.51,5.51,5.51,1892,0
2016-06-22,16:30:00,5.51,5.54,5.5,5.5299,12478,0
2016-06-22,16:35:00,5.51,5.79,5.51,5.79,29801,0
2016-06-22,16:40:00,5.79,5.85,5.71,5.73,12805,0
2016-06-22,16:45:00,5.74,5.81,5.71,5.8,7633,0
2016-06-22,16:50:00,5.8,5.87,5.775,5.87,11500,0
2016-06-22,16:55:00,5.88,5.91,5.8601,5.8601,10150,0
2016-06-22,17:00:00,5.86,5.86,5.82,5.82,6200,0
2016-06-22,17:05:00,5.82,5.86,5.82,5.85,4000,0
2016-06-22,17:10:00,5.845,5.845,5.81,5.84,20405,0
2016-06-22,17:15:00,5.85,5.86,5.83,5.83,2500,0
2016-06-22,17:20:00,5.81,5.85,5.81,5.85,3000,0
2016-06-22,17:25:00,5.85,5.85,5.81,5.81,1400,0
2016-06-22,17:30:00,5.805,5.815,5.8,5.815,4000,0
2016-06-22,17:35:00,5.81,5.81,5.76,5.765,13150,0
2016-06-22,17:40:00,5.77,5.785,5.751,5.76,27493,0
2016-06-22,17:45:00,5.76,5.76,5.72,5.75,2000,0
2016-06-22,17:50:00,5.75,5.75,5.72,5.72,400,0
2016-06-22,17:55:00,5.72,5.73,5.72,5.73,1200,0
2016-06-22,18:00:00,5.73,5.7499,5.73,5.73,4600,0
2016-06-22,18:05:00,5.735,5.735,5.7,5.7,2595,0
2016-06-22,18:10:00,5.7,5.7001,5.7,5.7,7000,0
2016-06-22,18:15:00,5.7,5.71,5.7,5.71,1200,0
2016-06-22,18:20:00,5.71,5.71,5.69,5.69,300,0
2016-06-22,18:25:00,5.7,5.71,5.66,5.66,1710,0
2016-06-22,18:30:00,5.6599,5.69,5.65,5.68,8402,0
2016-06-22,18:35:00,5.67,5.68,5.66,5.68,2900,0
2016-06-22,18:40:00,5.68,5.68,5.66,5.66,4399,0
2016-06-22,18:45:00,5.6482,5.6482,5.61,5.61,2200,0
2016-06-22,18:50:00,5.61,5.62,5.6089,5.62,3500,0
2016-06-22,18:55:00,5.62,5.63,5.62,5.6299,1900,0
2016-06-22,19:00:00,5.62,5.65,5.62,5.65,5535,0
2016-06-22,19:05:00,5.64,5.64,5.6185,5.64,3500,0
2016-06-22,19:10:00,5.64,5.64,5.61,5.62,5400,0
2016-06-22,19:15:00,5.61,5.62,5.6,5.62,2015,0
2016-06-22,19:20:00,5.64,5.65,5.61,5.61,1571,0
2016-06-22,19:25:00,5.61,5.63,5.61,5.61,2000,0
2016-06-22,19:30:00,5.61,5.6397,5.6,5.63,7207,0
2016-06-22,19:35:00,5.62,5.63,5.62,5.63,1300,0
2016-06-22,19:40:00,5.63,5.64,5.62,5.64,6000,0
2016-06-22,19:45:00,5.65,5.65,5.64,5.64,1100,0
2016-06-22,19:50:00,5.65,5.67,5.64,5.67,2800,0
2016-06-22,19:55:00,5.66,5.68,5.66,5.67,2500,0
2016-06-22,20:00:00,5.67,5.68,5.655,5.665,3400,0
2016-06-22,20:05:00,5.66,5.66,5.65,5.66,1300,0
2016-06-22,20:10:00,5.66,5.6601,5.655,5.66,7820,0
2016-06-22,20:15:00,5.66,5.66,5.64,5.64,1888,0
2016-06-22,20:20:00,5.65,5.65,5.65,5.65,2475,0
2016-06-22,20:25:00,5.65,5.65,5.63,5.64,1200,0
2016-06-22,20:30:00,5.63,5.64,5.63,5.64,600,0
2016-06-22,20:35:00,5.64,5.64,5.63,5.6399,5600,0
2016-06-22,20:40:00,5.63,5.635,5.63,5.63,4300,0
2016-06-22,20:45:00,5.63,5.65,5.63,5.64,1400,0
2016-06-22,20:50:00,5.645,5.65,5.63,5.64,1900,0
2016-06-22,20:55:00,5.64,5.64,5.63,5.63,1100,0
2016-06-22,21:00:00,5.64,5.65,5.64,5.64,4400,0
2016-06-22,21:05:00,5.65,5.67,5.64,5.66,10464,0
2016-06-22,21:10:00,5.67,5.67,5.67,5.67,1787,0
2016-06-22,21:15:00,5.6693,5.6693,5.65,5.65,2627,0
2016-06-22,21:20:00,5.65,5.65,5.64,5.65,1700,0
2016-06-22,21:25:00,5.6416,5.6416,5.62,5.62,5500,0
2016-06-22,21:30:00,5.63,5.64,5.63,5.631,3550,0
2016-06-22,21:35:00,5.63,5.6316,5.625,5.63,2800,0
2016-06-22,21:40:00,5.625,5.63,5.62,5.63,4400,0
2016-06-22,21:45:00,5.63,5.64,5.63,5.64,5663,0
2016-06-22,21:50:00,5.64,5.65,5.6216,5.6216,12486,0
2016-06-22,21:55:00,5.63,5.635,5.62,5.62,13027,0
2016-06-22,22:00:00,5.62,5.64,5.62,5.63,31987,0
2016-06-23,15:35:00,5.73,5.76,5.67,5.75,14009,0
2016-06-23,15:40:00,5.74,5.74,5.7,5.74,6818,0
2016-06-23,15:45:00,5.71,5.71,5.66,5.69,1702,0
2016-06-23,15:50:00,5.69,5.73,5.68,5.72,5998,0
2016-06-23,15:55:00,5.72,5.75,5.71,5.71,4787,0
2016-06-23,16:00:00,5.71,5.76,5.71,5.76,5762,0
2016-06-23,16:05:00,5.77,5.82,5.7685,5.82,20285,0
2016-06-23,16:10:00,5.8115,5.83,5.8,5.82,3200,0
2016-06-23,16:15:00,5.8,5.81,5.75,5.77,29748,0
2016-06-23,16:20:00,5.7699,5.78,5.75,5.78,4248,0
2016-06-23,16:25:00,5.77,5.78,5.76,5.77,4325,0
2016-06-23,16:30:00,5.76,5.77,5.76,5.76,5810,0
2016-06-23,16:35:00,5.75,5.75,5.72,5.72,5000,0
2016-06-23,16:40:00,5.72,5.72,5.7,5.7061,1200,0
2016-06-23,16:45:00,5.71,5.71,5.7,5.705,600,0
2016-06-23,16:50:00,5.7,5.7,5.68,5.68,1700,0
2016-06-23,16:55:00,5.68,5.71,5.68,5.71,7732,0
2016-06-23,17:00:00,5.7,5.71,5.7,5.71,800,0
2016-06-23,17:05:00,5.7,5.7,5.695,5.7,3200,0
2016-06-23,17:10:00,5.695,5.71,5.695,5.71,3400,0
2016-06-23,17:15:00,5.71,5.725,5.705,5.725,5700,0
2016-06-23,17:20:00,5.73,5.74,5.725,5.74,4700,0
2016-06-23,17:25:00,5.73,5.74,5.72,5.74,1000,0
2016-06-23,17:30:00,5.74,5.75,5.735,5.75,1800,0
2016-06-23,17:35:00,5.75,5.77,5.75,5.77,1900,0
2016-06-23,17:40:00,5.77,5.78,5.76,5.77,4400,0
2016-06-23,17:45:00,5.77,5.77,5.75,5.76,1200,0
2016-06-23,17:50:00,5.76,5.78,5.76,5.78,1818,0
2016-06-23,17:55:00,5.77,5.79,5.77,5.77,1800,0
2016-06-23,18:00:00,5.77,5.77,5.76,5.76,1300,0
2016-06-23,18:05:00,5.76,5.77,5.76,5.76,2600,0
2016-06-23,18:10:00,5.769,5.8,5.765,5.8,2800,0
2016-06-23,18:15:00,5.79,5.81,5.79,5.81,2400,0
2016-06-23,18:20:00,5.805,5.83,5.805,5.82,3610,0
2016-06-23,18:25:00,5.8238,5.83,5.81,5.81,1100,0
2016-06-23,18:30:00,5.815,5.815,5.79,5.8,1600,0
2016-06-23,18:35:00,5.7999,5.8,5.793,5.8,2800,0
2016-06-23,18:40:00,5.8,5.8,5.796,5.8,1000,0
2016-06-23,18:45:00,5.8,5.81,5.79,5.8,3500,0
2016-06-23,18:50:00,5.8,5.81,5.7893,5.805,3905,0
2016-06-23,18:55:00,5.806,5.82,5.806,5.82,5700,0
2016-06-23,19:00:00,5.82,5.82,5.81,5.81,200,0
2016-06-23,19:05:00,5.8155,5.82,5.81,5.82,3100,0
2016-06-23,19:10:00,5.82,5.82,5.81,5.82,400,0
2016-06-23,19:15:00,5.82,5.82,5.81,5.82,1800,0
2016-06-23,19:20:00,5.82,5.83,5.8101,5.83,2916,0
2016-06-23,19:25:00,5.83,5.85,5.83,5.85,7000,0
2016-06-23,19:30:00,5.85,5.85,5.83,5.84,4900,0
2016-06-23,19:35:00,5.83,5.83,5.82,5.83,4100,0
2016-06-23,19:40:00,5.8225,5.83,5.8225,5.8265,375,0
2016-06-23,19:45:00,5.83,5.84,5.83,5.84,2193,0
2016-06-23,19:50:00,5.83,5.835,5.83,5.83,300,0
2016-06-23,19:55:00,5.83,5.84,5.83,5.84,900,0
2016-06-23,20:00:00,5.83,5.83,5.83,5.83,300,0
2016-06-23,20:05:00,5.835,5.84,5.83,5.835,1700,0
2016-06-23,20:10:00,5.83,5.84,5.83,5.84,800,0
2016-06-23,20:15:00,5.84,5.85,5.84,5.8456,12610,0
2016-06-23,20:20:00,5.85,5.85,5.85,5.85,400,0
2016-06-23,20:25:00,5.84,5.85,5.83,5.85,5740,0
2016-06-23,20:30:00,5.85,5.87,5.845,5.87,17697,0
2016-06-23,20:35:00,5.87,5.87,5.86,5.867,1500,0
2016-06-23,20:40:00,5.865,5.87,5.865,5.87,2200,0
2016-06-23,20:45:00,5.87,5.88,5.86,5.88,6720,0
2016-06-23,20:50:00,5.87,5.88,5.87,5.88,3844,0
2016-06-23,20:55:00,5.88,5.89,5.88,5.885,10900,0
2016-06-23,21:00:00,5.89,5.89,5.87,5.88,1800,0
2016-06-23,21:05:00,5.875,5.88,5.87,5.88,4700,0
2016-06-23,21:10:00,5.87,5.8707,5.86,5.87,10550,0
2016-06-23,21:15:00,5.865,5.88,5.86,5.875,2956,0
2016-06-23,21:20:00,5.87,5.88,5.87,5.87,4400,0
2016-06-23,21:25:00,5.87,5.88,5.87,5.875,4300,0
2016-06-23,21:30:00,5.875,5.88,5.87,5.88,9500,0
2016-06-23,21:35:00,5.87,5.88,5.87,5.88,2875,0
2016-06-23,21:40:00,5.88,5.88,5.86,5.86,4059,0
2016-06-23,21:45:00,5.865,5.88,5.86,5.88,17648,0
2016-06-23,21:50:00,5.875,5.88,5.87,5.87,4100,0
2016-06-23,21:55:00,5.88,5.91,5.88,5.91,36758,0
2016-06-23,22:00:00,5.9,5.92,5.9,5.92,112946,0
2016-06-24,15:35:00,5.57,5.5872,5.48,5.5028,30007,0
2016-06-24,15:40:00,5.54,5.6599,5.51,5.63,39315,0
2016-06-24,15:45:00,5.69,5.75,5.665,5.69,9765,0
2016-06-24,15:50:00,5.66,5.69,5.62,5.6285,9436,0
2016-06-24,15:55:00,5.62,5.63,5.59,5.63,19160,0
2016-06-24,16:00:00,5.62,5.64,5.6,5.62,19845,0
2016-06-24,16:05:00,5.62,5.66,5.61,5.6389,18960,0
2016-06-24,16:10:00,5.63,5.64,5.61,5.62,6294,0
2016-06-24,16:15:00,5.62,5.64,5.62,5.62,7031,0
2016-06-24,16:20:00,5.63,5.636,5.6,5.61,14432,0
2016-06-24,16:25:00,5.61,5.61,5.58,5.6,3932,0
2016-06-24,16:30:00,5.59,5.62,5.59,5.62,3644,0
2016-06-24,16:35:00,5.61,5.61,5.59,5.59,5517,0
2016-06-24,16:40:00,5.59,5.62,5.58,5.62,4390,0
2016-06-24,16:45:00,5.62,5.64,5.61,5.64,4605,0
2016-06-24,16:50:00,5.63,5.66,5.62,5.64,12996,0
2016-06-24,16:55:00,5.64,5.65,5.63,5.64,4500,0
2016-06-24,17:00:00,5.65,5.67,5.64,5.66,4997,0
2016-06-24,17:05:00,5.655,5.67,5.64,5.67,8291,0
2016-06-24,17:10:00,5.67,5.69,5.67,5.69,3600,0
2016-06-24,17:15:00,5.68,5.69,5.66,5.6862,17468,0
2016-06-24,17:20:00,5.685,5.685,5.669,5.669,5200,0
2016-06-24,17:25:00,5.67,5.67,5.64,5.65,4267,0
2016-06-24,17:30:00,5.64,5.65,5.63,5.65,4000,0
2016-06-24,17:35:00,5.65,5.65,5.63,5.64,5500,0
2016-06-24,17:40:00,5.63,5.63,5.6,5.62,5500,0
2016-06-24,17:45:00,5.62,5.62,5.57,5.5869,9323,0
2016-06-24,17:50:00,5.58,5.58,5.52,5.53,28890,0
2016-06-24,17:55:00,5.53,5.53,5.5,5.52,14177,0
2016-06-24,18:00:00,5.51,5.57,5.51,5.57,5900,0
2016-06-24,18:05:00,5.57,5.57,5.55,5.56,1900,0
2016-06-24,18:10:00,5.56,5.59,5.55,5.55,4835,0
2016-06-24,18:15:00,5.55,5.59,5.55,5.5875,5015,0
2016-06-24,18:20:00,5.59,5.59,5.56,5.58,4500,0
2016-06-24,18:25:00,5.58,5.58,5.57,5.58,3153,0
2016-06-24,18:30:00,5.57,5.57,5.56,5.57,1350,0
2016-06-24,18:35:00,5.57,5.57,5.55,5.55,7397,0
2016-06-24,18:40:00,5.55,5.57,5.55,5.57,1800,0
2016-06-24,18:45:00,5.57,5.57,5.54,5.55,3800,0
2016-06-24,18:50:00,5.55,5.55,5.54,5.5484,6900,0
2016-06-24,18:55:00,5.55,5.55,5.52,5.52,10336,0
2016-06-24,19:00:00,5.53,5.53,5.51,5.52,7560,0
2016-06-24,19:05:00,5.51,5.53,5.51,5.527,1200,0
2016-06-24,19:10:00,5.52,5.52,5.51,5.51,3300,0
2016-06-24,19:15:00,5.51,5.52,5.5,5.5199,2493,0
2016-06-24,19:20:00,5.51,5.52,5.507,5.52,4150,0
2016-06-24,19:25:00,5.52,5.54,5.52,5.54,2800,0
2016-06-24,19:30:00,5.54,5.56,5.5359,5.5499,7700,0
2016-06-24,19:35:00,5.5499,5.55,5.53,5.54,9300,0
2016-06-24,19:40:00,5.5365,5.55,5.5365,5.55,2062,0
2016-06-24,19:45:00,5.54,5.54,5.525,5.525,6300,0
2016-06-24,19:50:00,5.52,5.54,5.51,5.52,6300,0
2016-06-24,19:55:00,5.52,5.5299,5.514,5.514,7940,0
2016-06-24,20:00:00,5.52,5.53,5.51,5.53,3815,0
2016-06-24,20:05:00,5.53,5.54,5.5253,5.5253,2200,0
2016-06-24,20:10:00,5.525,5.53,5.52,5.525,1900,0
2016-06-24,20:15:00,5.53,5.53,5.52,5.53,6800,0
2016-06-24,20:20:00,5.53,5.53,5.5099,5.51,10232,0
2016-06-24,20:25:00,5.51,5.51,5.5,5.5,6200,0
2016-06-24,20:30:00,5.5,5.52,5.48,5.49,48298,0
2016-06-24,20:35:00,5.49,5.49,5.46,5.4639,14961,0
2016-06-24,20:40:00,5.47,5.48,5.46,5.4641,3010,0
2016-06-24,20:45:00,5.47,5.48,5.47,5.47,2955,0
2016-06-24,20:50:00,5.465,5.48,5.465,5.47,3400,0
2016-06-24,20:55:00,5.47,5.48,5.46,5.4762,5683,0
2016-06-24,21:00:00,5.48,5.49,5.4775,5.4801,11500,0
2016-06-24,21:05:00,5.48,5.49,5.47,5.48,3632,0
2016-06-24,21:10:00,5.4799,5.4799,5.46,5.46,4508,0
2016-06-24,21:15:00,5.47,5.48,5.47,5.48,9888,0
2016-06-24,21:20:00,5.49,5.49,5.465,5.47,10300,0
2016-06-24,21:25:00,5.47,5.48,5.47,5.47,6214,0
2016-06-24,21:30:00,5.47,5.48,5.46,5.46,5830,0
2016-06-24,21:35:00,5.47,5.47,5.46,5.47,3997,0
2016-06-24,21:40:00,5.47,5.48,5.46,5.46,27493,0
2016-06-24,21:45:00,5.465,5.48,5.45,5.47,18202,0
2016-06-24,21:50:00,5.48,5.49,5.47,5.48,12123,0
2016-06-24,21:55:00,5.51,5.53,5.49,5.52,43165,0
2016-06-24,22:00:00,5.53,5.53,5.5,5.51,49193,0
2016-06-27,15:35:00,5.39,5.41,5.38,5.41,20106,0
2016-06-27,15:40:00,5.42,5.48,5.42,5.455,9514,0
2016-06-27,15:45:00,5.45,5.49,5.427,5.44,9530,0
2016-06-27,15:50:00,5.41,5.45,5.41,5.41,10866,0
2016-06-27,15:55:00,5.4043,5.41,5.39,5.39,21575,0
2016-06-27,16:00:00,5.38,5.41,5.38,5.4,15275,0
2016-06-27,16:05:00,5.39,5.41,5.365,5.37,30287,0
2016-06-27,16:10:00,5.37,5.37,5.33,5.34,12600,0
2016-06-27,16:15:00,5.33,5.33,5.31,5.3101,17276,0
2016-06-27,16:20:00,5.3099,5.31,5.26,5.26,30161,0
2016-06-27,16:25:00,5.2699,5.28,5.25,5.25,7700,0
2016-06-27,16:30:00,5.25,5.2539,5.23,5.23,7633,0
2016-06-27,16:35:00,5.22,5.22,5.206,5.206,9746,0
2016-06-27,16:40:00,5.2,5.23,5.2,5.23,12305,0
2016-06-27,16:45:00,5.22,5.24,5.2,5.21,15356,0
2016-06-27,16:50:00,5.2,5.205,5.18,5.18,8676,0
2016-06-27,16:55:00,5.1767,5.19,5.17,5.17,3500,0
2016-06-27,17:00:00,5.18,5.18,5.1581,5.16,33367,0
2016-06-27,17:05:00,5.1501,5.16,5.14,5.1413,24430,0
2016-06-27,17:10:00,5.15,5.15,5.1299,5.13,4841,0
2016-06-27,17:15:00,5.1301,5.1399,5.11,5.13,12167,0
2016-06-27,17:20:00,5.126,5.126,5.08,5.09,23325,0
2016-06-27,17:25:00,5.09,5.09,5.06,5.06,10532,0
2016-06-27,17:30:00,5.06,5.115,5.06,5.115,6500,0
2016-06-27,17:35:00,5.12,5.14,5.115,5.13,9110,0
2016-06-27,17:40:00,5.13,5.15,5.12,5.1476,6510,0
2016-06-27,17:45:00,5.15,5.19,5.15,5.175,14072,0
2016-06-27,17:50:00,5.18,5.2,5.17,5.185,16725,0
2016-06-27,17:55:00,5.18,5.18,5.1601,5.18,23300,0
2016-06-27,18:00:00,5.19,5.23,5.19,5.2,7900,0
2016-06-27,18:05:00,5.1999,5.2,5.18,5.19,4100,0
2016-06-27,18:10:00,5.185,5.19,5.163,5.17,8253,0
2016-06-27,18:15:00,5.16,5.1601,5.13,5.13,5100,0
2016-06-27,18:20:00,5.1391,5.2,5.13,5.18,17304,0
2016-06-27,18:25:00,5.18,5.18,5.17,5.18,3160,0
2016-06-27,18:30:00,5.18,5.22,5.17,5.2172,11005,0
2016-06-27,18:35:00,5.23,5.245,5.22,5.23,3432,0
2016-06-27,18:40:00,5.23,5.23,5.21,5.21,4700,0
2016-06-27,18:45:00,5.21,5.23,5.21,5.23,2217,0
2016-06-27,18:50:00,5.224,5.23,5.224,5.23,2300,0
2016-06-27,18:55:00,5.24,5.27,5.24,5.26,12200,0
2016-06-27,19:00:00,5.26,5.28,5.26,5.28,7900,0
2016-06-27,19:05:00,5.285,5.3,5.28,5.29,5600,0
2016-06-27,19:10:00,5.29,5.32,5.29,5.315,9300,0
2016-06-27,19:15:00,5.315,5.3164,5.31,5.31,5871,0
2016-06-27,19:20:00,5.31,5.32,5.31,5.31,2946,0
2016-06-27,19:25:00,5.305,5.31,5.29,5.29,5800,0
2016-06-27,19:30:00,5.285,5.285,5.28,5.28,2000,0
2016-06-27,19:35:00,5.28,5.28,5.24,5.24,8100,0
2016-06-27,19:40:00,5.23,5.23,5.21,5.2201,9750,0
2016-06-27,19:45:00,5.22,5.22,5.2025,5.2025,1100,0
2016-06-27,19:50:00,5.2001,5.21,5.195,5.2,4600,0
2016-06-27,19:55:00,5.19,5.2,5.1684,5.17,9703,0
2016-06-27,20:00:00,5.16,5.17,5.16,5.17,3000,0
2016-06-27,20:05:00,5.17,5.18,5.16,5.18,6980,0
2016-06-27,20:10:00,5.18,5.18,5.16,5.17,2645,0
2016-06-27,20:15:00,5.1639,5.17,5.14,5.14,11380,0
2016-06-27,20:20:00,5.13,5.15,5.13,5.13,6050,0
2016-06-27,20:25:00,5.13,5.1301,5.125,5.13,10030,0
2016-06-27,20:30:00,5.13,5.15,5.13,5.15,4820,0
2016-06-27,20:35:00,5.1401,5.15,5.13,5.14,24369,0
2016-06-27,20:40:00,5.13,5.14,5.12,5.12,5644,0
2016-06-27,20:45:00,5.12,5.15,5.115,5.14,17850,0
2016-06-27,20:50:00,5.14,5.15,5.11,5.12,8600,0
2016-06-27,20:55:00,5.117,5.12,5.09,5.1,10300,0
2016-06-27,21:00:00,5.09,5.11,5.08,5.09,22409,0
2016-06-27,21:05:00,5.095,5.125,5.08,5.125,17401,0
2016-06-27,21:10:00,5.125,5.1301,5.125,5.13,4900,0
2016-06-27,21:15:00,5.13,5.14,5.12,5.14,3900,0
2016-06-27,21:20:00,5.14,5.15,5.12,5.13,5655,0
2016-06-27,21:25:00,5.12,5.13,5.09,5.095,3900,0
2016-06-27,21:30:00,5.09,5.1,5.09,5.0999,6335,0
2016-06-27,21:35:00,5.1,5.13,5.1,5.1285,8900,0
2016-06-27,21:40:00,5.12,5.14,5.115,5.14,16932,0
2016-06-27,21:45:00,5.145,5.15,5.13,5.15,15329,0
2016-06-27,21:50:00,5.15,5.16,5.13,5.16,20803,0
2016-06-27,21:55:00,5.15,5.15,5.135,5.145,31904,0
2016-06-27,22:00:00,5.15,5.16,5.14,5.14,189779,0
2016-06-28,15:35:00,5.25,5.32,5.25,5.27,23999,0
2016-06-28,15:40:00,5.28,5.39,5.28,5.34,20713,0
2016-06-28,15:45:00,5.34,5.34,5.3,5.32,4900,0
2016-06-28,15:50:00,5.34,5.39,5.33,5.38,12060,0
2016-06-28,15:55:00,5.38,5.41,5.38,5.395,7155,0
2016-06-28,16:00:00,5.39,5.43,5.39,5.41,10810,0
2016-06-28,16:05:00,5.4,5.43,5.4,5.42,7385,0
2016-06-28,16:10:00,5.42,5.42,5.38,5.38,13027,0
2016-06-28,16:15:00,5.3801,5.42,5.38,5.4,15750,0
2016-06-28,16:20:00,5.39,5.45,5.39,5.4475,12260,0
2016-06-28,16:25:00,5.45,5.47,5.425,5.44,26539,0
2016-06-28,16:30:00,5.44,5.45,5.43,5.45,6600,0
2016-06-28,16:35:00,5.45,5.48,5.45,5.458,12085,0
2016-06-28,16:40:00,5.45,5.47,5.44,5.46,16700,0
2016-06-28,16:45:00,5.45,5.46,5.4301,5.46,8010,0
2016-06-28,16:50:00,5.46,5.49,5.46,5.49,10601,0
2016-06-28,16:55:00,5.49,5.53,5.4815,5.53,7600,0
2016-06-28,17:00:00,5.53,5.53,5.5,5.51,2260,0
2016-06-28,17:05:00,5.51,5.52,5.48,5.48,11000,0
2016-06-28,17:10:00,5.48,5.5,5.47,5.4799,10000,0
2016-06-28,17:15:00,5.48,5.5,5.48,5.49,6800,0
2016-06-28,17:20:00,5.49,5.4975,5.48,5.49,16310,0
2016-06-28,17:25:00,5.49,5.49,5.4884,5.49,5101,0
2016-06-28,17:30:00,5.48,5.48,5.45,5.45,2834,0
2016-06-28,17:35:00,5.46,5.48,5.46,5.47,7400,0
2016-06-28,17:40:00,5.46,5.47,5.45,5.45,4400,0
2016-06-28,17:45:00,5.45,5.46,5.45,5.46,2560,0
2016-06-28,17:50:00,5.4699,5.49,5.4699,5.49,3500,0
2016-06-28,17:55:00,5.49,5.5,5.485,5.49,12300,0
2016-06-28,18:00:00,5.49,5.52,5.49,5.52,37398,0
2016-06-28,18:05:00,5.52,5.52,5.515,5.52,1800,0
2016-06-28,18:10:00,5.52,5.52,5.5101,5.52,2600,0
2016-06-28,18:15:00,5.52,5.52,5.5125,5.5125,2100,0
2016-06-28,18:20:00,5.52,5.52,5.48,5.49,14438,0
2016-06-28,18:25:00,5.48,5.5,5.48,5.5,1700,0
2016-06-28,18:30:00,5.5,5.5,5.49,5.5,1200,0
2016-06-28,18:35:00,5.5,5.51,5.49,5.5,3700,0
2016-06-28,18:40:00,5.51,5.51,5.51,5.51,1800,0
2016-06-28,18:45:00,5.51,5.54,5.51,5.53,4300,0
2016-06-28,18:50:00,5.54,5.5501,5.53,5.55,6520,0
2016-06-28,18:55:00,5.54,5.54,5.53,5.54,700,0
2016-06-28,19:00:00,5.54,5.54,5.52,5.53,2200,0
2016-06-28,19:05:00,5.53,5.53,5.5,5.51,4900,0
2016-06-28,19:10:00,5.5,5.52,5.5,5.52,13788,0
2016-06-28,19:15:00,5.52,5.55,5.5199,5.55,16200,0
2016-06-28,19:20:00,5.56,5.57,5.54,5.54,3700,0
2016-06-28,19:25:00,5.53,5.55,5.53,5.53,2800,0
2016-06-28,19:30:00,5.53,5.54,5.53,5.5301,6700,0
2016-06-28,19:35:00,5.53,5.55,5.53,5.55,3110,0
2016-06-28,19:40:00,5.54,5.56,5.54,5.56,2500,0
2016-06-28,19:45:00,5.56,5.575,5.56,5.575,4300,0
2016-06-28,19:50:00,5.575,5.58,5.57,5.58,1100,0
2016-06-28,19:55:00,5.58,5.58,5.56,5.57,5831,0
2016-06-28,20:00:00,5.57,5.57,5.56,5.57,4300,0
2016-06-28,20:05:00,5.57,5.58,5.57,5.57,4400,0
2016-06-28,20:10:00,5.57,5.58,5.5685,5.57,4200,0
2016-06-28,20:15:00,5.57,5.57,5.535,5.54,3983,0
2016-06-28,20:20:00,5.54,5.56,5.54,5.5575,8430,0
2016-06-28,20:25:00,5.555,5.56,5.55,5.55,4700,0
2016-06-28,20:30:00,5.55,5.56,5.54,5.56,3180,0
2016-06-28,20:35:00,5.56,5.57,5.55,5.55,10700,0
2016-06-28,20:40:00,5.56,5.58,5.56,5.5775,5200,0
2016-06-28,20:45:00,5.575,5.58,5.5699,5.57,6700,0
2016-06-28,20:50:00,5.56,5.57,5.55,5.57,3485,0
2016-06-28,20:55:00,5.57,5.58,5.565,5.57,4800,0
2016-06-28,21:00:00,5.58,5.58,5.57,5.58,4000,0
2016-06-28,21:05:00,5.575,5.58,5.56,5.57,7475,0
2016-06-28,21:10:00,5.57,5.5785,5.5601,5.5601,5920,0
2016-06-28,21:15:00,5.57,5.58,5.56,5.58,3600,0
2016-06-28,21:20:00,5.57,5.57,5.54,5.54,7600,0
2016-06-28,21:25:00,5.53,5.53,5.51,5.51,5963,0
2016-06-28,21:30:00,5.51,5.51,5.49,5.5,14286,0
2016-06-28,21:35:00,5.51,5.51,5.48,5.49,4100,0
2016-06-28,21:40:00,5.49,5.5,5.48,5.5,20611,0
2016-06-28,21:45:00,5.51,5.515,5.5,5.5075,8266,0
2016-06-28,21:50:00,5.51,5.51,5.5,5.505,5901,0
2016-06-28,21:55:00,5.51,5.52,5.51,5.52,27746,0
2016-06-28,22:00:00,5.515,5.56,5.515,5.55,96446,0
2016-06-29,15:35:00,5.68,5.76,5.58,5.75,19902,0
2016-06-29,15:40:00,5.74,5.74,5.59,5.68,19815,0
2016-06-29,15:45:00,5.67,5.67,5.56,5.6,23983,0
2016-06-29,15:50:00,5.6,5.61,5.55,5.59,7619,0
2016-06-29,15:55:00,5.6,5.68,5.6,5.66,10086,0
2016-06-29,16:00:00,5.66,5.69,5.66,5.69,6700,0
2016-06-29,16:05:00,5.7,5.7,5.676,5.7,7797,0
2016-06-29,16:10:00,5.7,5.71,5.63,5.64,9300,0
2016-06-29,16:15:00,5.64,5.65,5.63,5.636,5350,0
2016-06-29,16:20:00,5.63,5.66,5.62,5.66,4400,0
2016-06-29,16:25:00,5.66,5.68,5.65,5.66,10550,0
2016-06-29,16:30:00,5.67,5.68,5.65,5.68,5978,0
2016-06-29,16:35:00,5.67,5.72,5.67,5.68,14500,0
2016-06-29,16:40:00,5.675,5.69,5.675,5.69,11300,0
2016-06-29,16:45:00,5.68,5.68,5.67,5.67,4600,0
2016-06-29,16:50:00,5.6638,5.68,5.65,5.67,7320,0
2016-06-29,16:55:00,5.68,5.68,5.67,5.6763,8563,0
2016-06-29,17:00:00,5.67,5.67,5.65,5.665,6600,0
2016-06-29,17:05:00,5.66,5.67,5.65,5.66,6200,0
2016-06-29,17:10:00,5.66,5.66,5.63,5.63,4100,0
2016-06-29,17:15:00,5.63,5.66,5.63,5.66,3700,0
2016-06-29,17:20:00,5.66,5.66,5.64,5.64,2800,0
2016-06-29,17:25:00,5.66,5.66,5.66,5.66,1500,0
2016-06-29,17:30:00,5.67,5.67,5.66,5.67,5500,0
2016-06-29,17:35:00,5.67,5.67,5.66,5.67,4700,0
2016-06-29,17:40:00,5.67,5.69,5.6696,5.6696,11600,0
2016-06-29,17:45:00,5.67,5.68,5.67,5.68,2900,0
2016-06-29,17:50:00,5.68,5.68,5.669,5.669,2000,0
2016-06-29,17:55:00,5.66,5.7,5.66,5.69,4080,0
2016-06-29,18:00:00,5.69,5.69,5.6718,5.6718,1700,0
2016-06-29,18:05:00,5.68,5.68,5.65,5.65,4479,0
2016-06-29,18:10:00,5.645,5.645,5.63,5.645,3340,0
2016-06-29,18:15:00,5.65,5.65,5.62,5.62,2700,0
2016-06-29,18:20:00,5.63,5.645,5.63,5.645,2807,0
2016-06-29,18:25:00,5.64,5.65,5.63,5.65,3200,0
2016-06-29,18:30:00,5.65,5.67,5.65,5.67,4737,0
2016-06-29,18:35:00,5.68,5.68,5.66,5.66,6300,0
2016-06-29,18:40:00,5.66,5.67,5.66,5.67,2850,0
2016-06-29,18:45:00,5.67,5.68,5.66,5.67,3148,0
2016-06-29,18:50:00,5.675,5.675,5.67,5.67,1300,0
2016-06-29,18:55:00,5.66,5.67,5.66,5.67,900,0
2016-06-29,19:00:00,5.66,5.665,5.66,5.66,1400,0
2016-06-29,19:05:00,5.66,5.67,5.6401,5.6401,3000,0
2016-06-29,19:10:00,5.6499,5.65,5.63,5.63,4971,0
2016-06-29,19:15:00,5.63,5.64,5.63,5.64,500,0
2016-06-29,19:20:00,5.635,5.64,5.6335,5.64,4600,0
2016-06-29,19:25:00,5.64,5.67,5.64,5.67,4400,0
2016-06-29,19:30:00,5.67,5.67,5.665,5.665,999,0
2016-06-29,19:35:00,5.67,5.68,5.665,5.68,2000,0
2016-06-29,19:40:00,5.67,5.69,5.67,5.68,3500,0
2016-06-29,19:45:00,5.68,5.7,5.68,5.69,6900,0
2016-06-29,19:50:00,5.7,5.71,5.6964,5.71,7049,0
2016-06-29,19:55:00,5.71,5.71,5.7,5.7001,5502,0
2016-06-29,20:00:00,5.7,5.72,5.695,5.72,9307,0
2016-06-29,20:05:00,5.72,5.74,5.715,5.74,2500,0
2016-06-29,20:10:00,5.74,5.75,5.73,5.74,4500,0
2016-06-29,20:15:00,5.75,5.75,5.74,5.74,3032,0
2016-06-29,20:20:00,5.75,5.78,5.7487,5.77,12528,0
2016-06-29,20:25:00,5.763,5.78,5.75,5.78,10536,0
2016-06-29,20:30:00,5.78,5.785,5.78,5.78,2107,0
2016-06-29,20:35:00,5.79,5.7999,5.78,5.79,3300,0
2016-06-29,20:40:00,5.79,5.8,5.79,5.8,4200,0
2016-06-29,20:45:00,5.8,5.8,5.79,5.79,4712,0
2016-06-29,20:50:00,5.79,5.81,5.79,5.79,8227,0
2016-06-29,20:55:00,5.79,5.79,5.77,5.77,2296,0
2016-06-29,21:00:00,5.78,5.78,5.77,5.78,3400,0
2016-06-29,21:05:00,5.7807,5.785,5.76,5.7764,7900,0
2016-06-29,21:10:00,5.78,5.79,5.78,5.785,2000,0
2016-06-29,21:15:00,5.79,5.79,5.76,5.76,3800,0
2016-06-29,21:20:00,5.76,5.77,5.75,5.76,4662,0
2016-06-29,21:25:00,5.76,5.77,5.73,5.74,6500,0
2016-06-29,21:30:00,5.74,5.76,5.74,5.755,6200,0
2016-06-29,21:35:00,5.755,5.755,5.74,5.75,12800,0
2016-06-29,21:40:00,5.76,5.77,5.75,5.765,8641,0
2016-06-29,21:45:00,5.76,5.77,5.73,5.75,11710,0
2016-06-29,21:50:00,5.75,5.75,5.74,5.74,3000,0
2016-06-29,21:55:00,5.75,5.77,5.75,5.77,30788,0
2016-06-29,22:00:00,5.76,5.77,5.75,5.77,140189,0
2016-06-30,15:35:00,5.73,5.84,5.73,5.83,10414,0
2016-06-30,15:40:00,5.83,5.83,5.73,5.76,8891,0
2016-06-30,15:45:00,5.77,5.84,5.76,5.76,12821,0
2016-06-30,15:50:00,5.745,5.77,5.69,5.74,8024,0
2016-06-30,15:55:00,5.74,5.74,5.67,5.7,7900,0
2016-06-30,16:00:00,5.7,5.74,5.7,5.715,5100,0
2016-06-30,16:05:00,5.73,5.75,5.71,5.71,5300,0
2016-06-30,16:10:00,5.7,5.72,5.7,5.7164,2400,0
2016-06-30,16:15:00,5.72,5.74,5.71,5.74,3500,0
2016-06-30,16:20:00,5.74,5.75,5.73,5.73,2733,0
2016-06-30,16:25:00,5.74,5.74,5.71,5.71,3300,0
2016-06-30,16:30:00,5.7,5.72,5.68,5.72,14592,0
2016-06-30,16:35:00,5.72,5.77,5.72,5.77,9224,0
2016-06-30,16:40:00,5.77,5.8,5.77,5.8,7780,0
2016-06-30,16:45:00,5.79,5.79,5.76,5.78,13145,0
2016-06-30,16:50:00,5.78,5.8,5.77,5.8,1959,0
2016-06-30,16:55:00,5.8,5.81,5.8,5.8,3100,0
2016-06-30,17:00:00,5.7936,5.825,5.7936,5.82,6846,0
2016-06-30,17:05:00,5.82,5.82,5.8,5.82,5100,0
2016-06-30,17:10:00,5.82,5.83,5.81,5.81,5300,0
2016-06-30,17:15:00,5.82,5.84,5.82,5.84,2100,0
2016-06-30,17:20:00,5.84,5.8515,5.8237,5.8237,4300,0
2016-06-30,17:25:00,5.83,5.83,5.825,5.83,1100,0
2016-06-30,17:30:00,5.83,5.84,5.82,5.84,2300,0
2016-06-30,17:35:00,5.84,5.84,5.84,5.84,1800,0
2016-06-30,17:40:00,5.83,5.85,5.8299,5.8299,7400,0
2016-06-30,17:45:00,5.83,5.83,5.81,5.83,4738,0
2016-06-30,17:50:00,5.82,5.8201,5.81,5.82,14075,0
2016-06-30,17:55:00,5.815,5.83,5.8,5.81,18876,0
2016-06-30,18:00:00,5.81,5.81,5.7907,5.8,3600,0
2016-06-30,18:05:00,5.8,5.83,5.8,5.82,2978,0
2016-06-30,18:10:00,5.81,5.815,5.79,5.795,4575,0
2016-06-30,18:15:00,5.8,5.8,5.795,5.8,1700,0
2016-06-30,18:20:00,5.805,5.81,5.795,5.805,4390,0
2016-06-30,18:25:00,5.79,5.82,5.78,5.82,11850,0
2016-06-30,18:30:00,5.83,5.85,5.82,5.84,14465,0
2016-06-30,18:35:00,5.8361,5.84,5.825,5.83,9729,0
2016-06-30,18:40:00,5.825,5.825,5.815,5.815,2200,0
2016-06-30,18:45:00,5.82,5.83,5.81,5.82,3500,0
2016-06-30,18:50:00,5.815,5.83,5.815,5.83,1900,0
2016-06-30,18:55:00,5.83,5.85,5.825,5.835,15000,0
2016-06-30,19:00:00,5.82,5.84,5.82,5.84,4500,0
2016-06-30,19:05:00,5.84,5.84,5.84,5.84,1300,0
2016-06-30,19:10:00,5.84,5.84,5.82,5.83,5263,0
2016-06-30,19:15:00,5.82,5.8235,5.79,5.79,4575,0
2016-06-30,19:20:00,5.79,5.8,5.79,5.795,1500,0
2016-06-30,19:25:00,5.79,5.8,5.775,5.7775,4100,0
2016-06-30,19:30:00,5.77,5.775,5.75,5.75,4601,0
2016-06-30,19:35:00,5.75,5.76,5.74,5.76,4100,0
2016-06-30,19:40:00,5.765,5.77,5.76,5.765,1100,0
2016-06-30,19:45:00,5.76,5.77,5.76,5.77,3600,0
2016-06-30,19:50:00,5.77,5.77,5.76,5.765,2500,0
2016-06-30,19:55:00,5.77,5.77,5.75,5.755,3100,0
2016-06-30,20:00:00,5.75,5.775,5.75,5.775,3986,0
2016-06-30,20:05:00,5.78,5.79,5.78,5.785,600,0
2016-06-30,20:10:00,5.79,5.79,5.77,5.79,3700,0
2016-06-30,20:15:00,5.79,5.79,5.77,5.78,3600,0
2016-06-30,20:20:00,5.78,5.78,5.77,5.78,1548,0
2016-06-30,20:25:00,5.78,5.78,5.7705,5.78,2300,0
2016-06-30,20:30:00,5.78,5.78,5.75,5.755,6720,0
2016-06-30,20:35:00,5.76,5.77,5.75,5.75,2500,0
2016-06-30,20:40:00,5.76,5.78,5.755,5.76,3370,0
2016-06-30,20:45:00,5.76,5.77,5.76,5.77,1500,0
2016-06-30,20:50:00,5.76,5.76,5.735,5.74,4100,0
2016-06-30,20:55:00,5.745,5.76,5.735,5.76,6202,0
2016-06-30,21:00:00,5.76,5.77,5.745,5.76,7459,0
2016-06-30,21:05:00,5.76,5.78,5.76,5.775,6000,0
2016-06-30,21:10:00,5.775,5.78,5.77,5.78,3000,0
2016-06-30,21:15:00,5.775,5.78,5.76,5.765,2363,0
2016-06-30,21:20:00,5.76,5.77,5.75,5.76,15544,0
2016-06-30,21:25:00,5.75,5.76,5.75,5.755,3100,0
2016-06-30,21:30:00,5.76,5.765,5.75,5.76,5515,0
2016-06-30,21:35:00,5.755,5.76,5.74,5.75,6675,0
2016-06-30,21:40:00,5.755,5.785,5.755,5.78,17195,0
2016-06-30,21:45:00,5.78,5.79,5.77,5.78,11254,0
2016-06-30,21:50:00,5.78,5.79,5.77,5.79,14526,0
2016-06-30,21:55:00,5.78,5.79,5.78,5.78,10007,0
2016-06-30,22:00:00,5.785,5.8,5.78,5.79,96202,0
2016-07-01,15:35:00,5.76,5.8,5.71,5.71,10691,0
2016-07-01,15:40:00,5.71,5.84,5.71,5.78,7500,0
2016-07-01,15:45:00,5.79,5.8,5.756,5.78,14890,0
2016-07-01,15:50:00,5.78,5.83,5.77,5.805,19298,0
2016-07-01,15:55:00,5.82,5.84,5.82,5.8301,7800,0
2016-07-01,16:00:00,5.83,5.88,5.83,5.87,10900,0
2016-07-01,16:05:00,5.87,5.92,5.87,5.92,14200,0
2016-07-01,16:10:00,5.93,5.95,5.91,5.95,12666,0
2016-07-01,16:15:00,5.96,6.03,5.96,6.03,17770,0
2016-07-01,16:20:00,6.02,6.04,5.98,6,24068,0
2016-07-01,16:25:00,6.01,6.02,5.98,5.98,5035,0
2016-07-01,16:30:00,5.98,6.0033,5.98,5.99,11087,0
2016-07-01,16:35:00,5.99,5.99,5.98,5.982,12509,0
2016-07-01,16:40:00,5.98,5.99,5.98,5.99,2100,0
2016-07-01,16:45:00,5.99,6.005,5.9797,5.995,9900,0
2016-07-01,16:50:00,6.0001,6.0001,5.98,5.98,5035,0
2016-07-01,16:55:00,5.99,6,5.985,5.99,6600,0
2016-07-01,17:00:00,6,6,5.985,5.99,5888,0
2016-07-01,17:05:00,5.995,6.03,5.995,6.0264,8953,0
2016-07-01,17:10:00,6.02,6.05,6.02,6.03,8976,0
2016-07-01,17:15:00,6.04,6.04,6,6,9106,0
2016-07-01,17:20:00,5.99,5.995,5.95,5.95,9689,0
2016-07-01,17:25:00,5.94,5.95,5.9,5.9,5200,0
2016-07-01,17:30:00,5.9,5.9118,5.9,5.91,11016,0
2016-07-01,17:35:00,5.91,5.915,5.9,5.9,4884,0
2016-07-01,17:40:00,5.9,5.9,5.8999,5.8999,3500,0
2016-07-01,17:45:00,5.89,5.9,5.885,5.9,5917,0
2016-07-01,17:50:00,5.8999,5.91,5.89,5.91,3762,0
2016-07-01,17:55:00,5.905,5.94,5.905,5.94,3900,0
2016-07-01,18:00:00,5.935,5.96,5.935,5.96,3644,0
2016-07-01,18:05:00,5.96,5.96,5.94,5.94,4800,0
2016-07-01,18:10:00,5.94,5.96,5.93,5.93,15474,0
2016-07-01,18:15:00,5.93,5.97,5.93,5.97,3566,0
2016-07-01,18:20:00,5.98,5.98,5.965,5.965,1800,0
2016-07-01,18:25:00,5.965,5.965,5.955,5.9601,4100,0
2016-07-01,18:30:00,5.95,5.95,5.93,5.93,8958,0
2016-07-01,18:35:00,5.93,5.93,5.9,5.91,8052,0
2016-07-01,18:40:00,5.92,5.94,5.92,5.93,12023,0
2016-07-01,18:45:00,5.93,5.93,5.925,5.9299,2600,0
2016-07-01,18:50:00,5.94,5.95,5.94,5.94,1500,0
2016-07-01,18:55:00,5.93,5.94,5.92,5.94,5184,0
2016-07-01,19:00:00,5.93,5.9301,5.925,5.925,2400,0
2016-07-01,19:05:00,5.92,5.925,5.89,5.89,5100,0
2016-07-01,19:10:00,5.89,5.91,5.88,5.91,8996,0
2016-07-01,19:15:00,5.9,5.91,5.9,5.9,1900,0
2016-07-01,19:20:00,5.89,5.905,5.89,5.905,4195,0
2016-07-01,19:25:00,5.9,5.9,5.8963,5.8963,1600,0
2016-07-01,19:30:00,5.895,5.9,5.89,5.89,3200,0
2016-07-01,19:35:00,5.895,5.91,5.89,5.905,5300,0
2016-07-01,19:40:00,5.91,5.91,5.89,5.89,2100,0
2016-07-01,19:45:00,5.89,5.92,5.89,5.92,3400,0
2016-07-01,19:50:00,5.91,5.91,5.89,5.9,4200,0
2016-07-01,19:55:00,5.9,5.9,5.89,5.89,1100,0
2016-07-01,20:00:00,5.895,5.9,5.89,5.9,700,0
2016-07-01,20:05:00,5.9,5.935,5.9,5.935,11900,0
2016-07-01,20:10:00,5.93,5.95,5.93,5.94,2960,0
2016-07-01,20:15:00,5.94,5.95,5.94,5.94,2000,0
2016-07-01,20:20:00,5.94,5.95,5.935,5.95,2355,0
2016-07-01,20:25:00,5.945,5.945,5.9337,5.9337,2700,0
2016-07-01,20:30:00,5.9361,5.94,5.9361,5.94,2100,0
2016-07-01,20:35:00,5.94,5.95,5.94,5.95,2000,0
2016-07-01,20:40:00,5.945,5.95,5.93,5.95,2800,0
2016-07-01,20:45:00,5.94,5.95,5.94,5.945,2395,0
2016-07-01,20:50:00,5.95,5.96,5.945,5.96,3089,0
2016-07-01,20:55:00,5.96,5.96,5.941,5.95,3921,0
2016-07-01,21:00:00,5.95,5.97,5.9499,5.97,9709,0
2016-07-01,21:05:00,5.97,5.98,5.97,5.98,3500,0
2016-07-01,21:10:00,5.98,6,5.98,6,5405,0
2016-07-01,21:15:00,6,6,5.97,5.98,6304,0
2016-07-01,21:20:00,5.99,6,5.99,6,1908,0
2016-07-01,21:25:00,6,6,5.985,5.99,4788,0
2016-07-01,21:30:00,5.99,6,5.985,6,3947,0
2016-07-01,21:35:00,5.99,6.01,5.99,6,6862,0
2016-07-01,21:40:00,6.01,6.02,6,6.005,9542,0
2016-07-01,21:45:00,6,6.03,6,6.025,10824,0
2016-07-01,21:50:00,6.02,6.02,6.01,6.02,8300,0
2016-07-01,21:55:00,6.01,6.02,6.01,6.02,11104,0
2016-07-01,22:00:00,6.02,6.03,6.01,6.02,105689,0
2016-07-05,15:35:00,5.94,6.02,5.94,5.95,11995,0
2016-07-05,15:40:00,5.91,5.9355,5.84,5.92,15519,0
2016-07-05,15:45:00,5.95,5.96,5.9114,5.95,7445,0
2016-07-05,15:50:00,5.94,5.95,5.9,5.91,12572,0
2016-07-05,15:55:00,5.9,5.92,5.87,5.87,2799,0
2016-07-05,16:00:00,5.87,5.91,5.84,5.9,11889,0
2016-07-05,16:05:00,5.9,5.9,5.88,5.88,3602,0
2016-07-05,16:10:00,5.86,5.86,5.85,5.86,2900,0
2016-07-05,16:15:00,5.86,5.86,5.83,5.86,13812,0
2016-07-05,16:20:00,5.86,5.86,5.84,5.85,3195,0
2016-07-05,16:25:00,5.85,5.85,5.83,5.84,4100,0
2016-07-05,16:30:00,5.83,5.84,5.793,5.83,13468,0
2016-07-05,16:35:00,5.82,5.86,5.82,5.85,3000,0
2016-07-05,16:40:00,5.84,5.86,5.84,5.86,2700,0
2016-07-05,16:45:00,5.885,5.885,5.84,5.84,4500,0
2016-07-05,16:50:00,5.84,5.87,5.835,5.8596,5185,0
2016-07-05,16:55:00,5.85,5.86,5.825,5.85,13310,0
2016-07-05,17:00:00,5.845,5.85,5.84,5.85,5400,0
2016-07-05,17:05:00,5.84,5.85,5.84,5.85,4300,0
2016-07-05,17:10:00,5.84,5.85,5.795,5.83,22400,0
2016-07-05,17:15:00,5.83,5.83,5.81,5.81,2600,0
2016-07-05,17:20:00,5.81,5.85,5.81,5.84,11000,0
2016-07-05,17:25:00,5.84,5.85,5.8,5.85,17850,0
2016-07-05,17:30:00,5.85,5.8801,5.85,5.8799,7600,0
2016-07-05,17:35:00,5.87,5.88,5.8685,5.88,5056,0
2016-07-05,17:40:00,5.89,5.91,5.86,5.87,3900,0
2016-07-05,17:45:00,5.86,5.87,5.85,5.85,4100,0
2016-07-05,17:50:00,5.82,5.84,5.82,5.8316,3400,0
2016-07-05,17:55:00,5.83,5.83,5.825,5.83,1900,0
2016-07-05,18:00:00,5.83,5.83,5.83,5.83,1100,0
2016-07-05,18:05:00,5.835,5.85,5.835,5.85,2200,0
2016-07-05,18:10:00,5.85,5.875,5.85,5.86,4500,0
2016-07-05,18:15:00,5.85,5.86,5.845,5.86,2900,0
2016-07-05,18:20:00,5.8699,5.87,5.8699,5.87,1200,0
2016-07-05,18:25:00,5.86,5.87,5.8589,5.87,2800,0
2016-07-05,18:30:00,5.86,5.88,5.85,5.88,3200,0
2016-07-05,18:35:00,5.87,5.9,5.8608,5.9,2399,0
2016-07-05,18:40:00,5.9,5.9,5.87,5.88,4622,0
2016-07-05,18:45:00,5.89,5.89,5.89,5.89,2400,0
2016-07-05,18:50:00,5.89,5.93,5.89,5.93,3583,0
2016-07-05,18:55:00,5.92,5.92,5.91,5.91,3200,0
2016-07-05,19:00:00,5.91,5.91,5.9001,5.91,2800,0
2016-07-05,19:05:00,5.9,5.9,5.9,5.9,700,0
2016-07-05,19:10:00,5.9,5.91,5.9,5.91,1600,0
2016-07-05,19:15:00,5.91,5.92,5.9,5.9,2500,0
2016-07-05,19:20:00,5.9,5.9,5.89,5.89,1800,0
2016-07-05,19:25:00,5.885,5.9,5.885,5.9,2800,0
2016-07-05,19:30:00,5.91,5.91,5.905,5.91,1100,0
2016-07-05,19:35:00,5.9,5.91,5.9,5.9,2008,0
2016-07-05,19:40:00,5.9,5.905,5.89,5.89,4967,0
2016-07-05,19:45:00,5.89,5.89,5.86,5.87,5400,0
2016-07-05,19:50:00,5.875,5.88,5.875,5.88,2100,0
2016-07-05,19:55:00,5.88,5.88,5.87,5.87,1600,0
2016-07-05,20:00:00,5.87,5.9,5.87,5.9,1800,0
2016-07-05,20:05:00,5.89,5.915,5.89,5.915,3805,0
2016-07-05,20:10:00,5.91,5.92,5.9,5.92,3814,0
2016-07-05,20:15:00,5.92,5.94,5.92,5.94,2900,0
2016-07-05,20:20:00,5.93,5.93,5.925,5.93,1200,0
2016-07-05,20:25:00,5.93,5.93,5.91,5.92,3503,0
2016-07-05,20:30:00,5.92,5.93,5.91,5.93,3244,0
2016-07-05,20:35:00,5.92,5.93,5.91,5.93,2500,0
2016-07-05,20:40:00,5.93,5.94,5.93,5.94,1035,0
2016-07-05,20:45:00,5.94,5.945,5.915,5.93,9286,0
2016-07-05,20:50:00,5.93,5.93,5.91,5.91,2000,0
2016-07-05,20:55:00,5.9,5.92,5.9,5.91,3880,0
2016-07-05,21:00:00,5.91,5.92,5.9,5.91,5208,0
2016-07-05,21:05:00,5.91,5.92,5.91,5.91,7130,0
2016-07-05,21:10:00,5.91,5.92,5.905,5.91,4700,0
2016-07-05,21:15:00,5.92,5.93,5.915,5.93,5700,0
2016-07-05,21:20:00,5.93,5.97,5.93,5.96,5608,0
2016-07-05,21:25:00,5.95,5.97,5.95,5.96,1700,0
2016-07-05,21:30:00,5.9675,5.98,5.965,5.98,2400,0
2016-07-05,21:35:00,5.97,6.007,5.965,6,7100,0
2016-07-05,21:40:00,5.99,6.02,5.99,6.02,5018,0
2016-07-05,21:45:00,6.02,6.03,6.015,6.02,11550,0
2016-07-05,21:50:00,6.01,6.01,5.99,6,12314,0
2016-07-05,21:55:00,6,6,5.98,5.98,17427,0
2016-07-05,22:00:00,5.98,5.99,5.95,5.965,33384,0
2016-07-06,15:35:00,5.87,5.89,5.81,5.86,4361,0
2016-07-06,15:40:00,5.89,5.91,5.88,5.8824,1642,0
2016-07-06,15:45:00,5.87,5.92,5.85,5.88,30013,0
2016-07-06,15:50:00,5.88,5.88,5.82,5.83,15400,0
2016-07-06,15:55:00,5.82,5.94,5.82,5.94,30318,0
2016-07-06,16:00:00,5.95,6,5.95,5.96,7900,0
2016-07-06,16:05:00,5.97,6.05,5.97,6.02,7400,0
2016-07-06,16:10:00,6.0189,6.05,6,6.05,3268,0
2016-07-06,16:15:00,6.0501,6.09,6.035,6.05,23288,0
2016-07-06,16:20:00,6.05,6.06,6.03,6.0501,9423,0
2016-07-06,16:25:00,6.06,6.08,6.05,6.06,4950,0
2016-07-06,16:30:00,6.06,6.08,6.05,6.07,4408,0
2016-07-06,16:35:00,6.06,6.06,6.05,6.06,1400,0
2016-07-06,16:40:00,6.06,6.08,6.05,6.075,6300,0
2016-07-06,16:45:00,6.08,6.09,6.075,6.09,3300,0
2016-07-06,16:50:00,6.08,6.1001,6.07,6.1001,8971,0
2016-07-06,16:55:00,6.11,6.1165,6.1,6.1089,3200,0
2016-07-06,17:00:00,6.11,6.12,6.085,6.12,6400,0
2016-07-06,17:05:00,6.12,6.16,6.12,6.15,19186,0
2016-07-06,17:10:00,6.16,6.18,6.15,6.18,4800,0
2016-07-06,17:15:00,6.185,6.21,6.185,6.19,6200,0
2016-07-06,17:20:00,6.19,6.21,6.17,6.21,6700,0
2016-07-06,17:25:00,6.2,6.2,6.16,6.16,2200,0
2016-07-06,17:30:00,6.15,6.155,6.12,6.12,5895,0
2016-07-06,17:35:00,6.12,6.12,6.11,6.11,2200,0
2016-07-06,17:40:00,6.11,6.11,6.08,6.08,5415,0
2016-07-06,17:45:00,6.08,6.08,6.07,6.08,600,0
2016-07-06,17:50:00,6.075,6.08,6.06,6.07,6382,0
2016-07-06,17:55:00,6.0701,6.1,6.0701,6.09,6700,0
2016-07-06,18:00:00,6.09,6.09,6.08,6.08,800,0
2016-07-06,18:05:00,6.09,6.13,6.085,6.13,3495,0
2016-07-06,18:10:00,6.14,6.17,6.14,6.165,800,0
2016-07-06,18:15:00,6.165,6.165,6.14,6.14,2200,0
2016-07-06,18:20:00,6.14,6.16,6.14,6.15,2700,0
2016-07-06,18:25:00,6.15,6.15,6.12,6.12,2550,0
2016-07-06,18:30:00,6.1211,6.1211,6.1,6.105,2363,0
2016-07-06,18:35:00,6.1,6.11,6.09,6.09,3700,0
2016-07-06,18:40:00,6.09,6.11,6.07,6.08,9711,0
2016-07-06,18:45:00,6.08,6.09,6.075,6.09,3800,0
2016-07-06,18:50:00,6.09,6.09,6.06,6.06,5130,0
2016-07-06,18:55:00,6.06,6.08,6.05,6.08,5901,0
2016-07-06,19:00:00,6.07,6.0768,6.06,6.075,4500,0
2016-07-06,19:05:00,6.07,6.11,6.07,6.11,3500,0
2016-07-06,19:10:00,6.1,6.1,6.07,6.09,2701,0
2016-07-06,19:15:00,6.08,6.1,6.08,6.095,2900,0
2016-07-06,19:20:00,6.09,6.1,6.09,6.09,3100,0
2016-07-06,19:25:00,6.09,6.095,6.07,6.07,1400,0
2016-07-06,19:30:00,6.08,6.1,6.07,6.1,3800,0
2016-07-06,19:35:00,6.1,6.1,6.08,6.08,3000,0
2016-07-06,19:40:00,6.08,6.09,6.07,6.08,3602,0
2016-07-06,19:45:00,6.08,6.09,6.06,6.06,4100,0
2016-07-06,19:50:00,6.05,6.05,6.03,6.03,4700,0
2016-07-06,19:55:00,6.03,6.07,6.03,6.04,6100,0
2016-07-06,20:00:00,6.04,6.04,6,6,6200,0
2016-07-06,20:05:00,6.01,6.02,6,6.02,5277,0
2016-07-06,20:10:00,6.03,6.04,6.01,6.04,2600,0
2016-07-06,20:15:00,6.03,6.03,6.01,6.01,3400,0
2016-07-06,20:20:00,6,6.02,6,6.02,3600,0
2016-07-06,20:25:00,6.03,6.04,6.02,6.02,1700,0
2016-07-06,20:30:00,6.02,6.02,5.99,5.99,12691,0
2016-07-06,20:35:00,5.98,6,5.98,6,5767,0
2016-07-06,20:40:00,6.01,6.01,5.99,6,3400,0
2016-07-06,20:45:00,6.0001,6.0001,5.97,5.975,6819,0
2016-07-06,20:50:00,5.97,6,5.97,6,9500,0
2016-07-06,20:55:00,5.99,6.02,5.99,6.02,6031,0
2016-07-06,21:00:00,6.02,6.03,6.01,6.01,3000,0
2016-07-06,21:05:00,6.01,6.025,5.98,6,6700,0
2016-07-06,21:10:00,6,6.01,5.99,6,3526,0
2016-07-06,21:15:00,6.005,6.0382,6,6.01,8831,0
2016-07-06,21:20:00,6,6.0284,6,6.02,5000,0
2016-07-06,21:25:00,6.02,6.0284,5.99,5.99,6550,0
2016-07-06,21:30:00,5.98,6.01,5.98,6.005,6700,0
2016-07-06,21:35:00,6,6.03,6,6.03,12086,0
2016-07-06,21:40:00,6.035,6.06,6.03,6.055,4100,0
2016-07-06,21:45:00,6.055,6.07,6.035,6.04,9754,0
2016-07-06,21:50:00,6.04,6.05,6.03,6.04,12890,0
2016-07-06,21:55:00,6.05,6.065,6.045,6.065,12900,0
2016-07-06,22:00:00,6.06,6.08,6.05,6.08,67604,0
2016-07-07,15:35:00,6.13,6.19,6.1,6.19,8087,0
2016-07-07,15:40:00,6.2,6.22,6.16,6.2,33482,0
2016-07-07,15:45:00,6.18,6.22,6.16,6.19,5200,0
2016-07-07,15:50:00,6.19,6.21,6.16,6.19,4600,0
2016-07-07,15:55:00,6.17,6.18,6.13,6.13,6120,0
2016-07-07,16:00:00,6.14,6.15,6.1,6.11,6800,0
2016-07-07,16:05:00,6.11,6.11,6.07,6.08,10700,0
2016-07-07,16:10:00,6.08,6.1,6.08,6.0813,4300,0
2016-07-07,16:15:00,6.08,6.11,6.08,6.11,3800,0
2016-07-07,16:20:00,6.11,6.15,6.11,6.14,13132,0
2016-07-07,16:25:00,6.1478,6.1478,6.1,6.12,6350,0
2016-07-07,16:30:00,6.12,6.12,6.09,6.1,2600,0
2016-07-07,16:35:00,6.09,6.12,6.09,6.1101,6000,0
2016-07-07,16:40:00,6.12,6.14,6.12,6.13,3500,0
2016-07-07,16:45:00,6.12,6.14,6.1,6.1,4800,0
2016-07-07,16:50:00,6.09,6.11,6.09,6.1,4874,0
2016-07-07,16:55:00,6.1,6.1,6.08,6.09,2900,0
2016-07-07,17:00:00,6.09,6.09,6.06,6.08,3400,0
2016-07-07,17:05:00,6.07,6.08,6.05,6.05,7586,0
2016-07-07,17:10:00,6.04,6.05,6.03,6.05,5032,0
2016-07-07,17:15:00,6.05,6.09,6.045,6.07,5450,0
2016-07-07,17:20:00,6.08,6.1,6.07,6.095,15509,0
2016-07-07,17:25:00,6.092,6.12,6.08,6.08,4032,0
2016-07-07,17:30:00,6.09,6.1,6.09,6.0907,1800,0
2016-07-07,17:35:00,6.09,6.09,6.07,6.07,1800,0
2016-07-07,17:40:00,6.07,6.105,6.07,6.105,4900,0
2016-07-07,17:45:00,6.1007,6.1007,6.08,6.09,4590,0
2016-07-07,17:50:00,6.085,6.085,6.025,6.03,4800,0
2016-07-07,17:55:00,6.02,6.02,6.015,6.02,28100,0
2016-07-07,18:00:00,6.02,6.05,6.01,6.04,28737,0
2016-07-07,18:05:00,6.045,6.06,6.045,6.06,2900,0
2016-07-07,18:10:00,6.07,6.08,6.05,6.06,6293,0
2016-07-07,18:15:00,6.05,6.06,6.05,6.06,4500,0
2016-07-07,18:20:00,6.06,6.06,6.05,6.05,1500,0
2016-07-07,18:25:00,6.0599,6.0599,6.02,6.02,3400,0
2016-07-07,18:30:00,6.02,6.03,6.0065,6.03,5300,0
2016-07-07,18:35:00,6.03,6.05,6.03,6.05,2276,0
2016-07-07,18:40:00,6.04,6.05,6.03,6.05,1700,0
2016-07-07,18:45:00,6.05,6.05,6.04,6.04,1100,0
2016-07-07,18:50:00,6.03,6.05,6.03,6.05,5500,0
2016-07-07,18:55:00,6.04,6.04,5.99,6.0034,6000,0
2016-07-07,19:00:00,6,6.01,5.99,5.99,3598,0
2016-07-07,19:05:00,5.99,5.99,5.98,5.98,5940,0
2016-07-07,19:10:00,5.975,5.98,5.96,5.97,6970,0
2016-07-07,19:15:00,5.97,5.97,5.96,5.97,2005,0
2016-07-07,19:20:00,5.97,5.97,5.96,5.97,2000,0
2016-07-07,19:25:00,5.98,5.9862,5.9799,5.9862,6300,0
2016-07-07,19:30:00,5.99,6.02,5.99,6.01,4200,0
2016-07-07,19:35:00,6.01,6.02,6.01,6.02,1400,0
2016-07-07,19:40:00,6.01,6.01,6.01,6.01,1700,0
2016-07-07,19:45:00,6.007,6.007,5.98,6,5500,0
2016-07-07,19:50:00,5.995,5.995,5.98,5.98,1350,0
2016-07-07,19:55:00,5.98,5.9901,5.98,5.98,2700,0
2016-07-07,20:00:00,5.98,6,5.98,6,3000,0
2016-07-07,20:05:00,6,6.01,6,6,2000,0
2016-07-07,20:10:00,6.01,6.02,6,6,3600,0
2016-07-07,20:15:00,5.995,6,5.99,6,6000,0
2016-07-07,20:20:00,6.01,6.02,6.01,6.02,1500,0
2016-07-07,20:25:00,6.02,6.04,6.02,6.02,4634,0
2016-07-07,20:30:00,6.03,6.04,6.03,6.03,3214,0
2016-07-07,20:35:00,6.03,6.04,6.03,6.035,4237,0
2016-07-07,20:40:00,6.03,6.055,6.03,6.04,6486,0
2016-07-07,20:45:00,6.05,6.05,6.03,6.04,3000,0
2016-07-07,20:50:00,6.035,6.05,6.035,6.05,2642,0
2016-07-07,20:55:00,6.05,6.06,6.03,6.049,5117,0
2016-07-07,21:00:00,6.05,6.06,6.02,6.045,15500,0
2016-07-07,21:05:00,6.04,6.04,6.02,6.03,3300,0
2016-07-07,21:10:00,6.035,6.08,6.035,6.08,15065,0
2016-07-07,21:15:00,6.09,6.12,6.08,6.11,15700,0
2016-07-07,21:20:00,6.11,6.11,6.1,6.11,4800,0
2016-07-07,21:25:00,6.1,6.105,6.08,6.08,4137,0
2016-07-07,21:30:00,6.0801,6.09,6.07,6.08,7700,0
2016-07-07,21:35:00,6.075,6.1,6.075,6.09,4900,0
2016-07-07,21:40:00,6.09,6.1,6.075,6.075,5700,0
2016-07-07,21:45:00,6.075,6.1,6.07,6.07,7500,0
2016-07-07,21:50:00,6.075,6.09,6.075,6.085,8508,0
2016-07-07,21:55:00,6.08,6.09,6.075,6.08,14400,0
2016-07-07,22:00:00,6.08,6.1,6.07,6.1,53916,0
2016-07-08,15:35:00,6.12,6.144,6.07,6.07,5763,0
2016-07-08,15:40:00,6.07,6.08,6.04,6.07,4150,0
2016-07-08,15:45:00,6.07,6.157,6.07,6.157,3890,0
2016-07-08,15:50:00,6.13,6.17,6.11,6.16,26100,0
2016-07-08,15:55:00,6.16,6.16,6.09,6.13,19797,0
2016-07-08,16:00:00,6.11,6.13,6.09,6.11,7200,0
2016-07-08,16:05:00,6.12,6.12,6.1,6.1,1295,0
2016-07-08,16:10:00,6.1,6.1,6.07,6.09,3150,0
2016-07-08,16:15:00,6.09,6.09,6.07,6.07,2300,0
2016-07-08,16:20:00,6.071,6.071,6.04,6.04,6810,0
2016-07-08,16:25:00,6.04,6.09,6.0299,6.08,15175,0
2016-07-08,16:30:00,6.08,6.115,6.08,6.115,1400,0
2016-07-08,16:35:00,6.12,6.13,6.11,6.11,3495,0
2016-07-08,16:40:00,6.11,6.14,6.11,6.13,3200,0
2016-07-08,16:45:00,6.12,6.15,6.12,6.15,7300,0
2016-07-08,16:50:00,6.145,6.145,6.12,6.13,7112,0
2016-07-08,16:55:00,6.13,6.145,6.13,6.13,2400,0
2016-07-08,17:00:00,6.13,6.14,6.13,6.13,4000,0
2016-07-08,17:05:00,6.13,6.13,6.12,6.12,3100,0
2016-07-08,17:10:00,6.12,6.14,6.1,6.1,4550,0
2016-07-08,17:15:00,6.1,6.115,6.1,6.11,1600,0
2016-07-08,17:20:00,6.12,6.13,6.12,6.13,3000,0
2016-07-08,17:25:00,6.14,6.17,6.14,6.17,4295,0
2016-07-08,17:30:00,6.17,6.2,6.17,6.19,12238,0
2016-07-08,17:35:00,6.19,6.195,6.15,6.15,3000,0
2016-07-08,17:40:00,6.15,6.17,6.15,6.17,6200,0
2016-07-08,17:45:00,6.16,6.18,6.16,6.18,2500,0
2016-07-08,17:50:00,6.18,6.19,6.18,6.1862,3600,0
2016-07-08,17:55:00,6.19,6.24,6.1875,6.24,20878,0
2016-07-08,18:00:00,6.24,6.24,6.22,6.22,2833,0
2016-07-08,18:05:00,6.23,6.23,6.21,6.22,4800,0
2016-07-08,18:10:00,6.23,6.24,6.225,6.23,2800,0
2016-07-08,18:15:00,6.23,6.235,6.23,6.23,1000,0
2016-07-08,18:20:00,6.23,6.236,6.23,6.23,1500,0
2016-07-08,18:25:00,6.24,6.24,6.23,6.23,18685,0
2016-07-08,18:30:00,6.23,6.26,6.2299,6.255,15667,0
2016-07-08,18:35:00,6.255,6.26,6.24,6.24,9419,0
2016-07-08,18:40:00,6.23,6.23,6.215,6.22,6423,0
2016-07-08,18:45:00,6.22,6.23,6.215,6.23,6885,0
2016-07-08,18:50:00,6.23,6.24,6.2,6.2,9223,0
2016-07-08,18:55:00,6.2,6.21,6.2,6.2,4690,0
2016-07-08,19:00:00,6.19,6.2,6.18,6.19,4400,0
2016-07-08,19:05:00,6.195,6.195,6.17,6.17,5300,0
2016-07-08,19:10:00,6.17,6.18,6.17,6.17,5410,0
2016-07-08,19:15:00,6.17,6.17,6.16,6.16,5500,0
2016-07-08,19:20:00,6.16,6.18,6.16,6.16,6065,0
2016-07-08,19:25:00,6.16,6.18,6.16,6.18,7200,0
2016-07-08,19:30:00,6.185,6.2,6.17,6.2,14999,0
2016-07-08,19:35:00,6.19,6.2,6.19,6.195,3299,0
2016-07-08,19:40:00,6.19,6.2,6.19,6.19,5700,0
2016-07-08,19:45:00,6.19,6.215,6.19,6.21,7591,0
2016-07-08,19:50:00,6.21,6.22,6.195,6.2,7100,0
2016-07-08,19:55:00,6.205,6.205,6.19,6.19,3400,0
2016-07-08,20:00:00,6.19,6.195,6.185,6.19,5900,0
2016-07-08,20:05:00,6.2,6.2,6.19,6.19,5700,0
2016-07-08,20:10:00,6.19,6.2,6.19,6.2,6500,0
2016-07-08,20:15:00,6.2,6.21,6.195,6.195,13615,0
2016-07-08,20:20:00,6.195,6.23,6.195,6.215,7605,0
2016-07-08,20:25:00,6.215,6.24,6.21,6.235,5395,0
2016-07-08,20:30:00,6.235,6.245,6.23,6.245,6500,0
2016-07-08,20:35:00,6.245,6.265,6.245,6.26,9949,0
2016-07-08,20:40:00,6.25,6.26,6.25,6.255,3450,0
2016-07-08,20:45:00,6.255,6.26,6.25,6.255,6000,0
2016-07-08,20:50:00,6.255,6.255,6.2,6.215,42100,0
2016-07-08,20:55:00,6.22,6.23,6.21,6.23,9570,0
2016-07-08,21:00:00,6.235,6.24,6.22,6.225,5494,0
2016-07-08,21:05:00,6.225,6.225,6.19,6.1975,8600,0
2016-07-08,21:10:00,6.205,6.205,6.19,6.195,5520,0
2016-07-08,21:15:00,6.195,6.2061,6.18,6.185,12750,0
2016-07-08,21:20:00,6.185,6.19,6.18,6.185,4000,0
2016-07-08,21:25:00,6.185,6.185,6.17,6.175,8300,0
2016-07-08,21:30:00,6.175,6.1766,6.17,6.175,7520,0
2016-07-08,21:35:00,6.17,6.17,6.15,6.165,18942,0
2016-07-08,21:40:00,6.165,6.19,6.155,6.19,15800,0
2016-07-08,21:45:00,6.18,6.19,6.16,6.165,11075,0
2016-07-08,21:50:00,6.16,6.17,6.16,6.165,8053,0
2016-07-08,21:55:00,6.17,6.18,6.16,6.17,25959,0
2016-07-08,22:00:00,6.17,6.18,6.17,6.18,89381,0
