Date,Time,Open,High,Low,Close,Volume,OpenInt
2016-06-21,15:35:00,9.96,9.97,9.96,9.97,461,0
2016-06-21,15:40:00,9.9,9.9,9.85,9.85,500,0
2016-06-21,15:45:00,9.81,9.87,9.81,9.838,600,0
2016-06-21,15:50:00,9.79,9.8488,9.78,9.8488,1200,0
2016-06-21,16:05:00,9.86,9.86,9.86,9.86,200,0
2016-06-21,16:10:00,9.8,9.82,9.75,9.79,5999,0
2016-06-21,16:20:00,9.8388,9.8388,9.78,9.78,660,0
2016-06-21,16:25:00,9.81,9.81,9.74,9.76,3200,0
2016-06-21,16:30:00,9.83,9.85,9.81,9.83,900,0
2016-06-21,16:35:00,9.82,9.84,9.77,9.77,300,0
2016-06-21,16:40:00,9.79,9.83,9.79,9.82,500,0
2016-06-21,16:45:00,9.81,9.81,9.77,9.8001,800,0
2016-06-21,16:50:00,9.81,9.82,9.81,9.82,200,0
2016-06-21,16:55:00,9.82,9.82,9.82,9.82,100,0
2016-06-21,17:00:00,9.81,9.81,9.81,9.81,100,0
2016-06-21,17:05:00,9.81,9.84,9.81,9.84,300,0
2016-06-21,17:10:00,9.85,9.85,9.85,9.85,100,0
2016-06-21,17:15:00,9.84,9.85,9.8,9.8201,8502,0
2016-06-21,17:20:00,9.82,9.82,9.78,9.78,836,0
2016-06-21,17:25:00,9.783,9.783,9.783,9.783,350,0
2016-06-21,17:30:00,9.8,9.8,9.79,9.79,800,0
2016-06-21,17:35:00,9.8,9.82,9.8,9.82,2600,0
2016-06-21,17:40:00,9.84,9.84,9.84,9.84,100,0
2016-06-21,17:50:00,9.83,9.83,9.81,9.82,700,0
2016-06-21,17:55:00,9.83,9.84,9.83,9.84,500,0
2016-06-21,18:05:00,9.8001,9.85,9.8001,9.85,2165,0
2016-06-21,18:10:00,9.8599,9.8599,9.8599,9.8599,100,0
2016-06-21,18:15:00,9.86,9.87,9.84,9.87,900,0
2016-06-21,18:20:00,9.84,9.87,9.84,9.87,200,0
2016-06-21,18:25:00,9.87,9.89,9.87,9.89,700,0
2016-06-21,18:30:00,9.89,9.9,9.89,9.9,1100,0
2016-06-21,18:35:00,9.92,9.92,9.89,9.89,366,0
2016-06-21,18:40:00,9.85,9.88,9.77,9.83,10536,0
2016-06-21,18:45:00,9.8,9.86,9.8,9.83,6303,0
2016-06-21,18:50:00,9.82,9.82,9.82,9.82,100,0
2016-06-21,18:55:00,9.82,9.89,9.82,9.89,1000,0
2016-06-21,19:00:00,9.89,9.89,9.89,9.89,300,0
2016-06-21,19:05:00,9.88,9.9,9.87,9.87,800,0
2016-06-21,19:20:00,9.87,9.87,9.87,9.87,100,0
2016-06-21,19:25:00,9.87,9.91,9.86,9.91,2200,0
2016-06-21,19:35:00,9.91,9.93,9.91,9.93,900,0
2016-06-21,19:40:00,9.92,9.92,9.89,9.89,400,0
2016-06-21,19:45:00,9.85,9.89,9.85,9.89,500,0
2016-06-21,19:50:00,9.87,9.8765,9.86,9.8765,1200,0
2016-06-21,19:55:00,9.89,9.91,9.89,9.91,300,0
2016-06-21,20:00:00,9.92,9.95,9.9,9.95,1002,0
2016-06-21,20:05:00,9.9117,9.97,9.9117,9.9599,1230,0
2016-06-21,20:10:00,9.952,9.9699,9.89,9.9699,1410,0
2016-06-21,20:15:00,9.95,9.95,9.95,9.95,4000,0
2016-06-21,20:20:00,9.9,9.9,9.9,9.9,100,0
2016-06-21,20:25:00,9.89,9.89,9.88,9.88,300,0
2016-06-21,20:30:00,9.88,9.88,9.88,9.88,300,0
2016-06-21,20:35:00,9.89,9.91,9.89,9.91,1200,0
2016-06-21,20:40:00,9.91,9.91,9.91,9.91,300,0
2016-06-21,20:45:00,9.943,9.943,9.93,9.93,340,0
2016-06-21,20:55:00,9.96,9.96,9.96,9.96,100,0
2016-06-21,21:05:00,9.96,9.97,9.96,9.97,900,0
2016-06-21,21:15:00,9.94,9.94,9.94,9.94,100,0
2016-06-21,21:20:00,9.95,9.95,9.95,9.95,200,0
2016-06-21,21:25:00,9.9499,9.9499,9.92,9.946,1378,0
2016-06-21,21:30:00,9.95,9.97,9.95,9.97,2414,0
2016-06-21,21:35:00,9.97,9.97,9.94,9.96,1800,0
2016-06-21,21:40:00,9.95,9.96,9.95,9.96,600,0
2016-06-21,21:45:00,9.96,9.96,9.96,9.96,300,0
2016-06-21,21:50:00,9.96,9.97,9.95,9.9501,3410,0
2016-06-21,21:55:00,9.96,9.98,9.95,9.97,5131,0
2016-06-21,22:00:00,9.96,9.98,9.95,9.98,15592,0
2016-06-22,15:35:00,9.93,10.09,9.93,10.09,1110,0
2016-06-22,15:40:00,10.0524,10.18,10.0524,10.17,1050,0
2016-06-22,15:45:00,10.17,10.22,10.04,10.04,3148,0
2016-06-22,15:50:00,10.03,10.16,10.03,10.16,1200,0
2016-06-22,15:55:00,10.1,10.17,10.1,10.17,1500,0
2016-06-22,16:00:00,10.16,10.22,10.12,10.12,1500,0
2016-06-22,16:05:00,10.12,10.17,10.09,10.09,2000,0
2016-06-22,16:10:00,10.1,10.11,10.1,10.11,200,0
2016-06-22,16:15:00,10.12,10.19,10.1,10.14,2000,0
2016-06-22,16:20:00,10.15,10.16,10.14,10.14,600,0
2016-06-22,16:25:00,10.13,10.13,10.09,10.1,954,0
2016-06-22,16:30:00,10.11,10.16,10.11,10.16,1200,0
2016-06-22,16:35:00,10.12,10.19,10.11,10.19,1400,0
2016-06-22,16:40:00,10.17,10.17,10.15,10.15,1100,0
2016-06-22,16:45:00,10.14,10.18,10.14,10.18,1075,0
2016-06-22,16:50:00,10.14,10.14,10.07,10.1,3200,0
2016-06-22,16:55:00,10.09,10.11,10.09,10.1,4400,0
2016-06-22,17:00:00,10.1,10.1,10.07,10.09,3943,0
2016-06-22,17:05:00,10.09,10.1,10.0892,10.0892,2431,0
2016-06-22,17:10:00,10.1,10.1,10.08,10.1,2220,0
2016-06-22,17:15:00,10.1,10.1,10.05,10.0855,1544,0
2016-06-22,17:20:00,10.1,10.1,10.09,10.1,2778,0
2016-06-22,17:25:00,10.1,10.1,10.08,10.09,2400,0
2016-06-22,17:30:00,10.1,10.1,10.08,10.0928,1180,0
2016-06-22,17:35:00,10.08,10.08,10.08,10.08,650,0
2016-06-22,17:40:00,10.06,10.1,10.06,10.1,600,0
2016-06-22,17:45:00,10.09,10.09,10.08,10.08,800,0
2016-06-22,17:50:00,10.09,10.15,10.09,10.14,959,0
2016-06-22,17:55:00,10.13,10.143,10.1,10.1,1800,0
2016-06-22,18:00:00,10.1,10.1,10.1,10.1,2224,0
2016-06-22,18:05:00,10.1,10.1,10.04,10.04,400,0
2016-06-22,18:20:00,10.07,10.07,10.03,10.03,300,0
2016-06-22,18:25:00,10.07,10.07,10,10,400,0
2016-06-22,18:30:00,10,10.02,10,10.01,400,0
2016-06-22,18:35:00,10.01,10.01,10.01,10.01,100,0
2016-06-22,18:40:00,10.01,10.01,10.01,10.01,200,0
2016-06-22,18:45:00,10.01,10.01,9.97,9.975,1150,0
2016-06-22,18:55:00,9.97,9.97,9.97,9.97,300,0
2016-06-22,19:05:00,9.96,9.96,9.95,9.95,300,0
2016-06-22,19:10:00,9.94,9.94,9.94,9.94,100,0
2016-06-22,19:15:00,9.9,9.91,9.9,9.91,200,0
2016-06-22,19:25:00,9.89,9.89,9.89,9.89,100,0
2016-06-22,19:40:00,9.882,9.94,9.88,9.94,5993,0
2016-06-22,19:50:00,9.93,9.93,9.93,9.93,100,0
2016-06-22,19:55:00,9.93,9.93,9.93,9.93,100,0
2016-06-22,20:00:00,9.9526,9.9526,9.94,9.94,451,0
2016-06-22,20:05:00,9.93,9.93,9.93,9.93,100,0
2016-06-22,20:10:00,9.95,9.96,9.945,9.96,2000,0
2016-06-22,20:15:00,9.9427,9.9427,9.9,9.9101,1315,0
2016-06-22,20:20:00,9.91,9.91,9.91,9.91,100,0
2016-06-22,20:25:00,9.9027,9.9027,9.9027,9.9027,143,0
2016-06-22,20:30:00,9.89,9.89,9.88,9.88,400,0
2016-06-22,20:35:00,9.9,9.94,9.89,9.92,3600,0
2016-06-22,20:50:00,9.9499,9.9499,9.92,9.92,253,0
2016-06-22,20:55:00,9.93,9.93,9.93,9.93,100,0
2016-06-22,21:00:00,9.92,9.92,9.92,9.92,100,0
2016-06-22,21:05:00,9.93,9.95,9.925,9.95,1663,0
2016-06-22,21:10:00,9.9499,9.9499,9.92,9.92,498,0
2016-06-22,21:20:00,9.95,9.95,9.95,9.95,100,0
2016-06-22,21:25:00,9.93,9.93,9.86,9.89,5337,0
2016-06-22,21:30:00,9.875,9.89,9.875,9.89,200,0
2016-06-22,21:35:00,9.87,9.89,9.87,9.89,1367,0
2016-06-22,21:40:00,9.9,9.9,9.9,9.9,900,0
2016-06-22,21:45:00,9.91,9.91,9.91,9.91,200,0
2016-06-22,21:50:00,9.9,9.9,9.885,9.885,2650,0
2016-06-22,21:55:00,9.87,9.94,9.86,9.92,8934,0
2016-06-22,22:00:00,9.9,9.94,9.8975,9.92,12511,0
2016-06-23,15:35:00,10,10,9.86,9.86,4104,0
2016-06-23,15:40:00,9.98,10,9.96,9.96,3500,0
2016-06-23,15:45:00,9.9,9.9,9.9,9.9,100,0
2016-06-23,16:00:00,9.96,9.96,9.87,9.93,3100,0
2016-06-23,16:05:00,9.9,9.98,9.89,9.96,1536,0
2016-06-23,16:10:00,9.89,9.97,9.89,9.93,3700,0
2016-06-23,16:15:00,9.93,9.93,9.83,9.84,3500,0
2016-06-23,16:20:00,9.84,9.91,9.79,9.82,5300,0
2016-06-23,16:25:00,9.82,9.87,9.82,9.87,900,0
2016-06-23,16:30:00,9.9,9.9,9.88,9.9,2400,0
2016-06-23,16:35:00,9.9,9.91,9.85,9.85,1300,0
2016-06-23,16:40:00,9.87,9.905,9.87,9.905,706,0
2016-06-23,16:45:00,9.97,9.97,9.97,9.97,100,0
2016-06-23,16:55:00,9.99,9.99,9.932,9.932,2437,0
2016-06-23,17:00:00,9.932,10,9.92,9.97,30774,0
2016-06-23,17:05:00,9.97,10,9.94,9.9599,19248,0
2016-06-23,17:10:00,9.94,9.94,9.89,9.9,18200,0
2016-06-23,17:15:00,9.9,9.96,9.89,9.94,11312,0
2016-06-23,17:20:00,9.96,10.01,9.935,9.99,24062,0
2016-06-23,17:25:00,9.99,10.1,9.99,10.1,600,0
2016-06-23,17:30:00,10.11,10.195,10.11,10.195,1612,0
2016-06-23,17:35:00,10.195,10.24,10.195,10.23,2900,0
2016-06-23,17:40:00,10.24,10.28,10.12,10.14,8504,0
2016-06-23,17:45:00,10.1,10.1,9.995,9.995,6400,0
2016-06-23,17:50:00,10.01,10.02,9.9,9.92,9750,0
2016-06-23,17:55:00,9.915,10,9.915,9.95,14500,0
2016-06-23,18:00:00,9.98,9.98,9.83,9.87,24882,0
2016-06-23,18:05:00,9.9,9.91,9.9,9.91,300,0
2016-06-23,18:10:00,9.88,9.91,9.8,9.88,13500,0
2016-06-23,18:15:00,9.9,9.925,9.87,9.87,3900,0
2016-06-23,18:20:00,9.87,9.9,9.86,9.9,3932,0
2016-06-23,18:25:00,9.9,9.91,9.89,9.9,600,0
2016-06-23,18:30:00,9.9,9.9,9.87,9.88,6770,0
2016-06-23,18:35:00,9.9,9.92,9.85,9.85,2600,0
2016-06-23,18:40:00,9.86,9.87,9.81,9.86,14562,0
2016-06-23,18:45:00,9.84,9.85,9.8,9.82,11000,0
2016-06-23,18:50:00,9.82,9.835,9.79,9.81,21600,0
2016-06-23,18:55:00,9.81,9.81,9.73,9.73,2700,0
2016-06-23,19:00:00,9.73,9.8,9.73,9.73,3200,0
2016-06-23,19:05:00,9.72,9.77,9.7,9.72,12150,0
2016-06-23,19:10:00,9.73,9.8,9.72,9.74,6083,0
2016-06-23,19:15:00,9.74,9.8,9.71,9.77,23268,0
2016-06-23,19:20:00,9.76,9.8,9.74,9.8,3700,0
2016-06-23,19:25:00,9.795,9.89,9.79,9.85,6500,0
2016-06-23,19:30:00,9.85,9.89,9.85,9.88,7508,0
2016-06-23,19:35:00,9.86,9.89,9.825,9.85,4900,0
2016-06-23,19:40:00,9.877,9.88,9.83,9.83,9426,0
2016-06-23,19:45:00,9.83,9.83,9.81,9.82,2600,0
2016-06-23,19:50:00,9.84,9.88,9.84,9.85,1900,0
2016-06-23,19:55:00,9.85,9.88,9.83,9.87,4857,0
2016-06-23,20:00:00,9.84,9.89,9.8,9.86,15512,0
2016-06-23,20:05:00,9.85,9.85,9.75,9.75,2500,0
2016-06-23,20:10:00,9.75,9.79,9.74,9.75,6800,0
2016-06-23,20:15:00,9.74,9.76,9.72,9.76,18400,0
2016-06-23,20:20:00,9.77,9.8,9.77,9.78,4326,0
2016-06-23,20:25:00,9.79,9.81,9.76,9.78,5200,0
2016-06-23,20:30:00,9.81,9.84,9.79,9.8,3000,0
2016-06-23,20:35:00,9.8,9.83,9.75,9.75,5414,0
2016-06-23,20:40:00,9.77,9.78,9.71,9.75,17523,0
2016-06-23,20:45:00,9.72,9.73,9.67,9.71,5400,0
2016-06-23,20:50:00,9.69,9.73,9.66,9.66,5612,0
2016-06-23,20:55:00,9.66,9.69,9.61,9.66,8039,0
2016-06-23,21:00:00,9.74,9.74,9.74,9.74,100,0
2016-06-23,21:05:00,9.7,9.72,9.7,9.72,5600,0
2016-06-23,21:10:00,9.72,9.75,9.72,9.75,700,0
2016-06-23,21:15:00,9.75,9.75,9.75,9.75,700,0
2016-06-23,21:20:00,9.79,9.8,9.78,9.8,3555,0
2016-06-23,21:25:00,9.85,9.98,9.84,9.98,11200,0
2016-06-23,21:30:00,9.97,9.98,9.9,9.9,5300,0
2016-06-23,21:35:00,9.91,9.92,9.91,9.92,900,0
2016-06-23,21:40:00,9.95,9.95,9.93,9.95,1600,0
2016-06-23,21:45:00,9.95,9.96,9.95,9.96,300,0
2016-06-23,21:50:00,9.98,9.98,9.94,9.94,3452,0
2016-06-23,21:55:00,9.96,10,9.96,10,6141,0
2016-06-23,22:00:00,9.995,9.995,9.95,9.97,8662,0
2016-06-24,15:35:00,9.63,9.84,9.63,9.84,1881,0
2016-06-24,15:45:00,9.56,9.56,9.49,9.5,2200,0
2016-06-24,15:50:00,9.48,9.57,9.48,9.525,5646,0
2016-06-24,15:55:00,9.53,9.56,9.49,9.5,5633,0
2016-06-24,16:00:00,9.5,9.5,9.5,9.5,200,0
2016-06-24,16:05:00,9.55,9.59,9.51,9.55,3299,0
2016-06-24,16:10:00,9.55,9.56,9.55,9.55,4397,0
2016-06-24,16:15:00,9.55,9.6101,9.55,9.61,3600,0
2016-06-24,16:20:00,9.6,9.6,9.52,9.54,4719,0
2016-06-24,16:25:00,9.53,9.58,9.53,9.58,700,0
2016-06-24,16:30:00,9.52,9.55,9.51,9.51,3800,0
2016-06-24,16:35:00,9.52,9.53,9.51,9.51,3300,0
2016-06-24,16:40:00,9.51,9.55,9.51,9.55,5293,0
2016-06-24,16:45:00,9.53,9.54,9.51,9.51,4700,0
2016-06-24,16:50:00,9.51,9.51,9.51,9.51,2800,0
2016-06-24,16:55:00,9.51,9.52,9.51,9.51,5500,0
2016-06-24,17:00:00,9.5399,9.5399,9.51,9.53,2124,0
2016-06-24,17:05:00,9.52,9.52,9.51,9.52,2300,0
2016-06-24,17:10:00,9.51,9.52,9.51,9.51,5300,0
2016-06-24,17:15:00,9.51,9.52,9.51,9.52,7092,0
2016-06-24,17:20:00,9.51,9.52,9.51,9.51,5263,0
2016-06-24,17:25:00,9.51,9.51,9.44,9.44,27753,0
2016-06-24,17:30:00,9.44,9.49,9.44,9.45,2500,0
2016-06-24,17:35:00,9.46,9.46,9.46,9.46,1300,0
2016-06-24,17:40:00,9.45,9.46,9.44,9.45,2000,0
2016-06-24,17:45:00,9.45,9.45,9.44,9.44,2500,0
2016-06-24,17:50:00,9.44,9.46,9.44,9.44,5700,0
2016-06-24,17:55:00,9.44,9.44,9.44,9.44,3900,0
2016-06-24,18:00:00,9.44,9.46,9.44,9.44,4646,0
2016-06-24,18:05:00,9.44,9.46,9.44,9.44,5985,0
2016-06-24,18:10:00,9.44,9.44,9.44,9.44,5100,0
2016-06-24,18:15:00,9.44,9.44,9.39,9.39,11629,0
2016-06-24,18:20:00,9.4,9.4,9.36,9.38,2600,0
2016-06-24,18:25:00,9.38,9.4,9.33,9.35,9038,0
2016-06-24,18:30:00,9.37,9.37,9.34,9.34,2700,0
2016-06-24,18:35:00,9.34,9.35,9.33,9.33,3848,0
2016-06-24,18:40:00,9.33,9.34,9.33,9.33,11625,0
2016-06-24,18:45:00,9.33,9.34,9.33,9.33,5600,0
2016-06-24,18:50:00,9.33,9.34,9.33,9.33,2400,0
2016-06-24,18:55:00,9.33,9.34,9.33,9.33,3600,0
2016-06-24,19:00:00,9.33,9.34,9.3,9.34,15069,0
2016-06-24,19:05:00,9.3,9.31,9.27,9.28,3400,0
2016-06-24,19:10:00,9.28,9.28,9.25,9.25,1150,0
2016-06-24,19:15:00,9.25,9.2605,9.22,9.25,13350,0
2016-06-24,19:20:00,9.25,9.28,9.25,9.26,3300,0
2016-06-24,19:25:00,9.26,9.27,9.25,9.25,3700,0
2016-06-24,19:30:00,9.24,9.24,9.18,9.19,4300,0
2016-06-24,19:35:00,9.18,9.19,9.17,9.18,1700,0
2016-06-24,19:40:00,9.18,9.2,9.17,9.2,2800,0
2016-06-24,19:45:00,9.2,9.2099,9.2,9.2099,2000,0
2016-06-24,19:50:00,9.21,9.23,9.205,9.23,3800,0
2016-06-24,19:55:00,9.23,9.23,9.19,9.2,7741,0
2016-06-24,20:00:00,9.2,9.22,9.19,9.205,3900,0
2016-06-24,20:05:00,9.2,9.22,9.2,9.2,5900,0
2016-06-24,20:10:00,9.2,9.22,9.19,9.22,4596,0
2016-06-24,20:15:00,9.215,9.215,9.17,9.18,3300,0
2016-06-24,20:20:00,9.19,9.2,9.17,9.19,3456,0
2016-06-24,20:25:00,9.19,9.205,9.19,9.2,2800,0
2016-06-24,20:30:00,9.2,9.22,9.2,9.21,1500,0
2016-06-24,20:35:00,9.21,9.21,9.18,9.19,5200,0
2016-06-24,20:40:00,9.18,9.2,9.18,9.2,6200,0
2016-06-24,20:45:00,9.19,9.2,9.17,9.17,38887,0
2016-06-24,20:50:00,9.17,9.18,9.15,9.15,13856,0
2016-06-24,20:55:00,9.14,9.16,9.08,9.11,8311,0
2016-06-24,21:00:00,9.13,9.19,9.13,9.18,1579,0
2016-06-24,21:05:00,9.18,9.18,9.16,9.18,3806,0
2016-06-24,21:10:00,9.18,9.19,9.17,9.19,4150,0
2016-06-24,21:15:00,9.2,9.2137,9.2,9.2137,1200,0
2016-06-24,21:20:00,9.21,9.25,9.21,9.25,2153,0
2016-06-24,21:25:00,9.27,9.29,9.27,9.29,1000,0
2016-06-24,21:30:00,9.29,9.32,9.29,9.32,700,0
2016-06-24,21:35:00,9.32,9.34,9.31,9.325,800,0
2016-06-24,21:40:00,9.33,9.33,9.31,9.312,2900,0
2016-06-24,21:45:00,9.33,9.35,9.33,9.35,700,0
2016-06-24,21:50:00,9.36,9.37,9.33,9.3579,1578,0
2016-06-24,21:55:00,9.33,9.38,9.31,9.36,6065,0
2016-06-24,22:00:00,9.36,9.365,9.31,9.32,19244,0
2016-06-27,15:35:00,9.23,9.23,9.1307,9.1307,2061,0
2016-06-27,15:45:00,9.07,9.08,8.96,9.06,4699,0
2016-06-27,15:50:00,9.06,9.06,8.96,9,2600,0
2016-06-27,15:55:00,8.9555,8.9555,8.91,8.95,2100,0
2016-06-27,16:05:00,8.99,8.99,8.96,8.96,1200,0
2016-06-27,16:10:00,8.94,8.98,8.91,8.96,4000,0
2016-06-27,16:15:00,8.925,8.94,8.925,8.94,400,0
2016-06-27,16:20:00,8.93,8.94,8.92,8.93,2980,0
2016-06-27,16:25:00,8.91,8.936,8.9,8.936,4200,0
2016-06-27,16:30:00,8.93,8.93,8.93,8.93,300,0
2016-06-27,16:35:00,8.92,8.94,8.92,8.94,600,0
2016-06-27,16:40:00,8.95,8.96,8.95,8.95,325,0
2016-06-27,16:45:00,8.96,8.98,8.94,8.96,2165,0
2016-06-27,16:50:00,8.96,8.96,8.94,8.95,1700,0
2016-06-27,16:55:00,8.93,8.96,8.93,8.96,1300,0
2016-06-27,17:00:00,8.9412,8.9412,8.93,8.93,3025,0
2016-06-27,17:05:00,8.94,8.96,8.94,8.95,1735,0
2016-06-27,17:10:00,8.94,8.96,8.94,8.95,700,0
2016-06-27,17:15:00,8.94,8.94,8.94,8.94,200,0
2016-06-27,17:20:00,8.95,8.96,8.93,8.94,2600,0
2016-06-27,17:25:00,8.94,8.94,8.93,8.93,7180,0
2016-06-27,17:30:00,8.935,8.96,8.935,8.96,2700,0
2016-06-27,17:35:00,8.96,9,8.95,9,1700,0
2016-06-27,17:40:00,9.01,9.01,9.01,9.01,500,0
2016-06-27,17:45:00,9.03,9.04,9.03,9.04,1205,0
2016-06-27,17:50:00,9.03,9.03,9.01,9.01,2677,0
2016-06-27,17:55:00,9,9.01,9,9.01,696,0
2016-06-27,18:00:00,9.01,9.03,9.01,9.03,300,0
2016-06-27,18:05:00,9.01,9.01,8.96,8.96,1739,0
2016-06-27,18:15:00,8.95,8.97,8.95,8.97,1300,0
2016-06-27,18:20:00,8.97,8.98,8.96,8.97,800,0
2016-06-27,18:25:00,8.97,8.98,8.95,8.95,1000,0
2016-06-27,18:30:00,8.95,8.95,8.95,8.95,100,0
2016-06-27,18:35:00,8.95,8.96,8.95,8.95,1600,0
2016-06-27,18:40:00,8.95,8.96,8.95,8.96,1300,0
2016-06-27,18:45:00,8.97,8.97,8.97,8.97,100,0
2016-06-27,18:50:00,8.96,8.98,8.96,8.98,1700,0
2016-06-27,18:55:00,8.99,9,8.98,8.98,1554,0
2016-06-27,19:00:00,8.99,9.04,8.99,9.04,2550,0
2016-06-27,19:05:00,9.01,9.03,9.01,9.03,1039,0
2016-06-27,19:15:00,9,9.02,9,9.02,400,0
2016-06-27,19:20:00,9.03,9.05,9.03,9.03,1813,0
2016-06-27,19:25:00,9.02,9.02,9.01,9.01,200,0
2016-06-27,19:30:00,9.01,9.0301,9.01,9.0301,5800,0
2016-06-27,19:35:00,9.01,9.01,8.98,9.01,5294,0
2016-06-27,19:40:00,9.01,9.01,8.99,9,1600,0
2016-06-27,19:45:00,8.98,8.98,8.96,8.96,10500,0
2016-06-27,19:50:00,8.97,8.99,8.97,8.97,6634,0
2016-06-27,19:55:00,8.97,8.97,8.96,8.97,900,0
2016-06-27,20:00:00,8.97,8.97,8.96,8.97,600,0
2016-06-27,20:05:00,8.97,9,8.9699,8.97,4773,0
2016-06-27,20:10:00,8.97,8.99,8.97,8.99,1700,0
2016-06-27,20:15:00,8.98,8.98,8.95,8.95,400,0
2016-06-27,20:20:00,8.97,8.98,8.97,8.98,1500,0
2016-06-27,20:25:00,8.96,9.01,8.96,9.01,2800,0
2016-06-27,20:30:00,9.01,9.01,9.01,9.01,343,0
2016-06-27,20:35:00,8.98,8.98,8.97,8.98,1288,0
2016-06-27,20:40:00,8.95,8.98,8.95,8.973,892,0
2016-06-27,20:45:00,8.97,8.97,8.97,8.97,700,0
2016-06-27,20:50:00,8.98,8.98,8.96,8.96,3963,0
2016-06-27,21:00:00,8.96,8.96,8.945,8.96,1110,0
2016-06-27,21:05:00,8.955,8.98,8.955,8.98,800,0
2016-06-27,21:10:00,8.96,8.97,8.96,8.96,700,0
2016-06-27,21:15:00,8.97,8.97,8.95,8.96,400,0
2016-06-27,21:20:00,8.96,8.96,8.95,8.96,1200,0
2016-06-27,21:25:00,8.97,8.97,8.94,8.96,4400,0
2016-06-27,21:30:00,8.96,8.96,8.94,8.94,1718,0
2016-06-27,21:35:00,8.94,8.94,8.94,8.94,200,0
2016-06-27,21:40:00,8.96,8.99,8.96,8.97,7900,0
2016-06-27,21:45:00,8.97,8.975,8.97,8.975,1100,0
2016-06-27,21:50:00,8.98,9,8.98,8.9999,7464,0
2016-06-27,21:55:00,8.995,9,8.97,9,7370,0
2016-06-27,22:00:00,9,9,8.97,9,14383,0
2016-06-28,15:35:00,8.89,9.1418,8.8701,8.92,26086,0
2016-06-28,15:40:00,8.92,9.04,8.92,9.04,2450,0
2016-06-28,15:45:00,9.05,9.06,8.985,9.04,1500,0
2016-06-28,15:50:00,9.05,9.1,9.04,9.1,900,0
2016-06-28,15:55:00,9.12,9.13,9.12,9.13,300,0
2016-06-28,16:00:00,9.13,9.14,9.13,9.13,400,0
2016-06-28,16:05:00,9.13,9.13,9.05,9.1,2700,0
2016-06-28,16:10:00,9.11,9.11,9.05,9.05,2900,0
2016-06-28,16:15:00,9.06,9.07,9.05,9.05,300,0
2016-06-28,16:20:00,9.04,9.06,8.985,9.01,3800,0
2016-06-28,16:25:00,9,9.01,8.93,8.94,4200,0
2016-06-28,16:30:00,8.925,8.94,8.92,8.94,1900,0
2016-06-28,16:35:00,8.95,8.95,8.94,8.94,655,0
2016-06-28,16:40:00,8.945,8.945,8.9199,8.94,4386,0
2016-06-28,16:45:00,8.94,8.94,8.87,8.94,17993,0
2016-06-28,16:50:00,8.95,8.96,8.95,8.95,1000,0
2016-06-28,16:55:00,8.95,8.97,8.95,8.97,1400,0
2016-06-28,17:00:00,8.9974,8.9974,8.96,8.96,3000,0
2016-06-28,17:05:00,8.96,9.02,8.94,9.02,16390,0
2016-06-28,17:10:00,9.01,9.04,8.96,8.97,8559,0
2016-06-28,17:15:00,8.99,8.99,8.97,8.98,1300,0
2016-06-28,17:20:00,8.98,9,8.97,9,1580,0
2016-06-28,17:25:00,9,9,9,9,1500,0
2016-06-28,17:30:00,9,9,9,9,600,0
2016-06-28,17:35:00,9,9.04,9,9.04,2152,0
2016-06-28,17:40:00,9.04,9.1,9.03,9.1,3000,0
2016-06-28,17:45:00,9.11,9.12,9.1,9.1,3900,0
2016-06-28,17:50:00,9.1,9.105,9.09,9.105,800,0
2016-06-28,17:55:00,9.11,9.13,9.11,9.13,1600,0
2016-06-28,18:00:00,9.14,9.14,9.1199,9.1199,2714,0
2016-06-28,18:05:00,9.09,9.11,9.06,9.06,1000,0
2016-06-28,18:10:00,9.06,9.06,9.03,9.04,4072,0
2016-06-28,18:15:00,9.04,9.04,9.025,9.04,2649,0
2016-06-28,18:20:00,9.04,9.04,9.015,9.02,1300,0
2016-06-28,18:25:00,9.01,9.02,9.01,9.01,2447,0
2016-06-28,18:30:00,9.01,9.01,8.99,8.99,1904,0
2016-06-28,18:35:00,8.98,8.98,8.98,8.98,200,0
2016-06-28,18:40:00,8.99,8.99,8.97,8.97,1200,0
2016-06-28,18:45:00,8.98,8.99,8.98,8.98,2000,0
2016-06-28,18:50:00,8.98,8.98,8.935,8.94,2700,0
2016-06-28,18:55:00,8.95,8.99,8.9499,8.99,3000,0
2016-06-28,19:00:00,9.01,9.01,9.01,9.01,1700,0
2016-06-28,19:05:00,9,9,8.97,8.9822,3143,0
2016-06-28,19:10:00,8.99,9.01,8.99,9.01,1300,0
2016-06-28,19:15:00,9.01,9.01,8.96,8.96,2100,0
2016-06-28,19:20:00,8.96,8.975,8.96,8.97,1000,0
2016-06-28,19:25:00,8.98,8.98,8.9411,8.9411,3145,0
2016-06-28,19:30:00,8.96,8.97,8.96,8.97,300,0
2016-06-28,19:35:00,8.97,8.97,8.91,8.96,4500,0
2016-06-28,19:40:00,8.95,8.99,8.95,8.99,1500,0
2016-06-28,19:45:00,8.99,9,8.99,9,300,0
2016-06-28,19:50:00,9,9,9,9,1979,0
2016-06-28,19:55:00,9,9.04,9,9.04,2000,0
2016-06-28,20:00:00,9.04,9.045,9.03,9.03,3800,0
2016-06-28,20:05:00,9.03,9.03,9,9.02,3100,0
2016-06-28,20:10:00,9.04,9.04,9.02,9.0238,2450,0
2016-06-28,20:15:00,9.02,9.03,9.02,9.03,700,0
2016-06-28,20:20:00,9.03,9.03,9.02,9.03,900,0
2016-06-28,20:25:00,9.03,9.035,9,9.0095,3030,0
2016-06-28,20:30:00,9.01,9.01,9,9.01,1300,0
2016-06-28,20:35:00,9,9.02,9,9.02,4110,0
2016-06-28,20:40:00,9.02,9.02,9.01,9.01,400,0
2016-06-28,20:45:00,9.02,9.02,8.98,8.99,3200,0
2016-06-28,20:50:00,8.99,8.998,8.99,8.99,1404,0
2016-06-28,20:55:00,8.99,8.99,8.98,8.99,500,0
2016-06-28,21:00:00,8.99,8.9901,8.98,8.98,1693,0
2016-06-28,21:05:00,8.96,8.9701,8.96,8.97,1600,0
2016-06-28,21:10:00,8.97,8.97,8.965,8.97,1100,0
2016-06-28,21:15:00,8.98,8.99,8.96,8.99,1900,0
2016-06-28,21:20:00,8.98,8.98,8.97,8.97,600,0
2016-06-28,21:25:00,8.98,8.98,8.96,8.96,2669,0
2016-06-28,21:30:00,8.96,8.99,8.96,8.99,7800,0
2016-06-28,21:35:00,8.99,9.015,8.99,9,4884,0
2016-06-28,21:40:00,9,9.055,9,9.05,4000,0
2016-06-28,21:45:00,9.05,9.06,9.044,9.05,5183,0
2016-06-28,21:50:00,9.05,9.075,9.05,9.065,7185,0
2016-06-28,21:55:00,9.07,9.08,9.06,9.07,6555,0
2016-06-28,22:00:00,9.08,9.08,9.04,9.04,11157,0
2016-06-29,15:35:00,9.02,9.16,9,9.16,258600,0
2016-06-29,15:40:00,9.075,9.18,8.99,9.01,3200,0
2016-06-29,15:45:00,9.03,9.15,9.03,9.1,5200,0
2016-06-29,15:50:00,9.12,9.17,9.12,9.17,3100,0
2016-06-29,15:55:00,9.17,9.18,9.17,9.17,1488,0
2016-06-29,16:00:00,9.18,9.18,9.15,9.17,1500,0
2016-06-29,16:05:00,9.15,9.18,9.14,9.18,1900,0
2016-06-29,16:10:00,9.1644,9.17,9.12,9.14,2778,0
2016-06-29,16:15:00,9.14,9.145,9.0901,9.0901,3800,0
2016-06-29,16:20:00,9.1,9.12,9.08,9.12,4300,0
2016-06-29,16:25:00,9.105,9.105,9.08,9.08,1518,0
2016-06-29,16:30:00,9.08,9.1,9.06,9.1,3400,0
2016-06-29,16:35:00,9.1,9.1,9.1,9.1,900,0
2016-06-29,16:40:00,9.1,9.5,9.0989,9.49,75784,0
2016-06-29,16:45:00,9.51,9.634,9.3201,9.4,64498,0
2016-06-29,16:50:00,9.37,9.41,9.33,9.41,4950,0
2016-06-29,16:55:00,9.47,9.5,9.42,9.42,2800,0
2016-06-29,17:00:00,9.37,9.4,9.3101,9.34,3800,0
2016-06-29,17:05:00,9.35,9.48,9.35,9.46,14020,0
2016-06-29,17:10:00,9.47,9.5,9.45,9.49,3200,0
2016-06-29,17:15:00,9.5,9.5,9.45,9.45,6250,0
2016-06-29,17:20:00,9.465,9.5,9.465,9.5,3900,0
2016-06-29,17:25:00,9.48,9.48,9.47,9.47,1200,0
2016-06-29,17:30:00,9.462,9.49,9.462,9.49,926,0
2016-06-29,17:35:00,9.49,9.5,9.45,9.49,2100,0
2016-06-29,17:40:00,9.48,9.49,9.47,9.4714,1900,0
2016-06-29,17:45:00,9.47,9.47,9.45,9.45,600,0
2016-06-29,17:50:00,9.45,9.45,9.43,9.43,500,0
2016-06-29,17:55:00,9.44,9.48,9.44,9.48,1000,0
2016-06-29,18:00:00,9.48,9.49,9.45,9.47,3300,0
2016-06-29,18:05:00,9.45,9.45,9.37,9.39,2900,0
2016-06-29,18:10:00,9.4,9.46,9.39,9.46,11500,0
2016-06-29,18:15:00,9.4595,9.47,9.44,9.45,3000,0
2016-06-29,18:20:00,9.4437,9.4501,9.42,9.45,6300,0
2016-06-29,18:25:00,9.44,9.44,9.44,9.44,200,0
2016-06-29,18:30:00,9.45,9.47,9.45,9.47,800,0
2016-06-29,18:35:00,9.44,9.45,9.3801,9.395,7600,0
2016-06-29,18:40:00,9.4,9.44,9.4,9.44,2200,0
2016-06-29,18:45:00,9.43,9.46,9.43,9.46,600,0
2016-06-29,18:50:00,9.43,9.43,9.4,9.42,1700,0
2016-06-29,18:55:00,9.44,9.44,9.44,9.44,200,0
2016-06-29,19:00:00,9.4214,9.4214,9.41,9.41,1200,0
2016-06-29,19:05:00,9.41,9.42,9.38,9.38,4600,0
2016-06-29,19:10:00,9.39,9.39,9.35,9.35,1300,0
2016-06-29,19:15:00,9.34,9.34,9.34,9.34,500,0
2016-06-29,19:20:00,9.34,9.35,9.33,9.35,1500,0
2016-06-29,19:25:00,9.35,9.39,9.35,9.39,718,0
2016-06-29,19:30:00,9.4,9.4,9.34,9.34,1713,0
2016-06-29,19:40:00,9.36,9.37,9.35,9.354,1800,0
2016-06-29,19:45:00,9.35,9.36,9.35,9.36,2400,0
2016-06-29,19:50:00,9.36,9.365,9.36,9.36,3048,0
2016-06-29,19:55:00,9.36,9.38,9.36,9.38,800,0
2016-06-29,20:00:00,9.37,9.44,9.37,9.44,52200,0
2016-06-29,20:05:00,9.43,9.44,9.42,9.42,1400,0
2016-06-29,20:10:00,9.42,9.46,9.42,9.46,4783,0
2016-06-29,20:15:00,9.47,9.5,9.47,9.5,1700,0
2016-06-29,20:20:00,9.5,9.5,9.4999,9.5,1700,0
2016-06-29,20:25:00,9.4958,9.4958,9.49,9.49,258,0
2016-06-29,20:30:00,9.5,9.51,9.5,9.51,300,0
2016-06-29,20:35:00,9.51,9.525,9.5,9.5,3200,0
2016-06-29,20:40:00,9.5,9.5,9.49,9.5,1700,0
2016-06-29,20:45:00,9.5,9.53,9.5,9.53,2066,0
2016-06-29,20:50:00,9.53,9.535,9.52,9.53,3600,0
2016-06-29,20:55:00,9.53,9.53,9.51,9.52,1700,0
2016-06-29,21:00:00,9.52,9.6,9.52,9.58,16201,0
2016-06-29,21:05:00,9.565,9.6,9.565,9.5956,3000,0
2016-06-29,21:10:00,9.6,9.6,9.56,9.58,6070,0
2016-06-29,21:15:00,9.58,9.6,9.575,9.59,6100,0
2016-06-29,21:20:00,9.6,9.65,9.5875,9.65,27762,0
2016-06-29,21:25:00,9.668,9.7,9.66,9.7,3647,0
2016-06-29,21:30:00,9.68,9.7,9.67,9.69,8400,0
2016-06-29,21:35:00,9.7,9.7,9.675,9.7,10090,0
2016-06-29,21:40:00,9.7,9.71,9.69,9.7,18300,0
2016-06-29,21:45:00,9.7,9.74,9.7,9.74,9135,0
2016-06-29,21:50:00,9.74,9.79,9.7,9.79,21202,0
2016-06-29,21:55:00,9.78,9.785,9.73,9.77,18070,0
2016-06-29,22:00:00,9.77,9.775,9.72,9.73,31746,0
2016-06-30,15:35:00,9.81,9.93,9.81,9.84,5679,0
2016-06-30,15:40:00,9.86,9.88,9.86,9.87,1937,0
2016-06-30,15:45:00,9.87,9.87,9.82,9.8428,1400,0
2016-06-30,15:50:00,9.84,9.84,9.82,9.84,7800,0
2016-06-30,15:55:00,9.84,9.85,9.84,9.85,1600,0
2016-06-30,16:05:00,9.835,9.89,9.83,9.85,3400,0
2016-06-30,16:10:00,9.85,9.85,9.83,9.83,1368,0
2016-06-30,16:15:00,9.82,9.82,9.81,9.81,200,0
2016-06-30,16:20:00,9.82,9.82,9.79,9.79,800,0
2016-06-30,16:25:00,9.79,9.81,9.79,9.81,1300,0
2016-06-30,16:30:00,9.8,9.8,9.8,9.8,600,0
2016-06-30,16:35:00,9.79,9.79,9.76,9.78,1400,0
2016-06-30,16:40:00,9.78,9.78,9.74,9.75,3466,0
2016-06-30,16:45:00,9.75,9.75,9.74,9.74,800,0
2016-06-30,16:50:00,9.75,9.78,9.75,9.78,1200,0
2016-06-30,16:55:00,9.81,9.82,9.81,9.81,2500,0
2016-06-30,17:05:00,9.82,9.85,9.82,9.85,1300,0
2016-06-30,17:10:00,9.85,9.85,9.84,9.845,2500,0
2016-06-30,17:15:00,9.83,9.83,9.78,9.81,3017,0
2016-06-30,17:20:00,9.8379,9.85,9.8379,9.85,5400,0
2016-06-30,17:25:00,9.8407,9.8411,9.82,9.83,3131,0
2016-06-30,17:30:00,9.84,9.84,9.8314,9.8314,2050,0
2016-06-30,17:35:00,9.85,9.85,9.84,9.84,400,0
2016-06-30,17:40:00,9.86,9.86,9.86,9.86,900,0
2016-06-30,17:45:00,9.87,9.88,9.8699,9.88,1600,0
2016-06-30,17:50:00,9.8889,9.8889,9.88,9.88,900,0
2016-06-30,17:55:00,9.88,9.89,9.87,9.89,2000,0
2016-06-30,18:00:00,9.9,9.94,9.9,9.93,22888,0
2016-06-30,18:05:00,9.95,10.01,9.95,10,13000,0
2016-06-30,18:10:00,9.98,9.98,9.98,9.98,200,0
2016-06-30,18:15:00,10.02,10.02,10.02,10.02,300,0
2016-06-30,18:20:00,10.02,10.03,10.02,10.03,500,0
2016-06-30,18:25:00,10.05,10.05,10.05,10.05,100,0
2016-06-30,18:30:00,10.04,10.04,10.03,10.03,500,0
2016-06-30,18:35:00,10.025,10.04,10.02,10.03,5721,0
2016-06-30,18:45:00,10.02,10.02,10.02,10.02,300,0
2016-06-30,18:50:00,10.03,10.06,10.02,10.05,7800,0
2016-06-30,18:55:00,10.05,10.05,10.04,10.04,400,0
2016-06-30,19:00:00,10.04,10.04,10.04,10.04,500,0
2016-06-30,19:05:00,10.04,10.04,10.03,10.04,1329,0
2016-06-30,19:10:00,10.04,10.05,10.04,10.04,800,0
2016-06-30,19:15:00,10.04,10.05,10.01,10.02,2400,0
2016-06-30,19:20:00,10.02,10.02,10.01,10.02,1344,0
2016-06-30,19:25:00,10.02,10.0224,10,10.01,2806,0
2016-06-30,19:30:00,10.01,10.01,10.01,10.01,400,0
2016-06-30,19:35:00,10,10.02,10,10.02,500,0
2016-06-30,19:40:00,10.02,10.02,9.96,9.96,4272,0
2016-06-30,19:45:00,9.97,9.99,9.97,9.98,900,0
2016-06-30,19:50:00,9.98,9.985,9.98,9.98,1723,0
2016-06-30,19:55:00,9.98,10,9.97,10,2700,0
2016-06-30,20:00:00,10,10.01,9.98,9.98,1700,0
2016-06-30,20:05:00,9.99,9.99,9.99,9.99,400,0
2016-06-30,20:10:00,9.99,10,9.97,10,5572,0
2016-06-30,20:15:00,10,10,10,10,200,0
2016-06-30,20:20:00,10,10.005,9.99,9.99,2100,0
2016-06-30,20:25:00,10,10,9.99,9.99,1400,0
2016-06-30,20:30:00,9.99,9.995,9.99,9.995,3797,0
2016-06-30,20:35:00,10,10.035,9.99,9.99,7000,0
2016-06-30,20:40:00,10,10.01,10,10,400,0
2016-06-30,20:45:00,10.01,10.025,10.01,10.01,1800,0
2016-06-30,20:50:00,10.01,10.02,10.01,10.02,1000,0
2016-06-30,20:55:00,10.01,10.03,10.01,10.03,1100,0
2016-06-30,21:00:00,10.02,10.035,10.02,10.02,2300,0
2016-06-30,21:05:00,10.01,10.01,10.0099,10.0099,900,0
2016-06-30,21:10:00,10,10.01,10,10,1100,0
2016-06-30,21:15:00,10,10.006,10,10,823,0
2016-06-30,21:20:00,10,10,9.97,9.9914,22800,0
2016-06-30,21:25:00,9.99,10,9.99,10,200,0
2016-06-30,21:30:00,10.01,10.05,10.005,10.03,16699,0
2016-06-30,21:35:00,10.0325,10.035,10.03,10.03,1300,0
2016-06-30,21:40:00,10.035,10.035,9.995,10,7800,0
2016-06-30,21:45:00,10,10.005,9.99,9.99,8932,0
2016-06-30,21:50:00,9.99,10.005,9.965,10,15368,0
2016-06-30,21:55:00,9.99,10,9.98,10,7498,0
2016-06-30,22:00:00,9.995,10,9.99,9.99,21090,0
2016-07-01,15:35:00,10.07,10.09,9.99,10.02,4131,0
2016-07-01,15:40:00,10.1,10.11,10,10.03,3775,0
2016-07-01,15:45:00,10.04,10.05,9.98,10,2400,0
2016-07-01,15:50:00,10,10.005,9.96,10.005,800,0
2016-07-01,15:55:00,9.98,10,9.97,9.98,1700,0
2016-07-01,16:00:00,10,10.01,9.96,9.96,3300,0
2016-07-01,16:05:00,9.99,10.07,9.98,10.03,2750,0
2016-07-01,16:10:00,10.045,10.07,10.03,10.04,3500,0
2016-07-01,16:15:00,10.05,10.12,10.05,10.06,8300,0
2016-07-01,16:20:00,10.07,10.12,10.01,10.06,9744,0
2016-07-01,16:25:00,10.08,10.08,10.015,10.05,3000,0
2016-07-01,16:30:00,10.04,10.04,10.02,10.02,1300,0
2016-07-01,16:35:00,10.02,10.09,10.02,10.09,2200,0
2016-07-01,16:40:00,10.09,10.11,10.07,10.07,4000,0
2016-07-01,16:45:00,10.07,10.1,10.05,10.05,1750,0
2016-07-01,16:50:00,10.05,10.11,10.05,10.08,5670,0
2016-07-01,16:55:00,10.08,10.11,10.08,10.11,1400,0
2016-07-01,17:00:00,10.11,10.11,10.1,10.1,700,0
2016-07-01,17:05:00,10.1,10.1,10.05,10.05,3950,0
2016-07-01,17:10:00,10.05,10.08,10.02,10.03,3496,0
2016-07-01,17:15:00,10.04,10.05,10.04,10.04,1701,0
2016-07-01,17:20:00,10.04,10.06,10.01,10.01,1900,0
2016-07-01,17:25:00,10.02,10.05,10,10,3550,0
2016-07-01,17:30:00,9.99,10.01,9.99,10,1300,0
2016-07-01,17:35:00,10.02,10.02,10.0111,10.0111,900,0
2016-07-01,17:40:00,10.02,10.03,10,10,3650,0
2016-07-01,17:45:00,10,10.01,10,10,2300,0
2016-07-01,17:50:00,10,10.02,10,10.01,3000,0
2016-07-01,17:55:00,10.01,10.01,10,10.01,1300,0
2016-07-01,18:00:00,10.01,10.02,10.01,10.01,1100,0
2016-07-01,18:05:00,10.01,10.01,9.97,9.97,7600,0
2016-07-01,18:10:00,9.98,10,9.975,9.975,2200,0
2016-07-01,18:15:00,9.98,9.99,9.98,9.99,200,0
2016-07-01,18:20:00,9.995,10.02,9.995,10.01,3551,0
2016-07-01,18:25:00,10.01,10.03,10.01,10.01,2708,0
2016-07-01,18:30:00,10.01,10.01,10.01,10.01,800,0
2016-07-01,18:35:00,10.02,10.02,10.01,10.02,700,0
2016-07-01,18:40:00,10.01,10.03,10.01,10.01,1300,0
2016-07-01,18:45:00,10.01,10.02,10.01,10.02,500,0
2016-07-01,18:50:00,10.01,10.02,10.01,10.01,709,0
2016-07-01,18:55:00,10.01,10.03,10.01,10.01,1000,0
2016-07-01,19:00:00,10.01,10.02,10,10,4400,0
2016-07-01,19:05:00,10,10.01,10,10,1200,0
2016-07-01,19:10:00,10,10.005,10,10,1000,0
2016-07-01,19:15:00,10,10.0099,10,10,1605,0
2016-07-01,19:20:00,10,10.02,10,10.02,4600,0
2016-07-01,19:25:00,10.01,10.02,10.01,10.01,2458,0
2016-07-01,19:30:00,10.005,10.02,10,10,2600,0
2016-07-01,19:35:00,10,10.02,9.97,10,6900,0
2016-07-01,19:40:00,10,10.01,10,10,900,0
2016-07-01,19:45:00,10,10.02,10,10,2000,0
2016-07-01,19:50:00,10.01,10.02,10,10.02,6003,0
2016-07-01,19:55:00,10.02,10.02,10.01,10.01,800,0
2016-07-01,20:00:00,10.01,10.02,10.01,10.015,1100,0
2016-07-01,20:05:00,10.015,10.015,10.01,10.01,1100,0
2016-07-01,20:10:00,10.01,10.02,10.01,10.01,1400,0
2016-07-01,20:15:00,10.01,10.01,10.01,10.01,1100,0
2016-07-01,20:20:00,10.01,10.02,10.01,10.01,2000,0
2016-07-01,20:25:00,10.02,10.02,10.01,10.01,7000,0
2016-07-01,20:30:00,10,10.01,10,10,1900,0
2016-07-01,20:35:00,10,10.01,10,10,1200,0
2016-07-01,20:40:00,10.0062,10.01,10,10,5800,0
2016-07-01,20:45:00,10,10,10,10,2327,0
2016-07-01,20:50:00,10,10.01,10,10,1800,0
2016-07-01,20:55:00,10,10.02,10,10.01,5471,0
2016-07-01,21:00:00,10,10.02,10,10.02,3100,0
2016-07-01,21:05:00,10.015,10.02,10.01,10.02,1300,0
2016-07-01,21:10:00,10.015,10.04,10.01,10.04,9663,0
2016-07-01,21:15:00,10.04,10.05,10.04,10.05,3950,0
2016-07-01,21:20:00,10.05,10.05,10.04,10.05,2732,0
2016-07-01,21:25:00,10.05,10.055,10.04,10.045,8800,0
2016-07-01,21:30:00,10.04,10.05,10.04,10.045,2760,0
2016-07-01,21:35:00,10.04,10.05,10.04,10.04,3564,0
2016-07-01,21:40:00,10.0401,10.05,10.02,10.02,4900,0
2016-07-01,21:45:00,10.02,10.06,10.01,10.05,7616,0
2016-07-01,21:50:00,10.05,10.07,10.05,10.06,2700,0
2016-07-01,21:55:00,10.06,10.06,10.04,10.04,2900,0
2016-07-01,22:00:00,10.04,10.05,10.02,10.03,15900,0
2016-07-05,15:35:00,10,10.01,10,10.01,2728,0
2016-07-05,15:40:00,10,10,9.95,9.95,1100,0
2016-07-05,15:45:00,9.85,9.85,9.79,9.8,1400,0
2016-07-05,15:50:00,9.81,9.86,9.77,9.86,1800,0
2016-07-05,15:55:00,9.87,9.87,9.835,9.835,700,0
2016-07-05,16:00:00,9.87,9.94,9.87,9.94,2665,0
2016-07-05,16:05:00,9.98,9.98,9.935,9.95,2600,0
2016-07-05,16:10:00,9.92,9.92,9.85,9.85,3105,0
2016-07-05,16:15:00,9.9,9.95,9.9,9.93,2100,0
2016-07-05,16:20:00,9.93,9.9311,9.91,9.9311,720,0
2016-07-05,16:25:00,9.93,9.93,9.91,9.91,500,0
2016-07-05,16:30:00,9.9235,9.9235,9.9,9.9,300,0
2016-07-05,16:35:00,9.92,9.92,9.89,9.89,1400,0
2016-07-05,16:40:00,9.9,9.9299,9.9,9.92,700,0
2016-07-05,16:45:00,9.93,9.96,9.93,9.93,1200,0
2016-07-05,16:50:00,9.92,9.94,9.905,9.92,1600,0
2016-07-05,16:55:00,9.9,9.9,9.89,9.89,300,0
2016-07-05,17:00:00,9.87,9.88,9.86,9.88,1200,0
2016-07-05,17:05:00,9.87,9.87,9.87,9.87,200,0
2016-07-05,17:10:00,9.84,9.84,9.81,9.84,1900,0
2016-07-05,17:15:00,9.85,9.85,9.82,9.82,1200,0
2016-07-05,17:20:00,9.82,9.86,9.82,9.86,1200,0
2016-07-05,17:25:00,9.86,9.89,9.86,9.89,1800,0
2016-07-05,17:30:00,9.89,9.9,9.89,9.9,900,0
2016-07-05,17:35:00,9.91,9.91,9.88,9.88,600,0
2016-07-05,17:40:00,9.87,9.89,9.85,9.85,1500,0
2016-07-05,17:45:00,9.83,9.83,9.83,9.83,400,0
2016-07-05,17:50:00,9.81,9.81,9.8,9.8,1007,0
2016-07-05,17:55:00,9.8,9.8,9.78,9.78,800,0
2016-07-05,18:00:00,9.81,9.82,9.79,9.8,3329,0
2016-07-05,18:05:00,9.83,9.83,9.81,9.81,400,0
2016-07-05,18:10:00,9.82,9.84,9.82,9.84,200,0
2016-07-05,18:15:00,9.85,9.85,9.84,9.84,1100,0
2016-07-05,18:25:00,9.85,9.86,9.85,9.85,1200,0
2016-07-05,18:30:00,9.86,9.87,9.86,9.87,600,0
2016-07-05,18:35:00,9.86,9.86,9.86,9.86,300,0
2016-07-05,18:40:00,9.86,9.86,9.83,9.83,600,0
2016-07-05,18:45:00,9.83,9.83,9.8299,9.83,2367,0
2016-07-05,18:50:00,9.85,9.85,9.85,9.85,500,0
2016-07-05,18:55:00,9.85,9.85,9.82,9.82,1383,0
2016-07-05,19:00:00,9.82,9.84,9.82,9.84,200,0
2016-07-05,19:05:00,9.83,9.84,9.81,9.84,6536,0
2016-07-05,19:10:00,9.84,9.87,9.84,9.87,2200,0
2016-07-05,19:15:00,9.86,9.86,9.86,9.86,1600,0
2016-07-05,19:25:00,9.86,9.86,9.86,9.86,600,0
2016-07-05,19:30:00,9.87,9.87,9.86,9.86,900,0
2016-07-05,19:35:00,9.86,9.88,9.86,9.88,300,0
2016-07-05,19:40:00,9.88,9.88,9.87,9.88,3400,0
2016-07-05,19:45:00,9.87,9.87,9.87,9.87,200,0
2016-07-05,19:50:00,9.86,9.88,9.86,9.88,500,0
2016-07-05,20:00:00,9.87,9.88,9.87,9.88,400,0
2016-07-05,20:05:00,9.87,9.88,9.87,9.88,1500,0
2016-07-05,20:10:00,9.88,9.88,9.865,9.865,6868,0
2016-07-05,20:15:00,9.86,9.87,9.86,9.865,1300,0
2016-07-05,20:20:00,9.87,9.87,9.865,9.865,1400,0
2016-07-05,20:25:00,9.87,9.88,9.87,9.8729,2723,0
2016-07-05,20:30:00,9.88,9.88,9.86,9.86,1627,0
2016-07-05,20:35:00,9.87,9.9,9.87,9.9,1800,0
2016-07-05,20:45:00,9.91,9.91,9.9,9.9,1200,0
2016-07-05,20:50:00,9.895,9.9,9.89,9.9,1700,0
2016-07-05,20:55:00,9.9,9.9,9.9,9.9,700,0
2016-07-05,21:00:00,9.91,9.91,9.91,9.91,1300,0
2016-07-05,21:05:00,9.91,9.91,9.91,9.91,900,0
2016-07-05,21:10:00,9.92,9.92,9.915,9.92,890,0
2016-07-05,21:15:00,9.92,9.92,9.92,9.92,500,0
2016-07-05,21:20:00,9.92,9.9201,9.92,9.9201,3100,0
2016-07-05,21:25:00,9.92,9.92,9.885,9.8916,3300,0
2016-07-05,21:30:00,9.9,9.902,9.9,9.902,1600,0
2016-07-05,21:35:00,9.91,9.91,9.8932,9.8932,3700,0
2016-07-05,21:40:00,9.9,9.92,9.9,9.91,5757,0
2016-07-05,21:45:00,9.9116,9.9116,9.9032,9.91,1000,0
2016-07-05,21:50:00,9.91,9.92,9.91,9.91,25503,0
2016-07-05,21:55:00,9.9,9.9,9.8732,9.88,4636,0
2016-07-05,22:00:00,9.88,9.89,9.85,9.85,10769,0
2016-07-06,15:35:00,9.75,9.75,9.67,9.67,3361,0
2016-07-06,15:40:00,9.65,9.69,9.52,9.52,3890,0
2016-07-06,15:45:00,9.51,9.58,9.51,9.55,1902,0
2016-07-06,15:50:00,9.57,9.62,9.57,9.62,400,0
2016-07-06,15:55:00,9.63,9.63,9.6,9.62,600,0
2016-07-06,16:00:00,9.59,9.6003,9.56,9.6003,555,0
2016-07-06,16:05:00,9.64,9.675,9.61,9.67,3200,0
2016-07-06,16:10:00,9.66,9.66,9.62,9.65,301100,0
2016-07-06,16:15:00,9.62,9.62,9.62,9.62,100,0
2016-07-06,16:20:00,9.61,9.61,9.61,9.61,400,0
2016-07-06,16:25:00,9.595,9.6502,9.595,9.65,4365,0
2016-07-06,16:30:00,9.655,9.66,9.61,9.61,3525,0
2016-07-06,16:35:00,9.65,9.65,9.65,9.65,100,0
2016-07-06,16:40:00,9.65,9.69,9.65,9.69,1700,0
2016-07-06,16:45:00,9.68,9.68,9.68,9.68,378,0
2016-07-06,16:50:00,9.69,9.7,9.69,9.7,1600,0
2016-07-06,16:55:00,9.71,9.74,9.71,9.73,7800,0
2016-07-06,17:00:00,9.73,9.75,9.72,9.75,4647,0
2016-07-06,17:05:00,9.75,9.755,9.74,9.74,4295,0
2016-07-06,17:10:00,9.74,9.75,9.7,9.7,2515,0
2016-07-06,17:20:00,9.745,9.8,9.74,9.78,5600,0
2016-07-06,17:25:00,9.79,9.81,9.79,9.8,2600,0
2016-07-06,17:30:00,9.79,9.79,9.77,9.78,1978,0
2016-07-06,17:35:00,9.79,9.79,9.78,9.78,1400,0
2016-07-06,17:40:00,9.76,9.76,9.71,9.71,2500,0
2016-07-06,17:45:00,9.7,9.705,9.66,9.6601,6000,0
2016-07-06,17:50:00,9.67,9.68,9.67,9.68,600,0
2016-07-06,17:55:00,9.69,9.73,9.69,9.71,5300,0
2016-07-06,18:00:00,9.72,9.76,9.67,9.74,31750,0
2016-07-06,18:05:00,9.71,9.76,9.68,9.71,21385,0
2016-07-06,18:10:00,9.72,9.73,9.71,9.73,2900,0
2016-07-06,18:15:00,9.73,9.76,9.73,9.74,1650,0
2016-07-06,18:20:00,9.75,9.76,9.74,9.76,2100,0
2016-07-06,18:25:00,9.77,9.79,9.77,9.79,1700,0
2016-07-06,18:30:00,9.78,9.78,9.78,9.78,200,0
2016-07-06,18:35:00,9.79,9.79,9.78,9.79,1600,0
2016-07-06,18:40:00,9.8,9.8,9.78,9.795,1500,0
2016-07-06,18:45:00,9.79,9.81,9.79,9.81,2590,0
2016-07-06,18:50:00,9.81,9.82,9.8,9.8,3050,0
2016-07-06,18:55:00,9.8,9.81,9.8,9.81,1000,0
2016-07-06,19:00:00,9.81,9.85,9.81,9.84,2200,0
2016-07-06,19:05:00,9.85,9.85,9.84,9.85,1700,0
2016-07-06,19:10:00,9.855,9.86,9.79,9.8,16506,0
2016-07-06,19:15:00,9.8,9.85,9.78,9.83,25481,0
2016-07-06,19:20:00,9.8,9.83,9.79,9.8201,12472,0
2016-07-06,19:30:00,9.84,9.85,9.84,9.85,1200,0
2016-07-06,19:35:00,9.85,9.855,9.85,9.85,5800,0
2016-07-06,19:40:00,9.85,9.85,9.85,9.85,300,0
2016-07-06,19:45:00,9.85,9.855,9.85,9.85,700,0
2016-07-06,19:50:00,9.85,9.85,9.85,9.85,500,0
2016-07-06,19:55:00,9.85,9.86,9.85,9.85,2200,0
2016-07-06,20:00:00,9.85,9.86,9.84,9.85,1000,0
2016-07-06,20:05:00,9.85,9.85,9.84,9.84,1100,0
2016-07-06,20:10:00,9.82,9.825,9.82,9.825,400,0
2016-07-06,20:15:00,9.83,9.83,9.82,9.82,2804,0
2016-07-06,20:20:00,9.82,9.82,9.81,9.815,2050,0
2016-07-06,20:25:00,9.83,9.85,9.82,9.84,1800,0
2016-07-06,20:30:00,9.84,9.85,9.84,9.85,1500,0
2016-07-06,20:35:00,9.85,9.85,9.845,9.85,1100,0
2016-07-06,20:40:00,9.85,9.85,9.845,9.85,2500,0
2016-07-06,20:45:00,9.85,9.86,9.85,9.85,800,0
2016-07-06,20:50:00,9.85,9.85,9.84,9.85,800,0
2016-07-06,20:55:00,9.845,9.85,9.83,9.85,4500,0
2016-07-06,21:00:00,9.85,9.8599,9.85,9.85,1367,0
2016-07-06,21:05:00,9.85,9.85,9.84,9.84,600,0
2016-07-06,21:10:00,9.84,9.85,9.835,9.85,1300,0
2016-07-06,21:15:00,9.85,9.85,9.84,9.84,2400,0
2016-07-06,21:20:00,9.845,9.845,9.835,9.835,700,0
2016-07-06,21:25:00,9.83,9.835,9.81,9.81,1100,0
2016-07-06,21:30:00,9.815,9.84,9.81,9.84,900,0
2016-07-06,21:35:00,9.84,9.85,9.8,9.8,5102,0
2016-07-06,21:40:00,9.8,9.81,9.8,9.8,2000,0
2016-07-06,21:45:00,9.8,9.8001,9.795,9.8,1800,0
2016-07-06,21:50:00,9.8,9.805,9.78,9.78,3000,0
2016-07-06,21:55:00,9.78,9.81,9.775,9.81,2800,0
2016-07-06,22:00:00,9.81,9.82,9.8,9.81,17780,0
2016-07-07,15:35:00,9.78,9.89,9.78,9.89,1700,0
2016-07-07,15:40:00,9.955,9.96,9.86,9.86,1600,0
2016-07-07,15:50:00,9.92,9.94,9.92,9.94,400,0
2016-07-07,16:00:00,9.95,9.96,9.95,9.95,1100,0
2016-07-07,16:05:00,9.95,9.98,9.95,9.98,400,0
2016-07-07,16:10:00,9.96,9.96,9.96,9.96,400,0
2016-07-07,16:15:00,9.95,9.95,9.95,9.95,300,0
2016-07-07,16:20:00,9.94,9.9767,9.94,9.96,2731,0
2016-07-07,16:30:00,9.98,10,9.93,9.94,16059,0
2016-07-07,16:35:00,9.94,9.97,9.9,9.96,15180,0
2016-07-07,16:40:00,9.99,10,9.97,9.97,12340,0
2016-07-07,16:45:00,9.99,9.99,9.97,9.98,3900,0
2016-07-07,16:50:00,9.93,9.99,9.93,9.96,1900,0
2016-07-07,17:00:00,9.97,9.97,9.93,9.93,500,0
2016-07-07,17:05:00,9.94,9.94,9.87,9.93,5214,0
2016-07-07,17:10:00,9.91,9.92,9.89,9.89,7280,0
2016-07-07,17:20:00,9.92,9.92,9.9,9.9,600,0
2016-07-07,17:25:00,9.91,9.92,9.91,9.91,1000,0
2016-07-07,17:30:00,9.91,9.93,9.91,9.93,1100,0
2016-07-07,17:35:00,9.925,9.925,9.92,9.92,864,0
2016-07-07,17:40:00,9.92,9.95,9.92,9.94,11303,0
2016-07-07,17:45:00,9.95,9.95,9.95,9.95,275,0
2016-07-07,17:50:00,9.95,9.95,9.95,9.95,1500,0
2016-07-07,17:55:00,9.94,9.94,9.94,9.94,300,0
2016-07-07,18:00:00,9.94,9.94,9.94,9.94,100,0
2016-07-07,18:05:00,9.94,9.94,9.9334,9.9334,697,0
2016-07-07,18:10:00,9.94,9.94,9.94,9.94,400,0
2016-07-07,18:15:00,9.94,9.94,9.94,9.94,200,0
2016-07-07,18:20:00,9.95,9.95,9.94,9.94,300,0
2016-07-07,18:25:00,9.94,9.94,9.89,9.89,1552,0
2016-07-07,18:30:00,9.91,9.93,9.89,9.89,2300,0
2016-07-07,18:35:00,9.89,9.9018,9.89,9.9018,400,0
2016-07-07,18:40:00,9.89,9.89,9.87,9.87,300,0
2016-07-07,18:45:00,9.89,9.89,9.87,9.89,300,0
2016-07-07,18:50:00,9.89,9.89,9.87,9.87,200,0
2016-07-07,18:55:00,9.88,9.88,9.84,9.84,300,0
2016-07-07,19:00:00,9.84,9.84,9.84,9.84,100,0
2016-07-07,19:05:00,9.84,9.84,9.84,9.84,300,0
2016-07-07,19:10:00,9.85,9.85,9.85,9.85,100,0
2016-07-07,19:15:00,9.85,9.85,9.85,9.85,100,0
2016-07-07,19:20:00,9.86,9.88,9.86,9.88,600,0
2016-07-07,19:25:00,9.88,9.89,9.88,9.89,300,0
2016-07-07,19:30:00,9.8899,9.8899,9.8899,9.8899,105,0
2016-07-07,19:35:00,9.89,9.89,9.885,9.89,500,0
2016-07-07,19:40:00,9.9,9.9,9.9,9.9,200,0
2016-07-07,19:45:00,9.9,9.9,9.86,9.86,2200,0
2016-07-07,19:50:00,9.86,9.87,9.86,9.87,200,0
2016-07-07,19:55:00,9.86,9.86,9.86,9.86,600,0
2016-07-07,20:00:00,9.87,9.87,9.87,9.87,100,0
2016-07-07,20:05:00,9.86,9.86,9.86,9.86,200,0
2016-07-07,20:10:00,9.85,9.85,9.8345,9.85,975,0
2016-07-07,20:15:00,9.84,9.84,9.83,9.8399,2600,0
2016-07-07,20:20:00,9.84,9.87,9.84,9.86,5125,0
2016-07-07,20:25:00,9.86,9.86,9.86,9.86,1700,0
2016-07-07,20:30:00,9.87,9.898,9.87,9.88,3039,0
2016-07-07,20:35:00,9.88,9.88,9.87,9.874,541,0
2016-07-07,20:40:00,9.87,9.87,9.87,9.87,400,0
2016-07-07,20:45:00,9.87,9.87,9.8625,9.87,6021,0
2016-07-07,20:50:00,9.89,9.89,9.89,9.89,1900,0
2016-07-07,20:55:00,9.91,9.91,9.91,9.91,1400,0
2016-07-07,21:05:00,9.92,9.94,9.92,9.94,4000,0
2016-07-07,21:10:00,9.95,9.97,9.95,9.97,700,0
2016-07-07,21:15:00,9.98,9.98,9.98,9.98,100,0
2016-07-07,21:20:00,9.975,9.99,9.97,9.99,4550,0
2016-07-07,21:25:00,9.98,10,9.98,9.99,4600,0
2016-07-07,21:30:00,10,10,9.9945,10,3587,0
2016-07-07,21:35:00,10,10,9.99,10,600,0
2016-07-07,21:40:00,9.99,9.99,9.93,9.96,5700,0
2016-07-07,21:45:00,9.96,9.96,9.95,9.95,2100,0
2016-07-07,21:50:00,9.94,9.94,9.91,9.915,2400,0
2016-07-07,21:55:00,9.91,9.93,9.91,9.93,2655,0
2016-07-07,22:00:00,9.92,9.94,9.91,9.92,8300,0
2016-07-08,15:35:00,9.93,9.93,9.93,9.93,2063,0
2016-07-08,15:40:00,10.02,10.1,10.02,10.1,2200,0
2016-07-08,15:45:00,10.09,10.09,10.03,10.03,800,0
2016-07-08,15:50:00,10.02,10.06,10.02,10.06,500,0
2016-07-08,15:55:00,10.05,10.1,10.02,10.05,5648,0
2016-07-08,16:00:00,10.05,10.07,10.05,10.06,600,0
2016-07-08,16:05:00,10.06,10.1,10.06,10.06,1987,0
2016-07-08,16:10:00,10.06,10.1,10.06,10.06,2200,0
2016-07-08,16:15:00,10.04,10.06,10.04,10.06,300,0
2016-07-08,16:20:00,10.05,10.07,10.05,10.05,1500,0
2016-07-08,16:25:00,10.04,10.04,9.99,10.015,4800,0
2016-07-08,16:30:00,10.01,10.05,10,10,2430,0
2016-07-08,16:35:00,10.02,10.04,9.98,10,2200,0
2016-07-08,16:40:00,9.98,10.01,9.98,10.01,500,0
2016-07-08,16:45:00,10.02,10.02,10,10,1000,0
2016-07-08,16:50:00,9.99,10.01,9.99,9.99,500,0
2016-07-08,16:55:00,9.985,10.05,9.98,10.02,1600,0
2016-07-08,17:00:00,10.04,10.04,10,10,3100,0
2016-07-08,17:05:00,10.01,10.05,10,10.04,4300,0
2016-07-08,17:10:00,10.03,10.04,10.03,10.04,300,0
2016-07-08,17:15:00,10.04,10.05,10.03,10.03,1500,0
2016-07-08,17:20:00,10.04,10.05,10.04,10.05,1900,0
2016-07-08,17:25:00,10.05,10.06,10.04,10.05,10212,0
2016-07-08,17:30:00,10.05,10.07,10.02,10.02,5000,0
2016-07-08,17:35:00,10.02,10.08,9.99,10.05,19400,0
2016-07-08,17:40:00,10.05,10.07,9.99,10.06,16086,0
2016-07-08,17:45:00,10.06,10.07,10.02,10.04,6100,0
2016-07-08,17:50:00,10.04,10.04,10.02,10.03,1300,0
2016-07-08,17:55:00,10.03,10.07,10.03,10.05,2900,0
2016-07-08,18:00:00,10.07,10.07,10.05,10.06,700,0
2016-07-08,18:05:00,10.05,10.0699,10.05,10.0699,400,0
2016-07-08,18:10:00,10.04,10.04,10.04,10.04,100,0
2016-07-08,18:15:00,10.0634,10.08,10.01,10.04,7040,0
2016-07-08,18:20:00,10.05,10.05,10.05,10.05,700,0
2016-07-08,18:25:00,10.05,10.06,10.04,10.06,3400,0
2016-07-08,18:30:00,10.06,10.06,10.06,10.06,1400,0
2016-07-08,18:35:00,10.07,10.07,10.07,10.07,100,0
2016-07-08,18:40:00,10.0699,10.0699,10.05,10.06,2300,0
2016-07-08,18:45:00,10.07,10.07,10.07,10.07,2600,0
2016-07-08,18:50:00,10.07,10.07,10.07,10.07,500,0
2016-07-08,18:55:00,10.0701,10.1,10.07,10.0999,5800,0
2016-07-08,19:00:00,10.09,10.09,10.09,10.09,2037,0
2016-07-08,19:05:00,10.08,10.08,10.05,10.06,1000,0
2016-07-08,19:10:00,10.06,10.1,10.06,10.1,1821,0
2016-07-08,19:15:00,10.1,10.1,10.0899,10.0899,7880,0
2016-07-08,19:20:00,10.08,10.08,10.065,10.08,1500,0
2016-07-08,19:25:00,10.08,10.1,10.075,10.0999,3000,0
2016-07-08,19:30:00,10.09,10.09,10.0679,10.08,2050,0
2016-07-08,19:35:00,10.0899,10.0899,10.0899,10.0899,100,0
2016-07-08,19:40:00,10.0899,10.0899,10.06,10.06,300,0
2016-07-08,19:45:00,10.08,10.08,10.07,10.07,500,0
2016-07-08,19:50:00,10.07,10.09,10.07,10.09,1700,0
2016-07-08,19:55:00,10.085,10.09,10.06,10.06,1900,0
2016-07-08,20:00:00,10.055,10.07,10.04,10.04,1300,0
2016-07-08,20:05:00,10.05,10.05,10.05,10.05,100,0
2016-07-08,20:10:00,10.05,10.05,10.04,10.04,1000,0
2016-07-08,20:15:00,10.04,10.04,10.04,10.04,100,0
2016-07-08,20:20:00,10.03,10.04,10.03,10.03,300,0
2016-07-08,20:25:00,10.035,10.04,10.03,10.03,1200,0
2016-07-08,20:30:00,10.03,10.04,10.03,10.04,400,0
2016-07-08,20:35:00,10.04,10.04,10.04,10.04,200,0
2016-07-08,20:40:00,10.035,10.05,10.01,10.01,1300,0
2016-07-08,20:45:00,10.01,10.03,10.01,10.02,600,0
2016-07-08,20:50:00,10.02,10.02,9.98,10.02,3100,0
2016-07-08,20:55:00,10.01,10.01,10.01,10.01,400,0
2016-07-08,21:00:00,10.02,10.02,9.98,9.98,2200,0
2016-07-08,21:05:00,9.97,10.02,9.97,10.02,4100,0
2016-07-08,21:15:00,10.04,10.05,10.035,10.05,800,0
2016-07-08,21:20:00,10.06,10.06,10.02,10.02,1781,0
2016-07-08,21:25:00,10.025,10.025,9.99,10,3000,0
2016-07-08,21:30:00,10,10.01,10,10.01,2100,0
2016-07-08,21:35:00,10.01,10.02,10.0016,10.005,2053,0
2016-07-08,21:40:00,10,10.04,10,10.0399,2300,0
2016-07-08,21:45:00,10.04,10.04,10,10,6200,0
2016-07-08,21:50:00,10.0058,10.04,10,10.04,3500,0
2016-07-08,21:55:00,10.04,10.055,10.02,10.04,9925,0
2016-07-08,22:00:00,10.03,10.04,9.99,10.02,21769,0
