Date,Time,Open,High,Low,Close,Volume,OpenInt
2015-09-21,15:35:00,51.057,51.057,51.048,51.048,23,0
2015-09-21,16:15:00,51.048,51.942,51.048,51.942,37,0
2015-09-21,16:20:00,51.048,51.048,51.048,51.048,11,0
2015-09-21,16:25:00,49.254,49.254,49.254,49.254,14,0
2015-09-21,17:00:00,49.899,49.899,49.899,49.899,23,0
2015-09-21,17:15:00,49.254,49.254,47.67,47.67,11,0
2015-09-21,17:20:00,47.67,47.67,47.67,47.67,1,0
2015-09-21,17:25:00,48.369,48.369,48.369,48.369,11,0
2015-09-21,17:50:00,49.473,49.473,49.473,49.473,11,0
2015-09-21,19:30:00,49.266,49.266,49.266,49.266,14,0
2015-09-21,19:45:00,49.266,49.266,49.254,49.266,16,0
2015-09-21,20:15:00,51.852,51.942,51.852,51.942,73,0
2015-09-21,20:45:00,51.057,51.057,51.057,51.057,2,0
2015-09-21,21:00:00,51.942,51.942,51.942,51.942,4,0
2015-09-21,21:05:00,51.942,51.942,51.942,51.942,6,0
2015-09-21,21:10:00,51.057,51.057,51.048,51.048,18,0
2015-09-21,21:30:00,53.727,53.727,53.727,53.727,12,0
2015-09-21,22:00:00,52.902,52.902,52.902,52.902,6,0
2015-09-22,15:50:00,50.016,50.016,50.016,50.016,19,0
2015-09-22,15:55:00,52.455,52.455,52.455,52.455,7,0
2015-09-22,16:05:00,55.077,55.077,55.077,55.077,1,0
2015-09-22,16:20:00,52.224,52.224,52.224,52.224,1,0
2015-09-22,16:25:00,52.446,53.733,52.224,52.338,167,0
2015-09-22,16:40:00,53.763,53.763,53.763,53.763,11,0
2015-09-22,18:00:00,54.183,54.183,54.183,54.183,31,0
2015-09-22,18:05:00,55.524,55.524,55.524,55.524,1,0
2015-09-22,18:10:00,54.54,54.54,54.495,54.495,2,0
2015-09-22,18:25:00,55.515,55.515,55.515,55.515,6,0
2015-09-22,18:30:00,55.524,55.524,55.524,55.524,30,0
2015-09-22,18:40:00,55.524,55.524,55.524,55.524,14,0
2015-09-22,18:55:00,56.232,56.232,56.232,56.232,4,0
2015-09-22,19:00:00,56.418,56.418,56.418,56.418,2,0
2015-09-22,19:35:00,56.418,56.418,56.418,56.418,6,0
2015-09-22,21:20:00,55.524,55.524,55.524,55.524,2,0
2015-09-22,21:50:00,56.469,56.868,56.469,56.868,264,0
2015-09-22,21:55:00,53.823,53.823,53.733,53.733,23,0
2015-09-22,22:00:00,55.524,55.524,54.183,54.183,4,0
2015-09-23,15:35:00,51.048,52.839,47.727,51.942,94,0
2015-09-23,15:40:00,51.942,51.942,50.511,51.477,73,0
2015-09-23,15:50:00,52.839,52.839,52.839,52.839,5,0
2015-09-23,15:55:00,52.839,52.839,52.839,52.839,44,0
2015-09-23,16:10:00,51.225,51.744,51.225,51.744,23,0
2015-09-23,16:30:00,51.942,51.942,51.942,51.942,25,0
2015-09-23,16:35:00,50.61,50.61,50.61,50.61,1,0
2015-09-23,16:40:00,50.61,50.61,50.61,50.61,14,0
2015-09-23,16:55:00,51.138,51.138,50.601,50.601,339,0
2015-09-23,17:00:00,51.048,51.048,51.048,51.048,25,0
2015-09-23,17:20:00,53.733,53.733,53.733,53.733,8,0
2015-09-23,17:35:00,53.733,53.733,53.697,53.697,16,0
2015-09-23,18:10:00,51.942,51.942,51.942,51.942,8,0
2015-09-23,18:25:00,53.262,53.262,53.262,53.262,11,0
2015-09-23,19:00:00,51.057,51.057,51.057,51.057,17,0
2015-09-23,19:50:00,53.727,53.727,53.727,53.727,1,0
2015-09-23,20:00:00,53.706,53.706,53.706,53.706,23,0
2015-09-23,20:05:00,52.911,52.911,52.911,52.911,5,0
2015-09-23,20:35:00,51.048,51.048,51.048,51.048,2,0
2015-09-23,20:40:00,51.405,51.423,51.387,51.414,14,0
2015-09-23,20:45:00,51.942,51.942,51.942,51.942,31,0
2015-09-23,20:50:00,52.032,52.032,52.032,52.032,14,0
2015-09-23,21:30:00,51.057,51.057,51.057,51.057,26,0
2015-09-23,22:00:00,51.138,51.138,51.057,51.138,31,0
2015-09-24,15:35:00,53.733,53.733,52.086,52.086,85,0
2015-09-24,15:40:00,53.733,54.99,53.484,54.99,149,0
2015-09-24,15:45:00,53.763,53.763,53.763,53.763,23,0
2015-09-24,15:50:00,54.99,54.99,54.99,54.99,55,0
2015-09-24,16:00:00,55.086,55.086,55.086,55.086,7,0
2015-09-24,16:05:00,55.086,55.086,55.086,55.086,23,0
2015-09-24,16:10:00,55.704,56.418,55.524,56.418,16,0
2015-09-24,16:15:00,55.077,55.077,53.733,53.733,11,0
2015-09-24,16:20:00,53.733,53.733,53.733,53.733,7,0
2015-09-24,16:40:00,56.418,56.418,56.418,56.418,18,0
2015-09-24,16:45:00,56.331,56.331,56.331,56.331,37,0
2015-09-24,16:50:00,56.418,56.418,53.733,53.733,122,0
2015-09-24,16:55:00,56.418,56.418,56.418,56.418,205,0
2015-09-24,17:00:00,56.418,56.418,56.418,56.418,11,0
2015-09-24,17:10:00,58.176,58.176,58.176,58.176,2,0
2015-09-24,17:25:00,53.733,53.733,53.733,53.733,4,0
2015-09-24,17:30:00,55.821,55.821,55.821,55.821,8,0
2015-09-24,17:45:00,53.733,53.733,53.733,53.733,6,0
2015-09-24,17:55:00,55.524,55.524,55.524,55.524,32,0
2015-09-24,18:05:00,58.212,58.212,58.212,58.212,4,0
2015-09-24,18:10:00,58.212,58.212,58.212,58.212,12,0
2015-09-24,18:15:00,58.212,58.212,58.212,58.212,14,0
2015-09-24,18:40:00,54.63,54.63,54.63,54.63,12,0
2015-09-24,18:50:00,55.749,55.749,55.749,55.749,6,0
2015-09-24,19:40:00,55.515,55.515,53.733,54.63,132,0
2015-09-24,20:00:00,54.63,54.63,54.63,54.63,5,0
2015-09-24,20:40:00,53.733,53.733,53.733,53.733,52,0
2015-09-24,21:45:00,54.63,54.63,54.63,54.63,11,0
2015-09-24,22:00:00,53.733,53.733,53.733,53.733,23,0
2015-09-25,16:25:00,50.958,50.958,50.958,50.958,11,0
2015-09-25,16:30:00,50.958,50.958,50.958,50.958,89,0
2015-09-25,16:45:00,50.958,50.958,50.958,50.958,23,0
2015-09-25,16:55:00,50.241,50.964,50.241,50.964,78,0
2015-09-25,17:35:00,50.958,50.958,50.958,50.958,55,0
2015-09-25,18:00:00,51.942,51.942,51.942,51.942,43,0
2015-09-25,18:35:00,51.942,51.942,51.942,51.942,55,0
2015-09-25,18:40:00,51.363,51.363,51.363,51.363,32,0
2015-09-25,18:45:00,51.63,51.63,51.63,51.63,23,0
2015-09-25,20:00:00,51.498,51.498,51.498,51.498,11,0
2015-09-25,20:20:00,51.942,51.942,51.942,51.942,55,0
2015-09-25,21:15:00,54.54,54.897,54.54,54.897,54,0
2015-09-28,15:40:00,56.418,56.418,56.418,56.418,16,0
2015-09-28,15:45:00,58.794,58.836,58.794,58.836,23,0
2015-09-28,16:00:00,57.051,58.119,57.051,58.119,41,0
2015-09-28,16:10:00,57.765,58.035,57.765,58.035,73,0
2015-09-28,16:25:00,58.974,59.019,58.974,58.974,37,0
2015-09-28,16:35:00,58.041,58.041,58.041,58.041,11,0
2015-09-28,16:55:00,58.929,59.028,58.929,59.028,70,0
2015-09-28,18:10:00,59.019,59.106,59.019,59.106,268,0
2015-09-28,18:15:00,59.106,59.106,59.106,59.106,257,0
2015-09-28,18:35:00,58.353,58.353,58.353,58.353,11,0
2015-09-28,18:45:00,58.302,58.302,58.302,58.302,39,0
2015-09-28,18:50:00,59.001,59.001,59.001,59.001,55,0
2015-09-28,18:55:00,59.106,59.106,59.106,59.106,223,0
2015-09-28,20:00:00,59.019,59.106,59.019,59.106,261,0
2015-09-28,20:15:00,59.823,59.823,59.823,59.823,55,0
2015-09-28,21:10:00,59.553,59.553,59.553,59.553,34,0
2015-09-28,21:20:00,58.977,59.106,58.977,59.106,78,0
2015-09-29,15:35:00,59.106,59.106,59.106,59.106,29,0
2015-09-29,16:00:00,59.358,59.358,59.358,59.358,112,0
2015-09-29,16:05:00,59.106,59.106,59.106,59.106,209,0
2015-09-29,16:10:00,58.659,58.659,58.659,58.659,88,0
2015-09-29,16:35:00,58.212,58.212,58.212,58.212,481,0
2015-09-29,16:55:00,57.675,57.744,57.675,57.675,78,0
2015-09-29,17:10:00,58.212,58.212,58.212,58.212,14,0
2015-09-29,17:25:00,58.392,58.392,58.392,58.392,25,0
2015-09-29,17:40:00,59.019,59.106,59.019,59.106,134,0
2015-09-29,18:45:00,61.842,61.842,61.842,61.842,112,0
2015-09-29,19:35:00,58.569,58.569,58.569,58.569,112,0
2015-09-29,20:05:00,58.836,58.836,58.836,58.836,11,0
2015-09-29,21:45:00,59.823,59.823,59.823,59.823,101,0
2015-09-30,15:35:00,61.704,61.704,50.868,57.765,72,0
2015-09-30,15:40:00,56.418,56.418,56.418,56.418,14,0
2015-09-30,16:15:00,55.434,55.434,55.434,55.434,23,0
2015-09-30,17:25:00,56.958,56.958,56.958,56.958,29,0
2015-09-30,17:35:00,57.819,57.819,57.819,57.819,14,0
2015-09-30,19:00:00,58.212,58.212,58.212,58.212,55,0
2015-09-30,19:45:00,58.083,58.083,58.083,58.083,11,0
2015-09-30,20:55:00,58.836,59.106,58.836,59.106,1653,0
2015-09-30,21:00:00,59.019,59.019,59.019,59.019,11,0
2015-09-30,21:50:00,57.405,57.405,57.318,57.318,23,0
2015-09-30,21:55:00,57.318,57.318,57.318,57.318,545,0
2015-09-30,22:00:00,57.318,57.318,57.318,57.318,146,0
2015-10-01,15:45:00,56.778,56.778,56.778,56.778,23,0
2015-10-01,16:50:00,56.868,57.081,56.061,56.457,347,0
2015-10-01,17:55:00,57.675,57.765,57.675,57.765,52,0
2015-10-01,19:30:00,57.765,57.765,57.765,57.765,44,0
2015-10-01,20:10:00,57.765,57.765,57.765,57.765,34,0
2015-10-01,21:05:00,57.765,57.765,57.765,57.765,592,0
2015-10-01,21:50:00,57.765,57.765,57.405,57.765,502,0
2015-10-01,21:55:00,57.765,57.942,57.765,57.765,860,0
2015-10-01,22:00:00,57.765,58.035,57.765,58.035,1273,0
2015-10-02,17:25:00,58.836,58.836,58.836,58.836,17,0
2015-10-02,19:15:00,55.431,55.431,55.431,55.431,11,0
2015-10-02,20:10:00,56.508,56.508,54.72,55.536,154,0
2015-10-02,21:45:00,52.839,52.839,52.839,52.839,11,0
2015-10-02,21:55:00,52.839,52.839,52.839,52.839,11,0
2015-10-05,15:35:00,54.72,54.72,54.72,54.72,25,0
2015-10-05,15:50:00,50.241,51.498,50.238,51.498,234,0
2015-10-05,16:40:00,51.012,51.012,51.012,51.012,41,0
2015-10-05,17:00:00,50.958,50.958,50.958,50.958,23,0
2015-10-05,17:50:00,50.484,50.484,50.484,50.484,34,0
2015-10-05,18:00:00,50.484,50.484,50.484,50.484,11,0
2015-10-05,19:15:00,50.34,50.34,50.34,50.34,23,0
2015-10-05,21:35:00,50.601,50.601,50.601,50.601,11,0
2015-10-05,21:45:00,50.151,50.175,50.151,50.175,34,0
2015-10-06,15:35:00,49.347,49.347,49.254,49.254,257,0
2015-10-06,16:05:00,47.643,47.643,47.643,47.643,1787,0
2015-10-06,16:10:00,48.36,48.36,48.324,48.36,347,0
2015-10-06,16:25:00,49.077,49.077,49.077,49.077,34,0
2015-10-06,16:30:00,49.077,49.077,49.077,49.077,301,0
2015-10-06,16:50:00,48.627,48.627,48.627,48.627,240,0
2015-10-06,16:55:00,48.627,48.627,48.627,48.627,34,0
2015-10-06,17:10:00,48.867,48.867,48.867,48.867,17,0
2015-10-06,17:30:00,48.36,48.36,48.36,48.36,25,0
2015-10-06,18:35:00,50.151,50.151,50.151,50.151,112,0
2015-10-06,18:40:00,50.151,50.151,50.151,50.151,122,0
2015-10-06,19:25:00,49.254,49.254,49.254,49.254,446,0
2015-10-06,21:05:00,49.254,49.254,49.254,49.254,112,0
2015-10-07,15:55:00,49.704,49.791,49.704,49.791,44,0
2015-10-07,16:00:00,47.292,47.376,47.292,47.376,44,0
2015-10-07,16:20:00,47.577,47.577,47.577,47.577,106,0
2015-10-07,16:30:00,47.376,47.376,47.376,47.376,11,0
2015-10-07,16:55:00,48.807,48.807,48.807,48.807,290,0
2015-10-07,17:10:00,48.807,48.807,48.807,48.807,615,0
2015-10-07,17:55:00,49.773,49.773,49.773,49.773,18,0
2015-10-07,19:10:00,48.72,48.72,48.72,48.72,122,0
2015-10-07,20:30:00,48.537,48.537,48.537,48.537,41,0
2015-10-07,21:05:00,48.537,48.615,48.537,48.615,23,0
2015-10-08,16:15:00,47.463,47.643,47.019,47.643,74,0
2015-10-08,16:35:00,47.295,47.295,47.295,47.295,94,0
2015-10-08,16:40:00,47.301,47.301,47.301,47.301,11,0
2015-10-08,18:55:00,47.823,47.913,47.823,47.913,44,0
2015-10-09,19:50:00,47.019,47.019,47.019,47.019,333,0
2015-10-09,20:25:00,45.675,45.675,45.675,45.675,112,0
2015-10-09,21:35:00,45.675,45.675,45.675,45.675,23,0
2015-10-09,22:00:00,46.479,46.479,46.479,46.479,55,0
2015-10-12,15:50:00,45.495,45.495,45.495,45.495,23,0
2015-10-12,16:20:00,44.868,44.868,44.868,44.868,18,0
2015-10-12,16:45:00,42.603,42.603,42.603,42.603,11,0
2015-10-12,19:15:00,42.987,42.987,42.987,42.987,112,0
2015-10-12,19:25:00,42.627,42.627,42.627,42.627,11,0
2015-10-12,19:40:00,42.537,43.035,42.537,43.035,112,0
2015-10-12,20:10:00,42.537,42.537,42.537,42.537,23,0
2015-10-12,20:50:00,42.45,42.45,42.45,42.45,11,0
2015-10-12,21:55:00,42.093,42.093,42.09,42.09,29,0
2015-10-13,16:45:00,41.286,41.289,41.286,41.289,34,0
2015-10-13,16:55:00,41.286,41.286,41.286,41.286,11,0
2015-10-13,18:05:00,42.585,42.585,42.585,42.585,11,0
2015-10-13,18:15:00,43.344,43.344,43.344,43.344,55,0
2015-10-13,18:40:00,42.093,42.093,42.093,42.093,23,0
2015-10-13,19:15:00,42.54,42.54,42.54,42.54,55,0
2015-10-14,15:35:00,42.717,42.717,42.717,42.717,35,0
2015-10-14,15:55:00,42.45,42.45,42.45,42.45,11,0
2015-10-14,17:10:00,44.463,44.463,44.463,44.463,11,0
2015-10-14,17:20:00,44.868,45.225,44.868,45.225,89,0
2015-10-14,18:10:00,44.463,44.463,44.463,44.463,11,0
2015-10-14,18:20:00,44.778,44.778,44.778,44.778,11,0
2015-10-14,20:50:00,45.225,45.225,45.225,45.225,403,0
2015-10-14,21:40:00,45.225,45.225,45.225,45.225,23,0
2015-10-15,15:35:00,45.942,45.942,45.942,45.942,11,0
2015-10-15,16:20:00,41.823,41.85,41.733,41.733,320,0
2015-10-15,16:40:00,42.987,42.987,42.987,42.987,19,0
2015-10-15,18:40:00,43.179,43.179,43.179,43.179,11,0
2015-10-15,19:15:00,43.164,43.164,43.164,43.164,11,0
2015-10-15,19:30:00,42.363,42.363,42.363,42.363,101,0
2015-10-15,20:10:00,42.093,42.093,42.093,42.093,11,0
2015-10-15,21:05:00,41.445,41.445,41.445,41.445,11,0
2015-10-15,22:00:00,40.032,40.032,40.032,40.032,237,0
2015-10-16,15:50:00,23.642,23.642,23.642,23.642,23,0
2015-10-16,16:00:00,21.584,21.584,21.584,21.584,23,0
2015-10-16,16:15:00,20.052,20.052,20.052,20.052,54,0
2015-10-16,16:20:00,19.971,19.971,19.971,19.971,58,0
2015-10-16,16:35:00,20.15,20.15,20.15,20.15,347,0
2015-10-16,16:40:00,20.687,20.687,19.703,19.792,506,0
2015-10-16,16:45:00,19.792,20.24,19.703,20.15,1444,0
2015-10-16,16:50:00,20.15,20.24,19.703,19.703,1563,0
2015-10-16,16:55:00,19.703,19.703,19.703,19.703,11,0
2015-10-16,17:00:00,19.701,19.703,19.701,19.703,67,0
2015-10-16,17:05:00,19.166,19.703,19.166,19.703,23,0
2015-10-16,17:25:00,19.369,19.369,19.369,19.369,25,0
2015-10-16,17:30:00,18.674,18.674,18.674,18.674,26,0
2015-10-16,19:55:00,19.568,19.568,19.568,19.568,25,0
2015-10-16,20:10:00,18.933,18.933,18.896,18.896,112,0
2015-10-16,20:25:00,19.971,19.971,19.262,19.262,47,0
2015-10-16,20:35:00,19.254,19.254,19.254,19.254,44,0
2015-10-16,20:55:00,19.254,19.254,19.254,19.254,11,0
2015-10-16,21:05:00,19.344,19.971,19.344,19.971,44,0
2015-10-16,21:20:00,19.789,19.789,19.789,19.789,62,0
2015-10-16,21:30:00,19.524,19.703,19.524,19.703,55,0
2015-10-16,22:00:00,19.254,19.254,18.627,18.627,458,0
2015-10-19,15:40:00,18.57,18.57,18.57,18.57,39,0
2015-10-19,16:00:00,18.269,18.301,18.181,18.301,122,0
2015-10-19,17:55:00,17.911,17.911,17.464,17.464,991,0
2015-10-19,18:10:00,18.269,18.269,18.269,18.269,56,0
2015-10-19,19:40:00,17.911,17.911,17.911,17.911,234,0
2015-10-19,19:50:00,17.911,17.911,17.911,17.911,223,0
2015-10-19,20:50:00,17.911,17.911,17.911,17.911,67,0
2015-10-19,20:55:00,17.911,17.911,17.911,17.911,67,0
2015-10-19,21:30:00,17.911,17.911,17.911,17.911,116,0
2015-10-20,16:20:00,18.592,18.592,18.592,18.592,336,0
2015-10-20,16:35:00,18.718,18.718,18.269,18.269,34,0
2015-10-20,16:50:00,18.718,18.718,18.359,18.359,122,0
2015-10-20,16:55:00,18.359,18.359,18.359,18.359,34,0
2015-10-20,17:00:00,18.359,18.718,18.359,18.718,55,0
2015-10-20,17:05:00,18.718,18.718,18.718,18.718,11,0
2015-10-20,17:40:00,18.634,18.807,18.634,18.807,78,0
2015-10-20,17:55:00,18.986,18.986,18.986,18.986,11,0
2015-10-20,18:05:00,18.986,18.986,18.986,18.986,55,0
2015-10-20,18:10:00,19.076,19.433,19.076,19.433,34,0
2015-10-20,18:40:00,19.076,19.433,19.076,19.433,23,0
2015-10-20,18:50:00,19.063,19.063,19.063,19.063,17,0
2015-10-20,19:05:00,19.094,19.435,19.094,19.435,210,0
2015-10-20,19:10:00,19.435,19.435,19.435,19.435,34,0
2015-10-20,19:15:00,19.254,19.254,19.254,19.254,11,0
2015-10-20,19:35:00,19.433,19.435,19.119,19.435,234,0
2015-10-20,19:45:00,19.254,19.607,19.254,19.607,78,0
2015-10-20,19:55:00,18.985,19.076,18.985,19.076,62,0
2015-10-20,20:00:00,19.134,19.134,19.134,19.134,23,0
2015-10-20,20:05:00,19.435,19.435,19.435,19.435,55,0
2015-10-20,20:15:00,19.435,19.435,19.435,19.435,559,0
2015-10-20,20:20:00,19.435,19.435,19.344,19.344,23,0
2015-10-20,20:45:00,19.344,19.344,19.344,19.344,101,0
2015-10-20,21:55:00,18.896,19.076,18.896,19.076,263,0
2015-10-20,22:00:00,18.668,18.668,18.668,18.668,48,0
2015-10-21,15:35:00,20.329,20.329,20.329,20.329,299,0
2015-10-21,16:20:00,18.923,18.923,18.923,18.923,41,0
2015-10-21,16:25:00,19.245,19.613,19.245,19.604,759,0
2015-10-21,17:35:00,19.524,19.613,19.524,19.613,380,0
2015-10-21,17:40:00,19.524,19.524,19.524,19.524,11,0
2015-10-21,17:50:00,18.279,18.279,18.279,18.279,55,0
2015-10-21,18:25:00,19.344,19.344,19.254,19.254,122,0
2015-10-21,19:25:00,19.807,19.807,19.612,19.613,168,0
2015-10-21,19:40:00,19.767,19.767,19.767,19.767,29,0
2015-10-21,19:55:00,19.613,19.613,19.613,19.613,67,0
2015-10-21,20:45:00,19.435,19.435,19.433,19.435,55,0
2015-10-21,20:55:00,19.435,19.452,19.435,19.452,122,0
2015-10-21,22:00:00,19.256,19.256,19.256,19.256,23,0
2015-10-22,16:50:00,19.613,19.613,19.613,19.613,11,0
2015-10-22,17:00:00,19.577,19.607,19.435,19.607,78,0
2015-10-22,17:05:00,19.435,19.607,19.435,19.607,23,0
2015-10-22,17:20:00,19.435,19.613,19.344,19.613,112,0
2015-10-22,17:35:00,19.269,19.613,19.269,19.613,91,0
2015-10-22,17:55:00,19.254,19.613,19.254,19.613,204,0
2015-10-22,20:55:00,19.254,19.254,19.026,19.254,89,0
2015-10-22,21:45:00,18.896,18.896,18.896,18.896,39,0
2015-10-23,15:35:00,17.777,17.777,17.777,17.777,336,0
2015-10-23,15:40:00,17.276,17.276,17.276,17.276,446,0
2015-10-23,16:15:00,17.276,17.276,17.276,17.276,223,0
2015-10-23,16:20:00,17.875,17.875,17.875,17.875,767,0
2015-10-23,18:55:00,18.189,18.189,18.189,18.189,1117,0
2015-10-23,19:40:00,17.786,17.786,17.786,17.786,195,0
2015-10-26,15:35:00,18.041,18.041,18.041,18.041,112,0
2015-10-26,15:55:00,17.974,17.974,17.974,17.974,320,0
2015-10-26,19:15:00,18.118,18.118,18.118,18.118,223,0
2015-10-26,20:40:00,18.144,18.144,18.144,18.144,333,0
2015-10-27,16:05:00,18.431,18.431,18.431,18.431,559,0
2015-10-28,16:25:00,16.327,16.637,16.327,16.637,553,0
2015-10-29,14:35:00,17.921,17.921,17.921,17.921,559,0
2015-11-02,15:40:00,18.493,18.493,18.493,18.493,559,0
2015-11-04,19:25:00,18.611,18.611,18.611,18.611,112,0
2015-11-04,19:30:00,18.611,18.627,18.611,18.627,1228,0
2015-11-04,20:00:00,18.539,18.539,18.539,18.539,223,0
2015-11-04,20:15:00,18.476,18.476,18.476,18.476,1117,0
2015-11-04,20:20:00,18.493,18.493,18.493,18.493,2233,0
2015-11-04,21:10:00,18.503,18.503,18.503,18.503,1117,0
2015-11-04,21:20:00,18.682,18.682,18.682,18.682,1674,0
2015-11-04,21:25:00,18.682,18.682,18.682,18.682,1674,0
2015-11-04,21:40:00,18.906,18.906,18.906,18.906,2233,0
2015-11-04,21:50:00,18.986,18.986,18.914,18.914,3238,0
2015-11-04,21:55:00,18.95,18.95,18.95,18.95,782,0
2015-11-04,22:00:00,18.968,18.977,18.968,18.977,5583,0
2015-11-05,16:00:00,18.674,18.674,18.674,18.674,559,0
2015-11-05,16:40:00,19.031,19.031,18.986,18.986,1117,0
2015-11-05,16:45:00,19.102,19.102,19.102,19.102,1117,0
2015-11-05,16:50:00,19.119,19.138,19.119,19.138,2233,0
2015-11-05,17:25:00,19.013,19.013,19.013,19.013,1117,0
2015-11-05,17:30:00,19.013,19.013,19.013,19.013,1117,0
2015-11-06,16:05:00,18.75,18.75,18.75,18.75,112,0
2015-11-06,21:30:00,18.232,18.232,18.232,18.232,336,0
2015-11-06,22:00:00,18.09,18.09,18.072,18.073,1010,0
2015-11-09,16:15:00,18.377,18.386,18.377,18.386,446,0
2015-11-09,17:10:00,18.708,18.708,18.708,18.708,223,0
2015-11-09,17:35:00,18.95,18.95,18.95,18.95,2792,0
2015-11-09,18:05:00,19.166,19.166,19.166,19.166,559,0
2015-11-09,19:15:00,19.138,19.148,19.138,19.148,2121,0
2015-11-09,19:20:00,19.166,19.218,19.166,19.218,2233,0
2015-11-09,19:40:00,19.166,19.166,19.166,19.166,2233,0
2015-11-09,20:55:00,19.362,19.362,19.362,19.362,112,0
2015-11-09,21:15:00,19.416,19.416,19.416,19.416,223,0
2015-11-09,21:30:00,19.416,19.416,19.416,19.416,223,0
2015-11-09,21:50:00,19.085,19.085,19.085,19.085,223,0
2015-11-09,22:00:00,19.182,19.182,19.182,19.182,223,0
2015-11-10,16:40:00,19.389,19.389,19.389,19.389,559,0
2015-11-11,20:15:00,18.663,18.663,18.663,18.663,112,0
2015-11-11,21:55:00,19.157,19.157,19.157,19.157,112,0
2015-11-11,22:00:00,18.993,19.166,18.993,19.166,223,0
2015-11-12,16:00:00,19.497,19.497,19.497,19.497,112,0
2015-11-12,16:10:00,19.478,19.478,19.478,19.478,112,0
2015-11-12,16:50:00,19.524,19.524,19.524,19.524,865,0
2015-11-12,18:15:00,19.766,19.766,19.766,19.766,223,0
2015-11-12,20:05:00,19.685,19.685,19.685,19.685,112,0
2015-11-12,20:30:00,20.016,20.034,20.016,20.016,336,0
2015-11-12,21:50:00,20.454,20.454,20.454,20.454,112,0
2015-11-12,21:55:00,20.517,20.553,20.517,20.553,446,0
2015-11-12,22:00:00,20.589,20.589,20.589,20.589,670,0
2015-11-13,15:35:00,20.705,20.705,20.705,20.705,559,0
2015-11-13,15:50:00,20.84,20.884,20.84,20.884,1117,0
2015-11-13,16:15:00,21.368,21.368,21.368,21.368,201,0
2015-11-13,16:30:00,21.485,21.485,21.485,21.485,1117,0
2015-11-13,16:35:00,21.538,21.538,21.538,21.538,1117,0
2015-11-13,19:35:00,21.529,21.529,21.529,21.529,893,0
2015-11-13,21:50:00,22.218,22.218,22.218,22.218,112,0
2015-11-16,15:35:00,22.004,22.004,17.607,17.607,91,0
2015-11-16,15:40:00,17.607,17.607,17.607,17.607,23,0
2015-11-16,16:15:00,21.699,21.699,21.699,21.699,1676,0
2015-11-16,16:20:00,21.663,21.663,21.663,21.663,1117,0
2015-11-16,16:25:00,21.672,21.672,21.663,21.663,1900,0
2015-11-16,16:35:00,21.647,21.675,21.647,21.675,1143,0
2015-11-16,16:40:00,21.709,21.709,21.675,21.675,88,0
2015-11-16,16:45:00,21.656,21.656,21.656,21.656,11,0
2015-11-16,16:55:00,21.531,21.531,21.531,21.531,5,0
2015-11-16,17:10:00,21.861,21.861,21.861,21.861,1674,0
2015-11-16,17:15:00,21.763,21.763,21.763,21.763,1117,0
2015-11-16,18:25:00,21.647,21.647,21.647,21.647,559,0
2015-11-16,19:35:00,21.135,21.135,21.135,21.135,168,0
2015-11-16,20:30:00,20.688,20.872,20.688,20.872,14,0
2015-11-16,20:45:00,20.58,20.58,20.58,20.58,23,0
2015-11-17,15:35:00,20.023,20.023,20.023,20.023,109,0
2015-11-17,16:00:00,20.321,20.321,20.321,20.321,94,0
2015-11-17,16:05:00,20.49,20.49,20.49,20.49,94,0
2015-11-17,18:10:00,20.009,20.009,20.009,20.009,142,0
2015-11-17,21:55:00,21.17,21.17,21.17,21.17,94,0
2015-11-18,16:30:00,20.841,20.841,20.841,20.841,283,0
2015-11-18,17:40:00,20.572,20.572,20.572,20.572,94,0
2015-11-18,17:55:00,20.278,20.278,20.278,20.278,1032,0
2015-11-18,18:00:00,20.278,20.278,20.278,20.278,1204,0
2015-11-19,17:50:00,20.522,20.735,20.522,20.735,1147,0
2015-11-19,18:05:00,20.82,20.82,20.756,20.756,471,0
2015-11-19,18:10:00,20.608,20.651,20.449,20.597,847,0
2015-11-19,18:15:00,20.576,20.576,20.576,20.576,188,0
2015-11-19,19:15:00,20.513,20.513,20.513,20.513,94,0
2015-11-20,16:15:00,19.907,19.907,19.875,19.875,1883,0
2015-11-20,16:20:00,19.875,19.875,19.822,19.822,5651,0
2015-11-20,16:25:00,19.822,19.822,19.718,19.822,2167,0
2015-11-20,16:35:00,19.854,19.854,19.854,19.854,941,0
2015-11-20,20:10:00,20.13,20.13,20.13,20.13,597,0
2015-11-20,20:45:00,19.706,19.706,19.673,19.673,1223,0
2015-11-20,22:00:00,19.918,19.918,19.875,19.875,1130,0
2015-11-23,17:55:00,19.386,19.397,19.376,19.397,1978,0
2015-11-23,19:35:00,19.45,19.45,19.386,19.386,2449,0
2015-11-23,21:15:00,19.376,19.376,19.376,19.376,1413,0
2015-11-24,18:35:00,19.773,19.773,19.773,19.773,471,0
2015-11-24,21:50:00,19.737,19.768,19.737,19.768,188,0
2015-11-24,21:55:00,19.62,19.62,19.62,19.62,94,0
2015-11-24,22:00:00,19.493,19.493,19.493,19.493,1696,0
2015-11-25,15:35:00,19.163,19.163,19.163,19.163,389,0
2015-11-25,15:40:00,19.281,19.281,19.281,19.281,94,0
2015-11-25,15:55:00,19.27,19.27,19.27,19.27,176,0
2015-11-25,16:55:00,19.206,19.206,19.153,19.174,2167,0
2015-11-25,17:05:00,19.089,19.089,19.089,19.089,2355,0
2015-11-27,17:15:00,19.1,19.1,19.1,19.1,377,0
2015-11-30,19:35:00,19.107,19.107,19.107,19.107,94,0
2015-11-30,21:55:00,19.27,19.27,19.27,19.27,94,0
2015-12-01,20:50:00,18.357,18.357,18.357,18.357,2449,0
2015-12-02,21:50:00,19.1,19.1,19.1,19.1,94,0
2015-12-03,16:05:00,19.27,19.281,19.27,19.281,283,0
2015-12-03,16:15:00,19.11,19.11,19.11,19.11,283,0
2015-12-03,16:35:00,18.855,18.855,18.855,18.855,94,0
2015-12-03,16:40:00,19.1,19.1,19.1,19.1,285,0
2015-12-03,18:40:00,19.483,19.483,19.483,19.483,94,0
2015-12-03,19:10:00,19.695,19.695,19.695,19.695,94,0
2015-12-03,19:20:00,19.62,19.62,19.62,19.62,94,0
2015-12-03,20:40:00,20.225,20.225,20.225,20.225,188,0
2015-12-03,20:50:00,20.363,20.363,20.363,20.363,188,0
2015-12-03,20:55:00,20.278,20.278,20.225,20.225,659,0
2015-12-03,21:00:00,20.172,20.172,20.172,20.172,94,0
2015-12-03,21:25:00,20.385,20.385,20.385,20.385,471,0
2015-12-04,21:00:00,18.473,18.473,18.473,18.473,2731,0
2015-12-04,21:05:00,18.473,18.473,18.473,18.473,941,0
2015-12-07,17:40:00,19.322,19.322,19.322,19.322,94,0
2015-12-07,21:50:00,19.217,19.217,19.217,19.217,94,0
2015-12-08,15:40:00,19.854,19.854,19.854,19.854,94,0
2015-12-08,15:45:00,19.641,19.641,19.641,19.641,94,0
2015-12-08,16:30:00,19.907,19.907,19.907,19.907,94,0
2015-12-08,16:35:00,19.854,19.854,19.854,19.854,94,0
2015-12-08,21:25:00,19.896,19.896,19.896,19.896,94,0
2015-12-08,21:35:00,19.748,19.748,19.748,19.748,471,0
2015-12-09,22:00:00,20.438,20.458,20.438,20.449,1978,0
2015-12-10,16:40:00,20.438,20.438,20.438,20.438,1881,0
2015-12-10,20:20:00,20.385,20.385,20.385,20.385,941,0
2015-12-10,20:45:00,20.183,20.183,20.183,20.183,378,0
2015-12-10,22:00:00,20.915,20.979,20.915,20.979,189,0
2015-12-11,15:35:00,21.766,21.766,21.659,21.659,1130,0
2015-12-11,15:50:00,21.87,21.87,21.87,21.87,1413,0
2015-12-11,16:00:00,21.914,21.914,21.87,21.87,1414,0
2015-12-11,16:05:00,22.064,22.064,22.064,22.064,377,0
2015-12-11,17:10:00,22.594,22.594,22.582,22.594,754,0
2015-12-11,17:15:00,22.51,22.51,22.51,22.51,188,0
2015-12-11,17:20:00,22.403,22.403,22.403,22.403,188,0
2015-12-11,17:25:00,22.423,22.423,22.095,22.095,283,0
2015-12-11,17:40:00,22.667,22.667,22.667,22.667,188,0
2015-12-11,17:45:00,22.559,22.559,22.559,22.559,188,0
2015-12-11,18:05:00,22.667,22.667,22.667,22.667,188,0
2015-12-11,18:15:00,22.933,22.933,22.933,22.933,188,0
2015-12-11,18:25:00,23.303,23.303,23.303,23.303,188,0
2015-12-11,18:30:00,23.622,23.622,23.622,23.622,471,0
2015-12-11,18:35:00,23.666,23.707,23.568,23.568,2355,0
2015-12-11,18:40:00,23.622,23.622,23.622,23.622,943,0
2015-12-11,18:45:00,23.812,23.812,23.812,23.812,94,0
2015-12-11,19:00:00,23.837,23.837,23.837,23.837,848,0
2015-12-11,19:40:00,24.1,24.1,24.1,24.1,1601,0
2015-12-11,19:55:00,24.1,24.114,23.995,24.1,707,0
2015-12-11,20:50:00,24.419,24.419,24.419,24.419,283,0
2015-12-11,21:15:00,24.419,24.419,24.419,24.419,404,0
2015-12-11,21:20:00,24.919,25.013,24.919,25.013,189,0
2015-12-11,21:30:00,24.95,24.95,24.95,24.95,94,0
2015-12-11,21:35:00,25.143,25.143,25.143,25.143,94,0
2015-12-11,21:40:00,25.058,25.058,25.058,25.058,94,0
2015-12-11,21:45:00,25.213,25.213,25.213,25.213,471,0
2015-12-14,15:45:00,24.95,24.95,24.95,24.95,283,0
2015-12-14,15:55:00,25.15,25.15,25.15,25.15,189,0
2015-12-14,16:00:00,25.45,25.45,25.45,25.45,941,0
2015-12-14,16:05:00,25.438,25.438,25.438,25.438,941,0
2015-12-14,16:15:00,25.321,25.82,25.321,25.691,2827,0
2015-12-14,16:20:00,25.659,25.659,25.659,25.659,2920,0
2015-12-14,16:55:00,26.054,26.054,26.054,26.054,188,0
2015-12-14,17:00:00,26.149,26.149,26.149,26.149,94,0
2015-12-14,17:15:00,26.254,26.254,26.254,26.254,94,0
2015-12-14,17:25:00,26.556,26.556,26.556,26.556,254,0
2015-12-14,17:40:00,26.861,26.861,26.861,26.861,1883,0
2015-12-14,17:45:00,26.649,26.649,26.649,26.649,941,0
2015-12-14,18:00:00,26.351,26.351,26.351,26.351,188,0
2015-12-14,18:10:00,26.254,26.254,26.254,26.254,94,0
2015-12-14,18:25:00,25.759,25.759,25.759,25.759,94,0
2015-12-14,19:00:00,24.621,24.736,24.609,24.609,378,0
2015-12-14,19:20:00,25.289,25.289,25.289,25.289,189,0
2015-12-14,20:50:00,24.558,24.558,24.558,24.558,189,0
2015-12-14,21:50:00,24.419,24.419,24.419,24.419,94,0
2015-12-15,21:10:00,23.144,23.144,23.144,23.144,94,0
2015-12-16,15:35:00,27.095,27.095,27.095,27.095,450,0
2015-12-16,15:45:00,26.281,26.281,23.065,23.065,1223,0
2015-12-16,16:05:00,23.092,23.119,23.092,23.119,1423,0
2015-12-16,16:10:00,22.905,22.905,22.905,22.905,75,0
2015-12-16,16:15:00,22.905,22.905,22.905,22.905,75,0
2015-12-16,16:20:00,22.869,22.869,22.869,22.869,75,0
2015-12-16,16:25:00,22.905,22.905,22.905,22.905,75,0
2015-12-16,17:05:00,22.905,22.905,22.905,22.905,300,0
2015-12-16,17:35:00,23.092,23.092,23.092,23.092,150,0
2015-12-16,20:15:00,22.25,22.25,21.53,21.53,3671,0
2015-12-16,20:40:00,22.325,22.325,22.325,22.325,224,0
2015-12-16,21:00:00,21.29,21.29,21.29,21.29,75,0
2015-12-16,21:05:00,21.156,21.156,21.156,21.156,150,0
2015-12-16,21:10:00,21.156,21.156,21.156,21.156,749,0
2015-12-16,21:15:00,21.156,21.156,21.156,21.156,749,0
2015-12-18,16:45:00,22.705,22.705,22.705,22.705,75,0
2015-12-18,17:05:00,22.712,22.712,22.712,22.712,75,0
2015-12-18,19:50:00,23.037,23.037,23.037,23.037,75,0
2015-12-18,20:05:00,23.32,23.32,23.32,23.32,92,0
2015-12-18,21:20:00,22.398,22.398,22.398,22.398,224,0
2015-12-18,21:45:00,22.664,22.664,22.664,22.664,75,0
2015-12-18,21:55:00,22.425,22.664,22.418,22.664,224,0
2015-12-21,16:05:00,22.878,22.878,22.878,22.878,75,0
2015-12-21,20:55:00,22.864,22.864,22.864,22.864,111,0
2015-12-22,16:20:00,21.713,21.713,21.713,21.713,94,0
2015-12-22,17:00:00,21.925,21.925,21.925,21.925,224,0
2015-12-23,15:40:00,22.999,22.999,21.863,21.863,150,0
2015-12-23,16:00:00,21.324,21.324,21.324,21.324,150,0
2015-12-23,16:55:00,21.079,21.079,21.079,21.079,75,0
2015-12-23,17:05:00,21.34,21.34,21.34,21.34,224,0
2015-12-23,17:15:00,20.698,20.698,20.698,20.698,112,0
2015-12-23,20:25:00,21.29,21.29,21.29,21.29,749,0
2015-12-24,17:25:00,21.089,21.089,21.089,21.089,1191,0
2015-12-28,20:45:00,21.223,21.223,21.223,21.223,150,0
2015-12-28,21:40:00,21.316,21.316,21.316,21.316,367,0
2015-12-28,21:45:00,21.343,25.759,21.33,21.584,13559,0
2015-12-28,21:55:00,21.41,21.41,21.223,21.223,11383,0
2015-12-28,22:00:00,21.143,21.143,21.143,21.143,75,0
2015-12-29,15:50:00,20.889,20.907,20.355,20.355,450,0
2015-12-29,17:30:00,20.689,20.689,20.689,20.689,375,0
2015-12-29,19:50:00,20.689,20.689,20.689,20.689,262,0
2015-12-31,15:35:00,28.031,28.031,28.031,28.031,285,0
2015-12-31,15:40:00,21.85,21.85,21.85,21.85,75,0
2015-12-31,17:20:00,21.089,21.85,21.089,21.85,150,0
2015-12-31,19:15:00,21.811,21.811,21.811,21.811,87,0
2015-12-31,21:55:00,21.223,21.223,21.223,21.223,75,0
2015-12-31,22:00:00,21.156,21.156,21.156,21.156,75,0
2016-01-04,15:40:00,22.132,22.132,22.132,22.132,1099,0
2016-01-04,15:50:00,22.944,22.944,22.944,22.944,75,0
2016-01-04,16:20:00,22.425,22.425,22.425,22.425,150,0
2016-01-04,16:40:00,22.437,22.437,22.437,22.437,75,0
2016-01-04,18:10:00,22.96,22.96,22.96,22.96,150,0
2016-01-04,19:10:00,22.459,22.459,22.459,22.459,224,0
2016-01-04,19:40:00,22.705,23.119,22.705,23.035,300,0
2016-01-04,19:50:00,23.144,23.144,23.144,23.144,224,0
2016-01-04,20:50:00,23.544,23.544,23.39,23.39,749,0
2016-01-04,21:20:00,23.359,23.359,23.359,23.359,150,0
2016-01-04,21:40:00,23.359,23.359,23.359,23.359,224,0
2016-01-05,15:35:00,22.691,22.705,22.691,22.691,1573,0
2016-01-05,21:20:00,22.025,22.025,22.025,22.025,375,0
2016-01-05,21:30:00,22.544,22.557,22.544,22.557,375,0
2016-01-05,21:45:00,22.398,22.398,22.398,22.398,75,0
2016-01-06,17:20:00,23.01,23.01,23.01,23.01,75,0
2016-01-07,15:40:00,23.759,23.759,23.759,23.759,75,0
2016-01-07,15:45:00,22.691,22.691,22.691,22.691,75,0
2016-01-07,16:35:00,23.493,23.493,23.493,23.493,75,0
2016-01-07,17:20:00,23.227,23.227,23.227,23.227,300,0
2016-01-07,17:25:00,22.971,22.971,22.971,22.971,75,0
2016-01-07,22:00:00,24.387,24.387,24.387,24.387,375,0
2016-01-08,16:05:00,23.734,23.751,23.734,23.751,300,0
2016-01-08,21:20:00,25.094,25.094,25.094,25.094,75,0
2016-01-08,21:35:00,25.321,25.321,25.321,25.321,75,0
2016-01-08,22:00:00,25.601,25.601,25.559,25.559,150,0
2016-01-11,15:35:00,24.441,25.243,24.441,25.243,751,0
2016-01-11,16:55:00,25.243,25.243,25.243,25.243,15,0
2016-01-11,17:00:00,25.377,25.896,25.377,25.896,383,0
2016-01-11,18:50:00,25.547,25.55,25.547,25.55,6,0
2016-01-11,19:20:00,26.03,26.429,26.03,26.429,25,0
2016-01-11,21:55:00,24.453,24.453,24.453,24.453,15,0
2016-01-11,22:00:00,25.36,25.36,24.453,24.494,92,0
2016-01-12,16:35:00,24.746,24.746,24.746,24.746,75,0
2016-01-12,19:35:00,24.619,24.619,24.619,24.619,184,0
2016-01-12,21:15:00,24.158,24.158,24.158,24.158,150,0
2016-01-12,21:45:00,23.958,23.958,23.958,23.958,75,0
2016-01-12,22:00:00,23.571,23.571,23.571,23.571,75,0
2016-01-13,18:10:00,25.001,25.001,25.001,25.001,75,0
2016-01-13,20:05:00,25.681,25.681,25.36,25.36,150,0
2016-01-13,20:10:00,25.715,25.715,25.715,25.715,249,0
2016-01-13,20:35:00,25.694,25.708,25.694,25.708,375,0
2016-01-13,20:45:00,25.574,25.574,25.574,25.574,375,0
2016-01-14,16:35:00,25.528,25.528,25.528,25.528,150,0
2016-01-15,15:35:00,26.71,26.71,26.71,26.71,224,0
2016-01-15,15:40:00,26.761,26.761,26.761,26.761,75,0
2016-01-15,16:10:00,27.217,27.217,27.217,27.217,562,0
2016-01-15,16:45:00,26.654,26.654,26.654,26.654,562,0
2016-01-15,17:15:00,27.363,27.363,27.363,27.363,75,0
2016-01-15,17:35:00,27.375,27.375,27.375,27.375,75,0
2016-01-15,18:15:00,27.47,27.47,27.47,27.47,75,0
2016-01-15,18:40:00,28.096,28.138,28.096,28.138,749,0
2016-01-15,18:45:00,28.245,28.245,28.245,28.245,749,0
2016-01-15,18:50:00,28.172,28.172,28.043,28.043,3671,0
2016-01-15,19:20:00,27.935,27.935,27.935,27.935,277,0
2016-01-15,19:40:00,27.938,27.938,27.938,27.938,150,0
2016-01-15,20:05:00,27.682,27.682,27.682,27.682,224,0
2016-01-15,21:10:00,26.936,27.307,26.868,27.251,4120,0
2016-01-15,21:15:00,27.497,27.763,27.497,27.763,2173,0
2016-01-19,15:35:00,27.96,27.96,27.302,27.302,529,0
2016-01-19,15:40:00,27.709,27.709,27.709,27.709,1,0
2016-01-19,15:55:00,28.279,28.325,28.279,28.325,117,0
2016-01-19,16:30:00,27.302,27.302,27.302,27.302,5,0
2016-01-19,16:50:00,28.301,28.301,28.301,28.301,5,0
2016-01-19,16:55:00,28.506,28.506,28.506,28.506,5,0
2016-01-19,17:00:00,28.599,28.599,28.599,28.599,15,0
2016-01-19,17:05:00,27.96,27.96,27.326,27.326,88,0
2016-01-19,17:10:00,28.689,28.689,28.689,28.689,0,0
2016-01-19,17:25:00,27.96,27.96,27.96,27.96,14,0
2016-01-19,20:55:00,29.406,29.406,29.406,29.406,110,0
2016-01-19,21:05:00,29.145,29.145,29.145,29.145,75,0
2016-01-19,22:00:00,27.989,27.989,27.833,27.833,352,0
2016-01-20,16:35:00,29.757,29.757,29.757,29.757,44,0
2016-01-20,16:40:00,29.826,29.826,29.826,29.826,308,0
2016-01-20,17:00:00,30.327,30.327,30.327,30.327,44,0
2016-01-20,20:40:00,29.865,29.865,29.865,29.865,439,0
2016-01-20,21:00:00,28.974,28.974,28.974,28.974,44,0
2016-01-21,15:55:00,28.872,28.872,28.872,28.872,44,0
2016-01-21,18:30:00,27.256,27.256,27.256,27.256,51,0
2016-01-21,21:35:00,28.211,28.211,28.211,28.211,44,0
2016-01-22,15:45:00,27.529,27.529,27.529,27.529,172,0
2016-01-22,15:50:00,27.529,27.529,27.529,27.529,44,0
2016-01-22,15:55:00,27.529,27.529,27.529,27.529,44,0
2016-01-22,16:05:00,27.392,27.392,27.392,27.392,44,0
2016-01-22,18:30:00,27.482,27.482,27.482,27.482,44,0
2016-01-22,20:15:00,27.438,27.438,27.438,27.438,87,0
2016-01-25,15:35:00,28.779,28.779,28.779,28.779,64,0
2016-01-25,15:55:00,28.779,28.779,28.779,28.779,44,0
2016-01-25,17:50:00,27.529,27.529,27.529,27.529,88,0
2016-01-25,18:55:00,27.1,27.1,27.1,27.1,88,0
2016-01-25,21:00:00,27.529,27.529,27.529,27.529,243,0
2016-01-25,21:40:00,27.87,27.87,27.87,27.87,44,0
2016-01-26,15:35:00,28.484,28.484,28.484,28.484,101,0
2016-01-26,15:50:00,27.833,27.957,27.833,27.833,162,0
2016-01-26,16:00:00,27.87,27.87,27.87,27.87,44,0
2016-01-26,16:05:00,27.597,27.597,27.597,27.597,308,0
2016-01-26,17:10:00,27.755,27.755,27.755,27.755,44,0
2016-01-26,18:00:00,27.507,27.507,27.507,27.507,44,0
2016-01-26,19:15:00,27.234,27.234,27.234,27.234,44,0
2016-01-26,19:50:00,27.095,27.095,27.095,27.095,220,0
2016-01-26,20:00:00,27.234,27.234,27.234,27.234,44,0
2016-01-26,20:25:00,27.234,27.234,27.234,27.234,66,0
2016-01-26,20:40:00,27.414,27.414,27.414,27.414,44,0
2016-01-26,20:55:00,27.414,27.414,27.414,27.414,44,0
2016-01-26,21:05:00,27.507,27.507,27.507,27.507,44,0
2016-01-26,21:25:00,27.414,27.414,27.414,27.414,44,0
2016-01-26,21:40:00,27.141,27.141,27.141,27.141,44,0
2016-01-26,21:55:00,27.141,27.141,27.141,27.141,44,0
2016-01-26,22:00:00,27.141,27.141,27.119,27.119,88,0
2016-01-27,17:30:00,25.935,25.935,25.935,25.935,51,0
2016-01-27,19:10:00,25.401,25.401,25.401,25.401,439,0
2016-01-27,20:05:00,23.568,23.568,23.568,23.568,44,0
2016-01-27,20:50:00,25.776,25.776,25.776,25.776,44,0
2016-01-27,22:00:00,27.392,27.392,27.392,27.392,44,0
2016-01-29,15:40:00,29.007,29.007,29.007,29.007,88,0
2016-01-29,16:15:00,26.186,26.186,26.164,26.164,88,0
2016-02-01,15:45:00,40.68,40.68,40.68,40.68,264,0
2016-02-01,15:50:00,36.606,36.606,33.921,33.921,330,0
2016-02-01,15:55:00,26.254,26.254,26.254,26.254,198,0
2016-02-01,16:00:00,25.252,25.479,25.252,25.479,330,0
2016-02-01,17:00:00,25.026,25.026,25.026,25.026,44,0
2016-02-01,21:55:00,24.416,24.416,24.416,24.416,132,0
2016-02-02,15:35:00,25.867,25.867,25.867,25.867,366,0
2016-02-02,22:00:00,25.072,25.072,25.072,25.072,44,0
2016-02-03,16:40:00,27.37,27.37,27.37,27.37,44,0
2016-02-03,17:00:00,26.822,26.822,26.722,26.722,352,0
2016-02-03,21:20:00,25.481,26.39,25.481,26.39,202,0
2016-02-03,22:00:00,24.958,24.958,24.958,24.958,44,0
2016-02-04,21:45:00,26.617,26.617,26.617,26.617,44,0
2016-02-05,16:30:00,26.89,26.89,26.89,26.89,44,0
2016-02-05,16:40:00,26.868,26.868,26.403,26.403,124,0
2016-02-05,16:55:00,26.064,26.064,26.064,26.064,264,0
2016-02-05,20:35:00,27.256,27.256,27.256,27.256,44,0
2016-02-08,15:45:00,28.301,28.301,28.301,28.301,44,0
2016-02-08,16:05:00,27.984,28.006,27.984,28.006,264,0
2016-02-08,16:35:00,28.325,28.325,28.325,28.325,44,0
2016-02-08,17:25:00,28.551,28.551,28.551,28.551,44,0
2016-02-08,17:30:00,28.584,28.584,28.584,28.584,88,0
2016-02-08,21:50:00,27.984,27.984,27.984,27.984,44,0
2016-02-08,22:00:00,28.462,28.462,28.462,28.462,44,0
2016-02-09,18:30:00,29.349,29.349,29.349,29.349,44,0
2016-02-11,17:15:00,30.486,30.486,30.486,30.486,44,0
2016-02-11,17:50:00,30.486,30.486,30.486,30.486,44,0
2016-02-11,20:40:00,31.395,31.395,31.395,31.395,44,0
2016-02-12,17:20:00,29.508,29.508,29.508,29.508,220,0
2016-02-12,18:10:00,28.926,28.926,28.926,28.926,88,0
2016-02-12,19:30:00,28.788,28.788,28.788,28.788,229,0
2016-02-16,17:25:00,27.365,27.365,27.324,27.324,229,0
2016-02-16,18:00:00,27.005,27.005,26.983,26.983,923,0
2016-02-16,18:40:00,26.983,26.983,26.983,26.983,483,0
2016-02-16,18:45:00,26.983,26.983,26.983,26.983,791,0
2016-02-16,19:30:00,27.265,27.265,27.265,27.265,132,0
2016-02-16,21:35:00,27.492,27.492,27.492,27.492,132,0
2016-02-16,22:00:00,26.459,26.459,26.412,26.412,923,0
2016-02-18,16:10:00,25.708,25.708,25.708,25.708,483,0
2016-02-19,16:20:00,26.035,26.035,26.035,26.035,439,0
2016-02-19,18:25:00,25.952,25.952,25.952,25.952,44,0
2016-02-22,18:15:00,24.548,24.548,24.548,24.548,439,0
2016-02-22,20:00:00,24.767,24.767,24.767,24.767,44,0
2016-02-24,16:25:00,26.459,26.459,26.459,26.459,44,0
2016-02-24,17:45:00,26.186,26.186,26.186,26.186,44,0
2016-02-24,18:25:00,25.399,25.399,25.399,25.399,77,0
2016-02-24,18:50:00,24.911,25.391,24.911,25.391,132,0
2016-02-24,19:15:00,26.003,26.003,26.003,26.003,44,0
2016-02-24,20:50:00,24.675,24.675,24.675,24.675,110,0
2016-02-25,16:40:00,24.989,24.989,24.989,24.989,132,0
2016-02-25,21:20:00,24.207,24.207,24.207,24.207,57,0
2016-02-26,15:40:00,22.637,22.66,22.637,22.66,134,0
2016-02-26,16:05:00,23.968,23.968,23.968,23.968,66,0
2016-02-26,16:55:00,24.548,24.548,24.548,24.548,132,0
2016-02-29,17:30:00,23.888,23.888,23.888,23.888,132,0
2016-03-01,16:30:00,24.548,24.548,24.548,24.548,44,0
2016-03-01,17:15:00,23.888,24.365,23.888,24.365,88,0
2016-03-01,18:30:00,23.888,24.185,23.888,24.185,220,0
2016-03-01,19:35:00,23.888,23.888,23.888,23.888,668,0
2016-03-02,15:35:00,22.887,22.887,22.887,22.887,44,0
2016-03-02,15:45:00,22.842,22.842,22.842,22.842,44,0
2016-03-03,17:20:00,22.751,22.751,22.751,22.751,412,0
2016-03-03,22:00:00,21.841,21.841,21.841,21.841,44,0
2016-03-04,19:05:00,22.304,22.304,22.304,22.304,220,0
2016-03-04,21:20:00,22.864,22.864,22.864,22.864,82,0
2016-03-09,19:30:00,21.644,21.644,21.644,21.644,89,0
2016-03-10,15:35:00,21.249,21.249,21.249,21.249,181,0
2016-03-10,16:15:00,21.915,21.915,21.915,21.915,5,0
2016-03-10,16:20:00,20.134,20.134,20.134,20.134,5,0
2016-03-10,16:25:00,21.636,21.636,21.636,21.636,2,0
2016-03-10,18:05:00,21.636,21.636,21.636,21.636,5,0
2016-03-10,20:25:00,22.5,22.592,22.5,22.592,10,0
2016-03-10,21:35:00,21.977,22.091,21.977,22.091,264,0
2016-03-10,21:45:00,20.567,20.567,20.567,20.567,2,0
2016-03-10,21:55:00,20.157,20.157,20.157,20.157,2,0
2016-03-11,15:35:00,19.634,19.634,19.315,19.315,1048,0
2016-03-11,16:35:00,19.133,19.133,19.042,19.042,442,0
2016-03-14,14:50:00,20.407,20.407,20.407,20.407,44,0
2016-03-14,15:00:00,20.294,20.498,20.294,20.407,400,0
2016-03-14,15:15:00,20.384,20.384,20.384,20.384,44,0
2016-03-14,16:00:00,20.102,20.102,20.102,20.102,44,0
2016-03-14,16:20:00,20.111,20.111,20.111,20.111,44,0
2016-03-14,18:10:00,20.111,20.111,20.111,20.111,44,0
2016-03-14,20:55:00,18.564,18.564,18.383,18.519,439,0
2016-03-14,21:00:00,18.542,18.564,18.542,18.564,132,0
2016-03-15,19:20:00,20.248,20.248,20.248,20.248,220,0
2016-03-15,20:55:00,18.86,18.86,18.86,18.86,44,0
2016-03-16,18:20:00,19.252,19.252,19.252,19.252,53,0
2016-03-16,19:50:00,19.197,19.197,19.197,19.197,88,0
2016-03-16,21:00:00,18.246,18.246,18.246,18.246,53,0
2016-03-17,20:45:00,17.576,17.576,17.576,17.576,88,0
2016-03-22,14:35:00,20.362,20.362,20.362,20.362,44,0
2016-03-22,14:55:00,20.476,20.476,19.178,19.178,88,0
2016-03-22,15:00:00,18.2,18.2,18.2,18.2,44,0
2016-03-22,15:10:00,18.655,18.655,18.655,18.655,54,0
2016-03-22,15:20:00,18.427,18.427,17.063,17.063,483,0
2016-03-22,18:10:00,16.745,16.745,16.745,16.745,44,0
2016-03-22,18:30:00,15.77,15.77,15.766,15.77,655,0
2016-03-22,18:45:00,16.177,16.244,16.177,16.244,110,0
2016-03-22,21:00:00,15.789,15.789,15.789,15.789,88,0
2016-03-23,14:45:00,15.971,15.971,15.971,15.971,54,0
2016-03-23,15:05:00,16.238,16.238,16.238,16.238,66,0
2016-03-28,18:20:00,17.385,17.385,17.385,17.385,439,0
2016-03-31,17:05:00,16.718,16.718,16.718,16.718,102,0
2016-03-31,18:20:00,16.54,16.54,16.54,16.54,44,0
2016-04-01,15:35:00,16.608,16.608,16.608,16.608,44,0
2016-04-01,17:35:00,16.478,16.478,16.478,16.478,439,0
2016-04-01,19:00:00,16.153,16.153,16.153,16.153,88,0
2016-04-01,19:05:00,16.153,16.153,16.153,16.153,264,0
2016-04-01,19:25:00,16.153,16.153,16.153,16.153,44,0
2016-04-04,16:10:00,16.153,16.153,16.153,16.153,439,0
2016-04-04,17:05:00,16.38,16.38,16.38,16.38,88,0
2016-04-04,17:15:00,16.358,16.358,16.358,16.358,44,0
2016-04-04,21:45:00,16.153,16.153,16.153,16.153,176,0
2016-04-07,15:50:00,16.721,16.722,16.721,16.721,483,0
2016-04-11,15:35:00,15.721,15.721,15.721,15.721,44,0
2016-04-11,15:40:00,15.721,15.723,15.721,15.723,102,0
2016-04-12,19:00:00,16.522,16.522,16.522,16.522,44,0
2016-04-13,19:15:00,16.289,16.289,16.289,16.289,44,0
2016-04-14,21:20:00,16.54,16.54,16.54,16.54,439,0
2016-04-15,19:05:00,15.041,15.041,15.041,15.041,66,0
2016-04-18,17:00:00,14.333,14.356,14.333,14.356,264,0
2016-04-19,15:35:00,14.219,14.219,14.219,14.219,53,0
2016-04-19,17:45:00,13.946,13.946,13.946,13.946,44,0
2016-04-19,22:00:00,14.128,14.219,14.128,14.128,220,0
2016-04-20,18:35:00,13.832,13.832,13.832,13.832,44,0
2016-04-20,18:40:00,13.832,13.832,13.832,13.832,84,0
2016-04-21,21:05:00,14.788,14.788,14.788,14.788,88,0
2016-04-25,15:55:00,15.106,15.106,15.106,15.106,44,0
2016-04-25,16:20:00,14.583,14.583,14.561,14.561,483,0
2016-04-25,16:25:00,14.674,14.674,14.674,14.674,1055,0
2016-04-25,16:30:00,14.719,14.72,14.713,14.718,1231,0
2016-04-25,16:35:00,14.583,14.583,14.576,14.583,1231,0
2016-04-26,18:50:00,14.501,14.501,14.501,14.501,132,0
2016-04-27,17:00:00,14.287,14.287,14.287,14.287,439,0
2016-04-27,17:05:00,14.424,14.424,14.417,14.424,2373,0
2016-04-29,17:00:00,15.584,15.584,15.584,15.584,44,0
2016-04-29,21:15:00,15.766,15.766,15.766,15.766,44,0
2016-04-29,21:50:00,15.47,15.47,15.47,15.47,44,0
2016-05-02,15:35:00,14.356,14.794,14.356,14.794,396,0
2016-05-02,18:15:00,14.856,14.902,14.856,14.902,284,0
2016-05-02,20:25:00,15.197,15.197,15.197,15.197,747,0
2016-05-02,20:30:00,15.175,15.175,15.175,15.175,44,0
2016-05-02,21:05:00,15.22,15.288,15.22,15.288,533,0
2016-05-03,21:05:00,15.274,15.274,15.274,15.274,220,0
2016-05-03,21:15:00,15.425,15.425,15.425,15.425,44,0
2016-05-05,19:45:00,15.766,15.766,15.766,15.766,44,0
2016-05-05,20:45:00,15.391,15.391,15.391,15.391,44,0
2016-05-09,15:55:00,15.243,15.243,15.243,15.243,44,0
2016-05-10,20:00:00,14.834,14.834,14.834,14.834,176,0
2016-05-10,20:25:00,14.583,14.583,14.583,14.583,44,0
2016-05-10,20:30:00,14.651,14.651,14.651,14.651,44,0
2016-05-11,18:50:00,14.583,14.583,14.583,14.583,48,0
2016-05-11,21:45:00,14.651,14.651,14.624,14.624,527,0
2016-05-11,21:55:00,14.924,14.924,14.755,14.755,88,0
2016-05-12,21:50:00,14.947,14.947,14.947,14.947,167,0
2016-05-16,15:35:00,15.152,15.152,15.152,15.152,220,0
2016-05-16,17:10:00,14.947,15.129,14.947,15.129,744,0
2016-05-16,19:20:00,14.856,14.856,14.856,14.856,66,0
2016-05-16,21:50:00,14.834,14.856,14.509,14.509,439,0
2016-05-17,16:40:00,14.992,14.992,14.992,14.992,61,0
2016-05-17,16:55:00,14.037,14.439,14.037,14.439,410,0
2016-05-17,20:15:00,15.305,15.305,15.305,15.305,1067,0
2016-05-17,21:30:00,14.744,14.744,14.744,14.744,41,0
2016-05-18,16:55:00,14.208,14.208,14.208,14.208,41,0
2016-05-18,20:25:00,15.524,15.524,15.524,15.524,632,0
2016-05-18,20:55:00,15.524,15.524,15.524,15.524,80,0
2016-05-18,21:00:00,15.524,15.524,15.524,15.524,82,0
2016-05-18,21:05:00,15.524,15.524,15.524,15.524,410,0
2016-05-19,15:55:00,15.695,15.695,15.695,15.695,616,0
2016-05-19,16:00:00,15.743,15.889,15.743,15.889,1636,0
2016-05-19,16:55:00,15.889,15.889,15.792,15.841,1723,0
2016-05-19,17:05:00,15.841,15.841,15.841,15.841,821,0
2016-05-19,17:25:00,15.889,15.889,15.865,15.865,410,0
2016-05-19,17:35:00,15.889,15.914,15.889,15.914,821,0
2016-05-19,17:50:00,15.841,15.841,15.841,15.841,41,0
2016-05-19,18:00:00,15.841,15.841,15.841,15.841,410,0
2016-05-19,19:00:00,15.889,15.889,15.889,15.889,616,0
2016-05-19,20:05:00,14.598,14.598,14.598,14.598,174,0
2016-05-19,20:10:00,15.207,15.207,15.207,15.207,41,0
2016-05-19,20:25:00,15.426,15.426,15.426,15.426,41,0
2016-05-20,21:30:00,14.817,14.817,14.342,14.342,426,0
2016-05-23,20:35:00,14.375,14.451,14.354,14.451,132,0
2016-05-24,16:00:00,15.048,15.048,15.048,15.048,123,0
2016-05-24,16:05:00,14.32,14.32,14.32,14.32,74,0
2016-05-24,16:50:00,14.943,14.943,14.943,14.943,66,0
2016-05-25,16:05:00,14.305,14.305,14.305,14.305,854,0
2016-05-25,16:20:00,14.476,14.476,14.476,14.476,82,0
2016-05-25,18:10:00,14.573,14.573,14.337,14.561,328,0
2016-05-25,18:15:00,14.573,14.573,14.573,14.573,164,0
2016-05-26,18:50:00,14.573,14.573,14.573,14.573,41,0
2016-05-26,20:30:00,14.598,14.598,14.598,14.598,616,0
2016-05-26,20:35:00,14.671,14.671,14.671,14.671,41,0
2016-05-27,21:40:00,14.514,14.514,14.514,14.514,41,0
2016-05-31,20:00:00,14.037,14.037,14.037,14.037,410,0
2016-06-01,16:00:00,14.525,14.525,14.525,14.525,82,0
2016-06-01,21:15:00,13.355,13.355,13.282,13.282,287,0
2016-06-01,21:50:00,13.282,13.282,13.282,13.282,41,0
2016-06-01,21:55:00,13.209,13.282,13.209,13.282,410,0
2016-06-02,15:35:00,12.77,12.77,12.77,12.77,45,0
2016-06-02,15:55:00,13.552,13.552,13.552,13.552,62,0
2016-06-02,18:20:00,13.306,13.526,13.209,13.209,1793,0
2016-06-02,19:15:00,13.16,13.16,13.16,13.16,410,0
2016-06-02,20:05:00,13.038,13.038,13.038,13.038,1313,0
2016-06-02,20:15:00,13.038,13.038,13.038,13.038,410,0
2016-06-03,17:20:00,13.16,13.16,13.16,13.16,123,0
2016-06-03,19:00:00,13.94,13.94,13.94,13.94,82,0
2016-06-03,19:35:00,13.769,13.769,13.769,13.769,123,0
2016-06-03,20:35:00,13.998,13.998,13.998,13.998,82,0
2016-06-03,21:10:00,13.903,13.903,13.903,13.903,82,0
2016-06-06,18:35:00,13.27,13.27,13.27,13.27,123,0
2016-06-06,20:05:00,13.221,13.221,13.221,13.221,82,0
2016-06-07,19:15:00,13.404,13.404,13.404,13.404,123,0
2016-06-08,19:55:00,14.11,14.11,14.11,14.11,205,0
2016-06-10,15:55:00,14.33,14.33,14.33,14.33,345,0
2016-06-10,21:45:00,14.257,14.257,14.257,14.257,616,0
2016-06-10,22:00:00,14.257,14.281,14.257,14.257,1641,0
2016-06-13,15:35:00,14.866,14.866,14.866,14.866,492,0
2016-06-13,15:45:00,15.28,15.28,14.647,14.647,492,0
2016-06-13,16:00:00,15.329,15.329,15.329,15.329,81,0
2016-06-13,17:20:00,15.353,15.353,15.353,15.353,41,0
2016-06-13,18:25:00,14.542,14.542,14.542,14.542,345,0
2016-06-13,19:05:00,15.572,15.572,15.572,15.572,2072,0
2016-06-13,21:10:00,15.922,15.922,15.922,15.922,246,0
2016-06-14,15:35:00,15.841,15.841,15.841,15.841,43,0
2016-06-14,16:40:00,16.45,16.45,16.45,16.45,41,0
2016-06-14,16:50:00,16.45,16.45,16.45,16.45,41,0
2016-06-14,17:00:00,16.45,16.45,16.45,16.45,164,0
2016-06-14,17:15:00,16.178,16.178,16.16,16.16,205,0
2016-06-14,17:20:00,16.45,16.45,16.328,16.328,574,0
2016-06-14,18:55:00,16.426,16.45,16.426,16.45,383,0
2016-06-14,19:15:00,16.313,16.313,16.313,16.313,82,0
2016-06-14,20:00:00,16.45,16.45,16.45,16.45,946,0
2016-06-14,20:10:00,16.962,16.962,16.962,16.962,41,0
2016-06-14,21:55:00,17.035,17.035,17.035,17.035,164,0
2016-06-15,15:50:00,16.937,16.937,16.742,16.742,164,0
2016-06-15,19:40:00,17.449,17.449,17.449,17.449,41,0
2016-06-15,19:45:00,16.937,16.937,16.937,16.937,41,0
2016-06-15,20:30:00,17.664,17.664,17.664,17.664,205,0
2016-06-15,21:50:00,17.303,17.303,17.303,17.303,113,0
2016-06-16,15:35:00,12.93,13.08,12.93,13.08,115,0
2016-06-16,15:40:00,12.63,12.857,12.63,12.857,283,0
2016-06-16,16:25:00,12.87,12.87,12.87,12.87,67,0
2016-06-16,16:35:00,12.87,12.87,12.87,12.87,75,0
2016-06-16,16:50:00,12.553,12.553,12.553,12.553,67,0
2016-06-16,17:00:00,12.539,12.539,12.539,12.539,40,0
2016-06-16,17:05:00,12.54,12.54,12.54,12.54,67,0
2016-06-16,18:15:00,12.661,12.661,12.661,12.661,43,0
2016-06-16,19:00:00,12.414,12.414,12.414,12.414,167,0
2016-06-16,19:40:00,12.503,12.81,12.503,12.81,304,0
2016-06-16,21:30:00,12.09,12.09,12.09,12.09,100,0
2016-06-17,18:05:00,11.583,11.583,11.583,11.583,33,0
2016-06-17,18:10:00,11.766,11.766,11.766,11.766,242,0
2016-06-17,18:15:00,11.601,11.601,11.601,11.601,100,0
2016-06-17,19:30:00,11.79,11.91,11.79,11.91,429,0
2016-06-17,21:05:00,11.91,11.91,11.91,11.91,100,0
2016-06-20,15:35:00,11.67,11.67,11.49,11.49,367,0
2016-06-20,15:45:00,9.6,9.6,9.6,9.6,233,0
2016-06-20,15:50:00,9.6,9.6,9.2103,9.6,312,0
2016-06-20,16:15:00,9.4176,9.6,9.4176,9.576,100,0
2016-06-20,16:55:00,9.534,9.534,9.534,9.534,67,0
2016-06-20,17:15:00,9.2103,9.2103,9.2103,9.2103,92,0
2016-06-20,17:25:00,9.6,9.6,9.6,9.6,75,0
2016-06-20,18:30:00,9.6,9.6,9.6,9.6,133,0
2016-06-20,19:10:00,9.6,9.6,9.6,9.6,33,0
2016-06-20,19:30:00,9.4518,9.4518,9.4518,9.4518,110,0
2016-06-20,21:20:00,9.21,9.24,9.21,9.21,2865,0
2016-06-21,15:35:00,8.58,9,8.58,9,247,0
2016-06-21,16:10:00,9.99,9.99,9.99,9.99,33,0
2016-06-21,17:10:00,9.75,9.75,9.75,9.75,33,0
2016-06-21,17:45:00,9.75,9.75,9.75,9.75,333,0
2016-06-21,17:55:00,9.66,9.66,9.66,9.66,100,0
2016-06-21,18:00:00,9.75,9.75,9.75,9.75,287,0
2016-06-21,18:10:00,10.56,10.56,10.56,10.56,67,0
2016-06-21,18:15:00,11.16,11.16,11.16,11.16,67,0
2016-06-21,18:30:00,10.5,10.5,10.5,10.5,145,0
2016-06-21,19:05:00,11.4,11.4,11.4,11.4,33,0
2016-06-21,20:00:00,11.4,11.4,11.4,11.4,100,0
2016-06-21,20:15:00,10.8,10.8,10.8,10.8,100,0
2016-06-21,20:20:00,11.37,11.37,11.37,11.37,33,0
2016-06-21,20:40:00,11.277,11.277,11.277,11.277,65,0
2016-06-21,20:45:00,10.982,10.982,10.982,10.982,110,0
2016-06-21,20:55:00,10.8,10.8,10.8,10.8,33,0
2016-06-21,21:00:00,10.5,10.5,10.5,10.5,33,0
2016-06-21,21:50:00,10.5,10.5,10.5,10.5,85,0
2016-06-22,15:55:00,10.5,10.5,10.5,10.5,74,0
2016-06-22,16:05:00,10.5,10.5,10.491,10.491,117,0
2016-06-22,17:00:00,10.5,10.5,10.5,10.5,67,0
2016-06-23,15:50:00,9.92,9.92,9.92,9.92,155,0
2016-06-23,16:50:00,10.09,10.09,10.09,10.09,100,0
2016-06-23,21:50:00,10.02,10.02,9.98,10.02,1281,0
2016-06-24,15:40:00,11.88,11.88,11.84,11.84,234,0
2016-06-24,16:45:00,11.8399,11.8399,11.8399,11.8399,110,0
2016-06-24,17:05:00,11.34,11.34,11.34,11.34,116,0
2016-06-24,17:25:00,11.44,11.44,11.44,11.44,116,0
2016-06-24,17:50:00,11.8399,11.8399,11.5558,11.5558,1000,0
2016-06-24,18:55:00,11.84,11.84,11.84,11.84,700,0
2016-06-24,21:50:00,12.77,12.77,12.77,12.77,100,0
2016-06-27,15:35:00,14.42,14.42,13.4282,13.4282,570,0
2016-06-27,15:40:00,13.25,13.25,13.25,13.25,200,0
2016-06-27,15:45:00,13.0001,13.01,13,13.0001,1100,0
2016-06-27,20:20:00,13.072,13.072,13.072,13.072,133,0
2016-06-27,20:30:00,13.1999,13.1999,13.1999,13.1999,100,0
2016-06-27,21:45:00,13.14,13.14,13.14,13.14,100,0
2016-06-27,21:50:00,13.19,13.19,13.19,13.19,200,0
2016-06-27,22:00:00,13.0371,13.0371,13.0371,13.0371,340,0
2016-06-28,15:35:00,12.46,12.62,12.46,12.62,238,0
2016-06-28,16:05:00,12.22,12.22,12.22,12.22,100,0
2016-06-28,16:30:00,12.23,12.23,12.23,12.23,100,0
2016-06-30,20:25:00,10.2,10.2,10.1,10.1,200,0
2016-06-30,20:30:00,9.9,9.9,9.9,9.9,100,0
2016-06-30,22:00:00,10.08,10.08,10.07,10.07,200,0
2016-07-01,15:35:00,9.25,10,9.25,10,5831,0
2016-07-01,15:40:00,9.82,9.82,9.82,9.82,100,0
2016-07-05,16:45:00,9.82,9.82,9.82,9.82,199,0
2016-07-05,17:40:00,10.05,10.05,10.05,10.05,500,0
2016-07-05,18:40:00,10.12,10.12,10.12,10.12,100,0
2016-07-05,21:15:00,9.6,9.6,9.55,9.55,700,0
2016-07-05,21:50:00,9.42,9.42,9.4,9.4,611,0
2016-07-06,15:55:00,10.1899,10.1899,10.1899,10.1899,100,0
2016-07-07,17:30:00,9.4999,9.5,9.48,9.5,500,0
2016-07-07,18:55:00,8.995,8.995,8.995,8.995,125,0
2016-07-08,15:45:00,8.69,8.69,8.66,8.66,640,0
2016-07-08,16:45:00,8.6617,8.6617,8.6617,8.6617,1000,0
2016-07-08,20:05:00,8.6865,8.6865,8.6865,8.6865,292,0
