Date,Time,Open,High,Low,Close,Volume,OpenInt
2016-06-22,15:35:00,10.78,10.78,10.76,10.76,1493,0
2016-06-22,15:40:00,10.84,10.8765,10.84,10.86,838,0
2016-06-22,15:45:00,10.87,10.87,10.87,10.87,100,0
2016-06-22,15:50:00,10.87,10.87,10.87,10.87,100,0
2016-06-22,15:55:00,10.86,10.86,10.84,10.84,1200,0
2016-06-22,16:00:00,10.83,10.83,10.83,10.83,200,0
2016-06-22,16:05:00,10.81,10.81,10.8,10.8,500,0
2016-06-22,16:10:00,10.8,10.83,10.7975,10.83,2780,0
2016-06-22,16:15:00,10.82,10.82,10.82,10.82,100,0
2016-06-22,16:20:00,10.83,10.85,10.82,10.85,9224,0
2016-06-22,16:25:00,10.84,10.84,10.82,10.835,1684,0
2016-06-22,16:30:00,10.84,10.88,10.84,10.875,2427,0
2016-06-22,16:35:00,10.87,10.89,10.85,10.885,5810,0
2016-06-22,16:40:00,10.88,10.88,10.85,10.85,1900,0
2016-06-22,16:45:00,10.84,10.85,10.84,10.845,300,0
2016-06-22,16:50:00,10.85,10.87,10.84,10.87,2300,0
2016-06-22,16:55:00,10.88,10.9,10.875,10.9,5369,0
2016-06-22,17:00:00,10.9,10.92,10.895,10.905,2600,0
2016-06-22,17:05:00,10.9001,10.92,10.9001,10.92,850,0
2016-06-22,17:10:00,10.91,10.91,10.9,10.905,2200,0
2016-06-22,17:15:00,10.9,10.93,10.9,10.92,3184,0
2016-06-22,17:20:00,10.92,10.94,10.92,10.93,1900,0
2016-06-22,17:25:00,10.92,10.93,10.8975,10.93,16408,0
2016-06-22,17:30:00,10.93,10.94,10.9175,10.93,36828,0
2016-06-22,17:35:00,10.92,10.92,10.89,10.9,7465,0
2016-06-22,17:40:00,10.9,10.93,10.9,10.92,4300,0
2016-06-22,17:45:00,10.91,10.91,10.905,10.91,1000,0
2016-06-22,17:50:00,10.92,10.94,10.92,10.93,4400,0
2016-06-22,17:55:00,10.93,10.95,10.93,10.95,4200,0
2016-06-22,18:00:00,10.94,10.96,10.94,10.96,2300,0
2016-06-22,18:05:00,10.95,10.96,10.94,10.94,1200,0
2016-06-22,18:10:00,10.94,10.94,10.93,10.93,500,0
2016-06-22,18:15:00,10.92,10.95,10.92,10.95,2000,0
2016-06-22,18:20:00,10.95,10.95,10.93,10.93,1709,0
2016-06-22,18:25:00,10.92,10.92,10.87,10.87,1700,0
2016-06-22,18:30:00,10.87,10.88,10.87,10.88,4800,0
2016-06-22,18:35:00,10.88,10.9,10.88,10.9,1800,0
2016-06-22,18:40:00,10.9,10.9,10.89,10.9,1600,0
2016-06-22,18:45:00,10.89,10.89,10.87,10.87,800,0
2016-06-22,18:50:00,10.86,10.86,10.85,10.85,1359,0
2016-06-22,18:55:00,10.85,10.8501,10.84,10.84,2600,0
2016-06-22,19:00:00,10.84,10.85,10.84,10.85,1100,0
2016-06-22,19:05:00,10.85,10.85,10.83,10.83,1459,0
2016-06-22,19:10:00,10.81,10.81,10.81,10.81,100,0
2016-06-22,19:15:00,10.81,10.82,10.8,10.82,2800,0
2016-06-22,19:20:00,10.82,10.82,10.805,10.81,1660,0
2016-06-22,19:25:00,10.8,10.8,10.79,10.79,700,0
2016-06-22,19:30:00,10.79,10.81,10.78,10.81,16141,0
2016-06-22,19:35:00,10.81,10.8125,10.795,10.8099,22154,0
2016-06-22,19:40:00,10.8,10.82,10.7999,10.82,4100,0
2016-06-22,19:45:00,10.83,10.83,10.83,10.83,200,0
2016-06-22,19:50:00,10.84,10.84,10.83,10.83,800,0
2016-06-22,19:55:00,10.82,10.83,10.82,10.83,700,0
2016-06-22,20:00:00,10.82,10.82,10.8,10.8,2500,0
2016-06-22,20:05:00,10.8,10.8,10.8,10.8,900,0
2016-06-22,20:10:00,10.79,10.79,10.78,10.785,1500,0
2016-06-22,20:15:00,10.78,10.78,10.7771,10.7771,3850,0
2016-06-22,20:20:00,10.77,10.8,10.77,10.79,2500,0
2016-06-22,20:25:00,10.78,10.79,10.78,10.78,1600,0
2016-06-22,20:30:00,10.78,10.79,10.78,10.79,1500,0
2016-06-22,20:35:00,10.79,10.79,10.775,10.78,1300,0
2016-06-22,20:40:00,10.78,10.79,10.775,10.79,1841,0
2016-06-22,20:45:00,10.79,10.84,10.79,10.83,18854,0
2016-06-22,20:50:00,10.83,10.83,10.82,10.82,2400,0
2016-06-22,20:55:00,10.83,10.84,10.83,10.84,5000,0
2016-06-22,21:00:00,10.84,10.84,10.83,10.83,900,0
2016-06-22,21:05:00,10.84,10.86,10.84,10.86,4379,0
2016-06-22,21:10:00,10.86,10.86,10.83,10.85,8100,0
2016-06-22,21:15:00,10.84,10.84,10.83,10.84,600,0
2016-06-22,21:20:00,10.83,10.835,10.82,10.82,1700,0
2016-06-22,21:25:00,10.81,10.82,10.81,10.82,1300,0
2016-06-22,21:30:00,10.82,10.83,10.81,10.82,2992,0
2016-06-22,21:35:00,10.82,10.82,10.81,10.82,1700,0
2016-06-22,21:40:00,10.82,10.84,10.82,10.84,6260,0
2016-06-22,21:45:00,10.84,10.85,10.825,10.83,17576,0
2016-06-22,21:50:00,10.84,10.84,10.805,10.805,3899,0
2016-06-22,21:55:00,10.81,10.81,10.79,10.81,10707,0
2016-06-22,22:00:00,10.81,10.81,10.78,10.79,13140,0
2016-06-23,15:35:00,10.95,11.03,10.82,11.02,3378,0
2016-06-23,15:40:00,11.07,11.08,11.03,11.03,4103,0
2016-06-23,15:45:00,11.07,11.1,11.07,11.07,33084,0
2016-06-23,15:50:00,11.07,11.11,11.07,11.11,21103,0
2016-06-23,15:55:00,11.1,11.12,11.09,11.09,13867,0
2016-06-23,16:00:00,11.09,11.12,11.08,11.1101,4568,0
2016-06-23,16:05:00,11.12,11.16,11.12,11.15,10257,0
2016-06-23,16:10:00,11.15,11.16,11.14,11.14,5400,0
2016-06-23,16:15:00,11.15,11.17,11.15,11.17,8158,0
2016-06-23,16:20:00,11.17,11.2,11.17,11.17,4254,0
2016-06-23,16:25:00,11.18,11.22,11.165,11.22,4754,0
2016-06-23,16:30:00,11.23,11.23,11.18,11.19,5024,0
2016-06-23,16:35:00,11.18,11.18,11.15,11.16,2803,0
2016-06-23,16:40:00,11.15,11.15,11.14,11.14,800,0
2016-06-23,16:45:00,11.14,11.17,11.14,11.17,2536,0
2016-06-23,16:50:00,11.16,11.16,11.12,11.13,5482,0
2016-06-23,16:55:00,11.12,11.13,11.1,11.11,4429,0
2016-06-23,17:00:00,11.12,11.12,11.11,11.12,4900,0
2016-06-23,17:05:00,11.12,11.12,11.09,11.09,1500,0
2016-06-23,17:10:00,11.1,11.11,11.09,11.11,1600,0
2016-06-23,17:15:00,11.11,11.13,11.1,11.13,2500,0
2016-06-23,17:20:00,11.14,11.17,11.14,11.16,3605,0
2016-06-23,17:25:00,11.17,11.17,11.15,11.17,4500,0
2016-06-23,17:30:00,11.17,11.18,11.16,11.17,5202,0
2016-06-23,17:35:00,11.17,11.18,11.17,11.17,2500,0
2016-06-23,17:40:00,11.19,11.19,11.17,11.18,2796,0
2016-06-23,17:45:00,11.18,11.18,11.16,11.17,3800,0
2016-06-23,17:50:00,11.17,11.18,11.16,11.18,2105,0
2016-06-23,17:55:00,11.2,11.22,11.18,11.19,30915,0
2016-06-23,18:00:00,11.18,11.205,11.18,11.18,4600,0
2016-06-23,18:05:00,11.19,11.21,11.19,11.19,4683,0
2016-06-23,18:10:00,11.19,11.19,11.18,11.19,4724,0
2016-06-23,18:15:00,11.2,11.2,11.19,11.195,2138,0
2016-06-23,18:20:00,11.2,11.2,11.19,11.19,2296,0
2016-06-23,18:25:00,11.18,11.18,11.18,11.18,200,0
2016-06-23,18:30:00,11.19,11.2,11.19,11.2,1400,0
2016-06-23,18:35:00,11.2,11.2,11.19,11.19,600,0
2016-06-23,18:40:00,11.19,11.19,11.18,11.18,1000,0
2016-06-23,18:45:00,11.18,11.18,11.14,11.15,6290,0
2016-06-23,18:50:00,11.15,11.15,11.15,11.15,2300,0
2016-06-23,18:55:00,11.15,11.15,11.14,11.14,1200,0
2016-06-23,19:00:00,11.15,11.16,11.14,11.16,3626,0
2016-06-23,19:05:00,11.16,11.16,11.12,11.12,3000,0
2016-06-23,19:10:00,11.12,11.12,11.12,11.12,900,0
2016-06-23,19:15:00,11.12,11.15,11.12,11.14,3497,0
2016-06-23,19:20:00,11.14,11.14,11.13,11.13,2100,0
2016-06-23,19:25:00,11.14,11.14,11.13,11.13,1500,0
2016-06-23,19:30:00,11.12,11.12,11.11,11.11,1197,0
2016-06-23,19:35:00,11.11,11.11,11.11,11.11,300,0
2016-06-23,19:40:00,11.11,11.11,11.09,11.09,3259,0
2016-06-23,19:45:00,11.08,11.09,11.07,11.09,7602,0
2016-06-23,19:50:00,11.09,11.09,11.08,11.08,1456,0
2016-06-23,19:55:00,11.085,11.085,11.08,11.08,200,0
2016-06-23,20:00:00,11.09,11.1,11.085,11.09,2800,0
2016-06-23,20:05:00,11.095,11.095,11.07,11.07,3702,0
2016-06-23,20:10:00,11.07,11.08,11.07,11.08,300,0
2016-06-23,20:15:00,11.08,11.08,11.07,11.08,2900,0
2016-06-23,20:20:00,11.09,11.09,11.08,11.08,1000,0
2016-06-23,20:25:00,11.085,11.085,11.06,11.06,2900,0
2016-06-23,20:30:00,11.07,11.09,11.07,11.09,3500,0
2016-06-23,20:35:00,11.1,11.11,11.1,11.11,1100,0
2016-06-23,20:40:00,11.105,11.105,11.07,11.08,5000,0
2016-06-23,20:45:00,11.08,11.08,11.07,11.07,400,0
2016-06-23,20:50:00,11.075,11.09,11.075,11.09,1000,0
2016-06-23,20:55:00,11.09,11.1,11.09,11.1,800,0
2016-06-23,21:00:00,11.095,11.1,11.09,11.1,800,0
2016-06-23,21:05:00,11.1,11.1,11.09,11.1,1383,0
2016-06-23,21:10:00,11.09,11.09,11.07,11.07,1350,0
2016-06-23,21:15:00,11.08,11.09,11.075,11.08,8334,0
2016-06-23,21:20:00,11.08,11.09,11.07,11.08,2052,0
2016-06-23,21:25:00,11.085,11.085,11.08,11.08,1900,0
2016-06-23,21:30:00,11.07,11.08,11.07,11.07,8684,0
2016-06-23,21:35:00,11.08,11.09,11.06,11.09,19999,0
2016-06-23,21:40:00,11.09,11.1,11.09,11.1,1700,0
2016-06-23,21:45:00,11.09,11.13,11.09,11.13,4544,0
2016-06-23,21:50:00,11.13,11.14,11.13,11.14,3200,0
2016-06-23,21:55:00,11.14,11.15,11.13,11.135,5237,0
2016-06-23,22:00:00,11.14,11.17,11.13,11.17,37905,0
2016-06-24,15:35:00,10.5,10.6599,10.41,10.44,21692,0
2016-06-24,15:40:00,10.43,10.46,10.42,10.46,12403,0
2016-06-24,15:45:00,10.45,10.52,10.45,10.49,22062,0
2016-06-24,15:50:00,10.5,10.5,10.43,10.5,7812,0
2016-06-24,15:55:00,10.5,10.52,10.47,10.49,9799,0
2016-06-24,16:00:00,10.5,10.54,10.49,10.52,7700,0
2016-06-24,16:05:00,10.52,10.54,10.49,10.51,5089,0
2016-06-24,16:10:00,10.51,10.58,10.505,10.57,7579,0
2016-06-24,16:15:00,10.59,10.6,10.56,10.57,5811,0
2016-06-24,16:20:00,10.56,10.56,10.52,10.52,2000,0
2016-06-24,16:25:00,10.515,10.515,10.48,10.51,5380,0
2016-06-24,16:30:00,10.5,10.52,10.48,10.51,12310,0
2016-06-24,16:35:00,10.505,10.53,10.495,10.52,3301,0
2016-06-24,16:40:00,10.52,10.56,10.52,10.56,5500,0
2016-06-24,16:45:00,10.57,10.57,10.545,10.55,2965,0
2016-06-24,16:50:00,10.54,10.55,10.54,10.54,1900,0
2016-06-24,16:55:00,10.53,10.53,10.495,10.51,2900,0
2016-06-24,17:00:00,10.505,10.51,10.49,10.49,3800,0
2016-06-24,17:05:00,10.49,10.49,10.47,10.47,2754,0
2016-06-24,17:10:00,10.475,10.52,10.475,10.52,2800,0
2016-06-24,17:15:00,10.52,10.52,10.48,10.5,3900,0
2016-06-24,17:20:00,10.49,10.5,10.48,10.48,1100,0
2016-06-24,17:25:00,10.48,10.49,10.46,10.465,1800,0
2016-06-24,17:30:00,10.47,10.48,10.46,10.48,2600,0
2016-06-24,17:35:00,10.48,10.48,10.46,10.46,2900,0
2016-06-24,17:40:00,10.465,10.5,10.465,10.5,5414,0
2016-06-24,17:45:00,10.5,10.5,10.49,10.49,12500,0
2016-06-24,17:50:00,10.52,10.53,10.51,10.52,1900,0
2016-06-24,17:55:00,10.5,10.5,10.485,10.5,900,0
2016-06-24,18:00:00,10.493,10.52,10.493,10.52,2450,0
2016-06-24,18:05:00,10.53,10.53,10.49,10.49,2900,0
2016-06-24,18:10:00,10.5,10.52,10.495,10.5,3212,0
2016-06-24,18:15:00,10.49,10.49,10.48,10.49,2210,0
2016-06-24,18:20:00,10.49,10.49,10.48,10.48,1000,0
2016-06-24,18:25:00,10.49,10.53,10.49,10.5,5800,0
2016-06-24,18:30:00,10.51,10.53,10.51,10.53,1585,0
2016-06-24,18:35:00,10.52,10.52,10.47,10.47,2500,0
2016-06-24,18:40:00,10.48,10.48,10.47,10.47,2100,0
2016-06-24,18:45:00,10.47,10.47,10.46,10.46,1699,0
2016-06-24,18:50:00,10.46,10.46,10.439,10.445,7898,0
2016-06-24,18:55:00,10.45,10.45,10.42,10.43,700,0
2016-06-24,19:00:00,10.43,10.44,10.39,10.39,4423,0
2016-06-24,19:05:00,10.39,10.42,10.375,10.41,4371,0
2016-06-24,19:10:00,10.41,10.41,10.4,10.41,800,0
2016-06-24,19:15:00,10.4,10.435,10.4,10.43,6015,0
2016-06-24,19:20:00,10.43,10.43,10.4,10.41,900,0
2016-06-24,19:25:00,10.41,10.41,10.3999,10.41,1928,0
2016-06-24,19:30:00,10.41,10.41,10.39,10.4,4595,0
2016-06-24,19:35:00,10.39,10.4,10.38,10.4,1700,0
2016-06-24,19:40:00,10.38,10.41,10.38,10.4,2000,0
2016-06-24,19:45:00,10.4,10.4,10.37,10.37,1500,0
2016-06-24,19:50:00,10.37,10.3701,10.35,10.355,2207,0
2016-06-24,19:55:00,10.37,10.37,10.37,10.37,2400,0
2016-06-24,20:00:00,10.37,10.38,10.36,10.38,3901,0
2016-06-24,20:05:00,10.38,10.38,10.38,10.38,1100,0
2016-06-24,20:10:00,10.38,10.39,10.38,10.39,1000,0
2016-06-24,20:15:00,10.4,10.4,10.39,10.39,1640,0
2016-06-24,20:20:00,10.39,10.39,10.37,10.38,4000,0
2016-06-24,20:25:00,10.39,10.39,10.36,10.37,3786,0
2016-06-24,20:30:00,10.36,10.38,10.35,10.36,1900,0
2016-06-24,20:35:00,10.36,10.36,10.345,10.35,4991,0
2016-06-24,20:40:00,10.35,10.37,10.35,10.37,5442,0
2016-06-24,20:45:00,10.37,10.37,10.35,10.35,12400,0
2016-06-24,20:50:00,10.35,10.35,10.32,10.35,6668,0
2016-06-24,20:55:00,10.36,10.36,10.3453,10.35,1800,0
2016-06-24,21:00:00,10.36,10.38,10.36,10.37,1881,0
2016-06-24,21:05:00,10.36,10.38,10.36,10.37,4600,0
2016-06-24,21:10:00,10.38,10.38,10.37,10.37,3364,0
2016-06-24,21:15:00,10.37,10.3716,10.34,10.35,4100,0
2016-06-24,21:20:00,10.35,10.35,10.3244,10.33,15458,0
2016-06-24,21:25:00,10.33,10.36,10.33,10.34,7389,0
2016-06-24,21:30:00,10.34,10.34,10.32,10.33,9650,0
2016-06-24,21:35:00,10.33,10.33,10.315,10.33,4030,0
2016-06-24,21:40:00,10.33,10.35,10.3,10.3,11600,0
2016-06-24,21:45:00,10.295,10.31,10.29,10.3,15304,0
2016-06-24,21:50:00,10.3,10.305,10.29,10.29,10200,0
2016-06-24,21:55:00,10.28,10.31,10.19,10.255,77742,0
2016-06-24,22:00:00,10.26,10.27,10.23,10.23,60682,0
2016-06-27,15:35:00,10.14,10.14,10.02,10.04,11618,0
2016-06-27,15:40:00,10.02,10.05,10,10.02,5212,0
2016-06-27,15:45:00,10.02,10.02,9.98,10.0099,1200,0
2016-06-27,15:50:00,10,10.055,10,10.04,20970,0
2016-06-27,15:55:00,10.04,10.0425,10,10,16256,0
2016-06-27,16:00:00,10,10.03,9.99,10,5282,0
2016-06-27,16:05:00,10,10.04,9.99,10,2691,0
2016-06-27,16:10:00,10,10.01,10,10,7935,0
2016-06-27,16:15:00,10.01,10.02,10.01,10.01,2000,0
2016-06-27,16:20:00,10.011,10.03,10,10,2700,0
2016-06-27,16:25:00,9.99,10,9.96,9.96,2862,0
2016-06-27,16:30:00,9.98,9.98,9.95,9.96,1600,0
2016-06-27,16:35:00,9.98,9.99,9.96,9.99,1200,0
2016-06-27,16:40:00,10,10.01,10,10,2100,0
2016-06-27,16:45:00,10,10.04,9.99,10.01,5231,0
2016-06-27,16:50:00,10,10,9.92,9.92,6699,0
2016-06-27,16:55:00,9.935,9.935,9.91,9.92,4038,0
2016-06-27,17:00:00,9.92,9.92,9.88,9.9,4700,0
2016-06-27,17:05:00,9.9,9.94,9.89,9.92,5457,0
2016-06-27,17:10:00,9.93,9.95,9.92,9.92,1544,0
2016-06-27,17:15:00,9.93,9.93,9.89,9.89,1755,0
2016-06-27,17:20:00,9.9,9.9,9.87,9.89,1514,0
2016-06-27,17:25:00,9.9,9.915,9.87,9.88,3994,0
2016-06-27,17:30:00,9.89,9.96,9.885,9.96,9413,0
2016-06-27,17:35:00,9.97,9.97,9.95,9.95,5232,0
2016-06-27,17:40:00,9.94,9.98,9.94,9.94,6727,0
2016-06-27,17:45:00,9.94,9.95,9.93,9.94,4900,0
2016-06-27,17:50:00,9.93,9.95,9.93,9.94,2600,0
2016-06-27,17:55:00,9.92,9.93,9.9,9.93,2200,0
2016-06-27,18:00:00,9.92,9.95,9.92,9.94,2212,0
2016-06-27,18:05:00,9.93,9.9368,9.91,9.92,3561,0
2016-06-27,18:10:00,9.93,9.94,9.93,9.93,1936,0
2016-06-27,18:15:00,9.92,9.92,9.89,9.9,6119,0
2016-06-27,18:20:00,9.9,9.95,9.895,9.94,1709,0
2016-06-27,18:25:00,9.93,9.93,9.92,9.92,2541,0
2016-06-27,18:30:00,9.92,9.95,9.92,9.95,12186,0
2016-06-27,18:35:00,9.95,9.96,9.95,9.95,1400,0
2016-06-27,18:40:00,9.94,9.95,9.935,9.95,1298,0
2016-06-27,18:45:00,9.95,9.95,9.93,9.93,3300,0
2016-06-27,18:50:00,9.93,9.95,9.93,9.95,2612,0
2016-06-27,18:55:00,9.96,9.96,9.94,9.96,4100,0
2016-06-27,19:00:00,9.96,9.98,9.96,9.97,2400,0
2016-06-27,19:05:00,9.96,9.99,9.96,9.98,4342,0
2016-06-27,19:10:00,9.98,9.9965,9.98,9.98,5450,0
2016-06-27,19:15:00,9.97,9.97,9.96,9.96,900,0
2016-06-27,19:20:00,9.97,9.995,9.965,9.99,4235,0
2016-06-27,19:25:00,9.99,10.01,9.99,10.01,3072,0
2016-06-27,19:30:00,10.01,10.02,10.005,10.01,5642,0
2016-06-27,19:35:00,10.005,10.005,9.975,9.975,801,0
2016-06-27,19:40:00,9.97,9.97,9.96,9.97,2700,0
2016-06-27,19:45:00,9.96,9.96,9.93,9.93,2789,0
2016-06-27,19:50:00,9.925,9.93,9.92,9.9299,2000,0
2016-06-27,19:55:00,9.93,9.94,9.92,9.93,1400,0
2016-06-27,20:00:00,9.93,9.93,9.92,9.93,4151,0
2016-06-27,20:05:00,9.92,9.93,9.91,9.92,6697,0
2016-06-27,20:10:00,9.91,9.925,9.91,9.925,600,0
2016-06-27,20:15:00,9.92,9.9425,9.915,9.925,7305,0
2016-06-27,20:20:00,9.92,9.92,9.9,9.9,8143,0
2016-06-27,20:25:00,9.91,9.91,9.88,9.88,13300,0
2016-06-27,20:30:00,9.88,9.91,9.88,9.905,4700,0
2016-06-27,20:35:00,9.91,9.91,9.87,9.87,2541,0
2016-06-27,20:40:00,9.87,9.9,9.86,9.885,8412,0
2016-06-27,20:45:00,9.875,9.89,9.85,9.85,7984,0
2016-06-27,20:50:00,9.85,9.85,9.81,9.81,7105,0
2016-06-27,20:55:00,9.81,9.82,9.8,9.81,2124,0
2016-06-27,21:00:00,9.8,9.82,9.79,9.79,7910,0
2016-06-27,21:05:00,9.795,9.825,9.78,9.82,7901,0
2016-06-27,21:10:00,9.825,9.83,9.81,9.81,2400,0
2016-06-27,21:15:00,9.82,9.83,9.81,9.83,3396,0
2016-06-27,21:20:00,9.83,9.83,9.8,9.8,3700,0
2016-06-27,21:25:00,9.79,9.8,9.76,9.77,4928,0
2016-06-27,21:30:00,9.7701,9.8,9.77,9.785,7924,0
2016-06-27,21:35:00,9.77,9.81,9.77,9.81,10357,0
2016-06-27,21:40:00,9.805,9.835,9.8,9.835,8021,0
2016-06-27,21:45:00,9.84,9.85,9.81,9.82,13012,0
2016-06-27,21:50:00,9.815,9.85,9.815,9.85,8853,0
2016-06-27,21:55:00,9.85,9.855,9.81,9.835,28579,0
2016-06-27,22:00:00,9.835,9.835,9.82,9.82,51016,0
2016-06-28,15:35:00,9.94,10.01,9.91,9.91,13252,0
2016-06-28,15:40:00,9.9,9.91,9.8401,9.9,6590,0
2016-06-28,15:45:00,9.9,9.912,9.84,9.86,11443,0
2016-06-28,15:50:00,9.88,9.91,9.86,9.88,3542,0
2016-06-28,15:55:00,9.92,9.98,9.92,9.98,2100,0
2016-06-28,16:00:00,9.98,10.02,9.98,10,18189,0
2016-06-28,16:05:00,10,10.03,10,10.03,1804,0
2016-06-28,16:10:00,10.02,10.02,9.97,9.99,2823,0
2016-06-28,16:15:00,9.99,10.06,9.99,10.06,2600,0
2016-06-28,16:20:00,10.06,10.06,10.03,10.03,1900,0
2016-06-28,16:25:00,10.04,10.05,10.02,10.02,2500,0
2016-06-28,16:30:00,10.02,10.035,10.01,10.01,3184,0
2016-06-28,16:35:00,10.0101,10.04,10,10,18270,0
2016-06-28,16:40:00,10,10.01,9.97,9.97,10178,0
2016-06-28,16:45:00,9.95,9.97,9.95,9.97,3459,0
2016-06-28,16:50:00,9.9799,9.99,9.96,9.985,4466,0
2016-06-28,16:55:00,9.98,9.99,9.97,9.98,2400,0
2016-06-28,17:00:00,9.985,10,9.975,9.98,1953,0
2016-06-28,17:05:00,9.975,9.99,9.95,9.96,3102,0
2016-06-28,17:10:00,9.95,9.97,9.94,9.95,2900,0
2016-06-28,17:15:00,9.95,9.95,9.92,9.93,2565,0
2016-06-28,17:20:00,9.92,9.95,9.92,9.95,2613,0
2016-06-28,17:25:00,9.94,9.95,9.93,9.94,4501,0
2016-06-28,17:30:00,9.92,9.92,9.9,9.9,1400,0
2016-06-28,17:35:00,9.91,9.93,9.91,9.93,7000,0
2016-06-28,17:40:00,9.93,9.94,9.92,9.92,5900,0
2016-06-28,17:45:00,9.93,9.95,9.92,9.95,1400,0
2016-06-28,17:50:00,9.94,9.96,9.94,9.96,3300,0
2016-06-28,17:55:00,9.96,10,9.96,10,4500,0
2016-06-28,18:00:00,10,10,9.97,9.97,2412,0
2016-06-28,18:05:00,9.98,9.99,9.96,9.96,1400,0
2016-06-28,18:10:00,9.96,9.98,9.96,9.97,1200,0
2016-06-28,18:15:00,9.95,9.95,9.95,9.95,384,0
2016-06-28,18:20:00,9.95,9.95,9.91,9.91,1200,0
2016-06-28,18:25:00,9.92,9.93,9.91,9.92,2439,0
2016-06-28,18:30:00,9.92,9.92,9.9,9.9,900,0
2016-06-28,18:35:00,9.91,9.94,9.905,9.94,3400,0
2016-06-28,18:40:00,9.94,9.94,9.92,9.93,3211,0
2016-06-28,18:45:00,9.93,9.96,9.93,9.95,2295,0
2016-06-28,18:50:00,9.94,9.96,9.94,9.94,2400,0
2016-06-28,18:55:00,9.935,9.94,9.935,9.935,600,0
2016-06-28,19:00:00,9.95,9.95,9.93,9.93,3454,0
2016-06-28,19:05:00,9.93,9.935,9.92,9.92,2042,0
2016-06-28,19:10:00,9.92,9.93,9.91,9.93,1200,0
2016-06-28,19:15:00,9.93,9.96,9.93,9.96,3600,0
2016-06-28,19:20:00,9.965,9.97,9.92,9.93,4000,0
2016-06-28,19:25:00,9.94,9.94,9.92,9.92,1741,0
2016-06-28,19:30:00,9.92,9.95,9.92,9.94,2200,0
2016-06-28,19:35:00,9.935,9.96,9.935,9.935,1322,0
2016-06-28,19:40:00,9.93,9.93,9.925,9.93,1368,0
2016-06-28,19:45:00,9.95,9.96,9.94,9.96,1100,0
2016-06-28,19:50:00,9.95,9.95,9.94,9.94,1121,0
2016-06-28,19:55:00,9.93,9.94,9.925,9.94,1100,0
2016-06-28,20:00:00,9.93,9.93,9.92,9.92,900,0
2016-06-28,20:05:00,9.92,9.96,9.92,9.955,4270,0
2016-06-28,20:10:00,9.96,9.96,9.93,9.93,1497,0
2016-06-28,20:15:00,9.94,9.94,9.93,9.93,1100,0
2016-06-28,20:20:00,9.93,9.96,9.93,9.96,1500,0
2016-06-28,20:25:00,9.96,9.96,9.94,9.94,1790,0
2016-06-28,20:30:00,9.95,9.97,9.95,9.97,7300,0
2016-06-28,20:35:00,9.98,10,9.97,10,1500,0
2016-06-28,20:40:00,10,10.02,10,10.01,7100,0
2016-06-28,20:45:00,10.01,10.01,9.99,9.99,1000,0
2016-06-28,20:50:00,9.995,10.03,9.995,10.02,3802,0
2016-06-28,20:55:00,10.02,10.05,10.02,10.04,6100,0
2016-06-28,21:00:00,10.04,10.08,10.035,10.06,5150,0
2016-06-28,21:05:00,10.06,10.07,10.05,10.06,1700,0
2016-06-28,21:10:00,10.06,10.08,10.06,10.07,1327,0
2016-06-28,21:15:00,10.09,10.1,10.08,10.08,800,0
2016-06-28,21:20:00,10.06,10.07,10.04,10.04,1700,0
2016-06-28,21:25:00,10.03,10.03,10.02,10.03,2363,0
2016-06-28,21:30:00,10.01,10.03,10.01,10.03,11551,0
2016-06-28,21:35:00,10.04,10.05,9.995,10.01,9371,0
2016-06-28,21:40:00,10.01,10.05,10.01,10.05,16647,0
2016-06-28,21:45:00,10.05,10.05,10.02,10.02,2628,0
2016-06-28,21:50:00,10.02,10.03,10.02,10.03,3044,0
2016-06-28,21:55:00,10.03,10.03,10.01,10.02,9777,0
2016-06-28,22:00:00,10.02,10.03,10.015,10.03,42200,0
2016-06-29,15:35:00,10.04,10.23,10.04,10.1601,6028,0
2016-06-29,15:40:00,10.18,10.18,10.05,10.09,5255,0
2016-06-29,15:45:00,10.08,10.1,10.04,10.1,13895,0
2016-06-29,15:50:00,10.1,10.12,10.08,10.1,20496,0
2016-06-29,15:55:00,10.11,10.13,10.09,10.108,39615,0
2016-06-29,16:00:00,10.12,10.12,10.0899,10.09,28099,0
2016-06-29,16:05:00,10.08,10.0899,10.05,10.05,12200,0
2016-06-29,16:10:00,10.05,10.06,10.03,10.03,5000,0
2016-06-29,16:15:00,10.03,10.07,10.02,10.07,13101,0
2016-06-29,16:20:00,10.06,10.085,10.06,10.07,2600,0
2016-06-29,16:25:00,10.08,10.09,10.07,10.08,1800,0
2016-06-29,16:30:00,10.08,10.0999,10.07,10.07,19090,0
2016-06-29,16:35:00,10.07,10.11,10.07,10.09,2100,0
2016-06-29,16:40:00,10.0968,10.11,10.07,10.07,10201,0
2016-06-29,16:45:00,10.07,10.07,10.06,10.07,1420,0
2016-06-29,16:50:00,10.07,10.115,10.07,10.105,8478,0
2016-06-29,16:55:00,10.12,10.12,10.09,10.1,3336,0
2016-06-29,17:00:00,10.1,10.11,10.1,10.11,2311,0
2016-06-29,17:05:00,10.11,10.13,10.105,10.13,8329,0
2016-06-29,17:10:00,10.13,10.14,10.12,10.12,1600,0
2016-06-29,17:15:00,10.12,10.14,10.11,10.14,2300,0
2016-06-29,17:20:00,10.13,10.135,10.12,10.12,1700,0
2016-06-29,17:25:00,10.13,10.15,10.13,10.14,5521,0
2016-06-29,17:30:00,10.15,10.17,10.15,10.165,7347,0
2016-06-29,17:35:00,10.17,10.19,10.16,10.19,9642,0
2016-06-29,17:40:00,10.19,10.2,10.19,10.19,6259,0
2016-06-29,17:45:00,10.19,10.2,10.18,10.19,2918,0
2016-06-29,17:50:00,10.2,10.2,10.19,10.19,300,0
2016-06-29,17:55:00,10.19,10.23,10.19,10.23,3844,0
2016-06-29,18:00:00,10.23,10.23,10.21,10.22,1105,0
2016-06-29,18:05:00,10.2,10.2,10.2,10.2,200,0
2016-06-29,18:10:00,10.21,10.22,10.21,10.22,2200,0
2016-06-29,18:15:00,10.22,10.22,10.2,10.21,2942,0
2016-06-29,18:20:00,10.21,10.21,10.2,10.2,1242,0
2016-06-29,18:25:00,10.21,10.21,10.1999,10.21,1200,0
2016-06-29,18:30:00,10.2199,10.23,10.21,10.21,6315,0
2016-06-29,18:35:00,10.22,10.22,10.2,10.2,500,0
2016-06-29,18:40:00,10.19,10.2,10.19,10.2,300,0
2016-06-29,18:45:00,10.19,10.2,10.18,10.2,2300,0
2016-06-29,18:50:00,10.2,10.2,10.17,10.17,2400,0
2016-06-29,18:55:00,10.17,10.19,10.17,10.19,1300,0
2016-06-29,19:00:00,10.18,10.19,10.18,10.18,2338,0
2016-06-29,19:05:00,10.18,10.2,10.18,10.2,2458,0
2016-06-29,19:10:00,10.2,10.2,10.18,10.18,2400,0
2016-06-29,19:15:00,10.18,10.18,10.18,10.18,300,0
2016-06-29,19:20:00,10.19,10.19,10.19,10.19,700,0
2016-06-29,19:25:00,10.18,10.19,10.18,10.19,500,0
2016-06-29,19:30:00,10.1941,10.1941,10.1941,10.1941,195,0
2016-06-29,19:35:00,10.19,10.2,10.18,10.18,4883,0
2016-06-29,19:40:00,10.19,10.2,10.19,10.2,1400,0
2016-06-29,19:45:00,10.2,10.2,10.19,10.19,1744,0
2016-06-29,19:50:00,10.19,10.195,10.19,10.19,1000,0
2016-06-29,19:55:00,10.18,10.19,10.18,10.19,700,0
2016-06-29,20:00:00,10.195,10.24,10.195,10.23,2900,0
2016-06-29,20:05:00,10.22,10.22,10.22,10.22,2600,0
2016-06-29,20:10:00,10.22,10.22,10.22,10.22,3595,0
2016-06-29,20:15:00,10.23,10.23,10.22,10.23,700,0
2016-06-29,20:20:00,10.22,10.22,10.21,10.21,3470,0
2016-06-29,20:25:00,10.205,10.23,10.205,10.22,6880,0
2016-06-29,20:30:00,10.23,10.25,10.225,10.25,10295,0
2016-06-29,20:35:00,10.25,10.26,10.25,10.25,2330,0
2016-06-29,20:40:00,10.26,10.26,10.24,10.24,1407,0
2016-06-29,20:45:00,10.25,10.25,10.245,10.245,1300,0
2016-06-29,20:50:00,10.25,10.25,10.22,10.23,8300,0
2016-06-29,20:55:00,10.23,10.23,10.19,10.19,3900,0
2016-06-29,21:00:00,10.18,10.21,10.18,10.21,5165,0
2016-06-29,21:05:00,10.22,10.22,10.21,10.22,1600,0
2016-06-29,21:10:00,10.215,10.215,10.2,10.2,3372,0
2016-06-29,21:15:00,10.21,10.23,10.21,10.23,2700,0
2016-06-29,21:20:00,10.22,10.22,10.21,10.21,1755,0
2016-06-29,21:25:00,10.21,10.21,10.2,10.2,2100,0
2016-06-29,21:30:00,10.2,10.2,10.19,10.2,4700,0
2016-06-29,21:35:00,10.2,10.21,10.19,10.2,6473,0
2016-06-29,21:40:00,10.2,10.22,10.2,10.21,4331,0
2016-06-29,21:45:00,10.21,10.22,10.21,10.22,3149,0
2016-06-29,21:50:00,10.22,10.22,10.21,10.22,2262,0
2016-06-29,21:55:00,10.22,10.22,10.21,10.21,7239,0
2016-06-29,22:00:00,10.2,10.22,10.2,10.2,60592,0
2016-06-30,15:35:00,10.19,10.26,10.19,10.25,4252,0
2016-06-30,15:40:00,10.3,10.3,10.18,10.18,1697,0
2016-06-30,15:45:00,10.18,10.18,10.1,10.1,3972,0
2016-06-30,15:50:00,10.1,10.22,10.1,10.22,7695,0
2016-06-30,15:55:00,10.22,10.22,10.17,10.17,1200,0
2016-06-30,16:00:00,10.19,10.22,10.19,10.21,2106,0
2016-06-30,16:05:00,10.23,10.255,10.23,10.24,2600,0
2016-06-30,16:10:00,10.23,10.26,10.22,10.26,2192,0
2016-06-30,16:15:00,10.29,10.29,10.25,10.2799,13877,0
2016-06-30,16:20:00,10.2799,10.29,10.26,10.26,2000,0
2016-06-30,16:25:00,10.26,10.26,10.22,10.24,2200,0
2016-06-30,16:30:00,10.22,10.23,10.1999,10.23,14869,0
2016-06-30,16:35:00,10.23,10.24,10.22,10.24,16768,0
2016-06-30,16:40:00,10.24,10.26,10.2399,10.24,11232,0
2016-06-30,16:45:00,10.24,10.24,10.22,10.24,2000,0
2016-06-30,16:50:00,10.25,10.27,10.24,10.26,5310,0
2016-06-30,16:55:00,10.26,10.28,10.25,10.28,3400,0
2016-06-30,17:00:00,10.28,10.32,10.28,10.32,5415,0
2016-06-30,17:05:00,10.32,10.32,10.3,10.3,2300,0
2016-06-30,17:10:00,10.3,10.345,10.3,10.33,7400,0
2016-06-30,17:15:00,10.33,10.35,10.32,10.33,8100,0
2016-06-30,17:20:00,10.35,10.35,10.3,10.31,4300,0
2016-06-30,17:25:00,10.32,10.32,10.29,10.31,1700,0
2016-06-30,17:30:00,10.31,10.31,10.28,10.3,2778,0
2016-06-30,17:35:00,10.3,10.33,10.3,10.31,7600,0
2016-06-30,17:40:00,10.3,10.33,10.3,10.33,2004,0
2016-06-30,17:45:00,10.33,10.35,10.32,10.35,5200,0
2016-06-30,17:50:00,10.35,10.35,10.32,10.34,4009,0
2016-06-30,17:55:00,10.34,10.34,10.3,10.32,700,0
2016-06-30,18:00:00,10.33,10.33,10.31,10.31,1300,0
2016-06-30,18:05:00,10.31,10.31,10.31,10.31,4035,0
2016-06-30,18:10:00,10.31,10.31,10.29,10.29,3600,0
2016-06-30,18:15:00,10.29,10.3,10.29,10.29,2676,0
2016-06-30,18:20:00,10.29,10.33,10.29,10.32,6618,0
2016-06-30,18:25:00,10.32,10.32,10.31,10.32,1600,0
2016-06-30,18:30:00,10.33,10.34,10.32,10.34,1700,0
2016-06-30,18:35:00,10.34,10.37,10.34,10.35,11541,0
2016-06-30,18:40:00,10.34,10.36,10.34,10.36,4298,0
2016-06-30,18:45:00,10.36,10.36,10.34,10.34,4938,0
2016-06-30,18:50:00,10.346,10.355,10.346,10.355,600,0
2016-06-30,18:55:00,10.36,10.38,10.34,10.35,6800,0
2016-06-30,19:00:00,10.35,10.37,10.35,10.368,5500,0
2016-06-30,19:05:00,10.37,10.38,10.36,10.37,4700,0
2016-06-30,19:10:00,10.37,10.37,10.36,10.36,1100,0
2016-06-30,19:15:00,10.36,10.36,10.34,10.34,800,0
2016-06-30,19:20:00,10.34,10.345,10.34,10.345,1316,0
2016-06-30,19:25:00,10.35,10.36,10.35,10.35,5059,0
2016-06-30,19:30:00,10.35,10.35,10.33,10.35,3182,0
2016-06-30,19:35:00,10.35,10.37,10.35,10.37,2760,0
2016-06-30,19:40:00,10.37,10.37,10.36,10.36,2685,0
2016-06-30,19:45:00,10.36,10.36,10.36,10.36,500,0
2016-06-30,19:50:00,10.37,10.37,10.36,10.36,1100,0
2016-06-30,19:55:00,10.36,10.36,10.36,10.36,200,0
2016-06-30,20:00:00,10.36,10.365,10.35,10.36,4800,0
2016-06-30,20:05:00,10.37,10.38,10.37,10.38,2668,0
2016-06-30,20:10:00,10.38,10.385,10.38,10.38,4600,0
2016-06-30,20:15:00,10.39,10.4,10.38,10.38,3625,0
2016-06-30,20:20:00,10.39,10.39,10.38,10.38,2500,0
2016-06-30,20:25:00,10.39,10.39,10.38,10.38,1300,0
2016-06-30,20:30:00,10.37,10.37,10.35,10.35,1429,0
2016-06-30,20:35:00,10.36,10.37,10.36,10.36,2300,0
2016-06-30,20:40:00,10.365,10.365,10.36,10.36,500,0
2016-06-30,20:45:00,10.36,10.36,10.36,10.36,700,0
2016-06-30,20:50:00,10.37,10.37,10.36,10.36,600,0
2016-06-30,20:55:00,10.365,10.37,10.36,10.36,300,0
2016-06-30,21:00:00,10.365,10.38,10.365,10.37,3417,0
2016-06-30,21:05:00,10.38,10.39,10.37,10.385,2300,0
2016-06-30,21:10:00,10.375,10.38,10.375,10.38,500,0
2016-06-30,21:15:00,10.37,10.37,10.37,10.37,900,0
2016-06-30,21:20:00,10.38,10.38,10.33,10.33,4999,0
2016-06-30,21:25:00,10.33,10.34,10.32,10.34,3802,0
2016-06-30,21:30:00,10.34,10.35,10.33,10.35,2800,0
2016-06-30,21:35:00,10.35,10.36,10.34,10.36,3237,0
2016-06-30,21:40:00,10.36,10.37,10.36,10.36,3940,0
2016-06-30,21:45:00,10.36,10.38,10.36,10.37,7640,0
2016-06-30,21:50:00,10.37,10.37,10.36,10.365,3426,0
2016-06-30,21:55:00,10.37,10.38,10.36,10.38,10327,0
2016-06-30,22:00:00,10.38,10.43,10.38,10.42,90910,0
2016-07-01,15:35:00,10.31,10.38,10.3,10.32,7821,0
2016-07-01,15:40:00,10.35,10.42,10.35,10.38,8095,0
2016-07-01,15:45:00,10.4,10.42,10.4,10.4,1400,0
2016-07-01,15:50:00,10.405,10.405,10.36,10.395,11900,0
2016-07-01,15:55:00,10.38,10.42,10.37,10.37,15221,0
2016-07-01,16:00:00,10.38,10.38,10.355,10.38,2000,0
2016-07-01,16:05:00,10.39,10.4,10.36,10.38,14858,0
2016-07-01,16:10:00,10.37,10.38,10.32,10.33,20786,0
2016-07-01,16:15:00,10.33,10.34,10.3,10.32,9585,0
2016-07-01,16:20:00,10.32,10.32,10.3,10.3,4012,0
2016-07-01,16:25:00,10.29,10.29,10.25,10.26,5800,0
2016-07-01,16:30:00,10.25,10.285,10.245,10.28,3200,0
2016-07-01,16:35:00,10.27,10.275,10.24,10.25,4600,0
2016-07-01,16:40:00,10.25,10.29,10.25,10.29,6795,0
2016-07-01,16:45:00,10.28,10.31,10.28,10.3099,4265,0
2016-07-01,16:50:00,10.32,10.32,10.295,10.3,4800,0
2016-07-01,16:55:00,10.31,10.31,10.3,10.3,3900,0
2016-07-01,17:00:00,10.3,10.33,10.3,10.32,1900,0
2016-07-01,17:05:00,10.31,10.32,10.31,10.32,3400,0
2016-07-01,17:10:00,10.32,10.32,10.28,10.28,3141,0
2016-07-01,17:15:00,10.28,10.28,10.26,10.26,5100,0
2016-07-01,17:20:00,10.27,10.27,10.24,10.24,3400,0
2016-07-01,17:25:00,10.23,10.23,10.2,10.2,5188,0
2016-07-01,17:30:00,10.21,10.23,10.2,10.2,3200,0
2016-07-01,17:35:00,10.19,10.21,10.19,10.2,2362,0
2016-07-01,17:40:00,10.2,10.2,10.18,10.18,1400,0
2016-07-01,17:45:00,10.18,10.2,10.18,10.19,1200,0
2016-07-01,17:50:00,10.2,10.22,10.19,10.22,2000,0
2016-07-01,17:55:00,10.21,10.22,10.2,10.2,2100,0
2016-07-01,18:00:00,10.19,10.19,10.1899,10.19,1200,0
2016-07-01,18:05:00,10.19,10.2,10.18,10.18,3200,0
2016-07-01,18:15:00,10.17,10.2,10.17,10.2,3800,0
2016-07-01,18:20:00,10.2,10.2,10.18,10.18,2378,0
2016-07-01,18:25:00,10.18,10.18,10.17,10.17,1000,0
2016-07-01,18:30:00,10.17,10.17,10.17,10.17,230,0
2016-07-01,18:35:00,10.16,10.17,10.16,10.17,300,0
2016-07-01,18:40:00,10.17,10.17,10.14,10.14,3542,0
2016-07-01,18:45:00,10.13,10.15,10.13,10.15,1600,0
2016-07-01,18:50:00,10.15,10.15,10.13,10.13,700,0
2016-07-01,18:55:00,10.1325,10.15,10.1325,10.15,1500,0
2016-07-01,19:00:00,10.16,10.18,10.16,10.16,2595,0
2016-07-01,19:05:00,10.15,10.15,10.14,10.14,1262,0
2016-07-01,19:10:00,10.15,10.15,10.15,10.15,400,0
2016-07-01,19:15:00,10.15,10.17,10.15,10.16,2190,0
2016-07-01,19:20:00,10.17,10.17,10.17,10.17,500,0
2016-07-01,19:25:00,10.16,10.165,10.15,10.165,2400,0
2016-07-01,19:30:00,10.16,10.16,10.16,10.16,400,0
2016-07-01,19:35:00,10.14,10.17,10.14,10.17,1600,0
2016-07-01,19:40:00,10.16,10.18,10.16,10.17,1600,0
2016-07-01,19:45:00,10.18,10.2,10.18,10.2,4390,0
2016-07-01,19:50:00,10.2,10.2,10.17,10.18,4000,0
2016-07-01,19:55:00,10.19,10.19,10.18,10.18,900,0
2016-07-01,20:00:00,10.18,10.18,10.175,10.175,500,0
2016-07-01,20:05:00,10.1724,10.18,10.17,10.18,1700,0
2016-07-01,20:10:00,10.18,10.19,10.18,10.19,1279,0
2016-07-01,20:15:00,10.19,10.2,10.19,10.2,1500,0
2016-07-01,20:20:00,10.2,10.22,10.2,10.22,1500,0
2016-07-01,20:25:00,10.22,10.22,10.215,10.215,200,0
2016-07-01,20:30:00,10.22,10.22,10.21,10.215,400,0
2016-07-01,20:35:00,10.21,10.21,10.205,10.205,600,0
2016-07-01,20:40:00,10.21,10.21,10.19,10.2,7634,0
2016-07-01,20:45:00,10.2,10.2,10.19,10.19,600,0
2016-07-01,20:50:00,10.18,10.18,10.17,10.17,500,0
2016-07-01,20:55:00,10.17,10.17,10.16,10.17,1587,0
2016-07-01,21:00:00,10.16,10.18,10.16,10.18,900,0
2016-07-01,21:05:00,10.18,10.19,10.1799,10.1799,5201,0
2016-07-01,21:10:00,10.175,10.19,10.175,10.19,1300,0
2016-07-01,21:15:00,10.2,10.21,10.2,10.21,2500,0
2016-07-01,21:20:00,10.21,10.21,10.21,10.21,1619,0
2016-07-01,21:25:00,10.21,10.21,10.2,10.2001,900,0
2016-07-01,21:30:00,10.2,10.21,10.18,10.21,4100,0
2016-07-01,21:35:00,10.21,10.25,10.21,10.25,2300,0
2016-07-01,21:40:00,10.25,10.25,10.23,10.23,1300,0
2016-07-01,21:45:00,10.23,10.26,10.225,10.26,3800,0
2016-07-01,21:50:00,10.26,10.26,10.24,10.25,2300,0
2016-07-01,21:55:00,10.24,10.25,10.23,10.23,10488,0
2016-07-01,22:00:00,10.22,10.24,10.22,10.22,27389,0
2016-07-05,15:35:00,10.06,10.12,10.06,10.11,7242,0
2016-07-05,15:40:00,10.11,10.11,10.05,10.06,4165,0
2016-07-05,15:45:00,10.06,10.08,10.03,10.08,23492,0
2016-07-05,15:50:00,10.07,10.07,10.04,10.04,10659,0
2016-07-05,15:55:00,10.04,10.05,10.04,10.05,600,0
2016-07-05,16:00:00,10.05,10.06,10.04,10.04,2763,0
2016-07-05,16:05:00,10.04,10.05,10.03,10.0325,2161,0
2016-07-05,16:10:00,10.05,10.05,10.01,10.01,1774,0
2016-07-05,16:15:00,10.01,10.03,10.01,10.03,2800,0
2016-07-05,16:20:00,10.02,10.0296,9.99,10,4988,0
2016-07-05,16:25:00,10,10.02,9.98,10.02,3043,0
2016-07-05,16:30:00,10.02,10.04,10,10.04,3200,0
2016-07-05,16:35:00,10.04,10.06,10.03,10.06,2900,0
2016-07-05,16:40:00,10.06,10.06,10.03,10.0599,1500,0
2016-07-05,16:45:00,10.06,10.11,10.06,10.1,8640,0
2016-07-05,16:50:00,10.095,10.095,10.07,10.07,6900,0
2016-07-05,16:55:00,10.07,10.09,10.05,10.05,2400,0
2016-07-05,17:00:00,10.04,10.07,10.04,10.05,2544,0
2016-07-05,17:05:00,10.05,10.05,10.025,10.04,1900,0
2016-07-05,17:10:00,10.04,10.05,10.01,10.05,2600,0
2016-07-05,17:15:00,10.04,10.04,10.01,10.02,1778,0
2016-07-05,17:20:00,9.99,10.05,9.99,10.05,3500,0
2016-07-05,17:25:00,10.05,10.07,10.03,10.07,2886,0
2016-07-05,17:30:00,10.08,10.08,10.04,10.04,1900,0
2016-07-05,17:35:00,10.02,10.04,10.005,10.04,1000,0
2016-07-05,17:40:00,10.04,10.04,10.01,10.015,1500,0
2016-07-05,17:45:00,10.01,10.02,9.97,9.97,1600,0
2016-07-05,17:50:00,9.97,9.975,9.97,9.97,900,0
2016-07-05,17:55:00,9.98,9.99,9.96,9.96,1300,0
2016-07-05,18:00:00,9.96,9.98,9.95,9.98,1300,0
2016-07-05,18:05:00,9.98,9.98,9.98,9.98,500,0
2016-07-05,18:10:00,9.98,10.01,9.98,10.01,1200,0
2016-07-05,18:15:00,10,10,9.98,9.98,1600,0
2016-07-05,18:20:00,9.98,9.985,9.98,9.98,800,0
2016-07-05,18:25:00,9.98,10.02,9.98,10.02,2286,0
2016-07-05,18:30:00,10.02,10.03,10.01,10.02,3459,0
2016-07-05,18:35:00,10.01,10.01,10.01,10.01,400,0
2016-07-05,18:40:00,10.01,10.01,9.985,9.985,600,0
2016-07-05,18:45:00,9.99,10,9.97,9.97,1300,0
2016-07-05,18:50:00,9.975,9.98,9.96,9.98,2000,0
2016-07-05,18:55:00,9.98,9.98,9.95,9.95,900,0
2016-07-05,19:00:00,9.945,9.95,9.945,9.945,800,0
2016-07-05,19:05:00,9.94,9.95,9.93,9.95,3000,0
2016-07-05,19:10:00,9.94,9.95,9.925,9.94,4400,0
2016-07-05,19:15:00,9.94,9.95,9.92,9.92,1800,0
2016-07-05,19:20:00,9.92,9.9299,9.915,9.915,5859,0
2016-07-05,19:25:00,9.92,9.93,9.91,9.91,5876,0
2016-07-05,19:30:00,9.91,9.91,9.905,9.905,500,0
2016-07-05,19:35:00,9.91,9.91,9.88,9.89,29898,0
2016-07-05,19:40:00,9.9,9.9,9.89,9.8935,1061,0
2016-07-05,19:50:00,9.89,9.91,9.885,9.91,900,0
2016-07-05,19:55:00,9.91,9.93,9.905,9.93,7660,0
2016-07-05,20:00:00,9.93,9.95,9.93,9.94,4876,0
2016-07-05,20:05:00,9.94,9.96,9.94,9.96,3339,0
2016-07-05,20:10:00,9.97,9.97,9.94,9.94,2115,0
2016-07-05,20:15:00,9.95,9.99,9.95,9.99,8900,0
2016-07-05,20:20:00,9.99,10.01,9.9899,9.99,6918,0
2016-07-05,20:25:00,9.99,9.99,9.97,9.97,1101,0
2016-07-05,20:30:00,9.97,9.97,9.95,9.96,5104,0
2016-07-05,20:35:00,9.95,9.97,9.945,9.97,2200,0
2016-07-05,20:40:00,9.96,9.96,9.95,9.95,1200,0
2016-07-05,20:45:00,9.95,9.95,9.94,9.95,5479,0
2016-07-05,20:50:00,9.96,9.96,9.96,9.96,2336,0
2016-07-05,21:00:00,9.96,9.98,9.96,9.98,1821,0
2016-07-05,21:05:00,9.98,9.99,9.98,9.99,1100,0
2016-07-05,21:10:00,9.99,10.01,9.985,10.01,1100,0
2016-07-05,21:15:00,10.005,10.01,9.99,9.99,3430,0
2016-07-05,21:20:00,9.99,9.99,9.9799,9.99,2687,0
2016-07-05,21:25:00,9.99,10.02,9.99,10.01,5251,0
2016-07-05,21:30:00,10.01,10.0165,10.01,10.01,2751,0
2016-07-05,21:35:00,10.01,10.05,9.99,10.05,3584,0
2016-07-05,21:40:00,10.05,10.06,10.04,10.05,3100,0
2016-07-05,21:45:00,10.05,10.06,10.04,10.04,1994,0
2016-07-05,21:50:00,10.04,10.05,10.04,10.05,3500,0
2016-07-05,21:55:00,10.06,10.1,10.05,10.07,45003,0
2016-07-05,22:00:00,10.07,10.07,10.05,10.05,32601,0
2016-07-06,15:35:00,10.02,10.02,9.97,9.98,9435,0
2016-07-06,15:40:00,9.98,10.02,9.94,9.97,14117,0
2016-07-06,15:45:00,9.95,9.98,9.95,9.98,10800,0
2016-07-06,15:50:00,9.97,9.98,9.9399,9.96,18199,0
2016-07-06,15:55:00,9.96,10.05,9.96,10.05,8100,0
2016-07-06,16:00:00,10.06,10.07,10.06,10.07,900,0
2016-07-06,16:05:00,10.08,10.15,10.08,10.0901,3229,0
2016-07-06,16:10:00,10.09,10.09,10.06,10.08,4200,0
2016-07-06,16:15:00,10.08,10.11,10.08,10.11,1500,0
2016-07-06,16:20:00,10.12,10.13,10.11,10.11,600,0
2016-07-06,16:25:00,10.11,10.13,10.11,10.11,4800,0
2016-07-06,16:30:00,10.13,10.16,10.1,10.11,1631,0
2016-07-06,16:35:00,10.09,10.12,10.09,10.12,2159,0
2016-07-06,16:40:00,10.11,10.16,10.1,10.14,4334,0
2016-07-06,16:45:00,10.14,10.16,10.14,10.16,600,0
2016-07-06,16:50:00,10.1499,10.2,10.1499,10.2,2100,0
2016-07-06,16:55:00,10.21,10.21,10.19,10.19,3663,0
2016-07-06,17:00:00,10.19,10.2201,10.19,10.2201,2900,0
2016-07-06,17:05:00,10.22,10.26,10.22,10.26,4846,0
2016-07-06,17:10:00,10.27,10.29,10.26,10.29,1300,0
2016-07-06,17:15:00,10.29,10.31,10.29,10.3,5100,0
2016-07-06,17:20:00,10.3,10.32,10.3,10.31,2579,0
2016-07-06,17:25:00,10.31,10.32,10.29,10.3,4573,0
2016-07-06,17:30:00,10.3,10.31,10.3,10.3,1000,0
2016-07-06,17:35:00,10.3,10.31,10.3,10.3,2100,0
2016-07-06,17:40:00,10.29,10.3,10.29,10.29,2400,0
2016-07-06,17:45:00,10.29,10.29,10.29,10.29,300,0
2016-07-06,17:50:00,10.27,10.27,10.26,10.26,600,0
2016-07-06,17:55:00,10.25,10.29,10.2499,10.28,2700,0
2016-07-06,18:00:00,10.28,10.28,10.28,10.28,1023,0
2016-07-06,18:05:00,10.28,10.31,10.27,10.31,6582,0
2016-07-06,18:10:00,10.31,10.32,10.31,10.32,3000,0
2016-07-06,18:15:00,10.32,10.32,10.3,10.3,2500,0
2016-07-06,18:20:00,10.29,10.32,10.29,10.32,2235,0
2016-07-06,18:25:00,10.32,10.32,10.31,10.32,2890,0
2016-07-06,18:30:00,10.31,10.32,10.31,10.31,700,0
2016-07-06,18:35:00,10.31,10.31,10.29,10.3,2500,0
2016-07-06,18:40:00,10.3,10.31,10.29,10.29,2978,0
2016-07-06,18:45:00,10.3,10.32,10.3,10.32,1300,0
2016-07-06,18:50:00,10.3199,10.3199,10.27,10.27,2200,0
2016-07-06,18:55:00,10.26,10.3,10.26,10.3,1618,0
2016-07-06,19:00:00,10.28,10.29,10.28,10.29,1000,0
2016-07-06,19:05:00,10.29,10.31,10.29,10.31,2500,0
2016-07-06,19:10:00,10.32,10.32,10.3,10.305,900,0
2016-07-06,19:15:00,10.3034,10.3034,10.29,10.29,4590,0
2016-07-06,19:20:00,10.3,10.31,10.3,10.31,600,0
2016-07-06,19:25:00,10.31,10.31,10.29,10.29,1000,0
2016-07-06,19:30:00,10.29,10.3,10.29,10.3,900,0
2016-07-06,19:35:00,10.3099,10.31,10.3099,10.31,400,0
2016-07-06,19:40:00,10.31,10.31,10.29,10.29,1800,0
2016-07-06,19:45:00,10.3,10.31,10.28,10.28,700,0
2016-07-06,19:50:00,10.275,10.29,10.275,10.28,700,0
2016-07-06,19:55:00,10.27,10.29,10.27,10.28,2100,0
2016-07-06,20:00:00,10.28,10.3,10.28,10.29,900,0
2016-07-06,20:05:00,10.29,10.29,10.26,10.29,1800,0
2016-07-06,20:10:00,10.29,10.3,10.27,10.28,1400,0
2016-07-06,20:15:00,10.29,10.29,10.26,10.27,3200,0
2016-07-06,20:20:00,10.24,10.26,10.24,10.26,700,0
2016-07-06,20:25:00,10.27,10.285,10.26,10.27,2800,0
2016-07-06,20:30:00,10.2699,10.2699,10.26,10.26,700,0
2016-07-06,20:35:00,10.27,10.27,10.26,10.27,1141,0
2016-07-06,20:40:00,10.265,10.28,10.26,10.28,504,0
2016-07-06,20:45:00,10.28,10.28,10.28,10.28,400,0
2016-07-06,20:50:00,10.28,10.28,10.265,10.265,1766,0
2016-07-06,20:55:00,10.265,10.29,10.265,10.29,1000,0
2016-07-06,21:00:00,10.29,10.2999,10.29,10.295,2000,0
2016-07-06,21:05:00,10.29,10.29,10.28,10.28,400,0
2016-07-06,21:10:00,10.275,10.275,10.26,10.26,700,0
2016-07-06,21:15:00,10.265,10.265,10.26,10.26,800,0
2016-07-06,21:20:00,10.25,10.275,10.25,10.275,4350,0
2016-07-06,21:25:00,10.27,10.27,10.2416,10.2416,3200,0
2016-07-06,21:30:00,10.25,10.25,10.245,10.245,500,0
2016-07-06,21:35:00,10.24,10.245,10.24,10.245,700,0
2016-07-06,21:40:00,10.25,10.27,10.25,10.27,4500,0
2016-07-06,21:45:00,10.2716,10.28,10.27,10.275,1000,0
2016-07-06,21:50:00,10.27,10.28,10.26,10.265,9594,0
2016-07-06,21:55:00,10.26,10.265,10.2416,10.25,3741,0
2016-07-06,22:00:00,10.25,10.29,10.25,10.28,18173,0
2016-07-07,15:35:00,10.35,10.47,10.35,10.46,4869,0
2016-07-07,15:40:00,10.47,10.47,10.43,10.44,3000,0
2016-07-07,15:45:00,10.43,10.43,10.43,10.43,600,0
2016-07-07,15:50:00,10.44,10.44,10.4201,10.43,3790,0
2016-07-07,15:55:00,10.44,10.45,10.44,10.45,3737,0
2016-07-07,16:00:00,10.46,10.4801,10.46,10.47,2885,0
2016-07-07,16:05:00,10.49,10.49,10.44,10.45,2300,0
2016-07-07,16:10:00,10.47,10.47,10.42,10.42,2318,0
2016-07-07,16:15:00,10.43,10.45,10.42,10.43,1684,0
2016-07-07,16:20:00,10.465,10.48,10.46,10.47,1600,0
2016-07-07,16:25:00,10.46,10.48,10.46,10.48,1100,0
2016-07-07,16:30:00,10.475,10.5,10.475,10.49,4551,0
2016-07-07,16:35:00,10.495,10.5,10.49,10.4998,8111,0
2016-07-07,16:40:00,10.49,10.49,10.48,10.49,3647,0
2016-07-07,16:45:00,10.49,10.49,10.48,10.48,400,0
2016-07-07,16:50:00,10.47,10.48,10.47,10.475,2290,0
2016-07-07,16:55:00,10.48,10.48,10.45,10.45,9761,0
2016-07-07,17:00:00,10.46,10.46,10.44,10.45,800,0
2016-07-07,17:05:00,10.45,10.45,10.42,10.43,6740,0
2016-07-07,17:10:00,10.42,10.44,10.42,10.44,1400,0
2016-07-07,17:15:00,10.45,10.465,10.44,10.465,900,0
2016-07-07,17:20:00,10.465,10.47,10.44,10.46,1487,0
2016-07-07,17:25:00,10.46,10.46,10.43,10.43,2252,0
2016-07-07,17:30:00,10.43,10.44,10.42,10.44,1500,0
2016-07-07,17:35:00,10.45,10.45,10.41,10.41,1900,0
2016-07-07,17:40:00,10.42,10.43,10.42,10.43,700,0
2016-07-07,17:45:00,10.43,10.43,10.4,10.4,1700,0
2016-07-07,17:50:00,10.39,10.39,10.3501,10.37,900,0
2016-07-07,17:55:00,10.38,10.4,10.37,10.39,4641,0
2016-07-07,18:00:00,10.41,10.42,10.41,10.42,841,0
2016-07-07,18:05:00,10.42,10.42,10.41,10.42,1041,0
2016-07-07,18:10:00,10.4299,10.4299,10.4,10.41,800,0
2016-07-07,18:15:00,10.42,10.43,10.42,10.43,900,0
2016-07-07,18:20:00,10.43,10.43,10.42,10.42,900,0
2016-07-07,18:25:00,10.4,10.4,10.38,10.38,1300,0
2016-07-07,18:30:00,10.37,10.4,10.37,10.4,1400,0
2016-07-07,18:35:00,10.4,10.41,10.4,10.41,300,0
2016-07-07,18:40:00,10.4,10.4,10.39,10.4,1331,0
2016-07-07,18:45:00,10.41,10.41,10.4,10.4,900,0
2016-07-07,18:50:00,10.39,10.39,10.38,10.39,2442,0
2016-07-07,18:55:00,10.38,10.38,10.34,10.35,3400,0
2016-07-07,19:00:00,10.34,10.34,10.32,10.32,1400,0
2016-07-07,19:05:00,10.33,10.33,10.3192,10.3192,1902,0
2016-07-07,19:10:00,10.32,10.34,10.32,10.34,1500,0
2016-07-07,19:15:00,10.35,10.35,10.34,10.35,800,0
2016-07-07,19:20:00,10.35,10.37,10.35,10.37,500,0
2016-07-07,19:25:00,10.37,10.375,10.37,10.375,1200,0
2016-07-07,19:30:00,10.37,10.38,10.37,10.38,1000,0
2016-07-07,19:40:00,10.37,10.37,10.36,10.37,300,0
2016-07-07,19:45:00,10.365,10.365,10.36,10.36,900,0
2016-07-07,19:50:00,10.36,10.36,10.35,10.36,1400,0
2016-07-07,19:55:00,10.36,10.36,10.35,10.35,700,0
2016-07-07,20:00:00,10.37,10.375,10.35,10.36,2899,0
2016-07-07,20:05:00,10.37,10.37,10.37,10.37,100,0
2016-07-07,20:10:00,10.38,10.38,10.3599,10.3599,600,0
2016-07-07,20:15:00,10.35,10.35,10.34,10.35,900,0
2016-07-07,20:20:00,10.35,10.36,10.35,10.36,1000,0
2016-07-07,20:25:00,10.35,10.37,10.35,10.35,2000,0
2016-07-07,20:30:00,10.34,10.36,10.34,10.36,600,0
2016-07-07,20:35:00,10.36,10.3699,10.36,10.3699,1876,0
2016-07-07,20:40:00,10.36,10.37,10.36,10.36,1500,0
2016-07-07,20:45:00,10.36,10.36,10.36,10.36,1200,0
2016-07-07,20:50:00,10.36,10.36,10.36,10.36,500,0
2016-07-07,20:55:00,10.36,10.37,10.35,10.37,1700,0
2016-07-07,21:00:00,10.37,10.37,10.35,10.35,2200,0
2016-07-07,21:05:00,10.36,10.38,10.35,10.365,3500,0
2016-07-07,21:10:00,10.38,10.41,10.38,10.41,3279,0
2016-07-07,21:15:00,10.41,10.43,10.405,10.43,2400,0
2016-07-07,21:20:00,10.43,10.43,10.41,10.415,3600,0
2016-07-07,21:25:00,10.425,10.43,10.4,10.4,7734,0
2016-07-07,21:30:00,10.4,10.415,10.4,10.4,3986,0
2016-07-07,21:35:00,10.4,10.43,10.4,10.43,4195,0
2016-07-07,21:40:00,10.43,10.44,10.42,10.44,4192,0
2016-07-07,21:45:00,10.44,10.44,10.41,10.41,4720,0
2016-07-07,21:50:00,10.41,10.42,10.41,10.42,900,0
2016-07-07,21:55:00,10.41,10.42,10.4,10.405,3271,0
2016-07-07,22:00:00,10.405,10.43,10.405,10.42,53062,0
2016-07-08,15:35:00,10.5,10.55,10.49,10.55,20528,0
2016-07-08,15:40:00,10.58,10.61,10.575,10.6,3281,0
2016-07-08,15:45:00,10.64,10.66,10.64,10.66,919,0
2016-07-08,15:50:00,10.68,10.68,10.68,10.68,100,0
2016-07-08,15:55:00,10.68,10.71,10.68,10.7,7416,0
2016-07-08,16:00:00,10.7,10.71,10.69,10.71,1300,0
2016-07-08,16:05:00,10.72,10.72,10.7,10.705,900,0
2016-07-08,16:10:00,10.7,10.7075,10.67,10.7,2953,0
2016-07-08,16:15:00,10.7,10.7,10.68,10.6984,1790,0
2016-07-08,16:20:00,10.7,10.7,10.67,10.67,1642,0
2016-07-08,16:25:00,10.64,10.65,10.61,10.65,4481,0
2016-07-08,16:30:00,10.66,10.705,10.66,10.703,2700,0
2016-07-08,16:35:00,10.7,10.703,10.6899,10.69,3000,0
2016-07-08,16:40:00,10.7,10.7,10.69,10.7,6242,0
2016-07-08,16:45:00,10.7099,10.71,10.69,10.71,1000,0
2016-07-08,16:50:00,10.71,10.72,10.71,10.72,3883,0
2016-07-08,16:55:00,10.71,10.72,10.71,10.72,300,0
2016-07-08,17:00:00,10.71,10.721,10.705,10.71,6974,0
2016-07-08,17:05:00,10.72,10.72,10.72,10.72,100,0
2016-07-08,17:10:00,10.72,10.74,10.71,10.71,5508,0
2016-07-08,17:15:00,10.72,10.73,10.72,10.72,400,0
2016-07-08,17:20:00,10.73,10.7599,10.73,10.7599,2475,0
2016-07-08,17:25:00,10.76,10.77,10.75,10.76,2884,0
2016-07-08,17:30:00,10.77,10.785,10.77,10.78,1162,0
2016-07-08,17:35:00,10.77,10.77,10.76,10.76,1300,0
2016-07-08,17:40:00,10.75,10.765,10.745,10.76,6479,0
2016-07-08,17:45:00,10.7799,10.7799,10.77,10.77,900,0
2016-07-08,17:50:00,10.77,10.79,10.76,10.79,1697,0
2016-07-08,17:55:00,10.79,10.79,10.76,10.78,4542,0
2016-07-08,18:00:00,10.795,10.8,10.79,10.79,12810,0
2016-07-08,18:05:00,10.79,10.8,10.78,10.8,1700,0
2016-07-08,18:10:00,10.8,10.81,10.8,10.81,21577,0
2016-07-08,18:15:00,10.83,10.83,10.83,10.83,400,0
2016-07-08,18:20:00,10.83,10.84,10.81,10.82,3800,0
2016-07-08,18:25:00,10.81,10.81,10.8,10.8,3000,0
2016-07-08,18:30:00,10.8,10.8,10.78,10.79,1900,0
2016-07-08,18:35:00,10.79,10.79,10.77,10.7799,500,0
2016-07-08,18:40:00,10.78,10.8,10.78,10.8,500,0
2016-07-08,18:45:00,10.8,10.81,10.8,10.81,900,0
2016-07-08,18:50:00,10.81,10.81,10.8099,10.81,1200,0
2016-07-08,18:55:00,10.81,10.81,10.81,10.81,1600,0
2016-07-08,19:00:00,10.81,10.81,10.79,10.79,2084,0
2016-07-08,19:05:00,10.8,10.8,10.79,10.79,848,0
2016-07-08,19:10:00,10.79,10.8,10.79,10.8,2007,0
2016-07-08,19:20:00,10.81,10.83,10.81,10.83,11100,0
2016-07-08,19:25:00,10.83,10.84,10.82,10.82,1400,0
2016-07-08,19:30:00,10.81,10.8101,10.8,10.8,3000,0
2016-07-08,19:35:00,10.8099,10.81,10.8,10.805,600,0
2016-07-08,19:40:00,10.81,10.81,10.78,10.781,7500,0
2016-07-08,19:45:00,10.785,10.8,10.785,10.7999,1200,0
2016-07-08,19:50:00,10.78,10.78,10.78,10.78,100,0
2016-07-08,19:55:00,10.781,10.781,10.77,10.77,1953,0
2016-07-08,20:00:00,10.77,10.7799,10.75,10.75,3370,0
2016-07-08,20:05:00,10.76,10.765,10.72,10.72,41154,0
2016-07-08,20:10:00,10.72,10.725,10.715,10.7199,500,0
2016-07-08,20:15:00,10.7101,10.725,10.7101,10.725,5400,0
2016-07-08,20:20:00,10.73,10.74,10.73,10.74,3200,0
2016-07-08,20:25:00,10.75,10.76,10.75,10.75,1000,0
2016-07-08,20:30:00,10.75,10.75,10.74,10.74,1100,0
2016-07-08,20:35:00,10.74,10.75,10.735,10.75,3944,0
2016-07-08,20:40:00,10.75,10.76,10.73,10.73,2110,0
2016-07-08,20:45:00,10.73,10.74,10.72,10.72,4741,0
2016-07-08,20:50:00,10.7201,10.725,10.71,10.71,16756,0
2016-07-08,20:55:00,10.71,10.71,10.695,10.71,5706,0
2016-07-08,21:00:00,10.72,10.72,10.71,10.71,600,0
2016-07-08,21:05:00,10.69,10.7,10.69,10.7,3938,0
2016-07-08,21:10:00,10.7,10.71,10.69,10.705,2445,0
2016-07-08,21:15:00,10.71,10.71,10.705,10.71,1001,0
2016-07-08,21:20:00,10.71,10.72,10.71,10.72,500,0
2016-07-08,21:25:00,10.71,10.715,10.7,10.71,7755,0
2016-07-08,21:30:00,10.71,10.72,10.705,10.715,3600,0
2016-07-08,21:35:00,10.72,10.73,10.715,10.725,4800,0
2016-07-08,21:40:00,10.725,10.73,10.71,10.72,6577,0
2016-07-08,21:45:00,10.715,10.72,10.71,10.72,3580,0
2016-07-08,21:50:00,10.71,10.72,10.71,10.72,4500,0
2016-07-08,21:55:00,10.73,10.76,10.72,10.755,25021,0
2016-07-08,22:00:00,10.76,10.76,10.725,10.75,105361,0
