Date,Time,Open,High,Low,Close,Volume,OpenInt
2016-05-12,15:35:00,10.74,10.74,10.74,10.74,2259,0
2016-05-12,15:50:00,10.865,10.865,10.865,10.865,650,0
2016-05-12,16:00:00,10.98,10.98,10.98,10.98,100,0
2016-05-12,16:10:00,10.84,10.9899,10.84,10.92,1400,0
2016-05-12,16:25:00,10.85,10.92,10.85,10.9,400,0
2016-05-12,16:30:00,10.84,10.91,10.84,10.91,300,0
2016-05-12,16:35:00,10.91,10.91,10.91,10.91,200,0
2016-05-12,16:45:00,10.7899,10.7899,10.77,10.78,600,0
2016-05-12,16:50:00,10.87,10.87,10.87,10.87,200,0
2016-05-12,16:55:00,10.87,10.87,10.87,10.87,100,0
2016-05-12,17:00:00,10.78,10.7899,10.78,10.7899,700,0
2016-05-12,17:05:00,10.78,10.7999,10.78,10.79,300,0
2016-05-12,17:10:00,10.75,10.7592,10.7408,10.7592,1225,0
2016-05-12,17:15:00,10.82,10.82,10.8,10.8,200,0
2016-05-12,17:30:00,10.78,10.8,10.78,10.8,1400,0
2016-05-12,17:35:00,10.8,10.83,10.76,10.76,1600,0
2016-05-12,17:40:00,10.73,10.73,10.73,10.73,100,0
2016-05-12,18:35:00,10.7,10.7,10.68,10.68,300,0
2016-05-12,18:55:00,10.74,10.74,10.74,10.74,1900,0
2016-05-12,19:10:00,10.68,10.68,10.68,10.68,100,0
2016-05-12,19:20:00,10.67,10.67,10.67,10.67,100,0
2016-05-12,19:50:00,10.65,10.65,10.65,10.65,100,0
2016-05-12,20:05:00,10.65,10.7299,10.65,10.7299,1900,0
2016-05-12,20:35:00,10.65,10.65,10.65,10.65,100,0
2016-05-12,20:50:00,10.65,10.65,10.65,10.65,100,0
2016-05-12,20:55:00,10.71,10.71,10.65,10.6501,800,0
2016-05-12,21:00:00,10.71,10.71,10.71,10.71,400,0
2016-05-12,21:05:00,10.65,10.65,10.65,10.65,100,0
2016-05-12,21:15:00,10.71,10.71,10.61,10.61,1000,0
2016-05-12,21:20:00,10.61,10.61,10.39,10.39,5400,0
2016-05-12,21:25:00,10.3511,10.3511,10.35,10.35,800,0
2016-05-12,21:30:00,10.35,10.35,10.35,10.35,800,0
2016-05-12,21:35:00,10.35,10.4,10.31,10.4,7050,0
2016-05-12,21:40:00,10.32,10.46,10.3111,10.33,2400,0
2016-05-12,21:45:00,10.385,10.5,10.3201,10.5,2100,0
2016-05-12,21:50:00,10.4001,10.5,10.4,10.4256,1200,0
2016-05-12,21:55:00,10.5,10.5,10.36,10.36,3200,0
2016-05-12,22:00:00,10.33,10.41,10.25,10.29,3519,0
2016-05-13,15:35:00,10.35,10.35,10.35,10.35,164,0
2016-05-13,16:15:00,10.29,10.29,10.29,10.29,200,0
2016-05-13,16:30:00,10.38,10.3895,10.32,10.37,600,0
2016-05-13,16:35:00,10.33,10.33,10.33,10.33,100,0
2016-05-13,16:40:00,10.3199,10.3199,10.3,10.3,1700,0
2016-05-13,16:45:00,10.3,10.3,10.3,10.3,100,0
2016-05-13,16:50:00,10.32,10.33,10.32,10.33,200,0
2016-05-13,17:20:00,10.3651,10.3651,10.3651,10.3651,100,0
2016-05-13,17:25:00,10.37,10.37,10.37,10.37,100,0
2016-05-13,17:30:00,10.37,10.37,10.37,10.37,100,0
2016-05-13,17:55:00,10.39,10.39,10.39,10.39,100,0
2016-05-13,18:40:00,10.38,10.38,10.38,10.38,100,0
2016-05-13,18:45:00,10.39,10.39,10.39,10.39,100,0
2016-05-13,19:05:00,10.39,10.39,10.39,10.39,100,0
2016-05-13,20:40:00,10.38,10.38,10.38,10.38,100,0
2016-05-13,21:50:00,10.39,10.39,10.39,10.39,100,0
2016-05-13,22:00:00,10.37,10.37,10.35,10.35,392,0
2016-05-16,15:35:00,10.41,10.41,10.41,10.41,159,0
2016-05-16,16:25:00,10.4001,10.4889,10.4001,10.4889,1900,0
2016-05-16,16:35:00,10.4899,10.4899,10.4899,10.4899,100,0
2016-05-16,16:45:00,10.49,10.49,10.49,10.49,200,0
2016-05-16,17:00:00,10.58,10.58,10.58,10.58,100,0
2016-05-16,17:55:00,10.58,10.58,10.58,10.58,100,0
2016-05-16,18:00:00,10.58,10.59,10.58,10.58,2200,0
2016-05-16,18:30:00,10.6,10.6001,10.6,10.6001,2000,0
2016-05-16,18:40:00,10.62,10.62,10.62,10.62,100,0
2016-05-16,19:00:00,10.6,10.6,10.6,10.6,100,0
2016-05-16,19:10:00,10.63,10.63,10.63,10.63,100,0
2016-05-16,19:45:00,10.61,10.61,10.61,10.61,100,0
2016-05-16,20:10:00,10.62,10.65,10.62,10.622,1800,0
2016-05-16,21:05:00,10.6,10.613,10.6,10.613,3240,0
2016-05-16,21:15:00,10.62,10.62,10.62,10.62,100,0
2016-05-16,21:25:00,10.61,10.61,10.61,10.61,100,0
2016-05-16,21:30:00,10.6,10.61,10.6,10.61,400,0
2016-05-16,21:55:00,10.6,10.6,10.6,10.6,100,0
2016-05-16,22:00:00,10.6,10.61,10.6,10.61,905,0
2016-05-17,15:35:00,10.62,10.62,10.62,10.62,114,0
2016-05-17,15:55:00,10.6497,10.6497,10.6497,10.6497,100,0
2016-05-17,16:05:00,10.6113,10.6113,10.6113,10.6113,150,0
2016-05-17,16:15:00,10.64,10.65,10.64,10.65,200,0
2016-05-17,16:20:00,10.65,10.65,10.65,10.65,100,0
2016-05-17,16:25:00,10.65,10.65,10.65,10.65,1000,0
2016-05-17,16:45:00,10.65,10.65,10.65,10.65,400,0
2016-05-17,16:50:00,10.65,10.65,10.64,10.64,900,0
2016-05-17,16:55:00,10.61,10.63,10.6,10.6,1200,0
2016-05-17,17:10:00,10.6,10.6,10.6,10.6,100,0
2016-05-17,17:20:00,10.6,10.6,10.6,10.6,300,0
2016-05-17,17:35:00,10.6,10.6,10.6,10.6,500,0
2016-05-17,17:50:00,10.59,10.59,10.58,10.58,600,0
2016-05-17,17:55:00,10.6,10.6,10.6,10.6,600,0
2016-05-17,18:10:00,10.5816,10.5816,10.5816,10.5816,500,0
2016-05-17,18:25:00,10.58,10.58,10.58,10.58,100,0
2016-05-17,18:30:00,10.5869,10.5869,10.5869,10.5869,300,0
2016-05-17,18:35:00,10.6,10.6,10.6,10.6,200,0
2016-05-17,19:00:00,10.58,10.58,10.58,10.58,300,0
2016-05-17,19:05:00,10.6,10.6,10.52,10.52,800,0
2016-05-17,19:10:00,10.5,10.5,10.5,10.5,100,0
2016-05-17,19:55:00,10.49,10.51,10.49,10.51,200,0
2016-05-17,20:20:00,10.45,10.45,10.45,10.45,100,0
2016-05-17,20:55:00,10.43,10.43,10.43,10.43,165,0
2016-05-17,21:00:00,10.3501,10.3501,10.3501,10.3501,100,0
2016-05-17,21:05:00,10.44,10.44,10.44,10.44,100,0
2016-05-17,21:45:00,10.34,10.34,10.34,10.34,100,0
2016-05-17,22:00:00,10.37,10.44,10.37,10.37,688,0
2016-05-18,15:35:00,10.31,10.31,10.31,10.31,300,0
2016-05-18,15:50:00,10.3,10.3,10.14,10.14,1603,0
2016-05-18,16:15:00,10.09,10.17,10.0801,10.17,800,0
2016-05-18,16:20:00,10.19,10.29,10.19,10.26,1965,0
2016-05-18,16:25:00,10.27,10.355,10.25,10.28,2500,0
2016-05-18,16:30:00,10.3,10.355,10.29,10.3,1000,0
2016-05-18,16:35:00,10.4,10.4,10.33,10.4,1500,0
2016-05-18,16:45:00,10.42,10.42,10.4,10.4,400,0
2016-05-18,16:50:00,10.4,10.4,10.4,10.4,100,0
2016-05-18,18:45:00,10.4,10.4,10.34,10.34,200,0
2016-05-18,18:50:00,10.41,10.41,10.33,10.33,200,0
2016-05-18,18:55:00,10.34,10.34,10.34,10.34,100,0
2016-05-18,19:15:00,10.44,10.45,10.44,10.45,200,0
2016-05-18,19:25:00,10.45,10.45,10.45,10.45,100,0
2016-05-18,19:30:00,10.45,10.45,10.45,10.45,100,0
2016-05-18,19:50:00,10.45,10.45,10.45,10.45,100,0
2016-05-18,20:15:00,10.44,10.44,10.44,10.44,100,0
2016-05-18,20:40:00,10.36,10.37,10.22,10.3,2195,0
2016-05-18,20:50:00,10.27,10.27,10.26,10.26,219,0
2016-05-18,21:10:00,10.3,10.3,10.3,10.3,100,0
2016-05-18,21:20:00,10.27,10.27,10.27,10.27,100,0
2016-05-18,21:40:00,10.3,10.3,10.3,10.3,200,0
2016-05-18,21:55:00,10.27,10.27,10.27,10.27,700,0
2016-05-18,22:00:00,10.28,10.28,10.28,10.28,100,0
2016-05-19,15:50:00,10.44,10.44,10.2,10.22,700,0
2016-05-19,15:55:00,10.24,10.3,10.2301,10.2301,600,0
2016-05-19,16:10:00,10.23,10.23,10.23,10.23,100,0
2016-05-19,17:15:00,10.17,10.17,10.09,10.09,350,0
2016-05-19,17:45:00,10.1,10.15,10.1,10.15,300,0
2016-05-19,18:15:00,10.14,10.17,10.14,10.17,200,0
2016-05-19,19:35:00,10.2,10.2,10.2,10.2,200,0
2016-05-19,20:55:00,10.1101,10.17,10.1101,10.17,600,0
2016-05-19,21:55:00,10.13,10.13,10.13,10.13,100,0
2016-05-19,22:00:00,10.18,10.18,10.18,10.18,300,0
2016-05-20,15:35:00,10.25,10.25,10.25,10.25,490,0
2016-05-20,15:45:00,10.23,10.23,10.23,10.23,100,0
2016-05-20,16:35:00,10.21,10.21,10.21,10.21,100,0
2016-05-20,16:50:00,10.25,10.25,10.25,10.25,100,0
2016-05-20,16:55:00,10.25,10.25,10.24,10.25,900,0
2016-05-20,17:05:00,10.25,10.25,10.21,10.25,3500,0
2016-05-20,17:30:00,10.23,10.23,10.22,10.22,300,0
2016-05-20,17:40:00,10.21,10.21,10.21,10.21,100,0
2016-05-20,18:10:00,10.2,10.2,10.17,10.1999,800,0
2016-05-20,18:25:00,10.2,10.2,10.2,10.2,100,0
2016-05-20,18:30:00,10.2189,10.25,10.21,10.2192,1700,0
2016-05-20,18:35:00,10.25,10.25,10.25,10.25,637,0
2016-05-20,18:40:00,10.2489,10.2489,10.2489,10.2489,100,0
2016-05-20,19:20:00,10.25,10.3,10.24,10.3,2975,0
2016-05-20,20:15:00,10.2,10.2,10.2,10.2,100,0
2016-05-20,21:00:00,10.24,10.26,10.24,10.26,200,0
2016-05-20,21:05:00,10.26,10.26,10.26,10.26,100,0
2016-05-20,21:25:00,10.2,10.2,10.2,10.2,100,0
2016-05-20,21:50:00,10.2,10.2,10.2,10.2,200,0
2016-05-20,22:00:00,10.2,10.25,10.2,10.2,589,0
2016-05-23,15:35:00,10.17,10.2,10.17,10.17,3674,0
2016-05-23,15:40:00,10.12,10.12,10,10,700,0
2016-05-23,15:45:00,9.89,10,9.89,10,2423,0
2016-05-23,15:50:00,9.9995,9.9995,9.99,9.99,200,0
2016-05-23,15:55:00,10,10.09,10,10.09,1000,0
2016-05-23,16:00:00,10.1,10.1095,10.1,10.1095,244,0
2016-05-23,16:10:00,10.128,10.13,10.11,10.11,700,0
2016-05-23,16:25:00,10.07,10.1395,10.07,10.13,500,0
2016-05-23,17:05:00,10.11,10.18,10.1,10.18,900,0
2016-05-23,17:25:00,10.17,10.17,10.13,10.13,200,0
2016-05-23,17:30:00,10.09,10.09,10.09,10.09,500,0
2016-05-23,17:35:00,10.09,10.09,10.04,10.04,200,0
2016-05-23,17:40:00,10.065,10.065,10.065,10.065,100,0
2016-05-23,18:00:00,10.04,10.05,10.04,10.04,500,0
2016-05-23,18:05:00,9.99,9.99,9.99,9.99,100,0
2016-05-23,18:15:00,10,10,9.98,9.98,400,0
2016-05-23,18:20:00,9.9286,9.9286,9.9201,9.9201,1000,0
2016-05-23,18:30:00,9.94,9.94,9.94,9.94,300,0
2016-05-23,18:40:00,9.91,9.94,9.91,9.94,1310,0
2016-05-23,18:45:00,9.93,9.93,9.93,9.93,100,0
2016-05-23,19:10:00,9.96,10.04,9.96,10.04,200,0
2016-05-23,19:40:00,9.92,9.92,9.92,9.92,100,0
2016-05-23,20:05:00,9.85,9.85,9.83,9.85,1400,0
2016-05-23,20:10:00,9.8,9.8,9.8,9.8,200,0
2016-05-23,20:20:00,9.8,9.8,9.8,9.8,400,0
2016-05-23,20:25:00,9.8,9.8,9.78,9.78,700,0
2016-05-23,20:35:00,9.8,9.8,9.8,9.8,600,0
2016-05-23,20:45:00,9.8,9.8,9.8,9.8,100,0
2016-05-23,20:55:00,9.79,9.7925,9.79,9.7925,400,0
2016-05-23,21:20:00,9.8,9.82,9.8,9.82,500,0
2016-05-23,21:30:00,9.91,9.91,9.91,9.91,100,0
2016-05-23,21:55:00,9.879,9.88,9.879,9.88,860,0
2016-05-23,22:00:00,9.875,9.89,9.875,9.89,400,0
2016-05-24,15:35:00,9.86,9.86,9.86,9.86,302,0
2016-05-24,15:55:00,9.98,9.98,9.83,9.83,400,0
2016-05-24,16:00:00,9.9,9.9,9.9,9.9,100,0
2016-05-24,16:05:00,9.88,9.8999,9.88,9.8999,200,0
2016-05-24,16:25:00,9.89,9.96,9.83,9.83,300,0
2016-05-24,16:30:00,9.84,9.8499,9.78,9.78,300,0
2016-05-24,16:50:00,9.92,9.92,9.92,9.92,100,0
2016-05-24,16:55:00,9.9,9.9,9.82,9.82,200,0
2016-05-24,18:25:00,9.88,9.88,9.88,9.88,700,0
2016-05-24,18:45:00,9.96,9.96,9.96,9.96,100,0
2016-05-24,19:35:00,9.98,9.98,9.98,9.98,100,0
2016-05-24,19:55:00,9.99,9.99,9.99,9.99,400,0
2016-05-24,20:00:00,9.99,9.99,9.9847,9.9847,351,0
2016-05-24,20:20:00,9.99,9.99,9.9792,9.9792,547,0
2016-05-24,20:25:00,9.99,9.99,9.99,9.99,100,0
2016-05-24,20:40:00,9.99,9.99,9.98,9.99,1300,0
2016-05-24,20:55:00,9.99,9.99,9.99,9.99,100,0
2016-05-24,21:50:00,9.99,9.99,9.99,9.99,101,0
2016-05-24,22:00:00,9.99,9.99,9.98,9.99,763,0
2016-05-25,15:35:00,10,10,10,10,109,0
2016-05-25,15:50:00,9.99,10.01,9.99,9.99,500,0
2016-05-25,15:55:00,9.99,9.99,9.99,9.99,200,0
2016-05-25,16:05:00,9.99,9.99,9.99,9.99,100,0
2016-05-25,16:45:00,9.99,9.99,9.99,9.99,100,0
2016-05-25,18:00:00,9.99,9.99,9.99,9.99,208,0
2016-05-25,19:10:00,9.99,9.99,9.99,9.99,100,0
2016-05-25,19:20:00,9.99,10,9.97,9.99,3800,0
2016-05-25,19:35:00,9.99,9.99,9.99,9.99,100,0
2016-05-25,19:50:00,9.99,9.99,9.99,9.99,100,0
2016-05-25,19:55:00,9.99,9.99,9.99,9.99,600,0
2016-05-25,20:15:00,9.98,9.98,9.98,9.98,100,0
2016-05-25,20:20:00,9.99,9.99,9.99,9.99,100,0
2016-05-25,20:50:00,9.99,9.99,9.99,9.99,100,0
2016-05-25,21:00:00,9.98,9.98,9.98,9.98,100,0
2016-05-25,21:20:00,9.99,9.99,9.99,9.99,100,0
2016-05-25,21:25:00,9.99,9.99,9.99,9.99,100,0
2016-05-25,21:30:00,9.99,9.99,9.99,9.99,200,0
2016-05-25,21:45:00,9.99,9.99,9.99,9.99,200,0
2016-05-25,21:55:00,9.99,9.99,9.99,9.99,100,0
2016-05-25,22:00:00,9.98,9.99,9.98,9.99,200,0
2016-05-26,15:35:00,10,10,10,10,100,0
2016-05-26,16:35:00,9.98,9.98,9.98,9.98,100,0
2016-05-26,17:25:00,10.04,10.04,10.04,10.04,100,0
2016-05-26,19:00:00,10.0056,10.0056,10.0056,10.0056,500,0
2016-05-26,19:05:00,10.05,10.05,10.05,10.05,100,0
2016-05-26,19:15:00,10,10.03,10,10.03,300,0
2016-05-26,19:55:00,10.04,10.04,10.04,10.04,100,0
2016-05-26,20:00:00,9.98,9.98,9.98,9.98,100,0
2016-05-26,20:35:00,10.04,10.04,10.04,10.04,100,0
2016-05-26,20:50:00,10.04,10.04,10.04,10.04,100,0
2016-05-26,21:10:00,10.08,10.09,9.99,10.0893,2800,0
2016-05-26,21:15:00,10.09,10.17,10.0899,10.17,11100,0
2016-05-26,21:30:00,10.1,10.1,10.1,10.1,100,0
2016-05-26,21:45:00,10.1,10.1,10.1,10.1,100,0
2016-05-26,21:50:00,10.09,10.09,10.09,10.09,100,0
2016-05-26,21:55:00,10.08,10.08,10.01,10.01,800,0
2016-05-26,22:00:00,10.06,10.06,10,10.03,400,0
2016-05-27,15:35:00,10.09,10.09,10.09,10.09,133,0
2016-05-27,15:40:00,10.08,10.1,10.08,10.1,300,0
2016-05-27,15:45:00,10.09,10.09,10.07,10.07,300,0
2016-05-27,17:30:00,10.1,10.1,10.1,10.1,200,0
2016-05-27,17:40:00,10.1,10.1,10.1,10.1,300,0
2016-05-27,19:10:00,10.08,10.08,10.08,10.08,100,0
2016-05-27,19:20:00,10.1,10.1,10.06,10.06,226,0
2016-05-27,20:55:00,10.1,10.1,10.1,10.1,100,0
2016-05-27,21:00:00,10.094,10.094,10.094,10.094,2000,0
2016-05-27,21:05:00,10.1,10.1,10.1,10.1,100,0
2016-05-27,21:15:00,10.1,10.1,10.1,10.1,100,0
2016-05-27,21:25:00,10.0984,10.1,10.0984,10.1,700,0
2016-05-27,21:40:00,10,10,10,10,100,0
2016-05-27,21:45:00,10.092,10.092,10.092,10.092,250,0
2016-05-27,22:00:00,10.1,10.1,10.07,10.1,300,0
2016-05-31,15:35:00,10.09,10.1,10.09,10.1,213,0
2016-05-31,15:40:00,10.06,10.0804,10.0505,10.0804,400,0
2016-05-31,15:50:00,10.06,10.06,9.95,10.01,1811,0
2016-05-31,15:55:00,10.01,10.0595,10.01,10.05,800,0
2016-05-31,16:05:00,10.05,10.05,10.05,10.05,100,0
2016-05-31,17:10:00,9.96,9.96,9.96,9.96,100,0
2016-05-31,17:15:00,10.0265,10.0265,10.0265,10.0265,500,0
2016-05-31,17:25:00,10.04,10.05,10.03,10.05,900,0
2016-05-31,17:40:00,10.05,10.05,10.05,10.05,200,0
2016-05-31,17:55:00,10.05,10.05,10.05,10.05,100,0
2016-05-31,18:45:00,10.05,10.05,10.05,10.05,200,0
2016-05-31,19:40:00,10.035,10.035,10.035,10.035,100,0
2016-05-31,19:50:00,10.05,10.05,10.05,10.05,100,0
2016-05-31,19:55:00,10.05,10.05,10.05,10.05,100,0
2016-05-31,20:35:00,10.02,10.02,10,10,1200,0
2016-05-31,20:45:00,9.979,9.979,9.979,9.979,113,0
2016-05-31,21:05:00,9.95,9.95,9.95,9.95,100,0
2016-05-31,21:15:00,9.96,9.98,9.96,9.98,200,0
2016-05-31,21:30:00,10,10,10,10,100,0
2016-05-31,22:00:00,9.98,9.99,9.96,9.96,1145,0
2016-06-01,15:40:00,10,10,10,10,200,0
2016-06-01,16:20:00,9.92,9.92,9.92,9.92,100,0
2016-06-01,16:35:00,9.98,9.98,9.98,9.98,100,0
2016-06-01,17:55:00,9.9705,9.9705,9.9705,9.9705,100,0
2016-06-01,18:40:00,10,10,9.99,10,800,0
2016-06-01,18:45:00,10,10,10,10,2300,0
2016-06-01,18:50:00,10,10,10,10,1600,0
2016-06-01,18:55:00,10,10,10,10,500,0
2016-06-01,19:00:00,10,10,10,10,500,0
2016-06-01,19:05:00,10,10,10,10,600,0
2016-06-01,19:10:00,10,10,10,10,600,0
2016-06-01,19:15:00,10,10,9.99,10,800,0
2016-06-01,19:20:00,10,10,10,10,400,0
2016-06-01,19:25:00,9.9989,9.9989,9.9989,9.9989,100,0
2016-06-01,19:30:00,10,10,10,10,200,0
2016-06-01,19:35:00,9.9989,9.9989,9.9989,9.9989,200,0
2016-06-01,19:40:00,10,10.01,10,10.01,1000,0
2016-06-01,20:10:00,10.04,10.04,10.04,10.04,300,0
2016-06-01,20:35:00,10.09,10.09,10.09,10.09,100,0
2016-06-01,20:40:00,10.0605,10.0605,10.0605,10.0605,100,0
2016-06-01,20:45:00,10.06,10.06,10,10,1900,0
2016-06-01,20:50:00,10,10,10,10,100,0
2016-06-01,20:55:00,9.995,9.995,9.995,9.995,100,0
2016-06-01,21:10:00,9.9984,10.01,9.9984,10.01,400,0
2016-06-01,21:15:00,9.9984,9.9984,9.9984,9.9984,100,0
2016-06-01,21:25:00,10,10,10,10,100,0
2016-06-01,21:30:00,9.995,10,9.995,10,200,0
2016-06-01,21:40:00,9.995,9.995,9.995,9.995,100,0
2016-06-01,21:55:00,9.99,9.99,9.96,9.96,500,0
2016-06-01,22:00:00,9.99,9.99,9.96,9.96,514,0
2016-06-02,15:35:00,9.9,9.9,9.9,9.9,300,0
2016-06-02,15:50:00,9.9058,9.9058,9.9058,9.9058,642,0
2016-06-02,16:20:00,9.88,9.88,9.88,9.88,100,0
2016-06-02,16:30:00,9.96,9.96,9.96,9.96,100,0
2016-06-02,16:45:00,9.905,9.95,9.82,9.9,1948,0
2016-06-02,17:05:00,9.82,9.82,9.82,9.82,100,0
2016-06-02,17:30:00,9.834,9.89,9.834,9.89,404,0
2016-06-02,17:40:00,9.8269,9.88,9.8269,9.88,550,0
2016-06-02,17:50:00,9.82,9.82,9.82,9.82,100,0
2016-06-02,18:10:00,9.82,9.82,9.82,9.82,100,0
2016-06-02,18:20:00,9.87,9.87,9.87,9.87,100,0
2016-06-02,18:55:00,9.88,9.88,9.88,9.88,300,0
2016-06-02,20:45:00,9.88,9.885,9.86,9.86,500,0
2016-06-02,20:55:00,9.82,9.85,9.82,9.85,200,0
2016-06-02,21:25:00,9.85,9.85,9.85,9.85,200,0
2016-06-02,21:30:00,9.85,9.85,9.85,9.85,200,0
2016-06-02,22:00:00,9.85,9.85,9.85,9.85,800,0
2016-06-03,15:35:00,9.77,9.77,9.77,9.77,100,0
2016-06-03,15:40:00,9.81,9.81,9.76,9.76,1573,0
2016-06-03,15:50:00,9.79,9.79,9.79,9.79,100,0
2016-06-03,16:10:00,9.78,9.78,9.78,9.78,100,0
2016-06-03,16:30:00,9.7811,9.7811,9.7811,9.7811,100,0
2016-06-03,16:40:00,9.78,9.78,9.78,9.78,100,0
2016-06-03,16:45:00,9.7725,9.7725,9.77,9.77,300,0
2016-06-03,17:25:00,9.82,9.82,9.82,9.82,100,0
2016-06-03,17:30:00,9.78,9.78,9.78,9.78,100,0
2016-06-03,17:35:00,9.806,9.806,9.806,9.806,270,0
2016-06-03,17:40:00,9.795,9.795,9.795,9.795,100,0
2016-06-03,18:10:00,9.79,9.79,9.79,9.79,200,0
2016-06-03,19:10:00,9.775,9.775,9.76,9.76,300,0
2016-06-03,19:20:00,9.77,9.77,9.77,9.77,100,0
2016-06-03,19:35:00,9.78,9.78,9.78,9.78,100,0
2016-06-03,20:00:00,9.78,9.78,9.76,9.77,700,0
2016-06-03,20:05:00,9.78,9.78,9.78,9.78,100,0
2016-06-03,20:15:00,9.78,9.78,9.77,9.77,300,0
2016-06-03,20:40:00,9.77,9.77,9.77,9.77,400,0
2016-06-03,20:55:00,9.78,9.78,9.78,9.78,100,0
2016-06-03,21:00:00,9.78,9.78,9.77,9.77,200,0
2016-06-03,21:20:00,9.78,9.78,9.77,9.78,400,0
2016-06-03,21:25:00,9.78,9.78,9.77,9.77,200,0
2016-06-03,21:35:00,9.79,9.79,9.79,9.79,200,0
2016-06-03,21:40:00,9.83,9.83,9.83,9.83,100,0
2016-06-03,22:00:00,9.83,9.83,9.79,9.79,696,0
2016-06-06,15:35:00,9.79,9.79,9.79,9.79,205,0
2016-06-06,15:55:00,9.84,9.86,9.83,9.86,400,0
2016-06-06,16:00:00,9.84,9.84,9.83,9.83,200,0
2016-06-06,16:25:00,9.84,9.84,9.83,9.83,200,0
2016-06-06,16:30:00,9.8301,9.89,9.8301,9.89,205,0
2016-06-06,16:50:00,9.9,9.9,9.89,9.89,200,0
2016-06-06,17:05:00,9.88,9.88,9.87,9.88,400,0
2016-06-06,17:30:00,9.8989,9.9,9.89,9.9,1400,0
2016-06-06,17:50:00,9.95,9.95,9.95,9.95,100,0
2016-06-06,18:00:00,9.94,9.94,9.94,9.94,100,0
2016-06-06,18:15:00,9.95,9.95,9.95,9.95,100,0
2016-06-06,18:20:00,9.95,9.95,9.94,9.94,200,0
2016-06-06,18:30:00,9.95,9.95,9.95,9.95,100,0
2016-06-06,19:30:00,9.95,9.95,9.95,9.95,100,0
2016-06-06,20:45:00,9.96,9.96,9.96,9.96,100,0
2016-06-06,21:00:00,9.96,9.96,9.95,9.95,200,0
2016-06-06,21:10:00,9.96,9.96,9.96,9.96,100,0
2016-06-06,21:20:00,10.05,10.05,10.05,10.05,100,0
2016-06-06,21:40:00,10.05,10.05,10.04,10.04,200,0
2016-06-06,21:50:00,10,10,10,10,200,0
2016-06-06,21:55:00,10,10,10,10,100,0
2016-06-06,22:00:00,10.01,10.02,10.01,10.02,526,0
2016-06-07,15:35:00,10.02,10.02,10.02,10.02,200,0
2016-06-07,16:15:00,10.05,10.05,10.05,10.05,100,0
2016-06-07,17:00:00,10.04,10.05,9.91,9.92,6210,0
2016-06-07,18:10:00,10,10.13,9.99,10.13,300,0
2016-06-07,18:20:00,10,10,10,10,100,0
2016-06-07,18:25:00,10.13,10.13,10.13,10.13,100,0
2016-06-07,19:25:00,10.13,10.13,10.13,10.13,100,0
2016-06-07,19:35:00,10.0301,10.13,10.0301,10.13,300,0
2016-06-07,20:05:00,10.14,10.14,10.14,10.14,100,0
2016-06-07,20:20:00,10.12,10.12,10.12,10.12,300,0
2016-06-07,20:30:00,10.1589,10.17,10.13,10.1692,6600,0
2016-06-07,20:40:00,10.26,10.2615,10.13,10.13,800,0
2016-06-07,21:30:00,10.15,10.15,10.15,10.15,100,0
2016-06-07,21:35:00,10.26,10.26,10.195,10.195,300,0
2016-06-07,21:40:00,10.26,10.26,10.26,10.26,100,0
2016-06-07,21:55:00,10.22,10.22,10.22,10.22,100,0
2016-06-07,22:00:00,10.25,10.25,10.23,10.23,700,0
2016-06-08,15:35:00,10.7,10.7,10.7,10.7,918,0
2016-06-08,15:40:00,10.99,11.3,10.99,11.3,2250,0
2016-06-08,15:45:00,11.53,11.53,11.53,11.53,200,0
2016-06-08,15:50:00,11.5,11.5,11.5,11.5,543,0
2016-06-08,15:55:00,11.31,11.31,11.19,11.29,8627,0
2016-06-08,16:00:00,11.0601,11.4,11.0601,11.4,1900,0
2016-06-08,16:05:00,11.24,11.27,11.04,11.05,1990,0
2016-06-08,16:10:00,11.05,11.05,11.04,11.05,457,0
2016-06-08,16:15:00,11.075,11.075,10.9,10.9,4500,0
2016-06-08,16:20:00,10.8,10.8,10.8,10.8,656,0
2016-06-08,16:25:00,10.7938,10.7938,10.75,10.75,475,0
2016-06-08,16:30:00,10.8,10.8,10.79,10.79,300,0
2016-06-08,16:40:00,10.75,10.75,10.75,10.75,269,0
2016-06-08,16:45:00,10.7,10.7,10.69,10.69,914,0
2016-06-08,17:05:00,10.69,10.69,10.69,10.69,100,0
2016-06-08,17:50:00,10.74,10.8,10.74,10.8,300,0
2016-06-08,18:10:00,10.79,10.79,10.79,10.79,400,0
2016-06-08,18:25:00,10.7973,10.7973,10.7973,10.7973,1000,0
2016-06-08,18:30:00,10.99,10.99,10.99,10.99,100,0
2016-06-08,18:40:00,10.9,10.9,10.86,10.8699,700,0
2016-06-08,18:50:00,10.78,10.78,10.78,10.78,400,0
2016-06-08,19:20:00,10.99,10.99,10.99,10.99,100,0
2016-06-08,19:35:00,10.8,10.8,10.8,10.8,100,0
2016-06-08,19:40:00,10.8001,10.8001,10.8001,10.8001,1000,0
2016-06-08,19:55:00,10.98,10.98,10.98,10.98,100,0
2016-06-08,20:00:00,10.9799,10.9799,10.9799,10.9799,500,0
2016-06-08,20:10:00,10.87,10.87,10.87,10.87,200,0
2016-06-08,20:35:00,10.96,10.96,10.937,10.937,400,0
2016-06-08,20:50:00,10.97,10.97,10.92,10.92,200,0
2016-06-08,21:00:00,10.9258,10.9258,10.882,10.915,3900,0
2016-06-08,21:15:00,10.87,10.87,10.87,10.87,100,0
2016-06-08,21:25:00,10.95,10.95,10.88,10.9304,1200,0
2016-06-08,21:30:00,10.97,10.97,10.97,10.97,100,0
2016-06-08,21:35:00,10.98,10.98,10.98,10.98,100,0
2016-06-08,21:55:00,10.87,10.87,10.87,10.87,100,0
2016-06-08,22:00:00,10.93,10.93,10.88,10.91,700,0
2016-06-09,15:35:00,10.9,10.9,10.9,10.9,302,0
2016-06-09,15:50:00,10.97,10.97,10.97,10.97,100,0
2016-06-09,16:45:00,10.95,10.95,10.94,10.94,200,0
2016-06-09,16:50:00,10.88,10.88,10.88,10.88,100,0
2016-06-09,17:20:00,10.9145,10.9145,10.9145,10.9145,200,0
2016-06-09,18:10:00,10.92,10.92,10.92,10.92,100,0
2016-06-09,18:30:00,10.89,10.89,10.89,10.89,100,0
2016-06-09,18:35:00,10.91,10.91,10.91,10.91,100,0
2016-06-09,19:05:00,10.9,10.9,10.9,10.9,100,0
2016-06-09,19:25:00,10.91,10.91,10.91,10.91,100,0
2016-06-09,19:55:00,10.91,10.91,10.91,10.91,100,0
2016-06-09,20:40:00,10.8988,10.8988,10.8988,10.8988,450,0
2016-06-09,21:05:00,10.88,10.94,10.88,10.94,200,0
2016-06-09,21:20:00,10.89,10.89,10.89,10.89,100,0
2016-06-09,22:00:00,10.92,10.92,10.9,10.91,477,0
2016-06-10,15:40:00,10.5601,10.5601,10.5601,10.5601,130,0
2016-06-10,16:20:00,10.84,10.97,10.84,10.97,350,0
2016-06-10,16:30:00,11.04,11.04,11.04,11.04,100,0
2016-06-10,16:35:00,10.96,10.96,10.96,10.96,100,0
2016-06-10,16:50:00,10.96,10.96,10.96,10.96,100,0
2016-06-10,16:55:00,10.94,10.94,10.94,10.94,100,0
2016-06-10,18:10:00,10.92,10.92,10.88,10.88,300,0
2016-06-10,18:40:00,10.94,10.94,10.94,10.94,100,0
2016-06-10,18:55:00,10.9,10.9,10.9,10.9,100,0
2016-06-10,19:25:00,10.97,10.97,10.97,10.97,200,0
2016-06-10,19:55:00,10.93,10.93,10.9,10.9,200,0
2016-06-10,20:45:00,10.97,10.97,10.97,10.97,100,0
2016-06-10,21:40:00,10.97,10.98,10.97,10.98,200,0
2016-06-10,21:50:00,10.92,10.92,10.92,10.92,100,0
2016-06-10,21:55:00,10.92,10.96,10.91,10.9108,1300,0
2016-06-10,22:00:00,10.82,10.96,10.79,10.81,2908,0
2016-06-13,15:35:00,10.8,10.8,10.8,10.8,470,0
2016-06-13,16:15:00,10.76,10.76,10.76,10.76,200,0
2016-06-13,17:15:00,10.92,10.92,10.92,10.92,200,0
2016-06-13,17:20:00,10.89,10.89,10.785,10.785,200,0
2016-06-13,17:25:00,10.96,10.96,10.96,10.96,100,0
2016-06-13,17:30:00,10.795,10.795,10.795,10.795,100,0
2016-06-13,18:05:00,10.7801,10.7801,10.7801,10.7801,1000,0
2016-06-13,18:10:00,10.78,10.78,10.78,10.78,100,0
2016-06-13,18:15:00,10.84,10.84,10.84,10.84,100,0
2016-06-13,18:30:00,10.88,10.88,10.88,10.88,100,0
2016-06-13,18:45:00,10.88,10.88,10.88,10.88,100,0
2016-06-13,18:50:00,10.78,10.8,10.77,10.77,400,0
2016-06-13,19:40:00,10.65,10.65,10.65,10.65,100,0
2016-06-13,19:55:00,10.62,10.62,10.62,10.62,100,0
2016-06-13,20:00:00,10.6,10.6,10.6,10.6,100,0
2016-06-13,20:05:00,10.61,10.61,10.61,10.61,200,0
2016-06-13,20:30:00,10.62,10.62,10.62,10.62,400,0
2016-06-13,20:35:00,10.6,10.605,10.58,10.58,1000,0
2016-06-13,20:40:00,10.5,10.5,10.5,10.5,100,0
2016-06-13,21:00:00,10.42,10.42,10.42,10.42,200,0
2016-06-13,21:05:00,10.41,10.41,10.41,10.41,100,0
2016-06-13,21:15:00,10.38,10.41,10.3711,10.41,1500,0
2016-06-13,21:30:00,10.33,10.33,10.33,10.33,200,0
2016-06-13,21:45:00,10.41,10.69,10.41,10.69,1200,0
2016-06-13,21:50:00,10.69,10.69,10.68,10.69,1100,0
2016-06-13,21:55:00,10.715,10.715,10.69,10.7,500,0
2016-06-13,22:00:00,10.79,10.79,10.79,10.79,100,0
2016-06-14,15:35:00,10.69,10.69,10.69,10.69,100,0
2016-06-14,16:20:00,10.7,10.73,10.7,10.73,400,0
2016-06-14,16:35:00,10.7001,10.7001,10.7001,10.7001,200,0
2016-06-14,17:00:00,10.8,10.8,10.8,10.8,100,0
2016-06-14,17:25:00,10.75,10.75,10.75,10.75,100,0
2016-06-14,18:00:00,10.7,10.7,10.7,10.7,100,0
2016-06-14,18:20:00,10.7324,10.7324,10.7324,10.7324,100,0
2016-06-14,18:25:00,10.7243,10.7243,10.7243,10.7243,100,0
2016-06-14,18:30:00,10.79,10.81,10.79,10.81,200,0
2016-06-14,18:40:00,10.84,10.84,10.84,10.84,100,0
2016-06-14,19:10:00,10.84,10.84,10.84,10.84,200,0
2016-06-14,19:20:00,10.8,10.8,10.8,10.8,100,0
2016-06-14,19:35:00,10.72,10.72,10.72,10.72,100,0
2016-06-14,19:40:00,10.71,10.71,10.71,10.71,100,0
2016-06-14,20:00:00,10.71,10.71,10.7,10.71,300,0
2016-06-14,20:05:00,10.71,10.71,10.71,10.71,100,0
2016-06-14,20:15:00,10.71,10.71,10.71,10.71,100,0
2016-06-14,20:40:00,10.74,10.74,10.74,10.74,100,0
2016-06-14,21:05:00,10.81,10.81,10.81,10.81,100,0
2016-06-14,21:15:00,10.84,10.84,10.775,10.775,200,0
2016-06-14,21:20:00,10.7101,10.775,10.7101,10.749,2100,0
2016-06-14,21:30:00,10.75,10.75,10.7,10.7,500,0
2016-06-14,21:40:00,10.75,10.75,10.75,10.75,100,0
2016-06-14,21:45:00,10.7,10.7054,10.7,10.7054,400,0
2016-06-14,21:50:00,10.7,10.7,10.7,10.7,100,0
2016-06-14,22:00:00,10.7,10.75,10.7,10.71,649,0
2016-06-15,17:10:00,10.81,10.81,10.81,10.81,100,0
2016-06-15,18:05:00,10.7101,10.7101,10.71,10.71,300,0
2016-06-15,18:50:00,10.63,10.63,10.63,10.63,100,0
2016-06-15,18:55:00,10.63,10.63,10.63,10.63,100,0
2016-06-15,19:10:00,10.68,10.68,10.68,10.68,100,0
2016-06-15,19:15:00,10.64,10.64,10.64,10.64,100,0
2016-06-15,19:30:00,10.65,10.67,10.65,10.67,400,0
2016-06-15,20:35:00,10.61,10.61,10.61,10.61,100,0
2016-06-15,20:40:00,10.58,10.58,10.58,10.58,300,0
2016-06-15,21:00:00,10.59,10.59,10.58,10.58,900,0
2016-06-15,21:25:00,10.575,10.575,10.575,10.575,100,0
2016-06-15,21:40:00,10.56,10.56,10.56,10.56,200,0
2016-06-15,21:45:00,10.557,10.557,10.557,10.557,200,0
2016-06-15,21:55:00,10.56,10.595,10.56,10.56,300,0
2016-06-15,22:00:00,10.41,10.49,10.41,10.49,534,0
2016-06-16,15:35:00,9.7601,9.7601,9.7601,9.7601,400,0
2016-06-16,15:50:00,10.34,10.34,10.34,10.34,100,0
2016-06-16,16:10:00,10.35,10.35,10.16,10.16,200,0
2016-06-16,16:30:00,10.29,10.3199,10.21,10.23,3500,0
2016-06-16,16:35:00,10.25,10.32,10.25,10.32,200,0
2016-06-16,16:50:00,10.32,10.32,10.32,10.32,100,0
2016-06-16,17:10:00,10.3199,10.3199,10.3199,10.3199,100,0
2016-06-16,17:15:00,10.26,10.26,10.26,10.26,100,0
2016-06-16,17:20:00,10.315,10.315,10.315,10.315,100,0
2016-06-16,17:30:00,10.32,10.35,10.32,10.35,300,0
2016-06-16,17:35:00,10.35,10.35,10.34,10.35,2600,0
2016-06-16,17:50:00,10.35,10.35,10.35,10.35,200,0
2016-06-16,18:10:00,10.33,10.35,10.33,10.35,200,0
2016-06-16,18:30:00,10.3499,10.3499,10.3499,10.3499,100,0
2016-06-16,18:40:00,10.35,10.35,10.35,10.35,100,0
2016-06-16,18:50:00,10.35,10.35,10.35,10.35,100,0
2016-06-16,19:05:00,10.35,10.35,10.35,10.35,200,0
2016-06-16,19:10:00,10.35,10.42,10.35,10.42,1600,0
2016-06-16,19:30:00,10.4799,10.4799,10.4799,10.4799,100,0
2016-06-16,19:35:00,10.48,10.48,10.48,10.48,100,0
2016-06-16,19:40:00,10.428,10.4303,10.428,10.4303,291,0
2016-06-16,19:50:00,10.42,10.435,10.42,10.435,300,0
2016-06-16,20:05:00,10.4,10.4,10.4,10.4,200,0
2016-06-16,20:10:00,10.44,10.44,10.44,10.44,100,0
2016-06-16,20:30:00,10.4399,10.4399,10.4399,10.4399,100,0
2016-06-16,20:50:00,10.44,10.44,10.44,10.44,100,0
2016-06-16,21:00:00,10.44,10.44,10.4397,10.4397,200,0
2016-06-16,21:10:00,10.44,10.44,10.44,10.44,100,0
2016-06-16,21:15:00,10.425,10.425,10.425,10.425,100,0
2016-06-16,21:25:00,10.44,10.44,10.44,10.44,500,0
2016-06-16,21:30:00,10.44,10.44,10.44,10.44,500,0
2016-06-16,21:45:00,10.4399,10.4399,10.4399,10.4399,100,0
2016-06-16,21:50:00,10.44,10.44,10.4397,10.4397,200,0
2016-06-16,21:55:00,10.41,10.44,10.41,10.44,1100,0
2016-06-16,22:00:00,10.44,10.44,10.44,10.44,226,0
2016-06-17,15:40:00,10.54,10.55,10.54,10.55,200,0
2016-06-17,15:50:00,10.53,10.53,10.53,10.53,100,0
2016-06-17,16:05:00,10.46,10.46,10.46,10.46,100,0
2016-06-17,16:20:00,10.3043,10.53,10.3043,10.52,825,0
2016-06-17,16:25:00,10.526,10.526,10.526,10.526,100,0
2016-06-17,16:40:00,10.52,10.52,10.52,10.52,100,0
2016-06-17,16:45:00,10.53,10.53,10.53,10.53,200,0
2016-06-17,16:50:00,10.52,10.53,10.45,10.45,2073,0
2016-06-17,16:55:00,10.38,10.42,10.37,10.42,800,0
2016-06-17,17:00:00,10.47,10.4999,10.47,10.4995,600,0
2016-06-17,17:20:00,10.5199,10.5199,10.5199,10.5199,100,0
2016-06-17,17:40:00,10.53,10.53,10.53,10.53,100,0
2016-06-17,17:55:00,10.5299,10.5299,10.39,10.39,200,0
2016-06-17,18:15:00,10.53,10.53,10.53,10.53,100,0
2016-06-17,18:25:00,10.53,10.53,10.53,10.53,100,0
2016-06-17,18:35:00,10.53,10.53,10.4,10.4,1050,0
2016-06-17,19:00:00,10.41,10.41,10.41,10.41,105,0
2016-06-17,19:10:00,10.49,10.49,10.49,10.49,100,0
2016-06-17,19:20:00,10.5,10.5,10.5,10.5,100,0
2016-06-17,19:25:00,10.5,10.5,10.5,10.5,100,0
2016-06-17,19:30:00,10.5,10.5,10.5,10.5,100,0
2016-06-17,19:45:00,10.49,10.49,10.49,10.49,100,0
2016-06-17,20:05:00,10.4899,10.4899,10.41,10.48,300,0
2016-06-17,20:20:00,10.4899,10.4899,10.4899,10.4899,100,0
2016-06-17,20:30:00,10.4,10.4,10.4,10.4,100,0
2016-06-17,20:40:00,10.49,10.49,10.41,10.41,200,0
2016-06-17,21:00:00,10.4899,10.49,10.4899,10.49,200,0
2016-06-17,21:15:00,10.4,10.49,10.4,10.49,300,0
2016-06-17,21:25:00,10.45,10.45,10.45,10.45,350,0
2016-06-17,21:30:00,10.45,10.45,10.45,10.45,200,0
2016-06-17,21:40:00,10.4,10.425,10.4,10.425,200,0
2016-06-17,21:45:00,10.44,10.44,10.44,10.44,188,0
2016-06-17,21:55:00,10.4,10.425,10.2,10.31,5700,0
2016-06-17,22:00:00,10.27,10.355,10.25,10.25,16729,0
2016-06-20,15:35:00,10.41,10.41,10.41,10.41,100,0
2016-06-20,15:55:00,10.51,10.51,10.45,10.48,2100,0
2016-06-20,16:00:00,10.405,10.4695,10.39,10.39,2400,0
2016-06-20,16:05:00,10.39,10.4395,10.39,10.39,900,0
2016-06-20,16:15:00,10.64,10.64,10.64,10.64,100,0
2016-06-20,16:35:00,10.65,10.65,10.65,10.65,100,0
2016-06-20,16:55:00,10.69,10.69,10.69,10.69,100,0
2016-06-20,17:00:00,10.66,10.66,10.53,10.5705,1178,0
2016-06-20,17:15:00,10.65,10.65,10.65,10.65,100,0
2016-06-20,18:05:00,10.69,10.69,10.69,10.69,300,0
2016-06-20,18:20:00,10.65,10.65,10.65,10.65,100,0
2016-06-20,18:55:00,10.65,10.65,10.65,10.65,100,0
2016-06-20,19:15:00,10.65,10.65,10.6,10.6,400,0
2016-06-20,19:20:00,10.66,10.66,10.5628,10.5628,500,0
2016-06-20,19:35:00,10.53,10.53,10.53,10.53,100,0
2016-06-20,20:05:00,10.6899,10.6899,10.67,10.67,1000,0
2016-06-20,20:10:00,10.67,10.67,10.665,10.67,404,0
2016-06-20,20:30:00,10.66,10.66,10.6528,10.6599,2500,0
2016-06-20,20:40:00,10.66,10.66,10.65,10.65,200,0
2016-06-20,20:45:00,10.66,10.66,10.65,10.65,800,0
2016-06-20,21:05:00,10.65,10.65,10.6499,10.6499,350,0
2016-06-20,21:10:00,10.6325,10.6325,10.6325,10.6325,100,0
2016-06-20,21:20:00,10.65,10.65,10.65,10.65,100,0
2016-06-20,21:25:00,10.65,10.65,10.65,10.65,100,0
2016-06-20,21:30:00,10.58,10.58,10.58,10.58,100,0
2016-06-20,21:55:00,10.55,10.55,10.55,10.55,100,0
2016-06-20,22:00:00,10.65,10.65,10.58,10.61,1309,0
2016-06-21,15:50:00,10.65,10.65,10.65,10.65,100,0
2016-06-21,16:10:00,10.65,10.65,10.65,10.65,100,0
2016-06-21,16:35:00,10.6501,10.6501,10.6501,10.6501,3000,0
2016-06-21,17:00:00,10.65,10.65,10.65,10.65,300,0
2016-06-21,17:10:00,10.615,10.615,10.615,10.615,100,0
2016-06-21,17:15:00,10.49,10.49,10.49,10.49,100,0
2016-06-21,17:30:00,10.6398,10.6398,10.6398,10.6398,100,0
2016-06-21,17:35:00,10.64,10.64,10.64,10.64,100,0
2016-06-21,17:50:00,10.65,10.65,10.65,10.65,100,0
2016-06-21,18:10:00,10.65,10.65,10.65,10.65,100,0
2016-06-21,18:25:00,10.65,10.65,10.65,10.65,100,0
2016-06-21,18:30:00,10.65,10.65,10.65,10.65,100,0
2016-06-21,18:45:00,10.6199,10.6199,10.6199,10.6199,100,0
2016-06-21,18:55:00,10.57,10.57,10.57,10.57,200,0
2016-06-21,19:05:00,10.53,10.5999,10.53,10.5999,200,0
2016-06-21,19:15:00,10.46,10.5704,10.46,10.5704,300,0
2016-06-21,19:40:00,10.59,10.59,10.4201,10.49,700,0
2016-06-21,19:50:00,10.5446,10.5446,10.5446,10.5446,300,0
2016-06-21,19:55:00,10.6399,10.6399,10.6399,10.6399,100,0
2016-06-21,20:15:00,10.61,10.61,10.61,10.61,200,0
2016-06-21,20:35:00,10.606,10.606,10.606,10.606,100,0
2016-06-21,20:50:00,10.6099,10.6099,10.6099,10.6099,100,0
2016-06-21,21:10:00,10.6,10.6,10.6,10.6,100,0
2016-06-21,21:30:00,10.5999,10.5999,10.46,10.46,200,0
2016-06-21,21:45:00,10.59,10.59,10.59,10.59,100,0
2016-06-21,21:55:00,10.58,10.58,10.58,10.58,100,0
2016-06-21,22:00:00,10.59,10.5999,10.53,10.53,500,0
2016-06-22,17:25:00,10.77,10.77,10.77,10.77,100,0
2016-06-22,17:35:00,10.79,10.79,10.79,10.79,300,0
2016-06-22,18:40:00,10.6501,10.76,10.6501,10.76,3672,0
2016-06-22,18:45:00,10.78,10.78,10.78,10.78,100,0
2016-06-22,18:50:00,10.72,10.72,10.68,10.68,200,0
2016-06-22,18:55:00,10.68,10.68,10.68,10.68,100,0
2016-06-22,19:05:00,10.69,10.69,10.69,10.69,100,0
2016-06-22,19:15:00,10.73,10.73,10.73,10.73,100,0
2016-06-22,19:25:00,10.73,10.73,10.73,10.73,100,0
2016-06-22,19:45:00,10.73,10.73,10.73,10.73,100,0
2016-06-22,20:00:00,10.66,10.66,10.66,10.66,165,0
2016-06-22,20:15:00,10.685,10.69,10.685,10.69,200,0
2016-06-22,20:35:00,10.68,10.68,10.68,10.68,200,0
2016-06-22,20:40:00,10.7,10.7,10.7,10.7,100,0
2016-06-22,20:55:00,10.72,10.72,10.72,10.72,100,0
2016-06-22,21:40:00,10.67,10.67,10.67,10.67,100,0
2016-06-22,21:45:00,10.66,10.66,10.64,10.65,1400,0
2016-06-22,21:50:00,10.65,10.65,10.64,10.6499,300,0
2016-06-22,21:55:00,10.64,10.64,10.64,10.64,400,0
2016-06-22,22:00:00,10.63,10.63,10.57,10.61,1431,0
2016-06-23,15:35:00,10.7,10.7,10.7,10.7,102,0
2016-06-23,15:55:00,10.74,10.74,10.74,10.74,100,0
2016-06-23,16:05:00,10.7,10.99,10.7,10.88,1996,0
2016-06-23,16:10:00,10.9,10.925,10.8,10.8,890,0
2016-06-23,16:20:00,10.86,10.86,10.8105,10.8105,700,0
2016-06-23,16:25:00,10.9444,10.9444,10.9444,10.9444,200,0
2016-06-23,16:40:00,10.97,10.97,10.97,10.97,100,0
2016-06-23,17:10:00,10.949,10.949,10.949,10.949,196,0
2016-06-23,17:15:00,10.9,10.907,10.84,10.84,405,0
2016-06-23,17:45:00,10.85,10.85,10.85,10.85,300,0
2016-06-23,17:50:00,10.87,10.87,10.87,10.87,400,0
2016-06-23,18:20:00,10.8,10.8,10.8,10.8,100,0
2016-06-23,18:30:00,10.801,10.801,10.801,10.801,300,0
2016-06-23,18:45:00,10.8,10.8,10.8,10.8,100,0
2016-06-23,19:15:00,10.8,10.8,10.8,10.8,100,0
2016-06-23,19:20:00,10.8,10.8,10.8,10.8,200,0
2016-06-23,20:25:00,10.76,10.76,10.76,10.76,100,0
2016-06-23,21:00:00,10.71,10.71,10.71,10.71,199,0
2016-06-23,21:45:00,10.705,10.71,10.7,10.7,500,0
2016-06-23,21:50:00,10.61,10.61,10.61,10.61,100,0
2016-06-23,21:55:00,10.6899,10.6899,10.6889,10.6889,200,0
2016-06-23,22:00:00,10.67,10.67,10.67,10.67,200,0
2016-06-24,15:35:00,10.36,10.36,10.36,10.36,160,0
2016-06-24,15:45:00,10.47,10.47,10.47,10.47,100,0
2016-06-24,15:50:00,10.5,10.67,10.5,10.67,1600,0
2016-06-24,15:55:00,10.73,10.73,10.69,10.7,1400,0
2016-06-24,16:00:00,10.8,10.8,10.7,10.7,400,0
2016-06-24,16:15:00,10.65,10.65,10.65,10.65,100,0
2016-06-24,16:20:00,10.45,10.45,10.435,10.435,400,0
2016-06-24,16:25:00,10.47,10.47,10.47,10.47,200,0
2016-06-24,16:40:00,10.6399,10.6399,10.6399,10.6399,100,0
2016-06-24,16:55:00,10.65,10.65,10.65,10.65,100,0
2016-06-24,17:00:00,10.55,10.55,10.55,10.55,100,0
2016-06-24,17:05:00,10.57,10.57,10.57,10.57,100,0
2016-06-24,17:20:00,10.5899,10.5899,10.5899,10.5899,100,0
2016-06-24,17:35:00,10.5499,10.5499,10.515,10.515,200,0
2016-06-24,17:50:00,10.59,10.59,10.59,10.59,100,0
2016-06-24,18:00:00,10.52,10.52,10.52,10.52,400,0
2016-06-24,18:15:00,10.5399,10.5399,10.5399,10.5399,100,0
2016-06-24,18:25:00,10.51,10.51,10.51,10.51,100,0
2016-06-24,18:35:00,10.53,10.53,10.53,10.53,100,0
2016-06-24,18:40:00,10.52,10.52,10.52,10.52,100,0
2016-06-24,18:45:00,10.55,10.574,10.55,10.574,1000,0
2016-06-24,18:50:00,10.6299,10.6299,10.6299,10.6299,100,0
2016-06-24,19:05:00,10.65,10.65,10.65,10.65,100,0
2016-06-24,19:25:00,10.546,10.546,10.546,10.546,100,0
2016-06-24,19:40:00,10.5,10.55,10.5,10.55,200,0
2016-06-24,19:55:00,10.5399,10.5399,10.5399,10.5399,100,0
2016-06-24,20:10:00,10.51,10.51,10.51,10.51,100,0
2016-06-24,20:15:00,10.536,10.536,10.536,10.536,100,0
2016-06-24,20:25:00,10.505,10.505,10.505,10.505,100,0
2016-06-24,20:30:00,10.53,10.53,10.53,10.53,100,0
2016-06-24,20:35:00,10.52,10.52,10.52,10.52,100,0
2016-06-24,20:45:00,10.5199,10.5199,10.5199,10.5199,100,0
2016-06-24,20:50:00,10.52,10.52,10.52,10.52,100,0
2016-06-24,20:55:00,10.52,10.52,10.52,10.52,100,0
2016-06-24,21:05:00,10.5099,10.5099,10.5099,10.5099,100,0
2016-06-24,21:20:00,10.49,10.49,10.4886,10.4886,287,0
2016-06-24,21:35:00,10.471,10.51,10.471,10.51,900,0
2016-06-24,21:40:00,10.52,10.52,10.4701,10.4701,600,0
2016-06-24,21:50:00,10.5499,10.5499,10.5499,10.5499,100,0
2016-06-24,21:55:00,10.55,10.55,10.55,10.55,100,0
2016-06-24,22:00:00,10.575,10.58,10.48,10.48,800,0
2016-06-27,15:35:00,10.58,10.58,10.58,10.58,900,0
2016-06-27,16:05:00,10.425,10.425,10.425,10.425,100,0
2016-06-27,16:25:00,10.31,10.48,10.31,10.48,200,0
2016-06-27,16:45:00,10.4099,10.4099,10.4099,10.4099,100,0
2016-06-27,16:50:00,10.28,10.28,10.28,10.28,100,0
2016-06-27,17:05:00,10.3799,10.3799,10.3799,10.3799,100,0
2016-06-27,17:25:00,10.3699,10.3699,10.3699,10.3699,100,0
2016-06-27,17:35:00,10.3,10.3,10.3,10.3,100,0
2016-06-27,17:40:00,10.3,10.3,10.3,10.3,100,0
2016-06-27,17:45:00,10.33,10.36,10.33,10.36,300,0
2016-06-27,17:55:00,10.365,10.4008,10.365,10.4008,200,0
2016-06-27,18:00:00,10.38,10.38,10.38,10.38,100,0
2016-06-27,18:05:00,10.4099,10.4099,10.4099,10.4099,100,0
2016-06-27,18:10:00,10.37,10.37,10.37,10.37,100,0
2016-06-27,18:15:00,10.3315,10.36,10.33,10.34,700,0
2016-06-27,18:25:00,10.395,10.395,10.395,10.395,100,0
2016-06-27,18:40:00,10.37,10.37,10.37,10.37,100,0
2016-06-27,18:50:00,10.42,10.42,10.36,10.36,200,0
2016-06-27,19:05:00,10.39,10.39,10.39,10.39,100,0
2016-06-27,19:20:00,10.3799,10.3799,10.3799,10.3799,100,0
2016-06-27,19:35:00,10.2808,10.2808,10.2808,10.2808,500,0
2016-06-27,19:40:00,10.28,10.375,10.28,10.37,500,0
2016-06-27,19:50:00,10.28,10.28,10.28,10.28,100,0
2016-06-27,19:55:00,10.29,10.29,10.29,10.29,100,0
2016-06-27,20:15:00,10.21,10.25,10.21,10.25,300,0
2016-06-27,20:25:00,10.22,10.25,10.22,10.25,1200,0
2016-06-27,20:30:00,10.22,10.22,10.22,10.22,200,0
2016-06-27,20:35:00,10.25,10.25,10.2326,10.2326,300,0
2016-06-27,21:05:00,10.168,10.168,10.12,10.12,1200,0
2016-06-27,21:10:00,10.16,10.16,10.16,10.16,100,0
2016-06-27,21:20:00,10.14,10.14,10.05,10.1324,600,0
2016-06-27,21:25:00,10.13,10.13,10.1251,10.1292,500,0
2016-06-27,21:30:00,10.14,10.18,10.14,10.1787,300,0
2016-06-27,21:35:00,10.05,10.05,10.05,10.05,100,0
2016-06-27,21:45:00,10.07,10.07,10.07,10.07,200,0
2016-06-27,21:50:00,10.11,10.11,10.11,10.11,100,0
2016-06-27,22:00:00,10.15,10.1799,10.13,10.13,540,0
2016-06-28,17:05:00,10.425,10.425,10.2,10.2,2135,0
2016-06-28,17:10:00,10.23,10.25,10.17,10.25,1700,0
2016-06-28,17:15:00,10.2495,10.2495,10.24,10.24,200,0
2016-06-28,17:20:00,10.22,10.25,10.22,10.25,400,0
2016-06-28,17:30:00,10.2499,10.2499,10.2499,10.2499,100,0
2016-06-28,17:40:00,10.25,10.25,10.25,10.25,200,0
2016-06-28,17:45:00,10.2499,10.2499,10.2499,10.2499,250,0
2016-06-28,17:50:00,10.25,10.25,10.25,10.25,200,0
2016-06-28,18:10:00,10.25,10.25,10.25,10.25,100,0
2016-06-28,18:25:00,10.18,10.18,10.18,10.18,100,0
2016-06-28,18:30:00,10.2299,10.2299,10.2299,10.2299,100,0
2016-06-28,18:50:00,10.24,10.24,10.24,10.24,100,0
2016-06-28,19:00:00,10.24,10.24,10.24,10.24,100,0
2016-06-28,19:10:00,10.246,10.246,10.246,10.246,100,0
2016-06-28,19:45:00,10.25,10.26,10.25,10.26,359,0
2016-06-28,19:50:00,10.3499,10.3499,10.3499,10.3499,100,0
2016-06-28,19:55:00,10.37,10.386,10.37,10.386,300,0
2016-06-28,20:10:00,10.33,10.33,10.33,10.33,100,0
2016-06-28,20:20:00,10.34,10.34,10.34,10.34,100,0
2016-06-28,20:25:00,10.33,10.34,10.33,10.34,305,0
2016-06-28,20:30:00,10.265,10.34,10.265,10.34,400,0
2016-06-28,20:50:00,10.25,10.34,10.2125,10.34,2200,0
2016-06-28,21:10:00,10.34,10.34,10.34,10.34,100,0
2016-06-28,21:20:00,10.28,10.28,10.28,10.28,100,0
2016-06-28,21:25:00,10.33,10.33,10.33,10.33,100,0
2016-06-28,21:30:00,10.34,10.34,10.34,10.34,100,0
2016-06-28,21:45:00,10.3399,10.3399,10.3399,10.3399,100,0
2016-06-28,22:00:00,10.34,10.34,10.26,10.33,1105,0
2016-06-29,15:50:00,10.45,10.45,10.45,10.45,100,0
2016-06-29,15:55:00,10.45,10.45,10.45,10.45,100,0
2016-06-29,16:10:00,10.41,10.43,10.41,10.43,200,0
2016-06-29,16:25:00,10.37,10.44,10.37,10.42,1300,0
2016-06-29,16:30:00,10.36,10.41,10.36,10.41,300,0
2016-06-29,16:40:00,10.36,10.36,10.36,10.36,100,0
2016-06-29,16:45:00,10.36,10.36,10.3062,10.33,700,0
2016-06-29,16:50:00,10.3007,10.315,10.16,10.19,2200,0
2016-06-29,16:55:00,10.22,10.3,10.22,10.3,400,0
2016-06-29,17:00:00,10.3,10.33,10.3,10.33,1025,0
2016-06-29,17:10:00,10.3299,10.3299,10.3299,10.3299,100,0
2016-06-29,17:30:00,10.33,10.33,10.33,10.33,200,0
2016-06-29,17:35:00,10.24,10.24,10.24,10.24,400,0
2016-06-29,17:50:00,10.33,10.33,10.33,10.33,100,0
2016-06-29,17:55:00,10.33,10.33,10.33,10.33,375,0
2016-06-29,18:10:00,10.51,10.51,10.51,10.51,100,0
2016-06-29,18:30:00,10.65,10.65,10.65,10.65,100,0
2016-06-29,19:05:00,10.73,10.73,10.65,10.65,603,0
2016-06-29,19:20:00,10.63,10.63,10.63,10.63,100,0
2016-06-29,19:40:00,10.6,10.6,10.32,10.33,800,0
2016-06-29,19:55:00,10.33,10.33,10.33,10.33,100,0
2016-06-29,20:15:00,10.33,10.33,10.33,10.33,100,0
2016-06-29,21:30:00,10.33,10.33,10.33,10.33,200,0
2016-06-29,21:35:00,10.26,10.26,10.26,10.26,100,0
2016-06-29,21:40:00,10.3211,10.33,10.3211,10.3292,800,0
2016-06-29,21:45:00,10.33,10.33,10.33,10.33,100,0
2016-06-29,21:50:00,10.29,10.29,10.29,10.29,100,0
2016-06-29,22:00:00,10.32,10.32,10.32,10.32,200,0
2016-06-30,15:35:00,10.33,10.33,10.33,10.33,200,0
2016-06-30,15:50:00,10.69,10.69,10.65,10.65,200,0
2016-06-30,16:00:00,10.56,10.56,10.56,10.56,200,0
2016-06-30,16:05:00,10.23,10.23,10.23,10.23,500,0
2016-06-30,16:10:00,10.3,10.62,10.3,10.62,600,0
2016-06-30,16:30:00,10.46,10.46,10.46,10.46,100,0
2016-06-30,16:40:00,10.48,10.48,10.48,10.48,100,0
2016-06-30,16:50:00,10.59,10.59,10.59,10.59,100,0
2016-06-30,17:10:00,10.58,10.58,10.58,10.58,100,0
2016-06-30,17:15:00,10.56,10.56,10.56,10.56,100,0
2016-06-30,17:25:00,10.56,10.56,10.56,10.56,100,0
2016-06-30,17:50:00,10.5399,10.5399,10.5399,10.5399,100,0
2016-06-30,18:05:00,10.4341,10.4341,10.4341,10.4341,100,0
2016-06-30,18:10:00,10.5,10.505,10.5,10.505,200,0
2016-06-30,18:30:00,10.38,10.5,10.38,10.5,300,0
2016-06-30,18:50:00,10.5799,10.5799,10.5799,10.5799,100,0
2016-06-30,19:10:00,10.5899,10.5899,10.5899,10.5899,100,0
2016-06-30,19:35:00,10.59,10.59,10.59,10.59,100,0
2016-06-30,20:10:00,10.6199,10.62,10.6199,10.62,200,0
2016-06-30,20:30:00,10.5,10.61,10.4999,10.61,9980,0
2016-06-30,20:50:00,10.6199,10.6199,10.52,10.52,200,0
2016-06-30,21:00:00,10.52,10.52,10.52,10.52,100,0
2016-06-30,21:10:00,10.62,10.62,10.62,10.62,100,0
2016-06-30,21:20:00,10.53,10.53,10.53,10.53,100,0
2016-06-30,21:30:00,10.6199,10.6199,10.6199,10.6199,100,0
2016-06-30,21:45:00,10.62,10.62,10.62,10.62,200,0
2016-06-30,21:50:00,10.53,10.53,10.53,10.53,100,0
2016-06-30,21:55:00,10.55,10.58,10.55,10.58,200,0
2016-06-30,22:00:00,10.59,10.65,10.59,10.62,3878,0
2016-07-01,15:35:00,10.58,10.58,10.58,10.58,312,0
2016-07-01,16:20:00,10.73,10.96,10.73,10.96,300,0
2016-07-01,16:35:00,10.98,10.98,10.98,10.98,100,0
2016-07-01,16:40:00,10.98,11,10.98,10.985,1598,0
2016-07-01,16:50:00,10.87,10.87,10.87,10.87,100,0
2016-07-01,16:55:00,10.87,10.87,10.78,10.78,1048,0
2016-07-01,17:10:00,10.72,10.72,10.72,10.72,100,0
2016-07-01,17:25:00,10.8,10.8499,10.8,10.84,300,0
2016-07-01,17:30:00,10.83,10.83,10.83,10.83,300,0
2016-07-01,17:35:00,10.6601,10.6601,10.65,10.65,360,0
2016-07-01,17:40:00,10.8201,10.835,10.8201,10.835,200,0
2016-07-01,17:45:00,10.82,10.82,10.82,10.82,100,0
2016-07-01,17:50:00,10.77,10.7799,10.77,10.7799,200,0
2016-07-01,17:55:00,10.8,10.8,10.8,10.8,100,0
2016-07-01,18:00:00,10.77,10.77,10.77,10.77,100,0
2016-07-01,18:10:00,10.85,10.85,10.85,10.85,100,0
2016-07-01,18:40:00,10.76,10.76,10.76,10.76,100,0
2016-07-01,18:45:00,10.77,10.77,10.75,10.75,200,0
2016-07-01,19:05:00,10.75,10.75,10.75,10.75,100,0
2016-07-01,19:10:00,10.71,10.71,10.71,10.71,400,0
2016-07-01,19:15:00,10.6849,10.6849,10.67,10.67,367,0
2016-07-01,19:20:00,10.66,10.66,10.66,10.66,290,0
2016-07-01,19:25:00,10.65,10.65,10.65,10.65,100,0
2016-07-01,19:40:00,10.7,10.7,10.7,10.7,100,0
2016-07-01,20:20:00,10.65,10.65,10.65,10.65,125,0
2016-07-01,20:50:00,10.71,10.71,10.71,10.71,100,0
2016-07-01,21:00:00,10.65,10.65,10.65,10.65,100,0
2016-07-01,21:40:00,10.71,10.71,10.674,10.6999,10100,0
2016-07-01,21:50:00,10.7,10.7,10.7,10.7,100,0
2016-07-01,21:55:00,10.7,10.7,10.7,10.7,200,0
2016-07-01,22:00:00,10.66,10.69,10.66,10.69,300,0
2016-07-05,15:40:00,10.5,10.55,10.46,10.55,10600,0
2016-07-05,16:05:00,10.49,10.5,10.49,10.5,1100,0
2016-07-05,16:30:00,10.4,10.4,10.4,10.4,10100,0
2016-07-05,17:20:00,10.45,10.45,10.45,10.45,100,0
2016-07-05,18:15:00,10.3999,10.4,10.3999,10.3999,1800,0
2016-07-05,18:20:00,10.4,10.4,10.4,10.4,100,0
2016-07-05,18:50:00,10.35,10.35,10.35,10.35,100,0
2016-07-05,18:55:00,10.4,10.4,10.4,10.4,100,0
2016-07-05,19:05:00,10.4,10.4,10.4,10.4,100,0
2016-07-05,19:20:00,10.42,10.42,10.42,10.42,100,0
2016-07-05,19:35:00,10.45,10.4989,10.45,10.495,1160,0
2016-07-05,21:00:00,10.5,10.5,10.5,10.5,100,0
2016-07-05,21:10:00,10.6,10.6,10.6,10.6,100,0
2016-07-05,21:35:00,10.6789,10.6789,10.6789,10.6789,100,0
2016-07-05,22:00:00,10.67,10.67,10.67,10.67,100,0
2016-07-06,16:05:00,10.62,10.67,10.58,10.67,700,0
2016-07-06,16:10:00,10.65,10.65,10.6,10.6,3973,0
2016-07-06,16:15:00,10.59,10.59,10.59,10.59,400,0
2016-07-06,16:20:00,10.61,10.61,10.61,10.61,112,0
2016-07-06,16:30:00,10.62,10.62,10.62,10.62,100,0
2016-07-06,16:35:00,10.61,10.61,10.61,10.61,100,0
2016-07-06,16:45:00,10.6299,10.6299,10.6299,10.6299,128,0
2016-07-06,17:30:00,10.65,10.67,10.631,10.67,1600,0
2016-07-06,17:35:00,10.67,10.67,10.67,10.67,100,0
2016-07-06,17:40:00,10.65,10.65,10.6405,10.6405,600,0
2016-07-06,18:00:00,10.65,10.65,10.64,10.64,300,0
2016-07-06,18:05:00,10.65,10.67,10.65,10.67,200,0
2016-07-06,18:30:00,10.67,10.67,10.67,10.67,100,0
2016-07-06,19:05:00,10.65,10.65,10.65,10.65,100,0
2016-07-06,19:20:00,10.635,10.635,10.635,10.635,1000,0
2016-07-06,19:50:00,10.66,10.66,10.66,10.66,100,0
2016-07-06,19:55:00,10.67,10.67,10.65,10.65,200,0
2016-07-06,20:10:00,10.65,10.65,10.65,10.65,100,0
2016-07-06,20:15:00,10.67,10.67,10.65,10.65,200,0
2016-07-06,20:20:00,10.5901,10.5901,10.5901,10.5901,171,0
2016-07-06,20:25:00,10.67,10.67,10.67,10.67,200,0
2016-07-06,20:30:00,10.65,10.65,10.65,10.65,100,0
2016-07-06,20:35:00,10.64,10.65,10.64,10.65,400,0
2016-07-06,20:40:00,10.66,10.66,10.66,10.66,100,0
2016-07-06,20:50:00,10.67,10.67,10.67,10.67,200,0
2016-07-06,20:55:00,10.67,10.67,10.67,10.67,100,0
2016-07-06,21:45:00,10.67,10.67,10.67,10.67,100,0
2016-07-06,21:50:00,10.625,10.625,10.625,10.625,100,0
2016-07-06,22:00:00,10.67,10.67,10.66,10.66,300,0
2016-07-07,15:35:00,10.66,10.66,10.652,10.652,5886,0
2016-07-07,15:55:00,10.81,10.81,10.81,10.81,800,0
2016-07-07,16:00:00,10.91,10.91,10.91,10.91,200,0
2016-07-07,16:10:00,10.82,10.82,10.8,10.8,600,0
2016-07-07,16:15:00,10.8107,10.8107,10.8107,10.8107,171,0
2016-07-07,16:20:00,10.84,10.84,10.84,10.84,100,0
2016-07-07,16:25:00,10.7901,10.7901,10.79,10.79,336,0
2016-07-07,17:00:00,10.7401,10.7401,10.7401,10.7401,100,0
2016-07-07,17:05:00,10.88,10.88,10.88,10.88,100,0
2016-07-07,17:35:00,10.8301,10.8301,10.8301,10.8301,100,0
2016-07-07,17:40:00,10.8,10.88,10.8,10.88,500,0
2016-07-07,18:00:00,10.8889,11,10.887,10.99,1364,0
2016-07-07,18:15:00,10.94,10.94,10.94,10.94,100,0
2016-07-07,18:25:00,10.8201,10.94,10.8201,10.94,200,0
2016-07-07,18:35:00,10.91,10.94,10.9,10.94,1200,0
2016-07-07,18:50:00,10.872,10.872,10.872,10.872,500,0
2016-07-07,19:05:00,10.89,10.89,10.89,10.89,100,0
2016-07-07,19:10:00,10.89,10.89,10.89,10.89,100,0
2016-07-07,19:15:00,10.7901,10.7901,10.7901,10.7901,100,0
2016-07-07,19:30:00,10.868,10.868,10.868,10.868,237,0
2016-07-07,19:35:00,10.91,10.91,10.91,10.91,100,0
2016-07-07,19:40:00,10.91,10.91,10.91,10.91,100,0
2016-07-07,20:00:00,10.9,10.9,10.9,10.9,100,0
2016-07-07,20:25:00,10.885,10.885,10.885,10.885,226,0
2016-07-07,20:55:00,10.8401,10.91,10.8401,10.91,400,0
2016-07-07,21:35:00,10.94,10.94,10.94,10.94,100,0
2016-07-07,21:40:00,10.94,10.94,10.93,10.94,800,0
2016-07-07,21:55:00,10.91,10.91,10.91,10.91,100,0
2016-07-07,22:00:00,10.91,10.91,10.9099,10.91,500,0
2016-07-08,15:35:00,11,11,11,11,110,0
2016-07-08,15:40:00,10.99,10.99,10.99,10.99,100,0
2016-07-08,15:55:00,11,11,11,11,100,0
2016-07-08,16:10:00,11,11.13,11,11.13,700,0
2016-07-08,16:15:00,11.13,11.34,11.13,11.34,1700,0
2016-07-08,16:20:00,11.38,11.415,11.25,11.34,2200,0
2016-07-08,16:30:00,11.38,11.38,11.2001,11.3025,900,0
2016-07-08,16:40:00,11.31,11.31,11.31,11.31,100,0
2016-07-08,16:45:00,11.31,11.32,11.31,11.32,200,0
2016-07-08,17:20:00,11.26,11.26,11.26,11.26,100,0
2016-07-08,18:20:00,11.26,11.26,11.26,11.26,200,0
2016-07-08,18:30:00,11.335,11.337,11.335,11.337,300,0
2016-07-08,19:05:00,11.27,11.28,11.27,11.27,600,0
2016-07-08,19:10:00,11.27,11.27,11.27,11.27,100,0
2016-07-08,19:45:00,11.2599,11.26,11.2599,11.26,2100,0
2016-07-08,19:55:00,11.13,11.13,11.13,11.13,200,0
2016-07-08,20:05:00,11.27,11.27,11.27,11.27,100,0
2016-07-08,21:00:00,11.26,11.2692,11.26,11.2692,500,0
2016-07-08,21:50:00,11.24,11.24,11.215,11.23,900,0
2016-07-08,21:55:00,11.23,11.23,11.23,11.23,1771,0
2016-07-08,22:00:00,11.25,11.25,11.23,11.23,250,0
