Date,Time,Open,High,Low,Close,Volume,OpenInt
2016-06-22,15:35:00,2.58,2.58,2.56,2.56,92852,0
2016-06-22,15:40:00,2.56,2.57,2.56,2.57,8155,0
2016-06-22,15:45:00,2.56,2.575,2.56,2.5698,338095,0
2016-06-22,15:50:00,2.5681,2.58,2.56,2.569,757714,0
2016-06-22,15:55:00,2.5643,2.58,2.55,2.555,400656,0
2016-06-22,16:00:00,2.555,2.56,2.55,2.555,24012,0
2016-06-22,16:05:00,2.555,2.56,2.55,2.5599,110582,0
2016-06-22,16:10:00,2.56,2.565,2.55,2.55,1465381,0
2016-06-22,16:15:00,2.555,2.57,2.555,2.57,269212,0
2016-06-22,16:20:00,2.57,2.57,2.54,2.5444,731636,0
2016-06-22,16:25:00,2.5499,2.55,2.54,2.545,8400,0
2016-06-22,16:30:00,2.545,2.55,2.54,2.54,17576,0
2016-06-22,16:35:00,2.54,2.545,2.54,2.54,45386,0
2016-06-22,16:40:00,2.54,2.55,2.54,2.54,9521,0
2016-06-22,16:45:00,2.54,2.565,2.54,2.5543,528432,0
2016-06-22,16:50:00,2.55,2.56,2.55,2.555,242986,0
2016-06-22,16:55:00,2.555,2.56,2.54,2.54,502449,0
2016-06-22,17:00:00,2.54,2.55,2.54,2.545,158233,0
2016-06-22,17:05:00,2.54,2.55,2.54,2.545,14150,0
2016-06-22,17:10:00,2.54,2.55,2.54,2.545,8384,0
2016-06-22,17:15:00,2.545,2.545,2.53,2.53,125714,0
2016-06-22,17:20:00,2.54,2.54,2.53,2.535,15000,0
2016-06-22,17:25:00,2.535,2.55,2.53,2.54,672973,0
2016-06-22,17:30:00,2.54,2.55,2.54,2.55,75284,0
2016-06-22,17:35:00,2.55,2.55,2.54,2.545,6900,0
2016-06-22,17:40:00,2.55,2.55,2.54,2.55,6600,0
2016-06-22,17:45:00,2.54,2.55,2.54,2.545,36208,0
2016-06-22,17:50:00,2.545,2.55,2.54,2.545,17400,0
2016-06-22,17:55:00,2.55,2.55,2.54,2.545,11100,0
2016-06-22,18:00:00,2.55,2.55,2.54,2.54,5800,0
2016-06-22,18:05:00,2.545,2.55,2.54,2.54,26000,0
2016-06-22,18:10:00,2.545,2.55,2.53,2.535,178357,0
2016-06-22,18:15:00,2.53,2.54,2.53,2.53,4200,0
2016-06-22,18:20:00,2.53,2.54,2.53,2.53,3100,0
2016-06-22,18:25:00,2.535,2.54,2.53,2.53,67600,0
2016-06-22,18:30:00,2.53,2.54,2.53,2.53,3477,0
2016-06-22,18:35:00,2.54,2.54,2.53,2.54,59950,0
2016-06-22,18:40:00,2.54,2.54,2.53,2.53,18373,0
2016-06-22,18:45:00,2.54,2.54,2.52,2.5201,454880,0
2016-06-22,18:50:00,2.525,2.53,2.505,2.515,427892,0
2016-06-22,18:55:00,2.51,2.53,2.51,2.52,488338,0
2016-06-22,19:00:00,2.525,2.54,2.52,2.535,354846,0
2016-06-22,19:05:00,2.535,2.54,2.53,2.535,66437,0
2016-06-22,19:10:00,2.53,2.54,2.52,2.53,82663,0
2016-06-22,19:15:00,2.52,2.53,2.52,2.53,6000,0
2016-06-22,19:20:00,2.52,2.53,2.52,2.53,20000,0
2016-06-22,19:25:00,2.52,2.54,2.52,2.54,242951,0
2016-06-22,19:30:00,2.53,2.54,2.52,2.525,229562,0
2016-06-22,19:35:00,2.52,2.53,2.51,2.52,132653,0
2016-06-22,19:40:00,2.515,2.53,2.51,2.53,366928,0
2016-06-22,19:45:00,2.53,2.54,2.52,2.525,662288,0
2016-06-22,19:50:00,2.525,2.53,2.52,2.525,11830,0
2016-06-22,19:55:00,2.53,2.53,2.52,2.525,16783,0
2016-06-22,20:00:00,2.52,2.53,2.52,2.525,13820,0
2016-06-22,20:05:00,2.53,2.53,2.52,2.53,9400,0
2016-06-22,20:10:00,2.53,2.53,2.52,2.52,41474,0
2016-06-22,20:15:00,2.52,2.53,2.52,2.53,121400,0
2016-06-22,20:20:00,2.525,2.53,2.52,2.53,251496,0
2016-06-22,20:25:00,2.525,2.54,2.52,2.535,198230,0
2016-06-22,20:30:00,2.535,2.54,2.53,2.54,211161,0
2016-06-22,20:35:00,2.54,2.54,2.5308,2.54,10600,0
2016-06-22,20:40:00,2.535,2.54,2.53,2.54,29383,0
2016-06-22,20:45:00,2.535,2.54,2.535,2.535,5550,0
2016-06-22,20:50:00,2.535,2.54,2.53,2.54,9343,0
2016-06-22,20:55:00,2.54,2.54,2.535,2.535,5530,0
2016-06-22,21:00:00,2.54,2.54,2.53,2.535,15800,0
2016-06-22,21:05:00,2.535,2.54,2.53,2.535,22700,0
2016-06-22,21:10:00,2.54,2.54,2.53,2.54,10000,0
2016-06-22,21:15:00,2.54,2.54,2.53,2.535,24000,0
2016-06-22,21:20:00,2.54,2.54,2.53,2.54,18100,0
2016-06-22,21:25:00,2.535,2.54,2.53,2.535,24200,0
2016-06-22,21:30:00,2.54,2.54,2.53,2.54,12000,0
2016-06-22,21:35:00,2.54,2.54,2.53,2.535,25700,0
2016-06-22,21:40:00,2.535,2.54,2.53,2.54,26166,0
2016-06-22,21:45:00,2.53,2.54,2.53,2.54,28191,0
2016-06-22,21:50:00,2.535,2.54,2.53,2.535,65747,0
2016-06-22,21:55:00,2.535,2.535,2.52,2.525,318497,0
2016-06-22,22:00:00,2.525,2.545,2.52,2.54,1422484,0
2016-06-23,15:35:00,2.55,2.56,2.55,2.556,34187,0
2016-06-23,15:40:00,2.55,2.55,2.54,2.54,19727,0
2016-06-23,15:45:00,2.54,2.55,2.53,2.54,800958,0
2016-06-23,15:50:00,2.54,2.55,2.53,2.54,240720,0
2016-06-23,15:55:00,2.54,2.55,2.54,2.54,22050,0
2016-06-23,16:00:00,2.54,2.56,2.54,2.555,80237,0
2016-06-23,16:05:00,2.5581,2.56,2.54,2.56,1497901,0
2016-06-23,16:10:00,2.55,2.56,2.55,2.56,6400,0
2016-06-23,16:15:00,2.56,2.56,2.55,2.56,2700,0
2016-06-23,16:20:00,2.56,2.56,2.55,2.56,2727,0
2016-06-23,16:25:00,2.56,2.56,2.55,2.56,6379,0
2016-06-23,16:30:00,2.55,2.56,2.54,2.545,177485,0
2016-06-23,16:35:00,2.545,2.55,2.54,2.545,12700,0
2016-06-23,16:40:00,2.545,2.55,2.54,2.545,4800,0
2016-06-23,16:45:00,2.545,2.55,2.54,2.545,59933,0
2016-06-23,16:50:00,2.54,2.545,2.53,2.535,45904,0
2016-06-23,16:55:00,2.53,2.56,2.53,2.5501,948314,0
2016-06-23,17:00:00,2.55,2.57,2.55,2.565,1555075,0
2016-06-23,17:05:00,2.57,2.57,2.56,2.565,3800,0
2016-06-23,17:10:00,2.5601,2.58,2.56,2.575,485381,0
2016-06-23,17:15:00,2.58,2.58,2.575,2.575,19229,0
2016-06-23,17:20:00,2.58,2.58,2.57,2.58,173752,0
2016-06-23,17:25:00,2.58,2.59,2.5744,2.5856,351363,0
2016-06-23,17:30:00,2.5856,2.59,2.581,2.59,52174,0
2016-06-23,17:35:00,2.59,2.6,2.58,2.5901,304810,0
2016-06-23,17:40:00,2.595,2.6,2.59,2.6,397802,0
2016-06-23,17:45:00,2.6,2.6,2.5946,2.5946,3900,0
2016-06-23,17:50:00,2.6,2.61,2.59,2.61,686225,0
2016-06-23,17:55:00,2.61,2.61,2.603,2.61,13832,0
2016-06-23,18:00:00,2.61,2.61,2.601,2.605,113200,0
2016-06-23,18:05:00,2.605,2.61,2.6,2.605,166049,0
2016-06-23,18:10:00,2.6,2.61,2.6,2.61,81098,0
2016-06-23,18:15:00,2.61,2.61,2.6038,2.61,2500,0
2016-06-23,18:20:00,2.61,2.61,2.6,2.605,109813,0
2016-06-23,18:25:00,2.605,2.61,2.6,2.6038,12301,0
2016-06-23,18:30:00,2.61,2.61,2.605,2.605,21976,0
2016-06-23,18:35:00,2.61,2.61,2.6,2.61,43800,0
2016-06-23,18:40:00,2.61,2.61,2.6,2.61,18399,0
2016-06-23,18:45:00,2.61,2.61,2.6,2.61,12200,0
2016-06-23,18:50:00,2.61,2.61,2.605,2.61,27013,0
2016-06-23,18:55:00,2.61,2.61,2.6007,2.61,7236,0
2016-06-23,19:00:00,2.61,2.61,2.6,2.61,309943,0
2016-06-23,19:05:00,2.61,2.625,2.6,2.615,866454,0
2016-06-23,19:10:00,2.615,2.615,2.61,2.615,10078,0
2016-06-23,19:15:00,2.615,2.62,2.61,2.615,15886,0
2016-06-23,19:20:00,2.615,2.615,2.6,2.605,122322,0
2016-06-23,19:25:00,2.605,2.61,2.6,2.605,24199,0
2016-06-23,19:30:00,2.605,2.605,2.6,2.6,22000,0
2016-06-23,19:35:00,2.61,2.61,2.5818,2.595,928634,0
2016-06-23,19:40:00,2.595,2.595,2.59,2.595,8777,0
2016-06-23,19:45:00,2.6,2.6,2.595,2.595,7900,0
2016-06-23,19:50:00,2.595,2.6,2.59,2.595,11655,0
2016-06-23,19:55:00,2.6,2.6,2.59,2.59,5900,0
2016-06-23,20:00:00,2.6,2.6,2.59,2.6,51496,0
2016-06-23,20:05:00,2.5942,2.6,2.59,2.6,86447,0
2016-06-23,20:10:00,2.6,2.6,2.59,2.595,13759,0
2016-06-23,20:15:00,2.6,2.6,2.59,2.59,84914,0
2016-06-23,20:20:00,2.59,2.5999,2.58,2.585,218684,0
2016-06-23,20:25:00,2.58,2.585,2.58,2.58,5900,0
2016-06-23,20:30:00,2.585,2.585,2.58,2.585,4108,0
2016-06-23,20:35:00,2.58,2.585,2.58,2.58,4379,0
2016-06-23,20:40:00,2.58,2.5899,2.58,2.585,7120,0
2016-06-23,20:45:00,2.585,2.585,2.58,2.585,9021,0
2016-06-23,20:50:00,2.58,2.59,2.58,2.585,57381,0
2016-06-23,20:55:00,2.585,2.59,2.58,2.5844,355591,0
2016-06-23,21:00:00,2.585,2.6,2.585,2.59,559826,0
2016-06-23,21:05:00,2.59,2.595,2.58,2.585,106243,0
2016-06-23,21:10:00,2.585,2.585,2.58,2.58,15400,0
2016-06-23,21:15:00,2.585,2.59,2.57,2.57,134487,0
2016-06-23,21:20:00,2.575,2.575,2.57,2.575,14050,0
2016-06-23,21:25:00,2.575,2.575,2.57,2.57,13000,0
2016-06-23,21:30:00,2.57,2.58,2.57,2.57,14900,0
2016-06-23,21:35:00,2.58,2.58,2.57,2.58,280537,0
2016-06-23,21:40:00,2.5701,2.58,2.56,2.56,376153,0
2016-06-23,21:45:00,2.56,2.5699,2.56,2.565,43033,0
2016-06-23,21:50:00,2.56,2.58,2.56,2.57,460374,0
2016-06-23,21:55:00,2.57,2.57,2.55,2.55,451986,0
2016-06-23,22:00:00,2.55,2.56,2.54,2.55,1145869,0
2016-06-24,15:35:00,2.42,2.47,2.42,2.47,205200,0
2016-06-24,15:40:00,2.465,2.47,2.46,2.465,77319,0
2016-06-24,15:45:00,2.465,2.49,2.46,2.475,195381,0
2016-06-24,15:50:00,2.48,2.48,2.46,2.46,52161,0
2016-06-24,15:55:00,2.46,2.47,2.46,2.46,54649,0
2016-06-24,16:00:00,2.46,2.48,2.46,2.477,83714,0
2016-06-24,16:05:00,2.47,2.48,2.47,2.475,331750,0
2016-06-24,16:10:00,2.48,2.49,2.4744,2.48,425255,0
2016-06-24,16:15:00,2.48,2.5,2.48,2.495,833892,0
2016-06-24,16:20:00,2.49,2.5,2.49,2.495,55397,0
2016-06-24,16:25:00,2.49,2.5,2.48,2.485,155152,0
2016-06-24,16:30:00,2.4828,2.49,2.465,2.4844,405071,0
2016-06-24,16:35:00,2.485,2.495,2.48,2.48,462571,0
2016-06-24,16:40:00,2.48,2.49,2.48,2.4899,23548,0
2016-06-24,16:45:00,2.4899,2.49,2.48,2.485,15360,0
2016-06-24,16:50:00,2.48,2.49,2.48,2.48,19518,0
2016-06-24,16:55:00,2.4818,2.49,2.48,2.48,9700,0
2016-06-24,17:00:00,2.49,2.49,2.48,2.48,48977,0
2016-06-24,17:05:00,2.48,2.485,2.48,2.48,9994,0
2016-06-24,17:10:00,2.48,2.485,2.47,2.47,165811,0
2016-06-24,17:15:00,2.47,2.48,2.47,2.475,66118,0
2016-06-24,17:20:00,2.47,2.4788,2.46,2.46,241085,0
2016-06-24,17:25:00,2.46,2.47,2.46,2.46,17036,0
2016-06-24,17:30:00,2.46,2.47,2.46,2.46,13900,0
2016-06-24,17:35:00,2.46,2.48,2.46,2.48,169987,0
2016-06-24,17:40:00,2.48,2.48,2.46,2.46,192673,0
2016-06-24,17:45:00,2.465,2.47,2.46,2.47,14100,0
2016-06-24,17:50:00,2.47,2.49,2.46,2.465,274715,0
2016-06-24,17:55:00,2.4667,2.47,2.46,2.46,39740,0
2016-06-24,18:00:00,2.46,2.47,2.46,2.465,36317,0
2016-06-24,18:05:00,2.465,2.47,2.46,2.46,29600,0
2016-06-24,18:10:00,2.465,2.47,2.45,2.45,132483,0
2016-06-24,18:15:00,2.455,2.455,2.43,2.44,374987,0
2016-06-24,18:20:00,2.44,2.45,2.44,2.44,69538,0
2016-06-24,18:25:00,2.445,2.45,2.44,2.44,3600,0
2016-06-24,18:30:00,2.44,2.448,2.44,2.445,6948,0
2016-06-24,18:35:00,2.45,2.45,2.43,2.43,114234,0
2016-06-24,18:40:00,2.435,2.4499,2.43,2.44,473593,0
2016-06-24,18:45:00,2.44,2.445,2.43,2.435,172861,0
2016-06-24,18:50:00,2.44,2.44,2.43,2.43,182450,0
2016-06-24,18:55:00,2.435,2.44,2.43,2.435,156947,0
2016-06-24,19:00:00,2.435,2.44,2.43,2.435,177650,0
2016-06-24,19:05:00,2.435,2.44,2.43,2.435,79600,0
2016-06-24,19:10:00,2.44,2.44,2.43,2.43,57116,0
2016-06-24,19:15:00,2.44,2.44,2.43,2.435,33500,0
2016-06-24,19:20:00,2.435,2.44,2.42,2.435,362698,0
2016-06-24,19:25:00,2.435,2.4357,2.42,2.425,171902,0
2016-06-24,19:30:00,2.425,2.43,2.425,2.425,24669,0
2016-06-24,19:35:00,2.43,2.45,2.4299,2.44,708457,0
2016-06-24,19:40:00,2.445,2.45,2.43,2.45,837887,0
2016-06-24,19:45:00,2.45,2.45,2.4444,2.45,141706,0
2016-06-24,19:50:00,2.45,2.4556,2.44,2.445,287593,0
2016-06-24,19:55:00,2.445,2.45,2.445,2.445,6348,0
2016-06-24,20:00:00,2.445,2.45,2.43,2.435,161296,0
2016-06-24,20:05:00,2.435,2.45,2.43,2.435,1330853,0
2016-06-24,20:10:00,2.435,2.44,2.43,2.435,41540,0
2016-06-24,20:15:00,2.44,2.44,2.435,2.435,52100,0
2016-06-24,20:20:00,2.435,2.44,2.42,2.425,188038,0
2016-06-24,20:25:00,2.425,2.43,2.42,2.42,96431,0
2016-06-24,20:30:00,2.4249,2.43,2.42,2.425,40089,0
2016-06-24,20:35:00,2.425,2.43,2.42,2.43,27384,0
2016-06-24,20:40:00,2.43,2.43,2.42,2.43,74300,0
2016-06-24,20:45:00,2.43,2.44,2.42,2.4243,936604,0
2016-06-24,20:50:00,2.425,2.43,2.42,2.4299,21400,0
2016-06-24,20:55:00,2.425,2.44,2.42,2.42,717099,0
2016-06-24,21:00:00,2.425,2.4356,2.42,2.425,293277,0
2016-06-24,21:05:00,2.425,2.44,2.42,2.43,485484,0
2016-06-24,21:10:00,2.435,2.44,2.43,2.44,71842,0
2016-06-24,21:15:00,2.44,2.44,2.4316,2.44,33866,0
2016-06-24,21:20:00,2.44,2.44,2.43,2.43,21227,0
2016-06-24,21:25:00,2.44,2.44,2.43,2.43,189421,0
2016-06-24,21:30:00,2.43,2.43,2.42,2.425,148290,0
2016-06-24,21:35:00,2.425,2.44,2.4204,2.43,1162426,0
2016-06-24,21:40:00,2.425,2.44,2.42,2.425,527839,0
2016-06-24,21:45:00,2.425,2.43,2.42,2.42,44097,0
2016-06-24,21:50:00,2.425,2.43,2.42,2.43,37099,0
2016-06-24,21:55:00,2.42,2.43,2.42,2.43,145322,0
2016-06-24,22:00:00,2.43,2.45,2.42,2.43,1643801,0
2016-06-27,15:35:00,2.4,2.41,2.4,2.41,95547,0
2016-06-27,15:40:00,2.405,2.41,2.4,2.4,86592,0
2016-06-27,15:45:00,2.4,2.405,2.38,2.39,142859,0
2016-06-27,15:50:00,2.38,2.39,2.37,2.37,30909,0
2016-06-27,15:55:00,2.37,2.38,2.37,2.37,18500,0
2016-06-27,16:00:00,2.37,2.38,2.37,2.3799,170089,0
2016-06-27,16:05:00,2.375,2.38,2.37,2.375,169684,0
2016-06-27,16:10:00,2.375,2.38,2.37,2.375,64155,0
2016-06-27,16:15:00,2.38,2.38,2.37,2.38,33988,0
2016-06-27,16:20:00,2.375,2.38,2.37,2.37,46454,0
2016-06-27,16:25:00,2.37,2.38,2.37,2.375,122402,0
2016-06-27,16:30:00,2.375,2.38,2.35,2.35,219904,0
2016-06-27,16:35:00,2.35,2.36,2.35,2.355,13551,0
2016-06-27,16:40:00,2.355,2.36,2.35,2.35,26732,0
2016-06-27,16:45:00,2.353,2.36,2.32,2.32,246178,0
2016-06-27,16:50:00,2.32,2.33,2.32,2.325,97780,0
2016-06-27,16:55:00,2.325,2.33,2.3,2.305,422399,0
2016-06-27,17:00:00,2.31,2.31,2.29,2.305,425202,0
2016-06-27,17:05:00,2.309,2.31,2.29,2.31,1026498,0
2016-06-27,17:10:00,2.3,2.31,2.27,2.3001,879186,0
2016-06-27,17:15:00,2.301,2.31,2.29,2.29,637497,0
2016-06-27,17:20:00,2.3,2.31,2.29,2.31,131938,0
2016-06-27,17:25:00,2.31,2.31,2.28,2.285,1097682,0
2016-06-27,17:30:00,2.29,2.31,2.28,2.3,740805,0
2016-06-27,17:35:00,2.305,2.32,2.3,2.31,1161564,0
2016-06-27,17:40:00,2.3,2.31,2.29,2.295,206944,0
2016-06-27,17:45:00,2.295,2.31,2.29,2.31,367613,0
2016-06-27,17:50:00,2.305,2.31,2.3,2.31,100463,0
2016-06-27,17:55:00,2.305,2.31,2.29,2.31,739553,0
2016-06-27,18:00:00,2.305,2.33,2.305,2.32,650597,0
2016-06-27,18:05:00,2.33,2.34,2.32,2.339,93846,0
2016-06-27,18:10:00,2.34,2.34,2.33,2.34,408989,0
2016-06-27,18:15:00,2.33,2.34,2.315,2.32,245756,0
2016-06-27,18:20:00,2.32,2.33,2.31,2.325,756217,0
2016-06-27,18:25:00,2.325,2.33,2.31,2.3144,1178693,0
2016-06-27,18:30:00,2.3199,2.34,2.3144,2.325,1218299,0
2016-06-27,18:35:00,2.325,2.34,2.32,2.34,285678,0
2016-06-27,18:40:00,2.34,2.34,2.334,2.34,16456,0
2016-06-27,18:45:00,2.34,2.34,2.33,2.34,18600,0
2016-06-27,18:50:00,2.34,2.34,2.335,2.34,10770,0
2016-06-27,18:55:00,2.34,2.355,2.3399,2.355,99319,0
2016-06-27,19:00:00,2.36,2.37,2.3543,2.37,417627,0
2016-06-27,19:05:00,2.37,2.37,2.36,2.37,313146,0
2016-06-27,19:10:00,2.37,2.37,2.365,2.365,12625,0
2016-06-27,19:15:00,2.37,2.37,2.35,2.355,335820,0
2016-06-27,19:20:00,2.355,2.36,2.35,2.355,20297,0
2016-06-27,19:25:00,2.355,2.36,2.35,2.355,11297,0
2016-06-27,19:30:00,2.35,2.36,2.35,2.36,6232,0
2016-06-27,19:35:00,2.355,2.36,2.35,2.35,55900,0
2016-06-27,19:40:00,2.35,2.36,2.34,2.34,1366878,0
2016-06-27,19:45:00,2.345,2.35,2.33,2.335,1217010,0
2016-06-27,19:50:00,2.33,2.34,2.32,2.335,324884,0
2016-06-27,19:55:00,2.335,2.34,2.33,2.335,186614,0
2016-06-27,20:00:00,2.335,2.335,2.32,2.325,144123,0
2016-06-27,20:05:00,2.325,2.33,2.32,2.325,26549,0
2016-06-27,20:10:00,2.33,2.33,2.32,2.325,6599,0
2016-06-27,20:15:00,2.33,2.33,2.32,2.325,51951,0
2016-06-27,20:20:00,2.325,2.33,2.32,2.325,83456,0
2016-06-27,20:25:00,2.325,2.33,2.32,2.325,13931,0
2016-06-27,20:30:00,2.32,2.33,2.31,2.32,225691,0
2016-06-27,20:35:00,2.32,2.33,2.3199,2.325,676966,0
2016-06-27,20:40:00,2.325,2.33,2.32,2.325,226577,0
2016-06-27,20:45:00,2.325,2.33,2.32,2.33,4878,0
2016-06-27,20:50:00,2.33,2.345,2.32,2.34,172971,0
2016-06-27,20:55:00,2.335,2.34,2.33,2.34,54254,0
2016-06-27,21:00:00,2.335,2.35,2.32,2.34,503216,0
2016-06-27,21:05:00,2.335,2.35,2.335,2.35,261445,0
2016-06-27,21:10:00,2.35,2.35,2.345,2.35,18799,0
2016-06-27,21:15:00,2.35,2.35,2.3418,2.35,18020,0
2016-06-27,21:20:00,2.35,2.35,2.34,2.35,114244,0
2016-06-27,21:25:00,2.34,2.35,2.33,2.35,378653,0
2016-06-27,21:30:00,2.349,2.35,2.34,2.35,14073,0
2016-06-27,21:35:00,2.345,2.35,2.341,2.345,9500,0
2016-06-27,21:40:00,2.345,2.35,2.34,2.345,17740,0
2016-06-27,21:45:00,2.34,2.35,2.34,2.345,14776,0
2016-06-27,21:50:00,2.34,2.36,2.34,2.36,288785,0
2016-06-27,21:55:00,2.36,2.36,2.34,2.34,478045,0
2016-06-27,22:00:00,2.345,2.35,2.32,2.32,1126456,0
2016-06-28,15:35:00,2.38,2.3882,2.37,2.37,81425,0
2016-06-28,15:40:00,2.37,2.38,2.36,2.37,229913,0
2016-06-28,15:45:00,2.37,2.38,2.34,2.35,417304,0
2016-06-28,15:50:00,2.36,2.38,2.3544,2.36,602925,0
2016-06-28,15:55:00,2.36,2.37,2.36,2.36,28798,0
2016-06-28,16:00:00,2.36,2.37,2.36,2.36,39286,0
2016-06-28,16:05:00,2.36,2.38,2.36,2.375,122632,0
2016-06-28,16:10:00,2.38,2.38,2.36,2.365,80207,0
2016-06-28,16:15:00,2.3663,2.37,2.36,2.36,58610,0
2016-06-28,16:20:00,2.36,2.37,2.36,2.36,27683,0
2016-06-28,16:25:00,2.36,2.37,2.36,2.36,182179,0
2016-06-28,16:30:00,2.365,2.37,2.36,2.36,19861,0
2016-06-28,16:35:00,2.37,2.37,2.36,2.36,23500,0
2016-06-28,16:40:00,2.36,2.37,2.36,2.37,20518,0
2016-06-28,16:45:00,2.36,2.37,2.36,2.37,33052,0
2016-06-28,16:50:00,2.36,2.37,2.36,2.365,126102,0
2016-06-28,16:55:00,2.36,2.37,2.36,2.365,26160,0
2016-06-28,17:00:00,2.365,2.37,2.36,2.36,20333,0
2016-06-28,17:05:00,2.36,2.37,2.36,2.36,23735,0
2016-06-28,17:10:00,2.36,2.37,2.35,2.35,89496,0
2016-06-28,17:15:00,2.35,2.36,2.35,2.35,31915,0
2016-06-28,17:20:00,2.35,2.36,2.35,2.35,28615,0
2016-06-28,17:25:00,2.35,2.36,2.35,2.35,14900,0
2016-06-28,17:30:00,2.355,2.36,2.35,2.35,51004,0
2016-06-28,17:35:00,2.355,2.36,2.35,2.35,42048,0
2016-06-28,17:40:00,2.35,2.36,2.35,2.36,15200,0
2016-06-28,17:45:00,2.35,2.36,2.35,2.355,16300,0
2016-06-28,17:50:00,2.35,2.36,2.35,2.36,22907,0
2016-06-28,17:55:00,2.355,2.37,2.35,2.36,726344,0
2016-06-28,18:00:00,2.365,2.37,2.36,2.3642,4300,0
2016-06-28,18:05:00,2.365,2.37,2.36,2.36,15500,0
2016-06-28,18:10:00,2.36,2.37,2.35,2.35,108283,0
2016-06-28,18:15:00,2.355,2.36,2.35,2.35,12700,0
2016-06-28,18:20:00,2.355,2.36,2.35,2.355,13136,0
2016-06-28,18:25:00,2.36,2.36,2.35,2.35,66139,0
2016-06-28,18:30:00,2.35,2.36,2.35,2.355,14535,0
2016-06-28,18:35:00,2.35,2.36,2.35,2.35,24776,0
2016-06-28,18:40:00,2.35,2.36,2.35,2.355,24463,0
2016-06-28,18:45:00,2.355,2.355,2.35,2.35,7700,0
2016-06-28,18:50:00,2.35,2.36,2.35,2.35,33023,0
2016-06-28,18:55:00,2.355,2.36,2.35,2.35,61383,0
2016-06-28,19:00:00,2.35,2.36,2.35,2.3563,10300,0
2016-06-28,19:05:00,2.35,2.36,2.35,2.35,20921,0
2016-06-28,19:10:00,2.35,2.3592,2.34,2.34,506838,0
2016-06-28,19:15:00,2.34,2.35,2.34,2.34,24804,0
2016-06-28,19:20:00,2.34,2.35,2.34,2.345,16300,0
2016-06-28,19:25:00,2.34,2.35,2.34,2.34,26661,0
2016-06-28,19:30:00,2.34,2.35,2.34,2.34,22400,0
2016-06-28,19:35:00,2.34,2.35,2.34,2.34,11500,0
2016-06-28,19:40:00,2.34,2.35,2.34,2.34,21088,0
2016-06-28,19:45:00,2.34,2.35,2.34,2.34,22735,0
2016-06-28,19:50:00,2.35,2.35,2.34,2.34,37268,0
2016-06-28,19:55:00,2.345,2.35,2.34,2.34,123289,0
2016-06-28,20:00:00,2.34,2.35,2.34,2.34,31800,0
2016-06-28,20:05:00,2.34,2.35,2.33,2.335,649199,0
2016-06-28,20:10:00,2.335,2.34,2.33,2.34,29100,0
2016-06-28,20:15:00,2.335,2.34,2.33,2.33,15805,0
2016-06-28,20:20:00,2.335,2.35,2.33,2.35,200389,0
2016-06-28,20:25:00,2.35,2.35,2.34,2.345,40976,0
2016-06-28,20:30:00,2.35,2.36,2.341,2.36,395451,0
2016-06-28,20:35:00,2.355,2.36,2.35,2.355,255074,0
2016-06-28,20:40:00,2.355,2.36,2.35,2.35,10847,0
2016-06-28,20:45:00,2.35,2.355,2.34,2.345,53607,0
2016-06-28,20:50:00,2.34,2.35,2.34,2.34,61136,0
2016-06-28,20:55:00,2.34,2.36,2.34,2.36,314572,0
2016-06-28,21:00:00,2.355,2.37,2.3544,2.37,265669,0
2016-06-28,21:05:00,2.3699,2.379,2.3601,2.37,542343,0
2016-06-28,21:10:00,2.37,2.38,2.369,2.38,190671,0
2016-06-28,21:15:00,2.38,2.38,2.37,2.38,55909,0
2016-06-28,21:20:00,2.38,2.38,2.37,2.37,20583,0
2016-06-28,21:25:00,2.38,2.38,2.36,2.37,117848,0
2016-06-28,21:30:00,2.36,2.37,2.36,2.365,35704,0
2016-06-28,21:35:00,2.36,2.37,2.36,2.37,19081,0
2016-06-28,21:40:00,2.36,2.37,2.36,2.36,26412,0
2016-06-28,21:45:00,2.36,2.37,2.36,2.37,39550,0
2016-06-28,21:50:00,2.37,2.37,2.36,2.37,53495,0
2016-06-28,21:55:00,2.365,2.37,2.36,2.37,49010,0
2016-06-28,22:00:00,2.365,2.37,2.36,2.36,426448,0
2016-06-29,15:35:00,2.41,2.41,2.39,2.395,186412,0
2016-06-29,15:40:00,2.4,2.4,2.37,2.37,94894,0
2016-06-29,15:45:00,2.37,2.39,2.36,2.38,284359,0
2016-06-29,15:50:00,2.39,2.39,2.38,2.385,70140,0
2016-06-29,15:55:00,2.38,2.3897,2.38,2.385,20800,0
2016-06-29,16:00:00,2.38,2.38,2.37,2.375,35707,0
2016-06-29,16:05:00,2.37,2.38,2.37,2.375,14740,0
2016-06-29,16:10:00,2.3799,2.38,2.37,2.375,29776,0
2016-06-29,16:15:00,2.375,2.3879,2.37,2.37,435144,0
2016-06-29,16:20:00,2.37,2.375,2.36,2.365,111300,0
2016-06-29,16:25:00,2.36,2.369,2.36,2.36,33784,0
2016-06-29,16:30:00,2.36,2.37,2.35,2.365,380125,0
2016-06-29,16:35:00,2.37,2.38,2.36,2.36,746842,0
2016-06-29,16:40:00,2.365,2.375,2.36,2.36,360302,0
2016-06-29,16:45:00,2.365,2.38,2.36,2.375,328493,0
2016-06-29,16:50:00,2.38,2.4,2.3744,2.3901,1083613,0
2016-06-29,16:55:00,2.395,2.395,2.38,2.38,278921,0
2016-06-29,17:00:00,2.38,2.385,2.37,2.37,226765,0
2016-06-29,17:05:00,2.37,2.38,2.37,2.3796,171944,0
2016-06-29,17:10:00,2.3799,2.39,2.37,2.37,635700,0
2016-06-29,17:15:00,2.37,2.38,2.37,2.38,25500,0
2016-06-29,17:20:00,2.375,2.38,2.37,2.37,29677,0
2016-06-29,17:25:00,2.37,2.39,2.37,2.381,428462,0
2016-06-29,17:30:00,2.3804,2.39,2.37,2.385,1233227,0
2016-06-29,17:35:00,2.385,2.399,2.38,2.385,457876,0
2016-06-29,17:40:00,2.385,2.39,2.38,2.38,62040,0
2016-06-29,17:45:00,2.38,2.39,2.38,2.38,35475,0
2016-06-29,17:50:00,2.385,2.39,2.38,2.38,60890,0
2016-06-29,17:55:00,2.385,2.4,2.38,2.39,478213,0
2016-06-29,18:00:00,2.395,2.4,2.39,2.395,23040,0
2016-06-29,18:05:00,2.395,2.4,2.39,2.39,28300,0
2016-06-29,18:10:00,2.39,2.41,2.38,2.405,849070,0
2016-06-29,18:15:00,2.4003,2.409,2.39,2.4,963917,0
2016-06-29,18:20:00,2.4,2.41,2.4,2.4,22000,0
2016-06-29,18:25:00,2.4099,2.41,2.4,2.4,38842,0
2016-06-29,18:30:00,2.4,2.415,2.4,2.415,842219,0
2016-06-29,18:35:00,2.415,2.42,2.4,2.4,945503,0
2016-06-29,18:40:00,2.405,2.41,2.4,2.405,16400,0
2016-06-29,18:45:00,2.405,2.41,2.4,2.405,19700,0
2016-06-29,18:50:00,2.405,2.41,2.4,2.41,32400,0
2016-06-29,18:55:00,2.405,2.41,2.4,2.4,58699,0
2016-06-29,19:00:00,2.405,2.41,2.4,2.4,19700,0
2016-06-29,19:05:00,2.4,2.41,2.4,2.4,24300,0
2016-06-29,19:10:00,2.4,2.41,2.38,2.395,375700,0
2016-06-29,19:15:00,2.4,2.4,2.39,2.39,15746,0
2016-06-29,19:20:00,2.391,2.4,2.39,2.39,39955,0
2016-06-29,19:25:00,2.4,2.4,2.39,2.39,14200,0
2016-06-29,19:30:00,2.39,2.42,2.39,2.4121,1199756,0
2016-06-29,19:35:00,2.41,2.415,2.4,2.41,266029,0
2016-06-29,19:40:00,2.405,2.42,2.4,2.41,186117,0
2016-06-29,19:45:00,2.41,2.42,2.4,2.415,286518,0
2016-06-29,19:50:00,2.41,2.42,2.41,2.41,22300,0
2016-06-29,19:55:00,2.41,2.4164,2.41,2.41,18953,0
2016-06-29,20:00:00,2.41,2.42,2.4,2.415,365898,0
2016-06-29,20:05:00,2.415,2.42,2.41,2.415,16600,0
2016-06-29,20:10:00,2.41,2.42,2.41,2.415,24236,0
2016-06-29,20:15:00,2.41,2.42,2.41,2.41,15960,0
2016-06-29,20:20:00,2.41,2.42,2.4,2.41,474508,0
2016-06-29,20:25:00,2.41,2.4299,2.405,2.425,595230,0
2016-06-29,20:30:00,2.42,2.425,2.41,2.415,186834,0
2016-06-29,20:35:00,2.41,2.415,2.41,2.415,14600,0
2016-06-29,20:40:00,2.415,2.4183,2.41,2.41,20580,0
2016-06-29,20:45:00,2.41,2.42,2.41,2.415,43511,0
2016-06-29,20:50:00,2.41,2.43,2.41,2.425,409684,0
2016-06-29,20:55:00,2.42,2.425,2.41,2.415,457152,0
2016-06-29,21:00:00,2.42,2.42,2.41,2.415,34584,0
2016-06-29,21:05:00,2.415,2.425,2.41,2.42,236608,0
2016-06-29,21:10:00,2.42,2.4297,2.41,2.42,415399,0
2016-06-29,21:15:00,2.415,2.4264,2.41,2.42,198618,0
2016-06-29,21:20:00,2.42,2.43,2.42,2.42,14801,0
2016-06-29,21:25:00,2.42,2.425,2.41,2.41,224449,0
2016-06-29,21:30:00,2.41,2.425,2.41,2.415,1242197,0
2016-06-29,21:35:00,2.415,2.42,2.415,2.415,214937,0
2016-06-29,21:40:00,2.415,2.42,2.41,2.42,150710,0
2016-06-29,21:45:00,2.415,2.42,2.41,2.415,86999,0
2016-06-29,21:50:00,2.415,2.42,2.41,2.42,52912,0
2016-06-29,21:55:00,2.42,2.42,2.41,2.415,353670,0
2016-06-29,22:00:00,2.415,2.42,2.41,2.42,581577,0
2016-06-30,15:35:00,2.45,2.45,2.43,2.44,147666,0
2016-06-30,15:40:00,2.44,2.44,2.41,2.43,478729,0
2016-06-30,15:45:00,2.43,2.46,2.43,2.46,578099,0
2016-06-30,15:50:00,2.4599,2.47,2.435,2.4537,1087322,0
2016-06-30,15:55:00,2.46,2.46,2.44,2.4499,201568,0
2016-06-30,16:00:00,2.4499,2.47,2.4443,2.465,494811,0
2016-06-30,16:05:00,2.465,2.48,2.46,2.47,429462,0
2016-06-30,16:10:00,2.47,2.475,2.45,2.475,1616361,0
2016-06-30,16:15:00,2.48,2.49,2.47,2.48,523490,0
2016-06-30,16:20:00,2.485,2.5,2.48,2.4844,288594,0
2016-06-30,16:25:00,2.4899,2.5,2.46,2.4799,923991,0
2016-06-30,16:30:00,2.4794,2.49,2.47,2.4898,784115,0
2016-06-30,16:35:00,2.48,2.52,2.48,2.5045,931447,0
2016-06-30,16:40:00,2.5001,2.5096,2.49,2.49,100776,0
2016-06-30,16:45:00,2.49,2.5,2.49,2.49,34900,0
2016-06-30,16:50:00,2.495,2.5,2.49,2.49,30460,0
2016-06-30,16:55:00,2.49,2.51,2.49,2.5,825532,0
2016-06-30,17:00:00,2.505,2.51,2.5,2.5,68711,0
2016-06-30,17:05:00,2.51,2.51,2.49,2.49,219977,0
2016-06-30,17:10:00,2.49,2.51,2.49,2.505,750004,0
2016-06-30,17:15:00,2.505,2.51,2.5,2.5099,209545,0
2016-06-30,17:20:00,2.5097,2.51,2.5,2.5,54392,0
2016-06-30,17:25:00,2.505,2.51,2.49,2.5,528593,0
2016-06-30,17:30:00,2.5,2.52,2.5,2.51,412763,0
2016-06-30,17:35:00,2.52,2.55,2.51,2.52,879066,0
2016-06-30,17:40:00,2.52,2.53,2.52,2.53,44852,0
2016-06-30,17:45:00,2.52,2.52,2.505,2.505,179362,0
2016-06-30,17:50:00,2.505,2.52,2.5,2.5,404273,0
2016-06-30,17:55:00,2.5,2.51,2.5,2.5,80082,0
2016-06-30,18:00:00,2.5,2.51,2.5,2.5,24510,0
2016-06-30,18:05:00,2.505,2.51,2.5,2.5,17200,0
2016-06-30,18:10:00,2.5,2.505,2.5,2.5,17044,0
2016-06-30,18:15:00,2.5,2.51,2.48,2.5,412221,0
2016-06-30,18:20:00,2.5,2.52,2.5,2.515,165488,0
2016-06-30,18:25:00,2.51,2.52,2.49,2.49,251544,0
2016-06-30,18:30:00,2.49,2.5,2.49,2.49,29504,0
2016-06-30,18:35:00,2.49,2.5,2.4843,2.4996,220740,0
2016-06-30,18:40:00,2.5,2.51,2.495,2.505,172680,0
2016-06-30,18:45:00,2.505,2.51,2.49,2.49,1426927,0
2016-06-30,18:50:00,2.5,2.51,2.49,2.5001,456033,0
2016-06-30,18:55:00,2.5001,2.5057,2.49,2.49,389480,0
2016-06-30,19:00:00,2.49,2.5,2.48,2.49,366122,0
2016-06-30,19:05:00,2.495,2.5,2.48,2.495,1170325,0
2016-06-30,19:10:00,2.49,2.51,2.48,2.5,1262079,0
2016-06-30,19:15:00,2.51,2.51,2.5,2.5,39782,0
2016-06-30,19:20:00,2.5099,2.51,2.5,2.5,74002,0
2016-06-30,19:25:00,2.51,2.51,2.5,2.51,33075,0
2016-06-30,19:30:00,2.505,2.51,2.49,2.4943,182612,0
2016-06-30,19:35:00,2.495,2.51,2.49,2.4962,718283,0
2016-06-30,19:40:00,2.49,2.5,2.49,2.49,37200,0
2016-06-30,19:45:00,2.49,2.5,2.49,2.5,61568,0
2016-06-30,19:50:00,2.495,2.5,2.495,2.495,183263,0
2016-06-30,19:55:00,2.49,2.5,2.49,2.49,20362,0
2016-06-30,20:00:00,2.5,2.5,2.48,2.48,107323,0
2016-06-30,20:05:00,2.48,2.49,2.48,2.485,25325,0
2016-06-30,20:10:00,2.485,2.49,2.48,2.485,24600,0
2016-06-30,20:15:00,2.485,2.49,2.48,2.485,71699,0
2016-06-30,20:20:00,2.485,2.485,2.48,2.48,30500,0
2016-06-30,20:25:00,2.48,2.49,2.48,2.48,26225,0
2016-06-30,20:30:00,2.48,2.49,2.47,2.47,101870,0
2016-06-30,20:35:00,2.47,2.48,2.47,2.475,41010,0
2016-06-30,20:40:00,2.47,2.48,2.47,2.475,47224,0
2016-06-30,20:45:00,2.47,2.5,2.47,2.4901,252226,0
2016-06-30,20:50:00,2.495,2.5,2.48,2.485,359002,0
2016-06-30,20:55:00,2.48,2.49,2.48,2.485,117837,0
2016-06-30,21:00:00,2.48,2.49,2.48,2.49,69997,0
2016-06-30,21:05:00,2.48,2.49,2.48,2.485,86308,0
2016-06-30,21:10:00,2.48,2.49,2.48,2.485,45780,0
2016-06-30,21:15:00,2.485,2.49,2.48,2.48,99684,0
2016-06-30,21:20:00,2.48,2.49,2.48,2.48,105144,0
2016-06-30,21:25:00,2.48,2.49,2.48,2.485,76741,0
2016-06-30,21:30:00,2.485,2.49,2.48,2.48,114445,0
2016-06-30,21:35:00,2.485,2.49,2.48,2.48,188946,0
2016-06-30,21:40:00,2.48,2.51,2.48,2.495,661601,0
2016-06-30,21:45:00,2.495,2.5,2.48,2.485,212061,0
2016-06-30,21:50:00,2.48,2.49,2.47,2.47,359504,0
2016-06-30,21:55:00,2.475,2.49,2.47,2.49,713383,0
2016-06-30,22:00:00,2.485,2.5,2.485,2.49,1292852,0
2016-07-01,15:35:00,2.49,2.49,2.47,2.49,160207,0
2016-07-01,15:40:00,2.49,2.52,2.49,2.49,1002632,0
2016-07-01,15:45:00,2.49,2.5,2.49,2.5,97462,0
2016-07-01,15:50:00,2.5,2.5,2.48,2.48,210008,0
2016-07-01,15:55:00,2.48,2.5,2.48,2.485,1366356,0
2016-07-01,16:00:00,2.48,2.49,2.48,2.48,112040,0
2016-07-01,16:05:00,2.485,2.5,2.48,2.495,291380,0
2016-07-01,16:10:00,2.49,2.5,2.48,2.48,327269,0
2016-07-01,16:15:00,2.48,2.485,2.48,2.48,42180,0
2016-07-01,16:20:00,2.48,2.49,2.48,2.48,42192,0
2016-07-01,16:25:00,2.48,2.485,2.48,2.48,27976,0
2016-07-01,16:30:00,2.48,2.4899,2.48,2.48,77079,0
2016-07-01,16:35:00,2.48,2.49,2.48,2.48,69636,0
2016-07-01,16:40:00,2.48,2.49,2.48,2.48,35600,0
2016-07-01,16:45:00,2.48,2.495,2.48,2.48,434940,0
2016-07-01,16:50:00,2.485,2.5,2.48,2.495,329710,0
2016-07-01,16:55:00,2.5,2.5,2.49,2.495,17456,0
2016-07-01,17:00:00,2.495,2.497,2.49,2.49,20797,0
2016-07-01,17:05:00,2.49,2.5,2.49,2.49,307705,0
2016-07-01,17:10:00,2.49,2.52,2.49,2.515,299048,0
2016-07-01,17:15:00,2.52,2.52,2.51,2.52,34444,0
2016-07-01,17:20:00,2.52,2.53,2.51,2.515,1178222,0
2016-07-01,17:25:00,2.515,2.52,2.51,2.515,16720,0
2016-07-01,17:30:00,2.515,2.52,2.5,2.51,193456,0
2016-07-01,17:35:00,2.5,2.504,2.5,2.5,2500,0
2016-07-01,17:40:00,2.5,2.51,2.5,2.505,21100,0
2016-07-01,17:45:00,2.505,2.51,2.5,2.5,9300,0
2016-07-01,17:50:00,2.505,2.51,2.494,2.505,250995,0
2016-07-01,17:55:00,2.505,2.51,2.5,2.51,1000,0
2016-07-01,18:00:00,2.5,2.5166,2.5,2.515,328700,0
2016-07-01,18:05:00,2.51,2.52,2.505,2.505,84400,0
2016-07-01,18:10:00,2.51,2.52,2.5,2.51,403728,0
2016-07-01,18:15:00,2.515,2.52,2.51,2.515,8600,0
2016-07-01,18:20:00,2.51,2.52,2.51,2.515,44635,0
2016-07-01,18:25:00,2.5125,2.52,2.51,2.515,48295,0
2016-07-01,18:30:00,2.511,2.52,2.51,2.51,26200,0
2016-07-01,18:35:00,2.51,2.52,2.51,2.51,42533,0
2016-07-01,18:40:00,2.51,2.52,2.51,2.51,20445,0
2016-07-01,18:45:00,2.51,2.52,2.51,2.51,10800,0
2016-07-01,18:50:00,2.51,2.52,2.51,2.515,3000,0
2016-07-01,18:55:00,2.51,2.52,2.51,2.5167,5400,0
2016-07-01,19:00:00,2.51,2.515,2.51,2.515,3400,0
2016-07-01,19:05:00,2.51,2.52,2.51,2.51,4900,0
2016-07-01,19:10:00,2.515,2.52,2.51,2.515,31700,0
2016-07-01,19:15:00,2.515,2.5299,2.51,2.515,584267,0
2016-07-01,19:20:00,2.515,2.525,2.51,2.525,373197,0
2016-07-01,19:25:00,2.525,2.54,2.51,2.535,669026,0
2016-07-01,19:30:00,2.53,2.54,2.53,2.5324,181365,0
2016-07-01,19:35:00,2.53,2.54,2.53,2.535,50435,0
2016-07-01,19:40:00,2.535,2.54,2.53,2.53,17512,0
2016-07-01,19:45:00,2.53,2.55,2.53,2.55,368700,0
2016-07-01,19:50:00,2.55,2.55,2.54,2.54,69590,0
2016-07-01,19:55:00,2.545,2.5475,2.54,2.54,108455,0
2016-07-01,20:00:00,2.5389,2.55,2.53,2.54,347523,0
2016-07-01,20:05:00,2.545,2.55,2.54,2.54,20271,0
2016-07-01,20:10:00,2.55,2.55,2.54,2.55,65800,0
2016-07-01,20:15:00,2.55,2.55,2.54,2.545,51780,0
2016-07-01,20:20:00,2.5401,2.55,2.54,2.545,58398,0
2016-07-01,20:25:00,2.55,2.55,2.54,2.545,8351,0
2016-07-01,20:30:00,2.54,2.55,2.53,2.53,126740,0
2016-07-01,20:35:00,2.53,2.535,2.53,2.535,48058,0
2016-07-01,20:40:00,2.53,2.535,2.53,2.53,9707,0
2016-07-01,20:45:00,2.535,2.535,2.52,2.525,34116,0
2016-07-01,20:50:00,2.52,2.54,2.52,2.5302,563613,0
2016-07-01,20:55:00,2.535,2.54,2.53,2.535,124949,0
2016-07-01,21:00:00,2.53,2.56,2.53,2.555,1133512,0
2016-07-01,21:05:00,2.56,2.56,2.55,2.555,36350,0
2016-07-01,21:10:00,2.555,2.56,2.55,2.555,22400,0
2016-07-01,21:15:00,2.555,2.5599,2.55,2.55,25800,0
2016-07-01,21:20:00,2.55,2.56,2.545,2.555,435140,0
2016-07-01,21:25:00,2.555,2.559,2.55,2.55,14500,0
2016-07-01,21:30:00,2.55,2.56,2.55,2.555,11851,0
2016-07-01,21:35:00,2.5575,2.56,2.55,2.555,68151,0
2016-07-01,21:40:00,2.55,2.56,2.55,2.55,29200,0
2016-07-01,21:45:00,2.55,2.5575,2.55,2.55,15300,0
2016-07-01,21:50:00,2.55,2.5575,2.55,2.55,35541,0
2016-07-01,21:55:00,2.555,2.56,2.55,2.56,50153,0
2016-07-01,22:00:00,2.55,2.56,2.55,2.55,398947,0
2016-07-05,15:35:00,2.6,2.6,2.57,2.59,605089,0
2016-07-05,15:40:00,2.5836,2.59,2.58,2.59,22000,0
2016-07-05,15:45:00,2.59,2.59,2.575,2.58,29679,0
2016-07-05,15:50:00,2.58,2.61,2.57,2.6085,320217,0
2016-07-05,15:55:00,2.605,2.63,2.6,2.625,546426,0
2016-07-05,16:00:00,2.63,2.63,2.615,2.625,511097,0
2016-07-05,16:05:00,2.63,2.63,2.62,2.63,68245,0
2016-07-05,16:10:00,2.625,2.63,2.62,2.625,86154,0
2016-07-05,16:15:00,2.63,2.65,2.62,2.635,775100,0
2016-07-05,16:20:00,2.63,2.65,2.63,2.6401,218868,0
2016-07-05,16:25:00,2.64,2.645,2.63,2.635,103511,0
2016-07-05,16:30:00,2.64,2.64,2.63,2.64,21277,0
2016-07-05,16:35:00,2.64,2.64,2.62,2.625,233040,0
2016-07-05,16:40:00,2.63,2.63,2.62,2.625,81780,0
2016-07-05,16:45:00,2.625,2.64,2.625,2.635,91177,0
2016-07-05,16:50:00,2.64,2.64,2.63,2.64,8054,0
2016-07-05,16:55:00,2.64,2.64,2.62,2.62,96767,0
2016-07-05,17:00:00,2.625,2.63,2.62,2.63,97442,0
2016-07-05,17:05:00,2.625,2.63,2.62,2.625,52604,0
2016-07-05,17:10:00,2.625,2.63,2.62,2.625,116921,0
2016-07-05,17:15:00,2.63,2.63,2.62,2.625,31845,0
2016-07-05,17:20:00,2.63,2.63,2.62,2.63,17091,0
2016-07-05,17:25:00,2.63,2.63,2.62,2.63,18900,0
2016-07-05,17:30:00,2.63,2.63,2.625,2.63,24562,0
2016-07-05,17:35:00,2.6299,2.63,2.62,2.625,34292,0
2016-07-05,17:40:00,2.63,2.63,2.62,2.628,22063,0
2016-07-05,17:45:00,2.63,2.63,2.6205,2.63,10302,0
2016-07-05,17:50:00,2.63,2.63,2.625,2.63,12951,0
2016-07-05,17:55:00,2.625,2.63,2.625,2.63,22241,0
2016-07-05,18:00:00,2.63,2.63,2.62,2.63,26456,0
2016-07-05,18:05:00,2.625,2.63,2.62,2.625,24701,0
2016-07-05,18:10:00,2.62,2.63,2.62,2.63,9284,0
2016-07-05,18:15:00,2.62,2.63,2.62,2.625,14790,0
2016-07-05,18:20:00,2.62,2.63,2.62,2.62,12556,0
2016-07-05,18:25:00,2.625,2.63,2.62,2.625,16099,0
2016-07-05,18:30:00,2.63,2.63,2.62,2.63,9524,0
2016-07-05,18:35:00,2.625,2.63,2.62,2.63,15358,0
2016-07-05,18:40:00,2.625,2.63,2.62,2.625,23470,0
2016-07-05,18:45:00,2.625,2.63,2.62,2.625,13500,0
2016-07-05,18:50:00,2.63,2.63,2.62,2.63,22986,0
2016-07-05,18:55:00,2.63,2.63,2.62,2.6297,345529,0
2016-07-05,19:00:00,2.63,2.64,2.625,2.64,526678,0
2016-07-05,19:05:00,2.64,2.64,2.63,2.64,63887,0
2016-07-05,19:10:00,2.64,2.65,2.63,2.6402,436146,0
2016-07-05,19:15:00,2.6456,2.65,2.64,2.645,180100,0
2016-07-05,19:20:00,2.645,2.65,2.64,2.645,17724,0
2016-07-05,19:25:00,2.645,2.65,2.64,2.64,26964,0
2016-07-05,19:30:00,2.65,2.65,2.64,2.645,22387,0
2016-07-05,19:35:00,2.645,2.65,2.64,2.645,34722,0
2016-07-05,19:40:00,2.645,2.65,2.64,2.64,52209,0
2016-07-05,19:45:00,2.645,2.65,2.63,2.63,240534,0
2016-07-05,19:50:00,2.63,2.64,2.63,2.635,21306,0
2016-07-05,19:55:00,2.635,2.64,2.63,2.635,19605,0
2016-07-05,20:00:00,2.635,2.64,2.63,2.64,25581,0
2016-07-05,20:05:00,2.64,2.64,2.63,2.64,16347,0
2016-07-05,20:10:00,2.635,2.64,2.63,2.64,98080,0
2016-07-05,20:15:00,2.635,2.64,2.63,2.635,21289,0
2016-07-05,20:20:00,2.64,2.64,2.63,2.635,120488,0
2016-07-05,20:25:00,2.6301,2.64,2.63,2.64,198836,0
2016-07-05,20:30:00,2.64,2.64,2.634,2.64,38870,0
2016-07-05,20:35:00,2.64,2.64,2.63,2.6399,369240,0
2016-07-05,20:40:00,2.6344,2.65,2.6344,2.65,652018,0
2016-07-05,20:45:00,2.65,2.65,2.645,2.6499,21000,0
2016-07-05,20:50:00,2.65,2.65,2.645,2.645,36975,0
2016-07-05,20:55:00,2.645,2.65,2.64,2.64,60575,0
2016-07-05,21:00:00,2.64,2.65,2.64,2.645,92151,0
2016-07-05,21:05:00,2.64,2.65,2.64,2.64,21078,0
2016-07-05,21:10:00,2.64,2.65,2.64,2.645,13700,0
2016-07-05,21:15:00,2.64,2.65,2.64,2.64,74379,0
2016-07-05,21:20:00,2.64,2.65,2.64,2.64,31225,0
2016-07-05,21:25:00,2.65,2.65,2.64,2.64,73745,0
2016-07-05,21:30:00,2.64,2.65,2.64,2.64,42196,0
2016-07-05,21:35:00,2.65,2.65,2.64,2.65,75204,0
2016-07-05,21:40:00,2.645,2.65,2.64,2.64,52002,0
2016-07-05,21:45:00,2.645,2.65,2.64,2.64,74060,0
2016-07-05,21:50:00,2.645,2.65,2.64,2.64,84791,0
2016-07-05,21:55:00,2.645,2.65,2.64,2.65,173047,0
2016-07-05,22:00:00,2.64,2.65,2.64,2.65,376369,0
2016-07-06,15:35:00,2.64,2.65,2.63,2.645,216112,0
2016-07-06,15:40:00,2.64,2.65,2.635,2.65,84391,0
2016-07-06,15:45:00,2.65,2.65,2.64,2.65,55976,0
2016-07-06,15:50:00,2.645,2.65,2.63,2.635,160662,0
2016-07-06,15:55:00,2.63,2.65,2.63,2.645,117392,0
2016-07-06,16:00:00,2.646,2.66,2.64,2.65,168044,0
2016-07-06,16:05:00,2.655,2.67,2.65,2.665,1495841,0
2016-07-06,16:10:00,2.662,2.67,2.655,2.655,250862,0
2016-07-06,16:15:00,2.655,2.66,2.65,2.655,62770,0
2016-07-06,16:20:00,2.66,2.66,2.65,2.65,119868,0
2016-07-06,16:25:00,2.655,2.66,2.64,2.64,121934,0
2016-07-06,16:30:00,2.645,2.66,2.64,2.66,172027,0
2016-07-06,16:35:00,2.66,2.66,2.65,2.66,47149,0
2016-07-06,16:40:00,2.66,2.66,2.65,2.66,87610,0
2016-07-06,16:45:00,2.655,2.67,2.65,2.67,229483,0
2016-07-06,16:50:00,2.67,2.68,2.66,2.68,183962,0
2016-07-06,16:55:00,2.675,2.71,2.675,2.7006,827875,0
2016-07-06,17:00:00,2.705,2.71,2.68,2.695,776428,0
2016-07-06,17:05:00,2.69,2.7,2.69,2.695,31000,0
2016-07-06,17:10:00,2.7,2.7,2.69,2.695,31100,0
2016-07-06,17:15:00,2.69,2.7,2.69,2.69,9675,0
2016-07-06,17:20:00,2.69,2.7,2.69,2.69,21112,0
2016-07-06,17:25:00,2.69,2.7,2.69,2.695,68026,0
2016-07-06,17:30:00,2.69,2.7,2.69,2.695,25160,0
2016-07-06,17:35:00,2.7,2.7,2.69,2.69,21553,0
2016-07-06,17:40:00,2.69,2.7,2.69,2.69,308820,0
2016-07-06,17:45:00,2.7,2.7,2.69,2.69,39582,0
2016-07-06,17:50:00,2.695,2.73,2.695,2.73,766303,0
2016-07-06,17:55:00,2.72,2.7299,2.71,2.72,1094590,0
2016-07-06,18:00:00,2.72,2.73,2.71,2.71,321451,0
2016-07-06,18:05:00,2.715,2.72,2.71,2.715,11337,0
2016-07-06,18:10:00,2.72,2.72,2.71,2.71,82031,0
2016-07-06,18:15:00,2.715,2.72,2.71,2.71,30213,0
2016-07-06,18:20:00,2.715,2.72,2.71,2.71,24907,0
2016-07-06,18:25:00,2.716,2.72,2.71,2.715,15375,0
2016-07-06,18:30:00,2.71,2.72,2.71,2.71,165533,0
2016-07-06,18:35:00,2.71,2.72,2.71,2.715,29846,0
2016-07-06,18:40:00,2.715,2.72,2.71,2.715,84689,0
2016-07-06,18:45:00,2.715,2.72,2.71,2.715,121075,0
2016-07-06,18:50:00,2.71,2.72,2.71,2.72,22700,0
2016-07-06,18:55:00,2.71,2.72,2.71,2.715,23600,0
2016-07-06,19:00:00,2.715,2.72,2.71,2.715,20934,0
2016-07-06,19:05:00,2.71,2.72,2.71,2.715,30104,0
2016-07-06,19:10:00,2.71,2.72,2.71,2.71,48400,0
2016-07-06,19:15:00,2.71,2.72,2.71,2.71,36211,0
2016-07-06,19:20:00,2.71,2.715,2.71,2.715,28202,0
2016-07-06,19:25:00,2.715,2.715,2.7,2.7,212604,0
2016-07-06,19:30:00,2.7,2.709,2.7,2.705,69439,0
2016-07-06,19:35:00,2.7,2.71,2.7,2.705,38619,0
2016-07-06,19:40:00,2.7,2.705,2.7,2.7,178401,0
2016-07-06,19:45:00,2.7,2.7001,2.69,2.695,280871,0
2016-07-06,19:50:00,2.695,2.7,2.69,2.69,31745,0
2016-07-06,19:55:00,2.695,2.71,2.69,2.705,541695,0
2016-07-06,20:00:00,2.705,2.71,2.7,2.7,106333,0
2016-07-06,20:05:00,2.71,2.71,2.7,2.705,49056,0
2016-07-06,20:10:00,2.71,2.71,2.7,2.7,46493,0
2016-07-06,20:15:00,2.705,2.71,2.7,2.705,46911,0
2016-07-06,20:20:00,2.705,2.71,2.7,2.7,41257,0
2016-07-06,20:25:00,2.705,2.71,2.7,2.7,154900,0
2016-07-06,20:30:00,2.7,2.705,2.69,2.695,732211,0
2016-07-06,20:35:00,2.695,2.71,2.69,2.7,222550,0
2016-07-06,20:40:00,2.7,2.71,2.7,2.7,32030,0
2016-07-06,20:45:00,2.705,2.71,2.7,2.7,30770,0
2016-07-06,20:50:00,2.705,2.71,2.7,2.705,105784,0
2016-07-06,20:55:00,2.705,2.71,2.7,2.705,15418,0
2016-07-06,21:00:00,2.7,2.71,2.7,2.705,58777,0
2016-07-06,21:05:00,2.705,2.71,2.7,2.705,31290,0
2016-07-06,21:10:00,2.7,2.71,2.695,2.7,301782,0
2016-07-06,21:15:00,2.7001,2.71,2.69,2.7,555231,0
2016-07-06,21:20:00,2.7,2.71,2.7,2.705,94400,0
2016-07-06,21:25:00,2.7,2.74,2.7,2.735,1703540,0
2016-07-06,21:30:00,2.74,2.7475,2.73,2.735,627112,0
2016-07-06,21:35:00,2.735,2.74,2.73,2.735,495956,0
2016-07-06,21:40:00,2.73,2.74,2.73,2.73,90300,0
2016-07-06,21:45:00,2.735,2.74,2.725,2.73,540577,0
2016-07-06,21:50:00,2.73,2.7375,2.72,2.72,484343,0
2016-07-06,21:55:00,2.725,2.74,2.72,2.73,1055069,0
2016-07-06,22:00:00,2.7323,2.75,2.73,2.75,969763,0
2016-07-07,15:35:00,2.73,2.79,2.73,2.78,817729,0
2016-07-07,15:40:00,2.775,2.8,2.775,2.8,174277,0
2016-07-07,15:45:00,2.8,2.81,2.78,2.78,567973,0
2016-07-07,15:50:00,2.78,2.81,2.78,2.8,407088,0
2016-07-07,15:55:00,2.8,2.81,2.8,2.8,153321,0
2016-07-07,16:00:00,2.8,2.81,2.8,2.805,94540,0
2016-07-07,16:05:00,2.8,2.815,2.8,2.81,253828,0
2016-07-07,16:10:00,2.81,2.82,2.8,2.8111,668264,0
2016-07-07,16:15:00,2.815,2.82,2.81,2.81,91695,0
2016-07-07,16:20:00,2.815,2.83,2.81,2.83,1130319,0
2016-07-07,16:25:00,2.825,2.83,2.82,2.825,350669,0
2016-07-07,16:30:00,2.825,2.85,2.825,2.849,536257,0
2016-07-07,16:35:00,2.845,2.85,2.84,2.85,87878,0
2016-07-07,16:40:00,2.845,2.86,2.84,2.85,729381,0
2016-07-07,16:45:00,2.85,2.8501,2.8238,2.8299,698948,0
2016-07-07,16:50:00,2.825,2.85,2.825,2.845,1054677,0
2016-07-07,16:55:00,2.845,2.855,2.831,2.835,837297,0
2016-07-07,17:00:00,2.84,2.85,2.83,2.83,522726,0
2016-07-07,17:05:00,2.835,2.84,2.83,2.84,28258,0
2016-07-07,17:10:00,2.83,2.87,2.83,2.87,565512,0
2016-07-07,17:15:00,2.86,2.88,2.86,2.88,239760,0
2016-07-07,17:20:00,2.87,2.88,2.86,2.86,176078,0
2016-07-07,17:25:00,2.87,2.875,2.86,2.865,834658,0
2016-07-07,17:30:00,2.86,2.87,2.85,2.855,523059,0
2016-07-07,17:35:00,2.855,2.87,2.835,2.8435,1281649,0
2016-07-07,17:40:00,2.85,2.85,2.84,2.84,72290,0
2016-07-07,17:45:00,2.85,2.855,2.83,2.84,1779550,0
2016-07-07,17:50:00,2.84,2.845,2.82,2.82,302606,0
2016-07-07,17:55:00,2.82,2.8277,2.82,2.825,6406,0
2016-07-07,18:00:00,2.82,2.84,2.82,2.83,483375,0
2016-07-07,18:05:00,2.83,2.84,2.82,2.82,280022,0
2016-07-07,18:10:00,2.82,2.83,2.81,2.81,403351,0
2016-07-07,18:15:00,2.81,2.83,2.81,2.82,1142913,0
2016-07-07,18:20:00,2.8195,2.82,2.78,2.7999,1788709,0
2016-07-07,18:25:00,2.7951,2.809,2.78,2.79,1921038,0
2016-07-07,18:30:00,2.79,2.8,2.781,2.795,543261,0
2016-07-07,18:35:00,2.795,2.815,2.795,2.81,390008,0
2016-07-07,18:40:00,2.81,2.81,2.8,2.8097,266197,0
2016-07-07,18:45:00,2.8099,2.82,2.8,2.81,371111,0
2016-07-07,18:50:00,2.8,2.81,2.78,2.79,268469,0
2016-07-07,18:55:00,2.785,2.79,2.78,2.7897,191449,0
2016-07-07,19:00:00,2.79,2.8,2.78,2.8,681022,0
2016-07-07,19:05:00,2.8,2.8,2.79,2.8,28243,0
2016-07-07,19:10:00,2.8,2.8,2.7907,2.8,110570,0
2016-07-07,19:15:00,2.8,2.8,2.79,2.8,20600,0
2016-07-07,19:20:00,2.797,2.8,2.784,2.785,212294,0
2016-07-07,19:25:00,2.7897,2.7897,2.77,2.77,363587,0
2016-07-07,19:30:00,2.77,2.7962,2.77,2.77,1083568,0
2016-07-07,19:35:00,2.775,2.7858,2.77,2.775,672866,0
2016-07-07,19:40:00,2.78,2.78,2.77,2.78,221890,0
2016-07-07,19:45:00,2.775,2.78,2.77,2.78,417567,0
2016-07-07,19:50:00,2.78,2.78,2.77,2.78,20874,0
2016-07-07,19:55:00,2.775,2.78,2.75,2.755,460763,0
2016-07-07,20:00:00,2.755,2.78,2.75,2.77,266762,0
2016-07-07,20:05:00,2.77,2.78,2.76,2.7685,831198,0
2016-07-07,20:10:00,2.765,2.77,2.76,2.765,73450,0
2016-07-07,20:15:00,2.765,2.765,2.75,2.75,100461,0
2016-07-07,20:20:00,2.75,2.76,2.75,2.75,57400,0
2016-07-07,20:25:00,2.75,2.77,2.75,2.77,161932,0
2016-07-07,20:30:00,2.77,2.785,2.76,2.76,573644,0
2016-07-07,20:35:00,2.76,2.765,2.76,2.765,26666,0
2016-07-07,20:40:00,2.76,2.77,2.76,2.76,75310,0
2016-07-07,20:45:00,2.77,2.78,2.76,2.78,326101,0
2016-07-07,20:50:00,2.775,2.78,2.77,2.78,31777,0
2016-07-07,20:55:00,2.78,2.78,2.76,2.77,446748,0
2016-07-07,21:00:00,2.77,2.78,2.76,2.77,403763,0
2016-07-07,21:05:00,2.77,2.78,2.77,2.77,17939,0
2016-07-07,21:10:00,2.77,2.78,2.77,2.78,42250,0
2016-07-07,21:15:00,2.7795,2.78,2.77,2.77,49268,0
2016-07-07,21:20:00,2.77,2.78,2.76,2.78,742558,0
2016-07-07,21:25:00,2.775,2.78,2.76,2.77,259078,0
2016-07-07,21:30:00,2.77,2.77,2.76,2.77,392969,0
2016-07-07,21:35:00,2.7699,2.78,2.76,2.775,594923,0
2016-07-07,21:40:00,2.78,2.78,2.77,2.78,45850,0
2016-07-07,21:45:00,2.77,2.78,2.77,2.78,198015,0
2016-07-07,21:50:00,2.775,2.78,2.77,2.78,105863,0
2016-07-07,21:55:00,2.775,2.78,2.76,2.765,556237,0
2016-07-07,22:00:00,2.765,2.77,2.75,2.76,965890,0
2016-07-08,15:35:00,2.79,2.84,2.79,2.795,249979,0
2016-07-08,15:40:00,2.79,2.81,2.79,2.79,160485,0
2016-07-08,15:45:00,2.79,2.8,2.79,2.795,86827,0
2016-07-08,15:50:00,2.795,2.8,2.79,2.799,19880,0
2016-07-08,15:55:00,2.79,2.81,2.79,2.8,464266,0
2016-07-08,16:00:00,2.8,2.81,2.785,2.795,906490,0
2016-07-08,16:05:00,2.8,2.81,2.79,2.8036,331944,0
2016-07-08,16:10:00,2.805,2.8197,2.79,2.8,888995,0
2016-07-08,16:15:00,2.81,2.81,2.8,2.81,46336,0
2016-07-08,16:20:00,2.81,2.81,2.8,2.81,115700,0
2016-07-08,16:25:00,2.81,2.81,2.8,2.805,197465,0
2016-07-08,16:30:00,2.805,2.81,2.8,2.81,58767,0
2016-07-08,16:35:00,2.81,2.81,2.8,2.81,166195,0
2016-07-08,16:40:00,2.805,2.81,2.8,2.805,91216,0
2016-07-08,16:45:00,2.81,2.81,2.8,2.81,53850,0
2016-07-08,16:50:00,2.81,2.81,2.8,2.81,169393,0
2016-07-08,16:55:00,2.81,2.82,2.8,2.815,611084,0
2016-07-08,17:00:00,2.8101,2.82,2.81,2.82,43674,0
2016-07-08,17:05:00,2.81,2.82,2.81,2.82,56999,0
2016-07-08,17:10:00,2.82,2.82,2.81,2.82,48108,0
2016-07-08,17:15:00,2.815,2.82,2.81,2.815,53154,0
2016-07-08,17:20:00,2.815,2.82,2.81,2.82,44500,0
2016-07-08,17:25:00,2.81,2.82,2.81,2.81,82993,0
2016-07-08,17:30:00,2.815,2.83,2.81,2.825,897519,0
2016-07-08,17:35:00,2.825,2.83,2.82,2.825,84400,0
2016-07-08,17:40:00,2.825,2.83,2.82,2.825,47600,0
2016-07-08,17:45:00,2.83,2.84,2.82,2.835,168804,0
2016-07-08,17:50:00,2.835,2.84,2.83,2.84,112528,0
2016-07-08,17:55:00,2.835,2.84,2.83,2.835,59092,0
2016-07-08,18:00:00,2.835,2.84,2.83,2.84,97925,0
2016-07-08,18:05:00,2.84,2.85,2.83,2.835,651215,0
2016-07-08,18:10:00,2.835,2.85,2.82,2.825,1086170,0
2016-07-08,18:15:00,2.824,2.84,2.82,2.8202,728578,0
2016-07-08,18:20:00,2.825,2.83,2.82,2.82,47430,0
2016-07-08,18:25:00,2.825,2.83,2.82,2.82,6310,0
2016-07-08,18:30:00,2.825,2.83,2.82,2.825,20576,0
2016-07-08,18:35:00,2.83,2.83,2.82,2.825,31000,0
2016-07-08,18:40:00,2.83,2.84,2.82,2.825,1125180,0
2016-07-08,18:45:00,2.8299,2.83,2.82,2.83,23100,0
2016-07-08,18:50:00,2.83,2.84,2.82,2.83,806384,0
2016-07-08,18:55:00,2.83,2.84,2.82,2.83,750382,0
2016-07-08,19:00:00,2.83,2.84,2.824,2.835,785249,0
2016-07-08,19:05:00,2.835,2.84,2.83,2.835,13925,0
2016-07-08,19:10:00,2.835,2.84,2.83,2.84,34800,0
2016-07-08,19:15:00,2.835,2.84,2.83,2.84,36218,0
2016-07-08,19:20:00,2.84,2.84,2.83,2.84,19900,0
2016-07-08,19:25:00,2.835,2.84,2.83,2.84,51520,0
2016-07-08,19:30:00,2.835,2.84,2.83,2.84,20165,0
2016-07-08,19:35:00,2.84,2.84,2.83,2.835,100156,0
2016-07-08,19:40:00,2.8397,2.84,2.83,2.84,141035,0
2016-07-08,19:45:00,2.835,2.84,2.83,2.835,19200,0
2016-07-08,19:50:00,2.84,2.84,2.83,2.84,28400,0
2016-07-08,19:55:00,2.84,2.84,2.83,2.835,23604,0
2016-07-08,20:00:00,2.84,2.84,2.83,2.84,35000,0
2016-07-08,20:05:00,2.84,2.84,2.8338,2.835,30400,0
2016-07-08,20:10:00,2.84,2.845,2.83,2.8401,428201,0
2016-07-08,20:15:00,2.85,2.85,2.84,2.84,266838,0
2016-07-08,20:20:00,2.85,2.855,2.84,2.855,587413,0
2016-07-08,20:25:00,2.86,2.86,2.85,2.855,645242,0
2016-07-08,20:30:00,2.855,2.86,2.85,2.855,26471,0
2016-07-08,20:35:00,2.855,2.86,2.85,2.855,90137,0
2016-07-08,20:40:00,2.85,2.86,2.85,2.855,27650,0
2016-07-08,20:45:00,2.855,2.86,2.85,2.855,79342,0
2016-07-08,20:50:00,2.855,2.86,2.85,2.86,101098,0
2016-07-08,20:55:00,2.86,2.88,2.85,2.86,842381,0
2016-07-08,21:00:00,2.865,2.87,2.86,2.865,132788,0
2016-07-08,21:05:00,2.865,2.87,2.86,2.865,93988,0
2016-07-08,21:10:00,2.87,2.87,2.86,2.87,31750,0
2016-07-08,21:15:00,2.865,2.87,2.86,2.87,47600,0
2016-07-08,21:20:00,2.865,2.87,2.86,2.87,67805,0
2016-07-08,21:25:00,2.87,2.87,2.86,2.87,42995,0
2016-07-08,21:30:00,2.87,2.87,2.86,2.865,32722,0
2016-07-08,21:35:00,2.865,2.87,2.86,2.87,156800,0
2016-07-08,21:40:00,2.865,2.87,2.86,2.87,135705,0
2016-07-08,21:45:00,2.865,2.87,2.86,2.865,70400,0
2016-07-08,21:50:00,2.865,2.87,2.86,2.865,279912,0
2016-07-08,21:55:00,2.865,2.87,2.86,2.87,236281,0
2016-07-08,22:00:00,2.865,2.87,2.85,2.85,814424,0
