Date,Time,Open,High,Low,Close,Volume,OpenInt
2016-01-28,15:35:00,15.745,15.745,15.745,15.745,144,0
2016-01-28,15:45:00,15.617,15.617,15.617,15.617,100,0
2016-01-28,16:10:00,15.647,15.647,15.647,15.647,706,0
2016-01-28,16:20:00,15.647,15.647,15.617,15.647,606,0
2016-01-28,16:50:00,15.359,15.359,15.349,15.349,852,0
2016-01-28,17:10:00,15.627,15.627,15.627,15.627,100,0
2016-01-28,18:25:00,15.488,15.488,15.488,15.488,100,0
2016-01-28,18:30:00,15.567,15.567,15.567,15.567,100,0
2016-01-28,20:10:00,15.577,15.577,15.577,15.577,100,0
2016-01-28,20:15:00,15.498,15.498,15.478,15.488,504,0
2016-01-28,21:05:00,15.587,15.587,15.587,15.587,100,0
2016-01-28,22:00:00,15.597,15.597,15.597,15.597,100,0
2016-01-29,15:35:00,15.647,15.647,15.647,15.647,100,0
2016-01-29,15:50:00,15.785,15.785,15.785,15.785,100,0
2016-01-29,16:05:00,15.647,15.647,15.647,15.647,404,0
2016-01-29,16:15:00,15.647,15.647,15.647,15.647,202,0
2016-01-29,16:20:00,15.547,15.547,15.547,15.547,100,0
2016-01-29,17:00:00,15.419,15.419,15.419,15.419,100,0
2016-01-29,18:35:00,15.429,15.429,15.429,15.429,202,0
2016-01-29,19:35:00,15.444,15.444,15.444,15.444,202,0
2016-01-29,20:30:00,15.547,15.547,15.547,15.547,100,0
2016-01-29,20:40:00,15.419,15.429,15.419,15.419,1110,0
2016-01-29,20:45:00,15.409,15.409,15.409,15.409,100,0
2016-01-29,21:10:00,15.381,15.381,15.381,15.381,287,0
2016-01-29,21:20:00,15.547,15.547,15.547,15.547,100,0
2016-01-29,21:45:00,15.449,15.449,15.389,15.389,202,0
2016-01-29,22:00:00,15.537,15.537,15.537,15.537,1212,0
2016-02-01,15:35:00,14.874,14.993,14.656,14.656,1010,0
2016-02-01,15:40:00,15.102,15.349,15.014,15.014,1110,0
2016-02-01,15:45:00,15.003,15.003,14.795,14.983,606,0
2016-02-01,15:50:00,14.76,14.76,14.737,14.737,202,0
2016-02-01,16:25:00,15.023,15.023,15.023,15.023,202,0
2016-02-01,16:30:00,14.894,14.894,14.894,14.894,100,0
2016-02-01,16:45:00,15.349,15.349,15.349,15.349,100,0
2016-02-01,17:00:00,15.27,15.27,15.27,15.27,100,0
2016-02-01,17:35:00,15.419,15.419,15.419,15.419,100,0
2016-02-01,18:35:00,14.993,14.993,14.844,14.854,1212,0
2016-02-01,18:40:00,14.993,14.993,14.993,14.993,100,0
2016-02-01,19:30:00,15.052,15.102,15.052,15.102,1110,0
2016-02-01,19:40:00,15.349,15.349,15.349,15.349,100,0
2016-02-01,19:50:00,15.246,15.246,15.151,15.151,202,0
2016-02-01,20:15:00,15.329,15.329,15.329,15.329,100,0
2016-02-01,20:30:00,15.319,15.349,15.319,15.349,751,0
2016-02-01,20:40:00,15.131,15.161,15.102,15.102,302,0
2016-02-01,21:20:00,15.29,15.339,15.112,15.112,2222,0
2016-02-01,21:25:00,15.28,15.28,15.091,15.161,1414,0
2016-02-01,21:30:00,15.339,15.349,15.028,15.052,907,0
2016-02-01,21:45:00,15.151,15.151,15.151,15.151,100,0
2016-02-01,22:00:00,15.251,15.251,15.251,15.251,100,0
2016-02-02,15:35:00,15.151,15.151,15.072,15.072,203,0
2016-02-02,16:15:00,15.449,15.449,14.933,15.201,2424,0
2016-02-02,16:20:00,15.3,15.3,15.3,15.3,100,0
2016-02-02,16:25:00,15.201,15.201,15.201,15.201,100,0
2016-02-02,16:35:00,15.072,15.072,15.072,15.072,202,0
2016-02-02,18:10:00,15.537,15.537,15.537,15.537,100,0
2016-02-02,19:15:00,14.894,14.894,14.894,14.894,100,0
2016-02-02,22:00:00,15.27,15.27,15.27,15.27,100,0
2016-02-03,15:35:00,15.27,15.27,15.003,15.003,240,0
2016-02-03,17:10:00,15.116,15.116,15.116,15.116,202,0
2016-02-03,17:15:00,15.043,15.121,15.043,15.121,202,0
2016-02-03,22:00:00,15.062,15.062,15.062,15.062,100,0
2016-02-04,15:55:00,15.241,15.241,15.241,15.241,100,0
2016-02-04,16:05:00,15.102,15.102,15.102,15.102,100,0
2016-02-04,17:45:00,15.102,15.102,15.102,15.102,100,0
2016-02-04,18:00:00,15.102,15.102,15.102,15.102,202,0
2016-02-04,18:40:00,15.102,15.102,15.102,15.102,100,0
2016-02-04,19:10:00,15.092,15.092,15.092,15.092,100,0
2016-02-04,19:15:00,15.023,15.023,15.023,15.023,100,0
2016-02-04,19:20:00,15.003,15.003,15.003,15.003,100,0
2016-02-04,19:30:00,15.013,15.013,15.013,15.013,100,0
2016-02-04,20:40:00,15.092,15.092,15.092,15.092,100,0
2016-02-04,21:25:00,15.062,15.102,15.062,15.102,606,0
2016-02-04,21:35:00,15.091,15.102,15.091,15.101,1502,0
2016-02-04,21:55:00,15.072,15.072,15.013,15.013,302,0
2016-02-04,22:00:00,15.013,15.102,15.003,15.102,1600,0
2016-02-05,15:35:00,15.131,15.131,15.131,15.131,166,0
2016-02-05,18:35:00,14.963,15.082,14.835,14.835,908,0
2016-02-05,20:25:00,14.992,15.082,14.992,15.082,935,0
2016-02-05,22:00:00,15.033,15.092,15.033,15.092,203,0
2016-02-08,15:35:00,14.854,14.854,14.854,14.854,100,0
2016-02-08,15:55:00,14.161,14.161,14.161,14.161,100,0
2016-02-08,16:00:00,14.577,14.577,14.359,14.359,202,0
2016-02-08,16:40:00,14.715,14.715,14.617,14.617,302,0
2016-02-08,16:45:00,14.359,14.735,14.28,14.28,1010,0
2016-02-08,16:50:00,14.646,14.715,14.617,14.617,706,0
2016-02-08,17:10:00,14.131,14.131,14.131,14.131,100,0
2016-02-08,17:35:00,14.371,14.844,14.371,14.844,1768,0
2016-02-08,17:40:00,14.377,14.377,13.964,14.121,1970,0
2016-02-08,17:55:00,14.537,14.537,14.537,14.537,100,0
2016-02-08,20:20:00,14.825,14.825,14.825,14.825,100,0
2016-02-08,21:30:00,14.835,14.835,14.835,14.835,100,0
2016-02-08,22:00:00,14.755,14.755,14.755,14.755,100,0
2016-02-09,17:30:00,14.507,14.507,14.507,14.507,100,0
2016-02-09,18:15:00,14.577,14.627,14.577,14.627,202,0
2016-02-09,18:25:00,14.304,14.304,14.304,14.304,100,0
2016-02-09,22:00:00,14.463,14.498,13.903,14.409,808,0
2016-02-10,16:25:00,13.478,13.478,13.478,13.478,100,0
2016-02-10,22:00:00,14.221,14.221,14.221,14.221,100,0
2016-02-11,16:00:00,12.299,12.299,11.071,11.071,1414,0
2016-02-12,19:20:00,12.705,12.705,12.705,12.705,100,0
2016-02-12,19:40:00,12.725,12.725,12.725,12.725,100,0
2016-02-12,19:55:00,12.973,12.973,12.973,12.973,202,0
2016-02-12,20:20:00,13.369,13.369,13.369,13.369,302,0
2016-02-12,22:00:00,13.082,13.082,13.082,13.082,100,0
2016-02-16,15:35:00,12.953,12.953,12.953,12.953,419,0
2016-02-16,17:00:00,12.993,12.993,12.993,12.993,302,0
2016-02-16,20:05:00,12.993,13.072,12.993,13.072,302,0
2016-02-16,20:10:00,13.161,13.299,13.082,13.122,1010,0
2016-02-16,22:00:00,13.012,13.012,13.012,13.012,100,0
2016-02-17,15:55:00,13.21,13.21,13.21,13.21,100,0
2016-02-17,16:55:00,13.299,13.299,13.299,13.299,100,0
2016-02-17,17:10:00,13.428,13.428,13.428,13.428,100,0
2016-02-17,18:20:00,13.369,13.369,13.369,13.369,100,0
2016-02-17,18:30:00,13.28,13.28,13.28,13.28,100,0
2016-02-17,18:35:00,14.23,14.23,13.111,13.111,202,0
2016-02-17,18:45:00,13.339,13.339,13.339,13.339,100,0
2016-02-17,19:05:00,13.21,13.21,13.21,13.21,100,0
2016-02-17,19:15:00,13.002,13.002,13.002,13.002,100,0
2016-02-17,19:30:00,13.002,13.002,13.002,13.002,100,0
2016-02-17,19:40:00,13.002,13.002,13.002,13.002,100,0
2016-02-17,19:50:00,12.993,13.091,12.993,13.072,326,0
2016-02-17,20:00:00,12.973,13.002,12.973,12.973,302,0
2016-02-17,20:10:00,12.913,12.913,12.913,12.913,100,0
2016-02-17,20:20:00,12.913,13.191,12.913,13.191,302,0
2016-02-17,20:30:00,12.923,12.923,12.923,12.923,100,0
2016-02-17,20:40:00,12.913,12.913,12.883,12.883,202,0
2016-02-17,20:50:00,12.874,12.874,12.874,12.874,202,0
2016-02-17,22:00:00,12.695,12.695,12.695,12.695,100,0
2016-02-18,17:50:00,12.874,12.874,12.379,12.379,786,0
2016-02-18,20:15:00,12.874,12.874,12.685,12.685,1110,0
2016-02-18,22:00:00,12.626,12.626,12.626,12.626,100,0
2016-02-19,18:45:00,12.596,12.596,12.587,12.587,202,0
2016-02-19,21:55:00,12.527,12.527,12.527,12.527,113,0
2016-02-19,22:00:00,12.577,12.577,12.577,12.577,219,0
2016-02-22,15:35:00,12.577,12.577,12.577,12.577,203,0
2016-02-22,15:55:00,12.576,12.576,12.121,12.567,3130,0
2016-02-22,16:00:00,12.032,12.032,12.032,12.032,100,0
2016-02-22,16:30:00,12.398,12.398,12.398,12.398,100,0
2016-02-22,17:40:00,12.577,12.577,12.537,12.537,504,0
2016-02-22,17:45:00,12.527,12.527,12.359,12.418,908,0
2016-02-22,17:50:00,12.428,12.487,12.428,12.477,606,0
2016-02-22,17:55:00,12.542,12.542,12.542,12.542,100,0
2016-02-22,18:10:00,12.577,12.577,12.577,12.577,100,0
2016-02-22,21:35:00,12.537,12.666,12.537,12.666,404,0
2016-02-22,21:40:00,12.685,12.685,12.685,12.685,202,0
2016-02-22,21:50:00,12.705,12.705,12.705,12.705,202,0
2016-02-22,21:55:00,12.795,12.795,12.666,12.676,556,0
2016-02-22,22:00:00,12.676,12.705,12.487,12.487,302,0
2016-02-23,17:45:00,12.874,12.874,12.874,12.874,202,0
2016-02-23,17:50:00,12.814,12.834,12.814,12.834,202,0
2016-02-23,19:30:00,12.596,12.596,12.596,12.596,100,0
2016-02-23,21:45:00,12.953,12.953,12.953,12.953,100,0
2016-02-23,21:50:00,12.874,13.844,12.874,13.844,487,0
2016-02-23,21:55:00,13.527,13.824,12.626,12.626,302,0
2016-02-23,22:00:00,13.844,13.844,12.874,13.042,706,0
2016-02-24,22:00:00,12.903,12.903,12.903,12.903,100,0
2016-02-25,20:15:00,12.973,12.973,12.973,12.973,100,0
2016-02-25,21:50:00,13.666,13.666,13.666,13.666,100,0
2016-02-25,22:00:00,13.636,13.725,13.052,13.052,808,0
2016-02-26,22:00:00,13.151,13.151,13.151,13.151,100,0
2016-03-01,20:25:00,14.607,14.637,13.666,13.755,504,0
2016-03-01,22:00:00,13.527,13.527,13.527,13.527,100,0
2016-03-02,22:00:00,13.587,13.587,13.587,13.587,100,0
2016-03-03,18:50:00,14.429,14.429,14.429,14.429,100,0
2016-03-03,19:45:00,14.339,14.339,14.339,14.339,180,0
2016-03-03,21:00:00,13.874,13.874,13.874,13.874,100,0
2016-03-03,22:00:00,13.705,13.705,13.705,13.705,440,0
2016-03-04,17:05:00,14.24,14.24,14.24,14.24,100,0
2016-03-04,17:30:00,14.151,14.24,14.151,14.24,494,0
2016-03-04,17:35:00,14.339,14.359,14.24,14.24,302,0
2016-03-04,18:00:00,14.24,14.24,14.24,14.24,100,0
2016-03-04,18:20:00,14.062,14.062,14.062,14.062,526,0
2016-03-04,19:50:00,13.864,13.864,13.864,13.864,139,0
2016-03-07,16:30:00,14.211,14.28,14.211,14.211,302,0
2016-03-07,16:35:00,14.082,14.285,14.062,14.171,2222,0
2016-03-07,16:40:00,14.062,14.29,13.963,14.25,1010,0
2016-03-07,16:45:00,14.28,14.28,13.913,14.28,1312,0
2016-03-07,16:50:00,14.359,14.472,14.062,14.472,504,0
2016-03-07,18:50:00,14.359,14.359,14.359,14.359,202,0
2016-03-07,19:00:00,14.359,14.359,14.359,14.359,202,0
2016-03-07,19:10:00,14.319,14.319,14.319,14.319,100,0
2016-03-07,19:20:00,14.319,14.319,14.319,14.319,100,0
2016-03-07,19:55:00,14.349,14.488,14.349,14.488,404,0
2016-03-07,20:50:00,14.171,14.171,14.171,14.171,100,0
2016-03-07,21:50:00,14.557,14.656,14.537,14.537,302,0
2016-03-07,21:55:00,14.637,14.637,14.617,14.617,202,0
2016-03-07,22:00:00,14.745,14.844,14.369,14.369,790,0
2016-03-08,15:35:00,14.369,14.369,14.369,14.369,130,0
2016-03-08,16:15:00,14.597,14.666,14.369,14.419,808,0
2016-03-08,16:20:00,14.26,14.636,14.062,14.636,908,0
2016-03-08,16:25:00,14.656,14.656,14.656,14.656,302,0
2016-03-08,16:30:00,14.854,14.854,14.854,14.854,808,0
2016-03-08,16:40:00,14.854,14.854,14.656,14.656,908,0
2016-03-08,16:50:00,14.854,14.854,14.765,14.854,808,0
2016-03-08,17:00:00,14.854,14.854,14.835,14.854,757,0
2016-03-08,17:10:00,14.844,14.844,14.844,14.844,100,0
2016-03-08,17:20:00,14.854,14.854,14.835,14.854,808,0
2016-03-08,17:25:00,14.854,14.854,14.854,14.854,1616,0
2016-03-08,17:30:00,14.844,14.844,14.844,14.844,100,0
2016-03-08,17:35:00,14.825,14.825,14.825,14.825,100,0
2016-03-08,17:45:00,14.805,14.805,14.805,14.805,100,0
2016-03-08,17:55:00,14.805,14.805,14.805,14.805,100,0
2016-03-08,18:05:00,14.805,14.805,14.805,14.805,100,0
2016-03-08,18:15:00,14.795,14.795,14.795,14.795,100,0
2016-03-08,18:25:00,14.805,14.805,14.805,14.805,100,0
2016-03-08,18:30:00,14.825,14.854,14.825,14.854,1110,0
2016-03-08,18:40:00,15.052,15.052,15.052,15.052,100,0
2016-03-08,18:50:00,15.052,15.052,15.052,15.052,100,0
2016-03-08,19:00:00,15.072,15.072,15.072,15.072,100,0
2016-03-08,19:10:00,15.072,15.102,15.072,15.102,1132,0
2016-03-08,19:15:00,15.102,15.102,15.102,15.102,100,0
2016-03-08,19:20:00,15.092,15.092,15.092,15.092,100,0
2016-03-08,21:55:00,14.676,14.705,14.676,14.705,404,0
2016-03-08,22:00:00,14.201,14.201,14.201,14.201,100,0
2016-03-09,18:35:00,14.828,14.828,14.27,14.828,703,0
2016-03-09,18:40:00,14.43,14.534,14.43,14.534,703,0
2016-03-09,19:05:00,14.728,14.728,14.449,14.569,904,0
2016-03-09,19:10:00,14.629,14.778,14.529,14.529,804,0
2016-03-09,19:15:00,14.728,14.728,14.728,14.728,201,0
2016-03-09,20:10:00,14.28,14.28,14.28,14.28,100,0
2016-03-09,21:45:00,14.579,14.579,14.579,14.579,100,0
2016-03-09,22:00:00,14.678,14.678,14.579,14.579,201,0
2016-03-10,15:50:00,14.847,14.923,14.847,14.923,502,0
2016-03-10,16:00:00,14.778,14.778,14.778,14.778,100,0
2016-03-10,16:35:00,14.852,14.852,14.828,14.852,703,0
2016-03-10,16:50:00,14.803,14.803,14.803,14.803,100,0
2016-03-10,17:15:00,14.68,14.778,14.68,14.778,2613,0
2016-03-10,17:40:00,14.778,14.778,14.778,14.778,201,0
2016-03-10,17:45:00,14.778,14.877,14.778,14.877,1142,0
2016-03-10,18:35:00,14.877,14.877,14.877,14.877,301,0
2016-03-10,18:40:00,14.877,14.927,14.857,14.907,1608,0
2016-03-10,18:45:00,14.897,14.907,14.828,14.837,1206,0
2016-03-10,19:15:00,14.877,14.877,14.877,14.877,100,0
2016-03-10,20:55:00,14.828,14.877,14.828,14.877,7838,0
2016-03-10,21:15:00,14.828,14.828,14.828,14.828,100,0
2016-03-10,21:30:00,14.927,14.927,14.927,14.927,11054,0
2016-03-10,21:50:00,15.076,15.076,15.076,15.076,100,0
2016-03-10,22:00:00,14.867,14.867,14.867,14.867,100,0
2016-03-11,15:35:00,15.425,15.425,15.425,15.425,2512,0
2016-03-11,17:05:00,14.927,14.927,14.927,14.927,327,0
2016-03-11,17:45:00,14.987,14.987,14.957,14.957,201,0
2016-03-11,17:55:00,14.927,14.927,14.927,14.927,372,0
2016-03-11,18:10:00,14.927,14.927,14.927,14.927,271,0
2016-03-11,20:15:00,14.927,14.927,14.927,14.927,2110,0
2016-03-11,20:25:00,14.808,14.808,14.808,14.808,100,0
2016-03-11,20:30:00,14.927,14.927,14.927,14.927,1909,0
2016-03-11,20:55:00,14.927,14.927,14.927,14.927,1809,0
2016-03-11,21:45:00,14.927,14.927,14.927,14.927,4020,0
2016-03-11,21:50:00,14.957,14.957,14.927,14.927,10041,0
2016-03-11,22:00:00,15.325,15.325,14.967,14.967,201,0
2016-03-14,14:35:00,15.126,15.126,15.126,15.126,182,0
2016-03-14,14:45:00,15.007,15.126,15.007,15.126,201,0
2016-03-14,14:50:00,14.962,15.116,14.818,14.818,502,0
2016-03-14,15:35:00,14.882,14.882,14.882,14.882,100,0
2016-03-14,16:10:00,14.937,14.937,14.927,14.927,402,0
2016-03-14,19:00:00,14.977,14.977,14.977,14.977,502,0
2016-03-14,21:00:00,14.937,14.937,14.937,14.937,101,0
2016-03-15,17:05:00,14.927,14.927,14.927,14.927,201,0
2016-03-15,19:50:00,14.927,14.927,14.927,14.927,100,0
2016-03-15,20:00:00,14.917,14.927,14.917,14.927,2412,0
2016-03-15,20:10:00,14.927,14.927,14.927,14.927,2613,0
2016-03-15,20:30:00,15.116,15.125,15.116,15.125,201,0
2016-03-15,20:55:00,15.037,15.126,15.037,15.126,529,0
2016-03-15,21:00:00,15.096,15.176,15.096,15.176,1708,0
2016-03-16,14:35:00,15.076,15.425,15.076,15.425,1186,0
2016-03-16,14:40:00,15.176,15.176,15.176,15.176,100,0
2016-03-16,14:45:00,15.176,15.176,15.176,15.176,301,0
2016-03-16,15:30:00,15.415,15.415,15.315,15.315,201,0
2016-03-16,15:35:00,15.176,15.325,15.176,15.325,7836,0
2016-03-16,15:50:00,15.176,15.176,15.176,15.176,857,0
2016-03-16,16:40:00,15.176,15.176,15.176,15.176,100,0
2016-03-16,17:55:00,15.027,15.027,15.027,15.027,201,0
2016-03-16,18:45:00,14.668,14.668,14.668,14.668,100,0
2016-03-16,18:50:00,14.748,14.748,14.748,14.748,100,0
2016-03-16,19:00:00,14.917,14.927,14.907,14.927,857,0
2016-03-16,20:45:00,14.882,14.882,14.882,14.882,264,0
2016-03-16,21:00:00,14.579,14.579,14.579,14.579,100,0
2016-03-17,14:35:00,14.629,15.027,14.629,15.027,605,0
2016-03-17,15:30:00,14.927,15.007,14.927,15.007,201,0
2016-03-17,16:45:00,14.987,14.987,14.987,14.987,100,0
2016-03-17,19:10:00,14.927,14.927,14.927,14.927,100,0
2016-03-17,19:25:00,14.728,14.728,14.629,14.708,1381,0
2016-03-17,20:15:00,14.629,14.629,14.629,14.629,100,0
2016-03-17,20:45:00,14.629,14.629,14.629,14.629,502,0
2016-03-17,20:55:00,14.668,14.678,14.629,14.629,1706,0
2016-03-18,15:40:00,14.678,14.678,14.678,14.678,500,0
2016-03-18,16:30:00,14.678,14.678,14.678,14.678,100,0
2016-03-18,16:40:00,14.678,14.678,14.678,14.678,100,0
2016-03-18,18:40:00,14.678,14.678,14.668,14.678,301,0
2016-03-18,19:25:00,14.678,14.678,14.629,14.629,201,0
2016-03-18,21:00:00,14.599,14.599,14.589,14.589,510,0
2016-03-21,14:35:00,14.579,14.579,14.579,14.579,176,0
2016-03-21,14:40:00,14.589,14.589,14.579,14.579,301,0
2016-03-21,14:45:00,14.23,14.23,14.23,14.23,100,0
2016-03-21,18:20:00,14.549,14.549,14.549,14.549,100,0
2016-03-21,20:15:00,14.406,14.406,14.406,14.406,502,0
2016-03-21,21:00:00,14.469,14.509,14.29,14.29,301,0
2016-03-22,15:10:00,14.668,14.907,14.668,14.907,2191,0
2016-03-22,15:25:00,14.793,14.907,14.678,14.793,6532,0
2016-03-22,15:50:00,14.841,15.027,14.841,14.927,618,0
2016-03-22,16:05:00,14.927,14.927,14.927,14.927,1105,0
2016-03-22,16:55:00,14.937,14.937,14.937,14.937,100,0
2016-03-22,17:40:00,14.927,14.927,14.927,14.927,201,0
2016-03-22,18:30:00,14.927,14.937,14.902,14.902,467,0
2016-03-22,19:25:00,14.927,14.927,14.927,14.927,2211,0
2016-03-22,19:30:00,14.927,14.927,14.927,14.927,804,0
2016-03-22,20:55:00,14.927,14.927,14.927,14.927,100,0
2016-03-22,21:00:00,14.838,14.838,14.838,14.838,101,0
2016-03-23,21:00:00,14.629,14.688,14.629,14.688,347,0
2016-03-24,15:00:00,14.609,14.609,14.609,14.609,100,0
2016-03-24,15:45:00,14.907,14.907,14.907,14.907,100,0
2016-03-24,17:30:00,14.294,14.294,14.294,14.294,703,0
2016-03-24,18:35:00,14.768,14.828,14.768,14.828,854,0
2016-03-24,20:55:00,14.927,14.927,14.927,14.927,3339,0
2016-03-24,21:00:00,14.838,14.838,14.838,14.838,100,0
2016-03-28,15:35:00,14.748,14.748,14.748,14.748,226,0
2016-03-28,15:45:00,14.728,14.728,14.728,14.728,201,0
2016-03-28,19:45:00,14.569,14.569,14.569,14.569,201,0
2016-03-28,19:50:00,14.578,14.578,14.578,14.578,100,0
2016-03-28,20:40:00,14.42,14.43,14.42,14.43,201,0
2016-03-29,16:40:00,14.927,14.927,14.927,14.927,100,0
2016-03-29,21:25:00,14.678,14.678,14.678,14.678,113,0
2016-03-29,21:55:00,14.505,14.505,14.505,14.505,1005,0
2016-03-29,22:00:00,14.459,14.459,14.459,14.459,450,0
2016-03-30,16:20:00,14.42,14.469,14.42,14.469,201,0
2016-03-30,16:25:00,14.579,14.588,14.579,14.588,201,0
2016-03-30,16:40:00,14.569,14.569,14.569,14.569,100,0
2016-03-30,16:50:00,14.569,14.579,14.569,14.579,201,0
2016-03-30,16:55:00,14.629,14.629,14.629,14.629,203,0
2016-03-30,17:00:00,14.469,14.469,14.469,14.469,100,0
2016-03-30,17:05:00,14.459,14.459,14.459,14.459,100,0
2016-03-30,17:15:00,14.42,14.42,14.42,14.42,100,0
2016-03-30,17:35:00,14.3,14.3,14.3,14.3,402,0
2016-03-30,17:40:00,14.3,14.3,14.3,14.3,100,0
2016-03-30,17:45:00,14.688,14.688,14.688,14.688,201,0
2016-03-30,17:50:00,14.439,14.439,14.439,14.439,100,0
2016-03-30,18:00:00,14.648,14.648,14.648,14.648,201,0
2016-03-30,18:10:00,14.32,14.32,14.32,14.32,100,0
2016-03-30,21:05:00,14.43,14.43,14.29,14.29,402,0
2016-03-30,21:10:00,14.28,14.28,14.28,14.28,100,0
2016-03-30,22:00:00,14.181,14.181,14.181,14.181,203,0
2016-03-31,21:35:00,13.844,13.844,13.842,13.842,394,0
2016-03-31,21:45:00,13.842,13.842,13.842,13.842,100,0
2016-03-31,21:55:00,13.842,13.842,13.842,13.842,100,0
2016-03-31,22:00:00,13.882,13.882,13.793,13.793,1388,0
2016-04-01,18:50:00,14.181,14.181,14.181,14.181,201,0
2016-04-01,19:00:00,14.29,14.29,14.29,14.29,100,0
2016-04-01,19:20:00,14.141,14.28,14.141,14.28,301,0
2016-04-01,19:30:00,14.161,14.28,14.161,14.28,1005,0
2016-04-01,19:35:00,14.609,14.708,14.609,14.708,603,0
2016-04-01,19:50:00,14.31,14.35,14.31,14.35,301,0
2016-04-01,21:35:00,14.091,14.091,13.693,13.693,2412,0
2016-04-01,22:00:00,13.862,13.872,13.653,13.653,1005,0
2016-04-04,15:35:00,14.27,14.27,14.27,14.27,1541,0
2016-04-04,16:10:00,14.101,14.101,14.101,14.101,100,0
2016-04-04,20:05:00,14.007,14.007,14.007,14.007,502,0
2016-04-04,22:00:00,13.584,13.972,13.584,13.633,2316,0
2016-04-05,22:00:00,13.623,13.623,13.623,13.623,100,0
2016-04-06,19:20:00,13.584,13.584,13.434,13.434,1809,0
2016-04-06,20:15:00,13.53,13.533,13.53,13.533,502,0
2016-04-06,20:25:00,13.484,13.484,13.434,13.434,301,0
2016-04-06,21:00:00,13.435,13.435,13.435,13.435,502,0
2016-04-06,21:15:00,13.484,13.484,13.484,13.484,100,0
2016-04-06,21:20:00,13.484,13.484,13.484,13.484,100,0
2016-04-06,21:50:00,13.474,13.474,13.474,13.474,100,0
2016-04-06,22:00:00,13.454,13.454,13.454,13.454,342,0
2016-04-07,20:35:00,13.136,13.146,12.937,12.937,4602,0
2016-04-07,20:40:00,12.539,12.539,12.34,12.34,402,0
2016-04-07,20:45:00,12.648,12.648,12.648,12.648,100,0
2016-04-07,20:50:00,13.223,13.223,13.223,13.223,502,0
2016-04-07,20:55:00,13.186,13.186,13.086,13.086,603,0
2016-04-07,21:25:00,13.454,13.454,13.434,13.434,201,0
2016-04-07,21:30:00,13.504,13.504,13.275,13.405,403,0
2016-04-07,21:35:00,13.265,13.395,13.265,13.265,402,0
2016-04-07,21:40:00,13.424,13.424,13.424,13.424,201,0
2016-04-07,21:45:00,13.395,13.395,13.375,13.384,502,0
2016-04-07,21:50:00,13.424,13.424,13.405,13.424,502,0
2016-04-07,21:55:00,13.424,13.424,13.424,13.424,301,0
2016-04-07,22:00:00,13.414,13.414,13.414,13.414,100,0
2016-04-12,15:35:00,13.385,13.385,13.385,13.385,100,0
2016-04-12,16:55:00,12.937,12.937,12.937,12.937,1009,0
2016-04-12,17:05:00,13.086,13.255,13.086,13.255,1306,0
2016-04-13,17:00:00,13.134,13.146,13.134,13.146,1545,0
2016-04-13,19:20:00,13.285,13.285,13.146,13.146,502,0
2016-04-13,20:40:00,13.245,13.245,13.235,13.235,201,0
2016-04-13,20:45:00,13.385,13.385,13.166,13.166,5125,0
2016-04-13,21:50:00,13.405,13.405,13.405,13.405,100,0
2016-04-13,21:55:00,13.235,13.235,13.235,13.235,201,0
2016-04-13,22:00:00,13.375,13.405,13.375,13.405,703,0
2016-04-14,16:05:00,13.504,13.513,13.504,13.513,201,0
2016-04-14,16:10:00,13.385,13.385,13.385,13.385,100,0
2016-04-14,16:15:00,13.355,13.375,13.315,13.335,2412,0
2016-04-14,16:20:00,13.345,13.345,13.335,13.335,2713,0
2016-04-14,16:25:00,13.434,13.434,13.434,13.434,2512,0
2016-04-14,17:20:00,13.773,13.773,13.773,13.773,100,0
2016-04-14,17:35:00,13.494,13.494,13.484,13.484,2010,0
2016-04-14,17:40:00,13.584,13.584,13.584,13.584,201,0
2016-04-14,18:10:00,13.683,13.683,13.683,13.683,1206,0
2016-04-14,18:20:00,13.584,13.584,13.454,13.534,804,0
2016-04-14,18:25:00,13.544,13.544,13.524,13.534,804,0
2016-04-14,18:30:00,13.584,13.584,13.584,13.584,301,0
2016-04-14,18:40:00,13.584,13.584,13.584,13.584,1005,0
2016-04-14,18:45:00,13.584,13.584,13.584,13.584,904,0
2016-04-14,18:50:00,13.912,13.912,13.912,13.912,100,0
2016-04-14,19:00:00,13.594,13.594,13.594,13.594,201,0
2016-04-14,19:05:00,13.658,13.658,13.658,13.658,1005,0
2016-04-14,19:10:00,13.842,13.842,13.633,13.633,1708,0
2016-04-14,19:15:00,13.683,13.683,13.658,13.658,1809,0
2016-04-14,19:25:00,13.643,13.673,13.643,13.673,1005,0
2016-04-14,19:45:00,13.668,13.668,13.668,13.668,502,0
2016-04-14,19:50:00,13.668,13.668,13.663,13.668,301,0
2016-04-14,20:20:00,13.484,13.683,13.484,13.658,5828,0
2016-04-14,20:30:00,13.584,13.683,13.584,13.683,301,0
2016-04-14,20:45:00,13.594,13.683,13.584,13.683,402,0
2016-04-14,21:00:00,13.683,13.683,13.683,13.683,100,0
2016-04-14,21:05:00,13.683,13.683,13.683,13.683,201,0
2016-04-14,21:10:00,13.832,13.832,13.832,13.832,930,0
2016-04-14,21:20:00,13.604,13.604,13.594,13.594,201,0
2016-04-14,21:35:00,13.683,13.683,13.633,13.633,1105,0
2016-04-14,21:40:00,13.773,13.773,13.773,13.773,4020,0
2016-04-14,21:45:00,13.683,13.932,13.683,13.932,9070,0
2016-04-14,21:50:00,13.882,13.932,13.882,13.932,402,0
2016-04-14,21:55:00,13.683,13.932,13.683,13.693,603,0
2016-04-14,22:00:00,13.614,13.614,13.614,13.614,301,0
2016-04-15,17:15:00,13.587,13.587,13.587,13.587,502,0
2016-04-15,18:00:00,13.922,13.922,13.922,13.922,100,0
2016-04-15,20:55:00,13.683,13.683,13.683,13.683,100,0
2016-04-15,21:55:00,13.623,13.623,13.623,13.623,100,0
2016-04-15,22:00:00,13.683,13.683,13.365,13.365,778,0
2016-04-18,15:35:00,13.225,13.225,13.225,13.225,281,0
2016-04-18,15:40:00,13.783,13.783,13.783,13.783,100,0
2016-04-18,15:50:00,13.783,13.783,13.783,13.783,100,0
2016-04-18,15:55:00,13.783,13.783,13.783,13.783,100,0
2016-04-18,16:00:00,13.783,13.783,13.783,13.783,201,0
2016-04-18,16:05:00,13.783,13.783,13.783,13.783,100,0
2016-04-18,16:10:00,13.783,13.783,13.783,13.783,100,0
2016-04-18,16:15:00,13.783,13.783,13.783,13.783,100,0
2016-04-18,16:20:00,13.783,13.783,13.783,13.783,100,0
2016-04-18,16:25:00,13.783,13.783,13.783,13.783,100,0
2016-04-18,16:30:00,13.783,13.783,13.783,13.783,100,0
2016-04-18,16:35:00,13.783,13.783,13.783,13.783,100,0
2016-04-18,16:40:00,13.783,13.783,13.783,13.783,100,0
2016-04-18,16:45:00,13.783,13.783,13.783,13.783,201,0
2016-04-18,16:50:00,13.783,13.783,13.783,13.783,100,0
2016-04-18,16:55:00,13.783,13.783,13.783,13.783,201,0
2016-04-18,17:00:00,13.783,13.783,13.783,13.783,100,0
2016-04-18,17:05:00,13.783,13.783,13.781,13.781,2723,0
2016-04-18,17:10:00,13.783,13.783,13.783,13.783,201,0
2016-04-18,17:15:00,13.783,13.783,13.783,13.783,100,0
2016-04-18,17:20:00,13.783,13.783,13.783,13.783,100,0
2016-04-18,17:25:00,13.783,13.783,13.783,13.783,100,0
2016-04-18,17:30:00,13.783,13.783,13.783,13.783,100,0
2016-04-18,17:35:00,13.783,13.783,13.783,13.783,100,0
2016-04-18,17:40:00,13.783,13.783,13.783,13.783,100,0
2016-04-18,17:45:00,13.783,13.783,13.783,13.783,100,0
2016-04-18,17:50:00,13.783,13.783,13.783,13.783,100,0
2016-04-18,17:55:00,13.783,13.783,13.783,13.783,100,0
2016-04-18,18:00:00,13.783,13.783,13.783,13.783,100,0
2016-04-18,18:05:00,13.783,13.783,13.783,13.783,100,0
2016-04-18,20:00:00,13.882,13.912,13.882,13.912,1005,0
2016-04-18,20:15:00,13.932,13.932,13.932,13.932,201,0
2016-04-18,20:20:00,13.932,13.932,13.932,13.932,100,0
2016-04-18,21:00:00,13.932,13.932,13.932,13.932,201,0
2016-04-18,21:10:00,14.38,14.38,13.932,13.932,308,0
2016-04-18,21:40:00,13.932,13.932,13.584,13.584,603,0
2016-04-18,22:00:00,13.932,13.932,13.842,13.842,409,0
2016-04-19,16:35:00,13.564,13.564,13.564,13.564,100,0
2016-04-19,17:20:00,13.564,13.574,13.564,13.574,509,0
2016-04-19,18:15:00,13.713,13.713,13.713,13.713,5024,0
2016-04-19,18:25:00,13.813,13.842,13.813,13.842,201,0
2016-04-19,18:35:00,13.842,13.842,13.842,13.842,201,0
2016-04-19,18:50:00,13.748,13.748,13.748,13.748,5024,0
2016-04-19,18:55:00,13.753,13.753,13.753,13.753,4020,0
2016-04-19,19:05:00,13.763,13.783,13.763,13.783,201,0
2016-04-19,19:20:00,13.822,13.832,13.822,13.832,603,0
2016-04-19,20:45:00,13.822,13.832,13.822,13.832,452,0
2016-04-19,20:50:00,13.773,13.773,13.763,13.763,201,0
2016-04-19,21:40:00,13.822,13.832,13.822,13.832,1055,0
2016-04-19,21:45:00,13.763,13.763,13.763,13.763,201,0
2016-04-19,22:00:00,13.822,13.832,13.813,13.832,603,0
2016-04-20,16:00:00,13.882,13.882,13.882,13.882,402,0
2016-04-20,17:40:00,13.783,13.808,13.783,13.783,2211,0
2016-04-20,17:45:00,13.783,13.783,13.783,13.783,100,0
2016-04-20,18:35:00,13.837,13.837,13.832,13.837,22911,0
2016-04-20,19:55:00,13.887,13.902,13.887,13.902,201,0
2016-04-20,21:20:00,13.867,14.081,13.867,14.081,201,0
2016-04-20,22:00:00,13.922,13.922,13.922,13.922,181,0
2016-04-21,15:35:00,14.36,14.36,14.181,14.181,2040,0
2016-04-21,15:40:00,14.181,14.25,14.181,14.25,301,0
2016-04-21,15:50:00,14.041,14.041,14.041,14.041,100,0
2016-04-21,17:00:00,14.181,14.191,14.181,14.181,1105,0
2016-04-21,17:10:00,14.38,14.38,14.38,14.38,201,0
2016-04-21,17:20:00,14.407,14.407,14.407,14.407,137,0
2016-04-21,18:25:00,14.071,14.071,14.022,14.022,201,0
2016-04-21,18:55:00,13.962,13.972,13.962,13.972,201,0
2016-04-21,20:10:00,14.031,14.031,13.962,13.972,3702,0
2016-04-21,20:50:00,13.937,13.942,13.937,13.942,2111,0
2016-04-22,17:00:00,14.32,14.32,14.022,14.022,201,0
2016-04-22,17:50:00,14.199,14.199,14.199,14.199,301,0
2016-04-22,19:45:00,14.29,14.29,14.101,14.101,201,0
2016-04-22,22:00:00,13.683,14.23,13.683,13.852,1027,0
2016-04-25,15:35:00,14.002,14.002,14.002,14.002,502,0
2016-04-25,16:30:00,13.952,14.022,13.763,13.962,2110,0
2016-04-25,16:35:00,13.952,13.952,13.952,13.952,126,0
2016-04-26,15:35:00,13.892,13.892,13.892,13.892,146,0
2016-04-26,16:15:00,13.484,13.484,13.484,13.484,402,0
2016-04-26,16:40:00,14.111,14.111,13.852,13.852,218,0
2016-04-26,16:45:00,13.956,13.956,13.956,13.956,151,0
2016-04-26,16:50:00,13.484,13.683,13.484,13.484,904,0
2016-04-26,17:00:00,13.484,13.683,13.484,13.683,703,0
2016-04-26,17:10:00,13.484,13.683,13.484,13.643,1407,0
2016-04-26,17:20:00,13.663,13.753,13.484,13.653,804,0
2016-04-26,17:25:00,13.643,13.713,13.643,13.713,201,0
2016-04-26,20:00:00,13.703,13.703,13.703,13.703,191,0
2016-04-26,20:10:00,14.151,14.151,14.151,14.151,201,0
2016-04-26,20:15:00,13.952,13.952,13.832,13.832,904,0
2016-04-26,20:55:00,13.922,13.942,13.922,13.942,904,0
2016-04-27,16:10:00,14.21,14.21,14.21,14.21,402,0
2016-04-27,16:15:00,13.942,13.942,13.942,13.942,201,0
2016-04-27,16:20:00,14.392,14.392,14.255,14.255,251,0
2016-04-27,16:25:00,14.255,14.379,14.255,14.255,754,0
2016-04-27,16:30:00,14.315,14.315,14.315,14.315,201,0
2016-04-27,16:35:00,14.379,14.379,14.379,14.379,151,0
2016-04-27,16:40:00,14.26,14.379,14.26,14.379,327,0
2016-04-27,16:50:00,14.26,14.26,13.962,13.962,442,0
2016-04-27,16:55:00,14.257,14.316,13.952,14.089,1221,0
2016-04-27,17:10:00,13.972,13.972,13.972,13.972,201,0
2016-04-27,17:15:00,14.349,14.349,14.181,14.181,352,0
2016-04-27,17:20:00,14.248,14.261,13.952,14.261,678,0
2016-04-27,17:25:00,14.032,14.032,14.032,14.032,100,0
2016-04-27,17:30:00,14.025,14.025,14.025,14.025,201,0
2016-04-27,18:00:00,13.942,13.962,13.922,13.941,1105,0
2016-04-27,18:05:00,13.444,13.444,13.444,13.444,2110,0
2016-04-27,19:15:00,13.504,13.504,13.504,13.504,301,0
2016-04-27,19:40:00,13.544,13.683,13.544,13.544,1363,0
2016-04-27,20:10:00,13.932,13.932,13.932,13.932,1608,0
2016-04-27,20:50:00,14.017,14.017,14.017,14.017,301,0
2016-04-27,20:55:00,13.932,14.072,13.932,14.072,5326,0
2016-04-27,21:00:00,13.851,13.851,13.851,13.851,653,0
2016-04-27,22:00:00,13.942,13.942,13.932,13.932,379,0
2016-04-28,15:55:00,14.071,14.101,13.852,13.852,402,0
2016-04-28,16:10:00,14.011,14.011,14.011,14.011,201,0
2016-04-28,16:25:00,14.011,14.011,14.011,14.011,100,0
2016-04-28,16:45:00,13.957,13.957,13.957,13.957,10049,0
2016-04-28,17:00:00,14.071,14.071,14.071,14.071,100,0
2016-04-28,17:35:00,14.071,14.091,13.902,13.902,603,0
2016-04-28,17:45:00,14,14,14,14,100,0
2016-04-28,18:45:00,13.862,13.862,13.862,13.862,201,0
2016-04-28,18:55:00,13.982,13.982,13.922,13.982,603,0
2016-04-28,19:10:00,14.091,14.091,14.091,14.091,100,0
2016-04-28,19:35:00,13.952,13.952,13.952,13.952,10049,0
2016-04-28,19:50:00,14.091,14.091,14.091,14.091,100,0
2016-04-29,16:15:00,14.111,14.111,14.111,14.111,766,0
2016-04-29,16:30:00,14.151,14.151,14.151,14.151,150029,0
2016-04-29,17:00:00,14.634,14.668,14.36,14.658,1105,0
2016-04-29,17:15:00,14.489,14.927,14.489,14.927,6777,0
2016-04-29,18:40:00,14.877,14.877,14.877,14.877,100,0
2016-04-29,20:55:00,13.889,13.889,13.889,13.889,100,0
2016-04-29,22:00:00,14.619,14.668,14.28,14.28,301,0
2016-05-02,15:35:00,14.529,14.529,14.529,14.529,703,0
2016-05-02,15:45:00,14.53,14.555,14.529,14.555,1204,0
2016-05-02,15:50:00,14.756,14.756,14.756,14.756,199,0
2016-05-02,16:20:00,14.577,14.577,14.577,14.577,653,0
2016-05-02,17:15:00,14.688,14.688,14.688,14.688,226,0
2016-05-02,17:25:00,14.499,14.539,14.499,14.499,301,0
2016-05-02,17:40:00,14.678,14.678,14.678,14.678,100,0
2016-05-02,18:10:00,14.499,14.499,14.499,14.499,117,0
2016-05-02,20:20:00,14.561,14.561,14.561,14.561,433,0
2016-05-02,22:00:00,14.678,14.678,14.668,14.668,754,0
2016-05-03,15:35:00,14.489,14.489,14.489,14.489,243,0
2016-05-03,16:30:00,14.431,14.431,14.431,14.431,151,0
2016-05-03,16:35:00,14.549,14.549,14.431,14.431,377,0
2016-05-03,17:35:00,14.022,14.34,14.022,14.34,460,0
2016-05-03,18:05:00,14.509,14.509,14.509,14.509,100,0
2016-05-03,19:15:00,14.509,14.509,14.474,14.474,502,0
2016-05-03,19:25:00,14.509,14.509,14.509,14.509,301,0
2016-05-03,19:30:00,14.668,14.668,14.629,14.638,402,0
2016-05-03,19:40:00,14.619,14.678,14.619,14.678,502,0
2016-05-03,19:45:00,14.619,14.628,14.619,14.628,201,0
2016-05-03,19:55:00,14.678,14.678,14.678,14.678,402,0
2016-05-03,20:05:00,14.678,14.678,14.678,14.678,402,0
2016-05-03,20:15:00,14.678,14.678,14.678,14.678,502,0
2016-05-03,20:25:00,14.668,14.678,14.668,14.678,402,0
2016-05-03,20:35:00,14.668,14.678,14.668,14.668,402,0
2016-05-03,20:45:00,14.678,14.678,14.678,14.678,402,0
2016-05-03,20:50:00,14.678,14.678,14.678,14.678,301,0
2016-05-03,20:55:00,14.678,14.678,14.678,14.678,402,0
2016-05-03,21:00:00,14.678,14.678,14.678,14.678,402,0
2016-05-03,21:10:00,14.678,14.678,14.678,14.678,402,0
2016-05-03,21:15:00,14.678,14.678,14.678,14.678,301,0
2016-05-03,21:20:00,14.678,14.678,14.678,14.678,402,0
2016-05-03,21:25:00,14.678,14.678,14.678,14.678,402,0
2016-05-03,21:30:00,14.867,14.907,14.678,14.867,1608,0
2016-05-03,21:35:00,14.678,14.748,14.678,14.748,603,0
2016-05-03,21:40:00,14.808,14.907,14.808,14.907,502,0
2016-05-03,21:45:00,14.847,14.867,14.847,14.867,402,0
2016-05-03,21:50:00,14.857,14.897,14.857,14.897,502,0
2016-05-03,21:55:00,14.867,14.907,14.867,14.907,502,0
2016-05-03,22:00:00,14.867,14.927,14.867,14.927,3718,0
2016-05-04,15:35:00,14.917,14.917,14.917,14.917,502,0
2016-05-04,16:25:00,14.897,15.305,14.808,15.146,12526,0
2016-05-04,16:50:00,15.365,15.365,15.365,15.365,100,0
2016-05-04,17:00:00,14.957,14.957,14.957,14.957,100,0
2016-05-04,17:20:00,15.395,15.395,15.395,15.395,100,0
2016-05-04,17:25:00,15.374,15.374,15.374,15.374,151,0
2016-05-04,18:15:00,15.076,15.076,15.076,15.076,100,0
2016-05-04,18:25:00,15.375,15.375,15.375,15.375,100,0
2016-05-04,19:45:00,15.074,15.074,15.074,15.074,1050,0
2016-05-04,19:50:00,15.136,15.136,15.136,15.136,100,0
2016-05-04,20:05:00,15.325,15.325,15.325,15.325,100,0
2016-05-04,21:05:00,15.076,15.076,15.076,15.076,100,0
2016-05-04,21:30:00,15.285,15.285,15.285,15.285,100,0
2016-05-04,21:45:00,15.096,15.096,15.096,15.096,100,0
2016-05-04,22:00:00,15.056,15.056,15.056,15.056,169,0
2016-05-05,15:35:00,15.216,15.216,15.216,15.216,347,0
2016-05-05,16:50:00,14.648,14.648,14.648,14.648,100,0
2016-05-05,16:55:00,15.047,15.047,15.027,15.027,201,0
2016-05-05,17:05:00,15.054,15.054,15.054,15.054,100,0
2016-05-05,17:15:00,14.927,15.182,14.927,15.182,1114,0
2016-05-05,17:20:00,15.315,15.315,15.315,15.315,100,0
2016-05-05,18:00:00,15.325,15.325,15.325,15.325,301,0
2016-05-05,19:00:00,15.226,15.226,15.226,15.226,201,0
2016-05-05,20:00:00,15.216,15.216,15.216,15.216,186,0
2016-05-05,20:50:00,15.226,15.226,15.226,15.226,100,0
2016-05-05,21:00:00,15.216,15.216,15.216,15.216,593,0
2016-05-05,21:20:00,15.226,15.226,15.226,15.226,100,0
2016-05-05,21:25:00,15.216,15.226,15.216,15.226,973,0
2016-05-05,21:45:00,15.226,15.226,15.226,15.226,408,0
2016-05-05,22:00:00,15.246,15.375,15.236,15.236,1407,0
2016-05-06,15:35:00,15.236,15.236,15.236,15.236,201,0
2016-05-06,15:45:00,15.315,15.315,15.315,15.315,100,0
2016-05-06,16:35:00,15.325,15.325,15.325,15.325,29337,0
2016-05-06,17:00:00,15.116,15.116,15.116,15.116,100,0
2016-05-06,17:10:00,15.325,15.325,15.325,15.325,23816,0
2016-05-06,18:40:00,15.166,15.166,15.166,15.166,100,0
2016-05-06,20:40:00,15.186,15.295,15.176,15.249,3618,0
2016-05-06,22:00:00,15.176,15.176,15.176,15.176,100,0
2016-05-09,15:35:00,15.236,15.236,15.236,15.236,251,0
2016-05-09,16:20:00,15.037,15.037,14.828,15.037,502,0
2016-05-09,16:25:00,14.937,15.226,14.857,14.937,2412,0
2016-05-09,16:30:00,14.897,15.196,14.897,15.037,1608,0
2016-05-09,16:35:00,15.096,15.096,14.927,14.977,3316,0
2016-05-09,16:45:00,15.076,15.076,15.076,15.076,643,0
2016-05-09,17:30:00,15.116,15.116,15.106,15.106,201,0
2016-05-09,17:55:00,15.027,15.027,15.027,15.027,100,0
2016-05-09,18:10:00,15.066,15.066,15.066,15.066,100,0
2016-05-09,19:10:00,14.937,14.937,14.937,14.937,107,0
2016-05-09,21:30:00,14.828,14.828,14.828,14.828,100,0
2016-05-09,21:35:00,15.037,15.037,15.037,15.037,100,0
2016-05-10,15:35:00,15.076,15.076,15.076,15.076,301,0
2016-05-10,19:00:00,15.275,15.275,15.275,15.275,25122,0
2016-05-10,19:50:00,15.226,15.226,15.226,15.226,201,0
2016-05-10,20:05:00,15.226,15.226,15.226,15.226,100,0
2016-05-10,20:10:00,15.221,15.221,15.216,15.216,201,0
2016-05-10,20:25:00,15.221,15.221,15.216,15.216,201,0
2016-05-10,22:00:00,15.246,15.246,15.246,15.246,151,0
2016-05-11,15:35:00,15.226,15.226,15.226,15.226,268,0
2016-05-11,16:55:00,15.027,15.216,14.748,15.216,938,0
2016-05-11,17:00:00,14.867,14.867,14.867,14.867,100,0
2016-05-11,17:05:00,14.748,14.748,14.748,14.748,100,0
2016-05-11,17:50:00,14.987,14.987,14.987,14.987,100,0
2016-05-11,19:00:00,14.997,15.007,14.997,15.007,502,0
2016-05-11,19:25:00,14.927,14.927,14.927,14.927,100,0
2016-05-11,20:00:00,14.544,14.544,14.544,14.544,1734,0
2016-05-11,20:30:00,14.798,14.798,14.798,14.798,301,0
2016-05-11,21:20:00,14.997,14.997,14.997,14.997,100,0
2016-05-11,22:00:00,14.997,14.997,14.997,14.997,201,0
2016-05-12,15:50:00,14.778,15.076,14.718,14.937,2434,0
2016-05-12,15:55:00,14.728,14.728,14.728,14.728,100,0
2016-05-12,16:15:00,14.818,14.818,14.818,14.818,100,0
2016-05-12,16:20:00,14.778,14.778,14.778,14.778,100,0
2016-05-12,17:35:00,14.788,14.788,14.778,14.778,201,0
2016-05-12,17:45:00,14.778,14.778,14.778,14.778,201,0
2016-05-12,18:20:00,14.43,14.43,14.43,14.43,100,0
2016-05-12,19:35:00,14.42,14.43,14.42,14.43,201,0
2016-05-12,19:45:00,14.459,14.459,14.459,14.459,301,0
2016-05-12,21:25:00,14.3,14.3,14.3,14.3,1105,0
2016-05-12,21:35:00,15.216,15.216,14.569,14.579,2613,0
2016-05-12,21:40:00,14.29,14.569,14.26,14.569,995,0
2016-05-12,22:00:00,14.728,14.758,14.629,14.638,571,0
2016-05-13,16:15:00,14.947,14.947,14.947,14.947,100,0
2016-05-13,16:40:00,14.783,14.783,14.783,14.783,151,0
2016-05-13,16:45:00,14.828,14.828,14.828,14.828,1915,0
2016-05-13,16:50:00,14.828,14.828,14.828,14.828,100,0
2016-05-13,17:00:00,14.877,14.877,14.877,14.877,100,0
2016-05-13,17:05:00,14.877,15.037,14.877,15.037,502,0
2016-05-13,18:35:00,14.877,15.066,14.877,15.066,201,0
2016-05-13,19:20:00,15.066,15.066,15.066,15.066,100,0
2016-05-13,20:15:00,15.066,15.066,15.066,15.066,100,0
2016-05-13,20:30:00,14.937,14.937,14.937,14.937,201,0
2016-05-13,21:30:00,15.066,15.066,15.066,15.066,100,0
2016-05-13,21:55:00,14.947,14.947,14.867,14.867,201,0
2016-05-13,22:00:00,15.066,15.066,14.857,14.857,201,0
2016-05-16,15:35:00,14.927,14.927,14.927,14.927,217,0
2016-05-16,15:40:00,14.728,14.798,14.728,14.798,507,0
2016-05-16,15:50:00,14.629,14.629,14.629,14.629,100,0
2016-05-16,21:15:00,14.932,14.932,14.932,14.932,185,0
2016-05-16,21:25:00,15.066,15.066,15.066,15.066,100,0
2016-05-16,22:00:00,14.848,14.848,14.549,14.549,452,0
2016-05-17,15:35:00,14.26,14.27,14.26,14.261,629,0
2016-05-17,15:40:00,14.567,14.567,14.567,14.567,100,0
2016-05-17,16:35:00,14.469,14.489,14.469,14.489,402,0
2016-05-17,16:40:00,14.529,14.529,14.33,14.34,603,0
2016-05-17,17:55:00,14.867,14.867,14.867,14.867,100,0
2016-05-17,18:00:00,14.818,14.818,14.818,14.818,100,0
2016-05-17,18:35:00,14.798,14.798,14.798,14.798,100,0
2016-05-17,19:05:00,14.414,14.439,14.414,14.439,1431,0
2016-05-17,19:20:00,14.758,14.758,14.758,14.758,100,0
2016-05-17,19:25:00,14.698,14.698,14.698,14.698,201,0
2016-05-17,19:35:00,14.738,14.768,14.718,14.768,301,0
2016-05-17,19:40:00,14.768,14.768,14.768,14.768,201,0
2016-05-17,21:05:00,14.584,14.584,14.579,14.579,502,0
2016-05-17,21:15:00,14.629,14.724,14.629,14.724,285,0
2016-05-17,21:25:00,14.678,14.768,14.678,14.718,1005,0
2016-05-17,21:30:00,14.629,14.629,14.629,14.629,100,0
2016-05-20,15:40:00,14.643,14.643,14.643,14.643,251,0
2016-05-20,16:35:00,14.877,14.877,14.877,14.877,100,0
2016-05-20,16:50:00,14.479,14.479,14.479,14.479,100,0
2016-05-20,19:10:00,14.847,14.847,14.847,14.847,100,0
2016-05-20,20:20:00,14.778,14.877,14.658,14.658,916,0
2016-05-20,20:55:00,14.768,14.768,14.768,14.768,100,0
2016-05-20,21:10:00,14.629,14.629,14.629,14.629,100,0
2016-05-20,22:00:00,14.758,14.758,14.658,14.658,262,0
2016-05-23,16:15:00,14.798,14.798,14.798,14.798,100,0
2016-05-23,16:35:00,14.678,14.678,14.678,14.678,502,0
2016-05-23,17:15:00,14.531,14.531,14.531,14.531,100,0
2016-05-23,18:10:00,14.529,14.529,14.529,14.529,203,0
2016-05-23,19:05:00,14.539,14.549,14.539,14.549,301,0
2016-05-23,19:35:00,14.539,14.539,14.539,14.539,100,0
2016-05-23,20:15:00,14.539,14.539,14.539,14.539,301,0
2016-05-23,21:05:00,14.549,14.549,14.549,14.549,201,0
2016-05-23,21:30:00,14.549,14.549,14.549,14.549,100,0
2016-05-23,21:35:00,14.788,14.788,14.788,14.788,100,0
2016-05-23,21:45:00,14.549,14.549,14.549,14.549,201,0
2016-05-23,21:55:00,14.798,14.798,14.798,14.798,100,0
2016-05-23,22:00:00,14.708,14.793,14.708,14.793,201,0
2016-05-24,18:10:00,14.778,14.778,14.778,14.778,352,0
2016-05-24,21:35:00,14.43,14.499,14.43,14.43,1809,0
2016-05-25,15:35:00,14.39,14.39,14.39,14.39,163,0
2016-05-25,16:15:00,14.698,14.728,14.579,14.728,2500,0
2016-05-25,16:20:00,14.971,14.971,14.971,14.971,100,0
2016-05-25,17:15:00,14.678,14.678,14.678,14.678,100,0
2016-05-25,17:20:00,14.763,14.763,14.695,14.695,1005,0
2016-05-25,20:55:00,14.847,14.847,14.847,14.847,2935,0
2016-05-25,21:00:00,14.927,14.927,14.927,14.927,100,0
2016-05-25,21:20:00,14.865,14.865,14.865,14.865,1005,0
2016-05-25,21:55:00,14.927,14.927,14.927,14.927,100,0
2016-05-27,18:45:00,14.29,14.29,14.29,14.29,124,0
2016-05-27,19:00:00,14.738,14.738,14.29,14.499,2808,0
2016-05-27,19:10:00,14.549,14.549,14.529,14.529,201,0
2016-05-27,19:45:00,14.599,14.599,14.539,14.539,703,0
2016-05-27,19:50:00,14.609,14.658,14.609,14.648,502,0
2016-05-27,19:55:00,14.638,14.648,14.638,14.648,201,0
2016-05-27,20:00:00,14.619,14.619,14.589,14.589,301,0
2016-05-27,20:05:00,14.609,14.609,14.609,14.609,201,0
2016-05-27,20:40:00,14.599,14.599,14.599,14.599,100,0
2016-05-27,20:45:00,14.609,14.639,14.609,14.639,201,0
2016-05-31,19:50:00,14.38,14.529,14.37,14.37,603,0
2016-06-01,16:20:00,13.922,13.922,13.424,13.424,584,0
2016-06-01,16:50:00,14.131,14.34,14.131,14.34,402,0
2016-06-01,16:55:00,14.111,14.32,14.111,14.32,1909,0
2016-06-01,17:00:00,14.25,14.25,14.25,14.25,100,0
2016-06-01,17:05:00,14.26,14.26,14.241,14.241,201,0
2016-06-01,17:30:00,14.439,14.439,14.439,14.439,100,0
2016-06-01,18:15:00,14.917,14.917,14.658,14.658,201,0
2016-06-01,21:05:00,14.449,14.449,14.449,14.449,100,0
2016-06-02,19:25:00,14.569,14.569,14.569,14.569,100,0
2016-06-02,20:30:00,13.892,13.892,13.892,13.892,100,0
2016-06-02,21:20:00,14.131,14.131,14.131,14.131,100,0
2016-06-03,17:00:00,14.368,14.368,14.368,14.368,100,0
2016-06-03,21:25:00,13.932,14.355,13.932,14.34,4120,0
2016-06-03,21:30:00,14.31,14.31,14.091,14.23,3115,0
2016-06-06,17:40:00,14.43,14.857,14.43,14.857,334,0
2016-06-06,21:55:00,14.449,14.449,14.439,14.439,221,0
2016-06-07,15:35:00,14.459,14.459,14.459,14.459,100,0
2016-06-07,15:45:00,13.564,13.564,13.564,13.564,100,0
2016-06-07,16:30:00,14.648,14.648,14.648,14.648,201,0
2016-06-07,16:35:00,14.34,14.41,13.952,14.4,2010,0
2016-06-07,17:10:00,14.33,14.33,14.33,14.33,4924,0
2016-06-07,17:15:00,14.33,14.33,14.33,14.33,100,0
2016-06-07,17:25:00,14.33,14.33,14.33,14.33,1708,0
2016-06-08,18:40:00,14.91,15.05,14.37,15.04,54856,0
2016-06-08,18:50:00,15,15.0095,15,15,2601,0
2016-06-08,18:55:00,14.99,15,14.8901,14.99,610,0
2016-06-08,19:10:00,14.6,15,14.6,14.6101,10687,0
2016-06-08,19:15:00,14.6,14.94,14.6,14.94,4615,0
2016-06-08,19:20:00,14.7,14.7,14.7,14.7,100,0
2016-06-08,19:55:00,14.63,14.63,14.63,14.63,400,0
2016-06-08,20:40:00,14.515,14.665,14.48,14.665,8996,0
2016-06-08,21:15:00,14.78,14.78,14.68,14.78,500,0
2016-06-08,21:20:00,14.78,14.78,14.65,14.75,700,0
2016-06-08,21:25:00,14.75,14.78,14.75,14.78,300,0
2016-06-08,21:30:00,14.89,14.89,14.88,14.88,300,0
2016-06-08,21:35:00,14.86,14.95,14.86,14.93,600,0
2016-06-08,21:40:00,14.91,14.95,14.83,14.8399,900,0
2016-06-08,21:45:00,14.83,15,14.83,15,1600,0
2016-06-08,21:50:00,14.99,14.99,14.9,14.9499,2000,0
2016-06-08,21:55:00,14.96,15,14.95,15,3846,0
2016-06-08,22:00:00,14.84,14.87,14.48,14.48,4657,0
2016-06-09,15:35:00,14.52,14.52,14.52,14.52,115,0
2016-06-09,17:00:00,14.5,14.5,14.5,14.5,100,0
2016-06-09,17:50:00,14.67,14.67,14.67,14.67,100,0
2016-06-09,17:55:00,14.93,14.93,14.93,14.93,100,0
2016-06-09,18:00:00,14.78,14.78,14.75,14.75,300,0
2016-06-09,18:20:00,14.52,14.52,14.52,14.52,100,0
2016-06-09,18:30:00,14.75,15,14.75,15,637,0
2016-06-09,18:35:00,15,15,15,15,300,0
2016-06-09,18:40:00,14.89,15,14.89,15,800,0
2016-06-09,18:50:00,14.95,15,14.95,14.98,400,0
2016-06-09,18:55:00,14.96,15,14.96,14.97,400,0
2016-06-09,19:05:00,14.95,14.98,14.93,14.93,300,0
2016-06-09,19:10:00,14.92,14.95,14.92,14.95,300,0
2016-06-09,19:15:00,14.98,15,14.94,14.94,300,0
2016-06-09,19:20:00,14.97,15,14.97,15,400,0
2016-06-09,19:25:00,15,15,14.96,15,800,0
2016-06-09,19:30:00,14.95,15,14.95,14.98,2600,0
2016-06-09,21:05:00,15.2,15.2,15.2,15.2,100,0
2016-06-09,21:35:00,15.18,15.18,15.18,15.18,100,0
2016-06-09,21:50:00,15.19,15.1999,15.16,15.1999,400,0
2016-06-09,22:00:00,15.18,15.18,15.18,15.18,100,0
2016-06-10,15:35:00,15.24,15.24,15.24,15.24,419,0
2016-06-10,16:20:00,15.02,15.02,15.02,15.02,100,0
2016-06-10,18:50:00,15.05,15.1,15.05,15.1,400,0
2016-06-10,21:20:00,15.1,15.1,15.1,15.1,1701,0
2016-06-10,22:00:00,15.24,15.24,15.24,15.24,100,0
2016-06-13,16:50:00,15.04,15.0785,15.04,15.0785,300,0
2016-06-13,17:50:00,15.1,15.1,15.1,15.1,100,0
2016-06-13,20:00:00,15.07,15.15,15.01,15.15,1900,0
2016-06-13,22:00:00,15.2399,15.24,15.23,15.24,400,0
2016-06-14,16:15:00,15.1,15.1,15.1,15.1,100,0
2016-06-14,18:10:00,15.1,15.1,15.1,15.1,300,0
2016-06-14,18:15:00,15.1,15.15,14.98,15.12,1900,0
2016-06-14,18:20:00,15.2,15.25,15.08,15.19,1837,0
2016-06-14,18:25:00,15.14,15.3,15.14,15.3,1820,0
2016-06-14,18:30:00,15.35,15.35,15.28,15.28,200,0
2016-06-14,21:20:00,15.41,15.41,15.41,15.41,750,0
2016-06-14,21:25:00,15.42,15.5,15.4101,15.5,300,0
2016-06-14,21:50:00,15.43,15.43,15.43,15.43,1400,0
2016-06-14,21:55:00,15.41,15.4795,15.41,15.4795,1300,0
2016-06-14,22:00:00,15.45,15.45,15.45,15.45,200,0
2016-06-15,15:35:00,15.5,15.5,15.5,15.5,118,0
2016-06-15,15:55:00,15.28,15.35,15.28,15.35,4200,0
2016-06-15,16:25:00,15.3,15.3,15.3,15.3,100,0
2016-06-15,16:35:00,15.3,15.3,15.3,15.3,100,0
2016-06-15,16:40:00,15.3,15.3,14.85,14.85,300,0
2016-06-15,16:45:00,15.32,15.32,15.32,15.32,100,0
2016-06-15,16:55:00,15.325,15.325,15.325,15.325,100,0
2016-06-15,17:05:00,15.325,15.325,15.325,15.325,100,0
2016-06-15,17:15:00,15.325,15.325,15.325,15.325,100,0
2016-06-15,17:25:00,15.3,15.3,15.3,15.3,100,0
2016-06-15,17:35:00,15.3,15.3,15.3,15.3,100,0
2016-06-15,17:45:00,15.3,15.3,15.3,15.3,100,0
2016-06-15,17:55:00,15.31,15.31,15.31,15.31,100,0
2016-06-15,18:05:00,15.3,15.3,15.3,15.3,100,0
2016-06-15,18:15:00,15.32,15.32,15.32,15.32,100,0
2016-06-15,18:25:00,15.33,15.33,15.33,15.33,100,0
2016-06-15,18:35:00,15.325,15.35,15.325,15.35,1300,0
2016-06-15,18:40:00,15.35,15.35,15.35,15.35,1000,0
2016-06-15,18:45:00,15.3,15.3,15.3,15.3,100,0
2016-06-15,18:55:00,15.35,15.35,15.35,15.35,100,0
2016-06-15,19:05:00,15.35,15.35,15.35,15.35,100,0
2016-06-15,20:55:00,15.15,15.15,15.15,15.15,200,0
2016-06-15,21:10:00,15.35,15.4,15.325,15.4,1000,0
2016-06-15,21:20:00,15.35,15.43,15.3,15.42,3132,0
2016-06-15,21:40:00,14.5564,15.4,14.5564,15.4,2101,0
2016-06-15,22:00:00,15.4,15.5,15.4,15.5,318,0
2016-06-16,16:20:00,15.45,15.5,15.45,15.5,990,0
2016-06-16,16:30:00,15.5,15.67,15.5,15.67,2450,0
2016-06-16,16:35:00,15.38,15.5,15.38,15.5,1600,0
2016-06-16,16:45:00,15.475,15.5,15.475,15.5,500,0
2016-06-16,16:55:00,15.475,15.5,15.475,15.5,500,0
2016-06-16,17:05:00,15.475,15.5,15.475,15.5,500,0
2016-06-16,17:15:00,15.48,15.5,15.475,15.5,500,0
2016-06-16,17:25:00,15.475,15.5,15.45,15.45,700,0
2016-06-16,17:35:00,15.475,15.5,15.475,15.5,500,0
2016-06-16,17:40:00,15.45,15.45,15.45,15.45,100,0
2016-06-16,17:45:00,15.48,15.5,15.48,15.5,500,0
2016-06-16,17:50:00,15.45,15.45,15.45,15.45,200,0
2016-06-16,17:55:00,15.49,15.49,15.45,15.45,300,0
2016-06-16,18:05:00,15.45,15.45,15.45,15.45,300,0
2016-06-16,18:15:00,15.45,15.5,15.45,15.5,400,0
2016-06-16,18:25:00,15.45,15.5,15.45,15.5,300,0
2016-06-16,18:35:00,15.5,15.5,15.5,15.5,3000,0
2016-06-16,18:40:00,15.5,15.5,15.5,15.5,300,0
2016-06-16,18:45:00,15.515,15.515,15.5,15.5,412,0
2016-06-16,18:55:00,15.45,15.45,15.45,15.45,287,0
2016-06-16,19:30:00,15.49,15.49,15.45,15.45,1000,0
2016-06-16,19:40:00,15.257,15.44,15.257,15.44,300,0
2016-06-16,19:50:00,15.45,15.45,15.45,15.45,100,0
2016-06-16,20:00:00,15.44,15.44,15.44,15.44,100,0
2016-06-16,20:10:00,15.45,15.45,15.45,15.45,100,0
2016-06-16,20:15:00,15.3,15.3,15.3,15.3,200,0
2016-06-16,20:20:00,15.43,15.43,15.43,15.43,100,0
2016-06-16,20:30:00,15.35,15.35,15.35,15.35,100,0
2016-06-16,20:55:00,15.35,15.35,15.35,15.35,150,0
2016-06-16,21:00:00,15.35,15.35,15.35,15.35,200,0
2016-06-16,21:15:00,15.35,15.35,15.35,15.35,100,0
2016-06-16,21:20:00,15.42,15.42,15.35,15.35,200,0
2016-06-16,21:25:00,15.35,15.35,15.35,15.35,200,0
2016-06-16,21:30:00,15.45,15.45,15.45,15.45,100,0
2016-06-16,21:40:00,15.42,15.42,15.42,15.42,100,0
2016-06-16,22:00:00,15.45,15.45,15.45,15.45,300,0
2016-06-17,15:35:00,15.5,15.5,15.5,15.5,187,0
2016-06-17,16:15:00,15.5,15.5,15.5,15.5,400,0
2016-06-17,17:15:00,15.435,15.435,15.303,15.303,425,0
2016-06-17,18:15:00,15.5,15.5,15.5,15.5,1000,0
2016-06-17,18:20:00,15.5,15.5,15.5,15.5,500,0
2016-06-17,18:30:00,15.49,15.49,15.48,15.48,500,0
2016-06-17,18:55:00,15.55,15.55,15.55,15.55,300,0
2016-06-17,19:05:00,15.352,15.352,15.35,15.35,2000,0
2016-06-17,19:15:00,15.5,15.5,15.5,15.5,100,0
2016-06-17,19:25:00,15.5,15.5,15.5,15.5,100,0
2016-06-17,19:30:00,15.5,15.5,15.5,15.5,100,0
2016-06-17,19:40:00,15.5,15.5,15.5,15.5,200,0
2016-06-17,19:50:00,15.5,15.5,15.5,15.5,100,0
2016-06-17,19:55:00,15.5,15.5,15.5,15.5,100,0
2016-06-17,20:00:00,15.5,15.5,15.5,15.5,100,0
2016-06-17,20:10:00,15.5,15.5,15.5,15.5,200,0
2016-06-17,20:20:00,15.49,15.49,15.49,15.49,100,0
2016-06-17,20:30:00,15.49,15.5,15.49,15.5,200,0
2016-06-17,20:40:00,15.5,15.5,15.5,15.5,100,0
2016-06-17,20:45:00,15.5,15.5,15.5,15.5,100,0
2016-06-17,20:50:00,15.5,15.5,15.5,15.5,100,0
2016-06-17,20:55:00,15.5,15.5,15.5,15.5,100,0
2016-06-17,21:00:00,15.5,15.5,15.5,15.5,100,0
2016-06-17,21:10:00,15.5,15.5,15.5,15.5,200,0
2016-06-17,21:15:00,15.5,15.5,15.5,15.5,100,0
2016-06-17,21:25:00,15.5,15.5,15.5,15.5,300,0
2016-06-17,21:40:00,15.5,15.5,15.5,15.5,200,0
2016-06-17,22:00:00,15.5,15.5,15.43,15.43,842,0
2016-06-21,15:35:00,15.14,15.14,15.14,15.14,500,0
2016-06-21,17:05:00,15.4,15.4,15.4,15.4,100,0
2016-06-21,17:15:00,15.16,15.16,15.16,15.16,100,0
2016-06-21,17:20:00,15.35,15.35,15.35,15.35,100,0
2016-06-21,18:30:00,15.39,15.39,15.39,15.39,100,0
2016-06-21,19:30:00,15.4,15.4,15.4,15.4,460,0
2016-06-21,19:50:00,15.4,15.4,15.4,15.4,100,0
2016-06-21,20:00:00,15.4,15.4,15.4,15.4,100,0
2016-06-21,20:10:00,15.4,15.4,15.4,15.4,600,0
2016-06-21,20:20:00,15.4,15.4,15.4,15.4,1138,0
2016-06-21,20:50:00,15.36,15.36,15.36,15.36,100,0
2016-06-21,21:10:00,15.34,15.374,15.34,15.374,1340,0
2016-06-21,22:00:00,14.98,14.98,14.98,14.98,400,0
2016-06-23,16:35:00,15.2,15.2,15.2,15.2,100,0
2016-06-23,18:35:00,15.19,15.19,15.19,15.19,100,0
2016-06-23,20:00:00,15.19,15.19,15.19,15.19,100,0
2016-06-23,20:15:00,15.2,15.2,15.17,15.17,200,0
2016-06-23,20:45:00,15.419,15.419,15.419,15.419,116,0
2016-06-23,21:00:00,15.05,15.05,15.05,15.05,100,0
2016-06-23,22:00:00,15.41,15.41,15.15,15.15,339,0
2016-06-24,15:35:00,15,15,15,15,249,0
2016-06-24,17:10:00,15.2044,15.2044,15.2044,15.2044,230,0
2016-06-24,21:30:00,15.12,15.12,15.12,15.12,100,0
2016-06-27,15:35:00,15.1,15.1,15.1,15.1,300,0
2016-06-27,17:10:00,15.1,15.25,15.1,15.25,400,0
2016-06-27,20:10:00,15.15,15.1504,15.15,15.1504,500,0
2016-06-27,20:35:00,15.1402,15.1402,15.1402,15.1402,345,0
2016-06-28,17:55:00,15.2033,15.2033,15.2033,15.2033,300,0
2016-06-28,18:05:00,15.2071,15.2071,15.2071,15.2071,250,0
2016-06-28,18:55:00,15.24,15.24,15.23,15.23,400,0
2016-06-28,19:50:00,15.24,15.24,15.2384,15.2384,460,0
2016-06-28,21:15:00,15.4,15.4,15.4,15.4,200,0
2016-06-29,17:40:00,15.4001,15.4001,15.4001,15.4001,135,0
2016-06-29,20:10:00,15.49,15.49,15.49,15.49,100,0
2016-06-30,17:10:00,15.68,15.68,15.68,15.68,100,0
2016-06-30,19:45:00,15.49,15.49,15.49,15.49,100,0
2016-06-30,20:10:00,15.55,15.55,15.55,15.55,1295,0
2016-06-30,20:15:00,15.55,15.55,15.55,15.55,700,0
2016-06-30,21:30:00,15.136,15.136,15.136,15.136,150,0
2016-06-30,22:00:00,15.22,15.22,15.22,15.22,461,0
2016-07-01,16:15:00,15.1999,15.1999,15.1,15.1499,300,0
2016-07-01,16:20:00,15.15,15.15,15.15,15.15,290,0
2016-07-01,16:25:00,14.56,14.8,14.56,14.8,200,0
2016-07-01,19:15:00,14.3307,14.3307,14.3307,14.3307,224,0
2016-07-01,19:20:00,14.87,14.87,14.8505,14.8505,200,0
2016-07-01,19:55:00,15.26,15.3,15.06,15.3,1000,0
2016-07-01,20:05:00,15.3,15.3,15.22,15.25,2100,0
2016-07-01,20:15:00,15.29,15.3,15.29,15.3,600,0
2016-07-01,20:25:00,15.3,15.3,15.3,15.3,300,0
2016-07-01,20:30:00,15.29,15.2995,15.29,15.2995,200,0
2016-07-01,20:35:00,15.3,15.3,15.3,15.3,100,0
2016-07-01,20:40:00,15.5,15.5,15.4,15.5,1000,0
2016-07-01,20:50:00,15.5,15.5,15.49,15.5,936,0
2016-07-01,21:00:00,15.5,15.5,15.5,15.5,1145,0
2016-07-01,21:10:00,15.5,15.5,15.5,15.5,300,0
2016-07-01,21:20:00,15.5,15.5,15.5,15.5,400,0
2016-07-01,22:00:00,15.5,15.5,15.5,15.5,100,0
