Date,Time,Open,High,Low,Close,Volume,OpenInt
2016-06-16,15:35:00,4.5,4.52,4.455,4.499,1187039,0
2016-06-16,15:40:00,4.5,4.6,4.4992,4.5799,3293979,0
2016-06-16,15:45:00,4.575,4.63,4.57,4.6099,1647478,0
2016-06-16,15:50:00,4.6062,4.61,4.58,4.5872,913265,0
2016-06-16,15:55:00,4.5801,4.59,4.55,4.58,847706,0
2016-06-16,16:00:00,4.58,4.6,4.58,4.5901,347834,0
2016-06-16,16:05:00,4.595,4.63,4.59,4.62,837114,0
2016-06-16,16:10:00,4.6192,4.62,4.6,4.6063,351213,0
2016-06-16,16:15:00,4.6,4.63,4.6,4.63,886505,0
2016-06-16,16:20:00,4.6299,4.63,4.61,4.6144,261680,0
2016-06-16,16:25:00,4.615,4.62,4.6,4.605,277326,0
2016-06-16,16:30:00,4.6,4.61,4.58,4.5844,499770,0
2016-06-16,16:35:00,4.585,4.5864,4.55,4.5599,718258,0
2016-06-16,16:40:00,4.56,4.5699,4.52,4.52,358738,0
2016-06-16,16:45:00,4.52,4.55,4.52,4.54,251472,0
2016-06-16,16:50:00,4.54,4.54,4.52,4.53,181968,0
2016-06-16,16:55:00,4.535,4.54,4.51,4.5201,367626,0
2016-06-16,17:00:00,4.52,4.56,4.52,4.5499,337247,0
2016-06-16,17:05:00,4.55,4.565,4.54,4.5499,191667,0
2016-06-16,17:10:00,4.54,4.55,4.53,4.53,143105,0
2016-06-16,17:15:00,4.5301,4.58,4.53,4.575,453119,0
2016-06-16,17:20:00,4.575,4.58,4.55,4.57,269679,0
2016-06-16,17:25:00,4.565,4.59,4.56,4.585,255297,0
2016-06-16,17:30:00,4.585,4.6,4.57,4.59,613610,0
2016-06-16,17:35:00,4.5961,4.62,4.59,4.6,455882,0
2016-06-16,17:40:00,4.605,4.63,4.6,4.61,303480,0
2016-06-16,17:45:00,4.61,4.63,4.6,4.615,259051,0
2016-06-16,17:50:00,4.61,4.62,4.59,4.6028,231272,0
2016-06-16,17:55:00,4.6,4.62,4.6,4.615,218361,0
2016-06-16,18:00:00,4.6182,4.62,4.61,4.62,95829,0
2016-06-16,18:05:00,4.615,4.62,4.605,4.615,141496,0
2016-06-16,18:10:00,4.6176,4.62,4.6,4.615,130995,0
2016-06-16,18:15:00,4.615,4.62,4.6,4.6199,139105,0
2016-06-16,18:20:00,4.6199,4.65,4.61,4.645,472578,0
2016-06-16,18:25:00,4.65,4.67,4.64,4.665,986660,0
2016-06-16,18:30:00,4.67,4.68,4.66,4.6699,333430,0
2016-06-16,18:35:00,4.66,4.68,4.66,4.679,234171,0
2016-06-16,18:40:00,4.6799,4.69,4.66,4.685,436119,0
2016-06-16,18:45:00,4.685,4.7,4.6718,4.7,423850,0
2016-06-16,18:50:00,4.695,4.7,4.68,4.6959,294441,0
2016-06-16,18:55:00,4.695,4.7,4.68,4.68,251614,0
2016-06-16,19:00:00,4.685,4.69,4.66,4.675,234981,0
2016-06-16,19:05:00,4.67,4.69,4.67,4.685,258895,0
2016-06-16,19:10:00,4.685,4.6899,4.65,4.675,262837,0
2016-06-16,19:15:00,4.6799,4.69,4.66,4.6693,181520,0
2016-06-16,19:20:00,4.66,4.67,4.65,4.655,150531,0
2016-06-16,19:25:00,4.6562,4.67,4.65,4.655,92889,0
2016-06-16,19:30:00,4.66,4.66,4.63,4.63,195863,0
2016-06-16,19:35:00,4.6301,4.645,4.62,4.6399,210055,0
2016-06-16,19:40:00,4.6326,4.66,4.63,4.65,94000,0
2016-06-16,19:45:00,4.66,4.66,4.64,4.6499,105104,0
2016-06-16,19:50:00,4.645,4.65,4.63,4.6363,143419,0
2016-06-16,19:55:00,4.64,4.64,4.63,4.6399,50728,0
2016-06-16,20:00:00,4.635,4.65,4.62,4.6301,182615,0
2016-06-16,20:05:00,4.6399,4.66,4.635,4.6599,54034,0
2016-06-16,20:10:00,4.655,4.66,4.64,4.645,107209,0
2016-06-16,20:15:00,4.64,4.655,4.64,4.645,107486,0
2016-06-16,20:20:00,4.645,4.675,4.64,4.665,206641,0
2016-06-16,20:25:00,4.665,4.67,4.6501,4.655,125529,0
2016-06-16,20:30:00,4.655,4.66,4.64,4.655,120518,0
2016-06-16,20:35:00,4.655,4.66,4.64,4.645,92040,0
2016-06-16,20:40:00,4.645,4.65,4.64,4.645,65802,0
2016-06-16,20:45:00,4.65,4.66,4.64,4.66,73705,0
2016-06-16,20:50:00,4.66,4.67,4.65,4.6699,300172,0
2016-06-16,20:55:00,4.665,4.69,4.66,4.69,300002,0
2016-06-16,21:00:00,4.69,4.69,4.67,4.68,248429,0
2016-06-16,21:05:00,4.675,4.68,4.67,4.675,83795,0
2016-06-16,21:10:00,4.6761,4.7,4.6703,4.695,299112,0
2016-06-16,21:15:00,4.695,4.7,4.69,4.7,550561,0
2016-06-16,21:20:00,4.695,4.7,4.68,4.68,647930,0
2016-06-16,21:25:00,4.685,4.7,4.68,4.6991,532922,0
2016-06-16,21:30:00,4.7,4.74,4.69,4.725,1111698,0
2016-06-16,21:35:00,4.7261,4.73,4.71,4.725,599707,0
2016-06-16,21:40:00,4.72,4.73,4.7,4.7101,626719,0
2016-06-16,21:45:00,4.715,4.73,4.71,4.73,267400,0
2016-06-16,21:50:00,4.725,4.73,4.72,4.725,398552,0
2016-06-16,21:55:00,4.725,4.73,4.72,4.725,678795,0
2016-06-16,22:00:00,4.73,4.75,4.72,4.75,2105220,0
2016-06-17,15:35:00,4.75,4.77,4.68,4.75,2885686,0
2016-06-17,15:40:00,4.75,4.76,4.7,4.7299,754847,0
2016-06-17,15:45:00,4.72,4.76,4.715,4.75,553026,0
2016-06-17,15:50:00,4.7499,4.77,4.72,4.77,1801121,0
2016-06-17,15:55:00,4.77,4.805,4.76,4.8001,1173568,0
2016-06-17,16:00:00,4.81,4.85,4.8,4.8483,440753,0
2016-06-17,16:05:00,4.85,4.89,4.84,4.875,1006164,0
2016-06-17,16:10:00,4.8701,4.92,4.87,4.915,794291,0
2016-06-17,16:15:00,4.9132,4.95,4.89,4.9362,1046619,0
2016-06-17,16:20:00,4.9399,4.97,4.92,4.97,938154,0
2016-06-17,16:25:00,4.965,4.99,4.95,4.97,1751204,0
2016-06-17,16:30:00,4.9799,5.02,4.97,5.01,2372527,0
2016-06-17,16:35:00,5.01,5.05,4.99,5.0401,1434874,0
2016-06-17,16:40:00,5.045,5.1192,5.02,5.11,1507000,0
2016-06-17,16:45:00,5.1,5.17,5.09,5.17,1620627,0
2016-06-17,16:50:00,5.17,5.18,5.06,5.0826,2805894,0
2016-06-17,16:55:00,5.09,5.1,5.06,5.0699,771776,0
2016-06-17,17:00:00,5.07,5.0718,5.02,5.05,1243640,0
2016-06-17,17:05:00,5.0599,5.06,5.03,5.05,488735,0
2016-06-17,17:10:00,5.05,5.1,5.05,5.085,712907,0
2016-06-17,17:15:00,5.0801,5.09,5.06,5.0762,880329,0
2016-06-17,17:20:00,5.075,5.13,5.07,5.1199,707911,0
2016-06-17,17:25:00,5.11,5.14,5.1099,5.12,492495,0
2016-06-17,17:30:00,5.12,5.14,5.07,5.075,622699,0
2016-06-17,17:35:00,5.0761,5.12,5.06,5.12,477673,0
2016-06-17,17:40:00,5.1199,5.12,5.08,5.115,293723,0
2016-06-17,17:45:00,5.11,5.13,5.105,5.12,291068,0
2016-06-17,17:50:00,5.12,5.12,5.09,5.11,689746,0
2016-06-17,17:55:00,5.11,5.17,5.105,5.17,804620,0
2016-06-17,18:00:00,5.17,5.17,5.14,5.17,640078,0
2016-06-17,18:05:00,5.165,5.2,5.165,5.19,691085,0
2016-06-17,18:10:00,5.185,5.2,5.175,5.194,523140,0
2016-06-17,18:15:00,5.195,5.24,5.19,5.225,671656,0
2016-06-17,18:20:00,5.23,5.2367,5.185,5.2028,1093364,0
2016-06-17,18:25:00,5.205,5.21,5.18,5.185,419824,0
2016-06-17,18:30:00,5.185,5.2,5.18,5.19,332272,0
2016-06-17,18:35:00,5.195,5.195,5.15,5.16,527660,0
2016-06-17,18:40:00,5.16,5.19,5.151,5.17,370045,0
2016-06-17,18:45:00,5.17,5.2,5.17,5.19,313115,0
2016-06-17,18:50:00,5.19,5.19,5.15,5.1501,365356,0
2016-06-17,18:55:00,5.15,5.155,5.08,5.12,1162667,0
2016-06-17,19:00:00,5.11,5.115,5.08,5.1,524458,0
2016-06-17,19:05:00,5.095,5.1,5.06,5.09,534568,0
2016-06-17,19:10:00,5.0862,5.13,5.08,5.125,1342345,0
2016-06-17,19:15:00,5.13,5.15,5.11,5.111,614944,0
2016-06-17,19:20:00,5.12,5.16,5.11,5.1499,839108,0
2016-06-17,19:25:00,5.145,5.16,5.1401,5.155,195512,0
2016-06-17,19:30:00,5.16,5.16,5.13,5.14,423133,0
2016-06-17,19:35:00,5.14,5.15,5.14,5.145,122576,0
2016-06-17,19:40:00,5.15,5.16,5.14,5.15,256350,0
2016-06-17,19:45:00,5.15,5.16,5.14,5.15,302272,0
2016-06-17,19:50:00,5.155,5.16,5.13,5.1401,264969,0
2016-06-17,19:55:00,5.15,5.16,5.13,5.145,296806,0
2016-06-17,20:00:00,5.1433,5.155,5.14,5.14,210993,0
2016-06-17,20:05:00,5.14,5.17,5.14,5.17,273157,0
2016-06-17,20:10:00,5.17,5.18,5.16,5.1601,372266,0
2016-06-17,20:15:00,5.162,5.18,5.16,5.1662,164929,0
2016-06-17,20:20:00,5.165,5.19,5.16,5.17,472622,0
2016-06-17,20:25:00,5.1701,5.195,5.17,5.19,370026,0
2016-06-17,20:30:00,5.19,5.2,5.1741,5.1856,700753,0
2016-06-17,20:35:00,5.18,5.19,5.16,5.19,237284,0
2016-06-17,20:40:00,5.19,5.2,5.18,5.195,431098,0
2016-06-17,20:45:00,5.2,5.2,5.18,5.1931,310685,0
2016-06-17,20:50:00,5.2,5.21,5.19,5.205,589095,0
2016-06-17,20:55:00,5.2026,5.21,5.2,5.205,195287,0
2016-06-17,21:00:00,5.205,5.22,5.19,5.2,552290,0
2016-06-17,21:05:00,5.207,5.21,5.18,5.2,465670,0
2016-06-17,21:10:00,5.195,5.21,5.18,5.2099,337926,0
2016-06-17,21:15:00,5.2001,5.22,5.19,5.22,496303,0
2016-06-17,21:20:00,5.2105,5.22,5.2,5.21,448710,0
2016-06-17,21:25:00,5.22,5.22,5.2,5.21,750667,0
2016-06-17,21:30:00,5.22,5.24,5.21,5.235,879258,0
2016-06-17,21:35:00,5.2399,5.24,5.21,5.215,818035,0
2016-06-17,21:40:00,5.21,5.22,5.2,5.21,1049619,0
2016-06-17,21:45:00,5.22,5.23,5.21,5.225,783609,0
2016-06-17,21:50:00,5.23,5.23,5.22,5.225,315838,0
2016-06-17,21:55:00,5.225,5.24,5.22,5.225,1158395,0
2016-06-17,22:00:00,5.22,5.27,5.22,5.26,5935286,0
2016-06-20,15:35:00,5.39,5.45,5.32,5.395,2453646,0
2016-06-20,15:40:00,5.39,5.395,5.275,5.2899,1889669,0
2016-06-20,15:45:00,5.28,5.29,5.21,5.235,1990357,0
2016-06-20,15:50:00,5.2398,5.26,5.23,5.24,1120283,0
2016-06-20,15:55:00,5.2499,5.25,5.19,5.205,1673849,0
2016-06-20,16:00:00,5.21,5.215,5.17,5.18,660893,0
2016-06-20,16:05:00,5.18,5.28,5.1701,5.27,1374425,0
2016-06-20,16:10:00,5.265,5.28,5.225,5.265,681252,0
2016-06-20,16:15:00,5.27,5.28,5.255,5.265,465547,0
2016-06-20,16:20:00,5.265,5.34,5.26,5.3072,913219,0
2016-06-20,16:25:00,5.301,5.325,5.28,5.29,641480,0
2016-06-20,16:30:00,5.29,5.32,5.28,5.315,399604,0
2016-06-20,16:35:00,5.3175,5.355,5.3,5.355,501925,0
2016-06-20,16:40:00,5.3584,5.38,5.3499,5.37,822884,0
2016-06-20,16:45:00,5.365,5.38,5.36,5.3614,435812,0
2016-06-20,16:50:00,5.37,5.37,5.35,5.37,275767,0
2016-06-20,16:55:00,5.37,5.37,5.33,5.3402,798790,0
2016-06-20,17:00:00,5.3467,5.36,5.33,5.33,393612,0
2016-06-20,17:05:00,5.33,5.36,5.32,5.3499,377429,0
2016-06-20,17:10:00,5.35,5.365,5.3401,5.3539,316803,0
2016-06-20,17:15:00,5.36,5.36,5.31,5.315,470466,0
2016-06-20,17:20:00,5.3199,5.329,5.29,5.3,501075,0
2016-06-20,17:25:00,5.3,5.3097,5.26,5.26,318234,0
2016-06-20,17:30:00,5.26,5.3,5.25,5.276,566608,0
2016-06-20,17:35:00,5.275,5.2799,5.23,5.244,316010,0
2016-06-20,17:40:00,5.24,5.26,5.24,5.25,427096,0
2016-06-20,17:45:00,5.255,5.26,5.23,5.23,192601,0
2016-06-20,17:50:00,5.23,5.245,5.205,5.2299,870748,0
2016-06-20,17:55:00,5.2228,5.23,5.21,5.21,333542,0
2016-06-20,18:00:00,5.21,5.24,5.21,5.222,496655,0
2016-06-20,18:05:00,5.2227,5.23,5.21,5.225,421137,0
2016-06-20,18:10:00,5.225,5.23,5.21,5.22,513272,0
2016-06-20,18:15:00,5.22,5.23,5.2,5.22,567948,0
2016-06-20,18:20:00,5.22,5.24,5.215,5.231,275405,0
2016-06-20,18:25:00,5.23,5.25,5.22,5.2499,451990,0
2016-06-20,18:30:00,5.2485,5.25,5.23,5.2475,244391,0
2016-06-20,18:35:00,5.24,5.25,5.24,5.25,190139,0
2016-06-20,18:40:00,5.25,5.25,5.22,5.22,217865,0
2016-06-20,18:45:00,5.22,5.23,5.2,5.215,301468,0
2016-06-20,18:50:00,5.215,5.22,5.2,5.21,222927,0
2016-06-20,18:55:00,5.2099,5.215,5.2,5.205,497769,0
2016-06-20,19:00:00,5.2,5.21,5.18,5.19,630945,0
2016-06-20,19:05:00,5.19,5.2,5.18,5.199,358462,0
2016-06-20,19:10:00,5.1915,5.21,5.19,5.2,502704,0
2016-06-20,19:15:00,5.195,5.21,5.15,5.1501,665362,0
2016-06-20,19:20:00,5.15,5.17,5.15,5.17,249739,0
2016-06-20,19:25:00,5.16,5.175,5.15,5.165,355220,0
2016-06-20,19:30:00,5.165,5.17,5.15,5.1599,321026,0
2016-06-20,19:35:00,5.155,5.17,5.15,5.1537,616644,0
2016-06-20,19:40:00,5.155,5.17,5.15,5.165,191061,0
2016-06-20,19:45:00,5.165,5.17,5.15,5.155,415547,0
2016-06-20,19:50:00,5.16,5.17,5.15,5.16,264379,0
2016-06-20,19:55:00,5.16,5.17,5.155,5.165,192209,0
2016-06-20,20:00:00,5.163,5.17,5.15,5.16,345298,0
2016-06-20,20:05:00,5.155,5.16,5.1,5.1197,757317,0
2016-06-20,20:10:00,5.115,5.15,5.1,5.135,502526,0
2016-06-20,20:15:00,5.135,5.15,5.125,5.15,259134,0
2016-06-20,20:20:00,5.1437,5.15,5.1,5.115,506298,0
2016-06-20,20:25:00,5.115,5.15,5.11,5.14,451438,0
2016-06-20,20:30:00,5.135,5.14,5.12,5.14,136498,0
2016-06-20,20:35:00,5.135,5.14,5.13,5.135,110161,0
2016-06-20,20:40:00,5.135,5.17,5.135,5.155,365143,0
2016-06-20,20:45:00,5.1525,5.17,5.15,5.16,355513,0
2016-06-20,20:50:00,5.165,5.175,5.15,5.165,443873,0
2016-06-20,20:55:00,5.1699,5.18,5.16,5.179,127428,0
2016-06-20,21:00:00,5.18,5.18,5.16,5.1601,258932,0
2016-06-20,21:05:00,5.16,5.17,5.15,5.1665,395156,0
2016-06-20,21:10:00,5.165,5.17,5.155,5.165,447506,0
2016-06-20,21:15:00,5.165,5.1775,5.16,5.165,374469,0
2016-06-20,21:20:00,5.165,5.17,5.16,5.165,127593,0
2016-06-20,21:25:00,5.17,5.18,5.16,5.17,388509,0
2016-06-20,21:30:00,5.16,5.1678,5.14,5.14,259363,0
2016-06-20,21:35:00,5.14,5.15,5.13,5.145,278213,0
2016-06-20,21:40:00,5.14,5.15,5.12,5.13,736093,0
2016-06-20,21:45:00,5.1337,5.14,5.13,5.13,236959,0
2016-06-20,21:50:00,5.1375,5.14,5.11,5.11,439689,0
2016-06-20,21:55:00,5.11,5.12,5.11,5.11,659840,0
2016-06-20,22:00:00,5.11,5.12,5.09,5.095,1748264,0
2016-06-21,15:35:00,5.1,5.2,5.09,5.19,1245341,0
2016-06-21,15:40:00,5.189,5.24,5.18,5.22,1024537,0
2016-06-21,15:45:00,5.2101,5.24,5.19,5.24,621347,0
2016-06-21,15:50:00,5.231,5.29,5.23,5.29,844115,0
2016-06-21,15:55:00,5.285,5.29,5.2301,5.26,1053931,0
2016-06-21,16:00:00,5.251,5.3,5.25,5.3,798879,0
2016-06-21,16:05:00,5.295,5.3,5.26,5.28,903493,0
2016-06-21,16:10:00,5.27,5.32,5.27,5.314,864414,0
2016-06-21,16:15:00,5.31,5.34,5.3,5.3301,462905,0
2016-06-21,16:20:00,5.33,5.36,5.33,5.3499,803436,0
2016-06-21,16:25:00,5.345,5.35,5.28,5.3499,1118178,0
2016-06-21,16:30:00,5.35,5.37,5.34,5.365,554343,0
2016-06-21,16:35:00,5.3699,5.37,5.33,5.34,338249,0
2016-06-21,16:40:00,5.345,5.38,5.34,5.36,520230,0
2016-06-21,16:45:00,5.365,5.38,5.36,5.375,366362,0
2016-06-21,16:50:00,5.37,5.39,5.36,5.38,868203,0
2016-06-21,16:55:00,5.385,5.385,5.35,5.3699,645223,0
2016-06-21,17:00:00,5.36,5.38,5.31,5.325,623124,0
2016-06-21,17:05:00,5.32,5.35,5.29,5.3428,865998,0
2016-06-21,17:10:00,5.345,5.37,5.34,5.365,629789,0
2016-06-21,17:15:00,5.3699,5.38,5.34,5.38,443422,0
2016-06-21,17:20:00,5.38,5.4,5.375,5.3963,547672,0
2016-06-21,17:25:00,5.395,5.41,5.37,5.39,670709,0
2016-06-21,17:30:00,5.39,5.39,5.37,5.3784,272432,0
2016-06-21,17:35:00,5.3773,5.38,5.34,5.35,742397,0
2016-06-21,17:40:00,5.35,5.38,5.345,5.375,276488,0
2016-06-21,17:45:00,5.375,5.38,5.36,5.365,156453,0
2016-06-21,17:50:00,5.36,5.375,5.35,5.375,230089,0
2016-06-21,17:55:00,5.375,5.38,5.3414,5.3533,267833,0
2016-06-21,18:00:00,5.3599,5.36,5.3401,5.36,173264,0
2016-06-21,18:05:00,5.3519,5.365,5.34,5.35,298287,0
2016-06-21,18:10:00,5.35,5.36,5.34,5.36,161803,0
2016-06-21,18:15:00,5.355,5.36,5.34,5.345,197411,0
2016-06-21,18:20:00,5.35,5.36,5.345,5.355,63292,0
2016-06-21,18:25:00,5.355,5.36,5.35,5.36,73210,0
2016-06-21,18:30:00,5.355,5.36,5.35,5.355,163824,0
2016-06-21,18:35:00,5.355,5.36,5.35,5.3501,51154,0
2016-06-21,18:40:00,5.35,5.37,5.35,5.35,280230,0
2016-06-21,18:45:00,5.35,5.37,5.35,5.36,159197,0
2016-06-21,18:50:00,5.3699,5.37,5.35,5.3599,131266,0
2016-06-21,18:55:00,5.3525,5.37,5.34,5.37,172600,0
2016-06-21,19:00:00,5.37,5.37,5.36,5.36,63974,0
2016-06-21,19:05:00,5.365,5.37,5.355,5.36,186636,0
2016-06-21,19:10:00,5.3625,5.38,5.36,5.38,180191,0
2016-06-21,19:15:00,5.38,5.38,5.37,5.375,111431,0
2016-06-21,19:20:00,5.3785,5.38,5.37,5.375,46657,0
2016-06-21,19:25:00,5.3701,5.38,5.36,5.365,218968,0
2016-06-21,19:30:00,5.37,5.38,5.36,5.3625,143073,0
2016-06-21,19:35:00,5.364,5.37,5.35,5.35,124463,0
2016-06-21,19:40:00,5.355,5.36,5.31,5.32,284489,0
2016-06-21,19:45:00,5.32,5.355,5.32,5.35,336711,0
2016-06-21,19:50:00,5.35,5.35,5.32,5.33,171673,0
2016-06-21,19:55:00,5.33,5.345,5.32,5.33,158227,0
2016-06-21,20:00:00,5.3201,5.365,5.3201,5.35,257243,0
2016-06-21,20:05:00,5.36,5.36,5.35,5.355,37304,0
2016-06-21,20:10:00,5.35,5.37,5.35,5.365,181922,0
2016-06-21,20:15:00,5.36,5.37,5.36,5.361,59482,0
2016-06-21,20:20:00,5.36,5.38,5.36,5.375,239289,0
2016-06-21,20:25:00,5.38,5.4,5.37,5.395,475668,0
2016-06-21,20:30:00,5.395,5.41,5.38,5.405,784625,0
2016-06-21,20:35:00,5.4001,5.42,5.4,5.415,271475,0
2016-06-21,20:40:00,5.415,5.47,5.41,5.465,1157179,0
2016-06-21,20:45:00,5.47,5.48,5.45,5.47,806876,0
2016-06-21,20:50:00,5.465,5.48,5.451,5.4713,587524,0
2016-06-21,20:55:00,5.47,5.49,5.47,5.48,488038,0
2016-06-21,21:00:00,5.485,5.49,5.46,5.48,610704,0
2016-06-21,21:05:00,5.479,5.48,5.43,5.44,608722,0
2016-06-21,21:10:00,5.44,5.45,5.42,5.45,590288,0
2016-06-21,21:15:00,5.445,5.47,5.4401,5.4511,351222,0
2016-06-21,21:20:00,5.45,5.48,5.44,5.48,578454,0
2016-06-21,21:25:00,5.48,5.49,5.46,5.464,521183,0
2016-06-21,21:30:00,5.465,5.5,5.465,5.47,564565,0
2016-06-21,21:35:00,5.47,5.475,5.45,5.45,332971,0
2016-06-21,21:40:00,5.4599,5.47,5.45,5.47,345272,0
2016-06-21,21:45:00,5.4601,5.47,5.46,5.465,257662,0
2016-06-21,21:50:00,5.47,5.47,5.46,5.46,379859,0
2016-06-21,21:55:00,5.465,5.47,5.46,5.465,412628,0
2016-06-21,22:00:00,5.465,5.47,5.45,5.45,1752522,0
2016-06-22,15:35:00,5.46,5.52,5.43,5.4401,1986737,0
2016-06-22,15:40:00,5.44,5.45,5.37,5.39,1101879,0
2016-06-22,15:45:00,5.385,5.385,5.35,5.36,988448,0
2016-06-22,15:50:00,5.3599,5.37,5.33,5.345,1034179,0
2016-06-22,15:55:00,5.345,5.44,5.34,5.4,984082,0
2016-06-22,16:00:00,5.3993,5.4,5.35,5.35,316346,0
2016-06-22,16:05:00,5.3599,5.37,5.34,5.35,747819,0
2016-06-22,16:10:00,5.35,5.38,5.34,5.36,563361,0
2016-06-22,16:15:00,5.3673,5.37,5.3501,5.36,259831,0
2016-06-22,16:20:00,5.36,5.37,5.34,5.35,426462,0
2016-06-22,16:25:00,5.345,5.37,5.32,5.3332,807853,0
2016-06-22,16:30:00,5.335,5.34,5.28,5.3,790344,0
2016-06-22,16:35:00,5.305,5.32,5.28,5.31,435246,0
2016-06-22,16:40:00,5.3101,5.32,5.29,5.3,445062,0
2016-06-22,16:45:00,5.29,5.32,5.28,5.31,965019,0
2016-06-22,16:50:00,5.31,5.33,5.301,5.325,425073,0
2016-06-22,16:55:00,5.33,5.36,5.33,5.3499,528839,0
2016-06-22,17:00:00,5.35,5.35,5.32,5.325,340807,0
2016-06-22,17:05:00,5.33,5.35,5.32,5.3475,359537,0
2016-06-22,17:10:00,5.345,5.35,5.33,5.335,172138,0
2016-06-22,17:15:00,5.33,5.37,5.33,5.3663,784478,0
2016-06-22,17:20:00,5.365,5.37,5.36,5.36,110603,0
2016-06-22,17:25:00,5.36,5.37,5.35,5.35,290457,0
2016-06-22,17:30:00,5.3585,5.37,5.35,5.37,518924,0
2016-06-22,17:35:00,5.37,5.37,5.32,5.32,345260,0
2016-06-22,17:40:00,5.32,5.34,5.32,5.32,382521,0
2016-06-22,17:45:00,5.33,5.33,5.31,5.325,246208,0
2016-06-22,17:50:00,5.325,5.33,5.32,5.33,184426,0
2016-06-22,17:55:00,5.33,5.33,5.27,5.27,755644,0
2016-06-22,18:00:00,5.275,5.29,5.27,5.285,467196,0
2016-06-22,18:05:00,5.28,5.29,5.27,5.285,321664,0
2016-06-22,18:10:00,5.284,5.29,5.22,5.24,752326,0
2016-06-22,18:15:00,5.24,5.245,5.22,5.225,497626,0
2016-06-22,18:20:00,5.225,5.23,5.16,5.1601,737755,0
2016-06-22,18:25:00,5.16,5.19,5.12,5.1492,883809,0
2016-06-22,18:30:00,5.145,5.17,5.14,5.17,545571,0
2016-06-22,18:35:00,5.1668,5.19,5.155,5.19,562690,0
2016-06-22,18:40:00,5.19,5.2,5.14,5.14,389089,0
2016-06-22,18:45:00,5.1499,5.16,5.11,5.115,484839,0
2016-06-22,18:50:00,5.113,5.13,5.1,5.13,671462,0
2016-06-22,18:55:00,5.13,5.14,5.1,5.11,417699,0
2016-06-22,19:00:00,5.109,5.12,5.06,5.0701,1212125,0
2016-06-22,19:05:00,5.07,5.1,5.03,5.03,1055600,0
2016-06-22,19:10:00,5.0399,5.04,4.97,4.99,1958148,0
2016-06-22,19:15:00,4.98,5.02,4.96,5,1105827,0
2016-06-22,19:20:00,4.99,5.04,4.99,5.04,747062,0
2016-06-22,19:25:00,5.05,5.095,5.03,5.04,1151739,0
2016-06-22,19:30:00,5.03,5.08,5.03,5.055,533225,0
2016-06-22,19:35:00,5.06,5.09,5.055,5.0893,389181,0
2016-06-22,19:40:00,5.09,5.09,5.02,5.0585,878016,0
2016-06-22,19:45:00,5.055,5.06,5.04,5.05,242175,0
2016-06-22,19:50:00,5.05,5.07,5.04,5.04,290377,0
2016-06-22,19:55:00,5.04,5.06,5.04,5.0518,278357,0
2016-06-22,20:00:00,5.055,5.06,5.04,5.0425,257235,0
2016-06-22,20:05:00,5.045,5.07,5.03,5.07,463276,0
2016-06-22,20:10:00,5.07,5.07,5.05,5.05,125868,0
2016-06-22,20:15:00,5.055,5.06,5.05,5.05,141559,0
2016-06-22,20:20:00,5.05,5.06,5.01,5.015,348469,0
2016-06-22,20:25:00,5.01,5.02,5,5.005,517758,0
2016-06-22,20:30:00,5,5.06,5,5.05,690871,0
2016-06-22,20:35:00,5.045,5.05,5.03,5.03,253767,0
2016-06-22,20:40:00,5.03,5.035,5.01,5.01,187940,0
2016-06-22,20:45:00,5.01,5.04,5.005,5.03,395288,0
2016-06-22,20:50:00,5.035,5.0399,5,5.015,275546,0
2016-06-22,20:55:00,5.02,5.05,5.015,5.035,306302,0
2016-06-22,21:00:00,5.035,5.05,5.03,5.035,157482,0
2016-06-22,21:05:00,5.035,5.08,5.02,5.06,712601,0
2016-06-22,21:10:00,5.065,5.08,5.04,5.045,479008,0
2016-06-22,21:15:00,5.045,5.12,5.04,5.085,841111,0
2016-06-22,21:20:00,5.085,5.12,5.08,5.11,476066,0
2016-06-22,21:25:00,5.115,5.12,5.06,5.06,673435,0
2016-06-22,21:30:00,5.06,5.09,5.06,5.07,534750,0
2016-06-22,21:35:00,5.075,5.085,5.06,5.06,448934,0
2016-06-22,21:40:00,5.065,5.07,5.05,5.05,406670,0
2016-06-22,21:45:00,5.054,5.06,5.02,5.02,559046,0
2016-06-22,21:50:00,5.025,5.03,5.01,5.01,440520,0
2016-06-22,21:55:00,5.015,5.03,5,5.02,1133869,0
2016-06-22,22:00:00,5.03,5.03,5.02,5.025,1579825,0
2016-06-23,15:35:00,5.17,5.2,5.13,5.1501,1809221,0
2016-06-23,15:40:00,5.155,5.18,5.1,5.13,1084652,0
2016-06-23,15:45:00,5.135,5.1382,5.1,5.115,925455,0
2016-06-23,15:50:00,5.11,5.135,5.07,5.07,1381614,0
2016-06-23,15:55:00,5.07,5.1075,5.06,5.061,751800,0
2016-06-23,16:00:00,5.06,5.1,5.05,5.1,580937,0
2016-06-23,16:05:00,5.11,5.15,5.105,5.135,576761,0
2016-06-23,16:10:00,5.135,5.1437,5.12,5.13,445268,0
2016-06-23,16:15:00,5.1338,5.17,5.12,5.14,592811,0
2016-06-23,16:20:00,5.145,5.17,5.14,5.1607,308849,0
2016-06-23,16:25:00,5.1699,5.19,5.16,5.1799,522880,0
2016-06-23,16:30:00,5.175,5.19,5.145,5.145,383061,0
2016-06-23,16:35:00,5.145,5.18,5.14,5.155,360789,0
2016-06-23,16:40:00,5.155,5.17,5.1401,5.15,377231,0
2016-06-23,16:45:00,5.15,5.1699,5.145,5.16,336269,0
2016-06-23,16:50:00,5.16,5.17,5.145,5.17,245082,0
2016-06-23,16:55:00,5.17,5.18,5.17,5.175,128821,0
2016-06-23,17:00:00,5.175,5.19,5.17,5.1801,459115,0
2016-06-23,17:05:00,5.185,5.23,5.165,5.225,836826,0
2016-06-23,17:10:00,5.2225,5.26,5.21,5.2362,1024837,0
2016-06-23,17:15:00,5.231,5.235,5.2,5.22,553403,0
2016-06-23,17:20:00,5.22,5.23,5.21,5.225,161804,0
2016-06-23,17:25:00,5.23,5.24,5.21,5.225,361175,0
2016-06-23,17:30:00,5.225,5.24,5.22,5.239,119331,0
2016-06-23,17:35:00,5.23,5.235,5.185,5.22,486215,0
2016-06-23,17:40:00,5.2101,5.24,5.21,5.2199,223270,0
2016-06-23,17:45:00,5.215,5.22,5.2,5.2099,98918,0
2016-06-23,17:50:00,5.209,5.22,5.2,5.205,287920,0
2016-06-23,17:55:00,5.205,5.23,5.205,5.215,160798,0
2016-06-23,18:00:00,5.21,5.22,5.2,5.205,218875,0
2016-06-23,18:05:00,5.205,5.22,5.2035,5.215,118814,0
2016-06-23,18:10:00,5.215,5.22,5.21,5.22,121181,0
2016-06-23,18:15:00,5.22,5.22,5.2,5.21,419169,0
2016-06-23,18:20:00,5.205,5.22,5.205,5.215,130953,0
2016-06-23,18:25:00,5.22,5.22,5.2,5.2092,140397,0
2016-06-23,18:30:00,5.201,5.21,5.2,5.205,37304,0
2016-06-23,18:35:00,5.205,5.21,5.19,5.195,197881,0
2016-06-23,18:40:00,5.195,5.2,5.19,5.195,95322,0
2016-06-23,18:45:00,5.195,5.2,5.19,5.1945,136373,0
2016-06-23,18:50:00,5.19,5.21,5.19,5.21,179086,0
2016-06-23,18:55:00,5.21,5.216,5.19,5.2,235170,0
2016-06-23,19:00:00,5.195,5.2,5.19,5.195,52836,0
2016-06-23,19:05:00,5.195,5.21,5.19,5.21,148584,0
2016-06-23,19:10:00,5.205,5.21,5.19,5.21,123917,0
2016-06-23,19:15:00,5.205,5.21,5.2,5.21,32388,0
2016-06-23,19:20:00,5.21,5.22,5.19,5.22,413096,0
2016-06-23,19:25:00,5.22,5.22,5.2,5.21,98501,0
2016-06-23,19:30:00,5.205,5.21,5.19,5.195,196618,0
2016-06-23,19:35:00,5.2,5.21,5.1901,5.194,117373,0
2016-06-23,19:40:00,5.2,5.21,5.19,5.21,87162,0
2016-06-23,19:45:00,5.205,5.21,5.19,5.2,199706,0
2016-06-23,19:50:00,5.195,5.21,5.19,5.195,192499,0
2016-06-23,19:55:00,5.19,5.2,5.18,5.195,272067,0
2016-06-23,20:00:00,5.195,5.2,5.19,5.2,154365,0
2016-06-23,20:05:00,5.2,5.2,5.19,5.2,153785,0
2016-06-23,20:10:00,5.195,5.2,5.19,5.195,39270,0
2016-06-23,20:15:00,5.2,5.2,5.19,5.1925,214582,0
2016-06-23,20:20:00,5.2,5.2,5.18,5.18,303677,0
2016-06-23,20:25:00,5.19,5.19,5.18,5.19,165980,0
2016-06-23,20:30:00,5.18,5.19,5.18,5.19,220153,0
2016-06-23,20:35:00,5.19,5.2,5.17,5.18,484610,0
2016-06-23,20:40:00,5.18,5.185,5.16,5.18,339277,0
2016-06-23,20:45:00,5.175,5.18,5.17,5.18,41810,0
2016-06-23,20:50:00,5.18,5.19,5.17,5.18,561947,0
2016-06-23,20:55:00,5.175,5.19,5.17,5.1807,106316,0
2016-06-23,21:00:00,5.19,5.19,5.18,5.19,42983,0
2016-06-23,21:05:00,5.185,5.19,5.18,5.19,77316,0
2016-06-23,21:10:00,5.19,5.19,5.17,5.17,211449,0
2016-06-23,21:15:00,5.171,5.19,5.1701,5.19,113020,0
2016-06-23,21:20:00,5.1852,5.2,5.181,5.2,162467,0
2016-06-23,21:25:00,5.2,5.2,5.19,5.2,115079,0
2016-06-23,21:30:00,5.2,5.2,5.19,5.2,78248,0
2016-06-23,21:35:00,5.2,5.2,5.19,5.2,232613,0
2016-06-23,21:40:00,5.195,5.2,5.175,5.185,299774,0
2016-06-23,21:45:00,5.19,5.2,5.18,5.2,355727,0
2016-06-23,21:50:00,5.2,5.2,5.19,5.19,491474,0
2016-06-23,21:55:00,5.195,5.21,5.195,5.21,600382,0
2016-06-23,22:00:00,5.205,5.21,5.2,5.21,1678612,0
2016-06-24,15:35:00,4.82,4.84,4.76,4.79,2982981,0
2016-06-24,15:40:00,4.7953,4.98,4.79,4.98,1930902,0
2016-06-24,15:45:00,4.9798,5.05,4.97,4.99,1596951,0
2016-06-24,15:50:00,4.9999,5.01,4.95,4.9801,933013,0
2016-06-24,15:55:00,4.9801,5,4.97,5,520960,0
2016-06-24,16:00:00,5,5.05,4.995,5.038,1053751,0
2016-06-24,16:05:00,5.03,5.0675,5.025,5.05,671060,0
2016-06-24,16:10:00,5.06,5.06,5.02,5.0362,880208,0
2016-06-24,16:15:00,5.04,5.05,5.02,5.04,442123,0
2016-06-24,16:20:00,5.0385,5.04,5,5.0045,648993,0
2016-06-24,16:25:00,5.01,5.02,4.955,4.98,848529,0
2016-06-24,16:30:00,4.98,4.99,4.95,4.96,565522,0
2016-06-24,16:35:00,4.96,5,4.96,4.9738,441041,0
2016-06-24,16:40:00,4.97,5,4.97,5,305588,0
2016-06-24,16:45:00,4.99,5.02,4.99,5.01,369477,0
2016-06-24,16:50:00,5.01,5.03,5.01,5.015,235405,0
2016-06-24,16:55:00,5.01,5.015,5,5.0075,194031,0
2016-06-24,17:00:00,5.005,5.03,5,5.01,302239,0
2016-06-24,17:05:00,5.005,5.01,4.99,5,292111,0
2016-06-24,17:10:00,5,5.02,4.99,5.02,118335,0
2016-06-24,17:15:00,5.02,5.02,4.99,5.01,207548,0
2016-06-24,17:20:00,5.01,5.01,4.99,5,185548,0
2016-06-24,17:25:00,4.993,5.005,4.98,4.985,273999,0
2016-06-24,17:30:00,4.99,4.99,4.97,4.985,284420,0
2016-06-24,17:35:00,4.98,5,4.9701,4.98,145265,0
2016-06-24,17:40:00,4.98,5,4.975,4.986,175563,0
2016-06-24,17:45:00,4.985,5,4.97,4.98,165663,0
2016-06-24,17:50:00,4.985,5,4.97,4.98,328678,0
2016-06-24,17:55:00,4.98,4.99,4.97,4.975,115106,0
2016-06-24,18:00:00,4.98,4.99,4.97,4.975,139962,0
2016-06-24,18:05:00,4.98,4.98,4.97,4.97,86641,0
2016-06-24,18:10:00,4.975,4.98,4.95,4.96,268268,0
2016-06-24,18:15:00,4.955,4.96,4.93,4.9301,383570,0
2016-06-24,18:20:00,4.93,4.95,4.93,4.95,183670,0
2016-06-24,18:25:00,4.95,4.95,4.92,4.93,261184,0
2016-06-24,18:30:00,4.925,4.93,4.91,4.93,249144,0
2016-06-24,18:35:00,4.92,4.93,4.91,4.91,160648,0
2016-06-24,18:40:00,4.91,4.915,4.88,4.8899,550536,0
2016-06-24,18:45:00,4.885,4.89,4.86,4.874,320494,0
2016-06-24,18:50:00,4.875,4.88,4.86,4.865,223798,0
2016-06-24,18:55:00,4.865,4.87,4.85,4.85,565115,0
2016-06-24,19:00:00,4.855,4.866,4.83,4.83,460177,0
2016-06-24,19:05:00,4.8372,4.87,4.825,4.855,391760,0
2016-06-24,19:10:00,4.856,4.86,4.83,4.836,266523,0
2016-06-24,19:15:00,4.83,4.87,4.83,4.867,163936,0
2016-06-24,19:20:00,4.87,4.89,4.8636,4.89,247068,0
2016-06-24,19:25:00,4.8883,4.9,4.87,4.876,107706,0
2016-06-24,19:30:00,4.875,4.88,4.86,4.865,194608,0
2016-06-24,19:35:00,4.86,4.9,4.86,4.9,197898,0
2016-06-24,19:40:00,4.9,4.91,4.8925,4.91,176860,0
2016-06-24,19:45:00,4.9,4.91,4.88,4.885,228820,0
2016-06-24,19:50:00,4.88,4.89,4.865,4.88,185863,0
2016-06-24,19:55:00,4.8766,4.88,4.86,4.88,127649,0
2016-06-24,20:00:00,4.88,4.88,4.86,4.88,155746,0
2016-06-24,20:05:00,4.88,4.9,4.87,4.87,88213,0
2016-06-24,20:10:00,4.87,4.89,4.87,4.872,153868,0
2016-06-24,20:15:00,4.875,4.88,4.86,4.87,209638,0
2016-06-24,20:20:00,4.87,4.87,4.845,4.85,298561,0
2016-06-24,20:25:00,4.85,4.87,4.85,4.865,185373,0
2016-06-24,20:30:00,4.86,4.88,4.86,4.8718,260425,0
2016-06-24,20:35:00,4.8728,4.88,4.845,4.859,240614,0
2016-06-24,20:40:00,4.85,4.85,4.83,4.84,308938,0
2016-06-24,20:45:00,4.84,4.865,4.835,4.85,272294,0
2016-06-24,20:50:00,4.845,4.8599,4.8301,4.855,195445,0
2016-06-24,20:55:00,4.859,4.88,4.8549,4.88,167009,0
2016-06-24,21:00:00,4.8799,4.895,4.87,4.8799,229969,0
2016-06-24,21:05:00,4.88,4.91,4.87,4.905,220063,0
2016-06-24,21:10:00,4.91,4.91,4.88,4.895,181615,0
2016-06-24,21:15:00,4.895,4.9,4.89,4.9,199604,0
2016-06-24,21:20:00,4.895,4.91,4.88,4.885,207543,0
2016-06-24,21:25:00,4.885,4.89,4.88,4.89,150205,0
2016-06-24,21:30:00,4.885,4.9,4.88,4.885,322531,0
2016-06-24,21:35:00,4.89,4.9,4.875,4.89,503541,0
2016-06-24,21:40:00,4.885,4.9,4.88,4.89,252161,0
2016-06-24,21:45:00,4.889,4.91,4.88,4.895,424576,0
2016-06-24,21:50:00,4.9,4.93,4.89,4.915,616674,0
2016-06-24,21:55:00,4.915,4.925,4.91,4.91,842399,0
2016-06-24,22:00:00,4.915,4.92,4.86,4.88,4236721,0
2016-06-27,15:35:00,4.88,4.97,4.87,4.965,1021825,0
2016-06-27,15:40:00,4.96,5.04,4.96,5.025,1131554,0
2016-06-27,15:45:00,5.02,5.05,4.98,5.0021,933423,0
2016-06-27,15:50:00,5,5.005,4.9438,4.9615,524719,0
2016-06-27,15:55:00,4.96,4.99,4.95,4.98,425858,0
2016-06-27,16:00:00,4.97,4.99,4.9515,4.9557,302228,0
2016-06-27,16:05:00,4.96,4.97,4.93,4.945,390892,0
2016-06-27,16:10:00,4.949,4.949,4.9,4.9,459173,0
2016-06-27,16:15:00,4.905,4.92,4.89,4.9,435244,0
2016-06-27,16:20:00,4.9,4.91,4.87,4.8702,498743,0
2016-06-27,16:25:00,4.876,4.88,4.85,4.855,405120,0
2016-06-27,16:30:00,4.85,4.86,4.8,4.815,592365,0
2016-06-27,16:35:00,4.815,4.82,4.8,4.8101,291787,0
2016-06-27,16:40:00,4.815,4.84,4.8133,4.83,456334,0
2016-06-27,16:45:00,4.83,4.85,4.82,4.83,324683,0
2016-06-27,16:50:00,4.83,4.83,4.77,4.7832,581729,0
2016-06-27,16:55:00,4.78,4.78,4.75,4.75,445313,0
2016-06-27,17:00:00,4.755,4.76,4.72,4.73,515530,0
2016-06-27,17:05:00,4.73,4.75,4.71,4.75,508881,0
2016-06-27,17:10:00,4.75,4.76,4.72,4.735,842661,0
2016-06-27,17:15:00,4.73,4.74,4.69,4.7,420900,0
2016-06-27,17:20:00,4.7,4.7,4.67,4.697,417473,0
2016-06-27,17:25:00,4.695,4.7,4.68,4.6801,289518,0
2016-06-27,17:30:00,4.685,4.74,4.68,4.735,288620,0
2016-06-27,17:35:00,4.735,4.77,4.73,4.74,588211,0
2016-06-27,17:40:00,4.74,4.78,4.735,4.7795,334670,0
2016-06-27,17:45:00,4.7799,4.8,4.76,4.8,341920,0
2016-06-27,17:50:00,4.795,4.82,4.78,4.7994,335373,0
2016-06-27,17:55:00,4.8,4.81,4.77,4.77,205726,0
2016-06-27,18:00:00,4.77,4.78,4.76,4.76,170302,0
2016-06-27,18:05:00,4.765,4.77,4.74,4.77,236207,0
2016-06-27,18:10:00,4.77,4.77,4.75,4.755,177127,0
2016-06-27,18:15:00,4.755,4.77,4.74,4.745,260652,0
2016-06-27,18:20:00,4.74,4.78,4.74,4.76,135663,0
2016-06-27,18:25:00,4.76,4.78,4.76,4.7799,99926,0
2016-06-27,18:30:00,4.775,4.81,4.77,4.8,223662,0
2016-06-27,18:35:00,4.8,4.82,4.8,4.815,140385,0
2016-06-27,18:40:00,4.815,4.84,4.81,4.825,217704,0
2016-06-27,18:45:00,4.82,4.83,4.805,4.82,238824,0
2016-06-27,18:50:00,4.82,4.84,4.82,4.835,73649,0
2016-06-27,18:55:00,4.83,4.85,4.82,4.845,195867,0
2016-06-27,19:00:00,4.845,4.86,4.84,4.86,204617,0
2016-06-27,19:05:00,4.853,4.87,4.85,4.86,314300,0
2016-06-27,19:10:00,4.865,4.88,4.86,4.8699,158390,0
2016-06-27,19:15:00,4.86,4.88,4.86,4.875,94227,0
2016-06-27,19:20:00,4.87,4.9,4.87,4.87,344467,0
2016-06-27,19:25:00,4.87,4.88,4.86,4.87,111117,0
2016-06-27,19:30:00,4.87,4.88,4.85,4.855,242369,0
2016-06-27,19:35:00,4.85,4.86,4.82,4.83,426196,0
2016-06-27,19:40:00,4.835,4.839,4.8,4.81,222146,0
2016-06-27,19:45:00,4.81,4.816,4.78,4.78,1258918,0
2016-06-27,19:50:00,4.78,4.81,4.78,4.8,126891,0
2016-06-27,19:55:00,4.8,4.809,4.78,4.8,68208,0
2016-06-27,20:00:00,4.8,4.8099,4.77,4.8,116311,0
2016-06-27,20:05:00,4.795,4.8,4.78,4.79,94111,0
2016-06-27,20:10:00,4.785,4.79,4.73,4.74,1389966,0
2016-06-27,20:15:00,4.7399,4.745,4.71,4.7165,413015,0
2016-06-27,20:20:00,4.715,4.73,4.7,4.71,570520,0
2016-06-27,20:25:00,4.72,4.7499,4.7107,4.73,405646,0
2016-06-27,20:30:00,4.7268,4.74,4.72,4.74,213585,0
2016-06-27,20:35:00,4.74,4.74,4.72,4.72,265290,0
2016-06-27,20:40:00,4.72,4.74,4.715,4.725,261138,0
2016-06-27,20:45:00,4.7299,4.74,4.71,4.715,209718,0
2016-06-27,20:50:00,4.715,4.72,4.68,4.685,371277,0
2016-06-27,20:55:00,4.686,4.69,4.66,4.66,316704,0
2016-06-27,21:00:00,4.66,4.67,4.65,4.665,440141,0
2016-06-27,21:05:00,4.67,4.69,4.66,4.69,331572,0
2016-06-27,21:10:00,4.68,4.6957,4.67,4.67,738356,0
2016-06-27,21:15:00,4.675,4.7,4.67,4.69,130550,0
2016-06-27,21:20:00,4.69,4.7,4.68,4.68,195422,0
2016-06-27,21:25:00,4.68,4.69,4.67,4.67,184860,0
2016-06-27,21:30:00,4.67,4.68,4.66,4.66,221195,0
2016-06-27,21:35:00,4.66,4.69,4.66,4.69,207269,0
2016-06-27,21:40:00,4.68,4.72,4.67,4.7199,457530,0
2016-06-27,21:45:00,4.7199,4.74,4.7,4.72,742755,0
2016-06-27,21:50:00,4.72,4.74,4.715,4.732,303001,0
2016-06-27,21:55:00,4.74,4.74,4.72,4.725,394229,0
2016-06-27,22:00:00,4.725,4.73,4.72,4.72,1087751,0
2016-06-28,15:35:00,4.95,4.99,4.91,4.92,1275886,0
2016-06-28,15:40:00,4.915,4.96,4.91,4.96,556546,0
2016-06-28,15:45:00,4.9567,4.98,4.93,4.9782,670753,0
2016-06-28,15:50:00,4.98,5.04,4.97,5.03,1024297,0
2016-06-28,15:55:00,5.0301,5.05,5.01,5.02,664527,0
2016-06-28,16:00:00,5.027,5.07,5.02,5.06,640387,0
2016-06-28,16:05:00,5.06,5.08,5.05,5.07,434817,0
2016-06-28,16:10:00,5.065,5.07,5.01,5.015,672756,0
2016-06-28,16:15:00,5.015,5.0597,5.01,5.03,468971,0
2016-06-28,16:20:00,5.04,5.05,5.03,5.045,309129,0
2016-06-28,16:25:00,5.05,5.07,5.0401,5.065,483731,0
2016-06-28,16:30:00,5.07,5.08,5.06,5.075,385307,0
2016-06-28,16:35:00,5.07,5.11,5.07,5.105,877287,0
2016-06-28,16:40:00,5.105,5.12,5.06,5.065,823880,0
2016-06-28,16:45:00,5.06,5.07,5.04,5.065,417102,0
2016-06-28,16:50:00,5.0699,5.0899,5.06,5.07,331093,0
2016-06-28,16:55:00,5.0799,5.11,5.07,5.11,265233,0
2016-06-28,17:00:00,5.11,5.14,5.08,5.0801,539862,0
2016-06-28,17:05:00,5.085,5.1,5.06,5.07,427453,0
2016-06-28,17:10:00,5.065,5.08,5.06,5.07,335740,0
2016-06-28,17:15:00,5.0799,5.09,5.07,5.09,165975,0
2016-06-28,17:20:00,5.081,5.12,5.08,5.1101,450436,0
2016-06-28,17:25:00,5.1193,5.12,5.1,5.11,328555,0
2016-06-28,17:30:00,5.11,5.11,5.07,5.08,377393,0
2016-06-28,17:35:00,5.0801,5.11,5.08,5.105,318096,0
2016-06-28,17:40:00,5.105,5.12,5.1,5.115,261754,0
2016-06-28,17:45:00,5.1135,5.12,5.1,5.12,406027,0
2016-06-28,17:50:00,5.115,5.15,5.11,5.145,439879,0
2016-06-28,17:55:00,5.1499,5.17,5.14,5.1617,509348,0
2016-06-28,18:00:00,5.1699,5.185,5.16,5.18,243302,0
2016-06-28,18:05:00,5.18,5.18,5.14,5.1475,488384,0
2016-06-28,18:10:00,5.145,5.18,5.14,5.175,279815,0
2016-06-28,18:15:00,5.1701,5.18,5.16,5.165,124254,0
2016-06-28,18:20:00,5.17,5.17,5.14,5.145,165470,0
2016-06-28,18:25:00,5.145,5.15,5.14,5.15,140881,0
2016-06-28,18:30:00,5.15,5.16,5.14,5.1501,169700,0
2016-06-28,18:35:00,5.1506,5.1699,5.15,5.16,129327,0
2016-06-28,18:40:00,5.16,5.17,5.14,5.15,300328,0
2016-06-28,18:45:00,5.145,5.16,5.145,5.15,137549,0
2016-06-28,18:50:00,5.155,5.16,5.13,5.14,394035,0
2016-06-28,18:55:00,5.14,5.15,5.13,5.145,176603,0
2016-06-28,19:00:00,5.145,5.16,5.14,5.1469,211576,0
2016-06-28,19:05:00,5.145,5.15,5.1301,5.1301,161611,0
2016-06-28,19:10:00,5.133,5.14,5.12,5.125,297718,0
2016-06-28,19:15:00,5.125,5.1358,5.12,5.125,207053,0
2016-06-28,19:20:00,5.1232,5.135,5.1,5.101,203428,0
2016-06-28,19:25:00,5.11,5.11,5.08,5.09,373158,0
2016-06-28,19:30:00,5.084,5.13,5.08,5.12,212218,0
2016-06-28,19:35:00,5.12,5.12,5.1001,5.115,117596,0
2016-06-28,19:40:00,5.11,5.13,5.11,5.13,122171,0
2016-06-28,19:45:00,5.13,5.16,5.1289,5.145,262955,0
2016-06-28,19:50:00,5.145,5.15,5.11,5.115,158427,0
2016-06-28,19:55:00,5.1138,5.125,5.11,5.115,201235,0
2016-06-28,20:00:00,5.1101,5.12,5.11,5.115,50341,0
2016-06-28,20:05:00,5.12,5.12,5.09,5.095,271789,0
2016-06-28,20:10:00,5.0941,5.11,5.09,5.1,212030,0
2016-06-28,20:15:00,5.1,5.11,5.09,5.095,177382,0
2016-06-28,20:20:00,5.1,5.105,5.09,5.1,400993,0
2016-06-28,20:25:00,5.095,5.106,5.09,5.095,466518,0
2016-06-28,20:30:00,5.1,5.11,5.09,5.105,176140,0
2016-06-28,20:35:00,5.105,5.12,5.1,5.116,189148,0
2016-06-28,20:40:00,5.12,5.13,5.11,5.13,162572,0
2016-06-28,20:45:00,5.13,5.14,5.12,5.1299,137456,0
2016-06-28,20:50:00,5.13,5.15,5.122,5.135,276307,0
2016-06-28,20:55:00,5.135,5.15,5.13,5.15,171057,0
2016-06-28,21:00:00,5.1415,5.165,5.14,5.15,415140,0
2016-06-28,21:05:00,5.15,5.155,5.13,5.135,248470,0
2016-06-28,21:10:00,5.14,5.15,5.13,5.14,257813,0
2016-06-28,21:15:00,5.14,5.16,5.14,5.144,137380,0
2016-06-28,21:20:00,5.145,5.15,5.13,5.135,178262,0
2016-06-28,21:25:00,5.135,5.14,5.11,5.11,171428,0
2016-06-28,21:30:00,5.1199,5.12,5.09,5.109,437749,0
2016-06-28,21:35:00,5.1,5.11,5.1,5.103,285124,0
2016-06-28,21:40:00,5.105,5.12,5.1,5.115,353370,0
2016-06-28,21:45:00,5.115,5.12,5.1,5.11,275806,0
2016-06-28,21:50:00,5.11,5.11,5.1,5.11,311744,0
2016-06-28,21:55:00,5.105,5.12,5.1,5.11,489737,0
2016-06-28,22:00:00,5.1,5.12,5.1,5.12,1659820,0
2016-06-29,15:35:00,5.31,5.4,5.3,5.37,2281258,0
2016-06-29,15:40:00,5.3799,5.38,5.29,5.32,2045750,0
2016-06-29,15:45:00,5.3101,5.32,5.25,5.27,869747,0
2016-06-29,15:50:00,5.27,5.28,5.24,5.265,570200,0
2016-06-29,15:55:00,5.2661,5.27,5.24,5.26,426096,0
2016-06-29,16:00:00,5.258,5.31,5.256,5.2601,960893,0
2016-06-29,16:05:00,5.2607,5.27,5.2,5.2,1055912,0
2016-06-29,16:10:00,5.202,5.22,5.18,5.185,1310327,0
2016-06-29,16:15:00,5.185,5.2,5.17,5.185,816148,0
2016-06-29,16:20:00,5.185,5.19,5.16,5.165,664422,0
2016-06-29,16:25:00,5.165,5.17,5.12,5.121,762900,0
2016-06-29,16:30:00,5.12,5.14,5.1,5.1325,1001704,0
2016-06-29,16:35:00,5.13,5.1799,5.125,5.16,742917,0
2016-06-29,16:40:00,5.16,5.16,5.12,5.14,571530,0
2016-06-29,16:45:00,5.15,5.165,5.14,5.15,279961,0
2016-06-29,16:50:00,5.15,5.18,5.14,5.177,252326,0
2016-06-29,16:55:00,5.1782,5.2,5.16,5.18,536408,0
2016-06-29,17:00:00,5.18,5.2,5.17,5.195,334866,0
2016-06-29,17:05:00,5.2,5.235,5.19,5.223,647224,0
2016-06-29,17:10:00,5.23,5.23,5.21,5.22,317170,0
2016-06-29,17:15:00,5.215,5.24,5.2,5.2301,478979,0
2016-06-29,17:20:00,5.235,5.25,5.22,5.22,320215,0
2016-06-29,17:25:00,5.23,5.25,5.22,5.23,264022,0
2016-06-29,17:30:00,5.23,5.25,5.225,5.2401,180013,0
2016-06-29,17:35:00,5.24,5.25,5.23,5.245,285216,0
2016-06-29,17:40:00,5.245,5.27,5.225,5.2301,503299,0
2016-06-29,17:45:00,5.24,5.24,5.22,5.22,165337,0
2016-06-29,17:50:00,5.2217,5.2217,5.19,5.19,349518,0
2016-06-29,17:55:00,5.19,5.24,5.19,5.23,255472,0
2016-06-29,18:00:00,5.23,5.235,5.21,5.22,159490,0
2016-06-29,18:05:00,5.215,5.23,5.18,5.18,315871,0
2016-06-29,18:10:00,5.18,5.21,5.18,5.209,238611,0
2016-06-29,18:15:00,5.205,5.21,5.19,5.19,137632,0
2016-06-29,18:20:00,5.195,5.2,5.18,5.2,218802,0
2016-06-29,18:25:00,5.2,5.21,5.18,5.18,215080,0
2016-06-29,18:30:00,5.189,5.19,5.1632,5.18,339679,0
2016-06-29,18:35:00,5.175,5.18,5.15,5.1638,372192,0
2016-06-29,18:40:00,5.1638,5.17,5.14,5.145,524425,0
2016-06-29,18:45:00,5.145,5.15,5.14,5.14,230452,0
2016-06-29,18:50:00,5.14,5.15,5.13,5.15,315117,0
2016-06-29,18:55:00,5.15,5.17,5.14,5.155,173864,0
2016-06-29,19:00:00,5.16,5.17,5.15,5.17,237481,0
2016-06-29,19:05:00,5.16,5.16,5.15,5.155,73787,0
2016-06-29,19:10:00,5.15,5.16,5.13,5.13,136726,0
2016-06-29,19:15:00,5.13,5.14,5.12,5.12,260481,0
2016-06-29,19:20:00,5.12,5.155,5.12,5.15,258080,0
2016-06-29,19:25:00,5.145,5.16,5.14,5.1584,145849,0
2016-06-29,19:30:00,5.155,5.16,5.13,5.13,128417,0
2016-06-29,19:35:00,5.13,5.165,5.12,5.151,360914,0
2016-06-29,19:40:00,5.155,5.16,5.15,5.15,401093,0
2016-06-29,19:45:00,5.15,5.19,5.15,5.18,350172,0
2016-06-29,19:50:00,5.18,5.185,5.17,5.17,213225,0
2016-06-29,19:55:00,5.175,5.1765,5.15,5.15,128947,0
2016-06-29,20:00:00,5.15,5.18,5.15,5.16,170581,0
2016-06-29,20:05:00,5.159,5.17,5.15,5.1664,113103,0
2016-06-29,20:10:00,5.1601,5.18,5.16,5.17,134381,0
2016-06-29,20:15:00,5.17,5.17,5.14,5.14,155158,0
2016-06-29,20:20:00,5.14,5.15,5.135,5.14,168597,0
2016-06-29,20:25:00,5.14,5.15,5.13,5.1436,239964,0
2016-06-29,20:30:00,5.145,5.1494,5.13,5.135,105504,0
2016-06-29,20:35:00,5.135,5.16,5.135,5.16,323947,0
2016-06-29,20:40:00,5.16,5.16,5.14,5.145,88432,0
2016-06-29,20:45:00,5.145,5.15,5.14,5.14,122972,0
2016-06-29,20:50:00,5.145,5.15,5.13,5.13,239651,0
2016-06-29,20:55:00,5.135,5.14,5.12,5.1301,142444,0
2016-06-29,21:00:00,5.14,5.14,5.13,5.14,108753,0
2016-06-29,21:05:00,5.13,5.16,5.13,5.155,277739,0
2016-06-29,21:10:00,5.159,5.16,5.14,5.14,75001,0
2016-06-29,21:15:00,5.15,5.15,5.13,5.131,170012,0
2016-06-29,21:20:00,5.135,5.14,5.13,5.13,168260,0
2016-06-29,21:25:00,5.135,5.14,5.12,5.12,273683,0
2016-06-29,21:30:00,5.125,5.13,5.12,5.12,201277,0
2016-06-29,21:35:00,5.125,5.13,5.12,5.12,320322,0
2016-06-29,21:40:00,5.125,5.13,5.12,5.125,241677,0
2016-06-29,21:45:00,5.13,5.14,5.12,5.14,436088,0
2016-06-29,21:50:00,5.14,5.15,5.13,5.15,400705,0
2016-06-29,21:55:00,5.15,5.15,5.13,5.135,450778,0
2016-06-29,22:00:00,5.135,5.14,5.12,5.13,1354978,0
2016-06-30,15:35:00,5.13,5.19,5.13,5.165,862751,0
2016-06-30,15:40:00,5.17,5.17,5.13,5.13,361804,0
2016-06-30,15:45:00,5.1207,5.13,5.07,5.09,925953,0
2016-06-30,15:50:00,5.08,5.105,5.07,5.09,374656,0
2016-06-30,15:55:00,5.09,5.1,5.07,5.075,191537,0
2016-06-30,16:00:00,5.08,5.1,5.08,5.085,160043,0
2016-06-30,16:05:00,5.085,5.09,5.06,5.06,274403,0
2016-06-30,16:10:00,5.06,5.07,5.03,5.0301,636949,0
2016-06-30,16:15:00,5.035,5.077,5.035,5.065,361792,0
2016-06-30,16:20:00,5.07,5.07,5.05,5.055,187168,0
2016-06-30,16:25:00,5.055,5.055,5.01,5.01,405492,0
2016-06-30,16:30:00,5.01,5.02,4.95,4.965,1164905,0
2016-06-30,16:35:00,4.965,5,4.9601,5,588797,0
2016-06-30,16:40:00,4.9927,5,4.98,4.9844,299105,0
2016-06-30,16:45:00,4.9838,4.99,4.95,4.9761,499657,0
2016-06-30,16:50:00,4.98,4.9999,4.96,4.995,445312,0
2016-06-30,16:55:00,4.9936,5,4.99,5,233831,0
2016-06-30,17:00:00,5,5.027,4.99,5.0101,250047,0
2016-06-30,17:05:00,5.0162,5.02,5,5.01,231914,0
2016-06-30,17:10:00,5.005,5.05,5,5.05,266660,0
2016-06-30,17:15:00,5.05,5.08,5.04,5.065,325454,0
2016-06-30,17:20:00,5.065,5.07,5.03,5.04,325040,0
2016-06-30,17:25:00,5.0472,5.06,5.0301,5.055,225540,0
2016-06-30,17:30:00,5.0598,5.08,5.05,5.08,183322,0
2016-06-30,17:35:00,5.0736,5.1,5.07,5.085,179806,0
2016-06-30,17:40:00,5.09,5.1,5.06,5.08,278304,0
2016-06-30,17:45:00,5.08,5.085,5.041,5.045,177544,0
2016-06-30,17:50:00,5.045,5.065,5.045,5.055,162043,0
2016-06-30,17:55:00,5.055,5.08,5.055,5.08,107537,0
2016-06-30,18:00:00,5.08,5.09,5.06,5.0601,237849,0
2016-06-30,18:05:00,5.07,5.08,5.06,5.065,150744,0
2016-06-30,18:10:00,5.065,5.1,5.055,5.08,282071,0
2016-06-30,18:15:00,5.08,5.1,5.0705,5.1,106659,0
2016-06-30,18:20:00,5.095,5.1,5.09,5.1,152775,0
2016-06-30,18:25:00,5.1,5.13,5.09,5.1299,390144,0
2016-06-30,18:30:00,5.13,5.13,5.11,5.115,206150,0
2016-06-30,18:35:00,5.115,5.13,5.11,5.115,78031,0
2016-06-30,18:40:00,5.11,5.12,5.08,5.09,326917,0
2016-06-30,18:45:00,5.09,5.09,5.08,5.083,61171,0
2016-06-30,18:50:00,5.085,5.1,5.08,5.1,170839,0
2016-06-30,18:55:00,5.095,5.11,5.075,5.09,174445,0
2016-06-30,19:00:00,5.08,5.09,5.08,5.085,38691,0
2016-06-30,19:05:00,5.09,5.1,5.08,5.085,223062,0
2016-06-30,19:10:00,5.09,5.09,5.07,5.08,159105,0
2016-06-30,19:15:00,5.08,5.09,5.055,5.065,307841,0
2016-06-30,19:20:00,5.065,5.07,5.06,5.0633,44193,0
2016-06-30,19:25:00,5.07,5.07,5.06,5.065,32345,0
2016-06-30,19:30:00,5.06,5.07,5.05,5.055,90259,0
2016-06-30,19:35:00,5.06,5.09,5.05,5.09,172564,0
2016-06-30,19:40:00,5.09,5.09,5.08,5.09,53665,0
2016-06-30,19:45:00,5.09,5.09,5.07,5.075,78821,0
2016-06-30,19:50:00,5.08,5.08,5.06,5.07,143033,0
2016-06-30,19:55:00,5.065,5.08,5.06,5.08,86251,0
2016-06-30,20:00:00,5.07,5.1,5.065,5.1,204491,0
2016-06-30,20:05:00,5.095,5.11,5.0901,5.097,155966,0
2016-06-30,20:10:00,5.098,5.1,5.08,5.085,128227,0
2016-06-30,20:15:00,5.09,5.09,5.08,5.085,51550,0
2016-06-30,20:20:00,5.09,5.11,5.085,5.1,292671,0
2016-06-30,20:25:00,5.1,5.11,5.0901,5.11,35040,0
2016-06-30,20:30:00,5.105,5.11,5.08,5.08,223365,0
2016-06-30,20:35:00,5.0735,5.1,5.0735,5.09,113990,0
2016-06-30,20:40:00,5.1,5.1,5.08,5.085,71882,0
2016-06-30,20:45:00,5.09,5.1,5.083,5.1,131055,0
2016-06-30,20:50:00,5.0937,5.1,5.09,5.095,36918,0
2016-06-30,20:55:00,5.095,5.11,5.09,5.11,173178,0
2016-06-30,21:00:00,5.11,5.13,5.1,5.13,181742,0
2016-06-30,21:05:00,5.13,5.15,5.1201,5.15,351488,0
2016-06-30,21:10:00,5.1401,5.16,5.14,5.145,238307,0
2016-06-30,21:15:00,5.15,5.15,5.13,5.13,110649,0
2016-06-30,21:20:00,5.135,5.14,5.1,5.1,168012,0
2016-06-30,21:25:00,5.1001,5.135,5.1,5.13,197924,0
2016-06-30,21:30:00,5.13,5.14,5.125,5.135,143995,0
2016-06-30,21:35:00,5.14,5.14,5.11,5.12,247587,0
2016-06-30,21:40:00,5.12,5.12,5.11,5.115,115068,0
2016-06-30,21:45:00,5.11,5.12,5.09,5.09,368176,0
2016-06-30,21:50:00,5.09,5.11,5.09,5.1,285961,0
2016-06-30,21:55:00,5.1,5.13,5.1,5.125,633597,0
2016-06-30,22:00:00,5.125,5.14,5.12,5.14,3974076,0
2016-07-01,15:35:00,5.09,5.12,5.05,5.12,537646,0
2016-07-01,15:40:00,5.115,5.13,5.105,5.1105,601747,0
2016-07-01,15:45:00,5.11,5.11,5.04,5.06,772310,0
2016-07-01,15:50:00,5.0531,5.06,5.04,5.0485,487137,0
2016-07-01,15:55:00,5.04,5.0683,5.04,5.04,400331,0
2016-07-01,16:00:00,5.04,5.06,5.03,5.035,266795,0
2016-07-01,16:05:00,5.04,5.05,5.03,5.05,260490,0
2016-07-01,16:10:00,5.04,5.045,5.03,5.035,196674,0
2016-07-01,16:15:00,5.03,5.04,5.02,5.03,182441,0
2016-07-01,16:20:00,5.035,5.05,5.03,5.05,269991,0
2016-07-01,16:25:00,5.05,5.06,5.04,5.04,298042,0
2016-07-01,16:30:00,5.05,5.05,5.03,5.0317,212980,0
2016-07-01,16:35:00,5.039,5.04,5.01,5.01,385953,0
2016-07-01,16:40:00,5.01,5.03,5.01,5.02,200854,0
2016-07-01,16:45:00,5.025,5.03,5.02,5.03,155863,0
2016-07-01,16:50:00,5.03,5.04,5.02,5.03,240508,0
2016-07-01,16:55:00,5.0278,5.04,5.02,5.029,174620,0
2016-07-01,17:00:00,5.02,5.03,5.02,5.025,63213,0
2016-07-01,17:05:00,5.02,5.03,5.02,5.03,138623,0
2016-07-01,17:10:00,5.02,5.03,5.02,5.02,138158,0
2016-07-01,17:15:00,5.025,5.03,5,5.025,630621,0
2016-07-01,17:20:00,5.025,5.04,5.02,5.025,185718,0
2016-07-01,17:25:00,5.0201,5.04,5.02,5.025,208157,0
2016-07-01,17:30:00,5.0283,5.037,5.02,5.0301,62402,0
2016-07-01,17:35:00,5.03,5.06,5.025,5.0483,232613,0
2016-07-01,17:40:00,5.05,5.06,5.04,5.055,141970,0
2016-07-01,17:45:00,5.06,5.08,5.045,5.075,566845,0
2016-07-01,17:50:00,5.075,5.075,5.05,5.06,282543,0
2016-07-01,17:55:00,5.06,5.075,5.05,5.065,352290,0
2016-07-01,18:00:00,5.065,5.07,5.055,5.06,158500,0
2016-07-01,18:05:00,5.065,5.08,5.06,5.0699,272615,0
2016-07-01,18:10:00,5.07,5.07,5.055,5.07,379925,0
2016-07-01,18:15:00,5.065,5.08,5.055,5.075,215918,0
2016-07-01,18:20:00,5.075,5.08,5.06,5.06,71835,0
2016-07-01,18:25:00,5.0685,5.07,5.055,5.061,113370,0
2016-07-01,18:30:00,5.06,5.08,5.055,5.075,84927,0
2016-07-01,18:35:00,5.07,5.08,5.07,5.07,53582,0
2016-07-01,18:40:00,5.075,5.08,5.07,5.08,181785,0
2016-07-01,18:45:00,5.08,5.1,5.08,5.1,131823,0
2016-07-01,18:50:00,5.09,5.105,5.09,5.095,252137,0
2016-07-01,18:55:00,5.1,5.12,5.09,5.12,192823,0
2016-07-01,19:00:00,5.12,5.14,5.1102,5.135,431487,0
2016-07-01,19:05:00,5.135,5.14,5.12,5.1239,167206,0
2016-07-01,19:10:00,5.13,5.13,5.1129,5.115,240475,0
2016-07-01,19:15:00,5.112,5.12,5.11,5.11,109293,0
2016-07-01,19:20:00,5.113,5.125,5.11,5.12,179228,0
2016-07-01,19:25:00,5.12,5.125,5.09,5.09,143574,0
2016-07-01,19:30:00,5.09,5.1,5.09,5.095,63944,0
2016-07-01,19:35:00,5.095,5.11,5.08,5.11,405206,0
2016-07-01,19:40:00,5.11,5.11,5.09,5.0901,58665,0
2016-07-01,19:45:00,5.09,5.105,5.09,5.1,125586,0
2016-07-01,19:50:00,5.105,5.11,5.09,5.105,211157,0
2016-07-01,19:55:00,5.105,5.11,5.085,5.085,59784,0
2016-07-01,20:00:00,5.09,5.1,5.085,5.1,48301,0
2016-07-01,20:05:00,5.1,5.1,5.08,5.1,118486,0
2016-07-01,20:10:00,5.1,5.1,5.085,5.085,92317,0
2016-07-01,20:15:00,5.085,5.09,5.07,5.075,61782,0
2016-07-01,20:20:00,5.08,5.09,5.07,5.09,167965,0
2016-07-01,20:25:00,5.09,5.09,5.08,5.085,16898,0
2016-07-01,20:30:00,5.0803,5.09,5.07,5.07,108643,0
2016-07-01,20:35:00,5.075,5.08,5.06,5.075,113536,0
2016-07-01,20:40:00,5.075,5.1,5.07,5.0832,560757,0
2016-07-01,20:45:00,5.085,5.09,5.08,5.085,61523,0
2016-07-01,20:50:00,5.08,5.09,5.08,5.08,39609,0
2016-07-01,20:55:00,5.08,5.1,5.08,5.09,174164,0
2016-07-01,21:00:00,5.09,5.096,5.075,5.09,118959,0
2016-07-01,21:05:00,5.09,5.09,5.08,5.085,88821,0
2016-07-01,21:10:00,5.08,5.1,5.08,5.095,174432,0
2016-07-01,21:15:00,5.095,5.1,5.085,5.09,141621,0
2016-07-01,21:20:00,5.0922,5.1,5.08,5.081,157668,0
2016-07-01,21:25:00,5.09,5.09,5.07,5.075,155733,0
2016-07-01,21:30:00,5.07,5.08,5.07,5.075,97608,0
2016-07-01,21:35:00,5.08,5.08,5.07,5.0738,131166,0
2016-07-01,21:40:00,5.07,5.08,5.06,5.065,192879,0
2016-07-01,21:45:00,5.065,5.08,5.06,5.075,381962,0
2016-07-01,21:50:00,5.075,5.08,5.07,5.075,95537,0
2016-07-01,21:55:00,5.07,5.08,5.07,5.075,280006,0
2016-07-01,22:00:00,5.07,5.08,5.07,5.0798,893492,0
