Date,Time,Open,High,Low,Close,Volume,OpenInt
2016-06-16,15:35:00,7.99,8,7.95,7.99,58472,0
2016-06-16,15:40:00,7.99,8.02,7.96,7.99,19086,0
2016-06-16,15:45:00,7.97,8.1795,7.97,8.06,17398,0
2016-06-16,15:50:00,8.06,8.075,8,8.01,14422,0
2016-06-16,15:55:00,8.035,8.05,8.01,8.01,4000,0
2016-06-16,16:00:00,8.04,8.05,8.04,8.04,5886,0
2016-06-16,16:05:00,8.0377,8.05,8.02,8.04,3500,0
2016-06-16,16:10:00,8.03,8.04,7.99,7.99,9164,0
2016-06-16,16:15:00,7.99,8,7.88,7.92,17074,0
2016-06-16,16:20:00,7.91,7.96,7.9,7.95,2800,0
2016-06-16,16:25:00,7.95,7.97,7.94,7.9401,1400,0
2016-06-16,16:30:00,7.94,7.96,7.9,7.91,5208,0
2016-06-16,16:35:00,7.92,7.93,7.91,7.92,2997,0
2016-06-16,16:40:00,7.92,7.93,7.92,7.92,2400,0
2016-06-16,16:45:00,7.94,7.94,7.9,7.91,2100,0
2016-06-16,16:50:00,7.9,7.92,7.9,7.915,4035,0
2016-06-16,16:55:00,7.92,7.92,7.89,7.895,6961,0
2016-06-16,17:00:00,7.9,7.91,7.89,7.89,1150,0
2016-06-16,17:05:00,7.905,7.92,7.8901,7.92,500,0
2016-06-16,17:10:00,7.92,7.92,7.89,7.9,5585,0
2016-06-16,17:15:00,7.91,7.93,7.9001,7.93,3901,0
2016-06-16,17:20:00,7.925,7.94,7.91,7.94,1500,0
2016-06-16,17:25:00,7.94,7.94,7.88,7.88,13128,0
2016-06-16,17:30:00,7.89,7.91,7.89,7.91,1600,0
2016-06-16,17:35:00,7.92,7.94,7.91,7.91,2782,0
2016-06-16,17:40:00,7.94,7.94,7.91,7.92,800,0
2016-06-16,17:45:00,7.92,7.94,7.91,7.92,3550,0
2016-06-16,17:50:00,7.94,7.95,7.92,7.94,4600,0
2016-06-16,17:55:00,7.94,7.97,7.94,7.97,5500,0
2016-06-16,18:00:00,7.97,7.97,7.94,7.94,2290,0
2016-06-16,18:05:00,7.95,7.96,7.9401,7.9401,1450,0
2016-06-16,18:10:00,7.94,7.945,7.91,7.91,2000,0
2016-06-16,18:15:00,7.9174,7.9174,7.89,7.89,700,0
2016-06-16,18:20:00,7.88,7.925,7.88,7.915,2200,0
2016-06-16,18:25:00,7.9,7.91,7.9,7.91,500,0
2016-06-16,18:30:00,7.91,7.94,7.89,7.89,2448,0
2016-06-16,18:35:00,7.89,7.91,7.89,7.91,200,0
2016-06-16,18:40:00,7.8996,7.92,7.89,7.915,2175,0
2016-06-16,18:45:00,7.94,7.94,7.92,7.92,900,0
2016-06-16,18:50:00,7.92,7.9324,7.92,7.9324,1600,0
2016-06-16,18:55:00,7.94,7.94,7.9201,7.94,900,0
2016-06-16,19:00:00,7.935,7.98,7.93,7.98,3927,0
2016-06-16,19:05:00,7.98,8,7.98,7.985,2004,0
2016-06-16,19:10:00,7.99,7.99,7.98,7.99,600,0
2016-06-16,19:15:00,7.98,8,7.96,7.96,2400,0
2016-06-16,19:20:00,7.99,7.99,7.965,7.97,2900,0
2016-06-16,19:25:00,7.97,7.99,7.97,7.97,3925,0
2016-06-16,19:30:00,7.975,7.975,7.975,7.975,100,0
2016-06-16,19:35:00,7.99,7.99,7.96,7.98,1020,0
2016-06-16,19:40:00,7.967,7.98,7.96,7.9799,1150,0
2016-06-16,19:45:00,7.98,7.99,7.9699,7.9699,1500,0
2016-06-16,19:50:00,7.99,8,7.98,8,1190,0
2016-06-16,19:55:00,7.99,8,7.98,7.982,2700,0
2016-06-16,20:00:00,7.98,8,7.96,7.97,2760,0
2016-06-16,20:05:00,7.963,7.975,7.96,7.96,3000,0
2016-06-16,20:10:00,7.97,8,7.97,7.99,13005,0
2016-06-16,20:15:00,7.99,8,7.99,8,4800,0
2016-06-16,20:20:00,8,8.02,8,8.02,4999,0
2016-06-16,20:25:00,8.01,8.02,8.01,8.02,435,0
2016-06-16,20:30:00,8.03,8.03,8.01,8.01,900,0
2016-06-16,20:35:00,8.0085,8.02,8.005,8.005,900,0
2016-06-16,20:40:00,8,8.02,8,8.005,1500,0
2016-06-16,20:45:00,8,8,7.99,7.99,2500,0
2016-06-16,20:50:00,7.99,7.99,7.96,7.96,8117,0
2016-06-16,20:55:00,7.96,8.01,7.96,8.01,1851,0
2016-06-16,21:00:00,8.01,8.01,8,8,800,0
2016-06-16,21:05:00,8.005,8.01,8.005,8.01,1700,0
2016-06-16,21:10:00,8.01,8.03,8.01,8.0101,1228,0
2016-06-16,21:15:00,8.0226,8.03,8.02,8.02,3639,0
2016-06-16,21:20:00,8.025,8.07,8.025,8.07,10301,0
2016-06-16,21:25:00,8.04,8.06,8.04,8.05,3576,0
2016-06-16,21:30:00,8.04,8.05,8.04,8.04,1600,0
2016-06-16,21:35:00,8.05,8.06,8.04,8.05,3444,0
2016-06-16,21:40:00,8.05,8.05,8.02,8.02,2300,0
2016-06-16,21:45:00,8.02,8.05,8.02,8.03,2100,0
2016-06-16,21:50:00,8.04,8.04,8.01,8.01,9681,0
2016-06-16,21:55:00,8.01,8.01,7.99,7.99,15391,0
2016-06-16,22:00:00,8,8.04,8,8.02,23263,0
2016-06-17,15:35:00,8,8,7.87,7.88,78619,0
2016-06-17,15:40:00,7.93,7.95,7.89,7.89,2200,0
2016-06-17,15:45:00,7.92,7.92,7.89,7.89,800,0
2016-06-17,15:50:00,7.89,7.9,7.89,7.9,200,0
2016-06-17,15:55:00,7.9,7.91,7.89,7.89,1450,0
2016-06-17,16:00:00,7.85,7.88,7.85,7.8625,1200,0
2016-06-17,16:05:00,7.82,7.88,7.82,7.82,700,0
2016-06-17,16:10:00,7.82,7.8583,7.82,7.85,600,0
2016-06-17,16:15:00,7.85,7.936,7.85,7.936,400,0
2016-06-17,16:20:00,7.91,7.91,7.91,7.91,500,0
2016-06-17,16:25:00,7.9,7.91,7.9,7.9099,1765,0
2016-06-17,16:30:00,7.92,7.95,7.89,7.93,5957,0
2016-06-17,16:35:00,7.93,7.93,7.9,7.9,200,0
2016-06-17,16:40:00,7.9,7.9,7.89,7.89,1200,0
2016-06-17,16:45:00,7.92,7.92,7.89,7.905,1100,0
2016-06-17,16:50:00,7.91,7.9225,7.86,7.86,4600,0
2016-06-17,16:55:00,7.87,7.89,7.87,7.88,2300,0
2016-06-17,17:00:00,7.895,7.9,7.88,7.88,2603,0
2016-06-17,17:05:00,7.86,7.87,7.84,7.87,1100,0
2016-06-17,17:10:00,7.87,7.87,7.83,7.8301,500,0
2016-06-17,17:15:00,7.83,7.84,7.79,7.7901,3500,0
2016-06-17,17:20:00,7.79,7.81,7.7801,7.7801,500,0
2016-06-17,17:25:00,7.81,7.85,7.81,7.85,1700,0
2016-06-17,17:30:00,7.845,7.845,7.83,7.83,300,0
2016-06-17,17:35:00,7.83,7.835,7.7901,7.7901,1500,0
2016-06-17,17:40:00,7.79,7.8401,7.79,7.8401,2700,0
2016-06-17,17:45:00,7.86,7.8615,7.83,7.845,2600,0
2016-06-17,17:50:00,7.8596,7.86,7.8301,7.86,900,0
2016-06-17,17:55:00,7.88,7.88,7.84,7.84,800,0
2016-06-17,18:00:00,7.8201,7.835,7.8201,7.835,600,0
2016-06-17,18:05:00,7.8201,7.835,7.82,7.82,300,0
2016-06-17,18:10:00,7.82,7.85,7.82,7.84,1300,0
2016-06-17,18:15:00,7.835,7.85,7.835,7.85,400,0
2016-06-17,18:20:00,7.83,7.85,7.83,7.83,700,0
2016-06-17,18:25:00,7.84,7.84,7.79,7.805,2000,0
2016-06-17,18:30:00,7.79,7.79,7.75,7.76,5427,0
2016-06-17,18:35:00,7.77,7.79,7.76,7.79,1752,0
2016-06-17,18:40:00,7.8299,7.8299,7.825,7.825,200,0
2016-06-17,18:45:00,7.8355,7.86,7.83,7.85,11616,0
2016-06-17,18:50:00,7.85,7.865,7.826,7.826,10891,0
2016-06-17,19:00:00,7.825,7.83,7.825,7.83,500,0
2016-06-17,19:05:00,7.84,7.84,7.82,7.83,900,0
2016-06-17,19:10:00,7.83,7.8425,7.825,7.8425,1300,0
2016-06-17,19:15:00,7.84,7.84,7.83,7.835,1000,0
2016-06-17,19:25:00,7.835,7.835,7.83,7.83,300,0
2016-06-17,19:30:00,7.84,7.85,7.835,7.845,7100,0
2016-06-17,19:35:00,7.85,7.855,7.84,7.855,20592,0
2016-06-17,19:40:00,7.85,7.855,7.85,7.85,400,0
2016-06-17,19:45:00,7.855,7.855,7.85,7.85,500,0
2016-06-17,19:50:00,7.86,7.86,7.86,7.86,100,0
2016-06-17,19:55:00,7.86,7.87,7.86,7.87,900,0
2016-06-17,20:00:00,7.86,7.8855,7.86,7.8855,5205,0
2016-06-17,20:05:00,7.86,7.86,7.85,7.86,12200,0
2016-06-17,20:10:00,7.86,7.86,7.85,7.86,500,0
2016-06-17,20:15:00,7.8575,7.87,7.855,7.87,901,0
2016-06-17,20:20:00,7.865,7.9,7.865,7.885,1300,0
2016-06-17,20:25:00,7.9,7.9,7.89,7.895,950,0
2016-06-17,20:30:00,7.895,7.9,7.89,7.89,600,0
2016-06-17,20:35:00,7.895,7.9,7.89,7.9,1400,0
2016-06-17,20:40:00,7.905,7.905,7.88,7.88,4410,0
2016-06-17,20:45:00,7.875,7.89,7.87,7.88,2566,0
2016-06-17,20:50:00,7.8866,7.8935,7.8866,7.8935,750,0
2016-06-17,20:55:00,7.895,7.895,7.89,7.89,700,0
2016-06-17,21:00:00,7.885,7.885,7.885,7.885,2000,0
2016-06-17,21:10:00,7.88,7.88,7.85,7.85,1600,0
2016-06-17,21:15:00,7.86,7.86,7.86,7.86,600,0
2016-06-17,21:20:00,7.85,7.86,7.85,7.86,200,0
2016-06-17,21:25:00,7.86,7.87,7.85,7.85,900,0
2016-06-17,21:30:00,7.86,7.865,7.85,7.85,2900,0
2016-06-17,21:35:00,7.85,7.855,7.84,7.85,4503,0
2016-06-17,21:40:00,7.85,7.85,7.85,7.85,200,0
2016-06-17,21:45:00,7.86,7.88,7.84,7.88,3300,0
2016-06-17,21:50:00,7.88,7.9,7.88,7.9,3900,0
2016-06-17,21:55:00,7.895,7.92,7.895,7.915,3500,0
2016-06-17,22:00:00,7.91,7.92,7.87,7.87,26717,0
2016-06-20,15:35:00,8.01,8.01,7.915,7.92,3405,0
2016-06-20,15:40:00,7.92,7.92,7.89,7.89,2850,0
2016-06-20,15:45:00,7.97,8.04,7.9699,8.04,1100,0
2016-06-20,15:50:00,8,8,7.99,7.99,1000,0
2016-06-20,15:55:00,8.005,8.005,7.94,7.94,2253,0
2016-06-20,16:00:00,7.94,7.96,7.94,7.94,550,0
2016-06-20,16:05:00,7.9799,8.01,7.97,8.01,2600,0
2016-06-20,16:10:00,8.02,8.08,8.02,8.0486,5866,0
2016-06-20,16:15:00,8.04,8.05,8.03,8.03,1000,0
2016-06-20,16:20:00,8.02,8.04,7.98,8,2667,0
2016-06-20,16:25:00,8.0499,8.06,7.99,8,4640,0
2016-06-20,16:30:00,8,8,7.99,8,500,0
2016-06-20,16:35:00,7.99,7.99,7.95,7.96,2300,0
2016-06-20,16:40:00,7.94,7.99,7.93,7.93,7829,0
2016-06-20,16:45:00,7.92,7.99,7.92,7.98,4400,0
2016-06-20,16:50:00,7.975,7.975,7.96,7.96,1100,0
2016-06-20,16:55:00,7.97,7.98,7.97,7.98,936,0
2016-06-20,17:00:00,7.99,7.99,7.97,7.97,700,0
2016-06-20,17:10:00,7.9899,7.9899,7.97,7.97,727,0
2016-06-20,17:15:00,7.97,7.99,7.97,7.985,1300,0
2016-06-20,17:20:00,7.99,8.015,7.99,8.015,7300,0
2016-06-20,17:25:00,8.02,8.02,8.01,8.015,4900,0
2016-06-20,17:30:00,8.02,8.02,8.01,8.02,500,0
2016-06-20,17:35:00,8.01,8.01,8.005,8.005,1485,0
2016-06-20,17:40:00,8.01,8.02,8.005,8.02,1000,0
2016-06-20,17:45:00,8.02,8.02,8,8,4727,0
2016-06-20,17:50:00,8,8,7.99,7.995,5173,0
2016-06-20,17:55:00,7.9907,7.9907,7.9907,7.9907,250,0
2016-06-20,18:00:00,8.01,8.01,8,8,3732,0
2016-06-20,18:05:00,8.03,8.03,8,8.02,3442,0
2016-06-20,18:10:00,8.02,8.05,8.01,8.01,1500,0
2016-06-20,18:15:00,8.04,8.04,8.01,8.02,1100,0
2016-06-20,18:20:00,8.03,8.04,8.01,8.02,1500,0
2016-06-20,18:25:00,8.02,8.03,8.02,8.02,4186,0
2016-06-20,18:30:00,8.04,8.04,8.01,8.01,4800,0
2016-06-20,18:35:00,8.02,8.03,8.02,8.03,600,0
2016-06-20,18:40:00,8.04,8.04,8.04,8.04,200,0
2016-06-20,18:45:00,8.05,8.05,8.05,8.05,171,0
2016-06-20,18:50:00,8.05,8.06,8.04,8.05,13610,0
2016-06-20,18:55:00,8.04,8.05,8.04,8.04,3810,0
2016-06-20,19:05:00,8.03,8.03,8.02,8.02,2100,0
2016-06-20,19:10:00,8.035,8.035,8.02,8.02,1700,0
2016-06-20,19:15:00,8.04,8.04,8.02,8.02,200,0
2016-06-20,19:20:00,8.02,8.02,8.02,8.02,100,0
2016-06-20,19:25:00,8.04,8.04,8.03,8.03,400,0
2016-06-20,19:30:00,8.04,8.04,8.02,8.02,800,0
2016-06-20,19:35:00,8.03,8.03,8.02,8.02,300,0
2016-06-20,19:40:00,8.03,8.06,8.02,8.06,1200,0
2016-06-20,19:45:00,8.03,8.06,8.03,8.06,412,0
2016-06-20,19:50:00,8.06,8.08,8.045,8.0644,8659,0
2016-06-20,19:55:00,8.07,8.09,8.0605,8.0605,4700,0
2016-06-20,20:00:00,8.05,8.07,8.04,8.07,5600,0
2016-06-20,20:05:00,8.04,8.07,8.04,8.04,400,0
2016-06-20,20:10:00,8.04,8.06,8.04,8.06,500,0
2016-06-20,20:15:00,8.05,8.05,8.05,8.05,1800,0
2016-06-20,20:20:00,8.05,8.05,8.03,8.03,2600,0
2016-06-20,20:25:00,8.02,8.04,8.02,8.04,3844,0
2016-06-20,20:30:00,8.03,8.03,8.03,8.03,100,0
2016-06-20,20:35:00,8.0309,8.0309,8.0309,8.0309,1245,0
2016-06-20,20:40:00,8.03,8.03,8.03,8.03,400,0
2016-06-20,20:45:00,8.03,8.05,8.02,8.03,700,0
2016-06-20,20:50:00,8.05,8.05,8.045,8.05,500,0
2016-06-20,20:55:00,8.05,8.06,8.04,8.04,500,0
2016-06-20,21:00:00,8.0415,8.05,8.0415,8.05,1300,0
2016-06-20,21:05:00,8.05,8.05,8.04,8.04,2663,0
2016-06-20,21:10:00,8.03,8.03,8.03,8.03,100,0
2016-06-20,21:15:00,8.02,8.02,8,8,3100,0
2016-06-20,21:20:00,8,8.007,8,8.007,500,0
2016-06-20,21:25:00,8.005,8.005,8.005,8.005,100,0
2016-06-20,21:30:00,8,8.0075,8,8,400,0
2016-06-20,21:35:00,8.005,8.005,8,8,600,0
2016-06-20,21:40:00,8,8.005,8,8,500,0
2016-06-20,21:45:00,8.01,8.01,8,8.01,13500,0
2016-06-20,21:50:00,8.005,8.01,8,8,1240,0
2016-06-20,21:55:00,8,8.01,7.99,8,6515,0
2016-06-20,22:00:00,8,8.01,7.99,8.01,20354,0
2016-06-21,15:35:00,7.8,7.8,7.695,7.789,55375,0
2016-06-21,15:40:00,7.79,7.8,7.78,7.8,24885,0
2016-06-21,15:45:00,7.8,7.9299,7.79,7.89,27917,0
2016-06-21,15:50:00,7.905,7.96,7.905,7.96,12757,0
2016-06-21,15:55:00,7.955,7.99,7.955,7.9811,40376,0
2016-06-21,16:00:00,7.995,8.005,7.99,8.005,52800,0
2016-06-21,16:05:00,8.01,8.04,8,8.02,7396,0
2016-06-21,16:10:00,8.01,8.02,7.99,7.99,2900,0
2016-06-21,16:15:00,7.9936,8.01,7.9936,8,391615,0
2016-06-21,16:20:00,8,8.11,8,8.1,6148,0
2016-06-21,16:25:00,8.09,8.1,8.06,8.0701,1700,0
2016-06-21,16:30:00,8.08,8.09,8.08,8.09,1650,0
2016-06-21,16:35:00,8.1,8.14,8.09,8.135,3600,0
2016-06-21,16:40:00,8.13,8.13,8.085,8.13,3500,0
2016-06-21,16:45:00,8.12,8.149,8.11,8.14,9294,0
2016-06-21,16:50:00,8.13,8.16,8.13,8.13,900,0
2016-06-21,16:55:00,8.13,8.16,8.12,8.1245,1900,0
2016-06-21,17:00:00,8.15,8.15,8.09,8.09,101996,0
2016-06-21,17:05:00,8.12,8.12,8.11,8.11,600,0
2016-06-21,17:10:00,8.11,8.17,8.11,8.15,1000,0
2016-06-21,17:15:00,8.15,8.17,8.15,8.16,2500,0
2016-06-21,17:20:00,8.16,8.2,8.16,8.17,2600,0
2016-06-21,17:25:00,8.18,8.22,8.1799,8.2175,7435,0
2016-06-21,17:30:00,8.22,8.22,8.17,8.1866,4050,0
2016-06-21,17:35:00,8.2,8.2299,8.19,8.2,3465,0
2016-06-21,17:40:00,8.19,8.22,8.14,8.14,6000,0
2016-06-21,17:45:00,8.15,8.15,8.14,8.14,200,0
2016-06-21,17:50:00,8.16,8.17,8.15,8.15,1300,0
2016-06-21,17:55:00,8.15,8.15,8.14,8.15,3450,0
2016-06-21,18:00:00,8.14,8.16,8.14,8.16,6320,0
2016-06-21,18:05:00,8.16,8.165,8.12,8.1295,12768,0
2016-06-21,18:10:00,8.12,8.13,8.11,8.11,2503,0
2016-06-21,18:15:00,8.13,8.13,8.12,8.12,200,0
2016-06-21,18:20:00,8.13,8.13,8.13,8.13,300,0
2016-06-21,18:25:00,8.135,8.135,8.07,8.09,5795,0
2016-06-21,18:30:00,8.1,8.1001,8.0901,8.0901,1900,0
2016-06-21,18:35:00,8.11,8.13,8.1,8.1,2500,0
2016-06-21,18:40:00,8.11,8.12,8.1,8.115,800,0
2016-06-21,18:45:00,8.12,8.12,8.11,8.11,900,0
2016-06-21,18:50:00,8.1,8.12,8.09,8.12,700,0
2016-06-21,18:55:00,8.12,8.12,8.1,8.12,800,0
2016-06-21,19:00:00,8.13,8.18,8.13,8.17,3362,0
2016-06-21,19:05:00,8.19,8.19,8.16,8.1799,1800,0
2016-06-21,19:10:00,8.2,8.2,8.15,8.15,1000,0
2016-06-21,19:15:00,8.13,8.148,8.09,8.1,3700,0
2016-06-21,19:20:00,8.1,8.12,8.1,8.11,700,0
2016-06-21,19:25:00,8.14,8.17,8.11,8.16,3300,0
2016-06-21,19:30:00,8.13,8.13,8.1,8.1,200,0
2016-06-21,19:35:00,8.13,8.13,8.13,8.13,421,0
2016-06-21,19:40:00,8.16,8.16,8.14,8.14,1500,0
2016-06-21,19:45:00,8.15,8.16,8.15,8.16,1112,0
2016-06-21,19:50:00,8.14,8.14,8.14,8.14,100,0
2016-06-21,19:55:00,8.1499,8.16,8.13,8.16,2700,0
2016-06-21,20:00:00,8.17,8.17,8.16,8.17,1900,0
2016-06-21,20:05:00,8.16,8.17,8.15,8.17,1784,0
2016-06-21,20:10:00,8.17,8.19,8.155,8.17,1398,0
2016-06-21,20:15:00,8.19,8.19,8.17,8.17,300,0
2016-06-21,20:20:00,8.19,8.19,8.16,8.16,2613,0
2016-06-21,20:25:00,8.15,8.18,8.15,8.15,700,0
2016-06-21,20:30:00,8.16,8.18,8.155,8.17,3400,0
2016-06-21,20:35:00,8.19,8.2,8.189,8.2,6681,0
2016-06-21,20:40:00,8.19,8.21,8.19,8.21,4971,0
2016-06-21,20:45:00,8.24,8.24,8.18,8.19,3411,0
2016-06-21,20:50:00,8.2,8.2,8.2,8.2,100,0
2016-06-21,20:55:00,8.18,8.19,8.18,8.19,1902,0
2016-06-21,21:00:00,8.18,8.2,8.18,8.2,300,0
2016-06-21,21:05:00,8.2,8.23,8.18,8.22,5384,0
2016-06-21,21:10:00,8.2,8.2,8.16,8.16,5000,0
2016-06-21,21:15:00,8.15,8.3001,8.15,8.3,215038,0
2016-06-21,21:20:00,8.28,8.29,8.2632,8.2632,1900,0
2016-06-21,21:25:00,8.28,8.29,8.26,8.26,6645,0
2016-06-21,21:30:00,8.29,8.3,8.27,8.291,5800,0
2016-06-21,21:35:00,8.2901,8.2901,8.24,8.24,5100,0
2016-06-21,21:40:00,8.23,8.27,8.23,8.27,2900,0
2016-06-21,21:45:00,8.26,8.27,8.18,8.2,12182,0
2016-06-21,21:50:00,8.2,8.21,8.1816,8.1816,8000,0
2016-06-21,21:55:00,8.1816,8.19,8.155,8.18,14254,0
2016-06-21,22:00:00,8.18,8.185,8.16,8.16,13692,0
2016-06-22,15:35:00,8.16,8.16,8.07,8.15,655,0
2016-06-22,15:40:00,8.16,8.16,8.12,8.12,700,0
2016-06-22,15:45:00,8.13,8.13,8.06,8.06,11643,0
2016-06-22,15:50:00,8.07,8.1,8.06,8.1,1800,0
2016-06-22,15:55:00,8.09,8.1,8.06,8.07,1525,0
2016-06-22,16:00:00,8.07,8.07,8.07,8.07,100,0
2016-06-22,16:05:00,8.1,8.1,8.1,8.1,2200,0
2016-06-22,16:10:00,8.12,8.13,8.11,8.13,2700,0
2016-06-22,16:15:00,8.13,8.16,8.13,8.15,1300,0
2016-06-22,16:20:00,8.17,8.17,8.16,8.16,1000,0
2016-06-22,16:25:00,8.163,8.17,8.1,8.13,7400,0
2016-06-22,16:30:00,8.13,8.13,8.1,8.1,1300,0
2016-06-22,16:35:00,8.12,8.12,8.1,8.1,8007,0
2016-06-22,16:40:00,8.17,8.17,8.16,8.16,1000,0
2016-06-22,16:45:00,8.16,8.17,8.16,8.165,1600,0
2016-06-22,16:50:00,8.16,8.16,8.12,8.15,4400,0
2016-06-22,16:55:00,8.17,8.24,8.17,8.24,3900,0
2016-06-22,17:00:00,8.23,8.2342,8.23,8.2342,400,0
2016-06-22,17:05:00,8.23,8.235,8.19,8.2,2300,0
2016-06-22,17:10:00,8.227,8.24,8.22,8.24,2422,0
2016-06-22,17:15:00,8.23,8.27,8.23,8.27,1040,0
2016-06-22,17:20:00,8.26,8.26,8.25,8.25,1200,0
2016-06-22,17:25:00,8.26,8.26,8.26,8.26,100,0
2016-06-22,17:30:00,8.26,8.27,8.26,8.27,1100,0
2016-06-22,17:35:00,8.275,8.29,8.275,8.29,600,0
2016-06-22,17:40:00,8.28,8.28,8.27,8.28,800,0
2016-06-22,17:45:00,8.29,8.29,8.2899,8.29,900,0
2016-06-22,17:50:00,8.29,8.29,8.26,8.26,3488,0
2016-06-22,17:55:00,8.27,8.28,8.27,8.28,900,0
2016-06-22,18:05:00,8.27,8.27,8.26,8.26,1400,0
2016-06-22,18:10:00,8.26,8.26,8.26,8.26,200,0
2016-06-22,18:15:00,8.27,8.27,8.26,8.26,3062,0
2016-06-22,18:20:00,8.27,8.27,8.26,8.27,300,0
2016-06-22,18:25:00,8.27,8.27,8.26,8.26,5951,0
2016-06-22,18:30:00,8.26,8.26,8.26,8.26,339,0
2016-06-22,18:35:00,8.24,8.26,8.24,8.26,500,0
2016-06-22,18:40:00,8.25,8.26,8.24,8.24,2800,0
2016-06-22,18:45:00,8.23,8.23,8.23,8.23,600,0
2016-06-22,18:50:00,8.23,8.26,8.23,8.26,29416,0
2016-06-22,18:55:00,8.27,8.34,8.27,8.33,11397,0
2016-06-22,19:00:00,8.32,8.36,8.32,8.36,12032,0
2016-06-22,19:05:00,8.36,8.3601,8.34,8.35,12400,0
2016-06-22,19:10:00,8.35,8.36,8.34,8.35,2800,0
2016-06-22,19:15:00,8.34,8.38,8.31,8.38,7900,0
2016-06-22,19:20:00,8.4,8.4,8.385,8.39,7300,0
2016-06-22,19:25:00,8.385,8.417,8.385,8.4,14120,0
2016-06-22,19:30:00,8.39,8.4,8.39,8.3999,3400,0
2016-06-22,19:35:00,8.41,8.43,8.4,8.41,3300,0
2016-06-22,19:40:00,8.42,8.42,8.395,8.41,3665,0
2016-06-22,19:45:00,8.41,8.43,8.41,8.43,1300,0
2016-06-22,19:50:00,8.43,8.46,8.42,8.46,4488,0
2016-06-22,19:55:00,8.47,8.51,8.46,8.5022,21500,0
2016-06-22,20:00:00,8.51,8.53,8.5,8.53,9152,0
2016-06-22,20:05:00,8.54,8.59,8.54,8.56,10250,0
2016-06-22,20:10:00,8.56,8.59,8.55,8.58,3778,0
2016-06-22,20:15:00,8.55,8.6,8.55,8.59,5679,0
2016-06-22,20:20:00,8.6,8.62,8.59,8.6,12900,0
2016-06-22,20:25:00,8.6,8.64,8.595,8.62,12900,0
2016-06-22,20:30:00,8.615,8.64,8.6103,8.64,3500,0
2016-06-22,20:35:00,8.63,8.65,8.6299,8.65,2600,0
2016-06-22,20:40:00,8.65,8.66,8.6301,8.66,8000,0
2016-06-22,20:45:00,8.68,8.73,8.68,8.72,14201,0
2016-06-22,20:50:00,8.72,8.72,8.69,8.695,4500,0
2016-06-22,20:55:00,8.685,8.69,8.63,8.6301,8922,0
2016-06-22,21:00:00,8.64,8.64,8.54,8.54,14000,0
2016-06-22,21:05:00,8.5465,8.62,8.5465,8.62,5200,0
2016-06-22,21:10:00,8.62,8.66,8.55,8.55,14286,0
2016-06-22,21:15:00,8.56,8.5701,8.501,8.53,25185,0
2016-06-22,21:20:00,8.515,8.58,8.515,8.58,25784,0
2016-06-22,21:25:00,8.58,8.62,8.57,8.6,11500,0
2016-06-22,21:30:00,8.595,8.66,8.59,8.65,22400,0
2016-06-22,21:35:00,8.655,8.66,8.63,8.63,16377,0
2016-06-22,21:40:00,8.63,8.69,8.63,8.69,9304,0
2016-06-22,21:45:00,8.69,8.76,8.69,8.751,24838,0
2016-06-22,21:50:00,8.75,8.77,8.75,8.765,12820,0
2016-06-22,21:55:00,8.76,8.78,8.73,8.77,25368,0
2016-06-22,22:00:00,8.765,8.77,8.71,8.74,45558,0
2016-06-23,15:35:00,8.79,8.82,8.75,8.79,5836,0
2016-06-23,15:40:00,8.81,8.82,8.73,8.8,5300,0
2016-06-23,15:45:00,8.75,8.82,8.74,8.82,5080,0
2016-06-23,15:50:00,8.805,8.86,8.78,8.85,7757,0
2016-06-23,15:55:00,8.85,8.89,8.78,8.8,4500,0
2016-06-23,16:00:00,8.7866,8.9174,8.7866,8.915,31794,0
2016-06-23,16:05:00,8.93,8.97,8.92,8.955,3201,0
2016-06-23,16:10:00,8.98,8.99,8.9548,8.96,8533,0
2016-06-23,16:15:00,8.981,8.99,8.96,8.965,3400,0
2016-06-23,16:20:00,8.9599,9,8.95,9,7430,0
2016-06-23,16:25:00,8.9795,8.99,8.97,8.99,1900,0
2016-06-23,16:30:00,8.99,9,8.96,8.987,2700,0
2016-06-23,16:35:00,8.96,8.9899,8.86,8.88,7235,0
2016-06-23,16:40:00,8.87,8.92,8.85,8.92,6000,0
2016-06-23,16:45:00,8.9,8.92,8.84,8.9,3400,0
2016-06-23,16:50:00,8.87,8.91,8.8608,8.91,2500,0
2016-06-23,16:55:00,8.88,8.91,8.87,8.9,5650,0
2016-06-23,17:00:00,8.91,8.96,8.91,8.96,2100,0
2016-06-23,17:05:00,8.94,8.945,8.86,8.88,2439,0
2016-06-23,17:10:00,8.87,8.95,8.87,8.95,3300,0
2016-06-23,17:15:00,8.95,8.95,8.9286,8.93,3211,0
2016-06-23,17:20:00,8.95,8.99,8.94,8.99,6948,0
2016-06-23,17:25:00,8.99,9,8.98,8.99,9171,0
2016-06-23,17:30:00,8.99,8.995,8.97,8.995,3500,0
2016-06-23,17:35:00,8.995,8.995,8.97,8.97,3000,0
2016-06-23,17:40:00,8.965,8.98,8.94,8.94,5421,0
2016-06-23,17:45:00,8.938,8.94,8.92,8.9305,1000,0
2016-06-23,17:50:00,8.92,8.92,8.88,8.9,7550,0
2016-06-23,17:55:00,8.9031,8.92,8.9,8.9,6700,0
2016-06-23,18:00:00,8.89,8.9,8.885,8.9,4500,0
2016-06-23,18:05:00,8.899,8.9,8.889,8.9,2850,0
2016-06-23,18:10:00,8.899,8.91,8.885,8.91,4350,0
2016-06-23,18:15:00,8.91,8.91,8.89,8.9,4100,0
2016-06-23,18:20:00,8.88,8.89,8.87,8.89,2815,0
2016-06-23,18:25:00,8.9,8.9,8.89,8.9,1300,0
2016-06-23,18:30:00,8.89,8.89,8.87,8.87,3800,0
2016-06-23,18:35:00,8.87,8.89,8.87,8.8824,1600,0
2016-06-23,18:40:00,8.88,8.88,8.8633,8.88,2902,0
2016-06-23,18:45:00,8.87,8.89,8.8623,8.88,4597,0
2016-06-23,18:50:00,8.878,8.91,8.87,8.88,4300,0
2016-06-23,18:55:00,8.88,8.938,8.86,8.938,7799,0
2016-06-23,19:00:00,8.938,8.94,8.92,8.92,3261,0
2016-06-23,19:05:00,8.92,8.93,8.903,8.93,5637,0
2016-06-23,19:10:00,8.935,8.95,8.91,8.935,18850,0
2016-06-23,19:15:00,8.921,8.93,8.89,8.9,8698,0
2016-06-23,19:20:00,8.9,8.93,8.9,8.93,700,0
2016-06-23,19:25:00,8.9222,8.97,8.9,8.9,13830,0
2016-06-23,19:30:00,8.9,8.9075,8.87,8.88,6043,0
2016-06-23,19:35:00,8.89,8.91,8.87,8.895,1600,0
2016-06-23,19:40:00,8.91,8.93,8.87,8.9,6800,0
2016-06-23,19:45:00,8.88,8.895,8.86,8.89,1900,0
2016-06-23,19:50:00,8.86,8.9,8.86,8.9,3600,0
2016-06-23,19:55:00,8.89,8.9,8.89,8.9,700,0
2016-06-23,20:00:00,8.9,8.9,8.89,8.9,3275,0
2016-06-23,20:05:00,8.89,8.895,8.87,8.87,1700,0
2016-06-23,20:10:00,8.879,8.9,8.879,8.9,2675,0
2016-06-23,20:15:00,8.89,8.9,8.88,8.895,921,0
2016-06-23,20:20:00,8.89,8.89,8.88,8.88,2521,0
2016-06-23,20:25:00,8.8799,8.88,8.85,8.88,1355,0
2016-06-23,20:30:00,8.8501,8.877,8.8501,8.87,2800,0
2016-06-23,20:35:00,8.86,8.878,8.85,8.85,800,0
2016-06-23,20:40:00,8.86,8.865,8.8,8.8,5750,0
2016-06-23,20:45:00,8.82,8.82,8.78,8.8,2032,0
2016-06-23,20:50:00,8.8,8.85,8.8,8.83,3600,0
2016-06-23,20:55:00,8.82,8.84,8.82,8.82,1400,0
2016-06-23,21:00:00,8.838,8.838,8.785,8.785,2653,0
2016-06-23,21:05:00,8.79,8.83,8.785,8.828,2550,0
2016-06-23,21:10:00,8.81,8.869,8.81,8.85,4816,0
2016-06-23,21:15:00,8.85,8.86,8.84,8.86,1232,0
2016-06-23,21:20:00,8.86,8.865,8.8432,8.85,1800,0
2016-06-23,21:25:00,8.84,8.85,8.82,8.828,5598,0
2016-06-23,21:30:00,8.81,8.827,8.8,8.8032,1700,0
2016-06-23,21:35:00,8.8,8.82,8.7711,8.81,6819,0
2016-06-23,21:40:00,8.82,8.82,8.81,8.81,5300,0
2016-06-23,21:45:00,8.81,8.84,8.81,8.84,3527,0
2016-06-23,21:50:00,8.84,8.9,8.84,8.87,36826,0
2016-06-23,21:55:00,8.87,8.88,8.87,8.88,2490,0
2016-06-23,22:00:00,8.87,8.88,8.84,8.88,26722,0
2016-06-24,15:35:00,8.56,8.58,8.12,8.2794,18373,0
2016-06-24,15:40:00,8.39,8.58,8.3294,8.58,13353,0
2016-06-24,15:45:00,8.62,8.772,8.62,8.772,9800,0
2016-06-24,15:50:00,8.7401,8.754,8.6,8.62,11469,0
2016-06-24,15:55:00,8.63,8.69,8.55,8.66,10200,0
2016-06-24,16:00:00,8.64,8.77,8.64,8.74,4650,0
2016-06-24,16:05:00,8.75,8.785,8.7401,8.75,3156,0
2016-06-24,16:10:00,8.765,8.765,8.7,8.7,4260,0
2016-06-24,16:15:00,8.73,8.79,8.72,8.77,6382,0
2016-06-24,16:20:00,8.8,8.82,8.74,8.74,4742,0
2016-06-24,16:25:00,8.72,8.76,8.72,8.76,2500,0
2016-06-24,16:30:00,8.75,8.79,8.7,8.72,6455,0
2016-06-24,16:35:00,8.71,8.75,8.71,8.74,2568,0
2016-06-24,16:40:00,8.75,8.76,8.75,8.76,2700,0
2016-06-24,16:45:00,8.8,8.84,8.8,8.84,1300,0
2016-06-24,16:50:00,8.82,8.83,8.7933,8.805,7450,0
2016-06-24,16:55:00,8.8,8.8,8.72,8.72,1900,0
2016-06-24,17:00:00,8.75,8.771,8.75,8.77,2100,0
2016-06-24,17:05:00,8.751,8.754,8.735,8.735,6928,0
2016-06-24,17:10:00,8.73,8.76,8.7,8.76,5800,0
2016-06-24,17:15:00,8.76,8.76,8.74,8.74,800,0
2016-06-24,17:20:00,8.74,8.77,8.7177,8.73,2700,0
2016-06-24,17:25:00,8.7316,8.7316,8.68,8.7,3000,0
2016-06-24,17:30:00,8.7,8.73,8.7,8.73,2100,0
2016-06-24,17:35:00,8.74,8.76,8.72,8.73,4100,0
2016-06-24,17:40:00,8.72,8.74,8.7,8.72,1800,0
2016-06-24,17:45:00,8.72,8.7202,8.68,8.7,1655,0
2016-06-24,17:50:00,8.7,8.733,8.7,8.7,6200,0
2016-06-24,17:55:00,8.72,8.73,8.68,8.68,4700,0
2016-06-24,18:00:00,8.7,8.7,8.67,8.67,1491,0
2016-06-24,18:05:00,8.695,8.695,8.67,8.6701,1600,0
2016-06-24,18:10:00,8.67,8.7,8.64,8.69,5600,0
2016-06-24,18:15:00,8.6899,8.6899,8.62,8.66,2972,0
2016-06-24,18:20:00,8.677,8.677,8.65,8.6753,2800,0
2016-06-24,18:25:00,8.67,8.67,8.66,8.66,300,0
2016-06-24,18:30:00,8.66,8.71,8.66,8.69,1000,0
2016-06-24,18:35:00,8.71,8.71,8.64,8.65,1100,0
2016-06-24,18:40:00,8.63,8.66,8.63,8.66,1300,0
2016-06-24,18:45:00,8.66,8.66,8.63,8.63,1004,0
2016-06-24,18:50:00,8.62,8.64,8.61,8.64,1100,0
2016-06-24,18:55:00,8.63,8.63,8.6,8.6,1762,0
2016-06-24,19:00:00,8.61,8.62,8.52,8.55,26805,0
2016-06-24,19:05:00,8.53,8.6,8.5209,8.6,1030,0
2016-06-24,19:10:00,8.6,8.61,8.5501,8.5501,2900,0
2016-06-24,19:15:00,8.56,8.58,8.56,8.57,400,0
2016-06-24,19:20:00,8.5701,8.5701,8.57,8.5701,1500,0
2016-06-24,19:25:00,8.56,8.5712,8.5101,8.5101,3800,0
2016-06-24,19:30:00,8.525,8.53,8.51,8.53,1686,0
2016-06-24,19:35:00,8.53,8.53,8.5,8.52,1800,0
2016-06-24,19:40:00,8.525,8.525,8.52,8.52,200,0
2016-06-24,19:45:00,8.52,8.54,8.51,8.53,2200,0
2016-06-24,19:50:00,8.53,8.53,8.5,8.5,6913,0
2016-06-24,19:55:00,8.52,8.52,8.51,8.51,200,0
2016-06-24,20:00:00,8.51,8.55,8.51,8.55,1300,0
2016-06-24,20:05:00,8.569,8.569,8.54,8.54,211,0
2016-06-24,20:10:00,8.54,8.54,8.52,8.53,2300,0
2016-06-24,20:15:00,8.52,8.52,8.52,8.52,400,0
2016-06-24,20:20:00,8.5,8.52,8.5,8.52,986,0
2016-06-24,20:25:00,8.51,8.51,8.5,8.5,1800,0
2016-06-24,20:30:00,8.52,8.52,8.5,8.5,6727,0
2016-06-24,20:35:00,8.5,8.5,8.47,8.4701,3233,0
2016-06-24,20:40:00,8.49,8.49,8.43,8.45,1900,0
2016-06-24,20:45:00,8.45,8.45,8.42,8.43,800,0
2016-06-24,20:50:00,8.43,8.46,8.4,8.46,1600,0
2016-06-24,20:55:00,8.48,8.49,8.4795,8.49,854,0
2016-06-24,21:00:00,8.5,8.51,8.4999,8.51,2900,0
2016-06-24,21:05:00,8.51,8.51,8.48,8.48,1610,0
2016-06-24,21:10:00,8.48,8.49,8.46,8.49,4194,0
2016-06-24,21:15:00,8.48,8.48,8.465,8.48,2200,0
2016-06-24,21:20:00,8.48,8.48,8.44,8.44,1400,0
2016-06-24,21:25:00,8.43,8.5,8.43,8.49,4572,0
2016-06-24,21:30:00,8.49,8.52,8.47,8.51,4100,0
2016-06-24,21:35:00,8.51,8.52,8.5,8.51,1000,0
2016-06-24,21:40:00,8.51,8.52,8.46,8.47,4696,0
2016-06-24,21:45:00,8.47,8.51,8.46,8.4916,3500,0
2016-06-24,21:50:00,8.5,8.55,8.5,8.52,5242,0
2016-06-24,21:55:00,8.53,8.61,8.53,8.61,17535,0
2016-06-24,22:00:00,8.61,8.63,8.58,8.63,247502,0
2016-06-27,15:35:00,8.63,8.63,8.49,8.49,7188,0
2016-06-27,15:40:00,8.48,8.51,8.45,8.45,1033,0
2016-06-27,15:45:00,8.415,8.415,8.324,8.324,3397,0
2016-06-27,15:50:00,8.33,8.37,8.3101,8.3501,3811,0
2016-06-27,15:55:00,8.37,8.4,8.37,8.395,1910,0
2016-06-27,16:00:00,8.41,8.41,8.38,8.38,900,0
2016-06-27,16:05:00,8.39,8.4,8.38,8.38,2582,0
2016-06-27,16:10:00,8.38,8.39,8.38,8.39,400,0
2016-06-27,16:15:00,8.37,8.4,8.36,8.4,17100,0
2016-06-27,16:20:00,8.4,8.4,8.385,8.385,300,0
2016-06-27,16:25:00,8.37,8.38,8.35,8.35,1710,0
2016-06-27,16:30:00,8.35,8.37,8.29,8.305,3823,0
2016-06-27,16:35:00,8.31,8.33,8.29,8.31,3503,0
2016-06-27,16:40:00,8.31,8.325,8.31,8.32,1000,0
2016-06-27,16:45:00,8.32,8.355,8.32,8.34,1000,0
2016-06-27,16:50:00,8.33,8.33,8.3,8.31,5600,0
2016-06-27,16:55:00,8.29,8.32,8.29,8.32,1600,0
2016-06-27,17:00:00,8.295,8.31,8.2301,8.2301,7629,0
2016-06-27,17:05:00,8.23,8.24,8.2,8.23,3600,0
2016-06-27,17:10:00,8.24,8.27,8.2265,8.27,1500,0
2016-06-27,17:15:00,8.28,8.28,8.2,8.22,5054,0
2016-06-27,17:20:00,8.21,8.24,8.2,8.24,6491,0
2016-06-27,17:25:00,8.23,8.23,8.2,8.23,1300,0
2016-06-27,17:30:00,8.23,8.3,8.2204,8.3,1750,0
2016-06-27,17:35:00,8.31,8.35,8.31,8.31,2250,0
2016-06-27,17:40:00,8.31,8.31,8.3,8.31,1600,0
2016-06-27,17:45:00,8.33,8.34,8.28,8.34,1200,0
2016-06-27,17:50:00,8.32,8.35,8.3,8.325,1600,0
2016-06-27,17:55:00,8.3001,8.33,8.29,8.31,1300,0
2016-06-27,18:00:00,8.31,8.31,8.3,8.3,1006,0
2016-06-27,18:05:00,8.29,8.29,8.26,8.27,2000,0
2016-06-27,18:10:00,8.2501,8.2501,8.2501,8.2501,100,0
2016-06-27,18:15:00,8.2501,8.2699,8.2501,8.26,1700,0
2016-06-27,18:20:00,8.25,8.26,8.25,8.26,1800,0
2016-06-27,18:25:00,8.28,8.28,8.26,8.26,1700,0
2016-06-27,18:30:00,8.26,8.28,8.26,8.28,3800,0
2016-06-27,18:35:00,8.28,8.29,8.2701,8.29,1100,0
2016-06-27,18:40:00,8.28,8.29,8.265,8.29,1500,0
2016-06-27,18:45:00,8.27,8.27,8.2401,8.2401,1800,0
2016-06-27,18:50:00,8.245,8.25,8.245,8.25,771,0
2016-06-27,18:55:00,8.28,8.28,8.27,8.28,1998,0
2016-06-27,19:00:00,8.275,8.29,8.275,8.28,4500,0
2016-06-27,19:05:00,8.29,8.29,8.29,8.29,400,0
2016-06-27,19:10:00,8.28,8.28,8.25,8.25,8200,0
2016-06-27,19:15:00,8.25,8.25,8.24,8.24,1200,0
2016-06-27,19:20:00,8.24,8.25,8.23,8.24,500,0
2016-06-27,19:25:00,8.24,8.24,8.24,8.24,700,0
2016-06-27,19:30:00,8.25,8.25,8.24,8.24,1400,0
2016-06-27,19:35:00,8.25,8.25,8.23,8.24,1517,0
2016-06-27,19:40:00,8.24,8.24,8.23,8.23,1100,0
2016-06-27,19:45:00,8.22,8.24,8.22,8.24,200,0
2016-06-27,19:50:00,8.22,8.23,8.22,8.23,1700,0
2016-06-27,19:55:00,8.225,8.23,8.21,8.21,1900,0
2016-06-27,20:00:00,8.2,8.21,8.2,8.2,984,0
2016-06-27,20:05:00,8.23,8.23,8.194,8.194,1200,0
2016-06-27,20:10:00,8.1993,8.21,8.1993,8.2,1900,0
2016-06-27,20:15:00,8.2,8.2,8.2,8.2,800,0
2016-06-27,20:20:00,8.19,8.21,8.18,8.21,2501,0
2016-06-27,20:25:00,8.21,8.21,8.2,8.2,800,0
2016-06-27,20:30:00,8.19,8.19,8.17,8.19,1976,0
2016-06-27,20:35:00,8.19,8.19,8.16,8.19,1580,0
2016-06-27,20:40:00,8.2,8.2,8.19,8.19,1800,0
2016-06-27,20:45:00,8.18,8.18,8.1461,8.1699,9708,0
2016-06-27,20:50:00,8.1601,8.17,8.1,8.12,6200,0
2016-06-27,20:55:00,8.1165,8.13,8.1,8.1,8250,0
2016-06-27,21:00:00,8.11,8.13,8.1,8.12,1800,0
2016-06-27,21:05:00,8.12,8.15,8.12,8.15,500,0
2016-06-27,21:10:00,8.15,8.17,8.15,8.15,1150,0
2016-06-27,21:15:00,8.16,8.18,8.16,8.18,900,0
2016-06-27,21:20:00,8.21,8.21,8.11,8.12,6700,0
2016-06-27,21:25:00,8.15,8.18,8.15,8.16,1580,0
2016-06-27,21:30:00,8.16,8.17,8.16,8.16,400,0
2016-06-27,21:35:00,8.16,8.165,8.16,8.165,800,0
2016-06-27,21:40:00,8.17,8.2,8.165,8.2,3586,0
2016-06-27,21:45:00,8.21,8.22,8.18,8.18,3200,0
2016-06-27,21:50:00,8.18,8.2,8.18,8.2,3600,0
2016-06-27,21:55:00,8.2,8.21,8.16,8.19,7167,0
2016-06-27,22:00:00,8.18,8.18,8.15,8.16,30530,0
2016-06-28,15:35:00,8.22,8.4,8.21,8.295,10575,0
2016-06-28,15:45:00,8.3399,8.38,8.3399,8.36,1900,0
2016-06-28,15:50:00,8.336,8.39,8.324,8.39,1050,0
2016-06-28,15:55:00,8.43,8.51,8.43,8.46,2400,0
2016-06-28,16:00:00,8.46,8.505,8.42,8.42,1862,0
2016-06-28,16:05:00,8.4,8.4,8.38,8.38,200,0
2016-06-28,16:10:00,8.39,8.44,8.37,8.382,9589,0
2016-06-28,16:15:00,8.38,8.38,8.37,8.37,800,0
2016-06-28,16:20:00,8.39,8.4,8.33,8.38,5195,0
2016-06-28,16:25:00,8.39,8.43,8.38,8.4,1800,0
2016-06-28,16:30:00,8.39,8.39,8.36,8.39,1000,0
2016-06-28,16:35:00,8.38,8.4,8.38,8.4,900,0
2016-06-28,16:40:00,8.38,8.38,8.31,8.33,1000,0
2016-06-28,16:45:00,8.3,8.33,8.3,8.3,600,0
2016-06-28,16:50:00,8.33,8.39,8.325,8.39,2100,0
2016-06-28,16:55:00,8.39,8.42,8.385,8.41,1700,0
2016-06-28,17:05:00,8.42,8.42,8.37,8.38,2217,0
2016-06-28,17:10:00,8.36,8.36,8.34,8.34,700,0
2016-06-28,17:15:00,8.33,8.37,8.33,8.35,1800,0
2016-06-28,17:20:00,8.35,8.36,8.3363,8.36,2650,0
2016-06-28,17:25:00,8.36,8.36,8.35,8.35,1000,0
2016-06-28,17:30:00,8.35,8.35,8.32,8.32,900,0
2016-06-28,17:35:00,8.3,8.32,8.29,8.3,600,0
2016-06-28,17:40:00,8.31,8.35,8.31,8.33,2110,0
2016-06-28,17:45:00,8.3225,8.33,8.3225,8.33,200,0
2016-06-28,17:50:00,8.33,8.38,8.33,8.38,2000,0
2016-06-28,17:55:00,8.38,8.38,8.38,8.38,478,0
2016-06-28,18:05:00,8.4,8.4,8.38,8.38,700,0
2016-06-28,18:10:00,8.39,8.4,8.385,8.4,600,0
2016-06-28,18:15:00,8.39,8.39,8.39,8.39,100,0
2016-06-28,18:20:00,8.4,8.4,8.4,8.4,200,0
2016-06-28,18:25:00,8.38,8.397,8.38,8.397,1400,0
2016-06-28,18:30:00,8.38,8.38,8.3501,8.37,2100,0
2016-06-28,18:35:00,8.36,8.4198,8.36,8.41,10560,0
2016-06-28,18:40:00,8.4099,8.41,8.4072,8.4072,2735,0
2016-06-28,18:45:00,8.41,8.45,8.405,8.45,1400,0
2016-06-28,18:50:00,8.445,8.445,8.415,8.42,1800,0
2016-06-28,18:55:00,8.41,8.41,8.38,8.4,1400,0
2016-06-28,19:00:00,8.39,8.39,8.37,8.385,1600,0
2016-06-28,19:05:00,8.3817,8.3817,8.38,8.38,890,0
2016-06-28,19:10:00,8.35,8.35,8.35,8.35,100,0
2016-06-28,19:15:00,8.32,8.34,8.31,8.31,400,0
2016-06-28,19:20:00,8.325,8.34,8.29,8.29,1950,0
2016-06-28,19:25:00,8.3,8.33,8.3,8.33,500,0
2016-06-28,19:30:00,8.3,8.333,8.3,8.333,1500,0
2016-06-28,19:35:00,8.34,8.38,8.3334,8.37,2400,0
2016-06-28,19:40:00,8.36,8.365,8.35,8.35,600,0
2016-06-28,19:45:00,8.35,8.35,8.35,8.35,900,0
2016-06-28,19:50:00,8.34,8.35,8.34,8.345,400,0
2016-06-28,19:55:00,8.345,8.346,8.34,8.34,3775,0
2016-06-28,20:00:00,8.34,8.34,8.32,8.3303,2700,0
2016-06-28,20:05:00,8.3399,8.3499,8.335,8.3499,1419,0
2016-06-28,20:10:00,8.3499,8.35,8.3499,8.3499,400,0
2016-06-28,20:15:00,8.35,8.35,8.33,8.34,800,0
2016-06-28,20:20:00,8.3499,8.35,8.33,8.35,700,0
2016-06-28,20:25:00,8.35,8.4,8.35,8.3999,2528,0
2016-06-28,20:30:00,8.37,8.3999,8.37,8.38,800,0
2016-06-28,20:35:00,8.3899,8.4,8.37,8.4,3900,0
2016-06-28,20:40:00,8.39,8.41,8.39,8.41,1500,0
2016-06-28,20:45:00,8.41,8.43,8.41,8.4299,500,0
2016-06-28,20:50:00,8.4299,8.4299,8.4,8.4199,500,0
2016-06-28,20:55:00,8.4,8.42,8.39,8.39,2900,0
2016-06-28,21:00:00,8.38,8.4099,8.38,8.4099,1300,0
2016-06-28,21:05:00,8.41,8.41,8.4099,8.41,700,0
2016-06-28,21:10:00,8.41,8.4399,8.41,8.4399,1700,0
2016-06-28,21:15:00,8.43,8.43,8.41,8.41,1910,0
2016-06-28,21:20:00,8.415,8.415,8.37,8.38,1300,0
2016-06-28,21:25:00,8.39,8.41,8.37,8.4,6000,0
2016-06-28,21:30:00,8.39,8.42,8.39,8.42,3400,0
2016-06-28,21:35:00,8.42,8.425,8.4,8.41,3209,0
2016-06-28,21:40:00,8.41,8.42,8.41,8.42,2000,0
2016-06-28,21:45:00,8.42,8.44,8.42,8.43,3438,0
2016-06-28,21:50:00,8.43,8.43,8.4,8.42,3874,0
2016-06-28,21:55:00,8.42,8.435,8.4199,8.435,6238,0
2016-06-28,22:00:00,8.435,8.47,8.435,8.46,34891,0
2016-06-29,15:35:00,8.5,8.5,8.5,8.5,1250,0
2016-06-29,15:40:00,8.48,8.5,8.44,8.5,2833,0
2016-06-29,15:45:00,8.5525,8.5525,8.52,8.5299,1000,0
2016-06-29,15:50:00,8.53,8.55,8.49,8.5,1701,0
2016-06-29,15:55:00,8.51,8.52,8.51,8.51,600,0
2016-06-29,16:00:00,8.51,8.51,8.47,8.49,1500,0
2016-06-29,16:05:00,8.46,8.49,8.45,8.45,500,0
2016-06-29,16:10:00,8.45,8.46,8.425,8.44,1400,0
2016-06-29,16:15:00,8.45,8.47,8.43,8.4501,900,0
2016-06-29,16:20:00,8.47,8.47,8.43,8.45,3000,0
2016-06-29,16:25:00,8.46,8.4699,8.45,8.45,2070,0
2016-06-29,16:30:00,8.43,8.43,8.39,8.39,1900,0
2016-06-29,16:35:00,8.4,8.41,8.39,8.4,2547,0
2016-06-29,16:40:00,8.4,8.43,8.4,8.43,6800,0
2016-06-29,16:45:00,8.4,8.43,8.4,8.41,2300,0
2016-06-29,16:50:00,8.41,8.43,8.41,8.43,702,0
2016-06-29,16:55:00,8.43,8.44,8.43,8.4301,1500,0
2016-06-29,17:00:00,8.44,8.44,8.4301,8.4301,600,0
2016-06-29,17:05:00,8.45,8.48,8.45,8.48,4918,0
2016-06-29,17:10:00,8.47,8.475,8.46,8.46,1100,0
2016-06-29,17:15:00,8.47,8.49,8.47,8.49,2200,0
2016-06-29,17:20:00,8.5,8.5,8.49,8.5,1400,0
2016-06-29,17:25:00,8.5,8.52,8.5,8.518,5604,0
2016-06-29,17:30:00,8.52,8.53,8.5,8.5,700,0
2016-06-29,17:35:00,8.5,8.51,8.5,8.51,1500,0
2016-06-29,17:40:00,8.51,8.52,8.51,8.51,1900,0
2016-06-29,17:45:00,8.5001,8.52,8.49,8.51,1240,0
2016-06-29,17:50:00,8.48,8.49,8.48,8.48,1000,0
2016-06-29,17:55:00,8.49,8.53,8.49,8.53,2725,0
2016-06-29,18:00:00,8.545,8.545,8.53,8.53,2300,0
2016-06-29,18:05:00,8.53,8.53,8.51,8.525,1350,0
2016-06-29,18:10:00,8.52,8.535,8.52,8.53,2611,0
2016-06-29,18:15:00,8.54,8.54,8.53,8.53,500,0
2016-06-29,18:20:00,8.53,8.54,8.52,8.54,2124,0
2016-06-29,18:25:00,8.54,8.55,8.53,8.55,1900,0
2016-06-29,18:30:00,8.54,8.54,8.51,8.53,1900,0
2016-06-29,18:35:00,8.5101,8.5101,8.5,8.5,5366,0
2016-06-29,18:40:00,8.5,8.54,8.5,8.53,2900,0
2016-06-29,18:45:00,8.52,8.52,8.52,8.52,800,0
2016-06-29,18:50:00,8.52,8.52,8.515,8.515,200,0
2016-06-29,18:55:00,8.5199,8.52,8.5199,8.52,700,0
2016-06-29,19:00:00,8.51,8.515,8.51,8.51,300,0
2016-06-29,19:05:00,8.51,8.51,8.48,8.485,2679,0
2016-06-29,19:10:00,8.49,8.49,8.47,8.4801,1580,0
2016-06-29,19:15:00,8.48,8.49,8.47,8.48,700,0
2016-06-29,19:20:00,8.48,8.4882,8.48,8.4882,600,0
2016-06-29,19:25:00,8.49,8.55,8.49,8.55,4200,0
2016-06-29,19:30:00,8.53,8.534,8.53,8.53,1500,0
2016-06-29,19:35:00,8.54,8.54,8.53,8.54,1600,0
2016-06-29,19:40:00,8.54,8.55,8.54,8.55,200,0
2016-06-29,19:45:00,8.55,8.55,8.55,8.55,100,0
2016-06-29,19:50:00,8.54,8.54,8.54,8.54,100,0
2016-06-29,19:55:00,8.55,8.55,8.5201,8.5201,1600,0
2016-06-29,20:00:00,8.52,8.55,8.52,8.55,3340,0
2016-06-29,20:05:00,8.5301,8.5301,8.5301,8.5301,100,0
2016-06-29,20:10:00,8.54,8.54,8.52,8.5201,1500,0
2016-06-29,20:15:00,8.52,8.53,8.52,8.53,1200,0
2016-06-29,20:20:00,8.51,8.53,8.51,8.51,500,0
2016-06-29,20:25:00,8.51,8.52,8.51,8.51,800,0
2016-06-29,20:30:00,8.5101,8.5101,8.49,8.5,4200,0
2016-06-29,20:35:00,8.49,8.5,8.49,8.49,300,0
2016-06-29,20:40:00,8.49,8.49,8.4701,8.4701,900,0
2016-06-29,20:45:00,8.49,8.49,8.48,8.48,300,0
2016-06-29,20:50:00,8.4801,8.4801,8.47,8.48,3800,0
2016-06-29,20:55:00,8.48,8.48,8.45,8.45,2100,0
2016-06-29,21:00:00,8.45,8.45,8.45,8.45,3318,0
2016-06-29,21:05:00,8.4501,8.47,8.45,8.47,4492,0
2016-06-29,21:10:00,8.48,8.51,8.48,8.51,1800,0
2016-06-29,21:15:00,8.51,8.51,8.5,8.5,1300,0
2016-06-29,21:20:00,8.505,8.505,8.5,8.5,200,0
2016-06-29,21:25:00,8.5,8.51,8.48,8.4801,5177,0
2016-06-29,21:30:00,8.48,8.49,8.48,8.49,2086,0
2016-06-29,21:35:00,8.485,8.49,8.48,8.49,900,0
2016-06-29,21:40:00,8.48,8.48,8.48,8.48,1200,0
2016-06-29,21:45:00,8.485,8.485,8.47,8.47,4309,0
2016-06-29,21:50:00,8.47,8.51,8.47,8.505,7523,0
2016-06-29,21:55:00,8.505,8.52,8.49,8.49,4400,0
2016-06-29,22:00:00,8.49,8.5,8.45,8.47,38035,0
2016-06-30,15:35:00,8.45,8.6,8.45,8.57,1401,0
2016-06-30,15:40:00,8.56,8.56,8.56,8.56,200,0
2016-06-30,15:45:00,8.47,8.47,8.47,8.47,100,0
2016-06-30,15:50:00,8.51,8.51,8.47,8.47,200,0
2016-06-30,15:55:00,8.51,8.51,8.45,8.45,700,0
2016-06-30,16:00:00,8.45,8.47,8.45,8.464,3700,0
2016-06-30,16:05:00,8.47,8.5,8.47,8.48,2200,0
2016-06-30,16:10:00,8.49,8.502,8.49,8.502,836,0
2016-06-30,16:15:00,8.52,8.52,8.48,8.52,600,0
2016-06-30,16:20:00,8.52,8.56,8.52,8.56,1207,0
2016-06-30,16:25:00,8.55,8.56,8.53,8.53,1600,0
2016-06-30,16:30:00,8.53,8.54,8.51,8.52,500,0
2016-06-30,16:35:00,8.52,8.542,8.52,8.54,3321,0
2016-06-30,16:40:00,8.55,8.55,8.53,8.55,600,0
2016-06-30,16:45:00,8.53,8.55,8.53,8.54,800,0
2016-06-30,16:50:00,8.55,8.55,8.54,8.54,400,0
2016-06-30,16:55:00,8.54,8.57,8.54,8.57,300,0
2016-06-30,17:00:00,8.565,8.59,8.565,8.58,1400,0
2016-06-30,17:05:00,8.59,8.59,8.57,8.5899,1500,0
2016-06-30,17:10:00,8.57,8.6,8.57,8.6,7800,0
2016-06-30,17:15:00,8.6,8.63,8.59,8.63,3800,0
2016-06-30,17:20:00,8.6399,8.64,8.6399,8.64,800,0
2016-06-30,17:25:00,8.6102,8.6299,8.5999,8.6,2500,0
2016-06-30,17:30:00,8.61,8.65,8.61,8.65,1800,0
2016-06-30,17:35:00,8.6599,8.69,8.6599,8.69,3454,0
2016-06-30,17:40:00,8.67,8.6799,8.66,8.66,1200,0
2016-06-30,17:45:00,8.67,8.675,8.62,8.65,2990,0
2016-06-30,17:50:00,8.68,8.68,8.65,8.68,1390,0
2016-06-30,17:55:00,8.68,8.71,8.68,8.71,1500,0
2016-06-30,18:00:00,8.7299,8.75,8.7299,8.75,1379,0
2016-06-30,18:05:00,8.74,8.75,8.7399,8.7399,1200,0
2016-06-30,18:10:00,8.73,8.73,8.7,8.7,1900,0
2016-06-30,18:15:00,8.6899,8.732,8.6815,8.732,6578,0
2016-06-30,18:20:00,8.74,8.7499,8.729,8.7499,356,0
2016-06-30,18:25:00,8.7399,8.74,8.72,8.7399,500,0
2016-06-30,18:30:00,8.73,8.74,8.73,8.73,400,0
2016-06-30,18:35:00,8.74,8.74,8.72,8.72,700,0
2016-06-30,18:40:00,8.7399,8.7399,8.703,8.7099,1500,0
2016-06-30,18:45:00,8.7075,8.7299,8.7,8.7204,1500,0
2016-06-30,18:50:00,8.7075,8.73,8.7,8.73,700,0
2016-06-30,18:55:00,8.7,8.72,8.6999,8.72,4100,0
2016-06-30,19:00:00,8.7,8.7,8.66,8.66,3720,0
2016-06-30,19:05:00,8.665,8.68,8.66,8.68,1000,0
2016-06-30,19:10:00,8.68,8.68,8.65,8.65,900,0
2016-06-30,19:15:00,8.65,8.67,8.65,8.6699,3200,0
2016-06-30,19:20:00,8.67,8.67,8.6575,8.67,1800,0
2016-06-30,19:25:00,8.665,8.67,8.647,8.65,2850,0
2016-06-30,19:30:00,8.66,8.66,8.6437,8.655,3800,0
2016-06-30,19:35:00,8.66,8.66,8.65,8.65,3600,0
2016-06-30,19:40:00,8.65,8.7,8.65,8.7,2400,0
2016-06-30,19:45:00,8.7,8.7,8.67,8.6899,900,0
2016-06-30,19:50:00,8.69,8.69,8.66,8.68,4550,0
2016-06-30,19:55:00,8.65,8.68,8.65,8.66,900,0
2016-06-30,20:00:00,8.68,8.68,8.66,8.68,1825,0
2016-06-30,20:05:00,8.6795,8.69,8.67,8.69,3000,0
2016-06-30,20:10:00,8.69,8.7,8.6899,8.6899,400,0
2016-06-30,20:15:00,8.6899,8.69,8.6899,8.69,400,0
2016-06-30,20:20:00,8.68,8.68,8.68,8.68,1300,0
2016-06-30,20:25:00,8.68,8.7,8.68,8.7,700,0
2016-06-30,20:30:00,8.69,8.69,8.68,8.68,1500,0
2016-06-30,20:35:00,8.685,8.6901,8.685,8.69,1400,0
2016-06-30,20:40:00,8.69,8.7,8.685,8.7,1000,0
2016-06-30,20:45:00,8.7,8.7,8.6999,8.6999,300,0
2016-06-30,20:50:00,8.7,8.7,8.69,8.69,1300,0
2016-06-30,20:55:00,8.6999,8.7,8.695,8.7,1400,0
2016-06-30,21:00:00,8.695,8.7199,8.695,8.7199,1503,0
2016-06-30,21:05:00,8.72,8.72,8.7199,8.72,600,0
2016-06-30,21:10:00,8.7399,8.7399,8.7,8.7,2400,0
2016-06-30,21:15:00,8.7,8.71,8.7,8.7099,4500,0
2016-06-30,21:20:00,8.7015,8.72,8.7001,8.72,5050,0
2016-06-30,21:25:00,8.73,8.74,8.7148,8.7399,2200,0
2016-06-30,21:30:00,8.74,8.7599,8.74,8.7599,6229,0
2016-06-30,21:35:00,8.7516,8.77,8.7516,8.7699,1791,0
2016-06-30,21:40:00,8.77,8.8,8.77,8.795,2827,0
2016-06-30,21:45:00,8.795,8.8,8.78,8.7899,2289,0
2016-06-30,21:50:00,8.78,8.79,8.75,8.78,4478,0
2016-06-30,21:55:00,8.78,8.8,8.74,8.7632,4980,0
2016-06-30,22:00:00,8.78,8.8,8.76,8.8,41227,0
2016-07-01,15:35:00,8.85,8.85,8.77,8.77,3277,0
2016-07-01,15:40:00,8.79,8.85,8.75,8.84,9106,0
2016-07-01,15:45:00,8.814,8.8201,8.814,8.8201,4100,0
2016-07-01,15:50:00,8.8383,8.842,8.8383,8.842,1900,0
2016-07-01,15:55:00,8.85,8.8938,8.84,8.8938,53365,0
2016-07-01,16:00:00,8.89,8.89,8.87,8.88,1300,0
2016-07-01,16:05:00,8.87,8.8814,8.86,8.88,2300,0
2016-07-01,16:10:00,8.87,8.87,8.85,8.85,1558,0
2016-07-01,16:15:00,8.85,8.85,8.82,8.84,34281,0
2016-07-01,16:20:00,8.85,8.86,8.85,8.86,2228,0
2016-07-01,16:25:00,8.87,8.9,8.87,8.89,6825,0
2016-07-01,16:30:00,8.9,8.9,8.86,8.88,11400,0
2016-07-01,16:35:00,8.86,8.86,8.824,8.834,2900,0
2016-07-01,16:40:00,8.8328,8.9,8.8328,8.8925,14697,0
2016-07-01,16:45:00,8.9,8.94,8.89,8.91,26942,0
2016-07-01,16:50:00,8.91,8.9167,8.84,8.87,38700,0
2016-07-01,16:55:00,8.88,8.9,8.87,8.9,12400,0
2016-07-01,17:00:00,8.92,8.923,8.89,8.9,10698,0
2016-07-01,17:05:00,8.9,8.9391,8.9,8.92,6600,0
2016-07-01,17:10:00,8.92,8.93,8.895,8.925,16200,0
2016-07-01,17:15:00,8.925,8.93,8.92,8.925,11500,0
2016-07-01,17:20:00,8.925,8.97,8.905,8.97,3100,0
2016-07-01,17:25:00,8.9501,9,8.93,8.93,14074,0
2016-07-01,17:30:00,8.915,8.97,8.915,8.97,3400,0
2016-07-01,17:35:00,8.965,9,8.965,8.97,29313,0
2016-07-01,17:40:00,8.98,9,8.97,8.99,2300,0
2016-07-01,17:45:00,8.99,9,8.99,8.9998,28500,0
2016-07-01,17:50:00,9,9,8.95,9,28803,0
2016-07-01,17:55:00,9,9,8.995,9,9000,0
2016-07-01,18:00:00,9,9,8.995,9,9090,0
2016-07-01,18:05:00,9,9,8.99,8.99,1728,0
2016-07-01,18:10:00,9,9,8.99,9,9103,0
2016-07-01,18:15:00,9,9,8.9701,8.9701,3397,0
2016-07-01,18:20:00,8.98,8.99,8.98,8.99,1000,0
2016-07-01,18:25:00,8.99,9,8.99,9,2200,0
2016-07-01,18:30:00,9,9,8.95,8.95,7300,0
2016-07-01,18:35:00,8.9548,8.96,8.94,8.95,3901,0
2016-07-01,18:40:00,8.94,8.94,8.925,8.93,720,0
2016-07-01,18:45:00,8.93,8.97,8.92,8.92,3300,0
2016-07-01,18:50:00,8.95,8.95,8.92,8.92,700,0
2016-07-01,18:55:00,8.94,8.94,8.92,8.94,1100,0
2016-07-01,19:00:00,8.94,8.94,8.93,8.94,800,0
2016-07-01,19:05:00,8.94,8.94,8.86,8.86,4900,0
2016-07-01,19:10:00,8.86,8.89,8.86,8.89,1200,0
2016-07-01,19:15:00,8.89,8.9,8.87,8.9,3100,0
2016-07-01,19:20:00,8.9,8.94,8.88,8.94,31349,0
2016-07-01,19:25:00,8.94,8.94,8.9,8.93,3300,0
2016-07-01,19:30:00,8.93,8.93,8.91,8.91,2100,0
2016-07-01,19:35:00,8.92,8.92,8.9,8.92,1400,0
2016-07-01,19:40:00,8.92,8.93,8.89,8.9,3000,0
2016-07-01,19:45:00,8.91,8.94,8.91,8.94,1100,0
2016-07-01,19:50:00,8.94,8.94,8.92,8.94,1940,0
2016-07-01,19:55:00,8.9361,8.94,8.9361,8.94,1200,0
2016-07-01,20:00:00,8.94,8.94,8.93,8.94,1700,0
2016-07-01,20:05:00,8.94,8.94,8.89,8.9,2800,0
2016-07-01,20:10:00,8.91,8.92,8.9,8.9,1900,0
2016-07-01,20:15:00,8.92,8.93,8.92,8.93,1300,0
2016-07-01,20:20:00,8.93,8.93,8.923,8.93,2197,0
2016-07-01,20:25:00,8.94,8.94,8.92,8.94,1300,0
2016-07-01,20:30:00,8.94,8.94,8.94,8.94,1100,0
2016-07-01,20:35:00,8.93,8.94,8.92,8.93,2100,0
2016-07-01,20:40:00,8.94,8.94,8.9,8.9,5650,0
2016-07-01,20:45:00,8.9,8.92,8.9,8.9,2200,0
2016-07-01,20:50:00,8.9,8.91,8.9,8.9,3592,0
2016-07-01,20:55:00,8.9,8.9,8.8901,8.9,3521,0
2016-07-01,21:00:00,8.9,8.9,8.89,8.9,3250,0
2016-07-01,21:05:00,8.9,8.9,8.89,8.8916,3748,0
2016-07-01,21:10:00,8.9,8.9,8.89,8.89,3900,0
2016-07-01,21:15:00,8.9,8.9,8.88,8.885,2600,0
2016-07-01,21:20:00,8.89,8.89,8.88,8.89,3600,0
2016-07-01,21:25:00,8.89,8.9,8.88,8.9,1700,0
2016-07-01,21:30:00,8.9,8.9,8.89,8.9,3000,0
2016-07-01,21:35:00,8.8901,8.9,8.8901,8.9,2740,0
2016-07-01,21:40:00,8.9,8.92,8.89,8.9,7000,0
2016-07-01,21:45:00,8.9,8.91,8.89,8.9,3901,0
2016-07-01,21:50:00,8.9,8.9,8.87,8.8893,11101,0
2016-07-01,21:55:00,8.88,8.89,8.88,8.885,6701,0
2016-07-01,22:00:00,8.88,8.9,8.88,8.9,18754,0
