Date,Time,Open,High,Low,Close,Volume,OpenInt
2016-06-15,15:35:00,7.6,7.63,7.59,7.6011,30792,0
2016-06-15,15:40:00,7.6,7.62,7.59,7.6035,11801,0
2016-06-15,15:45:00,7.6,7.61,7.6,7.6,17182,0
2016-06-15,15:50:00,7.6095,7.6095,7.57,7.58,7107,0
2016-06-15,15:55:00,7.57,7.57,7.53,7.5301,10910,0
2016-06-15,16:00:00,7.5315,7.5315,7.53,7.53,700,0
2016-06-15,16:25:00,7.525,7.525,7.52,7.52,2100,0
2016-06-15,16:30:00,7.525,7.53,7.52,7.525,3695,0
2016-06-15,16:35:00,7.525,7.53,7.52,7.53,1300,0
2016-06-15,16:40:00,7.53,7.54,7.525,7.53,2500,0
2016-06-15,16:45:00,7.5374,7.54,7.53,7.54,1400,0
2016-06-15,16:50:00,7.5369,7.54,7.53,7.54,3100,0
2016-06-15,16:55:00,7.5325,7.54,7.53,7.53,3933,0
2016-06-15,17:00:00,7.535,7.535,7.52,7.5225,5540,0
2016-06-15,17:05:00,7.52,7.525,7.52,7.52,3400,0
2016-06-15,17:10:00,7.52,7.5699,7.52,7.5665,18100,0
2016-06-15,17:15:00,7.56,7.57,7.56,7.57,800,0
2016-06-15,17:20:00,7.57,7.57,7.56,7.56,2700,0
2016-06-15,17:25:00,7.56,7.56,7.54,7.54,3035,0
2016-06-15,17:30:00,7.55,7.55,7.54,7.54,12041,0
2016-06-15,17:35:00,7.54,7.5407,7.53,7.54,9444,0
2016-06-15,17:40:00,7.5307,7.54,7.53,7.535,6479,0
2016-06-15,17:45:00,7.535,7.55,7.52,7.5463,12000,0
2016-06-15,17:50:00,7.54,7.5465,7.54,7.54,1350,0
2016-06-15,17:55:00,7.54,7.544,7.54,7.54,2265,0
2016-06-15,18:00:00,7.54,7.54,7.54,7.54,100,0
2016-06-15,18:05:00,7.55,7.55,7.54,7.5401,12527,0
2016-06-15,18:10:00,7.54,7.55,7.52,7.55,20500,0
2016-06-15,18:15:00,7.54,7.56,7.54,7.54,34900,0
2016-06-15,18:20:00,7.54,7.5465,7.54,7.5465,3549,0
2016-06-15,18:25:00,7.54,7.54,7.53,7.54,11594,0
2016-06-15,18:30:00,7.534,7.54,7.53,7.53,7406,0
2016-06-15,18:35:00,7.5225,7.5299,7.52,7.52,3200,0
2016-06-15,18:40:00,7.52,7.52,7.51,7.51,11715,0
2016-06-15,18:45:00,7.51,7.51,7.5,7.5,12123,0
2016-06-15,18:50:00,7.5,7.5,7.48,7.4801,15668,0
2016-06-15,18:55:00,7.47,7.4899,7.46,7.46,10255,0
2016-06-15,19:00:00,7.46,7.48,7.46,7.475,3000,0
2016-06-15,19:05:00,7.475,7.49,7.47,7.49,7383,0
2016-06-15,19:10:00,7.485,7.485,7.485,7.485,200,0
2016-06-15,19:15:00,7.4882,7.49,7.48,7.49,2600,0
2016-06-15,19:20:00,7.485,7.51,7.485,7.51,3200,0
2016-06-15,19:25:00,7.51,7.51,7.505,7.505,1578,0
2016-06-15,19:30:00,7.505,7.509,7.505,7.509,300,0
2016-06-15,19:35:00,7.5,7.505,7.5,7.505,2438,0
2016-06-15,19:40:00,7.505,7.52,7.505,7.52,3648,0
2016-06-15,19:45:00,7.515,7.515,7.515,7.515,100,0
2016-06-15,19:50:00,7.515,7.52,7.51,7.515,2630,0
2016-06-15,19:55:00,7.5101,7.52,7.5101,7.515,6400,0
2016-06-15,20:00:00,7.515,7.6,7.515,7.54,38488,0
2016-06-15,20:05:00,7.54,7.54,7.54,7.54,2213,0
2016-06-15,20:10:00,7.54,7.5464,7.54,7.545,1400,0
2016-06-15,20:15:00,7.54,7.54,7.535,7.535,11875,0
2016-06-15,20:20:00,7.54,7.56,7.5367,7.56,17800,0
2016-06-15,20:25:00,7.55,7.55,7.55,7.55,500,0
2016-06-15,20:30:00,7.54,7.5438,7.54,7.54,5127,0
2016-06-15,20:35:00,7.54,7.54,7.54,7.54,1700,0
2016-06-15,20:40:00,7.545,7.55,7.54,7.54,1500,0
2016-06-15,20:45:00,7.54,7.5499,7.54,7.54,1400,0
2016-06-15,20:50:00,7.54,7.54,7.54,7.54,700,0
2016-06-15,20:55:00,7.54,7.5441,7.54,7.54,1785,0
2016-06-15,21:00:00,7.54,7.55,7.54,7.55,8900,0
2016-06-15,21:05:00,7.545,7.545,7.54,7.54,1900,0
2016-06-15,21:10:00,7.54,7.5401,7.54,7.54,4100,0
2016-06-15,21:15:00,7.5401,7.5401,7.54,7.54,2200,0
2016-06-15,21:20:00,7.545,7.5499,7.54,7.54,5140,0
2016-06-15,21:25:00,7.5401,7.55,7.54,7.54,2645,0
2016-06-15,21:30:00,7.54,7.545,7.54,7.5401,3390,0
2016-06-15,21:35:00,7.54,7.5529,7.54,7.5529,12424,0
2016-06-15,21:40:00,7.555,7.555,7.535,7.54,9016,0
2016-06-15,21:45:00,7.54,7.5401,7.535,7.535,4200,0
2016-06-15,21:50:00,7.535,7.545,7.53,7.54,22784,0
2016-06-15,21:55:00,7.54,7.545,7.535,7.545,25984,0
2016-06-15,22:00:00,7.54,7.55,7.53,7.53,61485,0
2016-06-16,15:35:00,7.48,7.55,7.48,7.54,16490,0
2016-06-16,15:40:00,7.52,7.52,7.48,7.48,1523,0
2016-06-16,15:45:00,7.46,7.47,7.43,7.43,17475,0
2016-06-16,15:50:00,7.434,7.434,7.38,7.43,17822,0
2016-06-16,15:55:00,7.43,7.4324,7.42,7.42,6776,0
2016-06-16,16:00:00,7.41,7.43,7.41,7.42,1944,0
2016-06-16,16:05:00,7.415,7.43,7.41,7.43,3000,0
2016-06-16,16:10:00,7.41,7.44,7.41,7.41,3218,0
2016-06-16,16:15:00,7.4153,7.43,7.41,7.41,2300,0
2016-06-16,16:20:00,7.4199,7.42,7.41,7.41,2716,0
2016-06-16,16:25:00,7.4,7.41,7.4,7.41,2650,0
2016-06-16,16:30:00,7.4,7.42,7.4,7.41,15201,0
2016-06-16,16:35:00,7.42,7.42,7.405,7.41,2694,0
2016-06-16,16:40:00,7.4,7.41,7.3948,7.41,8900,0
2016-06-16,16:45:00,7.4,7.41,7.39,7.41,14591,0
2016-06-16,16:50:00,7.41,7.41,7.3801,7.3801,7857,0
2016-06-16,16:55:00,7.385,7.39,7.385,7.39,5100,0
2016-06-16,17:00:00,7.3889,7.4,7.3889,7.3999,10587,0
2016-06-16,17:05:00,7.393,7.46,7.39,7.44,13490,0
2016-06-16,17:10:00,7.4524,7.4599,7.44,7.45,4200,0
2016-06-16,17:15:00,7.45,7.45,7.44,7.44,3673,0
2016-06-16,17:20:00,7.43,7.43,7.41,7.42,2600,0
2016-06-16,17:25:00,7.41,7.43,7.405,7.43,13221,0
2016-06-16,17:30:00,7.44,7.46,7.44,7.44,3632,0
2016-06-16,17:35:00,7.44,7.44,7.42,7.42,1755,0
2016-06-16,17:40:00,7.42,7.44,7.41,7.44,15932,0
2016-06-16,17:45:00,7.43,7.44,7.42,7.43,5540,0
2016-06-16,17:50:00,7.42,7.43,7.41,7.43,6800,0
2016-06-16,17:55:00,7.41,7.42,7.41,7.42,1800,0
2016-06-16,18:00:00,7.41,7.41,7.4,7.4,4800,0
2016-06-16,18:05:00,7.4,7.41,7.4,7.41,3065,0
2016-06-16,18:10:00,7.4001,7.44,7.4,7.44,6831,0
2016-06-16,18:15:00,7.43,7.44,7.42,7.44,8359,0
2016-06-16,18:20:00,7.43,7.44,7.43,7.44,4400,0
2016-06-16,18:25:00,7.45,7.45,7.445,7.45,600,0
2016-06-16,18:30:00,7.45,7.45,7.4301,7.44,3050,0
2016-06-16,18:35:00,7.435,7.4401,7.43,7.435,7700,0
2016-06-16,18:40:00,7.44,7.44,7.435,7.44,2600,0
2016-06-16,18:45:00,7.45,7.455,7.435,7.435,7200,0
2016-06-16,18:50:00,7.44,7.445,7.43,7.44,6912,0
2016-06-16,18:55:00,7.44,7.44,7.44,7.44,200,0
2016-06-16,19:00:00,7.44,7.44,7.43,7.44,1200,0
2016-06-16,19:05:00,7.43,7.44,7.43,7.44,2900,0
2016-06-16,19:10:00,7.43,7.44,7.42,7.43,6546,0
2016-06-16,19:15:00,7.43,7.44,7.43,7.43,1340,0
2016-06-16,19:20:00,7.43,7.44,7.43,7.44,1100,0
2016-06-16,19:25:00,7.43,7.44,7.42,7.42,4254,0
2016-06-16,19:30:00,7.42,7.44,7.42,7.43,2900,0
2016-06-16,19:35:00,7.43,7.44,7.43,7.43,3898,0
2016-06-16,19:40:00,7.43,7.44,7.42,7.43,18885,0
2016-06-16,19:45:00,7.43,7.43,7.42,7.42,1100,0
2016-06-16,19:50:00,7.43,7.47,7.42,7.46,79423,0
2016-06-16,19:55:00,7.45,7.45,7.43,7.435,2500,0
2016-06-16,20:00:00,7.43,7.44,7.43,7.435,28984,0
2016-06-16,20:05:00,7.43,7.44,7.43,7.44,4799,0
2016-06-16,20:10:00,7.44,7.45,7.44,7.45,2921,0
2016-06-16,20:15:00,7.45,7.45,7.445,7.45,3000,0
2016-06-16,20:20:00,7.45,7.46,7.45,7.455,5200,0
2016-06-16,20:25:00,7.4563,7.4563,7.44,7.45,3485,0
2016-06-16,20:30:00,7.44,7.45,7.44,7.45,2312,0
2016-06-16,20:35:00,7.44,7.45,7.44,7.45,4161,0
2016-06-16,20:40:00,7.44,7.47,7.44,7.47,18926,0
2016-06-16,20:45:00,7.47,7.47,7.46,7.46,2145,0
2016-06-16,20:50:00,7.455,7.46,7.45,7.45,400,0
2016-06-16,20:55:00,7.45,7.4501,7.45,7.45,800,0
2016-06-16,21:00:00,7.45,7.452,7.44,7.45,4771,0
2016-06-16,21:05:00,7.45,7.4535,7.45,7.4535,1500,0
2016-06-16,21:10:00,7.46,7.46,7.45,7.45,200,0
2016-06-16,21:15:00,7.455,7.455,7.44,7.44,1790,0
2016-06-16,21:20:00,7.445,7.45,7.44,7.44,3306,0
2016-06-16,21:25:00,7.44,7.45,7.44,7.45,6340,0
2016-06-16,21:30:00,7.45,7.4599,7.44,7.455,8463,0
2016-06-16,21:35:00,7.455,7.459,7.45,7.4501,12976,0
2016-06-16,21:40:00,7.45,7.46,7.445,7.45,23626,0
2016-06-16,21:45:00,7.45,7.455,7.45,7.45,5940,0
2016-06-16,21:50:00,7.45,7.46,7.445,7.45,28544,0
2016-06-16,21:55:00,7.45,7.45,7.43,7.43,24866,0
2016-06-16,22:00:00,7.43,7.445,7.43,7.44,52436,0
2016-06-17,15:35:00,7.43,7.49,7.43,7.49,21004,0
2016-06-17,15:40:00,7.5033,7.52,7.5033,7.52,1450,0
2016-06-17,15:45:00,7.55,7.55,7.52,7.53,600,0
2016-06-17,15:50:00,7.54,7.54,7.52,7.52,2220,0
2016-06-17,15:55:00,7.53,7.57,7.53,7.56,4650,0
2016-06-17,16:00:00,7.54,7.56,7.54,7.54,1058,0
2016-06-17,16:05:00,7.55,7.55,7.54,7.54,1427,0
2016-06-17,16:10:00,7.55,7.5575,7.55,7.5575,400,0
2016-06-17,16:15:00,7.56,7.56,7.55,7.5533,2153,0
2016-06-17,16:20:00,7.5501,7.5599,7.55,7.55,5800,0
2016-06-17,16:30:00,7.55,7.55,7.54,7.55,300,0
2016-06-17,16:35:00,7.55,7.55,7.535,7.5437,3412,0
2016-06-17,16:40:00,7.5499,7.57,7.5499,7.56,3350,0
2016-06-17,16:45:00,7.55,7.55,7.51,7.51,5061,0
2016-06-17,16:50:00,7.51,7.51,7.51,7.51,500,0
2016-06-17,16:55:00,7.515,7.52,7.5101,7.5101,1450,0
2016-06-17,17:00:00,7.515,7.515,7.51,7.51,900,0
2016-06-17,17:05:00,7.51,7.52,7.51,7.517,400,0
2016-06-17,17:10:00,7.515,7.515,7.51,7.5132,1099,0
2016-06-17,17:15:00,7.51,7.52,7.503,7.503,1435,0
2016-06-17,17:20:00,7.5,7.5,7.49,7.49,3376,0
2016-06-17,17:25:00,7.49,7.5,7.475,7.5,7650,0
2016-06-17,17:30:00,7.4901,7.5,7.49,7.5,300,0
2016-06-17,17:35:00,7.49,7.49,7.48,7.48,2801,0
2016-06-17,17:40:00,7.48,7.49,7.47,7.48,6054,0
2016-06-17,17:45:00,7.482,7.49,7.482,7.49,300,0
2016-06-17,17:50:00,7.485,7.485,7.485,7.485,1000,0
2016-06-17,17:55:00,7.48,7.49,7.48,7.49,3160,0
2016-06-17,18:00:00,7.485,7.485,7.485,7.485,100,0
2016-06-17,18:05:00,7.48,7.49,7.48,7.485,1860,0
2016-06-17,18:10:00,7.4801,7.505,7.48,7.505,29000,0
2016-06-17,18:15:00,7.51,7.52,7.5,7.5076,8531,0
2016-06-17,18:20:00,7.49,7.49,7.47,7.49,4600,0
2016-06-17,18:30:00,7.49,7.49,7.48,7.48,1950,0
2016-06-17,18:35:00,7.48,7.49,7.48,7.48,4002,0
2016-06-17,18:40:00,7.48,7.49,7.48,7.49,400,0
2016-06-17,18:45:00,7.4871,7.5,7.48,7.5,3960,0
2016-06-17,18:50:00,7.49,7.49,7.49,7.49,1400,0
2016-06-17,18:55:00,7.49,7.49,7.48,7.48,200,0
2016-06-17,19:00:00,7.48,7.49,7.48,7.49,700,0
2016-06-17,19:05:00,7.48,7.48,7.48,7.48,100,0
2016-06-17,19:10:00,7.49,7.51,7.49,7.505,2100,0
2016-06-17,19:15:00,7.5,7.51,7.5,7.51,200,0
2016-06-17,19:20:00,7.51,7.51,7.5099,7.5099,1100,0
2016-06-17,19:30:00,7.52,7.52,7.52,7.52,300,0
2016-06-17,19:35:00,7.51,7.52,7.51,7.52,600,0
2016-06-17,19:40:00,7.52,7.535,7.52,7.52,23800,0
2016-06-17,19:45:00,7.5222,7.53,7.52,7.53,4023,0
2016-06-17,19:50:00,7.535,7.54,7.535,7.54,800,0
2016-06-17,19:55:00,7.54,7.55,7.53,7.545,5600,0
2016-06-17,20:00:00,7.5361,7.56,7.535,7.55,10157,0
2016-06-17,20:05:00,7.54,7.55,7.54,7.55,1300,0
2016-06-17,20:10:00,7.55,7.56,7.54,7.56,7568,0
2016-06-17,20:15:00,7.559,7.56,7.54,7.55,4195,0
2016-06-17,20:20:00,7.54,7.55,7.54,7.545,975,0
2016-06-17,20:25:00,7.5413,7.55,7.5413,7.545,3506,0
2016-06-17,20:30:00,7.54,7.545,7.54,7.545,200,0
2016-06-17,20:35:00,7.549,7.555,7.54,7.555,1799,0
2016-06-17,20:40:00,7.555,7.555,7.555,7.555,300,0
2016-06-17,20:45:00,7.555,7.56,7.555,7.555,700,0
2016-06-17,20:50:00,7.56,7.56,7.55,7.55,1332,0
2016-06-17,21:00:00,7.55,7.56,7.55,7.56,400,0
2016-06-17,21:05:00,7.55,7.56,7.55,7.55,1437,0
2016-06-17,21:10:00,7.56,7.56,7.55,7.559,1800,0
2016-06-17,21:15:00,7.555,7.555,7.555,7.555,300,0
2016-06-17,21:20:00,7.555,7.56,7.55,7.555,6400,0
2016-06-17,21:25:00,7.559,7.559,7.55,7.55,2002,0
2016-06-17,21:30:00,7.55,7.57,7.55,7.565,6325,0
2016-06-17,21:35:00,7.565,7.565,7.56,7.5601,2886,0
2016-06-17,21:40:00,7.57,7.57,7.53,7.54,46334,0
2016-06-17,21:45:00,7.54,7.56,7.54,7.55,15131,0
2016-06-17,21:50:00,7.55,7.557,7.52,7.52,26467,0
2016-06-17,21:55:00,7.52,7.56,7.51,7.55,25244,0
2016-06-17,22:00:00,7.55,7.56,7.55,7.555,20171,0
2016-06-20,15:35:00,7.56,7.6,7.56,7.598,18111,0
2016-06-20,15:40:00,7.585,7.5999,7.585,7.59,1485,0
2016-06-20,15:45:00,7.5999,7.6,7.55,7.55,9977,0
2016-06-20,15:50:00,7.57,7.57,7.55,7.55,3566,0
2016-06-20,15:55:00,7.564,7.564,7.54,7.554,4500,0
2016-06-20,16:00:00,7.56,7.57,7.55,7.56,3204,0
2016-06-20,16:05:00,7.56,7.57,7.56,7.565,2700,0
2016-06-20,16:10:00,7.57,7.57,7.56,7.56,200,0
2016-06-20,16:15:00,7.56,7.57,7.54,7.57,6800,0
2016-06-20,16:20:00,7.56,7.6,7.56,7.59,5135,0
2016-06-20,16:25:00,7.5999,7.6,7.587,7.5999,3945,0
2016-06-20,16:30:00,7.59,7.59,7.58,7.58,8588,0
2016-06-20,16:35:00,7.5725,7.58,7.56,7.56,15700,0
2016-06-20,16:40:00,7.56,7.57,7.56,7.56,1500,0
2016-06-20,16:45:00,7.56,7.5633,7.56,7.56,1770,0
2016-06-20,16:50:00,7.56,7.56,7.55,7.5549,2600,0
2016-06-20,16:55:00,7.55,7.555,7.55,7.55,1200,0
2016-06-20,17:00:00,7.555,7.57,7.55,7.57,10792,0
2016-06-20,17:05:00,7.56,7.5693,7.56,7.565,2045,0
2016-06-20,17:10:00,7.56,7.59,7.55,7.59,14377,0
2016-06-20,17:15:00,7.589,7.589,7.57,7.57,3600,0
2016-06-20,17:20:00,7.57,7.57,7.56,7.56,600,0
2016-06-20,17:25:00,7.56,7.57,7.55,7.56,22000,0
2016-06-20,17:30:00,7.56,7.565,7.545,7.56,6900,0
2016-06-20,17:35:00,7.5575,7.59,7.5501,7.59,18540,0
2016-06-20,17:40:00,7.5801,7.59,7.57,7.58,22757,0
2016-06-20,17:45:00,7.57,7.571,7.57,7.57,850,0
2016-06-20,17:50:00,7.57,7.58,7.57,7.57,2620,0
2016-06-20,17:55:00,7.57,7.58,7.57,7.58,8300,0
2016-06-20,18:00:00,7.57,7.57,7.56,7.56,500,0
2016-06-20,18:05:00,7.56,7.56,7.55,7.55,1700,0
2016-06-20,18:10:00,7.5535,7.59,7.5501,7.5827,19646,0
2016-06-20,18:15:00,7.58,7.58,7.58,7.58,1100,0
2016-06-20,18:20:00,7.575,7.58,7.57,7.575,800,0
2016-06-20,18:25:00,7.575,7.58,7.57,7.58,1300,0
2016-06-20,18:30:00,7.57,7.575,7.57,7.575,400,0
2016-06-20,18:35:00,7.5776,7.6001,7.5776,7.595,39658,0
2016-06-20,18:40:00,7.5936,7.6,7.59,7.59,3400,0
2016-06-20,18:45:00,7.59,7.59,7.57,7.57,3500,0
2016-06-20,18:50:00,7.57,7.6,7.57,7.6,4755,0
2016-06-20,18:55:00,7.6,7.6,7.59,7.59,2300,0
2016-06-20,19:00:00,7.6,7.62,7.5975,7.62,9826,0
2016-06-20,19:05:00,7.62,7.625,7.62,7.625,823,0
2016-06-20,19:10:00,7.62,7.6201,7.61,7.61,3325,0
2016-06-20,19:15:00,7.61,7.61,7.59,7.59,1510,0
2016-06-20,19:20:00,7.59,7.6,7.59,7.6,1700,0
2016-06-20,19:25:00,7.59,7.595,7.59,7.595,200,0
2016-06-20,19:30:00,7.6,7.6,7.59,7.59,700,0
2016-06-20,19:35:00,7.58,7.585,7.58,7.585,640,0
2016-06-20,19:40:00,7.585,7.59,7.58,7.59,1360,0
2016-06-20,19:45:00,7.59,7.6,7.58,7.6,3300,0
2016-06-20,19:50:00,7.59,7.6,7.58,7.6,7463,0
2016-06-20,19:55:00,7.6,7.6,7.59,7.595,3000,0
2016-06-20,20:00:00,7.59,7.6,7.58,7.585,1400,0
2016-06-20,20:05:00,7.58,7.6,7.58,7.59,2900,0
2016-06-20,20:10:00,7.59,7.6,7.5801,7.595,9541,0
2016-06-20,20:15:00,7.59,7.6,7.59,7.59,7400,0
2016-06-20,20:20:00,7.59,7.59,7.58,7.59,1100,0
2016-06-20,20:25:00,7.58,7.59,7.58,7.585,8900,0
2016-06-20,20:30:00,7.58,7.58,7.58,7.58,2600,0
2016-06-20,20:35:00,7.58,7.58,7.58,7.58,1100,0
2016-06-20,20:40:00,7.58,7.59,7.575,7.59,4450,0
2016-06-20,20:45:00,7.5873,7.59,7.58,7.58,900,0
2016-06-20,20:50:00,7.58,7.5801,7.58,7.58,2100,0
2016-06-20,20:55:00,7.57,7.59,7.57,7.58,11850,0
2016-06-20,21:00:00,7.58,7.58,7.57,7.575,4075,0
2016-06-20,21:05:00,7.57,7.58,7.57,7.58,2700,0
2016-06-20,21:10:00,7.575,7.585,7.575,7.58,2200,0
2016-06-20,21:15:00,7.58,7.58,7.57,7.575,1922,0
2016-06-20,21:20:00,7.58,7.6,7.57,7.5938,19514,0
2016-06-20,21:25:00,7.59,7.595,7.58,7.59,4900,0
2016-06-20,21:30:00,7.58,7.6,7.57,7.59,10105,0
2016-06-20,21:35:00,7.59,7.59,7.59,7.59,1800,0
2016-06-20,21:40:00,7.58,7.59,7.57,7.58,8807,0
2016-06-20,21:45:00,7.57,7.5732,7.57,7.5716,1400,0
2016-06-20,21:50:00,7.58,7.6,7.575,7.6,49856,0
2016-06-20,21:55:00,7.6,7.61,7.59,7.605,30286,0
2016-06-20,22:00:00,7.6,7.61,7.6,7.6,20927,0
2016-06-21,15:35:00,7.65,7.65,7.6,7.6,14339,0
2016-06-21,15:40:00,7.57,7.59,7.56,7.57,1327,0
2016-06-21,15:45:00,7.57,7.59,7.56,7.59,3320,0
2016-06-21,15:50:00,7.57,7.58,7.55,7.575,4647,0
2016-06-21,15:55:00,7.575,7.58,7.55,7.55,563,0
2016-06-21,16:00:00,7.555,7.58,7.55,7.58,3100,0
2016-06-21,16:05:00,7.58,7.58,7.55,7.55,4323,0
2016-06-21,16:10:00,7.56,7.57,7.555,7.56,3400,0
2016-06-21,16:15:00,7.565,7.57,7.55,7.55,1800,0
2016-06-21,16:20:00,7.55,7.55,7.55,7.55,100,0
2016-06-21,16:25:00,7.55,7.56,7.545,7.56,13300,0
2016-06-21,16:30:00,7.55,7.57,7.55,7.57,3200,0
2016-06-21,16:35:00,7.575,7.575,7.56,7.56,4500,0
2016-06-21,16:40:00,7.56,7.569,7.56,7.56,2600,0
2016-06-21,16:45:00,7.56,7.56,7.56,7.56,600,0
2016-06-21,16:50:00,7.565,7.6,7.565,7.58,11251,0
2016-06-21,16:55:00,7.575,7.595,7.575,7.59,16104,0
2016-06-21,17:00:00,7.595,7.5999,7.59,7.59,8827,0
2016-06-21,17:05:00,7.59,7.59,7.58,7.58,4300,0
2016-06-21,17:10:00,7.58,7.59,7.58,7.58,1830,0
2016-06-21,17:15:00,7.58,7.6,7.58,7.59,19712,0
2016-06-21,17:20:00,7.5931,7.63,7.5931,7.62,7135,0
2016-06-21,17:25:00,7.62,7.66,7.61,7.66,6750,0
2016-06-21,17:30:00,7.655,7.659,7.65,7.65,3656,0
2016-06-21,17:35:00,7.66,7.665,7.65,7.66,2432,0
2016-06-21,17:40:00,7.66,7.66,7.65,7.65,600,0
2016-06-21,17:45:00,7.65,7.66,7.64,7.66,2476,0
2016-06-21,17:50:00,7.655,7.6599,7.6375,7.65,2730,0
2016-06-21,17:55:00,7.64,7.6534,7.64,7.6534,1000,0
2016-06-21,18:00:00,7.65,7.66,7.65,7.66,1173,0
2016-06-21,18:05:00,7.65,7.65,7.64,7.65,1200,0
2016-06-21,18:10:00,7.64,7.64,7.63,7.63,8300,0
2016-06-21,18:15:00,7.62,7.66,7.62,7.65,18800,0
2016-06-21,18:20:00,7.6483,7.66,7.6483,7.66,4953,0
2016-06-21,18:25:00,7.66,7.67,7.66,7.66,547,0
2016-06-21,18:30:00,7.67,7.67,7.65,7.65,1235,0
2016-06-21,18:35:00,7.65,7.65,7.64,7.64,1900,0
2016-06-21,18:50:00,7.6499,7.6499,7.64,7.6435,873,0
2016-06-21,18:55:00,7.64,7.64,7.64,7.64,1500,0
2016-06-21,19:00:00,7.6333,7.64,7.63,7.6376,1489,0
2016-06-21,19:05:00,7.63,7.6372,7.63,7.6372,266,0
2016-06-21,19:10:00,7.635,7.638,7.63,7.63,3300,0
2016-06-21,19:15:00,7.63,7.64,7.63,7.63,2008,0
2016-06-21,19:20:00,7.63,7.63,7.63,7.63,200,0
2016-06-21,19:25:00,7.63,7.635,7.615,7.635,3100,0
2016-06-21,19:30:00,7.64,7.65,7.64,7.65,1000,0
2016-06-21,19:35:00,7.65,7.65,7.64,7.65,1783,0
2016-06-21,19:40:00,7.65,7.65,7.64,7.64,7372,0
2016-06-21,19:45:00,7.65,7.65,7.64,7.645,4300,0
2016-06-21,19:50:00,7.65,7.66,7.65,7.66,6216,0
2016-06-21,19:55:00,7.66,7.66,7.65,7.65,3581,0
2016-06-21,20:00:00,7.652,7.66,7.65,7.65,4991,0
2016-06-21,20:05:00,7.655,7.66,7.64,7.65,3500,0
2016-06-21,20:10:00,7.655,7.66,7.655,7.655,1100,0
2016-06-21,20:15:00,7.651,7.66,7.651,7.66,8873,0
2016-06-21,20:20:00,7.66,7.67,7.6576,7.665,5012,0
2016-06-21,20:25:00,7.66,7.66,7.65,7.66,2000,0
2016-06-21,20:30:00,7.665,7.67,7.6616,7.665,1437,0
2016-06-21,20:35:00,7.665,7.665,7.665,7.665,200,0
2016-06-21,20:40:00,7.667,7.685,7.66,7.68,23384,0
2016-06-21,20:45:00,7.68,7.68,7.68,7.68,2062,0
2016-06-21,20:55:00,7.67,7.67,7.67,7.67,300,0
2016-06-21,21:00:00,7.67,7.68,7.67,7.68,400,0
2016-06-21,21:05:00,7.67,7.675,7.67,7.675,200,0
2016-06-21,21:10:00,7.6799,7.68,7.67,7.68,1000,0
2016-06-21,21:15:00,7.6742,7.6742,7.6742,7.6742,500,0
2016-06-21,21:20:00,7.67,7.675,7.67,7.6716,1400,0
2016-06-21,21:25:00,7.67,7.67,7.66,7.66,1100,0
2016-06-21,21:30:00,7.66,7.67,7.66,7.66,3750,0
2016-06-21,21:35:00,7.6616,7.6616,7.64,7.645,8584,0
2016-06-21,21:40:00,7.66,7.66,7.655,7.66,1924,0
2016-06-21,21:45:00,7.66,7.66,7.65,7.65,4380,0
2016-06-21,21:50:00,7.65,7.655,7.65,7.65,1400,0
2016-06-21,21:55:00,7.65,7.6516,7.64,7.64,4709,0
2016-06-21,22:00:00,7.64,7.65,7.64,7.65,18350,0
2016-06-22,15:35:00,7.64,7.65,7.615,7.615,10113,0
2016-06-22,15:40:00,7.64,7.65,7.64,7.65,13516,0
2016-06-22,15:45:00,7.6499,7.66,7.6499,7.6575,8206,0
2016-06-22,15:50:00,7.6672,7.6672,7.6672,7.6672,1900,0
2016-06-22,15:55:00,7.6601,7.69,7.6601,7.6865,3471,0
2016-06-22,16:00:00,7.68,7.68,7.66,7.66,3800,0
2016-06-22,16:05:00,7.63,7.65,7.63,7.65,4400,0
2016-06-22,16:10:00,7.63,7.6365,7.62,7.6365,4800,0
2016-06-22,16:15:00,7.63,7.65,7.62,7.65,8200,0
2016-06-22,16:20:00,7.65,7.6612,7.65,7.6612,780,0
2016-06-22,16:25:00,7.64,7.65,7.637,7.637,1450,0
2016-06-22,16:30:00,7.635,7.6371,7.633,7.635,1300,0
2016-06-22,16:35:00,7.633,7.66,7.633,7.66,1924,0
2016-06-22,16:40:00,7.65,7.66,7.65,7.658,1800,0
2016-06-22,16:45:00,7.6536,7.66,7.65,7.65,8000,0
2016-06-22,16:50:00,7.65,7.65,7.6485,7.65,5000,0
2016-06-22,16:55:00,7.65,7.6535,7.65,7.6535,3982,0
2016-06-22,17:00:00,7.6599,7.6599,7.65,7.65,7200,0
2016-06-22,17:05:00,7.66,7.66,7.66,7.66,559,0
2016-06-22,17:10:00,7.66,7.66,7.66,7.66,200,0
2016-06-22,17:15:00,7.65,7.65,7.65,7.65,600,0
2016-06-22,17:20:00,7.65,7.6636,7.65,7.6636,1425,0
2016-06-22,17:25:00,7.67,7.6785,7.67,7.67,4100,0
2016-06-22,17:30:00,7.66,7.66,7.65,7.65,8371,0
2016-06-22,17:35:00,7.66,7.66,7.65,7.65,500,0
2016-06-22,17:40:00,7.65,7.6536,7.65,7.65,423,0
2016-06-22,17:45:00,7.6501,7.6501,7.65,7.65,1084,0
2016-06-22,17:50:00,7.65,7.66,7.65,7.66,2100,0
2016-06-22,17:55:00,7.65,7.655,7.65,7.655,200,0
2016-06-22,18:00:00,7.655,7.655,7.65,7.65,4100,0
2016-06-22,18:05:00,7.65,7.6501,7.65,7.65,400,0
2016-06-22,18:10:00,7.66,7.66,7.65,7.65,400,0
2016-06-22,18:15:00,7.65,7.6501,7.65,7.65,1820,0
2016-06-22,18:20:00,7.65,7.6571,7.65,7.6571,1375,0
2016-06-22,18:25:00,7.65,7.65,7.65,7.65,200,0
2016-06-22,18:30:00,7.65,7.66,7.65,7.6563,575,0
2016-06-22,18:35:00,7.6501,7.66,7.65,7.6532,3960,0
2016-06-22,18:40:00,7.65,7.65,7.65,7.65,200,0
2016-06-22,18:45:00,7.653,7.653,7.65,7.65,2700,0
2016-06-22,18:50:00,7.65,7.655,7.65,7.65,1300,0
2016-06-22,18:55:00,7.65,7.66,7.65,7.66,500,0
2016-06-22,19:00:00,7.65,7.65,7.65,7.65,100,0
2016-06-22,19:05:00,7.66,7.66,7.65,7.65,1150,0
2016-06-22,19:10:00,7.65,7.66,7.65,7.66,1480,0
2016-06-22,19:15:00,7.65,7.66,7.65,7.66,200,0
2016-06-22,19:20:00,7.65,7.656,7.64,7.65,5770,0
2016-06-22,19:25:00,7.65,7.66,7.65,7.66,2400,0
2016-06-22,19:30:00,7.65,7.653,7.6437,7.65,5427,0
2016-06-22,19:35:00,7.65,7.65,7.6401,7.65,1710,0
2016-06-22,19:40:00,7.65,7.66,7.6437,7.65,5785,0
2016-06-22,19:45:00,7.65,7.66,7.65,7.6588,4600,0
2016-06-22,19:50:00,7.6568,7.6568,7.65,7.65,1400,0
2016-06-22,19:55:00,7.6539,7.6539,7.6539,7.6539,300,0
2016-06-22,20:00:00,7.65,7.66,7.65,7.66,200,0
2016-06-22,20:05:00,7.65,7.65,7.65,7.65,400,0
2016-06-22,20:10:00,7.65,7.6585,7.65,7.65,839,0
2016-06-22,20:15:00,7.65,7.66,7.65,7.66,200,0
2016-06-22,20:20:00,7.65,7.65,7.65,7.65,200,0
2016-06-22,20:25:00,7.65,7.66,7.64,7.657,6165,0
2016-06-22,20:30:00,7.66,7.66,7.66,7.66,400,0
2016-06-22,20:35:00,7.655,7.66,7.65,7.66,1100,0
2016-06-22,20:45:00,7.65,7.65,7.65,7.65,100,0
2016-06-22,20:50:00,7.66,7.66,7.65,7.66,1300,0
2016-06-22,20:55:00,7.65,7.65,7.65,7.65,100,0
2016-06-22,21:00:00,7.655,7.66,7.655,7.66,700,0
2016-06-22,21:05:00,7.655,7.655,7.6536,7.6536,200,0
2016-06-22,21:10:00,7.6501,7.66,7.65,7.65,6738,0
2016-06-22,21:15:00,7.65,7.65,7.6436,7.65,611,0
2016-06-22,21:20:00,7.65,7.66,7.65,7.66,800,0
2016-06-22,21:25:00,7.6516,7.6516,7.65,7.6516,500,0
2016-06-22,21:30:00,7.6563,7.6563,7.64,7.65,21100,0
2016-06-22,21:35:00,7.65,7.65,7.6401,7.65,4300,0
2016-06-22,21:40:00,7.655,7.655,7.6416,7.65,8147,0
2016-06-22,21:45:00,7.66,7.66,7.6516,7.66,4300,0
2016-06-22,21:50:00,7.66,7.66,7.65,7.65,1000,0
2016-06-22,21:55:00,7.65,7.655,7.65,7.65,4421,0
2016-06-22,22:00:00,7.65,7.66,7.65,7.66,10055,0
2016-06-23,15:35:00,7.69,7.73,7.6649,7.73,16452,0
2016-06-23,15:40:00,7.71,7.71,7.6801,7.71,7000,0
2016-06-23,15:45:00,7.73,7.7303,7.72,7.72,6394,0
2016-06-23,15:50:00,7.72,7.75,7.71,7.71,7143,0
2016-06-23,15:55:00,7.7118,7.7176,7.68,7.68,5831,0
2016-06-23,16:00:00,7.6876,7.75,7.6876,7.75,6670,0
2016-06-23,16:05:00,7.71,7.7135,7.684,7.6999,9680,0
2016-06-23,16:10:00,7.6999,7.7105,7.6999,7.7105,1999,0
2016-06-23,16:15:00,7.71,7.71,7.7,7.71,2741,0
2016-06-23,16:20:00,7.73,7.73,7.69,7.69,1850,0
2016-06-23,16:25:00,7.7,7.7,7.69,7.69,1110,0
2016-06-23,16:30:00,7.71,7.71,7.67,7.673,4700,0
2016-06-23,16:35:00,7.67,7.67,7.64,7.66,3087,0
2016-06-23,16:40:00,7.6601,7.6601,7.6501,7.6561,1358,0
2016-06-23,16:45:00,7.655,7.7,7.6501,7.7,3202,0
2016-06-23,16:50:00,7.7,7.705,7.695,7.705,6678,0
2016-06-23,16:55:00,7.7,7.7,7.7,7.7,400,0
2016-06-23,17:00:00,7.7,7.71,7.7,7.7,13340,0
2016-06-23,17:05:00,7.69,7.7,7.69,7.7,3400,0
2016-06-23,17:10:00,7.69,7.695,7.69,7.695,200,0
2016-06-23,17:15:00,7.7,7.7,7.6989,7.7,3800,0
2016-06-23,17:20:00,7.695,7.7,7.69,7.6935,3898,0
2016-06-23,17:25:00,7.71,7.7365,7.71,7.725,11400,0
2016-06-23,17:30:00,7.72,7.73,7.714,7.72,1650,0
2016-06-23,17:35:00,7.7236,7.724,7.7236,7.724,1750,0
2016-06-23,17:40:00,7.7212,7.735,7.71,7.71,6300,0
2016-06-23,17:45:00,7.7162,7.7162,7.71,7.71,500,0
2016-06-23,17:50:00,7.7,7.71,7.7,7.71,828,0
2016-06-23,17:55:00,7.71,7.72,7.71,7.7165,2100,0
2016-06-23,18:00:00,7.71,7.7102,7.71,7.7102,700,0
2016-06-23,18:05:00,7.7,7.71,7.7,7.71,4629,0
2016-06-23,18:15:00,7.71,7.71,7.6904,7.7,4152,0
2016-06-23,18:20:00,7.7,7.7,7.7,7.7,1000,0
2016-06-23,18:25:00,7.71,7.71,7.7062,7.7062,1100,0
2016-06-23,18:30:00,7.71,7.71,7.71,7.71,700,0
2016-06-23,18:40:00,7.7,7.7,7.7,7.7,100,0
2016-06-23,18:45:00,7.7,7.7,7.7,7.7,3300,0
2016-06-23,18:50:00,7.7,7.7,7.7,7.7,1499,0
2016-06-23,18:55:00,7.7055,7.7055,7.7055,7.7055,160,0
2016-06-23,19:00:00,7.7,7.7,7.7,7.7,324,0
2016-06-23,19:05:00,7.7,7.7,7.7,7.7,2100,0
2016-06-23,19:10:00,7.695,7.7,7.695,7.7,300,0
2016-06-23,19:15:00,7.7,7.7,7.7,7.7,200,0
2016-06-23,19:20:00,7.7,7.7,7.7,7.7,500,0
2016-06-23,19:25:00,7.7,7.7,7.696,7.7,2100,0
2016-06-23,19:30:00,7.7,7.7,7.7,7.7,500,0
2016-06-23,19:35:00,7.71,7.71,7.71,7.71,100,0
2016-06-23,19:40:00,7.705,7.705,7.695,7.7,3946,0
2016-06-23,19:45:00,7.709,7.709,7.709,7.709,540,0
2016-06-23,19:50:00,7.7,7.7,7.7,7.7,4000,0
2016-06-23,19:55:00,7.709,7.709,7.701,7.701,2380,0
2016-06-23,20:00:00,7.7,7.7,7.7,7.7,300,0
2016-06-23,20:05:00,7.7,7.71,7.7,7.7067,4810,0
2016-06-23,20:10:00,7.7,7.7,7.7,7.7,180,0
2016-06-23,20:15:00,7.705,7.705,7.705,7.705,100,0
2016-06-23,20:20:00,7.7,7.705,7.7,7.7,400,0
2016-06-23,20:25:00,7.7,7.7036,7.7,7.7,900,0
2016-06-23,20:30:00,7.7,7.705,7.7,7.7,853,0
2016-06-23,20:35:00,7.7,7.7,7.7,7.7,1100,0
2016-06-23,20:40:00,7.7,7.7,7.7,7.7,300,0
2016-06-23,20:45:00,7.7,7.7,7.7,7.7,1000,0
2016-06-23,20:50:00,7.7029,7.71,7.7029,7.71,2407,0
2016-06-23,21:00:00,7.7,7.71,7.7,7.705,500,0
2016-06-23,21:05:00,7.7,7.705,7.7,7.705,900,0
2016-06-23,21:10:00,7.7,7.71,7.7,7.705,1400,0
2016-06-23,21:15:00,7.71,7.72,7.7099,7.71,1684,0
2016-06-23,21:20:00,7.71,7.7116,7.7,7.7,1323,0
2016-06-23,21:25:00,7.705,7.71,7.7,7.7016,23801,0
2016-06-23,21:30:00,7.705,7.71,7.7,7.7016,6580,0
2016-06-23,21:35:00,7.71,7.71,7.7,7.71,9545,0
2016-06-23,21:40:00,7.7016,7.71,7.7,7.71,3680,0
2016-06-23,21:45:00,7.71,7.71,7.7,7.7,7800,0
2016-06-23,21:50:00,7.705,7.71,7.7,7.7,5100,0
2016-06-23,21:55:00,7.7,7.7,7.69,7.7,17776,0
2016-06-23,22:00:00,7.7,7.71,7.69,7.7,65405,0
2016-06-24,15:35:00,7.5,7.58,7.48,7.5765,26657,0
2016-06-24,15:40:00,7.53,7.6,7.52,7.6,2300,0
2016-06-24,15:45:00,7.5748,7.5748,7.5587,7.5587,500,0
2016-06-24,15:50:00,7.54,7.5683,7.54,7.56,3900,0
2016-06-24,15:55:00,7.56,7.5999,7.55,7.5999,23334,0
2016-06-24,16:00:00,7.6,7.66,7.6,7.66,9156,0
2016-06-24,16:05:00,7.65,7.65,7.65,7.65,450,0
2016-06-24,16:10:00,7.65,7.6685,7.65,7.6685,2300,0
2016-06-24,16:15:00,7.67,7.7,7.67,7.6801,11542,0
2016-06-24,16:20:00,7.685,7.6912,7.6701,7.6709,4150,0
2016-06-24,16:25:00,7.67,7.67,7.6501,7.6501,2500,0
2016-06-24,16:30:00,7.65,7.67,7.646,7.67,2600,0
2016-06-24,16:35:00,7.67,7.684,7.65,7.65,7230,0
2016-06-24,16:40:00,7.643,7.66,7.64,7.66,1950,0
2016-06-24,16:50:00,7.6661,7.67,7.66,7.66,1772,0
2016-06-24,16:55:00,7.66,7.67,7.66,7.66,1000,0
2016-06-24,17:00:00,7.66,7.66,7.66,7.66,1000,0
2016-06-24,17:05:00,7.66,7.67,7.64,7.64,1940,0
2016-06-24,17:10:00,7.65,7.7001,7.65,7.7,8332,0
2016-06-24,17:15:00,7.7,7.7,7.673,7.673,2325,0
2016-06-24,17:20:00,7.67,7.67,7.67,7.67,300,0
2016-06-24,17:25:00,7.67,7.67,7.6625,7.67,3489,0
2016-06-24,17:30:00,7.67,7.685,7.66,7.685,1850,0
2016-06-24,17:35:00,7.68,7.68,7.66,7.67,1450,0
2016-06-24,17:40:00,7.67,7.69,7.665,7.68,5674,0
2016-06-24,17:45:00,7.67,7.67,7.66,7.67,1400,0
2016-06-24,17:50:00,7.665,7.665,7.66,7.662,1163,0
2016-06-24,17:55:00,7.668,7.71,7.668,7.71,8450,0
2016-06-24,18:00:00,7.71,7.73,7.71,7.715,3339,0
2016-06-24,18:05:00,7.71,7.715,7.7,7.7,864,0
2016-06-24,18:10:00,7.7,7.73,7.7,7.73,14090,0
2016-06-24,18:15:00,7.73,7.77,7.73,7.75,63007,0
2016-06-24,18:20:00,7.755,7.7599,7.74,7.745,5629,0
2016-06-24,18:25:00,7.75,7.755,7.74,7.75,7948,0
2016-06-24,18:30:00,7.755,7.755,7.75,7.75,2085,0
2016-06-24,18:35:00,7.75,7.75,7.75,7.75,1554,0
2016-06-24,18:40:00,7.75,7.75,7.75,7.75,3713,0
2016-06-24,18:45:00,7.75,7.7599,7.75,7.755,1237,0
2016-06-24,18:50:00,7.755,7.759,7.745,7.75,13392,0
2016-06-24,18:55:00,7.76,7.76,7.75,7.755,1450,0
2016-06-24,19:00:00,7.76,7.76,7.745,7.745,812,0
2016-06-24,19:05:00,7.75,7.7567,7.745,7.75,7535,0
2016-06-24,19:10:00,7.7401,7.7401,7.73,7.73,2281,0
2016-06-24,19:15:00,7.73,7.73,7.73,7.73,300,0
2016-06-24,19:20:00,7.74,7.75,7.74,7.75,4412,0
2016-06-24,19:25:00,7.74,7.74,7.73,7.735,10774,0
2016-06-24,19:30:00,7.73,7.74,7.73,7.738,2603,0
2016-06-24,19:35:00,7.73,7.735,7.73,7.73,600,0
2016-06-24,19:40:00,7.74,7.74,7.74,7.74,300,0
2016-06-24,19:45:00,7.735,7.735,7.73,7.735,500,0
2016-06-24,19:50:00,7.7365,7.7365,7.73,7.73,1600,0
2016-06-24,19:55:00,7.7201,7.73,7.72,7.725,2000,0
2016-06-24,20:05:00,7.73,7.7367,7.73,7.735,2400,0
2016-06-24,20:10:00,7.73,7.74,7.7299,7.7299,3752,0
2016-06-24,20:15:00,7.72,7.725,7.72,7.72,2100,0
2016-06-24,20:20:00,7.7,7.7047,7.68,7.68,5050,0
2016-06-24,20:25:00,7.68,7.68,7.67,7.67,1577,0
2016-06-24,20:30:00,7.67,7.67,7.66,7.66,3900,0
2016-06-24,20:35:00,7.66,7.66,7.645,7.66,5682,0
2016-06-24,20:40:00,7.66,7.675,7.655,7.67,2090,0
2016-06-24,20:45:00,7.675,7.677,7.67,7.677,2647,0
2016-06-24,20:50:00,7.67,7.68,7.67,7.67,4300,0
2016-06-24,20:55:00,7.67,7.67,7.67,7.67,100,0
2016-06-24,21:00:00,7.68,7.69,7.67,7.6708,5052,0
2016-06-24,21:05:00,7.675,7.68,7.675,7.68,1137,0
2016-06-24,21:10:00,7.69,7.7,7.6884,7.6884,2151,0
2016-06-24,21:15:00,7.6884,7.6884,7.68,7.68,1028,0
2016-06-24,21:20:00,7.69,7.69,7.68,7.68,960,0
2016-06-24,21:25:00,7.685,7.69,7.685,7.686,464,0
2016-06-24,21:30:00,7.6884,7.69,7.68,7.69,2215,0
2016-06-24,21:35:00,7.69,7.69,7.6839,7.69,2237,0
2016-06-24,21:40:00,7.69,7.72,7.69,7.71,19012,0
2016-06-24,21:45:00,7.71,7.72,7.69,7.7,3400,0
2016-06-24,21:50:00,7.7,7.71,7.7,7.71,1900,0
2016-06-24,21:55:00,7.7,7.72,7.69,7.72,15218,0
2016-06-24,22:00:00,7.71,7.71,7.68,7.68,32706,0
2016-06-27,15:35:00,7.64,7.64,7.6,7.6,12767,0
2016-06-27,15:40:00,7.5866,7.5866,7.5866,7.5866,1000,0
2016-06-27,15:50:00,7.58,7.59,7.57,7.59,2200,0
2016-06-27,15:55:00,7.59,7.593,7.58,7.59,3007,0
2016-06-27,16:00:00,7.5801,7.5801,7.5301,7.57,2116,0
2016-06-27,16:05:00,7.5614,7.5614,7.55,7.55,1100,0
2016-06-27,16:10:00,7.5699,7.5699,7.54,7.54,6085,0
2016-06-27,16:15:00,7.532,7.5699,7.53,7.5699,3606,0
2016-06-27,16:20:00,7.5716,7.5716,7.5201,7.5401,6860,0
2016-06-27,16:25:00,7.5441,7.55,7.53,7.5301,3867,0
2016-06-27,16:30:00,7.5301,7.55,7.53,7.55,2526,0
2016-06-27,16:35:00,7.53,7.53,7.51,7.52,1500,0
2016-06-27,16:40:00,7.53,7.5352,7.526,7.5352,664,0
2016-06-27,16:45:00,7.52,7.52,7.52,7.52,100,0
2016-06-27,16:50:00,7.52,7.52,7.48,7.48,6300,0
2016-06-27,16:55:00,7.4938,7.4938,7.48,7.48,1300,0
2016-06-27,17:00:00,7.49,7.5,7.465,7.5,24852,0
2016-06-27,17:05:00,7.49,7.49,7.49,7.49,600,0
2016-06-27,17:10:00,7.49,7.49,7.48,7.49,7200,0
2016-06-27,17:15:00,7.485,7.485,7.48,7.48,900,0
2016-06-27,17:20:00,7.485,7.52,7.485,7.515,4734,0
2016-06-27,17:25:00,7.51,7.52,7.51,7.51,1500,0
2016-06-27,17:30:00,7.5,7.5,7.48,7.49,2700,0
2016-06-27,17:35:00,7.52,7.53,7.5183,7.53,1657,0
2016-06-27,17:40:00,7.51,7.53,7.51,7.53,1165,0
2016-06-27,17:45:00,7.53,7.53,7.53,7.53,500,0
2016-06-27,17:50:00,7.5201,7.53,7.51,7.52,7200,0
2016-06-27,17:55:00,7.516,7.516,7.5,7.51,10667,0
2016-06-27,18:00:00,7.5139,7.5139,7.503,7.506,1452,0
2016-06-27,18:05:00,7.5001,7.5097,7.5,7.5,7400,0
2016-06-27,18:10:00,7.5,7.5,7.5,7.5,900,0
2016-06-27,18:15:00,7.5099,7.5099,7.5,7.5,3458,0
2016-06-27,18:20:00,7.5,7.503,7.5,7.5,2440,0
2016-06-27,18:25:00,7.5,7.5001,7.5,7.5,6860,0
2016-06-27,18:30:00,7.51,7.52,7.51,7.51,2000,0
2016-06-27,18:35:00,7.52,7.52,7.51,7.51,200,0
2016-06-27,18:40:00,7.51,7.516,7.5014,7.5014,1420,0
2016-06-27,18:45:00,7.5099,7.5099,7.5,7.5,2900,0
2016-06-27,18:50:00,7.5001,7.5001,7.5,7.5,700,0
2016-06-27,18:55:00,7.505,7.51,7.5,7.5,15300,0
2016-06-27,19:00:00,7.5082,7.51,7.505,7.5099,1820,0
2016-06-27,19:10:00,7.5,7.5,7.5,7.5,2040,0
2016-06-27,19:15:00,7.5099,7.5099,7.5099,7.5099,240,0
2016-06-27,19:20:00,7.5065,7.5072,7.5036,7.5036,1740,0
2016-06-27,19:25:00,7.5064,7.5064,7.5,7.5036,1300,0
2016-06-27,19:30:00,7.5,7.5,7.5,7.5,100,0
2016-06-27,19:35:00,7.5,7.5099,7.5,7.5099,3600,0
2016-06-27,19:40:00,7.5,7.5065,7.5,7.5065,500,0
2016-06-27,19:45:00,7.5,7.5001,7.495,7.5,4800,0
2016-06-27,19:55:00,7.5099,7.5099,7.5,7.5,550,0
2016-06-27,20:00:00,7.5,7.5085,7.5,7.505,303,0
2016-06-27,20:05:00,7.5099,7.5099,7.5,7.5,700,0
2016-06-27,20:10:00,7.5,7.5001,7.5,7.5,2948,0
2016-06-27,20:15:00,7.5,7.5,7.5,7.5,1100,0
2016-06-27,20:20:00,7.5,7.51,7.5,7.5,3400,0
2016-06-27,20:25:00,7.51,7.51,7.51,7.51,105,0
2016-06-27,20:30:00,7.5,7.505,7.5,7.5,6950,0
2016-06-27,20:35:00,7.5,7.506,7.5,7.506,5300,0
2016-06-27,20:40:00,7.5,7.5,7.5,7.5,400,0
2016-06-27,20:45:00,7.5,7.5,7.5,7.5,1200,0
2016-06-27,20:50:00,7.5039,7.51,7.5,7.5,7376,0
2016-06-27,20:55:00,7.5035,7.5035,7.495,7.4999,2289,0
2016-06-27,21:00:00,7.5,7.505,7.495,7.5,4360,0
2016-06-27,21:05:00,7.495,7.5,7.495,7.5,400,0
2016-06-27,21:10:00,7.495,7.51,7.495,7.5,6042,0
2016-06-27,21:15:00,7.505,7.505,7.5,7.5,2200,0
2016-06-27,21:20:00,7.49,7.49,7.49,7.49,200,0
2016-06-27,21:25:00,7.5,7.505,7.49,7.505,13318,0
2016-06-27,21:30:00,7.51,7.51,7.5,7.5,1600,0
2016-06-27,21:35:00,7.505,7.505,7.5,7.5,600,0
2016-06-27,21:40:00,7.5099,7.515,7.5,7.51,5119,0
2016-06-27,21:45:00,7.51,7.51,7.5,7.5,2399,0
2016-06-27,21:50:00,7.5038,7.51,7.5,7.51,12312,0
2016-06-27,21:55:00,7.5,7.51,7.48,7.5,30266,0
2016-06-27,22:00:00,7.5,7.51,7.495,7.5,58685,0
2016-06-28,15:35:00,7.53,7.53,7.52,7.53,15841,0
2016-06-28,15:40:00,7.53,7.6,7.5233,7.6,6642,0
2016-06-28,15:45:00,7.6,7.61,7.6,7.61,829,0
2016-06-28,15:50:00,7.63,7.63,7.57,7.58,6755,0
2016-06-28,15:55:00,7.58,7.58,7.58,7.58,200,0
2016-06-28,16:00:00,7.58,7.59,7.5535,7.57,5300,0
2016-06-28,16:05:00,7.5741,7.63,7.5741,7.63,1504,0
2016-06-28,16:10:00,7.61,7.6299,7.6,7.61,4828,0
2016-06-28,16:15:00,7.62,7.62,7.6,7.602,1104,0
2016-06-28,16:20:00,7.6,7.6,7.6,7.6,100,0
2016-06-28,16:25:00,7.608,7.608,7.5851,7.5851,3565,0
2016-06-28,16:30:00,7.596,7.596,7.596,7.596,700,0
2016-06-28,16:35:00,7.58,7.58,7.58,7.58,100,0
2016-06-28,16:40:00,7.58,7.59,7.54,7.56,8000,0
2016-06-28,16:45:00,7.55,7.55,7.52,7.53,2218,0
2016-06-28,16:50:00,7.53,7.5301,7.52,7.5301,3500,0
2016-06-28,17:00:00,7.53,7.5301,7.52,7.53,1560,0
2016-06-28,17:05:00,7.525,7.525,7.51,7.51,1687,0
2016-06-28,17:10:00,7.51,7.5184,7.51,7.5184,2928,0
2016-06-28,17:15:00,7.52,7.52,7.52,7.52,700,0
2016-06-28,17:20:00,7.52,7.52,7.5165,7.52,810,0
2016-06-28,17:25:00,7.53,7.53,7.52,7.52,700,0
2016-06-28,17:35:00,7.52,7.52,7.52,7.52,100,0
2016-06-28,17:40:00,7.519,7.519,7.519,7.519,200,0
2016-06-28,17:45:00,7.51,7.51,7.5,7.5065,1000,0
2016-06-28,17:50:00,7.51,7.51,7.505,7.505,400,0
2016-06-28,17:55:00,7.5075,7.5075,7.5,7.505,900,0
2016-06-28,18:00:00,7.51,7.519,7.51,7.5167,3720,0
2016-06-28,18:10:00,7.515,7.515,7.515,7.515,100,0
2016-06-28,18:15:00,7.51,7.515,7.51,7.515,200,0
2016-06-28,18:20:00,7.52,7.52,7.52,7.52,100,0
2016-06-28,18:25:00,7.52,7.52,7.511,7.511,399,0
2016-06-28,18:30:00,7.5165,7.54,7.515,7.52,3602,0
2016-06-28,18:35:00,7.52,7.5299,7.52,7.5299,350,0
2016-06-28,18:40:00,7.53,7.53,7.53,7.53,100,0
2016-06-28,18:50:00,7.54,7.54,7.54,7.54,2400,0
2016-06-28,18:55:00,7.5338,7.5338,7.53,7.53,2030,0
2016-06-28,19:05:00,7.5335,7.5335,7.515,7.515,1900,0
2016-06-28,19:10:00,7.5159,7.5159,7.5159,7.5159,300,0
2016-06-28,19:15:00,7.5199,7.5299,7.5199,7.5299,2300,0
2016-06-28,19:20:00,7.52,7.52,7.51,7.51,500,0
2016-06-28,19:25:00,7.5135,7.5135,7.5135,7.5135,200,0
2016-06-28,19:30:00,7.52,7.525,7.51,7.51,7616,0
2016-06-28,19:35:00,7.52,7.52,7.51,7.51,1600,0
2016-06-28,19:40:00,7.51,7.52,7.51,7.52,1300,0
2016-06-28,19:45:00,7.52,7.54,7.52,7.53,3531,0
2016-06-28,19:50:00,7.52,7.527,7.52,7.527,350,0
2016-06-28,20:00:00,7.52,7.52,7.5116,7.52,2380,0
2016-06-28,20:05:00,7.5267,7.5299,7.5267,7.5299,326,0
2016-06-28,20:15:00,7.52,7.52,7.52,7.52,200,0
2016-06-28,20:20:00,7.52,7.53,7.52,7.53,1100,0
2016-06-28,20:25:00,7.525,7.525,7.5235,7.5235,500,0
2016-06-28,20:30:00,7.5299,7.5299,7.5299,7.5299,193,0
2016-06-28,20:35:00,7.5299,7.54,7.5299,7.54,3856,0
2016-06-28,20:40:00,7.53,7.53,7.525,7.53,1500,0
2016-06-28,20:45:00,7.53,7.53,7.53,7.53,1200,0
2016-06-28,20:50:00,7.54,7.55,7.525,7.53,9992,0
2016-06-28,20:55:00,7.5399,7.55,7.53,7.55,9000,0
2016-06-28,21:00:00,7.545,7.58,7.545,7.58,600,0
2016-06-28,21:05:00,7.565,7.565,7.56,7.56,1400,0
2016-06-28,21:10:00,7.55,7.55,7.55,7.55,1300,0
2016-06-28,21:15:00,7.55,7.55,7.55,7.55,100,0
2016-06-28,21:20:00,7.555,7.56,7.55,7.56,5128,0
2016-06-28,21:25:00,7.56,7.56,7.545,7.55,3400,0
2016-06-28,21:30:00,7.544,7.55,7.53,7.53,7848,0
2016-06-28,21:35:00,7.535,7.535,7.525,7.53,2200,0
2016-06-28,21:40:00,7.53,7.5359,7.53,7.535,1200,0
2016-06-28,21:45:00,7.53,7.54,7.52,7.53,2631,0
2016-06-28,21:50:00,7.53,7.55,7.53,7.53,18313,0
2016-06-28,21:55:00,7.5338,7.54,7.51,7.52,6371,0
2016-06-28,22:00:00,7.52,7.53,7.51,7.52,17414,0
2016-06-29,15:35:00,7.62,7.631,7.62,7.631,14402,0
2016-06-29,15:40:00,7.6,7.62,7.6,7.62,10694,0
2016-06-29,15:50:00,7.6155,7.6234,7.57,7.57,11500,0
2016-06-29,15:55:00,7.59,7.59,7.59,7.59,100,0
2016-06-29,16:00:00,7.612,7.612,7.5801,7.5801,600,0
2016-06-29,16:05:00,7.6168,7.6699,7.6,7.6,3802,0
2016-06-29,16:15:00,7.6735,7.6735,7.64,7.64,500,0
2016-06-29,16:20:00,7.6501,7.6501,7.63,7.63,7493,0
2016-06-29,16:25:00,7.63,7.6999,7.63,7.65,5990,0
2016-06-29,16:30:00,7.6586,7.6609,7.61,7.61,14367,0
2016-06-29,16:35:00,7.61,7.6414,7.61,7.6414,600,0
2016-06-29,16:45:00,7.64,7.65,7.63,7.65,1500,0
2016-06-29,16:50:00,7.64,7.65,7.64,7.64,1600,0
2016-06-29,16:55:00,7.64,7.64,7.61,7.62,4000,0
2016-06-29,17:00:00,7.6175,7.6175,7.61,7.61,2500,0
2016-06-29,17:05:00,7.63,7.65,7.61,7.64,2388,0
2016-06-29,17:10:00,7.64,7.665,7.63,7.63,17402,0
2016-06-29,17:15:00,7.635,7.69,7.635,7.68,11200,0
2016-06-29,17:20:00,7.68,7.7,7.67,7.68,18385,0
2016-06-29,17:25:00,7.66,7.66,7.62,7.62,11986,0
2016-06-29,17:30:00,7.63,7.63,7.63,7.63,100,0
2016-06-29,17:35:00,7.65,7.6501,7.65,7.6501,200,0
2016-06-29,17:40:00,7.65,7.65,7.64,7.64,400,0
2016-06-29,17:45:00,7.6465,7.66,7.6465,7.65,1400,0
2016-06-29,17:50:00,7.64,7.66,7.64,7.65,9413,0
2016-06-29,17:55:00,7.66,7.66,7.65,7.6501,2065,0
2016-06-29,18:00:00,7.66,7.67,7.6542,7.66,15300,0
2016-06-29,18:05:00,7.67,7.67,7.6672,7.6672,300,0
2016-06-29,18:10:00,7.67,7.67,7.66,7.6666,3357,0
2016-06-29,18:15:00,7.66,7.6633,7.65,7.66,888,0
2016-06-29,18:20:00,7.6501,7.6616,7.65,7.66,700,0
2016-06-29,18:25:00,7.656,7.656,7.65,7.65,1000,0
2016-06-29,18:30:00,7.65,7.65,7.65,7.65,100,0
2016-06-29,18:35:00,7.65,7.65,7.64,7.64,1655,0
2016-06-29,18:45:00,7.646,7.646,7.62,7.62,8893,0
2016-06-29,18:50:00,7.62,7.62,7.62,7.62,300,0
2016-06-29,19:05:00,7.62,7.6225,7.61,7.61,1100,0
2016-06-29,19:10:00,7.6165,7.6165,7.6,7.61,3828,0
2016-06-29,19:15:00,7.6171,7.6171,7.6101,7.6101,300,0
2016-06-29,19:20:00,7.6108,7.615,7.61,7.615,1900,0
2016-06-29,19:25:00,7.615,7.63,7.61,7.63,1925,0
2016-06-29,19:30:00,7.62,7.63,7.615,7.62,14648,0
2016-06-29,19:35:00,7.63,7.63,7.62,7.62,450,0
2016-06-29,19:45:00,7.6285,7.6285,7.625,7.625,350,0
2016-06-29,19:50:00,7.6285,7.64,7.6285,7.63,550,0
2016-06-29,19:55:00,7.6365,7.6365,7.6365,7.6365,250,0
2016-06-29,20:00:00,7.63,7.65,7.63,7.65,710,0
2016-06-29,20:10:00,7.645,7.65,7.645,7.645,1000,0
2016-06-29,20:15:00,7.6401,7.645,7.64,7.6401,5465,0
2016-06-29,20:20:00,7.645,7.65,7.64,7.64,900,0
2016-06-29,20:25:00,7.6401,7.66,7.64,7.64,10502,0
2016-06-29,20:30:00,7.64,7.64,7.64,7.64,100,0
2016-06-29,20:40:00,7.65,7.65,7.645,7.645,500,0
2016-06-29,20:45:00,7.64,7.6493,7.64,7.64,493,0
2016-06-29,20:50:00,7.66,7.66,7.64,7.66,1700,0
2016-06-29,20:55:00,7.65,7.65,7.65,7.65,200,0
2016-06-29,21:05:00,7.65,7.6599,7.65,7.65,2383,0
2016-06-29,21:20:00,7.65,7.655,7.65,7.65,300,0
2016-06-29,21:25:00,7.6501,7.655,7.65,7.655,1300,0
2016-06-29,21:30:00,7.6585,7.66,7.64,7.65,3780,0
2016-06-29,21:35:00,7.65,7.655,7.65,7.655,200,0
2016-06-29,21:40:00,7.65,7.655,7.65,7.655,400,0
2016-06-29,21:45:00,7.65,7.65,7.64,7.64,3400,0
2016-06-29,21:50:00,7.6401,7.65,7.64,7.645,9200,0
2016-06-29,21:55:00,7.65,7.68,7.64,7.65,36628,0
2016-06-29,22:00:00,7.66,7.67,7.64,7.67,88338,0
2016-06-30,15:35:00,7.7,7.76,7.7,7.76,18019,0
2016-06-30,15:40:00,7.76,7.76,7.71,7.71,200,0
2016-06-30,15:45:00,7.73,7.73,7.73,7.73,600,0
2016-06-30,15:50:00,7.72,7.73,7.72,7.72,2910,0
2016-06-30,15:55:00,7.7101,7.73,7.7,7.7001,22315,0
2016-06-30,16:00:00,7.72,7.72,7.71,7.7101,2109,0
2016-06-30,16:05:00,7.72,7.7272,7.72,7.7272,3947,0
2016-06-30,16:10:00,7.72,7.72,7.72,7.72,100,0
2016-06-30,16:15:00,7.73,7.73,7.73,7.73,200,0
2016-06-30,16:20:00,7.73,7.73,7.72,7.7272,1500,0
2016-06-30,16:25:00,7.7201,7.7201,7.7201,7.7201,100,0
2016-06-30,16:30:00,7.725,7.725,7.7001,7.7001,3400,0
2016-06-30,16:35:00,7.705,7.705,7.7,7.7,1300,0
2016-06-30,16:45:00,7.7,7.71,7.69,7.71,3700,0
2016-06-30,16:50:00,7.7025,7.7025,7.7001,7.7001,200,0
2016-06-30,16:55:00,7.702,7.703,7.69,7.6901,8000,0
2016-06-30,17:00:00,7.695,7.7199,7.695,7.71,3806,0
2016-06-30,17:05:00,7.72,7.725,7.71,7.715,7343,0
2016-06-30,17:10:00,7.73,7.74,7.73,7.74,1287,0
2016-06-30,17:15:00,7.73,7.74,7.73,7.73,5300,0
2016-06-30,17:20:00,7.73,7.73,7.73,7.73,1700,0
2016-06-30,17:25:00,7.72,7.725,7.72,7.72,500,0
2016-06-30,17:35:00,7.72,7.729,7.72,7.72,5185,0
2016-06-30,17:40:00,7.72,7.72,7.675,7.68,15581,0
2016-06-30,17:45:00,7.703,7.708,7.69,7.69,2500,0
2016-06-30,17:50:00,7.6999,7.6999,7.69,7.69,890,0
2016-06-30,17:55:00,7.7,7.701,7.69,7.69,5125,0
2016-06-30,18:00:00,7.7,7.7,7.7,7.7,500,0
2016-06-30,18:05:00,7.71,7.73,7.71,7.72,3035,0
2016-06-30,18:10:00,7.72,7.72,7.7101,7.7101,1100,0
2016-06-30,18:20:00,7.72,7.72,7.72,7.72,100,0
2016-06-30,18:25:00,7.73,7.76,7.73,7.73,13600,0
2016-06-30,18:30:00,7.73,7.73,7.73,7.73,500,0
2016-06-30,18:35:00,7.74,7.75,7.74,7.74,2600,0
2016-06-30,18:40:00,7.74,7.74,7.73,7.735,1432,0
2016-06-30,18:45:00,7.7399,7.7399,7.73,7.73,1500,0
2016-06-30,18:50:00,7.74,7.745,7.73,7.745,2300,0
2016-06-30,19:05:00,7.75,7.75,7.745,7.745,200,0
2016-06-30,19:15:00,7.74,7.7469,7.73,7.74,8385,0
2016-06-30,19:30:00,7.7461,7.7461,7.74,7.74,395,0
2016-06-30,19:35:00,7.75,7.75,7.74,7.74,1540,0
2016-06-30,19:40:00,7.7496,7.7496,7.7401,7.7475,1300,0
2016-06-30,19:45:00,7.75,7.75,7.74,7.7401,9595,0
2016-06-30,19:50:00,7.74,7.7401,7.74,7.7401,200,0
2016-06-30,20:00:00,7.75,7.75,7.745,7.75,300,0
2016-06-30,20:05:00,7.75,7.75,7.745,7.745,1855,0
2016-06-30,20:10:00,7.7475,7.7497,7.74,7.745,4377,0
2016-06-30,20:15:00,7.74,7.745,7.74,7.74,1031,0
2016-06-30,20:25:00,7.7441,7.76,7.7441,7.7501,13924,0
2016-06-30,20:30:00,7.76,7.76,7.74,7.7401,6837,0
2016-06-30,20:35:00,7.75,7.7562,7.745,7.75,900,0
2016-06-30,20:40:00,7.755,7.755,7.74,7.7401,3502,0
2016-06-30,20:45:00,7.745,7.745,7.74,7.745,2668,0
2016-06-30,20:55:00,7.745,7.745,7.7401,7.7401,200,0
2016-06-30,21:00:00,7.74,7.74,7.74,7.74,400,0
2016-06-30,21:05:00,7.745,7.76,7.74,7.76,6423,0
2016-06-30,21:10:00,7.75,7.76,7.75,7.76,3900,0
2016-06-30,21:15:00,7.75,7.76,7.75,7.76,2900,0
2016-06-30,21:20:00,7.76,7.76,7.7538,7.7538,550,0
2016-06-30,21:25:00,7.75,7.76,7.745,7.76,7622,0
2016-06-30,21:30:00,7.7585,7.7601,7.75,7.76,13947,0
2016-06-30,21:35:00,7.7601,7.7601,7.76,7.76,1089,0
2016-06-30,21:40:00,7.765,7.765,7.75,7.76,9490,0
2016-06-30,21:45:00,7.77,7.77,7.76,7.76,1000,0
2016-06-30,21:50:00,7.76,7.77,7.76,7.76,5808,0
2016-06-30,21:55:00,7.76,7.765,7.75,7.765,5019,0
2016-06-30,22:00:00,7.76,7.78,7.76,7.78,36512,0
2016-07-01,15:35:00,7.84,7.84,7.8033,7.81,51340,0
2016-07-01,15:40:00,7.8101,7.8299,7.76,7.7918,24590,0
2016-07-01,15:45:00,7.79,7.81,7.79,7.791,8075,0
2016-07-01,15:50:00,7.795,7.795,7.77,7.7849,1870,0
2016-07-01,15:55:00,7.7864,7.81,7.7864,7.81,12328,0
2016-07-01,16:00:00,7.81,7.81,7.79,7.79,3140,0
2016-07-01,16:05:00,7.8,7.84,7.8,7.821,57138,0
2016-07-01,16:10:00,7.82,7.84,7.81,7.82,5531,0
2016-07-01,16:15:00,7.81,7.83,7.81,7.83,618,0
2016-07-01,16:20:00,7.83,7.84,7.8297,7.8375,5718,0
2016-07-01,16:25:00,7.8434,7.85,7.84,7.84,1364,0
2016-07-01,16:30:00,7.84,7.84,7.84,7.84,300,0
2016-07-01,16:35:00,7.84,7.85,7.83,7.85,8800,0
2016-07-01,16:40:00,7.8374,7.85,7.8374,7.85,10895,0
2016-07-01,16:50:00,7.8437,7.8472,7.84,7.8421,3832,0
2016-07-01,16:55:00,7.844,7.85,7.8437,7.845,8263,0
2016-07-01,17:00:00,7.85,7.85,7.85,7.85,1014,0
2016-07-01,17:05:00,7.85,7.865,7.85,7.86,3991,0
2016-07-01,17:10:00,7.86,7.865,7.8501,7.86,2950,0
2016-07-01,17:15:00,7.86,7.86,7.855,7.86,1000,0
2016-07-01,17:20:00,7.86,7.86,7.83,7.83,6700,0
2016-07-01,17:25:00,7.84,7.84,7.83,7.83,1630,0
2016-07-01,17:30:00,7.82,7.82,7.82,7.82,1700,0
2016-07-01,17:35:00,7.83,7.83,7.83,7.83,400,0
2016-07-01,17:40:00,7.84,7.84,7.835,7.84,1000,0
2016-07-01,17:45:00,7.84,7.84,7.84,7.84,400,0
2016-07-01,17:50:00,7.84,7.84,7.833,7.84,926,0
2016-07-01,17:55:00,7.85,7.85,7.8499,7.85,1464,0
2016-07-01,18:00:00,7.85,7.85,7.8401,7.8401,4235,0
2016-07-01,18:05:00,7.8401,7.8401,7.815,7.815,2657,0
2016-07-01,18:10:00,7.82,7.82,7.82,7.82,862,0
2016-07-01,18:15:00,7.8151,7.8151,7.815,7.815,300,0
2016-07-01,18:25:00,7.81,7.82,7.81,7.82,600,0
2016-07-01,18:30:00,7.81,7.81,7.7999,7.8,3387,0
2016-07-01,18:35:00,7.8,7.81,7.8,7.81,2800,0
2016-07-01,18:40:00,7.8,7.82,7.8,7.82,1600,0
2016-07-01,18:45:00,7.82,7.85,7.82,7.84,8100,0
2016-07-01,18:50:00,7.84,7.84,7.805,7.8099,8019,0
2016-07-01,18:55:00,7.81,7.81,7.81,7.81,200,0
2016-07-01,19:00:00,7.81,7.81,7.805,7.805,300,0
2016-07-01,19:05:00,7.804,7.804,7.804,7.804,405,0
2016-07-01,19:10:00,7.81,7.81,7.8,7.8,1300,0
2016-07-01,19:15:00,7.8,7.8,7.795,7.795,300,0
2016-07-01,19:20:00,7.8,7.82,7.8,7.8172,897,0
2016-07-01,19:25:00,7.816,7.82,7.816,7.82,735,0
2016-07-01,19:30:00,7.8167,7.8167,7.81,7.81,742,0
2016-07-01,19:35:00,7.8027,7.8027,7.8027,7.8027,621,0
2016-07-01,19:40:00,7.805,7.81,7.805,7.81,800,0
2016-07-01,19:50:00,7.82,7.82,7.8054,7.8054,2500,0
2016-07-01,19:55:00,7.802,7.81,7.802,7.81,1913,0
2016-07-01,20:00:00,7.8163,7.8163,7.8163,7.8163,1500,0
2016-07-01,20:05:00,7.81,7.81,7.81,7.81,310,0
2016-07-01,20:10:00,7.82,7.82,7.82,7.82,100,0
2016-07-01,20:15:00,7.82,7.8266,7.82,7.8266,500,0
2016-07-01,20:20:00,7.83,7.83,7.81,7.8164,7430,0
2016-07-01,20:25:00,7.815,7.82,7.81,7.81,300,0
2016-07-01,20:30:00,7.81,7.82,7.81,7.82,1989,0
2016-07-01,20:35:00,7.8101,7.82,7.81,7.81,4588,0
2016-07-01,20:40:00,7.8,7.8,7.79,7.8,2200,0
2016-07-01,20:45:00,7.7936,7.8,7.79,7.7978,2030,0
2016-07-01,20:50:00,7.8,7.8,7.8,7.8,200,0
2016-07-01,20:55:00,7.8,7.8,7.8,7.8,200,0
2016-07-01,21:00:00,7.7937,7.8,7.7937,7.8,2505,0
2016-07-01,21:05:00,7.82,7.82,7.81,7.81,2100,0
2016-07-01,21:10:00,7.81,7.82,7.805,7.82,2000,0
2016-07-01,21:15:00,7.815,7.8193,7.81,7.8193,700,0
2016-07-01,21:25:00,7.81,7.82,7.81,7.82,1200,0
2016-07-01,21:30:00,7.82,7.82,7.8199,7.82,700,0
2016-07-01,21:35:00,7.82,7.82,7.82,7.82,100,0
2016-07-01,21:40:00,7.82,7.82,7.815,7.815,1068,0
2016-07-01,21:45:00,7.81,7.82,7.81,7.82,500,0
2016-07-01,21:50:00,7.81,7.8133,7.805,7.805,4070,0
2016-07-01,21:55:00,7.81,7.83,7.81,7.8237,4784,0
2016-07-01,22:00:00,7.82,7.83,7.82,7.825,3642,0
