Date,Time,Open,High,Low,Close,Volume,OpenInt
2016-03-16,16:30:00,1.1,1.1,1.1,1.1,300,0
2016-03-16,18:10:00,1.1297,1.1297,1.1297,1.1297,100,0
2016-03-16,19:00:00,1.11,1.11,1.11,1.11,141,0
2016-03-16,19:20:00,1.0738,1.0738,1.0738,1.0738,1999,0
2016-03-18,16:35:00,1.0501,1.0501,1.0501,1.0501,1200,0
2016-03-18,20:50:00,1.1085,1.11,1.1085,1.109,2750,0
2016-03-18,21:00:00,1.05,1.05,1.05,1.05,100,0
2016-03-21,14:35:00,1.05,1.05,1.05,1.05,1005,0
2016-03-21,14:55:00,1.05,1.05,1.05,1.05,625,0
2016-03-21,16:05:00,1.06,1.06,1.06,1.06,100,0
2016-03-21,16:15:00,1.07,1.07,1.07,1.07,1000,0
2016-03-21,17:35:00,1.07,1.0702,1.07,1.0702,1900,0
2016-03-21,17:40:00,1.07,1.07,1.07,1.07,200,0
2016-03-21,19:55:00,1.07,1.07,1.06,1.06,720,0
2016-03-21,20:55:00,1.0803,1.0803,1.0803,1.0803,300,0
2016-03-22,20:50:00,1.05,1.0568,1.05,1.0568,1300,0
2016-03-22,21:00:00,1.05,1.05,1.05,1.05,178,0
2016-03-23,14:35:00,1.02,1.02,1.02,1.02,102,0
2016-03-23,15:50:00,1.052,1.052,1.05,1.0501,800,0
2016-03-23,16:25:00,1.0899,1.0899,1.0899,1.0899,750,0
2016-03-23,18:00:00,1.0501,1.0515,1.02,1.0515,1722,0
2016-03-23,20:20:00,1.0799,1.08,1.0532,1.0532,6500,0
2016-03-24,15:55:00,1.09,1.18,1.09,1.18,300,0
2016-03-24,16:00:00,1.17,1.1999,1.17,1.1999,1963,0
2016-03-24,16:10:00,1.1999,1.2,1.1301,1.1301,2200,0
2016-03-24,16:30:00,1.1301,1.1301,1.1301,1.1301,1000,0
2016-03-24,16:35:00,1.14,1.14,1.13,1.13,635,0
2016-03-28,15:35:00,1.07,1.07,1.07,1.07,212,0
2016-03-28,17:25:00,1.08,1.09,1.05,1.05,1619,0
2016-03-28,17:30:00,1.035,1.035,1.03,1.0301,1520,0
2016-03-28,18:40:00,1.033,1.0342,1.031,1.034,900,0
2016-03-29,15:35:00,1.02,1.02,1.02,1.02,200,0
2016-03-29,16:40:00,1.0899,1.0899,1.0899,1.0899,1500,0
2016-03-29,20:05:00,1.0699,1.0699,1.0699,1.0699,1230,0
2016-03-30,15:50:00,1.06,1.1,1.06,1.1,4820,0
2016-03-30,15:55:00,1.1,1.1,1.1,1.1,199,0
2016-03-31,17:20:00,1.05,1.05,1.05,1.05,184,0
2016-03-31,20:20:00,1.08,1.08,1.08,1.08,300,0
2016-03-31,21:30:00,1.14,1.18,1.1044,1.1044,2100,0
2016-04-01,16:15:00,1.0601,1.0601,1.0601,1.0601,120,0
2016-04-01,17:20:00,1.11,1.11,1.11,1.11,100,0
2016-04-04,17:40:00,1.0806,1.0806,1.0806,1.0806,250,0
2016-04-05,15:55:00,1.04,1.04,1.03,1.03,793,0
2016-04-05,17:20:00,1.03,1.03,1.03,1.03,900,0
2016-04-05,19:45:00,1.03,1.03,1.03,1.03,300,0
2016-04-05,21:40:00,1.0632,1.0632,1.0632,1.0632,1000,0
2016-04-05,22:00:00,1.03,1.03,1.03,1.03,300,0
2016-04-07,15:35:00,1.03,1.03,1.03,1.03,100,0
2016-04-07,17:45:00,1.0301,1.0301,1.0301,1.0301,3000,0
2016-04-07,19:10:00,1.0301,1.0301,1.03,1.03,3000,0
2016-04-07,20:05:00,1.03,1.0306,0.991,0.991,15614,0
2016-04-07,20:15:00,1.0538,1.0538,1.0538,1.0538,582,0
2016-04-07,21:05:00,1.03,1.1796,1.03,1.03,2500,0
2016-04-08,15:35:00,1.03,1.03,1.03,1.03,1000,0
2016-04-08,15:55:00,1.03,1.03,1.03,1.03,1600,0
2016-04-08,16:00:00,1.03,1.03,1.03,1.03,3000,0
2016-04-08,16:30:00,1.1,1.18,1.0921,1.1,1838,0
2016-04-08,16:35:00,1.1,1.1,1.1,1.1,100,0
2016-04-08,17:30:00,1.1,1.1,1.1,1.1,1000,0
2016-04-08,19:45:00,1.1,1.1,1.1,1.1,100,0
2016-04-11,15:35:00,1.07,1.07,1.07,1.07,882,0
2016-04-11,16:25:00,1.18,1.18,1.1776,1.1776,2000,0
2016-04-11,16:45:00,1.1189,1.1189,1.1,1.1,1600,0
2016-04-11,17:15:00,1.1599,1.1599,1.1599,1.1599,100,0
2016-04-11,17:50:00,1.127,1.127,1.127,1.127,100,0
2016-04-11,18:40:00,1.1599,1.1599,1.1599,1.1599,300,0
2016-04-11,18:45:00,1.1599,1.1599,1.1599,1.1599,1100,0
2016-04-11,18:55:00,1.14,1.14,1.14,1.14,300,0
2016-04-11,19:30:00,1.16,1.16,1.1589,1.1589,1000,0
2016-04-11,19:55:00,1.14,1.14,1.14,1.14,100,0
2016-04-12,15:35:00,1.05,1.05,1.05,1.05,1180,0
2016-04-12,15:45:00,1.09,1.09,1.09,1.09,1000,0
2016-04-12,16:25:00,1.055,1.055,1.055,1.055,100,0
2016-04-12,16:55:00,1.0538,1.0538,1.0538,1.0538,2682,0
2016-04-12,18:05:00,1.0501,1.0501,1.0501,1.0501,184,0
2016-04-12,18:25:00,1.0501,1.0501,1.0501,1.0501,1000,0
2016-04-12,20:05:00,1.05,1.05,1.05,1.05,699,0
2016-04-12,20:10:00,1.058,1.06,1.058,1.06,654,0
2016-04-12,20:40:00,1.1166,1.1166,1.1166,1.1166,700,0
2016-04-12,22:00:00,1.06,1.06,1.06,1.06,546,0
2016-04-13,15:35:00,1.05,1.05,1.05,1.05,502,0
2016-04-13,17:35:00,1.06,1.06,1.06,1.06,2525,0
2016-04-13,17:50:00,1.06,1.06,1.06,1.06,525,0
2016-04-13,18:45:00,1.0915,1.0915,1.0915,1.0915,250,0
2016-04-13,19:25:00,1.098,1.14,1.08,1.14,600,0
2016-04-13,19:30:00,1.167,1.167,1.1642,1.1642,1500,0
2016-04-13,19:35:00,1.141,1.141,1.14,1.14,1100,0
2016-04-13,20:45:00,1.1499,1.1499,1.1499,1.1499,250,0
2016-04-13,21:30:00,1.12,1.12,1.12,1.12,100,0
2016-04-14,16:10:00,1.1225,1.1225,1.12,1.12,3998,0
2016-04-14,17:55:00,1.0839,1.0839,1.0839,1.0839,100,0
2016-04-15,17:05:00,1.08,1.08,1.08,1.08,300,0
2016-04-15,19:00:00,1.14,1.14,1.1394,1.1399,4900,0
2016-04-15,20:55:00,1.13,1.13,1.13,1.13,100,0
2016-04-18,21:00:00,1.08,1.08,1.08,1.08,500,0
2016-04-19,15:35:00,1.13,1.1301,1.13,1.1301,3337,0
2016-04-19,15:40:00,1.13,1.13,1.13,1.13,698,0
2016-04-19,15:45:00,1.1499,1.1499,1.1499,1.1499,2000,0
2016-04-19,15:50:00,1.1489,1.1489,1.1489,1.1489,755,0
2016-04-19,16:50:00,1.134,1.134,1.134,1.134,1000,0
2016-04-19,17:05:00,1.1301,1.1301,1.1301,1.1301,500,0
2016-04-19,17:55:00,1.13,1.13,1.13,1.13,226,0
2016-04-19,18:25:00,1.1,1.1199,1.1,1.1,4980,0
2016-04-19,18:35:00,1.13,1.13,1.13,1.13,500,0
2016-04-19,18:40:00,1.14,1.15,1.14,1.15,1500,0
2016-04-19,20:20:00,1.1428,1.15,1.1428,1.15,1606,0
2016-04-19,20:30:00,1.1799,1.1799,1.1799,1.1799,1000,0
2016-04-19,20:35:00,1.1701,1.1701,1.17,1.17,600,0
2016-04-19,20:40:00,1.17,1.17,1.17,1.17,403,0
2016-04-19,21:15:00,1.1601,1.1601,1.1601,1.1601,500,0
2016-04-19,21:40:00,1.16,1.16,1.16,1.16,1160,0
2016-04-20,16:35:00,1.1245,1.1245,1.1245,1.1245,300,0
2016-04-20,17:40:00,1.1699,1.1699,1.1699,1.1699,1200,0
2016-04-20,17:55:00,1.1672,1.1672,1.1672,1.1672,1000,0
2016-04-20,18:15:00,1.17,1.178,1.16,1.176,1780,0
2016-04-20,21:05:00,1.1601,1.1601,1.1601,1.1601,1007,0
2016-04-21,18:40:00,1.1687,1.1687,1.1687,1.1687,500,0
2016-04-21,18:50:00,1.1793,1.1793,1.16,1.16,940,0
2016-04-21,21:45:00,1.154,1.154,1.154,1.154,800,0
2016-04-25,15:45:00,1.1691,1.1691,1.1691,1.1691,400,0
2016-04-27,15:35:00,1.17,1.17,1.17,1.17,100,0
2016-04-27,16:00:00,1.1085,1.1085,1.1085,1.1085,100,0
2016-04-27,16:05:00,1.169,1.169,1.169,1.169,200,0
2016-04-27,18:30:00,1.07,1.07,1.01,1.02,4921,0
2016-04-27,19:40:00,1.073,1.073,1.07,1.0711,700,0
2016-04-28,15:35:00,1.14,1.14,1.14,1.14,200,0
2016-04-28,18:20:00,1.0707,1.0707,1.0388,1.0388,8804,0
2016-04-28,18:40:00,1.09,1.0998,1.09,1.0998,2909,0
2016-04-28,19:35:00,1.092,1.092,1.092,1.092,100,0
2016-04-28,19:50:00,1.1295,1.1295,1.1295,1.1295,1000,0
2016-04-28,20:45:00,1.107,1.107,1.107,1.107,400,0
2016-04-28,21:25:00,1.1093,1.1093,1.1093,1.1093,400,0
2016-04-28,21:50:00,1.1099,1.1099,1.1099,1.1099,588,0
2016-04-29,18:45:00,1.06,1.062,1.06,1.06,800,0
2016-04-29,19:00:00,1.06,1.06,1.06,1.06,300,0
2016-04-29,21:55:00,1.0999,1.0999,1.0999,1.0999,100,0
2016-04-29,22:00:00,1.0938,1.0938,1.0938,1.0938,899,0
2016-05-02,15:35:00,1.1,1.1,1.1,1.1,1000,0
2016-05-02,15:40:00,1.02,1.0201,1.02,1.0201,979,0
2016-05-02,19:15:00,1.0701,1.0701,1.0701,1.0701,1000,0
2016-05-02,19:30:00,1.0977,1.1,1.0977,1.1,280,0
2016-05-03,16:40:00,1.0501,1.0501,1.0501,1.0501,769,0
2016-05-03,17:30:00,1.0501,1.0501,1.0501,1.0501,380,0
2016-05-03,21:45:00,1.0899,1.0899,1.0899,1.0899,1000,0
2016-05-03,21:55:00,1.066,1.066,1.066,1.066,2000,0
2016-05-04,16:15:00,1.026,1.026,1.026,1.026,1000,0
2016-05-04,16:20:00,1.0399,1.0399,1.0399,1.0399,1000,0
2016-05-04,16:25:00,1.0201,1.0201,1.0201,1.0201,4000,0
2016-05-04,19:10:00,1.0899,1.0899,1.0899,1.0899,180,0
2016-05-04,22:00:00,1.07,1.07,1.07,1.07,200,0
2016-05-05,17:20:00,1.0785,1.079,1.0785,1.0785,1000,0
2016-05-06,15:45:00,1.05,1.05,1.05,1.05,1000,0
2016-05-06,15:55:00,1.01,1.0352,1.01,1.0352,500,0
2016-05-06,20:05:00,1.0401,1.0401,1.0401,1.0401,100,0
2016-05-06,20:35:00,1.07,1.07,1.07,1.07,500,0
2016-05-06,21:35:00,1.068,1.068,1.068,1.068,100,0
2016-05-06,22:00:00,1.0825,1.0825,1.0825,1.0825,200,0
2016-05-09,17:45:00,1.08,1.08,1.08,1.08,2777,0
2016-05-09,19:05:00,1.07,1.07,1.07,1.07,400,0
2016-05-10,21:40:00,1.079,1.079,1.079,1.079,200,0
2016-05-10,21:45:00,1.07,1.07,1.07,1.07,100,0
2016-05-10,21:50:00,1.07,1.07,1.07,1.07,100,0
2016-05-10,21:55:00,1.07,1.07,1.07,1.07,100,0
2016-05-10,22:00:00,1.07,1.079,1.07,1.079,200,0
2016-05-11,15:35:00,1.04,1.04,1.04,1.04,100,0
2016-05-11,21:25:00,1.0668,1.0668,1.0668,1.0668,100,0
2016-05-12,15:35:00,1.08,1.08,1.08,1.08,100,0
2016-05-12,15:50:00,1.08,1.08,1.08,1.08,300,0
2016-05-12,18:40:00,1.07,1.07,1.07,1.07,100,0
2016-05-13,18:15:00,1.0501,1.0501,1.0501,1.0501,334,0
2016-05-16,15:35:00,1.0572,1.1372,1.0544,1.1372,4100,0
2016-05-16,16:10:00,1.062,1.062,1.0601,1.0601,580,0
2016-05-16,16:40:00,1.1185,1.129,1.1185,1.129,532,0
2016-05-16,17:05:00,1.1,1.1,1.1,1.1,500,0
2016-05-16,18:05:00,1.11,1.11,1.11,1.11,100,0
2016-05-16,18:15:00,1.1,1.1,1.1,1.1,200,0
2016-05-16,18:50:00,1.1001,1.1001,1.1,1.1,2237,0
2016-05-17,16:25:00,1.0481,1.0481,1.0481,1.0481,1000,0
2016-05-17,17:10:00,1.1199,1.1199,1.1199,1.1199,100,0
2016-05-17,17:45:00,1.13,1.13,1.13,1.13,375,0
2016-05-17,18:45:00,1.09,1.09,1.09,1.09,1396,0
2016-05-17,22:00:00,1.09,1.09,1.09,1.09,100,0
2016-05-18,15:35:00,1.04,1.04,1.04,1.04,382,0
2016-05-18,16:10:00,1.0401,1.05,1.0401,1.05,1300,0
2016-05-18,17:10:00,1.1,1.1,1.1,1.1,200,0
2016-05-18,18:50:00,1.06,1.065,1.06,1.0601,1275,0
2016-05-18,21:55:00,1.0758,1.0758,1.05,1.05,800,0
2016-05-19,18:35:00,1.024,1.024,1.024,1.024,100,0
2016-05-19,22:00:00,1.0833,1.0833,1.0833,1.0833,100,0
2016-05-23,16:10:00,1.08,1.08,1.08,1.08,500,0
2016-05-23,17:15:00,1.0301,1.0301,1.02,1.02,6869,0
2016-05-24,18:35:00,1.05,1.0501,1.03,1.0501,3400,0
2016-05-24,21:30:00,1.0401,1.0401,1.0401,1.0401,334,0
2016-05-25,16:40:00,1.09,1.09,1.03,1.06,400,0
2016-05-25,19:30:00,1.09,1.09,1.09,1.09,100,0
2016-05-25,19:55:00,1.0835,1.0835,1.0835,1.0835,800,0
2016-05-25,21:00:00,1.09,1.09,1.09,1.09,100,0
2016-05-26,15:35:00,1.14,1.14,1.14,1.14,200,0
2016-05-26,16:50:00,1.0901,1.0901,1.0901,1.0901,100,0
2016-05-26,17:45:00,1.1381,1.1381,1.1381,1.1381,100,0
2016-05-26,17:50:00,1.12,1.1689,1.12,1.12,9460,0
2016-05-26,17:55:00,1.1235,1.1235,1.1235,1.1235,100,0
2016-05-26,18:15:00,1.1677,1.1677,1.1677,1.1677,1100,0
2016-05-26,18:50:00,1.16,1.16,1.16,1.16,800,0
2016-05-26,18:55:00,1.17,1.17,1.17,1.17,1000,0
2016-05-26,19:05:00,1.1715,1.1715,1.1715,1.1715,801,0
2016-05-26,19:30:00,1.18,1.18,1.18,1.18,800,0
2016-05-26,20:35:00,1.1716,1.1716,1.1716,1.1716,300,0
2016-05-26,20:40:00,1.17,1.17,1.17,1.17,490,0
2016-05-26,20:55:00,1.17,1.1716,1.17,1.1716,300,0
2016-05-26,21:00:00,1.1716,1.1716,1.1716,1.1716,200,0
2016-05-26,21:20:00,1.1716,1.1716,1.1716,1.1716,200,0
2016-05-26,21:25:00,1.1716,1.1716,1.1716,1.1716,200,0
2016-05-26,21:30:00,1.1716,1.1716,1.17,1.17,710,0
2016-05-26,21:35:00,1.15,1.18,1.1264,1.1264,1200,0
2016-05-27,20:25:00,1.15,1.15,1.15,1.15,250,0
2016-05-27,21:25:00,1.14,1.1427,1.14,1.1427,3307,0
2016-05-27,21:30:00,1.14,1.14,1.14,1.14,800,0
2016-05-27,21:35:00,1.16,1.16,1.16,1.16,250,0
2016-05-31,16:20:00,1.16,1.1626,1.16,1.1626,740,0
2016-05-31,16:25:00,1.17,1.18,1.17,1.18,400,0
2016-05-31,17:00:00,1.16,1.16,1.16,1.16,500,0
2016-05-31,17:10:00,1.16,1.16,1.16,1.16,497,0
2016-05-31,18:00:00,1.15,1.15,1.15,1.15,100,0
2016-05-31,21:35:00,1.13,1.13,1.13,1.13,100,0
2016-06-01,17:55:00,1.13,1.13,1.13,1.13,300,0
2016-06-01,18:40:00,1.13,1.13,1.05,1.05,7420,0
2016-06-01,20:00:00,1.1,1.1,1.1,1.1,100,0
2016-06-01,20:45:00,1.11,1.11,1.11,1.11,100,0
2016-06-01,21:20:00,1.11,1.11,1.11,1.11,100,0
2016-06-01,21:35:00,1.11,1.11,1.11,1.11,100,0
2016-06-01,21:50:00,1.11,1.11,1.11,1.11,100,0
2016-06-02,16:05:00,1.0501,1.0501,1.0501,1.0501,200,0
2016-06-02,18:30:00,1.09,1.09,1.09,1.09,200,0
2016-06-02,19:05:00,1.05,1.05,1.05,1.05,1000,0
2016-06-02,19:25:00,1.0486,1.0486,1.0486,1.0486,1000,0
2016-06-02,19:35:00,1.04,1.04,1.03,1.03,2400,0
2016-06-02,20:25:00,1.1,1.1,1.1,1.1,100,0
2016-06-02,21:10:00,1.1,1.1,1.1,1.1,100,0
2016-06-02,21:35:00,1.1,1.1,1.1,1.1,100,0
2016-06-02,21:50:00,1.1,1.1,1.1,1.1,100,0
2016-06-03,15:35:00,1.02,1.02,1.02,1.02,930,0
2016-06-03,16:10:00,1.03,1.03,1.03,1.03,850,0
2016-06-03,18:15:00,1.0701,1.0701,1.0701,1.0701,1000,0
2016-06-03,19:35:00,1.0837,1.0837,1.07,1.07,2700,0
2016-06-03,19:40:00,1.11,1.15,1.11,1.15,10000,0
2016-06-03,19:45:00,1.1402,1.1402,1.1402,1.1402,1000,0
2016-06-03,19:50:00,1.0701,1.0701,1.07,1.07,1700,0
2016-06-03,21:00:00,1.13,1.131,1.13,1.131,1075,0
2016-06-03,21:25:00,1.13,1.1301,1.13,1.13,2400,0
2016-06-03,21:30:00,1.16,1.16,1.16,1.16,407,0
2016-06-06,15:35:00,1.15,1.15,1.15,1.15,104,0
2016-06-06,16:20:00,1.15,1.15,1.15,1.15,100,0
2016-06-06,21:50:00,1.1005,1.1005,1.1005,1.1005,166,0
2016-06-06,21:55:00,1.09,1.09,1.05,1.05,3500,0
2016-06-07,15:35:00,3.27,4.3999,3.2,3.21,900964,0
2016-06-07,15:40:00,3.23,3.39,2.92,3.2399,447583,0
2016-06-07,15:45:00,3.17,3.28,2.82,2.96,269558,0
2016-06-07,15:50:00,2.97,2.97,2.85,2.9,134700,0
2016-06-07,15:55:00,2.8958,3.14,2.8958,3.064,201614,0
2016-06-07,16:00:00,3.04,3.23,3,3.0201,263044,0
2016-06-07,16:05:00,3.02,3.35,3.01,3.22,357852,0
2016-06-07,16:10:00,3.22,3.22,2.93,3.05,312358,0
2016-06-07,16:15:00,3.01,3.05,2.8,2.85,210445,0
2016-06-07,16:20:00,2.85,2.85,2.57,2.6649,260834,0
2016-06-07,16:25:00,2.67,2.78,2.64,2.6501,133325,0
2016-06-07,16:30:00,2.64,2.8093,2.6,2.736,86172,0
2016-06-07,16:35:00,2.77,2.795,2.68,2.75,63655,0
2016-06-07,16:40:00,2.7401,2.77,2.65,2.65,28290,0
2016-06-07,16:45:00,2.69,2.71,2.51,2.5502,56961,0
2016-06-07,16:50:00,2.55,2.575,2.42,2.42,151536,0
2016-06-07,16:55:00,2.43,2.45,2.285,2.43,134854,0
2016-06-07,17:00:00,2.43,2.47,2.4,2.4177,36496,0
2016-06-07,17:05:00,2.42,2.66,2.41,2.57,143847,0
2016-06-07,17:10:00,2.56,2.67,2.56,2.62,69846,0
2016-06-07,17:15:00,2.62,2.75,2.596,2.596,128692,0
2016-06-07,17:20:00,2.63,2.63,2.58,2.58,22542,0
2016-06-07,17:25:00,2.58,2.6,2.46,2.5,43465,0
2016-06-07,17:30:00,2.48,2.5899,2.48,2.58,15506,0
2016-06-07,17:35:00,2.58,2.69,2.58,2.6201,33828,0
2016-06-07,17:40:00,2.6203,2.67,2.62,2.6601,6236,0
2016-06-07,17:45:00,2.65,2.6879,2.6202,2.65,20655,0
2016-06-07,17:50:00,2.6599,2.6599,2.57,2.5873,20564,0
2016-06-07,17:55:00,2.5894,2.5894,2.52,2.52,7070,0
2016-06-07,18:00:00,2.55,2.58,2.52,2.5499,3650,0
2016-06-07,18:05:00,2.54,2.55,2.45,2.52,27614,0
2016-06-07,18:10:00,2.54,2.55,2.48,2.5317,16550,0
2016-06-07,18:15:00,2.5277,2.535,2.45,2.46,41516,0
2016-06-07,18:20:00,2.46,2.55,2.45,2.55,21524,0
2016-06-07,18:25:00,2.52,2.5275,2.46,2.5,12828,0
2016-06-07,18:30:00,2.5,2.5209,2.48,2.52,19129,0
2016-06-07,18:35:00,2.5,2.53,2.4975,2.53,17468,0
2016-06-07,18:40:00,2.516,2.53,2.51,2.52,8175,0
2016-06-07,18:45:00,2.53,2.64,2.53,2.55,44554,0
2016-06-07,18:50:00,2.5899,2.5999,2.561,2.5999,16429,0
2016-06-07,18:55:00,2.5601,2.575,2.41,2.4775,29201,0
2016-06-07,19:00:00,2.47,2.484,2.4388,2.484,30871,0
2016-06-07,19:05:00,2.4798,2.51,2.46,2.4828,17508,0
2016-06-07,19:10:00,2.45,2.4825,2.41,2.4498,15796,0
2016-06-07,19:15:00,2.46,2.4999,2.4483,2.4483,5208,0
2016-06-07,19:20:00,2.4799,2.48,2.42,2.42,8670,0
2016-06-07,19:25:00,2.4211,2.48,2.42,2.42,26900,0
2016-06-07,19:30:00,2.42,2.4375,2.3,2.33,52570,0
2016-06-07,19:35:00,2.3349,2.36,2.3,2.3,57831,0
2016-06-07,19:40:00,2.29,2.4,2.29,2.4,14708,0
2016-06-07,19:45:00,2.3999,2.3999,2.3,2.32,32199,0
2016-06-07,19:50:00,2.32,2.38,2.32,2.3501,23927,0
2016-06-07,19:55:00,2.3501,2.39,2.3501,2.38,10278,0
2016-06-07,20:00:00,2.39,2.43,2.36,2.36,18736,0
2016-06-07,20:05:00,2.3899,2.41,2.3899,2.4,6680,0
2016-06-07,20:10:00,2.4,2.45,2.39,2.39,18100,0
2016-06-07,20:15:00,2.39,2.39,2.34,2.39,12717,0
2016-06-07,20:20:00,2.39,2.49,2.39,2.4405,21485,0
2016-06-07,20:25:00,2.44,2.44,2.38,2.4001,10359,0
2016-06-07,20:30:00,2.4183,2.4195,2.38,2.38,9777,0
2016-06-07,20:35:00,2.38,2.39,2.38,2.38,6200,0
2016-06-07,20:40:00,2.3801,2.43,2.38,2.39,12227,0
2016-06-07,20:45:00,2.38,2.48,2.38,2.4589,21082,0
2016-06-07,20:50:00,2.46,2.57,2.44,2.57,75242,0
2016-06-07,20:55:00,2.56,2.56,2.45,2.5,33906,0
2016-06-07,21:00:00,2.5,2.53,2.46,2.5128,7550,0
2016-06-07,21:05:00,2.5,2.51,2.46,2.46,8033,0
2016-06-07,21:10:00,2.5,2.52,2.4951,2.507,5581,0
2016-06-07,21:15:00,2.5,2.5,2.46,2.47,12855,0
2016-06-07,21:20:00,2.4794,2.4805,2.47,2.47,6613,0
2016-06-07,21:25:00,2.47,2.4914,2.42,2.4356,21671,0
2016-06-07,21:30:00,2.43,2.46,2.4,2.4425,51171,0
2016-06-07,21:35:00,2.45,2.4769,2.45,2.4507,12850,0
2016-06-07,21:40:00,2.42,2.44,2.42,2.437,6838,0
2016-06-07,21:45:00,2.43,2.44,2.4,2.4,38114,0
2016-06-07,21:50:00,2.4014,2.4014,2.35,2.4,25094,0
2016-06-07,21:55:00,2.4,2.42,2.34,2.35,21124,0
2016-06-07,22:00:00,2.34,2.49,2.3,2.48,55346,0
2016-06-08,15:35:00,2.26,2.29,2.02,2.1001,54126,0
2016-06-08,15:40:00,2.12,2.18,2.05,2.05,48294,0
2016-06-08,15:45:00,2.0564,2.15,2.04,2.1,32083,0
2016-06-08,15:50:00,2.1426,2.26,2.13,2.23,24980,0
2016-06-08,15:55:00,2.23,2.235,2.1566,2.1989,19690,0
2016-06-08,16:00:00,2.1999,2.2,2.1201,2.1609,9288,0
2016-06-08,16:05:00,2.1301,2.1558,2.1301,2.1501,3130,0
2016-06-08,16:10:00,2.16,2.175,2.1512,2.1575,1787,0
2016-06-08,16:15:00,2.164,2.19,2.13,2.1779,8850,0
2016-06-08,16:20:00,2.18,2.1979,2.1601,2.1979,2260,0
2016-06-08,16:25:00,2.19,2.25,2.19,2.25,14002,0
2016-06-08,16:30:00,2.25,2.29,2.2,2.25,16325,0
2016-06-08,16:35:00,2.225,2.28,2.225,2.27,13153,0
2016-06-08,16:40:00,2.2793,2.2899,2.27,2.27,5303,0
2016-06-08,16:45:00,2.2538,2.2589,2.225,2.225,7325,0
2016-06-08,16:50:00,2.218,2.25,2.218,2.23,1420,0
2016-06-08,16:55:00,2.21,2.21,2.15,2.15,15034,0
2016-06-08,17:00:00,2.1699,2.1699,2.15,2.1589,5450,0
2016-06-08,17:05:00,2.1571,2.1735,2.1424,2.1424,3813,0
2016-06-08,17:10:00,2.1301,2.14,2.1201,2.13,3230,0
2016-06-08,17:15:00,2.12,2.12,2.12,2.12,300,0
2016-06-08,17:20:00,2.11,2.13,2.11,2.11,5304,0
2016-06-08,17:25:00,2.12,2.12,2.12,2.12,2575,0
2016-06-08,17:30:00,2.1205,2.1205,2.1205,2.1205,4800,0
2016-06-08,17:35:00,2.1501,2.1501,2.1501,2.1501,1420,0
2016-06-08,17:40:00,2.1731,2.22,2.1501,2.22,2400,0
2016-06-08,17:45:00,2.1501,2.185,2.15,2.15,1100,0
2016-06-08,17:50:00,2.2055,2.22,2.2055,2.22,200,0
2016-06-08,17:55:00,2.214,2.22,2.214,2.22,2160,0
2016-06-08,18:00:00,2.1401,2.21,2.1401,2.21,1100,0
2016-06-08,18:10:00,2.1925,2.1925,2.19,2.19,500,0
2016-06-08,18:15:00,2.1601,2.1833,2.1501,2.1501,1268,0
2016-06-08,18:20:00,2.15,2.15,2.15,2.15,1100,0
2016-06-08,18:25:00,2.17,2.17,2.15,2.15,3730,0
2016-06-08,18:30:00,2.13,2.1613,2.11,2.1613,5088,0
2016-06-08,18:40:00,2.1714,2.1899,2.17,2.17,5900,0
2016-06-08,18:45:00,2.1899,2.1899,2.17,2.17,1500,0
2016-06-08,18:50:00,2.18,2.18,2.1501,2.1501,1000,0
2016-06-08,18:55:00,2.19,2.19,2.19,2.19,200,0
2016-06-08,19:00:00,2.19,2.19,2.19,2.19,100,0
2016-06-08,19:05:00,2.18,2.18,2.15,2.15,1295,0
2016-06-08,19:10:00,2.14,2.14,2.14,2.14,500,0
2016-06-08,19:15:00,2.1499,2.1499,2.1499,2.1499,1116,0
2016-06-08,19:20:00,2.1342,2.1342,2.1342,2.1342,1200,0
2016-06-08,19:25:00,2.1376,2.1376,2.1301,2.1301,4000,0
2016-06-08,19:30:00,2.14,2.14,2.14,2.14,5000,0
2016-06-08,19:35:00,2.15,2.15,2.15,2.15,100,0
2016-06-08,19:45:00,2.13,2.13,2.13,2.13,500,0
2016-06-08,19:50:00,2.13,2.13,2.12,2.12,600,0
2016-06-08,19:55:00,2.114,2.114,2.114,2.114,327,0
2016-06-08,20:00:00,2.15,2.15,2.15,2.15,100,0
2016-06-08,20:05:00,2.15,2.15,2.12,2.12,1100,0
2016-06-08,20:10:00,2.14,2.14,2.1101,2.1101,2600,0
2016-06-08,20:15:00,2.13,2.13,2.13,2.13,100,0
2016-06-08,20:20:00,2.13,2.13,2.11,2.116,3990,0
2016-06-08,20:25:00,2.11,2.1101,2.11,2.1101,616,0
2016-06-08,20:30:00,2.1101,2.13,2.1101,2.13,1000,0
2016-06-08,20:35:00,2.12,2.12,2.1168,2.12,750,0
2016-06-08,20:40:00,2.1219,2.13,2.1219,2.13,3900,0
2016-06-08,20:45:00,2.11,2.12,2.09,2.0999,11812,0
2016-06-08,20:50:00,2.11,2.11,2.11,2.11,268,0
2016-06-08,20:55:00,2.13,2.13,2.1214,2.1214,460,0
2016-06-08,21:00:00,2.125,2.126,2,2.01,18444,0
2016-06-08,21:05:00,2.01,2.0936,2,2.0936,9180,0
2016-06-08,21:10:00,2.08,2.12,2.0401,2.0655,2920,0
2016-06-08,21:15:00,2.04,2.0406,2.04,2.0406,632,0
2016-06-08,21:20:00,2.1,2.1,2.0999,2.0999,1600,0
2016-06-08,21:25:00,2.0501,2.09,2.04,2.0499,2413,0
2016-06-08,21:30:00,2.05,2.05,2,2,6879,0
2016-06-08,21:35:00,1.98,1.9801,1.93,1.9677,18719,0
2016-06-08,21:40:00,1.95,1.98,1.93,1.9701,9924,0
2016-06-08,21:45:00,1.97,1.98,1.963,1.98,2972,0
2016-06-08,21:50:00,1.98,2.01,1.96,1.98,2029,0
2016-06-08,21:55:00,1.98,2.01,1.98,2.01,18374,0
2016-06-08,22:00:00,2.02,2.14,2.01,2.06,13196,0
2016-06-09,15:35:00,1.82,2.01,1.82,1.957,4747,0
2016-06-09,15:40:00,1.906,2.02,1.9,2.02,6220,0
2016-06-09,15:45:00,1.95,1.99,1.9105,1.99,2800,0
2016-06-09,15:50:00,2,2.005,1.8715,1.945,3711,0
2016-06-09,15:55:00,1.945,1.9503,1.945,1.945,1900,0
2016-06-09,16:00:00,1.9548,1.98,1.9401,1.96,2760,0
2016-06-09,16:05:00,1.96,1.98,1.9401,1.98,4513,0
2016-06-09,16:10:00,1.9401,1.96,1.9101,1.94,6800,0
2016-06-09,16:15:00,1.95,1.95,1.925,1.925,998,0
2016-06-09,16:20:00,1.91,1.91,1.91,1.91,847,0
2016-06-09,16:25:00,1.9197,1.92,1.91,1.91,4291,0
2016-06-09,16:30:00,1.8901,1.8901,1.85,1.86,3100,0
2016-06-09,16:35:00,1.8899,1.8899,1.85,1.85,4298,0
2016-06-09,16:40:00,1.87,1.87,1.85,1.85,6300,0
2016-06-09,16:45:00,1.8988,1.8988,1.8988,1.8988,1500,0
2016-06-09,16:50:00,1.9,1.9,1.8988,1.9,1200,0
2016-06-09,16:55:00,1.89,1.9,1.8,1.8425,7167,0
2016-06-09,17:10:00,1.85,1.85,1.845,1.85,400,0
2016-06-09,17:15:00,1.86,1.86,1.86,1.86,300,0
2016-06-09,17:20:00,1.8401,1.8401,1.8401,1.8401,100,0
2016-06-09,17:25:00,1.89,1.89,1.89,1.89,100,0
2016-06-09,17:30:00,1.8795,1.8795,1.8795,1.8795,1000,0
2016-06-09,17:35:00,1.8544,1.8899,1.8544,1.88,4100,0
2016-06-09,17:45:00,1.88,1.88,1.88,1.88,100,0
2016-06-09,17:50:00,1.89,1.9,1.88,1.89,900,0
2016-06-09,18:00:00,1.89,1.9,1.88,1.89,4300,0
2016-06-09,18:05:00,1.8899,1.8899,1.8864,1.8864,1195,0
2016-06-09,18:10:00,1.8345,1.8345,1.78,1.78,4162,0
2016-06-09,18:15:00,1.875,1.875,1.8601,1.8601,1100,0
2016-06-09,18:20:00,1.875,1.875,1.875,1.875,100,0
2016-06-09,18:25:00,1.8715,1.8715,1.8715,1.8715,1133,0
2016-06-09,18:30:00,1.87,1.87,1.86,1.865,1368,0
2016-06-09,18:55:00,1.85,1.85,1.85,1.85,100,0
2016-06-09,19:00:00,1.83,1.83,1.83,1.83,100,0
2016-06-09,19:05:00,1.8126,1.8201,1.8126,1.8201,2962,0
2016-06-09,19:10:00,1.82,1.82,1.82,1.82,433,0
2016-06-09,19:15:00,1.7999,1.8,1.7999,1.8,1100,0
2016-06-09,19:30:00,1.82,1.82,1.82,1.82,1699,0
2016-06-09,19:40:00,1.8199,1.82,1.8199,1.82,1601,0
2016-06-09,19:45:00,1.84,1.84,1.84,1.84,100,0
2016-06-09,19:50:00,1.822,1.822,1.822,1.822,250,0
2016-06-09,19:55:00,1.84,1.84,1.84,1.84,100,0
2016-06-09,20:00:00,1.8399,1.84,1.8399,1.84,2200,0
2016-06-09,20:05:00,1.82,1.82,1.82,1.82,100,0
2016-06-09,20:25:00,1.8,1.8,1.8,1.8,1100,0
2016-06-09,20:30:00,1.7801,1.7801,1.7801,1.7801,100,0
2016-06-09,20:35:00,1.8,1.8,1.798,1.798,300,0
2016-06-09,20:40:00,1.78,1.8,1.78,1.8,1900,0
2016-06-09,20:45:00,1.7935,1.7935,1.7935,1.7935,280,0
2016-06-09,20:50:00,1.8,1.8,1.8,1.8,200,0
2016-06-09,20:55:00,1.8,1.8,1.8,1.8,100,0
2016-06-09,21:05:00,1.8,1.8,1.8,1.8,100,0
2016-06-09,21:10:00,1.8,1.8,1.8,1.8,100,0
2016-06-09,21:15:00,1.8,1.8,1.7989,1.7989,2300,0
2016-06-09,21:20:00,1.79,1.79,1.7801,1.79,1500,0
2016-06-09,21:25:00,1.79,1.79,1.79,1.79,100,0
2016-06-09,21:30:00,1.789,1.789,1.789,1.789,9000,0
2016-06-09,21:35:00,1.79,1.79,1.79,1.79,200,0
2016-06-09,21:40:00,1.79,1.79,1.79,1.79,200,0
2016-06-09,21:45:00,1.7801,1.8,1.7801,1.8,5800,0
2016-06-09,21:50:00,1.8,1.84,1.8,1.84,350,0
2016-06-09,21:55:00,1.8,1.84,1.8,1.8001,6615,0
2016-06-09,22:00:00,1.81,1.85,1.8,1.85,4536,0
2016-06-10,15:35:00,1.85,1.85,1.61,1.6999,8716,0
2016-06-10,15:40:00,1.7,1.85,1.6801,1.73,8150,0
2016-06-10,15:45:00,1.7999,1.89,1.79,1.88,8000,0
2016-06-10,15:50:00,1.889,1.889,1.72,1.72,4275,0
2016-06-10,16:00:00,1.839,1.839,1.839,1.839,500,0
2016-06-10,16:05:00,1.84,1.89,1.84,1.89,4744,0
2016-06-10,16:10:00,1.89,1.89,1.85,1.85,3800,0
2016-06-10,16:15:00,1.81,1.81,1.81,1.81,788,0
2016-06-10,16:20:00,1.8385,1.84,1.8385,1.839,540,0
2016-06-10,16:25:00,1.8396,1.8396,1.82,1.82,1500,0
2016-06-10,16:40:00,1.82,1.82,1.82,1.82,200,0
2016-06-10,16:45:00,1.85,1.87,1.85,1.87,2000,0
2016-06-10,16:50:00,1.87,1.8888,1.856,1.856,2400,0
2016-06-10,16:55:00,1.8899,1.8899,1.8899,1.8899,759,0
2016-06-10,17:05:00,1.87,1.87,1.87,1.87,225,0
2016-06-10,17:10:00,1.877,1.88,1.8507,1.868,11905,0
2016-06-10,17:15:00,1.88,1.9069,1.88,1.9069,1925,0
2016-06-10,17:20:00,1.93,2.19,1.93,2.14,33650,0
2016-06-10,17:25:00,2.14,2.14,2.0301,2.09,5079,0
2016-06-10,17:30:00,2.0611,2.07,2.03,2.0483,3525,0
2016-06-10,17:35:00,2.0301,2.0301,1.95,1.95,5592,0
2016-06-10,17:40:00,1.9501,1.96,1.91,1.91,3568,0
2016-06-10,17:55:00,1.9623,1.9623,1.9623,1.9623,2500,0
2016-06-10,18:00:00,2.04,2.05,2,2,1150,0
2016-06-10,18:15:00,2.0499,2.0499,2.0499,2.0499,195,0
2016-06-10,18:20:00,2.03,2.03,2.026,2.026,7300,0
2016-06-10,18:25:00,2,2.0001,2,2,924,0
2016-06-10,18:30:00,2,2,2,2,1002,0
2016-06-10,18:50:00,2.03,2.0301,2.03,2.0301,7578,0
2016-06-10,19:00:00,2.05,2.0601,2.05,2.0601,802,0
2016-06-10,19:05:00,2.1,2.1,2.079,2.079,5400,0
2016-06-10,19:10:00,2.0301,2.0301,2.0301,2.0301,500,0
2016-06-10,19:15:00,2.08,2.12,2.08,2.12,2390,0
2016-06-10,19:20:00,2.1,2.1,2.1,2.1,304,0
2016-06-10,19:30:00,2.0999,2.0999,2.0999,2.0999,300,0
2016-06-10,19:45:00,2.03,2.03,2.03,2.03,2651,0
2016-06-10,19:55:00,2.1099,2.1099,2.1099,2.1099,470,0
2016-06-10,20:15:00,2.1,2.1,2.1,2.1,10500,0
2016-06-10,20:20:00,2.0899,2.0899,1.9,1.9,14982,0
2016-06-10,20:30:00,1.93,1.93,1.9,1.9001,6356,0
2016-06-10,20:35:00,1.9084,1.9084,1.9084,1.9084,700,0
2016-06-10,20:40:00,1.9001,1.9001,1.9001,1.9001,177,0
2016-06-10,21:15:00,1.96,1.96,1.96,1.96,1000,0
2016-06-10,21:40:00,2.02,2.02,2.02,2.02,605,0
2016-06-10,21:55:00,1.9801,1.9801,1.9801,1.9801,1000,0
2016-06-10,22:00:00,1.9801,2.02,1.9801,2.02,2467,0
2016-06-13,15:35:00,2.05,2.05,1.72,1.8811,9911,0
2016-06-13,15:40:00,1.875,1.875,1.7501,1.816,1126,0
2016-06-13,15:45:00,1.86,1.87,1.83,1.83,7149,0
2016-06-13,15:50:00,1.8307,1.96,1.82,1.96,3875,0
2016-06-13,16:05:00,1.86,1.86,1.8501,1.86,400,0
2016-06-13,16:15:00,1.95,1.95,1.9,1.95,3541,0
2016-06-13,16:20:00,1.946,1.946,1.946,1.946,190,0
2016-06-13,16:25:00,1.95,2,1.94,2,4412,0
2016-06-13,16:30:00,2.004,2.04,2,2,500,0
2016-06-13,16:40:00,2.05,2.12,2.05,2.119,5585,0
2016-06-13,16:45:00,2.0701,2.1199,2.0701,2.1199,2000,0
2016-06-13,16:50:00,2.12,2.1658,2.118,2.1658,3300,0
2016-06-13,16:55:00,2.155,2.1999,2.155,2.18,5783,0
2016-06-13,17:00:00,2.19,2.2,2.172,2.2,7550,0
2016-06-13,17:05:00,2.15,2.1501,2.15,2.1501,1171,0
2016-06-13,17:10:00,2.15,2.1517,2.15,2.1517,2617,0
2016-06-13,17:15:00,2.1201,2.15,2.05,2.05,4195,0
2016-06-13,17:20:00,2.07,2.078,2.05,2.078,2270,0
2016-06-13,17:25:00,2.07,2.08,2.07,2.08,680,0
2016-06-13,17:40:00,2.05,2.0675,2.05,2.0675,490,0
2016-06-13,17:45:00,2.1,2.1,2.1,2.1,100,0
2016-06-13,18:20:00,2.09,2.1,2.05,2.1,3119,0
2016-06-13,18:30:00,2.1,2.1,2.1,2.1,685,0
2016-06-13,18:50:00,2.1299,2.1299,2.1299,2.1299,100,0
2016-06-13,19:00:00,2.12,2.15,2.09,2.15,5200,0
2016-06-13,19:05:00,2.1499,2.15,2.1499,2.15,300,0
2016-06-13,19:10:00,2.13,2.13,2.13,2.13,400,0
2016-06-13,19:15:00,2.13,2.13,2.13,2.13,200,0
2016-06-13,19:20:00,2.13,2.13,2.13,2.13,400,0
2016-06-13,19:25:00,2.14,2.1499,2.1104,2.14,3200,0
2016-06-13,19:30:00,2.1399,2.14,2.1399,2.14,200,0
2016-06-13,19:35:00,2.15,2.15,2.15,2.15,200,0
2016-06-13,19:40:00,2.14,2.14,2.14,2.14,200,0
2016-06-13,19:45:00,2.1399,2.1399,2.11,2.13,400,0
2016-06-13,19:50:00,2.11,2.13,2.1,2.13,2100,0
2016-06-13,19:55:00,2.13,2.14,2.13,2.14,200,0
2016-06-13,20:00:00,2.14,2.14,2.14,2.14,300,0
2016-06-13,20:15:00,2.1,2.13,2.05,2.13,633,0
2016-06-13,20:20:00,2.13,2.13,2.13,2.13,100,0
2016-06-13,20:30:00,2.13,2.13,2.13,2.13,100,0
2016-06-13,20:40:00,2.13,2.13,2.13,2.13,100,0
2016-06-13,21:15:00,2.0501,2.0501,2.0501,2.0501,226,0
2016-06-13,21:20:00,2.0766,2.0766,2.0766,2.0766,350,0
2016-06-13,21:30:00,2.13,2.13,2.1299,2.1299,904,0
2016-06-13,21:40:00,2.13,2.13,2.13,2.13,100,0
2016-06-13,21:45:00,2.05,2.1067,2.05,2.1067,200,0
2016-06-13,21:50:00,2.12,2.12,2.12,2.12,100,0
2016-06-13,21:55:00,2.05,2.105,2.03,2.03,2135,0
2016-06-13,22:00:00,2.11,2.12,2.11,2.12,960,0
2016-06-14,15:35:00,2.1,2.2,2.1,2.2,3631,0
2016-06-14,15:40:00,2.16,2.16,2.16,2.16,1400,0
2016-06-14,15:50:00,2.1601,2.1601,2.1601,2.1601,280,0
2016-06-14,15:55:00,2.17,2.3499,2.17,2.2701,34273,0
2016-06-14,16:00:00,2.32,2.44,2.1,2.23,95034,0
2016-06-14,16:05:00,2.18,2.23,2.12,2.23,20243,0
2016-06-14,16:10:00,2.21,2.25,2.21,2.24,16100,0
2016-06-14,16:15:00,2.2425,2.28,1.9,1.9547,40836,0
2016-06-14,16:20:00,1.93,2.11,1.9201,2.1,5190,0
2016-06-14,16:25:00,2.05,2.06,2.0101,2.06,5569,0
2016-06-14,16:30:00,2.05,2.05,2.05,2.05,400,0
2016-06-14,16:35:00,2.09,2.09,2.09,2.09,200,0
2016-06-14,16:40:00,2.11,2.11,2.05,2.06,6200,0
2016-06-14,16:50:00,2.07,2.07,2.05,2.05,200,0
2016-06-14,16:55:00,2.01,2.01,2,2,4300,0
2016-06-14,17:00:00,1.958,1.96,1.958,1.96,600,0
2016-06-14,17:05:00,2,2.1,1.975,2.1,2200,0
2016-06-14,17:15:00,1.98,1.98,1.94,1.94,1400,0
2016-06-14,17:20:00,2,2,2,2,200,0
2016-06-14,17:25:00,2.06,2.06,1.96,1.98,1300,0
2016-06-14,17:30:00,1.98,1.98,1.98,1.98,300,0
2016-06-14,17:40:00,2.0098,2.02,2.0098,2.02,400,0
2016-06-14,17:45:00,2,2,2,2,101,0
2016-06-14,17:50:00,2.0199,2.0199,2.0199,2.0199,750,0
2016-06-14,18:00:00,2,2.03,1.98,2.01,1300,0
2016-06-14,18:10:00,2.01,2.01,2.01,2.01,200,0
2016-06-14,18:25:00,2,2,2,2,200,0
2016-06-14,18:30:00,1.9708,2.0212,1.9708,2.0212,569,0
2016-06-14,18:35:00,1.97,1.97,1.95,1.95,2008,0
2016-06-14,18:40:00,1.9899,1.9899,1.95,1.95,549,0
2016-06-14,18:50:00,1.9501,1.9501,1.9501,1.9501,200,0
2016-06-14,19:10:00,1.96,1.96,1.95,1.95,899,0
2016-06-14,19:35:00,1.9899,1.9899,1.9899,1.9899,400,0
2016-06-14,19:40:00,1.965,2,1.965,2,6975,0
2016-06-14,20:15:00,1.97,1.97,1.97,1.97,550,0
2016-06-14,20:20:00,1.9694,1.97,1.94,1.94,1148,0
2016-06-14,20:25:00,1.9402,1.9402,1.9402,1.9402,140,0
2016-06-14,20:35:00,1.97,1.97,1.97,1.97,100,0
2016-06-14,20:40:00,1.97,2,1.9699,2,2399,0
2016-06-14,21:05:00,2.02,2.07,2.02,2.07,4332,0
2016-06-14,21:10:00,2.07,2.15,1.9835,1.9835,15822,0
2016-06-14,21:20:00,2.0401,2.0401,2.0401,2.0401,300,0
2016-06-14,21:30:00,2.0372,2.12,2.0372,2.12,2000,0
2016-06-14,21:35:00,2,2,2,2,800,0
2016-06-14,21:40:00,2.08,2.08,2.08,2.08,100,0
2016-06-14,21:55:00,2.05,2.1199,2.05,2.05,4610,0
2016-06-14,22:00:00,2.03,2.0301,1.94,1.94,5566,0
2016-06-15,15:35:00,1.89,1.9249,1.89,1.9211,11233,0
2016-06-15,15:40:00,1.95,1.95,1.95,1.95,1500,0
2016-06-15,15:45:00,1.99,2.1899,1.99,2.1899,6125,0
2016-06-15,15:50:00,2.0001,2.1399,2.0001,2.01,1542,0
2016-06-15,15:55:00,2.1399,2.1399,2.1399,2.1399,100,0
2016-06-15,16:00:00,2.0301,2.0301,2.03,2.03,800,0
2016-06-15,16:30:00,2.04,2.0401,2.04,2.04,700,0
2016-06-15,16:40:00,2.06,2.06,2.03,2.03,350,0
2016-06-15,18:00:00,1.97,1.97,1.87,1.87,16270,0
2016-06-15,18:05:00,1.8999,1.8999,1.85,1.85,5475,0
2016-06-15,18:10:00,1.9,1.9,1.9,1.9,1500,0
2016-06-15,18:15:00,1.9,1.9,1.84,1.8657,5189,0
2016-06-15,18:30:00,1.8575,1.8575,1.8575,1.8575,200,0
2016-06-15,18:35:00,1.8634,1.8634,1.8634,1.8634,100,0
2016-06-15,18:40:00,1.9,1.9,1.84,1.84,1800,0
2016-06-15,19:00:00,1.93,1.93,1.93,1.93,100,0
2016-06-15,19:05:00,1.9299,1.9299,1.9299,1.9299,176,0
2016-06-15,19:25:00,1.9299,1.9299,1.9299,1.9299,1000,0
2016-06-15,19:30:00,1.92,1.92,1.84,1.84,1000,0
2016-06-15,19:35:00,1.86,1.86,1.8599,1.8599,200,0
2016-06-15,19:50:00,1.84,1.84,1.81,1.8101,2990,0
2016-06-15,19:55:00,1.81,1.8199,1.81,1.81,1800,0
2016-06-15,20:00:00,1.81,1.81,1.78,1.78,1784,0
2016-06-15,20:05:00,1.78,1.78,1.7736,1.7736,1717,0
2016-06-15,20:15:00,1.78,1.8,1.7701,1.8,4300,0
2016-06-15,20:40:00,1.8667,1.9189,1.8374,1.9189,1350,0
2016-06-15,20:45:00,1.9099,1.9099,1.9099,1.9099,5000,0
2016-06-15,20:50:00,1.8353,1.8353,1.8353,1.8353,110,0
2016-06-15,21:10:00,1.89,1.89,1.89,1.89,100,0
2016-06-15,21:40:00,1.89,1.89,1.89,1.89,700,0
2016-06-15,21:45:00,1.858,1.858,1.85,1.85,2888,0
2016-06-15,21:55:00,1.8601,1.8601,1.8601,1.8601,100,0
2016-06-15,22:00:00,1.87,1.89,1.85,1.89,9934,0
2016-06-16,15:35:00,1.87,1.96,1.81,1.81,1317,0
2016-06-16,15:40:00,1.93,1.93,1.93,1.93,300,0
2016-06-16,15:50:00,1.9699,1.9699,1.92,1.92,395,0
2016-06-16,16:15:00,1.8227,1.8227,1.8227,1.8227,500,0
2016-06-16,16:20:00,1.8156,1.818,1.81,1.81,400,0
2016-06-16,16:25:00,1.87,1.87,1.81,1.81,4700,0
2016-06-16,16:35:00,1.8699,1.8699,1.81,1.81,300,0
2016-06-16,16:45:00,1.855,1.855,1.855,1.855,450,0
2016-06-16,16:55:00,1.86,1.86,1.84,1.84,200,0
2016-06-16,17:10:00,1.84,1.84,1.84,1.84,836,0
2016-06-16,17:15:00,1.81,1.8699,1.81,1.8699,200,0
2016-06-16,17:35:00,1.87,1.9,1.87,1.9,1850,0
2016-06-16,17:50:00,1.9,1.9,1.9,1.9,4100,0
2016-06-16,17:55:00,1.82,1.82,1.82,1.82,100,0
2016-06-16,19:05:00,1.82,1.83,1.82,1.83,600,0
2016-06-16,19:10:00,1.8284,1.8284,1.8284,1.8284,325,0
2016-06-16,19:25:00,1.8201,1.8201,1.8201,1.8201,580,0
2016-06-16,19:35:00,1.82,1.82,1.82,1.82,100,0
2016-06-16,19:55:00,1.8699,1.8699,1.795,1.8,3478,0
2016-06-16,20:00:00,1.81,1.81,1.81,1.81,100,0
2016-06-16,20:10:00,1.81,1.81,1.81,1.81,986,0
2016-06-16,20:50:00,1.81,1.87,1.81,1.87,200,0
2016-06-16,20:55:00,1.87,1.87,1.87,1.87,900,0
2016-06-16,21:20:00,1.8498,1.8498,1.8498,1.8498,770,0
2016-06-16,21:45:00,1.8,1.8,1.8,1.8,200,0
2016-06-16,21:50:00,1.81,1.81,1.78,1.78,400,0
2016-06-16,21:55:00,1.78,1.78,1.72,1.72,1844,0
2016-06-16,22:00:00,1.8,1.8,1.8,1.8,149,0
2016-06-17,15:35:00,1.78,1.78,1.78,1.78,250,0
2016-06-17,15:50:00,1.77,1.7999,1.77,1.7999,3000,0
2016-06-17,15:55:00,1.7809,1.7999,1.7628,1.7999,3200,0
2016-06-17,16:00:00,1.76,1.8,1.76,1.8,650,0
2016-06-17,16:10:00,1.79,1.79,1.7833,1.7833,2880,0
2016-06-17,16:20:00,1.781,1.782,1.72,1.72,10400,0
2016-06-17,16:35:00,1.7799,1.7799,1.7799,1.7799,3000,0
2016-06-17,16:40:00,1.7799,1.7799,1.72,1.729,5425,0
2016-06-17,16:55:00,1.75,1.75,1.75,1.75,200,0
2016-06-17,17:15:00,1.72,1.763,1.72,1.763,29867,0
2016-06-17,17:55:00,1.758,1.758,1.758,1.758,100,0
2016-06-17,18:05:00,1.75,1.75,1.75,1.75,100,0
2016-06-17,18:40:00,1.7,1.7,1.7,1.7,500,0
2016-06-17,20:10:00,1.72,1.72,1.72,1.72,100,0
2016-06-17,21:15:00,1.72,1.72,1.72,1.72,100,0
2016-06-17,22:00:00,1.7,1.703,1.66,1.68,3197,0
2016-06-20,15:35:00,1.67,1.67,1.6501,1.6501,4062,0
2016-06-20,15:45:00,1.6582,1.67,1.6582,1.67,1025,0
2016-06-20,15:50:00,1.65,1.6566,1.6001,1.6001,7910,0
2016-06-20,16:10:00,1.6075,1.6075,1.6075,1.6075,100,0
2016-06-20,16:25:00,1.6499,1.6499,1.6499,1.6499,200,0
2016-06-20,16:35:00,1.6,1.6,1.6,1.6,3500,0
2016-06-20,16:55:00,1.5888,1.5888,1.5888,1.5888,2000,0
2016-06-20,17:00:00,1.57,1.57,1.55,1.55,14400,0
2016-06-20,17:15:00,1.6099,1.6099,1.6099,1.6099,1000,0
2016-06-20,17:25:00,1.56,1.5905,1.56,1.5905,821,0
2016-06-20,17:30:00,1.59,1.59,1.56,1.56,1100,0
2016-06-20,17:35:00,1.59,1.59,1.59,1.59,100,0
2016-06-20,17:55:00,1.56,1.56,1.56,1.56,225,0
2016-06-20,18:20:00,1.59,1.59,1.59,1.59,100,0
2016-06-20,18:35:00,1.5645,1.5645,1.5645,1.5645,300,0
2016-06-20,18:45:00,1.59,1.59,1.59,1.59,100,0
2016-06-20,18:50:00,1.59,1.6499,1.59,1.6499,800,0
2016-06-20,18:55:00,1.566,1.566,1.566,1.566,700,0
2016-06-20,19:05:00,1.56,1.56,1.56,1.56,100,0
2016-06-20,19:10:00,1.5708,1.5708,1.5708,1.5708,200,0
2016-06-20,19:30:00,1.5999,1.5999,1.5999,1.5999,100,0
2016-06-20,20:20:00,1.6,1.6,1.6,1.6,100,0
2016-06-20,21:00:00,1.587,1.587,1.587,1.587,450,0
2016-06-20,21:40:00,1.57,1.57,1.57,1.57,100,0
2016-06-20,21:50:00,1.59,1.59,1.57,1.57,400,0
2016-06-20,21:55:00,1.59,1.61,1.59,1.61,300,0
2016-06-20,22:00:00,1.67,1.67,1.55,1.56,7061,0
2016-06-21,15:35:00,1.55,1.55,1.55,1.55,100,0
2016-06-21,16:00:00,1.55,1.55,1.55,1.55,2000,0
2016-06-21,16:05:00,1.55,1.55,1.55,1.55,635,0
2016-06-21,16:20:00,1.55,1.55,1.55,1.55,400,0
2016-06-21,16:40:00,1.56,1.56,1.525,1.53,1200,0
2016-06-21,16:55:00,1.52,1.53,1.51,1.5292,2248,0
2016-06-21,17:10:00,1.5301,1.5301,1.5301,1.5301,500,0
2016-06-21,17:55:00,1.5599,1.5599,1.5599,1.5599,2000,0
2016-06-21,20:00:00,1.5301,1.5301,1.53,1.53,517,0
2016-06-21,21:10:00,1.51,1.51,1.51,1.51,180,0
2016-06-21,21:45:00,1.5101,1.5101,1.5101,1.5101,770,0
2016-06-21,22:00:00,1.51,1.58,1.51,1.58,1532,0
2016-06-22,15:35:00,1.52,1.52,1.518,1.518,1003,0
2016-06-22,15:40:00,1.563,1.563,1.563,1.563,750,0
2016-06-22,15:50:00,1.6,1.6,1.6,1.6,946,0
2016-06-22,16:10:00,1.6,1.6,1.6,1.6,200,0
2016-06-22,16:25:00,1.59,1.59,1.59,1.59,150,0
2016-06-22,18:05:00,1.56,1.56,1.5589,1.5589,300,0
2016-06-22,18:25:00,1.5599,1.5599,1.5599,1.5599,100,0
2016-06-22,18:40:00,1.53,1.53,1.52,1.52,867,0
2016-06-22,18:45:00,1.53,1.559,1.53,1.559,2700,0
2016-06-22,19:40:00,1.556,1.556,1.502,1.502,3000,0
2016-06-22,19:45:00,1.501,1.502,1.501,1.502,1000,0
2016-06-22,20:05:00,1.5363,1.5363,1.5363,1.5363,800,0
2016-06-22,20:20:00,1.5499,1.5499,1.5499,1.5499,2000,0
2016-06-22,21:10:00,1.5101,1.5101,1.5101,1.5101,120,0
2016-06-22,21:25:00,1.54,1.54,1.51,1.51,4200,0
2016-06-22,21:40:00,1.51,1.51,1.51,1.51,100,0
2016-06-22,22:00:00,1.518,1.52,1.518,1.52,653,0
2016-06-23,16:00:00,1.5101,1.5101,1.5101,1.5101,2373,0
2016-06-23,16:20:00,1.59,1.59,1.59,1.59,250,0
2016-06-23,16:30:00,1.5865,1.5865,1.5865,1.5865,100,0
2016-06-23,16:50:00,1.56,1.59,1.54,1.54,7200,0
2016-06-23,17:20:00,1.58,1.58,1.58,1.58,100,0
2016-06-23,21:15:00,1.559,1.559,1.558,1.558,1000,0
2016-06-23,21:20:00,1.55,1.55,1.55,1.55,100,0
2016-06-23,21:55:00,1.5799,1.58,1.5799,1.58,2300,0
2016-06-24,15:35:00,1.53,1.53,1.5043,1.5043,602,0
2016-06-24,15:40:00,1.4801,1.4801,1.4801,1.4801,728,0
2016-06-24,15:50:00,1.4801,1.4801,1.4801,1.4801,2700,0
2016-06-24,15:55:00,1.48,1.48,1.48,1.48,1500,0
2016-06-24,16:00:00,1.5544,1.5599,1.5544,1.5599,2100,0
2016-06-24,16:05:00,1.55,1.5599,1.5,1.5,3200,0
2016-06-24,16:15:00,1.53,1.53,1.53,1.53,1000,0
2016-06-24,16:20:00,1.5115,1.5115,1.5115,1.5115,750,0
2016-06-24,16:45:00,1.5409,1.5409,1.5409,1.5409,400,0
2016-06-24,16:50:00,1.53,1.53,1.53,1.53,370,0
2016-06-24,17:20:00,1.5201,1.5201,1.52,1.52,2379,0
2016-06-24,17:25:00,1.51,1.51,1.51,1.51,400,0
2016-06-24,17:30:00,1.5007,1.5007,1.5007,1.5007,1000,0
2016-06-24,17:35:00,1.5,1.5001,1.49,1.5,3335,0
2016-06-24,17:40:00,1.506,1.506,1.506,1.506,1400,0
2016-06-24,18:05:00,1.5,1.5,1.5,1.5,100,0
2016-06-24,19:10:00,1.5,1.5,1.5,1.5,200,0
2016-06-24,20:05:00,1.52,1.52,1.5,1.5001,675,0
2016-06-24,20:35:00,1.503,1.503,1.5,1.5,3200,0
2016-06-24,21:30:00,1.5,1.5,1.5,1.5,200,0
2016-06-24,21:55:00,1.53,1.53,1.51,1.52,1330,0
2016-06-24,22:00:00,1.52,1.52,1.45,1.45,5355,0
2016-06-27,15:35:00,1.47,1.47,1.47,1.47,1296,0
2016-06-27,16:35:00,1.45,1.45,1.45,1.45,300,0
2016-06-27,16:40:00,1.45,1.45,1.45,1.45,500,0
2016-06-27,16:45:00,1.45,1.4501,1.34,1.35,2337,0
2016-06-27,17:25:00,1.33,1.33,1.3111,1.3111,1700,0
2016-06-27,17:30:00,1.43,1.44,1.4001,1.4001,1100,0
2016-06-27,17:35:00,1.33,1.33,1.33,1.33,200,0
2016-06-27,18:10:00,1.32,1.32,1.31,1.32,1000,0
2016-06-27,19:00:00,1.32,1.32,1.31,1.31,2000,0
2016-06-27,19:45:00,1.339,1.339,1.32,1.32,1100,0
2016-06-27,19:50:00,1.3448,1.3448,1.3448,1.3448,150,0
2016-06-27,20:25:00,1.32,1.3201,1.32,1.3201,200,0
2016-06-27,20:30:00,1.3299,1.33,1.32,1.32,300,0
2016-06-27,20:35:00,1.33,1.33,1.32,1.32,600,0
2016-06-27,20:40:00,1.31,1.31,1.31,1.31,200,0
2016-06-27,20:45:00,1.3199,1.3199,1.3199,1.3199,600,0
2016-06-27,20:55:00,1.315,1.315,1.31,1.31,2200,0
2016-06-27,21:05:00,1.29,1.31,1.22,1.22,12199,0
2016-06-27,21:10:00,1.22,1.24,1.21,1.24,2000,0
2016-06-27,21:15:00,1.24,1.31,1.24,1.27,25860,0
2016-06-27,21:20:00,1.26,1.26,1.26,1.26,100,0
2016-06-27,21:25:00,1.27,1.28,1.2601,1.27,1600,0
2016-06-27,21:50:00,1.29,1.3,1.27,1.27,5501,0
2016-06-27,21:55:00,1.2922,1.2922,1.2922,1.2922,705,0
2016-06-27,22:00:00,1.295,1.33,1.28,1.3,2833,0
2016-06-28,15:35:00,1.3,1.3,1.27,1.27,2418,0
2016-06-28,15:40:00,1.2801,1.2801,1.2801,1.2801,1000,0
2016-06-28,16:15:00,1.3199,1.3199,1.3199,1.3199,3500,0
2016-06-28,16:20:00,1.3199,1.35,1.3199,1.3499,7900,0
2016-06-28,16:30:00,1.3055,1.3055,1.3055,1.3055,1000,0
2016-06-28,16:35:00,1.295,1.3199,1.2701,1.3199,4000,0
2016-06-28,16:40:00,1.32,1.32,1.32,1.32,900,0
2016-06-28,16:50:00,1.31,1.31,1.27,1.3,1100,0
2016-06-28,16:55:00,1.31,1.31,1.31,1.31,400,0
2016-06-28,17:10:00,1.31,1.31,1.31,1.31,1100,0
2016-06-28,17:20:00,1.3,1.31,1.3,1.31,3100,0
2016-06-28,17:25:00,1.31,1.31,1.31,1.31,100,0
2016-06-28,17:35:00,1.31,1.31,1.3,1.3,2200,0
2016-06-28,17:40:00,1.29,1.29,1.29,1.29,100,0
2016-06-28,17:45:00,1.3,1.3,1.3,1.3,700,0
2016-06-28,18:00:00,1.3,1.3,1.3,1.3,900,0
2016-06-28,18:30:00,1.301,1.301,1.301,1.301,100,0
2016-06-28,18:50:00,1.3179,1.3179,1.3179,1.3179,500,0
2016-06-28,19:00:00,1.34,1.34,1.34,1.34,100,0
2016-06-28,19:15:00,1.34,1.34,1.34,1.34,100,0
2016-06-28,19:30:00,1.28,1.31,1.27,1.29,13941,0
2016-06-28,19:35:00,1.33,1.34,1.2201,1.2201,3629,0
2016-06-28,19:40:00,1.25,1.3,1.24,1.25,12100,0
2016-06-28,19:45:00,1.3299,1.49,1.28,1.49,20230,0
2016-06-28,19:50:00,1.46,1.46,1.39,1.4348,4700,0
2016-06-28,19:55:00,1.412,1.412,1.3201,1.4,4930,0
2016-06-28,20:10:00,1.3701,1.3701,1.3701,1.3701,1000,0
2016-06-28,20:15:00,1.3889,1.406,1.3701,1.406,6000,0
2016-06-28,20:20:00,1.41,1.4101,1.41,1.41,2600,0
2016-06-28,20:30:00,1.406,1.406,1.406,1.406,1000,0
2016-06-28,20:35:00,1.3901,1.3901,1.3901,1.3901,3000,0
2016-06-28,20:40:00,1.39,1.39,1.39,1.39,800,0
2016-06-28,21:10:00,1.415,1.415,1.415,1.415,100,0
2016-06-28,21:15:00,1.4598,1.4598,1.42,1.42,4539,0
2016-06-28,21:30:00,1.465,1.4789,1.42,1.42,3700,0
2016-06-28,21:40:00,1.42,1.42,1.42,1.42,100,0
2016-06-28,21:55:00,1.441,1.441,1.42,1.42,512,0
2016-06-28,22:00:00,1.42,1.4225,1.37,1.37,2200,0
2016-06-29,15:35:00,1.4,1.6101,1.39,1.6101,29551,0
2016-06-29,15:40:00,1.61,2.46,1.6,2.15,489127,0
2016-06-29,15:45:00,2.0999,2.3,1.84,1.9,469003,0
2016-06-29,15:50:00,1.8865,1.89,1.8,1.88,132119,0
2016-06-29,15:55:00,1.88,1.89,1.76,1.82,120671,0
2016-06-29,16:00:00,1.8199,1.82,1.76,1.8,67775,0
2016-06-29,16:05:00,1.8,1.88,1.78,1.849,207573,0
2016-06-29,16:10:00,1.8368,1.87,1.81,1.8499,80595,0
2016-06-29,16:15:00,1.86,1.89,1.8,1.81,68443,0
2016-06-29,16:20:00,1.81,1.82,1.8,1.8,26817,0
2016-06-29,16:25:00,1.8035,1.85,1.73,1.82,174308,0
2016-06-29,16:30:00,1.81,1.82,1.7701,1.8,18733,0
2016-06-29,16:35:00,1.7801,1.82,1.78,1.82,24791,0
2016-06-29,16:40:00,1.805,1.84,1.76,1.79,25880,0
2016-06-29,16:45:00,1.804,1.8099,1.8,1.8,1100,0
2016-06-29,16:50:00,1.7999,1.8,1.77,1.77,8563,0
2016-06-29,16:55:00,1.7701,1.79,1.77,1.77,11700,0
2016-06-29,17:00:00,1.77,1.81,1.77,1.8,13445,0
2016-06-29,17:05:00,1.77,1.77,1.77,1.77,524,0
2016-06-29,17:10:00,1.78,1.7899,1.77,1.77,3894,0
2016-06-29,17:15:00,1.785,1.785,1.785,1.785,1000,0
2016-06-29,17:20:00,1.78,1.79,1.775,1.79,1300,0
2016-06-29,17:25:00,1.7837,1.8,1.7837,1.79,10705,0
2016-06-29,17:30:00,1.783,1.7899,1.783,1.7899,2000,0
2016-06-29,17:35:00,1.79,1.79,1.78,1.781,1960,0
2016-06-29,17:40:00,1.7889,1.82,1.7889,1.82,14400,0
2016-06-29,17:45:00,1.8,1.8,1.79,1.8,6187,0
2016-06-29,17:50:00,1.79,1.79,1.77,1.77,9760,0
2016-06-29,17:55:00,1.78,1.7899,1.78,1.7899,2600,0
2016-06-29,18:00:00,1.78,1.78,1.78,1.78,400,0
2016-06-29,18:05:00,1.78,1.78,1.7201,1.73,36796,0
2016-06-29,18:10:00,1.72,1.76,1.71,1.73,44952,0
2016-06-29,18:15:00,1.75,1.75,1.72,1.72,2420,0
2016-06-29,18:20:00,1.7299,1.75,1.72,1.7499,9404,0
2016-06-29,18:25:00,1.74,1.74,1.7306,1.74,2079,0
2016-06-29,18:30:00,1.74,1.74,1.74,1.74,1800,0
2016-06-29,18:35:00,1.7307,1.7307,1.7307,1.7307,280,0
2016-06-29,18:40:00,1.74,1.76,1.7367,1.76,10734,0
2016-06-29,18:45:00,1.7597,1.7689,1.7597,1.7679,2245,0
2016-06-29,18:50:00,1.75,1.78,1.75,1.778,13155,0
2016-06-29,18:55:00,1.76,1.7686,1.75,1.75,3600,0
2016-06-29,19:00:00,1.76,1.76,1.75,1.75,1200,0
2016-06-29,19:05:00,1.74,1.7583,1.74,1.7583,400,0
2016-06-29,19:10:00,1.76,1.77,1.76,1.77,300,0
2016-06-29,19:15:00,1.76,1.77,1.76,1.7699,10300,0
2016-06-29,19:20:00,1.7401,1.8,1.7401,1.7855,7250,0
2016-06-29,19:25:00,1.76,1.7817,1.74,1.7817,10850,0
2016-06-29,19:30:00,1.761,1.761,1.74,1.7411,2500,0
2016-06-29,19:35:00,1.7436,1.7436,1.7436,1.7436,1000,0
2016-06-29,19:40:00,1.75,1.75,1.7467,1.7467,1370,0
2016-06-29,19:50:00,1.7401,1.75,1.7401,1.75,1449,0
2016-06-29,19:55:00,1.75,1.75,1.75,1.75,100,0
2016-06-29,20:00:00,1.7411,1.7411,1.66,1.6901,14223,0
2016-06-29,20:05:00,1.69,1.69,1.63,1.6605,21800,0
2016-06-29,20:10:00,1.6799,1.693,1.6799,1.693,12100,0
2016-06-29,20:15:00,1.66,1.6837,1.66,1.6837,4010,0
2016-06-29,20:20:00,1.687,1.687,1.683,1.683,3000,0
2016-06-29,20:25:00,1.6906,1.72,1.69,1.7001,6400,0
2016-06-29,20:30:00,1.7,1.7,1.7,1.7,1233,0
2016-06-29,20:35:00,1.715,1.7265,1.715,1.7265,1384,0
2016-06-29,20:40:00,1.7292,1.73,1.7025,1.7025,4625,0
2016-06-29,20:45:00,1.7105,1.7105,1.7045,1.7045,8000,0
2016-06-29,20:50:00,1.7,1.7001,1.7,1.7,1230,0
2016-06-29,21:00:00,1.7199,1.7199,1.7199,1.7199,100,0
2016-06-29,21:15:00,1.7,1.7199,1.7,1.7199,680,0
2016-06-29,21:20:00,1.7195,1.7195,1.68,1.69,9345,0
2016-06-29,21:25:00,1.6889,1.6889,1.6889,1.6889,4400,0
2016-06-29,21:30:00,1.688,1.6999,1.688,1.6999,700,0
2016-06-29,21:35:00,1.69,1.6933,1.67,1.68,7923,0
2016-06-29,21:40:00,1.68,1.72,1.6701,1.72,7379,0
2016-06-29,21:45:00,1.69,1.69,1.62,1.666,12479,0
2016-06-29,21:50:00,1.664,1.664,1.63,1.63,870,0
2016-06-29,21:55:00,1.67,1.74,1.65,1.72,9920,0
2016-06-29,22:00:00,1.72,1.81,1.7,1.72,40339,0
2016-06-30,15:35:00,1.67,1.91,1.67,1.7899,27288,0
2016-06-30,15:40:00,1.7301,1.85,1.7,1.7899,15839,0
2016-06-30,15:45:00,1.7799,1.78,1.7,1.7255,5900,0
2016-06-30,15:50:00,1.7001,1.7115,1.68,1.6886,12156,0
2016-06-30,15:55:00,1.68,1.72,1.67,1.71,5833,0
2016-06-30,16:00:00,1.73,1.75,1.73,1.7343,14403,0
2016-06-30,16:05:00,1.7301,1.7329,1.7301,1.7329,705,0
2016-06-30,16:10:00,1.73,1.755,1.66,1.6701,10385,0
2016-06-30,16:15:00,1.7,1.73,1.66,1.73,3214,0
2016-06-30,16:20:00,1.68,1.74,1.68,1.7389,2207,0
2016-06-30,16:30:00,1.7299,1.73,1.7053,1.7053,3530,0
2016-06-30,16:40:00,1.7001,1.73,1.7001,1.7289,5674,0
2016-06-30,16:45:00,1.73,1.73,1.718,1.718,1270,0
2016-06-30,16:55:00,1.7,1.7,1.7,1.7,229,0
2016-06-30,17:00:00,1.7,1.7,1.7,1.7,325,0
2016-06-30,17:15:00,1.71,1.718,1.71,1.718,1500,0
2016-06-30,17:20:00,1.71,1.73,1.71,1.73,350,0
2016-06-30,17:25:00,1.711,1.711,1.71,1.7101,900,0
2016-06-30,17:30:00,1.71,1.71,1.69,1.69,2664,0
2016-06-30,17:40:00,1.6901,1.6901,1.6901,1.6901,250,0
2016-06-30,17:45:00,1.691,1.6975,1.691,1.6975,400,0
2016-06-30,17:50:00,1.6995,1.6995,1.6995,1.6995,250,0
2016-06-30,18:00:00,1.7,1.7,1.69,1.6901,339,0
2016-06-30,18:25:00,1.67,1.67,1.67,1.67,836,0
2016-06-30,18:30:00,1.73,1.73,1.73,1.73,200,0
2016-06-30,18:40:00,1.6601,1.6601,1.6601,1.6601,300,0
2016-06-30,19:10:00,1.66,1.6601,1.66,1.6601,625,0
2016-06-30,19:15:00,1.71,1.73,1.71,1.73,2098,0
2016-06-30,19:20:00,1.6701,1.6701,1.66,1.66,1600,0
2016-06-30,19:25:00,1.6714,1.6714,1.6714,1.6714,480,0
2016-06-30,19:30:00,1.71,1.71,1.71,1.71,175,0
2016-06-30,20:20:00,1.6872,1.6874,1.67,1.6874,3800,0
2016-06-30,20:30:00,1.67,1.67,1.63,1.6699,12438,0
2016-06-30,20:45:00,1.63,1.64,1.63,1.6301,1000,0
2016-06-30,21:05:00,1.6999,1.6999,1.6999,1.6999,220,0
2016-06-30,21:10:00,1.64,1.64,1.64,1.64,249,0
2016-06-30,21:15:00,1.64,1.643,1.63,1.6335,1700,0
2016-06-30,21:30:00,1.6501,1.6501,1.65,1.65,390,0
2016-06-30,21:50:00,1.67,1.67,1.67,1.67,1500,0
2016-06-30,21:55:00,1.66,1.7,1.66,1.6999,8473,0
2016-06-30,22:00:00,1.6999,1.71,1.6401,1.71,5712,0
2016-07-01,15:35:00,1.7,1.7,1.7,1.7,1728,0
2016-07-01,15:40:00,1.71,1.71,1.7,1.7,1005,0
2016-07-01,15:45:00,1.6258,1.6258,1.6258,1.6258,384,0
2016-07-01,15:50:00,1.636,1.64,1.636,1.64,1300,0
2016-07-01,15:55:00,1.64,1.65,1.64,1.64,1854,0
2016-07-01,16:00:00,1.64,1.64,1.64,1.64,400,0
2016-07-01,16:10:00,1.6501,1.6501,1.6501,1.6501,1000,0
2016-07-01,16:15:00,1.65,1.7,1.65,1.6501,12850,0
2016-07-01,16:25:00,1.655,1.655,1.655,1.655,2500,0
2016-07-01,16:35:00,1.6958,1.6984,1.67,1.67,650,0
2016-07-01,16:40:00,1.67,1.6976,1.67,1.6976,4000,0
2016-07-01,16:50:00,1.674,1.674,1.674,1.674,154,0
2016-07-01,17:20:00,1.65,1.65,1.64,1.64,906,0
2016-07-01,17:40:00,1.68,1.68,1.6703,1.6703,2200,0
2016-07-01,17:45:00,1.674,1.674,1.67,1.67,395,0
2016-07-01,17:55:00,1.67,1.67,1.67,1.67,200,0
2016-07-01,18:00:00,1.68,1.68,1.6799,1.6799,893,0
2016-07-01,18:05:00,1.69,1.69,1.66,1.66,1640,0
2016-07-01,18:10:00,1.6864,1.6864,1.6864,1.6864,4000,0
2016-07-01,18:25:00,1.67,1.67,1.67,1.67,150,0
2016-07-01,18:30:00,1.66,1.6705,1.66,1.66,975,0
2016-07-01,18:40:00,1.69,1.7,1.69,1.7,1400,0
2016-07-01,18:50:00,1.7033,1.7033,1.7033,1.7033,1117,0
2016-07-01,19:10:00,1.71,1.71,1.71,1.71,2200,0
2016-07-01,19:20:00,1.73,1.73,1.73,1.73,100,0
2016-07-01,19:25:00,1.7201,1.7201,1.7201,1.7201,1000,0
2016-07-01,19:30:00,1.72,1.72,1.72,1.72,2404,0
2016-07-01,19:35:00,1.71,1.71,1.71,1.71,128,0
2016-07-01,19:45:00,1.66,1.66,1.66,1.66,8213,0
2016-07-01,20:00:00,1.7299,1.7299,1.7299,1.7299,5650,0
2016-07-01,20:15:00,1.7299,1.7299,1.7299,1.7299,3000,0
2016-07-01,20:25:00,1.73,1.75,1.73,1.738,2976,0
2016-07-01,20:45:00,1.75,1.75,1.75,1.75,1250,0
2016-07-01,20:55:00,1.7672,1.7672,1.7672,1.7672,5000,0
2016-07-01,21:00:00,1.78,1.8499,1.78,1.8299,30137,0
2016-07-01,21:10:00,1.7401,1.7401,1.74,1.7401,4175,0
2016-07-01,21:15:00,1.75,1.75,1.68,1.7416,7900,0
2016-07-01,21:20:00,1.69,1.69,1.68,1.68,600,0
2016-07-01,21:30:00,1.69,1.7,1.69,1.7,900,0
2016-07-01,21:40:00,1.7201,1.79,1.7201,1.73,2200,0
2016-07-01,21:45:00,1.75,1.85,1.75,1.7938,8981,0
2016-07-01,21:55:00,1.84,1.85,1.8178,1.8499,5406,0
2016-07-01,22:00:00,1.85,1.89,1.79,1.79,7130,0
