Date,Time,Open,High,Low,Close,Volume,OpenInt
2016-06-15,15:35:00,16.09,16.265,15.82,15.945,2828,0
2016-06-15,15:40:00,15.96,16.4299,15.96,16.24,8052,0
2016-06-15,15:45:00,16.31,16.41,16.14,16.15,3400,0
2016-06-15,15:50:00,16.2,16.2,16.03,16.03,1100,0
2016-06-15,15:55:00,16.01,16.04,15.99,16.01,1300,0
2016-06-15,16:00:00,15.97,15.97,15.97,15.97,200,0
2016-06-15,16:25:00,16.12,16.12,16.07,16.07,200,0
2016-06-15,16:30:00,16.06,16.07,16.03,16.05,1400,0
2016-06-15,16:35:00,16.06,16.15,16.03,16.03,2700,0
2016-06-15,16:40:00,16.06,16.15,16.045,16.08,2200,0
2016-06-15,16:45:00,16.08,16.1,16.025,16.0999,3429,0
2016-06-15,16:50:00,16.08,16.1,16.05,16.1,1100,0
2016-06-15,16:55:00,16.11,16.18,16.07,16.17,2400,0
2016-06-15,17:00:00,16.11,16.16,16.07,16.1599,1500,0
2016-06-15,17:05:00,16.16,16.2,16.12,16.2,1300,0
2016-06-15,17:10:00,16.24,16.39,16.19,16.32,1900,0
2016-06-15,17:15:00,16.28,16.32,16.27,16.32,1300,0
2016-06-15,17:20:00,16.3,16.32,16.23,16.25,1600,0
2016-06-15,17:25:00,16.26,16.37,16.24,16.35,2815,0
2016-06-15,17:30:00,16.31,16.31,16.17,16.24,1700,0
2016-06-15,17:35:00,16.24,16.24,16.16,16.2,1000,0
2016-06-15,17:40:00,16.18,16.33,16.18,16.27,2000,0
2016-06-15,17:45:00,16.24,16.31,16.22,16.29,4700,0
2016-06-15,17:50:00,16.29,16.33,16.2201,16.31,3700,0
2016-06-15,17:55:00,16.26,16.33,16.23,16.33,1900,0
2016-06-15,18:00:00,16.32,16.41,16.31,16.41,2500,0
2016-06-15,18:05:00,16.38,16.38,16.36,16.36,821,0
2016-06-15,18:10:00,16.4025,16.46,16.36,16.36,1100,0
2016-06-15,18:15:00,16.37,16.43,16.35,16.375,2189,0
2016-06-15,18:20:00,16.38,16.42,16.36,16.36,1100,0
2016-06-15,18:25:00,16.4,16.45,16.385,16.425,1937,0
2016-06-15,18:30:00,16.43,16.48,16.37,16.44,1200,0
2016-06-15,18:35:00,16.445,16.48,16.44,16.455,800,0
2016-06-15,18:40:00,16.45,16.51,16.41,16.48,2200,0
2016-06-15,18:45:00,16.53,16.55,16.42,16.46,1300,0
2016-06-15,18:50:00,16.44,16.51,16.44,16.49,1200,0
2016-06-15,18:55:00,16.45,16.48,16.445,16.475,900,0
2016-06-15,19:00:00,16.49,16.5,16.46,16.46,800,0
2016-06-15,19:05:00,16.46,16.56,16.46,16.52,1700,0
2016-06-15,19:10:00,16.49,16.5,16.46,16.48,900,0
2016-06-15,19:15:00,16.47,16.54,16.47,16.52,700,0
2016-06-15,19:20:00,16.51,16.52,16.42,16.42,1600,0
2016-06-15,19:25:00,16.43,16.54,16.43,16.53,3958,0
2016-06-15,19:30:00,16.48,16.57,16.48,16.48,1100,0
2016-06-15,19:35:00,16.49,16.54,16.47,16.54,700,0
2016-06-15,19:40:00,16.47,16.51,16.45,16.48,1600,0
2016-06-15,19:45:00,16.51,16.58,16.46,16.4801,3300,0
2016-06-15,19:50:00,16.5,16.58,16.49,16.49,2100,0
2016-06-15,19:55:00,16.52,16.52,16.47,16.47,900,0
2016-06-15,20:00:00,16.44,16.53,16.43,16.53,3406,0
2016-06-15,20:05:00,16.5,16.59,16.46,16.545,2100,0
2016-06-15,20:10:00,16.58,16.58,16.44,16.44,2200,0
2016-06-15,20:15:00,16.41,16.43,16.37,16.42,2342,0
2016-06-15,20:20:00,16.43,16.43,16.43,16.43,200,0
2016-06-15,20:25:00,16.4,16.46,16.33,16.42,3700,0
2016-06-15,20:30:00,16.42,16.42,16.38,16.39,1400,0
2016-06-15,20:35:00,16.34,16.41,16.31,16.39,1800,0
2016-06-15,20:40:00,16.39,16.41,16.375,16.4,800,0
2016-06-15,20:45:00,16.4,16.5,16.4,16.46,1700,0
2016-06-15,20:50:00,16.45,16.56,16.45,16.46,1400,0
2016-06-15,20:55:00,16.47,16.54,16.4,16.45,3800,0
2016-06-15,21:00:00,16.42,16.48,16.39,16.46,2900,0
2016-06-15,21:05:00,16.48,16.53,16.46,16.48,2400,0
2016-06-15,21:10:00,16.51,16.525,16.5,16.51,1400,0
2016-06-15,21:15:00,16.49,16.51,16.48,16.51,1512,0
2016-06-15,21:20:00,16.51,16.51,16.47,16.5,5730,0
2016-06-15,21:25:00,16.52,16.53,16.49,16.49,2900,0
2016-06-15,21:30:00,16.48,16.52,16.47,16.49,3400,0
2016-06-15,21:35:00,16.5,16.51,16.49,16.51,1100,0
2016-06-15,21:40:00,16.49,16.4997,16.41,16.42,10249,0
2016-06-15,21:45:00,16.42,16.44,16.37,16.37,6052,0
2016-06-15,21:50:00,16.374,16.43,16.37,16.4,5821,0
2016-06-15,21:55:00,16.41,16.49,16.4,16.42,15456,0
2016-06-15,22:00:00,16.43,16.48,16.41,16.44,24843,0
2016-06-16,15:35:00,16.25,16.25,16.08,16.08,1635,0
2016-06-16,15:40:00,16.09,16.1,15.85,16.04,3660,0
2016-06-16,15:45:00,15.95,15.96,15.9,15.96,3000,0
2016-06-16,15:50:00,15.9,15.96,15.9,15.94,700,0
2016-06-16,15:55:00,15.98,15.98,15.94,15.94,600,0
2016-06-16,16:00:00,15.9,15.98,15.86,15.98,3300,0
2016-06-16,16:05:00,16.01,16.01,15.92,15.94,2328,0
2016-06-16,16:10:00,15.995,16.05,15.98,16.05,1000,0
2016-06-16,16:15:00,16,16.04,15.99,16.005,2100,0
2016-06-16,16:20:00,16.01,16.06,15.95,16.06,2200,0
2016-06-16,16:25:00,15.96,15.96,15.96,15.96,100,0
2016-06-16,16:30:00,15.91,16.01,15.9,16,1800,0
2016-06-16,16:40:00,15.91,15.92,15.835,15.85,4600,0
2016-06-16,16:45:00,15.85,15.88,15.84,15.88,1300,0
2016-06-16,16:50:00,15.88,15.88,15.86,15.88,600,0
2016-06-16,16:55:00,15.86,16.01,15.84,15.88,3941,0
2016-06-16,17:00:00,15.91,15.95,15.91,15.95,1000,0
2016-06-16,17:05:00,15.94,15.94,15.9,15.9,500,0
2016-06-16,17:10:00,15.895,15.92,15.87,15.92,900,0
2016-06-16,17:15:00,15.93,15.96,15.93,15.935,500,0
2016-06-16,17:20:00,15.93,15.95,15.93,15.95,200,0
2016-06-16,17:25:00,15.95,15.96,15.94,15.94,300,0
2016-06-16,17:30:00,15.98,16.01,15.98,15.99,2300,0
2016-06-16,17:35:00,16,16,15.9,15.93,700,0
2016-06-16,17:40:00,15.88,15.89,15.88,15.89,300,0
2016-06-16,17:45:00,15.8701,15.8701,15.8,15.8,1900,0
2016-06-16,17:50:00,15.79,15.81,15.79,15.8,800,0
2016-06-16,17:55:00,15.79,15.79,15.75,15.75,300,0
2016-06-16,18:00:00,15.75,15.75,15.735,15.735,260,0
2016-06-16,18:05:00,15.74,15.76,15.72,15.74,1000,0
2016-06-16,18:10:00,15.75,15.78,15.75,15.78,1000,0
2016-06-16,18:15:00,15.79,15.79,15.77,15.77,400,0
2016-06-16,18:20:00,15.79,15.81,15.76,15.81,1200,0
2016-06-16,18:25:00,15.83,15.84,15.8,15.8,300,0
2016-06-16,18:30:00,15.83,15.86,15.75,15.75,1300,0
2016-06-16,18:35:00,15.76,15.76,15.76,15.76,100,0
2016-06-16,18:40:00,15.78,15.88,15.78,15.88,1900,0
2016-06-16,18:45:00,15.86,15.86,15.86,15.86,300,0
2016-06-16,18:50:00,15.85,15.85,15.84,15.84,200,0
2016-06-16,18:55:00,15.86,15.88,15.86,15.88,200,0
2016-06-16,19:00:00,15.91,15.91,15.91,15.91,100,0
2016-06-16,19:05:00,15.96,15.99,15.95,15.99,1000,0
2016-06-16,19:10:00,15.95,15.97,15.95,15.97,300,0
2016-06-16,19:15:00,15.975,15.99,15.96,15.96,300,0
2016-06-16,19:25:00,15.99,16,15.99,16,400,0
2016-06-16,19:30:00,16,16,15.94,15.95,1200,0
2016-06-16,19:35:00,15.98,15.98,15.95,15.97,500,0
2016-06-16,19:40:00,15.92,15.93,15.92,15.93,200,0
2016-06-16,19:45:00,15.89,15.89,15.89,15.89,100,0
2016-06-16,19:50:00,15.87,15.87,15.86,15.86,300,0
2016-06-16,19:55:00,15.86,15.88,15.86,15.86,1000,0
2016-06-16,20:00:00,15.87,15.87,15.79,15.79,700,0
2016-06-16,20:05:00,15.88,15.94,15.88,15.93,500,0
2016-06-16,20:10:00,15.92,15.92,15.86,15.86,500,0
2016-06-16,20:15:00,15.92,15.94,15.9,15.94,300,0
2016-06-16,20:20:00,15.99,16,15.99,16,400,0
2016-06-16,20:25:00,16,16.01,15.99,15.995,600,0
2016-06-16,20:30:00,16,16,15.9,15.9,600,0
2016-06-16,20:35:00,15.9,15.91,15.9,15.91,200,0
2016-06-16,20:40:00,15.9,15.9,15.9,15.9,100,0
2016-06-16,20:45:00,15.88,15.935,15.87,15.935,1500,0
2016-06-16,20:50:00,15.9451,15.9451,15.9451,15.9451,300,0
2016-06-16,20:55:00,15.9,15.99,15.9,15.98,800,0
2016-06-16,21:00:00,15.98,15.98,15.93,15.95,2008,0
2016-06-16,21:05:00,15.96,16,15.93,15.93,1200,0
2016-06-16,21:10:00,15.92,15.92,15.92,15.92,100,0
2016-06-16,21:15:00,15.98,15.98,15.91,15.91,1363,0
2016-06-16,21:20:00,15.93,15.96,15.93,15.93,2420,0
2016-06-16,21:25:00,15.94,15.97,15.94,15.97,1000,0
2016-06-16,21:30:00,15.97,16.0001,15.95,15.985,1900,0
2016-06-16,21:35:00,16,16.01,15.99,15.99,4700,0
2016-06-16,21:40:00,15.98,15.985,15.97,15.985,700,0
2016-06-16,21:45:00,15.96,15.96,15.915,15.96,1500,0
2016-06-16,21:50:00,15.98,16,15.93,16,2920,0
2016-06-16,21:55:00,15.98,15.985,15.95,15.97,3300,0
2016-06-16,22:00:00,15.99,16.01,15.96,16.01,22266,0
2016-06-17,15:35:00,16.07,16.07,15.94,15.94,54866,0
2016-06-17,15:40:00,15.93,15.93,15.8,15.8,700,0
2016-06-17,15:45:00,15.9316,15.9316,15.9316,15.9316,863,0
2016-06-17,15:50:00,15.87,15.87,15.76,15.785,1500,0
2016-06-17,15:55:00,15.8,15.83,15.75,15.75,1930,0
2016-06-17,16:00:00,15.73,15.73,15.7,15.7,300,0
2016-06-17,16:05:00,15.7,15.744,15.7,15.72,480,0
2016-06-17,16:10:00,15.7,15.7,15.58,15.58,2250,0
2016-06-17,16:15:00,15.605,15.65,15.56,15.56,2000,0
2016-06-17,16:20:00,15.57,15.68,15.55,15.68,22800,0
2016-06-17,16:25:00,15.6,15.6,15.57,15.58,400,0
2016-06-17,16:30:00,15.51,15.555,15.5,15.52,2817,0
2016-06-17,16:35:00,15.5,15.59,15.48,15.57,2965,0
2016-06-17,16:40:00,15.51,15.6,15.44,15.5992,2100,0
2016-06-17,16:45:00,15.635,15.635,15.635,15.635,100,0
2016-06-17,16:50:00,15.64,15.6978,15.64,15.64,1000,0
2016-06-17,16:55:00,15.64,15.65,15.58,15.58,1500,0
2016-06-17,17:00:00,15.56,15.56,15.56,15.56,200,0
2016-06-17,17:05:00,15.52,15.53,15.45,15.48,3730,0
2016-06-17,17:10:00,15.49,15.6,15.49,15.52,1200,0
2016-06-17,17:15:00,15.52,15.55,15.45,15.49,3830,0
2016-06-17,17:20:00,15.46,15.59,15.45,15.59,1822,0
2016-06-17,17:25:00,15.59,15.605,15.59,15.605,300,0
2016-06-17,17:30:00,15.56,15.56,15.5,15.5,1700,0
2016-06-17,17:35:00,15.47,15.5259,15.45,15.45,1800,0
2016-06-17,17:40:00,15.45,15.5,15.34,15.5,7122,0
2016-06-17,17:45:00,15.49,15.51,15.48,15.51,400,0
2016-06-17,17:50:00,15.525,15.57,15.525,15.57,1100,0
2016-06-17,17:55:00,15.57,15.58,15.57,15.58,300,0
2016-06-17,18:00:00,15.56,15.56,15.45,15.45,18699,0
2016-06-17,18:05:00,15.45,15.54,15.45,15.5,800,0
2016-06-17,18:10:00,15.54,15.545,15.51,15.545,400,0
2016-06-17,18:20:00,15.56,15.56,15.5,15.5,600,0
2016-06-17,18:30:00,15.49,15.51,15.48,15.48,600,0
2016-06-17,18:35:00,15.52,15.52,15.45,15.45,775,0
2016-06-17,18:40:00,15.45,15.52,15.45,15.52,600,0
2016-06-17,18:50:00,15.53,15.535,15.49,15.49,2072,0
2016-06-17,18:55:00,15.49,15.53,15.43,15.43,1940,0
2016-06-17,19:00:00,15.42,15.45,15.41,15.41,1100,0
2016-06-17,19:05:00,15.41,15.446,15.4,15.4,590,0
2016-06-17,19:10:00,15.4,15.46,15.395,15.46,700,0
2016-06-17,19:15:00,15.46,15.46,15.42,15.42,500,0
2016-06-17,19:20:00,15.4,15.44,15.3875,15.44,800,0
2016-06-17,19:25:00,15.41,15.41,15.39,15.39,700,0
2016-06-17,19:30:00,15.4,15.46,15.39,15.42,1500,0
2016-06-17,19:35:00,15.42,15.43,15.42,15.42,300,0
2016-06-17,19:40:00,15.4,15.43,15.4,15.41,500,0
2016-06-17,19:45:00,15.44,15.45,15.42,15.42,800,0
2016-06-17,19:50:00,15.4,15.4,15.38,15.38,700,0
2016-06-17,19:55:00,15.37,15.39,15.37,15.37,600,0
2016-06-17,20:00:00,15.37,15.37,15.33,15.35,800,0
2016-06-17,20:05:00,15.355,15.4,15.355,15.4,1200,0
2016-06-17,20:10:00,15.38,15.38,15.36,15.36,700,0
2016-06-17,20:15:00,15.37,15.39,15.37,15.39,400,0
2016-06-17,20:20:00,15.42,15.4625,15.42,15.45,1600,0
2016-06-17,20:25:00,15.44,15.53,15.44,15.485,600,0
2016-06-17,20:30:00,15.5,15.5,15.455,15.455,400,0
2016-06-17,20:35:00,15.48,15.5599,15.47,15.47,1800,0
2016-06-17,20:40:00,15.465,15.47,15.43,15.45,1700,0
2016-06-17,20:45:00,15.445,15.46,15.43,15.46,1800,0
2016-06-17,20:50:00,15.51,15.54,15.44,15.44,3100,0
2016-06-17,20:55:00,15.45,15.49,15.44,15.4608,2200,0
2016-06-17,21:00:00,15.42,15.55,15.4,15.495,4255,0
2016-06-17,21:05:00,15.48,15.5,15.45,15.46,1800,0
2016-06-17,21:10:00,15.48,15.5,15.46,15.48,7100,0
2016-06-17,21:15:00,15.46,15.51,15.46,15.51,2500,0
2016-06-17,21:20:00,15.51,15.54,15.5,15.54,4203,0
2016-06-17,21:25:00,15.54,15.56,15.5,15.56,2091,0
2016-06-17,21:30:00,15.52,15.56,15.52,15.56,4400,0
2016-06-17,21:35:00,15.535,15.56,15.52,15.56,6092,0
2016-06-17,21:40:00,15.56,15.57,15.52,15.56,10327,0
2016-06-17,21:45:00,15.53,15.56,15.52,15.56,5912,0
2016-06-17,21:50:00,15.545,15.56,15.53,15.5501,5889,0
2016-06-17,21:55:00,15.56,15.56,15.51,15.545,11864,0
2016-06-17,22:00:00,15.54,15.56,15.53,15.53,17718,0
2016-06-20,15:35:00,15.92,16.49,15.81,15.81,3718,0
2016-06-20,15:40:00,15.8975,15.96,15.57,15.57,2382,0
2016-06-20,15:45:00,15.52,15.6,15.44,15.54,3853,0
2016-06-20,15:50:00,15.65,15.65,15.39,15.46,1300,0
2016-06-20,15:55:00,15.45,15.46,15.39,15.39,600,0
2016-06-20,16:00:00,15.45,15.5371,15.45,15.5,800,0
2016-06-20,16:05:00,15.5,15.6,15.5,15.58,900,0
2016-06-20,16:10:00,15.66,15.71,15.6,15.68,1900,0
2016-06-20,16:15:00,15.7,15.76,15.7,15.72,1100,0
2016-06-20,16:20:00,15.76,15.8,15.74,15.79,1500,0
2016-06-20,16:25:00,15.8,15.87,15.79,15.87,800,0
2016-06-20,16:30:00,15.92,15.92,15.87,15.91,1600,0
2016-06-20,16:35:00,15.91,16,15.9,15.93,1150,0
2016-06-20,16:40:00,15.92,15.9299,15.88,15.9299,965,0
2016-06-20,16:45:00,15.88,15.94,15.88,15.93,900,0
2016-06-20,16:50:00,15.94,15.94,15.84,15.84,500,0
2016-06-20,16:55:00,15.85,15.92,15.85,15.89,900,0
2016-06-20,17:00:00,15.95,15.96,15.88,15.88,700,0
2016-06-20,17:05:00,15.86,15.93,15.86,15.91,1000,0
2016-06-20,17:10:00,15.9,15.92,15.9,15.91,1054,0
2016-06-20,17:15:00,15.9,15.91,15.88,15.88,400,0
2016-06-20,17:20:00,15.89,15.89,15.89,15.89,100,0
2016-06-20,17:25:00,15.86,15.905,15.84,15.905,600,0
2016-06-20,17:30:00,15.89,15.89,15.87,15.87,300,0
2016-06-20,17:35:00,15.81,15.86,15.71,15.73,2517,0
2016-06-20,17:40:00,15.78,15.85,15.75,15.7853,1317,0
2016-06-20,17:45:00,15.76,15.78,15.71,15.71,800,0
2016-06-20,17:50:00,15.76,15.78,15.73,15.73,800,0
2016-06-20,17:55:00,15.72,15.77,15.7,15.7,1737,0
2016-06-20,18:00:00,15.7,15.79,15.7,15.76,800,0
2016-06-20,18:05:00,15.77,15.79,15.71,15.78,900,0
2016-06-20,18:10:00,15.84,15.91,15.82,15.87,8600,0
2016-06-20,18:15:00,15.85,15.86,15.78,15.86,717,0
2016-06-20,18:20:00,15.84,15.85,15.75,15.75,1300,0
2016-06-20,18:25:00,15.73,15.8,15.73,15.77,600,0
2016-06-20,18:30:00,15.78,15.86,15.77,15.79,800,0
2016-06-20,18:35:00,15.7901,15.7901,15.79,15.79,600,0
2016-06-20,18:40:00,15.78,15.86,15.78,15.84,1100,0
2016-06-20,18:45:00,15.85,15.88,15.85,15.87,500,0
2016-06-20,18:50:00,15.86,15.89,15.85,15.85,1400,0
2016-06-20,18:55:00,15.9275,15.935,15.89,15.92,1000,0
2016-06-20,19:00:00,15.9599,15.9599,15.84,15.84,3400,0
2016-06-20,19:05:00,15.83,15.88,15.83,15.87,2889,0
2016-06-20,19:10:00,15.85,15.905,15.85,15.9,1100,0
2016-06-20,19:15:00,15.9,15.9,15.9,15.9,300,0
2016-06-20,19:20:00,15.85,15.86,15.85,15.86,300,0
2016-06-20,19:25:00,15.84,15.91,15.84,15.8801,400,0
2016-06-20,19:30:00,15.9,15.91,15.84,15.84,700,0
2016-06-20,19:35:00,15.85,15.85,15.85,15.85,200,0
2016-06-20,19:40:00,15.84,15.84,15.84,15.84,100,0
2016-06-20,19:45:00,15.87,15.89,15.85,15.85,1100,0
2016-06-20,19:50:00,15.85,15.85,15.82,15.83,1000,0
2016-06-20,19:55:00,15.82,15.82,15.81,15.81,300,0
2016-06-20,20:00:00,15.81,15.87,15.81,15.84,1800,0
2016-06-20,20:05:00,15.82,15.82,15.8,15.82,600,0
2016-06-20,20:10:00,15.81,15.81,15.76,15.76,1600,0
2016-06-20,20:15:00,15.76,15.81,15.67,15.67,2389,0
2016-06-20,20:20:00,15.6585,15.69,15.65,15.69,1100,0
2016-06-20,20:25:00,15.74,15.74,15.73,15.74,400,0
2016-06-20,20:30:00,15.71,15.72,15.71,15.72,800,0
2016-06-20,20:35:00,15.74,15.74,15.74,15.74,100,0
2016-06-20,20:40:00,15.76,15.76,15.68,15.7,1100,0
2016-06-20,20:45:00,15.71,15.73,15.71,15.73,500,0
2016-06-20,20:50:00,15.71,15.71,15.71,15.71,100,0
2016-06-20,20:55:00,15.74,15.76,15.74,15.74,900,0
2016-06-20,21:00:00,15.76,15.78,15.76,15.76,700,0
2016-06-20,21:05:00,15.73,15.73,15.73,15.73,100,0
2016-06-20,21:10:00,15.76,15.76,15.74,15.74,400,0
2016-06-20,21:20:00,15.7,15.7,15.62,15.64,1600,0
2016-06-20,21:25:00,15.69,15.74,15.67,15.74,1300,0
2016-06-20,21:30:00,15.71,15.71,15.63,15.63,600,0
2016-06-20,21:35:00,15.66,15.67,15.66,15.67,200,0
2016-06-20,21:40:00,15.635,15.66,15.63,15.65,1900,0
2016-06-20,21:45:00,15.63,15.67,15.6,15.655,2100,0
2016-06-20,21:50:00,15.68,15.71,15.65,15.66,5100,0
2016-06-20,21:55:00,15.67,15.68,15.65,15.65,4169,0
2016-06-20,22:00:00,15.645,15.65,15.62,15.63,21610,0
2016-06-21,15:35:00,15.81,15.81,15.81,15.81,1718,0
2016-06-21,15:40:00,15.63,15.63,15.47,15.47,400,0
2016-06-21,15:45:00,15.4,15.4,15.4,15.4,749,0
2016-06-21,15:50:00,15.31,15.35,15.24,15.35,550,0
2016-06-21,15:55:00,15.41,15.41,15.23,15.24,1893,0
2016-06-21,16:00:00,15.32,15.32,15.24,15.28,400,0
2016-06-21,16:05:00,15.19,15.2,15.04,15.11,2049,0
2016-06-21,16:10:00,15.129,15.16,15.129,15.13,1103,0
2016-06-21,16:15:00,15.147,15.29,15.147,15.25,700,0
2016-06-21,16:20:00,15.27,15.27,15.16,15.25,1600,0
2016-06-21,16:25:00,15.17,15.19,15.14,15.18,5900,0
2016-06-21,16:30:00,15.2,15.23,15.08,15.08,2564,0
2016-06-21,16:35:00,15.12,15.12,15.03,15.06,2410,0
2016-06-21,16:40:00,15.07,15.07,15,15.01,2150,0
2016-06-21,16:45:00,15.06,15.06,14.97,14.97,1845,0
2016-06-21,16:50:00,14.99,14.99,14.92,14.92,1952,0
2016-06-21,16:55:00,14.91,14.94,14.87,14.94,1900,0
2016-06-21,17:00:00,14.95,15.01,14.93,14.99,3743,0
2016-06-21,17:05:00,14.9877,15.02,14.95,15.01,4100,0
2016-06-21,17:10:00,15.01,15.03,15.01,15.02,500,0
2016-06-21,17:15:00,15.0368,15.04,15.03,15.03,1500,0
2016-06-21,17:25:00,15.05,15.05,14.94,14.94,700,0
2016-06-21,17:30:00,14.96,14.97,14.93,14.93,1862,0
2016-06-21,17:35:00,14.93,14.98,14.89,14.94,3357,0
2016-06-21,17:40:00,14.95,14.965,14.92,14.935,1054,0
2016-06-21,17:45:00,14.95,15,14.95,14.99,800,0
2016-06-21,17:50:00,15.01,15.02,14.97,15.02,1200,0
2016-06-21,17:55:00,15,15,14.91,14.94,1700,0
2016-06-21,18:00:00,14.94,15.05,14.94,15.05,900,0
2016-06-21,18:05:00,15.04,15.04,14.96,14.99,1200,0
2016-06-21,18:10:00,14.95,14.98,14.95,14.97,600,0
2016-06-21,18:15:00,14.94,14.97,14.94,14.95,500,0
2016-06-21,18:20:00,14.98,15.02,14.96,15.02,2100,0
2016-06-21,18:25:00,15.02,15.02,15.02,15.02,100,0
2016-06-21,18:30:00,15.02,15.03,15,15.03,15200,0
2016-06-21,18:35:00,15.04,15.05,15.04,15.05,2500,0
2016-06-21,18:40:00,15.05,15.06,15.05,15.06,600,0
2016-06-21,18:45:00,15.075,15.12,15.075,15.12,2000,0
2016-06-21,18:50:00,15.15,15.15,15.12,15.12,400,0
2016-06-21,18:55:00,15.11,15.115,15.08,15.1,1600,0
2016-06-21,19:05:00,15.13,15.1496,15.13,15.1496,350,0
2016-06-21,19:10:00,15.12,15.27,15.12,15.22,2255,0
2016-06-21,19:15:00,15.21,15.25,15.18,15.25,700,0
2016-06-21,19:20:00,15.25,15.31,15.25,15.31,1200,0
2016-06-21,19:25:00,15.28,15.28,15.23,15.23,300,0
2016-06-21,19:30:00,15.23,15.24,15.23,15.24,200,0
2016-06-21,19:35:00,15.25,15.25,15.22,15.22,500,0
2016-06-21,19:40:00,15.19,15.19,15.14,15.15,1800,0
2016-06-21,19:50:00,15.1684,15.18,15.1684,15.175,500,0
2016-06-21,19:55:00,15.18,15.19,15.16,15.17,1400,0
2016-06-21,20:00:00,15.15,15.15,15.04,15.12,2250,0
2016-06-21,20:05:00,15.12,15.12,15.1,15.1,300,0
2016-06-21,20:10:00,15.115,15.15,15.06,15.15,9400,0
2016-06-21,20:15:00,15.17,15.17,15.15,15.16,726,0
2016-06-21,20:20:00,15.16,15.24,15.16,15.195,1600,0
2016-06-21,20:25:00,15.2,15.25,15.2,15.23,1200,0
2016-06-21,20:30:00,15.23,15.25,15.23,15.25,500,0
2016-06-21,20:35:00,15.25,15.3,15.21,15.23,2715,0
2016-06-21,20:40:00,15.26,15.39,15.255,15.39,2031,0
2016-06-21,20:45:00,15.3239,15.37,15.26,15.27,1325,0
2016-06-21,20:50:00,15.3,15.37,15.29,15.37,1213,0
2016-06-21,20:55:00,15.36,15.37,15.32,15.32,600,0
2016-06-21,21:00:00,15.34,15.36,15.31,15.34,1604,0
2016-06-21,21:05:00,15.37,15.4,15.35,15.375,1500,0
2016-06-21,21:10:00,15.39,15.4,15.31,15.36,1800,0
2016-06-21,21:15:00,15.35,15.4,15.35,15.3899,2400,0
2016-06-21,21:20:00,15.39,15.47,15.385,15.42,4300,0
2016-06-21,21:25:00,15.46,15.53,15.39,15.52,15100,0
2016-06-21,21:30:00,15.53,15.56,15.52,15.56,1300,0
2016-06-21,21:35:00,15.56,15.6,15.52,15.57,4411,0
2016-06-21,21:40:00,15.57,15.62,15.56,15.62,2024,0
2016-06-21,21:45:00,15.64,15.64,15.56,15.62,4508,0
2016-06-21,21:50:00,15.62,15.68,15.61,15.68,9573,0
2016-06-21,21:55:00,15.67,15.76,15.64,15.71,18067,0
2016-06-21,22:00:00,15.69,15.73,15.685,15.69,30980,0
2016-06-22,15:35:00,15.7,15.954,15.698,15.954,2142,0
2016-06-22,15:40:00,15.69,15.81,15.41,15.79,10557,0
2016-06-22,15:45:00,15.78,15.78,15.655,15.655,600,0
2016-06-22,15:50:00,15.56,15.72,15.54,15.72,505,0
2016-06-22,15:55:00,15.65,15.65,15.45,15.55,2055,0
2016-06-22,16:00:00,15.59,15.64,15.55,15.55,1000,0
2016-06-22,16:05:00,15.57,15.67,15.49,15.59,1400,0
2016-06-22,16:10:00,15.57,15.585,15.53,15.55,1500,0
2016-06-22,16:15:00,15.54,15.61,15.52,15.6,2200,0
2016-06-22,16:20:00,15.63,15.63,15.54,15.61,3400,0
2016-06-22,16:25:00,15.65,15.65,15.63,15.63,400,0
2016-06-22,16:30:00,15.64,15.7,15.56,15.585,1000,0
2016-06-22,16:35:00,15.58,16.19,15.56,16.11,4469,0
2016-06-22,16:40:00,16.2,16.42,16.11,16.18,4150,0
2016-06-22,16:45:00,16,16.31,15.94,16.31,700,0
2016-06-22,16:50:00,16.215,16.45,16.165,16.45,3300,0
2016-06-22,16:55:00,16.49,16.57,16.42,16.48,2039,0
2016-06-22,17:00:00,16.43,16.47,16.3,16.34,2400,0
2016-06-22,17:05:00,16.37,16.62,16.37,16.62,700,0
2016-06-22,17:10:00,16.55,16.57,16.44,16.57,5300,0
2016-06-22,17:15:00,16.48,16.59,16.43,16.44,3300,0
2016-06-22,17:20:00,16.46,16.51,16.36,16.37,4400,0
2016-06-22,17:25:00,16.41,16.575,16.395,16.445,2400,0
2016-06-22,17:30:00,16.24,16.24,16.24,16.24,100,0
2016-06-22,17:35:00,16.21,16.21,16.13,16.15,2700,0
2016-06-22,17:40:00,16.17,16.22,16.14,16.14,1400,0
2016-06-22,17:45:00,16.16,16.16,16.09,16.11,1200,0
2016-06-22,17:50:00,16.155,16.155,16.155,16.155,100,0
2016-06-22,17:55:00,16.15,16.15,16.08,16.11,800,0
2016-06-22,18:00:00,16.11,16.27,16.085,16.27,2000,0
2016-06-22,18:05:00,16.19,16.19,16.15,16.15,600,0
2016-06-22,18:10:00,16.12,16.12,15.98,15.98,1200,0
2016-06-22,18:15:00,15.99,16.08,15.99,16.02,1500,0
2016-06-22,18:20:00,16.02,16.03,15.97,16.005,1600,0
2016-06-22,18:25:00,16.03,16.03,15.9,15.9,1134,0
2016-06-22,18:30:00,15.83,15.96,15.8101,15.96,1975,0
2016-06-22,18:35:00,15.94,16.13,15.94,16.09,3142,0
2016-06-22,18:40:00,16.09,16.09,15.93,15.98,4947,0
2016-06-22,18:45:00,15.965,15.99,15.91,15.96,2300,0
2016-06-22,18:50:00,15.93,15.93,15.86,15.9,1700,0
2016-06-22,18:55:00,15.925,15.925,15.9,15.92,400,0
2016-06-22,19:00:00,15.92,16.005,15.92,15.99,3200,0
2016-06-22,19:05:00,15.98,15.98,15.94,15.95,700,0
2016-06-22,19:10:00,15.91,15.91,15.87,15.87,400,0
2016-06-22,19:15:00,15.83,15.89,15.83,15.86,1300,0
2016-06-22,19:20:00,15.875,15.93,15.875,15.905,1600,0
2016-06-22,19:25:00,15.885,15.885,15.86,15.88,400,0
2016-06-22,19:30:00,15.84,15.86,15.81,15.83,2300,0
2016-06-22,19:35:00,15.88,15.94,15.8,15.93,5600,0
2016-06-22,19:40:00,15.96,16.03,15.96,16.03,500,0
2016-06-22,19:45:00,16.03,16.03,16,16.025,500,0
2016-06-22,19:50:00,15.99,16.04,15.99,16.015,1000,0
2016-06-22,19:55:00,16.04,16.06,16.04,16.04,1800,0
2016-06-22,20:00:00,16.04,16.05,16.03,16.05,1125,0
2016-06-22,20:05:00,16.045,16.07,16.02,16.07,1350,0
2016-06-22,20:10:00,16.03,16.03,15.97,15.97,1001,0
2016-06-22,20:15:00,15.9663,15.975,15.9663,15.975,300,0
2016-06-22,20:20:00,15.96,16.005,15.935,15.935,2700,0
2016-06-22,20:25:00,15.95,16.005,15.95,16.005,1400,0
2016-06-22,20:30:00,16,16,15.98,15.98,300,0
2016-06-22,20:35:00,15.97,15.98,15.95,15.98,400,0
2016-06-22,20:40:00,15.955,15.955,15.86,15.93,1600,0
2016-06-22,20:45:00,15.92,15.94,15.92,15.92,300,0
2016-06-22,20:50:00,15.92,15.93,15.87,15.91,3500,0
2016-06-22,20:55:00,15.94,15.94,15.935,15.94,600,0
2016-06-22,21:00:00,15.95,16,15.94,16,700,0
2016-06-22,21:05:00,16,16.02,15.98,16.02,400,0
2016-06-22,21:10:00,16.02,16.02,15.97,15.97,2100,0
2016-06-22,21:15:00,15.97,15.97,15.94,15.94,800,0
2016-06-22,21:20:00,15.9104,15.93,15.87,15.87,1400,0
2016-06-22,21:25:00,15.88,15.93,15.86,15.925,4600,0
2016-06-22,21:30:00,15.95,16,15.94,15.985,2500,0
2016-06-22,21:35:00,15.99,16.03,15.985,16.01,4010,0
2016-06-22,21:40:00,16,16.0201,15.995,16.0201,4200,0
2016-06-22,21:45:00,16.05,16.08,16.05,16.055,4100,0
2016-06-22,21:50:00,16.05,16.19,16.05,16.06,12700,0
2016-06-22,21:55:00,16.07,16.1,16.01,16.1,11561,0
2016-06-22,22:00:00,16.1,16.1,16,16.03,14418,0
2016-06-23,15:35:00,16.2,16.795,16.2,16.7699,1024,0
2016-06-23,15:40:00,16.06,16.1,15.52,15.87,3211,0
2016-06-23,15:45:00,15.94,16.18,15.94,16.13,1200,0
2016-06-23,15:50:00,16.09,16.09,15.88,15.91,1000,0
2016-06-23,15:55:00,15.95,16.14,15.93,16.14,2400,0
2016-06-23,16:00:00,16.05,16.13,15.99,16.08,3889,0
2016-06-23,16:05:00,16.11,16.25,16.11,16.25,800,0
2016-06-23,16:10:00,16.16,16.22,16.04,16.04,1200,0
2016-06-23,16:15:00,16.06,16.06,16.0075,16.05,1200,0
2016-06-23,16:20:00,15.99,16.09,15.99,16.07,1200,0
2016-06-23,16:25:00,15.99,16.09,15.99,16.09,300,0
2016-06-23,16:30:00,16.07,16.07,15.9863,16.01,1100,0
2016-06-23,16:35:00,16,16.02,15.9401,15.9401,400,0
2016-06-23,16:40:00,15.96,15.96,15.96,15.96,100,0
2016-06-23,16:45:00,15.92,15.98,15.82,15.82,1600,0
2016-06-23,16:50:00,15.84,15.87,15.819,15.83,1913,0
2016-06-23,16:55:00,15.81,15.89,15.81,15.89,1800,0
2016-06-23,17:00:00,15.94,15.94,15.88,15.93,1300,0
2016-06-23,17:10:00,15.96,15.97,15.82,15.9,1000,0
2016-06-23,17:15:00,15.84,15.84,15.72,15.72,1200,0
2016-06-23,17:20:00,15.78,15.92,15.72,15.86,3700,0
2016-06-23,17:25:00,15.86,15.87,15.86,15.87,400,0
2016-06-23,17:30:00,15.85,15.89,15.83,15.89,900,0
2016-06-23,17:35:00,15.89,15.93,15.87,15.92,1000,0
2016-06-23,17:40:00,15.94,15.97,15.87,15.87,700,0
2016-06-23,17:45:00,15.93,15.93,15.87,15.87,1000,0
2016-06-23,17:50:00,15.83,15.89,15.81,15.89,1900,0
2016-06-23,17:55:00,15.86,16,15.86,16,500,0
2016-06-23,18:00:00,15.91,15.94,15.84,15.84,500,0
2016-06-23,18:05:00,15.92,15.94,15.92,15.94,300,0
2016-06-23,18:10:00,15.92,16.06,15.92,16.06,900,0
2016-06-23,18:15:00,16.02,16.05,16,16.04,1000,0
2016-06-23,18:20:00,16.04,16.13,16.04,16.11,1000,0
2016-06-23,18:25:00,16.13,16.13,16.09,16.11,300,0
2016-06-23,18:30:00,16.08,16.09,16.05,16.05,900,0
2016-06-23,18:35:00,16.07,16.08,16.04,16.04,1100,0
2016-06-23,18:40:00,16.06,16.1,16.06,16.1,300,0
2016-06-23,18:45:00,16.08,16.12,16.04,16.04,1100,0
2016-06-23,18:50:00,16.04,16.04,16.01,16.01,700,0
2016-06-23,18:55:00,16.05,16.07,16.05,16.07,500,0
2016-06-23,19:00:00,16.07,16.08,16.07,16.08,600,0
2016-06-23,19:05:00,16.09,16.11,16.08,16.08,1400,0
2016-06-23,19:10:00,16.09,16.09,16.03,16.05,400,0
2016-06-23,19:15:00,16.05,16.07,15.97,15.97,1600,0
2016-06-23,19:20:00,16,16.01,15.985,16.01,700,0
2016-06-23,19:25:00,16.02,16.11,16.02,16.1,1800,0
2016-06-23,19:30:00,16.09,16.11,16.0412,16.0412,1000,0
2016-06-23,19:35:00,16.09,16.14,16.09,16.14,500,0
2016-06-23,19:40:00,16.14,16.14,16.13,16.14,600,0
2016-06-23,19:45:00,16.16,16.21,16.15,16.21,1100,0
2016-06-23,19:50:00,16.21,16.25,16.21,16.24,1600,0
2016-06-23,19:55:00,16.24,16.27,16.24,16.27,1600,0
2016-06-23,20:00:00,16.31,16.31,16.3,16.3,200,0
2016-06-23,20:05:00,16.27,16.28,16.19,16.19,2249,0
2016-06-23,20:10:00,16.19,16.23,16.19,16.23,1500,0
2016-06-23,20:15:00,16.25,16.27,16.23,16.25,1617,0
2016-06-23,20:20:00,16.25,16.26,16.25,16.26,200,0
2016-06-23,20:25:00,16.26,16.27,16.22,16.22,2200,0
2016-06-23,20:30:00,16.18,16.29,16.18,16.29,1702,0
2016-06-23,20:35:00,16.29,16.32,16.28,16.32,1100,0
2016-06-23,20:40:00,16.32,16.32,16.27,16.31,900,0
2016-06-23,20:45:00,16.31,16.31,16.24,16.25,800,0
2016-06-23,20:50:00,16.24,16.32,16.24,16.32,1700,0
2016-06-23,20:55:00,16.35,16.35,16.29,16.3,2000,0
2016-06-23,21:00:00,16.31,16.31,16.27,16.27,500,0
2016-06-23,21:05:00,16.28,16.29,16.22,16.24,3500,0
2016-06-23,21:10:00,16.215,16.215,16.19,16.21,1500,0
2016-06-23,21:15:00,16.23,16.285,16.23,16.285,1100,0
2016-06-23,21:20:00,16.28,16.29,16.23,16.29,2100,0
2016-06-23,21:25:00,16.25,16.27,16.25,16.25,700,0
2016-06-23,21:30:00,16.25,16.265,16.22,16.2508,4900,0
2016-06-23,21:35:00,16.26,16.4,16.2575,16.385,3100,0
2016-06-23,21:40:00,16.37,16.37,16.305,16.305,3000,0
2016-06-23,21:45:00,16.29,16.39,16.29,16.38,3380,0
2016-06-23,21:50:00,16.39,16.39,16.35,16.38,2634,0
2016-06-23,21:55:00,16.38,16.5,16.38,16.4423,5708,0
2016-06-23,22:00:00,16.45,16.48,16.42,16.47,7280,0
2016-06-24,15:35:00,15.56,16,15.56,16,2221,0
2016-06-24,15:40:00,15.475,16,15.475,15.92,1400,0
2016-06-24,15:45:00,15.86,15.89,15.76,15.76,2302,0
2016-06-24,15:50:00,15.81,15.94,15.74,15.83,1300,0
2016-06-24,15:55:00,15.77,15.77,15.57,15.61,1900,0
2016-06-24,16:00:00,15.62,15.86,15.6001,15.76,3900,0
2016-06-24,16:05:00,15.77,15.85,15.77,15.83,1000,0
2016-06-24,16:10:00,15.79,15.8,15.79,15.8,300,0
2016-06-24,16:15:00,15.765,15.84,15.76,15.79,1500,0
2016-06-24,16:20:00,15.75,15.8,15.6625,15.705,1800,0
2016-06-24,16:25:00,15.66,15.66,15.65,15.65,300,0
2016-06-24,16:30:00,15.54,15.59,15.44,15.59,1600,0
2016-06-24,16:35:00,15.57,15.57,15.3801,15.44,5900,0
2016-06-24,16:40:00,15.43,15.56,15.43,15.56,3205,0
2016-06-24,16:45:00,15.63,15.67,15.63,15.67,600,0
2016-06-24,16:50:00,15.68,15.7,15.62,15.62,1531,0
2016-06-24,16:55:00,15.63,15.64,15.56,15.58,900,0
2016-06-24,17:00:00,15.66,15.66,15.55,15.55,1000,0
2016-06-24,17:05:00,15.54,15.58,15.51,15.57,2000,0
2016-06-24,17:10:00,15.56,15.63,15.56,15.61,1800,0
2016-06-24,17:15:00,15.54,15.58,15.54,15.58,400,0
2016-06-24,17:20:00,15.545,15.57,15.51,15.51,1300,0
2016-06-24,17:25:00,15.51,15.51,15.42,15.42,900,0
2016-06-24,17:30:00,15.48,15.51,15.44,15.51,1240,0
2016-06-24,17:35:00,15.53,15.54,15.5,15.5,1300,0
2016-06-24,17:40:00,15.46,15.46,15.4,15.45,4300,0
2016-06-24,17:45:00,15.47,15.51,15.43,15.48,2462,0
2016-06-24,17:50:00,15.48,15.51,15.39,15.43,1800,0
2016-06-24,17:55:00,15.36,15.42,15.36,15.37,400,0
2016-06-24,18:00:00,15.4,15.46,15.34,15.41,1000,0
2016-06-24,18:05:00,15.41,15.43,15.37,15.39,900,0
2016-06-24,18:10:00,15.41,15.45,15.38,15.41,1700,0
2016-06-24,18:15:00,15.36,15.42,15.36,15.42,400,0
2016-06-24,18:20:00,15.41,15.42,15.4,15.42,400,0
2016-06-24,18:25:00,15.4,15.4,15.33,15.35,2550,0
2016-06-24,18:30:00,15.31,15.346,15.3,15.346,1150,0
2016-06-24,18:35:00,15.32,15.32,15.27,15.32,2350,0
2016-06-24,18:40:00,15.29,15.33,15.29,15.33,900,0
2016-06-24,18:45:00,15.31,15.34,15.29,15.29,800,0
2016-06-24,18:50:00,15.28,15.28,15.28,15.28,500,0
2016-06-24,18:55:00,15.25,15.2699,15.23,15.23,2017,0
2016-06-24,19:00:00,15.25,15.26,15.14,15.2,1900,0
2016-06-24,19:05:00,15.1716,15.23,15.1716,15.195,1250,0
2016-06-24,19:10:00,15.2,15.21,15.16,15.195,1000,0
2016-06-24,19:15:00,15.22,15.25,15.1928,15.25,700,0
2016-06-24,19:20:00,15.24,15.29,15.23,15.23,3500,0
2016-06-24,19:25:00,15.27,15.27,15.205,15.24,1800,0
2016-06-24,19:30:00,15.26,15.26,15.2303,15.24,700,0
2016-06-24,19:35:00,15.24,15.3,15.2,15.3,1300,0
2016-06-24,19:40:00,15.28,15.35,15.2401,15.2401,4008,0
2016-06-24,19:45:00,15.26,15.26,15.1625,15.1625,600,0
2016-06-24,19:50:00,15.1784,15.2,15.1784,15.19,700,0
2016-06-24,19:55:00,15.15,15.18,15.11,15.18,3400,0
2016-06-24,20:00:00,15.17,15.23,15.17,15.21,1000,0
2016-06-24,20:05:00,15.26,15.29,15.24,15.24,1300,0
2016-06-24,20:10:00,15.24,15.24,15.235,15.235,300,0
2016-06-24,20:15:00,15.24,15.24,15.19,15.2,1400,0
2016-06-24,20:20:00,15.23,15.23,15.17,15.17,2100,0
2016-06-24,20:25:00,15.16,15.16,15.07,15.09,2100,0
2016-06-24,20:30:00,15.07,15.13,15.07,15.13,3300,0
2016-06-24,20:35:00,15.14,15.14,15.1,15.11,2885,0
2016-06-24,20:40:00,15.115,15.121,15.07,15.0701,9368,0
2016-06-24,20:45:00,15.07,15.08,15.03,15.0508,4897,0
2016-06-24,20:50:00,15.05,15.12,15.04,15.12,1700,0
2016-06-24,20:55:00,15.11,15.19,15.11,15.18,1700,0
2016-06-24,21:00:00,15.17,15.33,15.17,15.32,2900,0
2016-06-24,21:05:00,15.28,15.3,15.24,15.26,6963,0
2016-06-24,21:10:00,15.26,15.31,15.25,15.31,2100,0
2016-06-24,21:15:00,15.3,15.39,15.27,15.39,1500,0
2016-06-24,21:20:00,15.39,15.4,15.27,15.37,1900,0
2016-06-24,21:25:00,15.33,15.38,15.33,15.33,3780,0
2016-06-24,21:30:00,15.4,15.4,15.35,15.37,2300,0
2016-06-24,21:35:00,15.41,15.42,15.375,15.42,2600,0
2016-06-24,21:40:00,15.42,15.46,15.33,15.345,3900,0
2016-06-24,21:45:00,15.33,15.4,15.33,15.36,6301,0
2016-06-24,21:50:00,15.35,15.38,15.3301,15.35,6792,0
2016-06-24,21:55:00,15.36,15.39,15.34,15.36,9900,0
2016-06-24,22:00:00,15.35,15.36,15.26,15.3,32375,0
2016-06-27,15:35:00,15.1,15.16,15.06,15.16,6043,0
2016-06-27,15:40:00,15.16,15.16,15.02,15.02,400,0
2016-06-27,15:45:00,15.03,15.065,14.91,14.96,2500,0
2016-06-27,15:50:00,14.86,15.01,14.86,14.9446,2100,0
2016-06-27,15:55:00,14.985,14.985,14.78,14.835,1175,0
2016-06-27,16:00:00,14.75,14.75,14.75,14.75,100,0
2016-06-27,16:05:00,14.815,14.815,14.77,14.79,1300,0
2016-06-27,16:10:00,14.7,14.74,14.575,14.575,11848,0
2016-06-27,16:15:00,14.6,14.6,14.51,14.57,1200,0
2016-06-27,16:20:00,14.56,14.66,14.51,14.52,4900,0
2016-06-27,16:25:00,14.52,14.59,14.39,14.39,5900,0
2016-06-27,16:30:00,14.435,14.53,14.32,14.47,2700,0
2016-06-27,16:35:00,14.42,14.63,14.36,14.55,6017,0
2016-06-27,16:40:00,14.62,14.86,14.48,14.81,6060,0
2016-06-27,16:45:00,14.845,15.16,14.78,15.005,6593,0
2016-06-27,16:50:00,15.02,15.06,14.6,14.6,2000,0
2016-06-27,16:55:00,14.54,14.7,14.51,14.52,2900,0
2016-06-27,17:00:00,14.58,14.6,14.51,14.545,1000,0
2016-06-27,17:05:00,14.47,14.47,14.31,14.31,1500,0
2016-06-27,17:10:00,14.36,14.45,14.26,14.33,3500,0
2016-06-27,17:15:00,14.33,14.33,14.24,14.29,2550,0
2016-06-27,17:20:00,14.26,14.26,14.16,14.16,1400,0
2016-06-27,17:25:00,14.22,14.25,14.2,14.23,1000,0
2016-06-27,17:30:00,14.26,14.33,14.21,14.29,3400,0
2016-06-27,17:35:00,14.36,14.36,14.29,14.32,600,0
2016-06-27,17:40:00,14.32,14.43,14.22,14.3,15759,0
2016-06-27,17:45:00,14.3,14.5,14.3,14.48,6500,0
2016-06-27,17:50:00,14.48,14.6,14.47,14.48,5850,0
2016-06-27,17:55:00,14.47,14.51,14.37,14.37,8500,0
2016-06-27,18:00:00,14.39,14.49,14.35,14.4,2281,0
2016-06-27,18:05:00,14.38,14.47,14.38,14.445,2970,0
2016-06-27,18:10:00,14.46,14.46,14.36,14.435,2100,0
2016-06-27,18:15:00,14.446,14.45,14.34,14.45,4500,0
2016-06-27,18:20:00,14.48,14.6,14.46,14.53,9800,0
2016-06-27,18:25:00,14.45,14.45,14.45,14.45,200,0
2016-06-27,18:30:00,14.45,14.5699,14.45,14.5699,1550,0
2016-06-27,18:35:00,14.57,14.64,14.57,14.64,300,0
2016-06-27,18:40:00,14.59,14.59,14.51,14.59,1400,0
2016-06-27,18:45:00,14.594,14.594,14.5,14.5499,905,0
2016-06-27,18:50:00,14.52,14.55,14.47,14.52,900,0
2016-06-27,18:55:00,14.61,14.62,14.45,14.52,2427,0
2016-06-27,19:00:00,14.57,14.64,14.53,14.64,1200,0
2016-06-27,19:05:00,14.63,14.65,14.6,14.6,3260,0
2016-06-27,19:15:00,14.62,14.62,14.55,14.61,1000,0
2016-06-27,19:20:00,14.63,14.66,14.58,14.58,1700,0
2016-06-27,19:25:00,14.59,14.59,14.56,14.57,400,0
2016-06-27,19:35:00,14.5438,14.5438,14.34,14.37,3942,0
2016-06-27,19:40:00,14.4,14.4,14.37,14.4,904,0
2016-06-27,19:45:00,14.39,14.39,14.37,14.37,200,0
2016-06-27,19:50:00,14.36,14.37,14.34,14.36,1031,0
2016-06-27,19:55:00,14.38,14.38,14.3,14.34,2100,0
2016-06-27,20:00:00,14.3,14.33,14.29,14.31,1800,0
2016-06-27,20:05:00,14.29,14.35,14.23,14.23,1900,0
2016-06-27,20:10:00,14.2846,14.2846,14.25,14.25,400,0
2016-06-27,20:15:00,14.28,14.3,14.19,14.19,2200,0
2016-06-27,20:20:00,14.19,14.22,14.19,14.19,600,0
2016-06-27,20:25:00,14.19,14.19,14.13,14.13,800,0
2016-06-27,20:30:00,14.15,14.24,14.1442,14.24,1114,0
2016-06-27,20:35:00,14.24,14.24,14.12,14.17,2550,0
2016-06-27,20:40:00,14.13,14.18,14.12,14.18,800,0
2016-06-27,20:45:00,14.17,14.17,14.08,14.1499,1500,0
2016-06-27,20:50:00,14.08,14.11,14.05,14.07,2700,0
2016-06-27,20:55:00,14.07,14.08,14,14.01,1900,0
2016-06-27,21:00:00,14.06,14.06,14,14.0001,2647,0
2016-06-27,21:05:00,14.04,14.11,14.035,14.1,2945,0
2016-06-27,21:10:00,14.13,14.18,14.07,14.14,2300,0
2016-06-27,21:15:00,14.13,14.19,14.13,14.19,800,0
2016-06-27,21:20:00,14.16,14.16,14.09,14.16,1800,0
2016-06-27,21:25:00,14.12,14.12,14.03,14.09,1900,0
2016-06-27,21:30:00,14.11,14.11,14.01,14.0558,2600,0
2016-06-27,21:35:00,14.06,14.14,14.06,14.11,2500,0
2016-06-27,21:40:00,14.08,14.19,14.08,14.16,2600,0
2016-06-27,21:45:00,14.1753,14.178,14.12,14.16,2700,0
2016-06-27,21:50:00,14.17,14.21,14.14,14.17,3889,0
2016-06-27,21:55:00,14.17,14.19,14.14,14.15,3350,0
2016-06-27,22:00:00,14.15,14.15,14.09,14.13,29324,0
2016-06-28,15:35:00,14.44,14.85,14.44,14.58,12870,0
2016-06-28,15:40:00,14.58,15.04,14.58,15.01,2999,0
2016-06-28,15:45:00,14.9117,15.1,14.85,14.96,6276,0
2016-06-28,15:50:00,14.95,15.21,14.91,15.18,12205,0
2016-06-28,15:55:00,15.15,15.19,15.1,15.14,4600,0
2016-06-28,16:00:00,15.15,15.3,15.14,15.19,10547,0
2016-06-28,16:05:00,15.19,15.28,15.19,15.28,6800,0
2016-06-28,16:10:00,15.33,15.34,15.16,15.2,6100,0
2016-06-28,16:15:00,15.21,15.32,15.14,15.17,6400,0
2016-06-28,16:20:00,15.19,15.42,15.19,15.4,10343,0
2016-06-28,16:25:00,15.4101,15.49,15.39,15.49,2800,0
2016-06-28,16:30:00,15.48,15.48,15.34,15.39,5300,0
2016-06-28,16:35:00,15.41,15.443,15.36,15.44,12097,0
2016-06-28,16:40:00,15.42,15.4499,15.37,15.3952,11276,0
2016-06-28,16:45:00,15.45,15.53,15.4,15.51,2862,0
2016-06-28,16:50:00,15.56,15.678,15.47,15.58,7964,0
2016-06-28,16:55:00,15.58,15.7,15.58,15.7,600,0
2016-06-28,17:00:00,15.78,15.84,15.7,15.78,1400,0
2016-06-28,17:05:00,15.81,15.87,15.81,15.84,4765,0
2016-06-28,17:10:00,15.7404,15.785,15.7,15.7,945,0
2016-06-28,17:15:00,15.7399,15.94,15.7399,15.92,11820,0
2016-06-28,17:20:00,15.93,15.9899,15.59,15.65,15075,0
2016-06-28,17:25:00,15.6565,15.7,15.56,15.56,5500,0
2016-06-28,17:30:00,15.56,15.6499,15.545,15.57,3500,0
2016-06-28,17:35:00,15.55,15.55,15.4484,15.4484,900,0
2016-06-28,17:40:00,15.5,15.629,15.49,15.55,3895,0
2016-06-28,17:45:00,15.52,15.52,15.5,15.5,200,0
2016-06-28,17:50:00,15.56,15.6,15.56,15.6,300,0
2016-06-28,17:55:00,15.67,15.7,15.67,15.7,300,0
2016-06-28,18:00:00,15.7399,15.7461,15.67,15.67,1250,0
2016-06-28,18:05:00,15.65,15.69,15.65,15.69,400,0
2016-06-28,18:10:00,15.7,15.7,15.62,15.62,402,0
2016-06-28,18:15:00,15.6499,15.6499,15.6499,15.6499,100,0
2016-06-28,18:20:00,15.6,15.72,15.54,15.68,5887,0
2016-06-28,18:25:00,15.69,15.71,15.68,15.68,700,0
2016-06-28,18:30:00,15.74,15.74,15.68,15.68,600,0
2016-06-28,18:35:00,15.69,15.75,15.69,15.75,700,0
2016-06-28,18:40:00,15.72,15.72,15.72,15.72,200,0
2016-06-28,18:45:00,15.75,15.86,15.73,15.8,3571,0
2016-06-28,18:50:00,15.785,15.785,15.75,15.76,500,0
2016-06-28,18:55:00,15.77,15.77,15.75,15.76,700,0
2016-06-28,19:00:00,15.73,15.73,15.575,15.575,1600,0
2016-06-28,19:05:00,15.6298,15.6298,15.61,15.61,200,0
2016-06-28,19:10:00,15.63,15.63,15.56,15.56,300,0
2016-06-28,19:15:00,15.62,15.66,15.59,15.66,2000,0
2016-06-28,19:20:00,15.66,15.67,15.63,15.63,1000,0
2016-06-28,19:25:00,15.58,15.58,15.58,15.58,300,0
2016-06-28,19:30:00,15.59,15.59,15.59,15.59,200,0
2016-06-28,19:35:00,15.54,15.57,15.49,15.56,1000,0
2016-06-28,19:40:00,15.59,15.59,15.59,15.59,100,0
2016-06-28,19:45:00,15.63,15.64,15.61,15.64,900,0
2016-06-28,19:50:00,15.61,15.61,15.57,15.57,300,0
2016-06-28,19:55:00,15.55,15.5505,15.53,15.53,600,0
2016-06-28,20:00:00,15.5,15.5,15.5,15.5,100,0
2016-06-28,20:05:00,15.5,15.57,15.49,15.54,2700,0
2016-06-28,20:10:00,15.53,15.53,15.5,15.53,700,0
2016-06-28,20:15:00,15.5,15.5,15.5,15.5,100,0
2016-06-28,20:20:00,15.5,15.55,15.4942,15.55,800,0
2016-06-28,20:25:00,15.55,15.55,15.52,15.52,400,0
2016-06-28,20:30:00,15.5,15.57,15.5,15.55,2100,0
2016-06-28,20:35:00,15.55,15.66,15.55,15.66,2600,0
2016-06-28,20:40:00,15.57,15.62,15.57,15.62,500,0
2016-06-28,20:45:00,15.61,15.62,15.61,15.61,500,0
2016-06-28,20:50:00,15.61,15.62,15.61,15.61,500,0
2016-06-28,20:55:00,15.6,15.645,15.6,15.645,200,0
2016-06-28,21:00:00,15.69,15.75,15.69,15.725,727,0
2016-06-28,21:05:00,15.7,15.71,15.7,15.7,900,0
2016-06-28,21:10:00,15.69,15.69,15.65,15.65,1700,0
2016-06-28,21:15:00,15.64,15.75,15.64,15.75,1400,0
2016-06-28,21:20:00,15.74,15.74,15.67,15.67,2300,0
2016-06-28,21:25:00,15.65,15.65,15.59,15.6,1388,0
2016-06-28,21:30:00,15.59,15.59,15.53,15.54,2150,0
2016-06-28,21:35:00,15.57,15.57,15.55,15.55,429,0
2016-06-28,21:40:00,15.55,15.61,15.53,15.61,1558,0
2016-06-28,21:45:00,15.63,15.65,15.57,15.58,1763,0
2016-06-28,21:50:00,15.61,15.64,15.57,15.64,1400,0
2016-06-28,21:55:00,15.64,15.66,15.54,15.65,7161,0
2016-06-28,22:00:00,15.68,15.68,15.61,15.64,27482,0
2016-06-29,15:35:00,15.9,15.98,15.856,15.91,2840,0
2016-06-29,15:40:00,15.96,15.96,15.53,15.64,5037,0
2016-06-29,15:45:00,15.66,15.66,15.4999,15.58,1850,0
2016-06-29,15:50:00,15.52,15.52,15.4,15.49,1600,0
2016-06-29,15:55:00,15.59,15.6,15.51,15.6,1000,0
2016-06-29,16:00:00,15.58,15.69,15.58,15.61,967,0
2016-06-29,16:05:00,15.61,15.73,15.54,15.7,1100,0
2016-06-29,16:10:00,15.67,15.67,15.67,15.67,100,0
2016-06-29,16:15:00,15.66,15.7,15.64,15.69,900,0
2016-06-29,16:20:00,15.65,15.7,15.65,15.7,600,0
2016-06-29,16:25:00,15.77,15.82,15.77,15.82,200,0
2016-06-29,16:30:00,15.785,15.785,15.64,15.64,2000,0
2016-06-29,16:35:00,15.6599,15.6599,15.54,15.57,1700,0
2016-06-29,16:40:00,15.57,15.57,15.48,15.57,1700,0
2016-06-29,16:45:00,15.62,15.62,15.57,15.57,200,0
2016-06-29,16:50:00,15.42,15.49,15.42,15.47,600,0
2016-06-29,16:55:00,15.46,15.46,15.46,15.46,100,0
2016-06-29,17:00:00,15.47,15.51,15.47,15.51,1100,0
2016-06-29,17:05:00,15.59,15.59,15.53,15.53,200,0
2016-06-29,17:10:00,15.57,15.58,15.51,15.51,3275,0
2016-06-29,17:15:00,15.45,15.5599,15.45,15.5599,1700,0
2016-06-29,17:20:00,15.53,15.53,15.53,15.53,100,0
2016-06-29,17:25:00,15.52,15.58,15.52,15.54,500,0
2016-06-29,17:30:00,15.58,15.585,15.57,15.585,1437,0
2016-06-29,17:35:00,15.6,15.6,15.58,15.58,600,0
2016-06-29,17:40:00,15.59,15.63,15.57,15.61,1300,0
2016-06-29,17:45:00,15.63,15.63,15.61,15.61,400,0
2016-06-29,17:50:00,15.665,15.6793,15.55,15.6,4800,0
2016-06-29,17:55:00,15.61,15.71,15.57,15.6,10150,0
2016-06-29,18:00:00,15.59,15.64,15.57,15.64,1480,0
2016-06-29,18:05:00,15.64,15.77,15.63,15.77,3962,0
2016-06-29,18:10:00,15.8,15.83,15.78,15.78,400,0
2016-06-29,18:15:00,15.79,15.94,15.7356,15.94,2100,0
2016-06-29,18:20:00,15.97,15.97,15.88,15.88,600,0
2016-06-29,18:25:00,15.89,15.91,15.85,15.89,1100,0
2016-06-29,18:30:00,15.91,15.93,15.91,15.93,200,0
2016-06-29,18:35:00,15.91,15.96,15.86,15.91,1200,0
2016-06-29,18:40:00,15.92,15.95,15.91,15.91,400,0
2016-06-29,18:45:00,15.9,15.94,15.9,15.94,400,0
2016-06-29,18:50:00,15.96,15.96,15.8408,15.88,1432,0
2016-06-29,18:55:00,15.88,15.88,15.88,15.88,100,0
2016-06-29,19:00:00,15.9,15.9,15.84,15.885,857,0
2016-06-29,19:05:00,15.92,15.92,15.87,15.87,10978,0
2016-06-29,19:10:00,15.87,15.98,15.82,15.98,23117,0
2016-06-29,19:15:00,15.98,16.06,15.97,16.022,5587,0
2016-06-29,19:20:00,16.0304,16.105,16.0304,16.09,800,0
2016-06-29,19:25:00,16.11,16.31,16.1,16.3,1000,0
2016-06-29,19:30:00,16.36,16.48,16.3038,16.33,5360,0
2016-06-29,19:35:00,16.375,16.375,16.341,16.36,2300,0
2016-06-29,19:40:00,16.38,16.45,16.35,16.35,1900,0
2016-06-29,19:45:00,16.32,16.35,16.31,16.35,600,0
2016-06-29,19:50:00,16.33,16.38,16.33,16.38,300,0
2016-06-29,19:55:00,16.355,16.355,16.3,16.35,900,0
2016-06-29,20:00:00,16.35,16.35,16.31,16.34,1700,0
2016-06-29,20:05:00,16.31,16.3499,16.31,16.3499,300,0
2016-06-29,20:10:00,16.3101,16.375,16.3101,16.36,3100,0
2016-06-29,20:15:00,16.37,16.37,16.29,16.33,900,0
2016-06-29,20:20:00,16.35,16.35,16.35,16.35,100,0
2016-06-29,20:25:00,16.3699,16.48,16.36,16.48,3500,0
2016-06-29,20:30:00,16.42,16.48,16.42,16.43,800,0
2016-06-29,20:35:00,16.46,16.5,16.4,16.4,1724,0
2016-06-29,20:40:00,16.37,16.44,16.32,16.3701,2794,0
2016-06-29,20:45:00,16.4,16.42,16.38,16.4,1720,0
2016-06-29,20:50:00,16.38,16.42,16.38,16.4,2300,0
2016-06-29,20:55:00,16.39,16.39,16.27,16.27,2600,0
2016-06-29,21:00:00,16.29,16.34,16.29,16.3,2100,0
2016-06-29,21:05:00,16.34,16.35,16.335,16.35,300,0
2016-06-29,21:10:00,16.3,16.315,16.28,16.31,700,0
2016-06-29,21:15:00,16.34,16.34,16.25,16.27,1609,0
2016-06-29,21:20:00,16.25,16.25,16.17,16.17,1200,0
2016-06-29,21:25:00,16.18,16.31,16.12,16.31,7300,0
2016-06-29,21:30:00,16.36,17.58,16.34,16.93,80515,0
2016-06-29,21:35:00,16.95,17.14,16.87,16.92,11035,0
2016-06-29,21:40:00,16.88,16.88,16.54,16.59,4800,0
2016-06-29,21:45:00,16.53,17.48,16.53,17.15,31609,0
2016-06-29,21:50:00,17.19,17.19,16.7,16.94,13946,0
2016-06-29,21:55:00,16.88,16.93,16.59,16.63,15424,0
2016-06-29,22:00:00,16.67,16.84,16.67,16.79,37243,0
2016-06-30,15:35:00,16.81,16.869,16.62,16.62,1052,0
2016-06-30,15:40:00,16.63,16.68,16.08,16.16,1825,0
2016-06-30,15:45:00,16.16,16.42,15.97,15.97,1798,0
2016-06-30,15:50:00,15.98,16.14,15.98,16.09,2700,0
2016-06-30,15:55:00,16.1,16.1,16.05,16.05,200,0
2016-06-30,16:00:00,16.07,16.09,16.04,16.09,1007,0
2016-06-30,16:05:00,16.1,16.14,16.06,16.07,5814,0
2016-06-30,16:10:00,16.02,16.03,15.89,16.01,7457,0
2016-06-30,16:15:00,15.99,16.07,15.93,15.93,2800,0
2016-06-30,16:20:00,16.01,16.06,15.98,16.02,1800,0
2016-06-30,16:25:00,15.99,15.995,15.86,15.98,3506,0
2016-06-30,16:30:00,15.89,15.95,15.88,15.95,1500,0
2016-06-30,16:35:00,15.96,16.02,15.92,16.02,2800,0
2016-06-30,16:40:00,16.01,16.21,15.98,16.2,10107,0
2016-06-30,16:45:00,16.2,16.2,16.02,16.1,19100,0
2016-06-30,16:50:00,16.1,16.13,16.075,16.13,4500,0
2016-06-30,16:55:00,16.11,16.14,16.08,16.12,2900,0
2016-06-30,17:00:00,16.11,16.19,16.11,16.19,7700,0
2016-06-30,17:05:00,16.17,16.2,16.14,16.18,18300,0
2016-06-30,17:10:00,16.2,16.225,16.1,16.16,13500,0
2016-06-30,17:15:00,16.2,16.25,16.17,16.25,1026,0
2016-06-30,17:20:00,16.24,16.32,16.19,16.25,9000,0
2016-06-30,17:25:00,16.24,16.38,16.24,16.32,6500,0
2016-06-30,17:30:00,16.35,16.36,16.29,16.35,3900,0
2016-06-30,17:35:00,16.35,16.39,16.34,16.37,2000,0
2016-06-30,17:40:00,16.355,16.355,16.29,16.33,1100,0
2016-06-30,17:45:00,16.29,16.34,16.25,16.27,7300,0
2016-06-30,17:50:00,16.28,16.32,16.28,16.32,1900,0
2016-06-30,17:55:00,16.33,16.33,16.27,16.27,1100,0
2016-06-30,18:00:00,16.26,16.31,16.26,16.3,1822,0
2016-06-30,18:05:00,16.31,16.33,16.29,16.29,2400,0
2016-06-30,18:10:00,16.32,16.35,16.28,16.32,5880,0
2016-06-30,18:20:00,16.34,16.4025,16.27,16.35,7200,0
2016-06-30,18:25:00,16.31,16.35,16.31,16.35,700,0
2016-06-30,18:30:00,16.44,16.49,16.44,16.49,1400,0
2016-06-30,18:35:00,16.45,16.45,16.4,16.4,1400,0
2016-06-30,18:40:00,16.38,16.48,16.34,16.42,2810,0
2016-06-30,18:45:00,16.42,16.52,16.41,16.41,1700,0
2016-06-30,18:50:00,16.43,16.47,16.43,16.47,425,0
2016-06-30,18:55:00,16.49,16.59,16.47,16.52,5700,0
2016-06-30,19:00:00,16.53,16.7,16.53,16.7,2000,0
2016-06-30,19:05:00,16.7,16.78,16.66,16.67,2200,0
2016-06-30,19:10:00,16.63,16.63,16.53,16.57,1100,0
2016-06-30,19:15:00,16.53,16.55,16.47,16.48,1600,0
2016-06-30,19:20:00,16.47,16.6,16.43,16.58,6900,0
2016-06-30,19:25:00,16.57,16.59,16.48,16.54,2700,0
2016-06-30,19:30:00,16.5101,16.5101,16.46,16.49,1420,0
2016-06-30,19:35:00,16.5,16.5,16.43,16.495,2100,0
2016-06-30,19:40:00,16.46,16.49,16.4,16.42,1600,0
2016-06-30,19:45:00,16.44,16.52,16.42,16.52,2300,0
2016-06-30,19:50:00,16.47,16.49,16.44,16.44,1300,0
2016-06-30,19:55:00,16.48,16.55,16.48,16.52,1900,0
2016-06-30,20:00:00,16.49,16.55,16.48,16.55,1600,0
2016-06-30,20:05:00,16.56,16.7,16.56,16.7,3900,0
2016-06-30,20:10:00,16.665,16.665,16.57,16.6,1300,0
2016-06-30,20:15:00,16.59,16.62,16.57,16.57,1800,0
2016-06-30,20:20:00,16.55,16.56,16.51,16.51,1800,0
2016-06-30,20:25:00,16.54,16.63,16.54,16.6,1400,0
2016-06-30,20:30:00,16.63,16.64,16.57,16.585,2600,0
2016-06-30,20:35:00,16.57,16.72,16.57,16.71,5100,0
2016-06-30,20:40:00,16.7,16.72,16.64,16.72,5600,0
2016-06-30,20:45:00,16.6642,16.72,16.655,16.7,1900,0
2016-06-30,20:50:00,16.71,16.71,16.69,16.71,1704,0
2016-06-30,20:55:00,16.66,16.69,16.63,16.69,1400,0
2016-06-30,21:00:00,16.64,16.685,16.64,16.64,1100,0
2016-06-30,21:05:00,16.65,16.7,16.64,16.64,1500,0
2016-06-30,21:10:00,16.63,16.67,16.61,16.67,2600,0
2016-06-30,21:15:00,16.6425,16.6425,16.59,16.63,1400,0
2016-06-30,21:20:00,16.61,16.66,16.51,16.51,4600,0
2016-06-30,21:25:00,16.55,16.56,16.51,16.56,2100,0
2016-06-30,21:30:00,16.57,16.67,16.55,16.55,6219,0
2016-06-30,21:35:00,16.55,16.63,16.55,16.6,3100,0
2016-06-30,21:40:00,16.59,16.62,16.58,16.62,3009,0
2016-06-30,21:45:00,16.6,16.61,16.57,16.57,4400,0
2016-06-30,21:50:00,16.56,16.71,16.56,16.67,11530,0
2016-06-30,21:55:00,16.68,16.82,16.67,16.82,14783,0
2016-06-30,22:00:00,16.81,16.9,16.77,16.88,86159,0
2016-07-01,15:35:00,16.78,17.16,16.65,16.98,7920,0
2016-07-01,15:40:00,16.8,16.9,16.77,16.82,4050,0
2016-07-01,15:45:00,16.83,16.9,16.79,16.9,2500,0
2016-07-01,15:50:00,16.94,16.94,16.82,16.9,2400,0
2016-07-01,15:55:00,16.93,17.02,16.93,16.99,2306,0
2016-07-01,16:00:00,16.97,17.11,16.96,17.05,2900,0
2016-07-01,16:05:00,17.08,17.15,17.0025,17.15,4300,0
2016-07-01,16:10:00,17.16,17.23,17.135,17.22,3800,0
2016-07-01,16:15:00,17.23,17.27,17.19,17.27,1300,0
2016-07-01,16:20:00,17.25,17.37,17.22,17.37,3878,0
2016-07-01,16:25:00,17.36,17.45,17.15,17.15,2645,0
2016-07-01,16:30:00,17.15,17.35,17.15,17.3,4200,0
2016-07-01,16:35:00,17.18,17.18,17.18,17.18,100,0
2016-07-01,16:40:00,17.16,17.2,17.13,17.19,2095,0
2016-07-01,16:45:00,17.16,17.21,17.12,17.2,3159,0
2016-07-01,16:50:00,17.23,17.23,17.14,17.14,1300,0
2016-07-01,16:55:00,17.13,17.16,17.12,17.15,1900,0
2016-07-01,17:00:00,17.13,17.15,17.12,17.12,1000,0
2016-07-01,17:05:00,17.11,17.11,17.11,17.11,100,0
2016-07-01,17:10:00,17.13,17.16,17.12,17.13,5600,0
2016-07-01,17:15:00,17.15,17.15,17.08,17.1,3400,0
2016-07-01,17:20:00,17.09,17.09,16.99,16.99,700,0
2016-07-01,17:25:00,16.96,17.05,16.96,17.05,6200,0
2016-07-01,17:30:00,17.01,17.01,16.92,16.93,6000,0
2016-07-01,17:35:00,16.95,17.035,16.95,17,2500,0
2016-07-01,17:40:00,16.97,17.02,16.9085,16.9085,700,0
2016-07-01,17:45:00,16.9,16.95,16.9,16.95,1000,0
2016-07-01,17:50:00,16.955,16.955,16.93,16.93,300,0
2016-07-01,17:55:00,16.95,16.98,16.9411,16.98,900,0
2016-07-01,18:00:00,17,17.03,16.98,17.015,4200,0
2016-07-01,18:05:00,17.03,17.03,17,17.01,1400,0
2016-07-01,18:10:00,16.99,16.99,16.93,16.93,600,0
2016-07-01,18:15:00,16.91,16.98,16.91,16.98,700,0
2016-07-01,18:20:00,16.99,16.99,16.93,16.93,1465,0
2016-07-01,18:25:00,16.88,16.88,16.88,16.88,100,0
2016-07-01,18:30:00,16.88,16.89,16.84,16.85,2200,0
2016-07-01,18:35:00,16.84,16.86,16.8,16.85,2900,0
2016-07-01,18:40:00,16.85,16.92,16.81,16.86,5700,0
2016-07-01,18:45:00,16.86,17.03,16.86,16.99,1200,0
2016-07-01,18:50:00,16.92,16.92,16.91,16.91,200,0
2016-07-01,19:00:00,16.93,16.995,16.93,16.995,2400,0
2016-07-01,19:05:00,16.97,16.98,16.93,16.93,700,0
2016-07-01,19:10:00,16.96,16.98,16.92,16.92,2700,0
2016-07-01,19:15:00,16.9,16.9,16.84,16.84,1200,0
2016-07-01,19:20:00,16.87,16.905,16.87,16.905,900,0
2016-07-01,19:25:00,16.9,16.905,16.8508,16.905,1600,0
2016-07-01,19:30:00,16.914,16.914,16.85,16.85,2200,0
2016-07-01,19:35:00,16.84,16.84,16.84,16.84,100,0
2016-07-01,19:40:00,16.84,16.86,16.8,16.82,2000,0
2016-07-01,19:45:00,16.82,16.94,16.82,16.85,7481,0
2016-07-01,19:50:00,16.85,16.85,16.77,16.85,4275,0
2016-07-01,19:55:00,16.82,16.905,16.8,16.85,2900,0
2016-07-01,20:00:00,16.85,16.85,16.81,16.835,3700,0
2016-07-01,20:05:00,16.82,16.825,16.79,16.825,2600,0
2016-07-01,20:10:00,16.8225,16.8225,16.72,16.76,2479,0
2016-07-01,20:15:00,16.78,16.78,16.68,16.73,1700,0
2016-07-01,20:20:00,16.68,16.68,16.62,16.62,600,0
2016-07-01,20:25:00,16.61,16.62,16.58,16.6,1800,0
2016-07-01,20:30:00,16.5695,16.63,16.56,16.6075,5100,0
2016-07-01,20:35:00,16.595,16.62,16.57,16.57,600,0
2016-07-01,20:40:00,16.6,16.63,16.58,16.58,4500,0
2016-07-01,20:45:00,16.55,16.57,16.52,16.55,600,0
2016-07-01,20:50:00,16.55,16.58,16.54,16.555,3600,0
2016-07-01,20:55:00,16.555,16.57,16.54,16.555,1032,0
2016-07-01,21:00:00,16.5525,16.66,16.55,16.66,3600,0
2016-07-01,21:05:00,16.66,16.79,16.66,16.79,1300,0
2016-07-01,21:10:00,16.8,16.86,16.77,16.79,3298,0
2016-07-01,21:15:00,16.8,16.82,16.8,16.81,2400,0
2016-07-01,21:25:00,16.81,16.83,16.79,16.83,1600,0
2016-07-01,21:30:00,16.83,16.885,16.83,16.885,1100,0
2016-07-01,21:35:00,16.88,16.9,16.87,16.87,900,0
2016-07-01,21:40:00,16.86,16.86,16.84,16.84,1000,0
2016-07-01,21:45:00,16.81,16.89,16.81,16.86,2200,0
2016-07-01,21:50:00,16.85,16.87,16.83,16.83,500,0
2016-07-01,21:55:00,16.86,16.89,16.8,16.81,5152,0
2016-07-01,22:00:00,16.8,16.87,16.79,16.84,14764,0
