Date,Time,Open,High,Low,Close,Volume,OpenInt
2016-04-29,15:40:00,27.66,27.66,27.66,27.66,488,0
2016-04-29,15:45:00,27.576,27.577,27.576,27.577,3561,0
2016-04-29,16:05:00,27.651,27.671,27.651,27.661,2238,0
2016-04-29,16:40:00,27.671,27.72,27.661,27.71,5833,0
2016-04-29,16:55:00,27.671,27.671,27.671,27.671,1017,0
2016-04-29,17:05:00,27.631,27.631,27.631,27.631,102,0
2016-04-29,17:25:00,27.617,27.622,27.617,27.622,209,0
2016-04-29,17:50:00,27.602,27.602,27.602,27.602,407,0
2016-04-29,18:30:00,27.622,27.622,27.622,27.622,6918,0
2016-04-29,19:00:00,27.614,27.614,27.614,27.614,209,0
2016-04-29,19:10:00,27.622,27.622,27.622,27.622,305,0
2016-04-29,19:15:00,27.622,27.622,27.622,27.622,102,0
2016-04-29,20:15:00,27.604,27.604,27.604,27.604,712,0
2016-04-29,20:40:00,27.621,27.622,27.621,27.622,1577,0
2016-04-29,20:45:00,27.622,27.622,27.622,27.622,335,0
2016-04-29,20:50:00,27.622,27.622,27.622,27.622,203,0
2016-04-29,20:55:00,27.613,27.613,27.612,27.612,806,0
2016-04-29,21:00:00,27.622,27.622,27.622,27.622,203,0
2016-04-29,21:10:00,27.622,27.622,27.622,27.622,407,0
2016-04-29,21:15:00,27.617,27.617,27.612,27.612,305,0
2016-04-29,21:25:00,27.602,27.602,27.602,27.602,500,0
2016-04-29,21:35:00,27.616,27.617,27.612,27.612,2396,0
2016-04-29,21:40:00,27.671,27.69,27.671,27.69,407,0
2016-04-29,21:45:00,27.69,27.7,27.69,27.695,916,0
2016-04-29,21:50:00,27.69,27.7,27.69,27.7,714,0
2016-04-29,21:55:00,27.695,27.699,27.695,27.699,407,0
2016-04-29,22:00:00,27.671,27.729,27.671,27.729,995,0
2016-05-02,15:35:00,27.622,27.622,27.622,27.622,1071,0
2016-05-02,16:05:00,27.671,27.671,27.671,27.671,203,0
2016-05-02,16:15:00,27.72,27.73,27.72,27.73,448,0
2016-05-02,16:45:00,27.74,27.74,27.74,27.74,102,0
2016-05-02,16:50:00,27.738,27.738,27.73,27.73,407,0
2016-05-02,16:55:00,27.738,27.738,27.738,27.738,254,0
2016-05-02,17:15:00,27.74,27.74,27.74,27.74,102,0
2016-05-02,18:40:00,27.694,27.694,27.694,27.694,509,0
2016-05-02,19:50:00,27.671,27.671,27.671,27.671,1348,0
2016-05-02,19:55:00,27.779,27.779,27.779,27.779,407,0
2016-05-02,20:05:00,27.681,27.681,27.681,27.681,1536,0
2016-05-02,20:10:00,27.681,27.681,27.681,27.681,610,0
2016-05-02,20:15:00,27.681,27.681,27.681,27.681,292,0
2016-05-02,20:30:00,27.74,27.74,27.74,27.74,102,0
2016-05-02,21:05:00,27.749,27.797,27.74,27.797,1083,0
2016-05-02,21:10:00,27.799,27.799,27.789,27.789,534,0
2016-05-02,21:55:00,27.683,27.74,27.681,27.691,1333,0
2016-05-02,22:00:00,27.71,27.71,27.71,27.71,102,0
2016-05-03,15:35:00,27.789,27.789,27.789,27.789,3459,0
2016-05-03,15:40:00,27.799,27.838,27.74,27.826,3405,0
2016-05-03,15:45:00,27.818,27.818,27.818,27.818,2136,0
2016-05-03,16:25:00,27.818,27.818,27.818,27.818,647,0
2016-05-03,16:30:00,27.828,27.828,27.828,27.828,198,0
2016-05-03,16:35:00,27.818,27.818,27.818,27.818,198,0
2016-05-03,17:35:00,27.737,27.737,27.737,27.737,203,0
2016-05-03,17:45:00,27.813,27.813,27.813,27.813,1017,0
2016-05-03,17:50:00,27.71,27.71,27.675,27.69,12870,0
2016-05-03,17:55:00,27.69,27.691,27.681,27.69,6245,0
2016-05-03,18:45:00,27.72,27.72,27.72,27.72,153,0
2016-05-03,19:00:00,27.777,27.777,27.777,27.777,254,0
2016-05-03,19:35:00,27.69,27.69,27.681,27.681,5245,0
2016-05-03,19:40:00,27.681,27.681,27.681,27.681,102,0
2016-05-03,20:00:00,27.681,27.681,27.681,27.681,102,0
2016-05-03,20:10:00,27.681,27.681,27.681,27.681,102,0
2016-05-03,20:30:00,27.681,27.681,27.681,27.681,407,0
2016-05-03,20:40:00,27.681,27.681,27.681,27.681,102,0
2016-05-03,20:45:00,27.681,27.681,27.681,27.681,102,0
2016-05-03,20:55:00,27.681,27.681,27.681,27.681,102,0
2016-05-03,21:00:00,27.69,27.69,27.69,27.69,102,0
2016-05-03,21:05:00,27.69,27.691,27.69,27.691,203,0
2016-05-03,21:10:00,27.69,27.69,27.69,27.69,102,0
2016-05-03,21:15:00,27.757,27.759,27.725,27.759,5274,0
2016-05-03,21:20:00,27.69,27.69,27.69,27.69,102,0
2016-05-03,21:25:00,27.74,27.759,27.725,27.752,814,0
2016-05-03,21:30:00,27.69,27.69,27.69,27.69,203,0
2016-05-03,21:35:00,27.69,27.69,27.69,27.69,102,0
2016-05-03,21:40:00,27.69,27.769,27.69,27.769,2289,0
2016-05-03,21:45:00,27.768,27.768,27.69,27.69,275,0
2016-05-03,22:00:00,27.738,27.759,27.738,27.759,900,0
2016-05-04,15:35:00,27.7,27.7,27.7,27.7,203,0
2016-05-04,18:00:00,27.789,27.789,27.789,27.789,305,0
2016-05-04,18:05:00,27.724,27.724,27.72,27.72,407,0
2016-05-04,18:15:00,27.72,27.72,27.72,27.72,544,0
2016-05-04,19:25:00,27.751,27.751,27.751,27.751,509,0
2016-05-04,19:35:00,27.72,27.72,27.72,27.72,1628,0
2016-05-04,19:40:00,27.705,27.705,27.705,27.705,102,0
2016-05-04,20:20:00,27.752,27.752,27.752,27.752,397,0
2016-05-04,20:45:00,27.7,27.7,27.7,27.7,102,0
2016-05-04,20:50:00,27.73,27.759,27.73,27.749,1360,0
2016-05-04,20:55:00,27.71,27.71,27.71,27.71,203,0
2016-05-04,21:00:00,27.71,27.71,27.71,27.71,102,0
2016-05-04,21:05:00,27.759,27.759,27.7,27.7,1399,0
2016-05-04,21:15:00,27.7,27.7,27.7,27.7,203,0
2016-05-04,21:20:00,27.7,27.7,27.7,27.7,102,0
2016-05-04,21:25:00,27.7,27.7,27.7,27.7,203,0
2016-05-04,21:30:00,27.7,27.7,27.7,27.7,102,0
2016-05-04,21:35:00,27.705,27.705,27.705,27.705,203,0
2016-05-04,21:40:00,27.705,27.705,27.705,27.705,102,0
2016-05-04,21:45:00,27.722,27.722,27.705,27.705,421,0
2016-05-04,21:50:00,27.7,27.7,27.7,27.7,102,0
2016-05-04,22:00:00,27.74,27.74,27.7,27.7,1404,0
2016-05-05,16:55:00,27.74,27.749,27.74,27.749,2564,0
2016-05-05,17:30:00,27.74,27.759,27.74,27.759,2848,0
2016-05-05,17:40:00,27.789,27.818,27.789,27.818,3316,0
2016-05-05,18:05:00,27.828,27.838,27.828,27.838,275,0
2016-05-05,18:55:00,27.758,27.758,27.758,27.758,407,0
2016-05-05,19:00:00,27.807,27.838,27.807,27.838,834,0
2016-05-05,19:10:00,27.749,27.838,27.749,27.838,4272,0
2016-05-05,19:15:00,27.826,27.826,27.826,27.826,1687,0
2016-05-05,19:40:00,27.786,27.786,27.786,27.786,305,0
2016-05-05,21:00:00,27.808,27.818,27.808,27.818,305,0
2016-05-05,21:10:00,27.811,27.811,27.811,27.811,356,0
2016-05-05,21:35:00,27.792,27.792,27.792,27.792,244,0
2016-05-05,22:00:00,27.808,27.838,27.808,27.838,1102,0
2016-05-06,17:40:00,27.838,27.838,27.838,27.838,712,0
2016-05-06,17:50:00,27.858,27.867,27.858,27.867,768,0
2016-05-06,17:55:00,27.828,27.828,27.828,27.828,509,0
2016-05-06,18:10:00,27.867,27.916,27.867,27.916,1022,0
2016-05-06,18:55:00,27.936,27.936,27.936,27.936,1017,0
2016-05-06,19:15:00,27.935,27.935,27.935,27.935,1017,0
2016-05-06,19:25:00,27.926,27.926,27.926,27.926,102,0
2016-05-06,19:30:00,27.926,27.936,27.926,27.936,1157,0
2016-05-06,19:35:00,27.936,27.936,27.936,27.936,102,0
2016-05-06,20:00:00,27.936,27.936,27.936,27.936,415,0
2016-05-06,20:20:00,27.946,27.946,27.94,27.94,565,0
2016-05-06,20:40:00,27.966,27.967,27.966,27.967,712,0
2016-05-06,20:45:00,27.967,27.967,27.966,27.966,798,0
2016-05-06,21:05:00,27.975,27.975,27.975,27.975,102,0
2016-05-06,21:35:00,27.975,27.975,27.975,27.975,159,0
2016-05-06,21:40:00,27.975,27.975,27.975,27.975,102,0
2016-05-09,15:50:00,27.896,27.896,27.896,27.896,219,0
2016-05-09,16:00:00,27.915,27.915,27.915,27.915,102,0
2016-05-09,17:45:00,27.966,27.966,27.966,27.966,306,0
2016-05-09,18:10:00,27.907,27.926,27.907,27.907,3820,0
2016-05-09,18:15:00,27.966,27.975,27.966,27.975,1628,0
2016-05-09,19:45:00,27.926,27.926,27.887,27.921,2411,0
2016-05-09,19:50:00,27.921,27.921,27.921,27.921,203,0
2016-05-09,21:10:00,27.916,27.916,27.916,27.916,102,0
2016-05-09,21:20:00,27.828,27.828,27.818,27.818,1865,0
2016-05-09,21:45:00,27.867,27.867,27.858,27.858,203,0
2016-05-09,21:55:00,27.897,27.897,27.897,27.897,305,0
2016-05-09,22:00:00,27.913,27.913,27.913,27.913,203,0
2016-05-10,16:05:00,27.965,27.965,27.965,27.965,407,0
2016-05-10,16:20:00,27.966,27.966,27.944,27.944,452,0
2016-05-10,16:35:00,27.954,27.955,27.948,27.948,1017,0
2016-05-10,16:55:00,27.916,27.916,27.916,27.916,712,0
2016-05-10,17:00:00,27.916,27.916,27.916,27.916,112,0
2016-05-10,17:05:00,27.916,27.916,27.916,27.916,1616,0
2016-05-10,17:35:00,27.95,27.95,27.95,27.95,1058,0
2016-05-10,17:55:00,27.914,27.916,27.901,27.916,4748,0
2016-05-10,18:15:00,27.877,27.877,27.877,27.877,707,0
2016-05-10,18:20:00,27.907,27.907,27.907,27.907,102,0
2016-05-10,18:25:00,27.872,27.872,27.872,27.872,203,0
2016-05-10,18:50:00,27.907,27.907,27.907,27.907,102,0
2016-05-10,18:55:00,27.916,27.916,27.916,27.916,122,0
2016-05-10,19:35:00,27.907,27.907,27.907,27.907,102,0
2016-05-10,19:45:00,27.916,27.916,27.916,27.916,102,0
2016-05-10,19:50:00,27.916,27.916,27.899,27.899,2950,0
2016-05-10,20:00:00,27.916,27.916,27.916,27.916,381,0
2016-05-10,20:30:00,27.9,27.9,27.9,27.9,148,0
2016-05-10,20:50:00,27.916,27.916,27.916,27.916,102,0
2016-05-10,21:25:00,27.897,27.897,27.897,27.897,203,0
2016-05-10,21:30:00,27.916,27.916,27.916,27.916,1038,0
2016-05-10,21:35:00,27.887,27.966,27.867,27.966,3476,0
2016-05-10,21:40:00,27.98,27.98,27.98,27.98,1343,0
2016-05-10,22:00:00,27.966,27.975,27.966,27.975,1474,0
2016-05-11,15:35:00,27.966,27.966,27.966,27.966,509,0
2016-05-11,15:55:00,27.956,27.956,27.956,27.956,160,0
2016-05-11,16:00:00,27.956,27.956,27.956,27.956,102,0
2016-05-11,16:45:00,27.926,27.926,27.916,27.916,722,0
2016-05-11,17:00:00,27.867,27.867,27.867,27.867,678,0
2016-05-11,17:50:00,27.947,27.947,27.912,27.912,2035,0
2016-05-11,18:15:00,27.955,27.955,27.955,27.955,365,0
2016-05-11,19:00:00,27.877,27.877,27.877,27.877,214,0
2016-05-11,19:05:00,27.926,27.926,27.926,27.926,214,0
2016-05-11,19:10:00,27.936,27.936,27.936,27.936,305,0
2016-05-11,19:20:00,27.936,27.936,27.936,27.936,456,0
2016-05-11,19:25:00,27.916,27.916,27.916,27.916,203,0
2016-05-11,19:45:00,27.878,27.878,27.878,27.878,234,0
2016-05-11,20:00:00,27.955,27.955,27.955,27.955,3561,0
2016-05-11,20:10:00,27.956,27.956,27.956,27.956,102,0
2016-05-11,20:35:00,27.887,27.956,27.887,27.955,2848,0
2016-05-11,20:40:00,27.956,27.956,27.956,27.956,992,0
2016-05-11,21:45:00,27.936,27.936,27.936,27.936,509,0
2016-05-11,22:00:00,27.936,27.985,27.926,27.985,1406,0
2016-05-12,15:35:00,27.975,27.975,27.966,27.966,356,0
2016-05-12,16:05:00,27.945,27.945,27.945,27.945,153,0
2016-05-12,16:20:00,27.966,27.966,27.966,27.966,575,0
2016-05-12,16:30:00,27.966,27.966,27.966,27.966,540,0
2016-05-12,17:15:00,27.966,27.966,27.966,27.966,356,0
2016-05-12,17:20:00,27.926,27.926,27.926,27.926,2035,0
2016-05-12,18:00:00,27.946,27.946,27.916,27.916,203,0
2016-05-12,18:05:00,27.916,27.916,27.916,27.916,102,0
2016-05-12,18:55:00,27.975,27.975,27.975,27.975,1063,0
2016-05-12,20:05:00,27.966,27.969,27.966,27.969,815,0
2016-05-12,20:25:00,27.948,27.948,27.948,27.948,2136,0
2016-05-12,20:45:00,27.985,27.985,27.985,27.985,1352,0
2016-05-12,20:55:00,27.966,27.983,27.966,27.983,4517,0
2016-05-12,21:15:00,27.994,27.994,27.994,27.994,509,0
2016-05-12,21:30:00,27.994,27.994,27.977,27.977,1246,0
2016-05-12,21:40:00,27.975,27.975,27.975,27.975,150,0
2016-05-13,15:35:00,27.985,27.995,27.985,27.995,407,0
2016-05-13,16:10:00,27.877,27.877,27.877,27.877,359,0
2016-05-13,16:55:00,27.932,27.932,27.932,27.932,102,0
2016-05-13,17:15:00,27.962,27.985,27.962,27.985,544,0
2016-05-13,17:40:00,27.985,27.985,27.985,27.985,203,0
2016-05-13,17:55:00,27.975,27.975,27.975,27.975,357,0
2016-05-13,18:20:00,27.959,27.959,27.959,27.959,509,0
2016-05-13,19:30:00,27.956,27.956,27.956,27.956,407,0
2016-05-13,20:55:00,27.975,27.975,27.975,27.975,102,0
2016-05-13,21:35:00,27.985,27.995,27.985,27.995,407,0
2016-05-13,21:45:00,27.985,27.985,27.985,27.985,102,0
2016-05-13,21:50:00,27.995,28.005,27.995,28.005,1323,0
2016-05-13,21:55:00,27.995,27.995,27.995,27.995,102,0
2016-05-13,22:00:00,28.005,28.005,28.005,28.005,2238,0
2016-05-16,15:35:00,28.005,28.005,28.005,28.005,610,0
2016-05-16,15:50:00,27.995,27.995,27.907,27.916,524,0
2016-05-16,16:10:00,28.005,28.005,28.005,28.005,171,0
2016-05-16,16:20:00,27.984,27.984,27.984,27.984,203,0
2016-05-16,16:50:00,28.005,28.005,28.005,28.005,203,0
2016-05-16,17:00:00,27.995,27.995,27.995,27.995,292,0
2016-05-16,17:05:00,27.995,27.995,27.995,27.995,570,0
2016-05-16,17:10:00,27.995,28.005,27.995,28.005,314,0
2016-05-16,18:15:00,28.005,28.005,28.005,28.005,106,0
2016-05-16,18:20:00,28.005,28.005,28.005,28.005,1017,0
2016-05-16,18:45:00,27.985,27.985,27.985,27.985,102,0
2016-05-16,19:35:00,27.966,27.966,27.966,27.966,102,0
2016-05-16,20:50:00,27.985,27.985,27.985,27.985,107,0
2016-05-16,21:55:00,27.985,28.005,27.985,27.996,4648,0
2016-05-16,22:00:00,28.005,28.005,28.005,28.005,1636,0
2016-05-17,16:55:00,28.002,28.015,28.002,28.015,3638,0
2016-05-17,17:00:00,28.015,28.015,28.015,28.015,4201,0
2016-05-17,17:05:00,28.015,28.015,28.015,28.015,2012,0
2016-05-17,17:10:00,28.015,28.015,28.015,28.015,509,0
2016-05-17,17:20:00,28.015,28.015,27.994,27.994,692,0
2016-05-17,18:05:00,27.985,27.985,27.985,27.985,190,0
2016-05-17,18:55:00,27.995,28.005,27.985,27.995,942,0
2016-05-17,21:05:00,27.956,27.985,27.956,27.985,1172,0
2016-05-17,21:15:00,27.992,27.992,27.992,27.992,509,0
2016-05-17,21:45:00,27.995,27.995,27.995,27.995,845,0
2016-05-17,21:50:00,27.98,27.98,27.968,27.968,359,0
2016-05-17,22:00:00,27.995,27.995,27.995,27.995,2323,0
2016-05-18,15:35:00,27.936,27.936,27.936,27.936,509,0
2016-05-18,15:40:00,28.015,28.015,28.015,28.015,3561,0
2016-05-18,16:15:00,27.995,27.995,27.995,27.995,102,0
2016-05-18,16:30:00,28.005,28.015,28.005,28.015,2035,0
2016-05-18,16:35:00,27.978,27.978,27.978,27.978,1017,0
2016-05-18,17:20:00,27.968,27.968,27.968,27.968,2458,0
2016-05-18,17:35:00,27.994,27.994,27.994,27.994,305,0
2016-05-18,17:40:00,28.015,28.015,27.975,27.975,1526,0
2016-05-18,18:15:00,28.015,28.015,28.015,28.015,102,0
2016-05-18,19:05:00,28.01,28.015,28.01,28.015,914,0
2016-05-18,19:10:00,28.015,28.015,28.015,28.015,1628,0
2016-05-18,19:35:00,28.025,28.025,28.025,28.025,337,0
2016-05-18,19:55:00,28.025,28.025,27.985,28.025,1729,0
2016-05-18,20:40:00,27.975,27.975,27.975,27.975,509,0
2016-05-18,21:00:00,28.001,28.001,28.001,28.001,1526,0
2016-05-18,21:05:00,28.001,28.001,28.001,28.001,1017,0
2016-05-18,21:15:00,28.015,28.015,28.015,28.015,102,0
2016-05-18,21:20:00,27.99,27.99,27.975,27.975,1685,0
2016-05-18,21:35:00,27.976,27.976,27.976,27.976,305,0
2016-05-18,21:40:00,27.975,27.975,27.966,27.975,2136,0
2016-05-18,22:00:00,28.015,28.015,27.966,27.966,407,0
2016-05-19,15:35:00,27.985,27.985,27.985,27.985,107,0
2016-05-19,16:40:00,27.966,27.966,27.966,27.966,1017,0
2016-05-19,16:45:00,27.968,27.968,27.968,27.968,610,0
2016-05-19,16:55:00,27.966,27.975,27.956,27.956,2620,0
2016-05-19,17:00:00,27.966,27.966,27.956,27.956,203,0
2016-05-19,17:05:00,27.956,27.956,27.956,27.956,3269,0
2016-05-19,17:25:00,27.995,27.995,27.995,27.995,102,0
2016-05-19,17:45:00,27.966,27.966,27.966,27.966,35937,0
2016-05-19,18:05:00,27.991,27.991,27.991,27.991,163,0
2016-05-19,18:10:00,28.005,28.005,28.005,28.005,203,0
2016-05-19,19:45:00,28.025,28.025,28.025,28.025,712,0
2016-05-19,19:50:00,27.989,27.989,27.989,27.989,102,0
2016-05-19,19:55:00,28.025,28.025,28.025,28.025,305,0
2016-05-19,20:15:00,28.012,28.025,28.012,28.025,2035,0
2016-05-19,20:20:00,28.025,28.025,28.012,28.012,1017,0
2016-05-19,20:25:00,28.025,28.034,28.018,28.018,2448,0
2016-05-19,20:35:00,28.006,28.064,27.985,27.985,4991,0
2016-05-19,21:00:00,28.027,28.027,28.027,28.027,458,0
2016-05-19,21:05:00,28.054,28.064,28.032,28.032,2035,0
2016-05-19,21:25:00,28.037,28.037,28.037,28.037,305,0
2016-05-19,21:35:00,28.064,28.064,28.048,28.048,2035,0
2016-05-19,21:40:00,28.064,28.064,28.055,28.064,4273,0
2016-05-19,21:45:00,28.064,28.064,28.064,28.064,509,0
2016-05-19,21:55:00,28.064,28.064,28.055,28.055,5056,0
2016-05-19,22:00:00,28.093,28.093,28.093,28.093,107,0
2016-05-20,15:35:00,28.064,28.064,28.064,28.064,203,0
2016-05-20,15:40:00,28.064,28.064,28.064,28.064,102,0
2016-05-20,16:15:00,28.025,28.025,28.025,28.025,203,0
2016-05-20,17:25:00,27.983,27.983,27.983,27.983,180,0
2016-05-20,18:30:00,27.976,27.976,27.976,27.976,203,0
2016-05-20,18:40:00,28.064,28.064,28.064,28.064,1017,0
2016-05-20,20:10:00,28.064,28.064,28.064,28.064,387,0
2016-05-20,20:30:00,28.064,28.064,28.064,28.064,712,0
2016-05-20,21:00:00,28.015,28.015,28.015,28.015,203,0
2016-05-20,21:20:00,28.064,28.064,28.064,28.064,1933,0
2016-05-20,21:35:00,28.064,28.064,28.064,28.064,203,0
2016-05-20,21:50:00,28.015,28.015,28.015,28.015,102,0
2016-05-20,22:00:00,28.064,28.064,28.064,28.064,102,0
2016-05-23,15:35:00,28.064,28.064,28.015,28.015,2091,0
2016-05-23,15:40:00,28.064,28.064,28.064,28.064,1002,0
2016-05-23,15:55:00,28.113,28.113,28.093,28.093,1424,0
2016-05-23,16:40:00,28.093,28.093,28.044,28.044,712,0
2016-05-23,16:55:00,28.093,28.093,28.093,28.093,102,0
2016-05-23,17:25:00,28.093,28.093,28.093,28.093,384,0
2016-05-23,17:50:00,28.093,28.093,28.093,28.093,102,0
2016-05-23,18:10:00,28.093,28.093,28.093,28.093,203,0
2016-05-23,18:35:00,28.093,28.093,28.093,28.093,102,0
2016-05-23,19:00:00,28.093,28.093,28.093,28.093,735,0
2016-05-23,19:15:00,28.113,28.113,28.113,28.113,4357,0
2016-05-23,19:20:00,28.113,28.113,28.113,28.113,1729,0
2016-05-23,19:25:00,28.182,28.182,28.182,28.182,102,0
2016-05-23,19:40:00,28.152,28.154,28.152,28.154,610,0
2016-05-23,20:10:00,28.172,28.172,28.113,28.113,5595,0
2016-05-23,20:30:00,28.162,28.162,28.162,28.162,1546,0
2016-05-23,20:35:00,28.172,28.172,28.134,28.137,568,0
2016-05-23,20:55:00,28.189,28.189,28.189,28.189,532,0
2016-05-23,21:05:00,28.192,28.192,28.192,28.192,102,0
2016-05-23,21:15:00,28.162,28.162,28.162,28.162,203,0
2016-05-23,21:30:00,28.182,28.182,28.182,28.182,102,0
2016-05-23,21:35:00,28.182,28.182,28.182,28.182,305,0
2016-05-23,22:00:00,28.172,28.182,28.093,28.093,712,0
2016-05-24,15:35:00,28.182,28.182,28.182,28.182,313,0
2016-05-24,16:10:00,28.162,28.162,28.162,28.162,2848,0
2016-05-24,16:25:00,28.173,28.173,28.173,28.173,331,0
2016-05-24,16:45:00,28.162,28.162,28.162,28.162,102,0
2016-05-24,16:50:00,28.17,28.17,28.17,28.17,2482,0
2016-05-24,16:55:00,28.163,28.172,28.162,28.163,1124,0
2016-05-24,17:05:00,28.182,28.182,28.182,28.182,102,0
2016-05-24,17:10:00,28.143,28.143,28.133,28.133,1221,0
2016-05-24,17:40:00,28.162,28.182,28.162,28.182,1826,0
2016-05-24,17:45:00,28.162,28.162,28.162,28.162,305,0
2016-05-24,17:55:00,28.116,28.182,28.116,28.143,4268,0
2016-05-24,18:15:00,28.182,28.182,28.182,28.182,112,0
2016-05-24,18:35:00,28.172,28.172,28.172,28.172,356,0
2016-05-24,18:40:00,28.113,28.116,28.113,28.113,731,0
2016-05-24,18:55:00,28.074,28.113,28.074,28.113,3357,0
2016-05-24,19:00:00,28.162,28.162,28.15,28.15,712,0
2016-05-24,19:20:00,28.123,28.123,28.113,28.113,458,0
2016-05-24,19:50:00,28.133,28.133,28.133,28.133,1471,0
2016-05-24,20:00:00,28.133,28.133,28.133,28.133,203,0
2016-05-24,21:05:00,28.182,28.182,28.182,28.182,203,0
2016-05-24,21:15:00,28.172,28.172,28.172,28.172,509,0
2016-05-24,21:30:00,28.172,28.172,28.172,28.172,102,0
2016-05-24,21:40:00,28.182,28.182,28.182,28.182,1076,0
2016-05-24,21:50:00,28.178,28.178,28.172,28.172,548,0
2016-05-24,22:00:00,28.182,28.182,28.182,28.182,102,0
2016-05-25,15:35:00,28.182,28.182,28.123,28.123,626,0
2016-05-25,16:45:00,28.148,28.148,28.148,28.148,127,0
2016-05-25,17:20:00,28.172,28.172,28.113,28.123,4587,0
2016-05-25,18:30:00,28.093,28.093,28.093,28.093,203,0
2016-05-25,18:50:00,28.093,28.093,28.093,28.093,102,0
2016-05-25,18:55:00,28.093,28.093,28.093,28.093,926,0
2016-05-25,19:05:00,28.093,28.093,28.093,28.093,102,0
2016-05-25,19:10:00,28.093,28.093,28.093,28.093,305,0
2016-05-25,19:15:00,28.093,28.093,28.093,28.093,203,0
2016-05-25,19:35:00,28.092,28.093,28.089,28.089,2077,0
2016-05-25,19:40:00,28.089,28.089,28.089,28.089,509,0
2016-05-25,20:20:00,28.113,28.162,28.084,28.136,3972,0
2016-05-25,20:50:00,28.133,28.133,28.133,28.133,769,0
2016-05-25,21:15:00,28.147,28.147,28.103,28.103,1050,0
2016-05-25,21:30:00,28.149,28.152,28.103,28.103,1965,0
2016-05-25,21:50:00,28.171,28.171,28.171,28.171,356,0
2016-05-25,22:00:00,28.133,28.133,28.113,28.113,638,0
2016-05-26,15:50:00,28.182,28.182,28.182,28.182,1526,0
2016-05-26,15:55:00,28.177,28.177,28.177,28.177,153,0
2016-05-26,16:00:00,28.162,28.162,28.162,28.162,2950,0
2016-05-26,17:30:00,28.182,28.182,28.182,28.182,203,0
2016-05-26,17:45:00,28.182,28.182,28.176,28.176,1017,0
2016-05-26,17:55:00,28.172,28.172,28.172,28.172,331,0
2016-05-26,18:00:00,28.172,28.172,28.172,28.172,102,0
2016-05-26,18:05:00,28.182,28.182,28.182,28.182,814,0
2016-05-26,19:35:00,28.18,28.18,28.18,28.18,305,0
2016-05-26,20:30:00,28.211,28.211,28.211,28.211,326,0
2016-05-26,20:35:00,28.192,28.211,28.182,28.211,3286,0
2016-05-26,21:05:00,28.261,28.261,28.26,28.26,1115,0
2016-05-26,21:35:00,28.221,28.221,28.194,28.194,509,0
2016-05-26,22:00:00,28.211,28.211,28.192,28.192,203,0
2016-05-27,15:35:00,28.261,28.261,28.261,28.261,371,0
2016-05-27,16:30:00,28.261,28.261,28.261,28.261,237,0
2016-05-27,16:35:00,28.261,28.261,28.261,28.261,203,0
2016-05-27,16:40:00,28.261,28.261,28.261,28.261,203,0
2016-05-27,16:45:00,28.261,28.261,28.261,28.261,102,0
2016-05-27,16:50:00,28.261,28.261,28.261,28.261,102,0
2016-05-27,17:05:00,28.261,28.261,28.221,28.221,1221,0
2016-05-27,17:50:00,28.211,28.211,28.211,28.211,1048,0
2016-05-27,18:10:00,28.211,28.211,28.211,28.211,1119,0
2016-05-27,18:20:00,28.246,28.246,28.246,28.246,421,0
2016-05-27,18:30:00,28.211,28.224,28.211,28.211,1017,0
2016-05-27,18:35:00,28.229,28.229,28.229,28.229,712,0
2016-05-27,19:25:00,28.251,28.251,28.251,28.251,354,0
2016-05-27,19:30:00,28.239,28.239,28.211,28.239,2491,0
2016-05-27,19:45:00,28.212,28.226,28.211,28.212,407,0
2016-05-27,19:55:00,28.232,28.232,28.232,28.232,161,0
2016-05-27,20:25:00,28.241,28.241,28.241,28.241,224,0
2016-05-27,22:00:00,28.211,28.211,28.174,28.174,203,0
2016-05-31,15:50:00,28.252,28.252,28.252,28.252,529,0
2016-05-31,15:55:00,28.211,28.211,28.211,28.211,929,0
2016-05-31,16:25:00,28.261,28.261,28.211,28.211,9690,0
2016-05-31,17:15:00,28.239,28.239,28.239,28.239,303,0
2016-05-31,17:25:00,28.251,28.251,28.251,28.251,203,0
2016-05-31,17:30:00,28.28,28.28,28.28,28.28,102,0
2016-05-31,18:10:00,28.251,28.251,28.251,28.251,102,0
2016-05-31,18:20:00,28.27,28.27,28.252,28.252,203,0
2016-05-31,18:25:00,28.28,28.28,28.28,28.28,102,0
2016-05-31,18:45:00,28.265,28.265,28.265,28.265,321,0
2016-05-31,18:55:00,28.261,28.261,28.261,28.261,102,0
2016-05-31,19:20:00,28.27,28.27,28.252,28.27,2292,0
2016-05-31,19:25:00,28.27,28.27,28.251,28.251,1017,0
2016-05-31,19:45:00,28.261,28.261,28.261,28.261,2543,0
2016-05-31,19:55:00,28.261,28.261,28.251,28.251,479,0
2016-05-31,20:35:00,28.252,28.252,28.251,28.251,814,0
2016-05-31,20:45:00,28.27,28.27,28.27,28.27,290,0
2016-05-31,20:50:00,28.27,28.27,28.27,28.27,102,0
2016-05-31,20:55:00,28.27,28.27,28.27,28.27,203,0
2016-05-31,21:10:00,28.27,28.27,28.27,28.27,203,0
2016-05-31,21:20:00,28.261,28.261,28.261,28.261,1017,0
2016-05-31,21:25:00,28.27,28.27,28.27,28.27,203,0
2016-05-31,21:35:00,28.27,28.27,28.27,28.27,102,0
2016-05-31,21:40:00,28.27,28.27,28.261,28.261,5659,0
2016-05-31,21:45:00,28.27,28.27,28.27,28.27,279,0
2016-05-31,21:50:00,28.27,28.27,28.264,28.264,1587,0
2016-05-31,21:55:00,28.27,28.27,28.27,28.27,203,0
2016-05-31,22:00:00,28.27,28.3,28.27,28.3,1634,0
2016-06-01,15:35:00,28.29,28.29,28.29,28.29,178,0
2016-06-01,16:15:00,28.261,28.261,28.261,28.261,509,0
2016-06-01,16:25:00,28.28,28.28,28.28,28.28,102,0
2016-06-01,16:45:00,28.261,28.261,28.261,28.261,331,0
2016-06-01,16:55:00,28.29,28.3,28.286,28.286,3459,0
2016-06-01,17:30:00,28.292,28.3,28.292,28.3,1017,0
2016-06-01,17:40:00,28.29,28.31,28.29,28.31,1729,0
2016-06-01,18:15:00,28.31,28.31,28.31,28.31,865,0
2016-06-01,18:20:00,28.31,28.31,28.31,28.31,1017,0
2016-06-01,18:25:00,28.359,28.359,28.359,28.359,509,0
2016-06-01,18:35:00,28.338,28.338,28.338,28.338,458,0
2016-06-01,18:45:00,28.334,28.334,28.334,28.334,141,0
2016-06-01,19:10:00,28.349,28.349,28.349,28.349,548,0
2016-06-01,20:10:00,28.359,28.359,28.343,28.359,420,0
2016-06-01,21:10:00,28.32,28.32,28.28,28.31,4419,0
2016-06-01,21:25:00,28.356,28.356,28.356,28.356,464,0
2016-06-01,21:40:00,28.359,28.359,28.359,28.359,102,0
2016-06-01,22:00:00,28.359,28.359,28.359,28.359,102,0
2016-06-02,16:20:00,28.332,28.332,28.329,28.33,509,0
2016-06-02,16:30:00,28.349,28.364,28.349,28.359,7805,0
2016-06-02,16:45:00,28.359,28.359,28.359,28.359,534,0
2016-06-02,16:50:00,28.359,28.359,28.359,28.359,188,0
2016-06-02,17:10:00,28.28,28.349,28.28,28.349,1679,0
2016-06-02,17:20:00,28.359,28.359,28.359,28.359,3211,0
2016-06-02,18:20:00,28.359,28.359,28.359,28.359,363,0
2016-06-02,18:25:00,28.398,28.398,28.398,28.398,203,0
2016-06-02,18:30:00,28.408,28.408,28.408,28.408,1424,0
2016-06-02,19:05:00,28.359,28.359,28.359,28.359,142,0
2016-06-02,19:20:00,28.361,28.361,28.361,28.361,305,0
2016-06-02,19:25:00,28.378,28.378,28.372,28.372,407,0
2016-06-02,20:40:00,28.369,28.378,28.369,28.378,203,0
2016-06-02,21:05:00,28.359,28.359,28.359,28.359,1330,0
2016-06-02,21:40:00,28.349,28.378,28.349,28.378,2412,0
2016-06-03,15:35:00,28.369,28.369,28.369,28.369,280,0
2016-06-03,15:40:00,28.368,28.369,28.366,28.366,2505,0
2016-06-03,15:50:00,28.369,28.369,28.369,28.369,203,0
2016-06-03,16:05:00,28.374,28.374,28.374,28.374,102,0
2016-06-03,16:10:00,28.369,28.369,28.369,28.369,610,0
2016-06-03,16:45:00,28.355,28.355,28.355,28.355,254,0
2016-06-03,18:00:00,28.378,28.418,28.378,28.418,1635,0
2016-06-03,18:20:00,28.418,28.418,28.418,28.418,816,0
2016-06-03,18:45:00,28.379,28.379,28.379,28.379,173,0
2016-06-03,19:25:00,28.409,28.409,28.409,28.409,305,0
2016-06-03,19:50:00,28.428,28.428,28.428,28.428,407,0
2016-06-03,20:00:00,28.447,28.447,28.447,28.447,407,0
2016-06-03,20:15:00,28.446,28.446,28.446,28.446,254,0
2016-06-03,20:50:00,28.447,28.457,28.447,28.457,586,0
2016-06-03,20:55:00,28.457,28.457,28.457,28.457,173,0
2016-06-03,21:00:00,28.457,28.457,28.457,28.457,2340,0
2016-06-03,21:15:00,28.456,28.457,28.456,28.457,1244,0
2016-06-03,21:30:00,28.457,28.457,28.457,28.457,1101,0
2016-06-03,21:35:00,28.477,28.477,28.477,28.477,1118,0
2016-06-03,21:40:00,28.487,28.487,28.487,28.487,102,0
2016-06-03,21:45:00,28.487,28.487,28.487,28.487,407,0
2016-06-03,21:50:00,28.487,28.487,28.487,28.487,287,0
2016-06-03,21:55:00,28.487,28.487,28.487,28.487,1119,0
2016-06-03,22:00:00,28.487,28.487,28.487,28.487,643,0
2016-06-06,16:30:00,28.487,28.487,28.465,28.465,203,0
2016-06-06,16:35:00,28.465,28.487,28.465,28.487,203,0
2016-06-06,17:05:00,28.464,28.464,28.464,28.464,2635,0
2016-06-06,17:15:00,28.467,28.467,28.467,28.467,865,0
2016-06-06,17:25:00,28.467,28.467,28.467,28.467,813,0
2016-06-06,17:55:00,28.467,28.477,28.467,28.477,306,0
2016-06-06,18:10:00,28.467,28.467,28.467,28.467,802,0
2016-06-06,18:15:00,28.46,28.46,28.46,28.46,1673,0
2016-06-06,18:30:00,28.46,28.46,28.46,28.46,1440,0
2016-06-06,19:05:00,28.398,28.398,28.398,28.398,339,0
2016-06-06,19:25:00,28.467,28.477,28.467,28.467,1066,0
2016-06-06,19:45:00,28.415,28.477,28.415,28.477,712,0
2016-06-06,20:15:00,28.477,28.477,28.477,28.477,509,0
2016-06-06,20:25:00,28.477,28.477,28.477,28.477,102,0
2016-06-06,20:50:00,28.477,28.477,28.477,28.477,1352,0
2016-06-06,21:10:00,28.487,28.487,28.465,28.487,1565,0
2016-06-06,21:25:00,28.418,28.418,28.418,28.418,102,0
2016-06-06,21:40:00,28.477,28.477,28.477,28.477,102,0
2016-06-06,21:55:00,28.487,28.487,28.487,28.487,305,0
2016-06-06,22:00:00,28.487,28.487,28.487,28.487,2543,0
2016-06-07,15:35:00,28.487,28.487,28.487,28.487,381,0
2016-06-07,16:05:00,28.487,28.487,28.487,28.487,2035,0
2016-06-07,16:25:00,28.477,28.487,28.477,28.487,509,0
2016-06-07,16:30:00,28.429,28.434,28.429,28.434,1017,0
2016-06-07,16:40:00,28.487,28.487,28.487,28.487,305,0
2016-06-07,16:55:00,28.468,28.468,28.468,28.468,220,0
2016-06-07,17:15:00,28.487,28.487,28.487,28.487,102,0
2016-06-07,17:40:00,28.487,28.487,28.487,28.487,344,0
2016-06-07,18:20:00,28.447,28.447,28.447,28.447,305,0
2016-06-07,18:35:00,28.438,28.438,28.438,28.438,102,0
2016-06-07,18:45:00,28.447,28.447,28.447,28.447,203,0
2016-06-07,19:00:00,28.432,28.432,28.432,28.432,155,0
2016-06-07,19:35:00,28.447,28.447,28.428,28.428,1933,0
2016-06-07,20:05:00,28.447,28.447,28.437,28.437,407,0
2016-06-07,20:50:00,28.437,28.447,28.403,28.403,11027,0
2016-06-07,21:10:00,28.398,28.418,28.398,28.418,712,0
2016-06-07,21:15:00,28.408,28.408,28.408,28.408,344,0
2016-06-07,21:20:00,28.408,28.408,28.408,28.408,203,0
2016-06-07,21:55:00,28.408,28.408,28.408,28.408,524,0
2016-06-07,22:00:00,28.398,28.398,28.398,28.398,203,0
2016-06-08,15:35:00,28.457,28.457,28.457,28.457,1504,0
2016-06-08,15:40:00,28.457,28.457,28.457,28.457,610,0
2016-06-08,15:55:00,28.457,28.457,28.457,28.457,275,0
2016-06-08,16:10:00,28.447,28.457,28.447,28.457,3357,0
2016-06-08,16:15:00,28.457,28.457,28.437,28.437,2979,0
2016-06-08,17:20:00,28.418,28.418,28.418,28.418,407,0
2016-06-08,17:30:00,28.436,28.436,28.436,28.436,509,0
2016-06-08,17:40:00,28.434,28.437,28.434,28.437,814,0
2016-06-08,17:50:00,28.418,28.418,28.418,28.418,203,0
2016-06-08,18:00:00,28.424,28.428,28.424,28.428,590,0
2016-06-08,18:30:00,28.428,28.428,28.421,28.421,305,0
2016-06-08,18:35:00,28.437,28.437,28.428,28.428,1048,0
2016-06-08,18:50:00,28.437,28.437,28.421,28.421,346,0
2016-06-08,19:05:00,28.437,28.437,28.437,28.437,900,0
2016-06-08,20:20:00,28.437,28.437,28.437,28.437,102,0
2016-06-08,20:40:00,28.426,28.426,28.426,28.426,455,0
2016-06-08,20:45:00,28.428,28.428,28.428,28.428,895,0
2016-06-08,20:50:00,28.412,28.412,28.412,28.412,1526,0
2016-06-08,21:20:00,28.404,28.404,28.404,28.404,127,0
2016-06-08,21:35:00,28.437,28.437,28.435,28.437,509,0
2016-06-08,21:45:00,28.43,28.43,28.43,28.43,712,0
2016-06-08,21:55:00,28.437,28.437,28.437,28.437,1017,0
2016-06-08,22:00:00,28.437,28.437,28.437,28.437,712,0
2016-06-09,15:35:00,28.437,28.437,28.437,28.437,966,0
2016-06-09,15:45:00,28.29,28.29,28.29,28.29,203,0
2016-06-09,16:25:00,28.418,28.418,28.418,28.418,203,0
2016-06-09,17:30:00,28.418,28.418,28.408,28.408,1276,0
2016-06-09,17:45:00,28.359,28.359,28.359,28.359,102,0
2016-06-09,17:50:00,28.359,28.359,28.359,28.359,823,0
2016-06-09,17:55:00,28.359,28.359,28.339,28.339,1831,0
2016-06-09,18:00:00,28.359,28.359,28.359,28.359,1453,0
2016-06-09,18:05:00,28.408,28.408,28.408,28.408,407,0
2016-06-09,18:10:00,28.343,28.343,28.343,28.343,102,0
2016-06-09,19:10:00,28.425,28.425,28.425,28.425,407,0
2016-06-09,19:40:00,28.421,28.421,28.421,28.421,509,0
2016-06-09,19:55:00,28.424,28.424,28.424,28.424,509,0
2016-06-09,20:00:00,28.428,28.428,28.428,28.428,203,0
2016-06-09,20:10:00,28.428,28.428,28.428,28.428,712,0
2016-06-09,20:45:00,28.437,28.437,28.43,28.43,203,0
2016-06-09,21:00:00,28.437,28.437,28.437,28.437,203,0
2016-06-09,21:30:00,28.417,28.417,28.417,28.417,1771,0
2016-06-09,21:40:00,28.428,28.447,28.428,28.447,916,0
2016-06-09,21:45:00,28.439,28.439,28.439,28.439,102,0
2016-06-09,21:50:00,28.439,28.439,28.439,28.439,203,0
2016-06-09,21:55:00,28.447,28.467,28.437,28.447,5516,0
2016-06-09,22:00:00,28.447,28.467,28.447,28.467,407,0
2016-06-10,16:25:00,28.428,28.428,28.428,28.428,407,0
2016-06-10,16:35:00,28.418,28.418,28.388,28.388,1755,0
2016-06-10,17:10:00,28.441,28.447,28.441,28.447,1007,0
2016-06-10,17:15:00,28.456,28.456,28.456,28.456,580,0
2016-06-10,17:25:00,28.454,28.454,28.454,28.454,102,0
2016-06-10,18:00:00,28.45,28.45,28.45,28.45,127,0
2016-06-10,18:50:00,28.388,28.388,28.388,28.388,1113,0
2016-06-10,18:55:00,28.437,28.437,28.388,28.388,1018,0
2016-06-10,21:10:00,28.419,28.419,28.419,28.419,102,0
2016-06-10,21:45:00,28.434,28.434,28.434,28.434,254,0
2016-06-10,21:55:00,28.437,28.447,28.437,28.447,1994,0
2016-06-10,22:00:00,28.447,28.447,28.447,28.447,743,0
2016-06-13,16:00:00,28.447,28.447,28.447,28.447,305,0
2016-06-13,16:55:00,28.429,28.429,28.429,28.429,509,0
2016-06-13,17:15:00,28.447,28.447,28.44,28.44,1306,0
2016-06-13,17:45:00,28.431,28.431,28.428,28.428,7518,0
2016-06-13,20:40:00,28.447,28.447,28.447,28.447,203,0
2016-06-13,20:55:00,28.461,28.461,28.428,28.428,1862,0
2016-06-13,21:50:00,28.457,28.467,28.457,28.467,459,0
2016-06-13,21:55:00,28.467,28.467,28.428,28.457,3504,0
2016-06-13,22:00:00,28.466,28.467,28.418,28.418,1388,0
2016-06-14,15:35:00,28.57,28.57,28.56,28.56,1600,0
2016-06-14,15:40:00,28.61,28.61,28.57,28.57,400,0
2016-06-14,15:45:00,28.5957,28.5957,28.57,28.57,1135,0
2016-06-14,16:25:00,28.58,28.58,28.58,28.58,1059,0
2016-06-14,16:30:00,28.5801,28.585,28.57,28.585,1250,0
2016-06-14,16:45:00,28.57,28.57,28.57,28.57,200,0
2016-06-14,16:55:00,28.57,28.57,28.57,28.57,300,0
2016-06-14,17:00:00,28.5898,28.5898,28.5898,28.5898,100,0
2016-06-14,17:05:00,28.57,28.57,28.56,28.56,1800,0
2016-06-14,17:15:00,28.56,28.56,28.53,28.53,2174,0
2016-06-14,17:25:00,28.53,28.56,28.53,28.55,1800,0
2016-06-14,17:30:00,28.51,28.51,28.4901,28.4901,300,0
2016-06-14,17:40:00,28.49,28.49,28.49,28.49,100,0
2016-06-14,17:45:00,28.5599,28.5599,28.5599,28.5599,200,0
2016-06-14,17:50:00,28.49,28.5588,28.49,28.5588,1075,0
2016-06-14,18:05:00,28.55,28.55,28.55,28.55,680,0
2016-06-14,18:45:00,28.56,28.56,28.52,28.52,450,0
2016-06-14,19:40:00,28.53,28.53,28.5,28.52,3500,0
2016-06-14,20:20:00,28.56,28.56,28.5411,28.5411,304,0
2016-06-14,21:05:00,28.54,28.54,28.54,28.54,100,0
2016-06-14,21:20:00,28.55,28.55,28.5401,28.5401,300,0
2016-06-14,21:25:00,28.55,28.56,28.54,28.56,3202,0
2016-06-14,21:30:00,28.56,28.59,28.56,28.5876,6510,0
2016-06-14,21:35:00,28.57,28.59,28.57,28.59,400,0
2016-06-14,21:40:00,28.56,28.575,28.55,28.55,1700,0
2016-06-14,21:45:00,28.55,28.61,28.54,28.61,1673,0
2016-06-14,21:50:00,28.63,28.63,28.63,28.63,500,0
2016-06-14,22:00:00,28.63,28.63,28.53,28.53,406,0
2016-06-15,15:35:00,28.74,28.74,28.645,28.737,4850,0
2016-06-15,15:40:00,28.5401,28.5401,28.54,28.54,300,0
2016-06-15,15:45:00,28.53,28.54,28.53,28.54,1467,0
2016-06-15,15:50:00,28.54,28.54,28.533,28.533,800,0
2016-06-15,15:55:00,28.54,28.54,28.533,28.533,800,0
2016-06-15,16:00:00,28.52,28.54,28.49,28.49,600,0
2016-06-15,16:25:00,28.52,28.52,28.4701,28.4701,1100,0
2016-06-15,16:30:00,28.5165,28.52,28.5165,28.52,1300,0
2016-06-15,16:40:00,28.52,28.52,28.52,28.52,2000,0
2016-06-15,16:45:00,28.5301,28.549,28.48,28.543,7500,0
2016-06-15,17:05:00,28.55,28.55,28.55,28.55,200,0
2016-06-15,17:10:00,28.53,28.55,28.53,28.546,500,0
2016-06-15,17:15:00,28.53,28.53,28.51,28.51,1600,0
2016-06-15,17:20:00,28.555,28.555,28.51,28.51,1400,0
2016-06-15,17:40:00,28.5741,28.5741,28.5741,28.5741,100,0
2016-06-15,18:25:00,28.59,28.6,28.59,28.59,750,0
2016-06-15,19:00:00,28.5201,28.565,28.51,28.51,3200,0
2016-06-15,19:05:00,28.5,28.5,28.5,28.5,2400,0
2016-06-15,19:20:00,28.495,28.51,28.495,28.4978,3800,0
2016-06-15,20:10:00,28.5,28.5,28.49,28.49,2885,0
2016-06-15,20:35:00,28.4999,28.4999,28.4999,28.4999,400,0
2016-06-15,20:40:00,28.5,28.5,28.5,28.5,1014,0
2016-06-15,20:45:00,28.49,28.49,28.49,28.49,1900,0
2016-06-15,20:50:00,28.5001,28.5618,28.5,28.5618,2466,0
2016-06-15,21:20:00,28.6587,28.66,28.605,28.6587,1100,0
2016-06-15,21:35:00,28.605,28.605,28.5,28.57,10008,0
2016-06-15,21:40:00,28.5385,28.5385,28.5385,28.5385,120,0
2016-06-15,21:45:00,28.5982,28.5982,28.5982,28.5982,115,0
2016-06-15,21:50:00,28.48,28.48,28.48,28.48,100,0
2016-06-15,21:55:00,28.49,28.5,28.49,28.5,550,0
2016-06-15,22:00:00,28.49,28.49,28.48,28.48,400,0
2016-06-16,15:35:00,28.5,28.5,28.5,28.5,2000,0
2016-06-16,15:45:00,28.5,28.5,28.5,28.5,2000,0
2016-06-16,15:55:00,28.47,28.47,28.47,28.47,200,0
2016-06-16,16:00:00,28.42,28.42,28.42,28.42,1300,0
2016-06-16,16:05:00,28.4699,28.4699,28.4699,28.4699,200,0
2016-06-16,16:25:00,28.42,28.42,28.34,28.34,2000,0
2016-06-16,16:30:00,28.34,28.34,28.34,28.34,1000,0
2016-06-16,16:35:00,28.34,28.34,28.34,28.34,200,0
2016-06-16,16:50:00,28.3603,28.3603,28.3603,28.3603,156,0
2016-06-16,16:55:00,28.32,28.32,28.32,28.32,100,0
2016-06-16,17:35:00,28.4499,28.4499,28.34,28.35,666,0
2016-06-16,17:55:00,28.405,28.405,28.399,28.399,450,0
2016-06-16,18:30:00,28.4468,28.4468,28.43,28.43,1000,0
2016-06-16,18:35:00,28.434,28.45,28.43,28.45,1300,0
2016-06-16,19:15:00,28.4499,28.4499,28.4499,28.4499,185,0
2016-06-16,19:20:00,28.43,28.44,28.38,28.3899,800,0
2016-06-16,19:35:00,28.439,28.439,28.428,28.428,500,0
2016-06-16,20:15:00,28.3948,28.3948,28.3948,28.3948,1000,0
2016-06-16,20:25:00,28.4399,28.4399,28.4399,28.4399,700,0
2016-06-16,20:50:00,28.4399,28.4399,28.4399,28.4399,490,0
2016-06-16,20:55:00,28.44,28.44,28.44,28.44,243,0
2016-06-16,21:10:00,28.45,28.46,28.45,28.46,460,0
2016-06-16,21:25:00,28.48,28.48,28.48,28.48,300,0
2016-06-16,21:55:00,28.48,28.49,28.48,28.48,1680,0
2016-06-16,22:00:00,28.48,28.48,28.48,28.48,400,0
2016-06-17,15:35:00,28.48,28.48,28.48,28.48,1000,0
2016-06-17,16:05:00,28.4,28.4,28.4,28.4,100,0
2016-06-17,16:15:00,28.42,28.42,28.42,28.42,350,0
2016-06-17,16:25:00,28.42,28.42,28.42,28.42,100,0
2016-06-17,16:30:00,28.428,28.428,28.428,28.428,800,0
2016-06-17,16:45:00,28.44,28.44,28.428,28.43,3540,0
2016-06-17,16:50:00,28.397,28.397,28.397,28.397,170,0
2016-06-17,17:25:00,28.45,28.46,28.45,28.46,500,0
2016-06-17,17:35:00,28.46,28.4799,28.46,28.4799,700,0
2016-06-17,17:40:00,28.47,28.47,28.47,28.47,100,0
2016-06-17,17:50:00,28.4799,28.4799,28.4,28.4,1850,0
2016-06-17,17:55:00,28.4001,28.41,28.36,28.36,6577,0
2016-06-17,18:00:00,28.37,28.37,28.37,28.37,100,0
2016-06-17,18:10:00,28.377,28.42,28.3711,28.3711,1000,0
2016-06-17,18:35:00,28.43,28.43,28.39,28.39,1610,0
2016-06-17,18:40:00,28.42,28.42,28.38,28.38,4595,0
2016-06-17,18:45:00,28.4599,28.4599,28.4599,28.4599,300,0
2016-06-17,18:55:00,28.46,28.46,28.45,28.46,300,0
2016-06-17,19:05:00,28.47,28.47,28.385,28.385,200,0
2016-06-17,20:00:00,28.46,28.46,28.449,28.449,400,0
2016-06-17,20:15:00,28.4347,28.4347,28.4347,28.4347,100,0
2016-06-17,20:25:00,28.4693,28.4693,28.4693,28.4693,861,0
2016-06-17,20:55:00,28.47,28.47,28.47,28.47,300,0
2016-06-17,21:15:00,28.47,28.47,28.47,28.47,2051,0
2016-06-17,21:20:00,28.47,28.47,28.47,28.47,340,0
2016-06-17,21:55:00,28.45,28.45,28.43,28.43,2100,0
2016-06-17,22:00:00,28.47,28.47,28.47,28.47,100,0
2016-06-20,15:35:00,28.49,28.5,28.48,28.5,10139,0
2016-06-20,15:40:00,28.49,28.4901,28.48,28.48,12000,0
2016-06-20,15:50:00,28.448,28.448,28.448,28.448,778,0
2016-06-20,16:00:00,28.47,28.49,28.47,28.49,600,0
2016-06-20,16:05:00,28.49,28.49,28.49,28.49,600,0
2016-06-20,16:25:00,28.4528,28.4528,28.45,28.45,502,0
2016-06-20,16:35:00,28.45,28.45,28.45,28.45,1000,0
2016-06-20,16:55:00,28.44,28.45,28.44,28.44,5727,0
2016-06-20,17:10:00,28.47,28.47,28.47,28.47,400,0
2016-06-20,17:15:00,28.47,28.47,28.45,28.47,4698,0
2016-06-20,17:20:00,28.46,28.46,28.45,28.45,2000,0
2016-06-20,17:25:00,28.4328,28.45,28.4328,28.45,635,0
2016-06-20,17:40:00,28.46,28.46,28.46,28.46,1100,0
2016-06-20,17:55:00,28.452,28.46,28.45,28.46,8400,0
2016-06-20,18:00:00,28.47,28.47,28.47,28.47,400,0
2016-06-20,18:05:00,28.4689,28.4689,28.4689,28.4689,200,0
2016-06-20,18:40:00,28.47,28.47,28.47,28.47,200,0
2016-06-20,18:45:00,28.465,28.465,28.46,28.46,897,0
2016-06-20,18:55:00,28.45,28.45,28.45,28.45,1500,0
2016-06-20,19:10:00,28.45,28.47,28.45,28.47,1768,0
2016-06-20,19:15:00,28.46,28.46,28.44,28.451,14700,0
2016-06-20,19:30:00,28.4511,28.4511,28.4511,28.4511,300,0
2016-06-20,19:45:00,28.452,28.46,28.452,28.46,1227,0
2016-06-20,19:50:00,28.4629,28.4629,28.4629,28.4629,115,0
2016-06-20,20:40:00,28.469,28.469,28.45,28.468,1100,0
2016-06-20,21:05:00,28.4544,28.46,28.45,28.45,500,0
2016-06-20,21:30:00,28.45,28.45,28.45,28.45,300,0
2016-06-20,22:00:00,28.466,28.466,28.41,28.41,1305,0
2016-06-21,16:25:00,28.42,28.42,28.42,28.42,100,0
2016-06-21,16:55:00,28.43,28.43,28.43,28.43,547,0
2016-06-21,17:00:00,28.43,28.45,28.43,28.4401,1353,0
2016-06-21,17:05:00,28.47,28.47,28.47,28.47,800,0
2016-06-21,17:15:00,28.46,28.46,28.4504,28.4504,1200,0
2016-06-21,17:30:00,28.4502,28.4502,28.4502,28.4502,275,0
2016-06-21,17:40:00,28.45,28.45,28.45,28.45,350,0
2016-06-21,17:45:00,28.4599,28.4599,28.4599,28.4599,350,0
2016-06-21,18:20:00,28.46,28.46,28.46,28.46,100,0
2016-06-21,18:25:00,28.46,28.4698,28.4599,28.4698,648,0
2016-06-21,18:55:00,28.46,28.47,28.46,28.46,2300,0
2016-06-21,19:25:00,28.46,28.465,28.46,28.4601,2000,0
2016-06-21,20:05:00,28.46,28.4601,28.46,28.46,500,0
2016-06-21,20:10:00,28.46,28.46,28.42,28.42,1384,0
2016-06-21,20:15:00,28.4454,28.4454,28.4454,28.4454,350,0
2016-06-21,20:50:00,28.42,28.42,28.42,28.42,500,0
2016-06-21,21:00:00,28.425,28.425,28.42,28.42,500,0
2016-06-21,21:05:00,28.4399,28.4399,28.4399,28.4399,2100,0
2016-06-21,21:15:00,28.425,28.43,28.42,28.43,600,0
2016-06-21,21:25:00,28.428,28.428,28.4,28.4,2544,0
2016-06-21,21:30:00,28.405,28.41,28.3701,28.3701,6955,0
2016-06-21,21:35:00,28.38,28.38,28.36,28.3663,12754,0
2016-06-21,21:45:00,28.44,28.44,28.44,28.44,200,0
2016-06-21,22:00:00,28.45,28.45,28.45,28.45,344,0
2016-06-22,15:35:00,28.42,28.42,28.42,28.42,178,0
2016-06-22,15:55:00,28.45,28.45,28.42,28.42,300,0
2016-06-22,16:05:00,28.42,28.42,28.42,28.42,100,0
2016-06-22,16:10:00,28.414,28.414,28.414,28.414,145,0
2016-06-22,16:25:00,28.45,28.45,28.4472,28.4472,2000,0
2016-06-22,16:30:00,28.449,28.449,28.4472,28.4472,1000,0
2016-06-22,16:35:00,28.45,28.45,28.45,28.45,938,0
2016-06-22,16:40:00,28.45,28.51,28.44,28.51,11476,0
2016-06-22,16:45:00,28.52,28.52,28.52,28.52,300,0
2016-06-22,18:10:00,28.5572,28.56,28.55,28.56,990,0
2016-06-22,18:45:00,28.5514,28.5514,28.5514,28.5514,165,0
2016-06-22,18:50:00,28.55,28.56,28.5367,28.5367,2130,0
2016-06-22,18:55:00,28.52,28.52,28.5005,28.5005,516,0
2016-06-22,19:00:00,28.5,28.505,28.5,28.5,400,0
2016-06-22,19:15:00,28.48,28.51,28.47,28.47,2401,0
2016-06-22,19:25:00,28.48,28.48,28.48,28.48,300,0
2016-06-22,19:30:00,28.559,28.559,28.559,28.559,335,0
2016-06-22,20:05:00,28.506,28.506,28.5,28.5,300,0
2016-06-22,20:30:00,28.5,28.5,28.5,28.5,100,0
2016-06-22,21:20:00,28.55,28.56,28.5024,28.56,2765,0
2016-06-22,21:45:00,28.52,28.52,28.52,28.52,700,0
2016-06-22,22:00:00,28.49,28.55,28.48,28.55,1000,0
2016-06-23,15:35:00,28.54,28.57,28.54,28.57,5012,0
2016-06-23,15:40:00,28.57,28.63,28.57,28.63,10244,0
2016-06-23,16:15:00,28.61,28.61,28.61,28.61,100,0
2016-06-23,16:30:00,28.68,28.68,28.68,28.68,110,0
2016-06-23,17:15:00,28.67,28.67,28.67,28.67,100,0
2016-06-23,17:20:00,28.65,28.65,28.65,28.65,100,0
2016-06-23,17:55:00,28.6782,28.6782,28.6782,28.6782,500,0
2016-06-23,18:20:00,28.71,28.71,28.71,28.71,110,0
2016-06-23,18:40:00,28.7399,28.7399,28.7399,28.7399,300,0
2016-06-23,19:00:00,28.714,28.714,28.714,28.714,200,0
2016-06-23,19:35:00,28.6218,28.6218,28.6218,28.6218,591,0
2016-06-23,19:40:00,28.69,28.69,28.69,28.69,135,0
2016-06-23,21:35:00,28.68,28.71,28.68,28.71,411,0
2016-06-23,21:55:00,28.6401,28.6401,28.6401,28.6401,100,0
2016-06-23,22:00:00,28.69,28.69,28.63,28.63,305,0
2016-06-24,15:35:00,28.39,28.4,28.3,28.3903,8134,0
2016-06-24,15:40:00,28.32,28.32,28.32,28.32,500,0
2016-06-24,15:45:00,28.4,28.48,28.4,28.48,590,0
2016-06-24,16:00:00,28.5415,28.5415,28.5415,28.5415,775,0
2016-06-24,16:30:00,28.588,28.588,28.588,28.588,610,0
2016-06-24,16:55:00,28.569,28.569,28.569,28.569,100,0
2016-06-24,17:10:00,28.45,28.54,28.45,28.54,1900,0
2016-06-24,17:45:00,28.476,28.476,28.476,28.476,164,0
2016-06-24,17:50:00,28.52,28.52,28.5,28.5,600,0
2016-06-24,17:55:00,28.5,28.5,28.5,28.5,959,0
2016-06-24,18:00:00,28.54,28.54,28.54,28.54,295,0
2016-06-24,19:35:00,28.57,28.585,28.5601,28.5601,1577,0
2016-06-24,19:40:00,28.5939,28.6099,28.5939,28.6099,360,0
2016-06-24,19:50:00,28.61,28.61,28.46,28.46,4500,0
2016-06-24,20:20:00,28.46,28.46,28.46,28.46,1000,0
2016-06-24,20:25:00,28.45,28.45,28.32,28.32,2500,0
2016-06-24,20:35:00,28.33,28.5299,28.31,28.5299,5270,0
2016-06-24,20:45:00,28.31,28.31,28.3,28.3,2000,0
2016-06-24,21:15:00,28.459,28.459,28.459,28.459,300,0
2016-06-24,21:25:00,28.31,28.31,28.29,28.29,994,0
2016-06-24,21:50:00,28.415,28.415,28.415,28.415,100,0
2016-06-24,22:00:00,28.4471,28.47,28.4471,28.47,605,0
2016-06-27,15:35:00,28.61,28.61,28.61,28.61,717,0
2016-06-27,15:55:00,28.55,28.55,28.5,28.5,200,0
2016-06-27,16:35:00,28.49,28.49,28.49,28.49,100,0
2016-06-27,16:50:00,28.49,28.49,28.29,28.29,3264,0
2016-06-27,16:55:00,28.3,28.3,28.2985,28.2999,5900,0
2016-06-27,17:00:00,28.3,28.3,28.3,28.3,152,0
2016-06-27,17:05:00,28.3,28.4,28.3,28.4,6600,0
2016-06-27,17:10:00,28.3143,28.3143,28.3143,28.3143,1000,0
2016-06-27,18:30:00,28.3293,28.3293,28.3293,28.3293,116,0
2016-06-27,19:10:00,28.57,28.57,28.57,28.57,1500,0
2016-06-27,20:35:00,28.5099,28.5099,28.5099,28.5099,362,0
2016-06-27,20:40:00,28.5385,28.5385,28.5385,28.5385,500,0
2016-06-27,20:45:00,28.4,28.4,28.4,28.4,300,0
2016-06-27,20:50:00,28.435,28.435,28.435,28.435,273,0
2016-06-27,21:15:00,28.3,28.3,28.24,28.25,7546,0
2016-06-27,21:20:00,28.25,28.4899,28.25,28.4899,7200,0
2016-06-27,21:35:00,28.29,28.29,28.24,28.24,2759,0
2016-06-27,21:50:00,28.3,28.3,28.3,28.3,100,0
2016-06-27,22:00:00,28.29,28.4,28.29,28.4,339,0
2016-06-28,15:35:00,28.42,28.42,28.42,28.42,500,0
2016-06-28,15:40:00,28.41,28.41,28.41,28.41,100,0
2016-06-28,16:20:00,28.48,28.5,28.48,28.5,1414,0
2016-06-28,16:40:00,28.4001,28.4001,28.4001,28.4001,700,0
2016-06-28,16:45:00,28.405,28.405,28.4009,28.4009,800,0
2016-06-28,16:55:00,28.4999,28.4999,28.4999,28.4999,700,0
2016-06-28,17:40:00,28.4795,28.4795,28.4795,28.4795,700,0
2016-06-28,17:45:00,28.49,28.49,28.49,28.49,345,0
2016-06-28,19:10:00,28.436,28.455,28.436,28.455,700,0
2016-06-28,19:15:00,28.4799,28.4799,28.4799,28.4799,500,0
2016-06-28,19:55:00,28.49,28.49,28.49,28.49,400,0
2016-06-28,20:00:00,28.49,28.49,28.49,28.49,300,0
2016-06-28,20:35:00,28.4783,28.5,28.45,28.45,1864,0
2016-06-28,20:40:00,28.49,28.5,28.49,28.499,5380,0
2016-06-28,20:45:00,28.5,28.5,28.49,28.4976,1100,0
2016-06-28,20:50:00,28.5,28.5,28.5,28.5,2000,0
2016-06-28,20:55:00,28.5,28.5,28.494,28.494,200,0
2016-06-28,21:00:00,28.5,28.5,28.5,28.5,2000,0
2016-06-28,21:10:00,28.5,28.5,28.5,28.5,400,0
2016-06-28,21:15:00,28.48,28.5,28.48,28.5,2997,0
2016-06-28,21:20:00,28.5,28.55,28.5,28.53,3296,0
2016-06-28,21:25:00,28.51,28.5799,28.51,28.51,1412,0
2016-06-28,21:30:00,28.5099,28.5099,28.5,28.5,500,0
2016-06-28,21:35:00,28.5,28.5401,28.5,28.5,500,0
2016-06-28,21:45:00,28.5,28.5301,28.5,28.51,800,0
2016-06-28,21:55:00,28.51,28.51,28.5,28.5,200,0
2016-06-28,22:00:00,28.47,28.47,28.47,28.47,100,0
2016-06-29,15:35:00,28.57,28.57,28.57,28.57,1128,0
2016-06-29,16:30:00,28.5799,28.5799,28.5799,28.5799,750,0
2016-06-29,16:40:00,28.56,28.56,28.56,28.56,200,0
2016-06-29,17:00:00,28.54,28.54,28.54,28.54,100,0
2016-06-29,17:05:00,28.559,28.56,28.559,28.56,1854,0
2016-06-29,17:10:00,28.5599,28.58,28.5286,28.58,2754,0
2016-06-29,17:15:00,28.57,28.6,28.57,28.58,2000,0
2016-06-29,17:20:00,28.6,28.68,28.6,28.68,4693,0
2016-06-29,17:40:00,28.65,28.65,28.65,28.65,100,0
2016-06-29,17:45:00,28.6796,28.6796,28.6796,28.6796,1100,0
2016-06-29,18:05:00,28.7,28.7,28.7,28.7,100,0
2016-06-29,18:10:00,28.605,28.6368,28.6,28.6368,1800,0
2016-06-29,18:20:00,28.7,28.79,28.7,28.79,3007,0
2016-06-29,18:25:00,28.76,28.76,28.76,28.76,300,0
2016-06-29,19:10:00,28.71,28.74,28.71,28.74,446,0
2016-06-29,19:15:00,28.75,28.75,28.75,28.75,200,0
2016-06-29,19:55:00,28.75,28.75,28.63,28.63,500,0
2016-06-29,20:10:00,28.701,28.701,28.701,28.701,300,0
2016-06-29,20:15:00,28.6227,28.6227,28.6227,28.6227,2000,0
2016-06-29,20:35:00,28.7989,28.7989,28.7989,28.7989,400,0
2016-06-29,20:40:00,28.7989,28.7999,28.7288,28.7288,1400,0
2016-06-29,20:50:00,28.7989,28.7989,28.7989,28.7989,400,0
2016-06-29,21:40:00,28.78,28.78,28.78,28.78,300,0
2016-06-29,22:00:00,28.7899,28.7899,28.78,28.78,400,0
2016-06-30,15:35:00,28.8,28.8,28.79,28.8,7309,0
2016-06-30,15:45:00,28.64,28.725,28.64,28.725,600,0
2016-06-30,15:50:00,28.8,28.8,28.7865,28.7865,2524,0
2016-06-30,15:55:00,28.797,28.8,28.797,28.8,778,0
2016-06-30,16:00:00,28.8,28.8,28.8,28.8,1000,0
2016-06-30,16:10:00,28.87,28.87,28.87,28.87,100,0
2016-06-30,16:15:00,28.94,28.94,28.94,28.94,100,0
2016-06-30,16:20:00,28.9205,28.9205,28.9205,28.9205,375,0
2016-06-30,16:35:00,28.96,28.96,28.96,28.96,829,0
2016-06-30,16:40:00,28.9564,28.9564,28.9564,28.9564,600,0
2016-06-30,16:55:00,28.96,28.96,28.9598,28.9598,3936,0
2016-06-30,17:00:00,28.93,28.93,28.93,28.93,175,0
2016-06-30,17:10:00,28.9855,28.9855,28.9855,28.9855,400,0
2016-06-30,17:15:00,28.9837,28.9837,28.9837,28.9837,150,0
2016-06-30,17:20:00,28.98,28.99,28.98,28.99,7524,0
2016-06-30,17:25:00,28.99,29,28.99,29,1432,0
2016-06-30,17:40:00,29,29,28.9021,28.9021,550,0
2016-06-30,18:15:00,29,29,29,29,1175,0
2016-06-30,19:10:00,29,29,29,29,400,0
2016-06-30,19:25:00,28.9999,29,28.9999,29,496,0
2016-06-30,19:35:00,29,29,28.99,29,1399,0
2016-06-30,19:40:00,28.9918,29,28.9918,29,2700,0
2016-06-30,19:45:00,29.0418,29.05,29.0418,29.05,600,0
2016-06-30,19:50:00,29.091,29.091,29.091,29.091,121,0
2016-06-30,20:00:00,29.01,29.01,29,29,200,0
2016-06-30,20:05:00,28.99,29.032,28.99,29.032,642,0
2016-06-30,20:10:00,29.0261,29.0261,28.99,28.99,904,0
2016-06-30,20:15:00,29,29,29,29,200,0
2016-06-30,20:20:00,28.98,28.98,28.98,28.98,100,0
2016-06-30,20:40:00,29.04,29.04,29.04,29.04,100,0
2016-06-30,20:45:00,28.9903,29.0035,28.9903,29.0035,2100,0
2016-06-30,21:05:00,28.9901,29.02,28.9901,29.02,1100,0
2016-06-30,21:30:00,29.05,29.05,29.05,29.05,190,0
2016-06-30,21:45:00,29.01,29.01,29.01,29.01,100,0
2016-06-30,21:55:00,29.04,29.04,29.03,29.04,600,0
2016-06-30,22:00:00,29.05,29.05,29.05,29.05,322,0
2016-07-01,16:05:00,29.05,29.05,29.05,29.05,800,0
2016-07-01,16:15:00,29.035,29.05,29.0277,29.05,4454,0
2016-07-01,16:20:00,29.05,29.05,29.05,29.05,243,0
2016-07-01,16:25:00,29.035,29.05,29.035,29.05,1125,0
2016-07-01,16:30:00,29.05,29.05,29.045,29.045,200,0
2016-07-01,16:35:00,29.05,29.05,29.05,29.05,500,0
2016-07-01,16:40:00,29.05,29.05,29.05,29.05,100,0
2016-07-01,16:45:00,29.045,29.045,28.99,28.99,2300,0
2016-07-01,16:50:00,28.965,28.965,28.9,28.95,700,0
2016-07-01,17:00:00,29.0699,29.0699,29.0699,29.0699,300,0
2016-07-01,17:10:00,28.9532,29.07,28.92,29.06,2728,0
2016-07-01,17:15:00,29.07,29.07,29.02,29.03,300,0
2016-07-01,17:20:00,29.06,29.06,29.06,29.06,300,0
2016-07-01,17:25:00,29.0692,29.0692,29.06,29.06,810,0
2016-07-01,17:30:00,29.1,29.1,29.1,29.1,100,0
2016-07-01,17:40:00,29.08,29.08,29.06,29.06,4100,0
2016-07-01,17:45:00,29,29,29,29,400,0
2016-07-01,17:55:00,28.99,28.99,28.99,28.99,100,0
2016-07-01,18:10:00,28.95,29,28.95,28.98,4272,0
2016-07-01,18:15:00,28.98,28.98,28.98,28.98,300,0
2016-07-01,18:20:00,28.985,28.985,28.97,28.97,600,0
2016-07-01,18:25:00,28.96,28.98,28.96,28.98,500,0
2016-07-01,18:35:00,28.9801,28.9801,28.9801,28.9801,100,0
2016-07-01,18:45:00,28.98,28.99,28.97,28.97,900,0
2016-07-01,18:50:00,28.97,28.98,28.97,28.97,1200,0
2016-07-01,19:00:00,28.99,28.99,28.99,28.99,200,0
2016-07-01,19:05:00,28.98,28.99,28.98,28.99,700,0
2016-07-01,19:10:00,28.97,28.97,28.97,28.97,100,0
2016-07-01,19:15:00,28.9537,28.9537,28.9537,28.9537,205,0
2016-07-01,19:25:00,28.9699,28.9699,28.9699,28.9699,330,0
2016-07-01,19:40:00,28.97,28.97,28.9699,28.9699,1100,0
2016-07-01,19:45:00,28.97,28.97,28.97,28.97,100,0
2016-07-01,19:55:00,28.97,28.985,28.97,28.97,1600,0
2016-07-01,20:00:00,28.99,28.995,28.99,28.99,1400,0
2016-07-01,20:25:00,29,29,29,29,400,0
2016-07-01,20:30:00,29,29,29,29,4600,0
2016-07-01,20:35:00,29,29,29,29,3100,0
2016-07-01,20:40:00,29,29,29,29,17659,0
2016-07-01,20:45:00,29.12,29.12,29.12,29.12,900,0
2016-07-01,20:50:00,29.12,29.12,29.12,29.12,149,0
2016-07-01,21:00:00,29.1,29.1,29.1,29.1,800,0
2016-07-01,21:05:00,29.11,29.12,29.1,29.12,1996,0
2016-07-01,21:10:00,29.12,29.12,29.12,29.12,6100,0
2016-07-01,21:15:00,29.12,29.15,29.12,29.15,2951,0
2016-07-01,21:20:00,29.15,29.15,29.1473,29.1473,1400,0
2016-07-01,21:25:00,29.145,29.15,29.1401,29.15,500,0
2016-07-01,21:30:00,29.15,29.15,29.14,29.145,1000,0
2016-07-01,21:40:00,29.145,29.145,29.05,29.09,2500,0
2016-07-01,21:45:00,29.13,29.15,29.05,29.05,8500,0
2016-07-01,21:50:00,29.05,29.15,29.05,29.15,4400,0
2016-07-01,21:55:00,29.15,29.19,29.08,29.19,6661,0
2016-07-01,22:00:00,29.19,29.2,29.17,29.19,1548,0
