Date,Time,Open,High,Low,Close,Volume,OpenInt
2015-08-21,19:00:00,32.881,32.881,32.881,32.881,102,0
2015-08-24,18:50:00,32.115,32.115,32.115,32.115,155,0
2015-08-25,19:30:00,32.165,32.165,32.165,32.165,102,0
2015-08-26,16:25:00,32.01,32.01,32,32,722,0
2015-08-27,17:30:00,32.696,32.696,32.696,32.696,102,0
2015-08-31,21:05:00,32.483,32.483,32.483,32.483,102,0
2015-08-31,21:45:00,32.533,32.533,32.533,32.533,102,0
2015-09-01,18:40:00,31.652,31.652,31.652,31.652,618,0
2015-09-01,21:25:00,31.555,31.555,31.555,31.555,206,0
2015-09-03,22:00:00,31.875,31.875,31.837,31.837,262,0
2015-09-04,15:45:00,31.487,31.497,31.477,31.477,527,0
2015-09-04,18:00:00,31.371,31.38,31.371,31.38,512,0
2015-09-10,21:50:00,32.36,32.36,32.36,32.36,102,0
2015-09-11,16:20:00,32.193,32.203,32.193,32.203,476,0
2015-09-11,17:25:00,32.175,32.175,32.175,32.175,618,0
2015-09-15,18:30:00,32.107,32.107,32.107,32.107,102,0
2015-09-15,19:15:00,32.097,32.097,32.097,32.097,618,0
2015-09-17,15:35:00,35.081,35.081,32.795,32.795,341,0
2015-09-22,17:05:00,31.186,31.186,31.186,31.186,308,0
2015-09-22,17:10:00,31.195,31.195,31.195,31.195,308,0
2015-09-25,18:20:00,31.469,31.469,31.469,31.469,889,0
2015-09-25,18:30:00,31.478,31.478,31.478,31.478,102,0
2015-09-29,18:15:00,30.738,30.738,30.738,30.738,308,0
2015-09-29,20:50:00,30.738,30.738,30.738,30.738,308,0
2015-09-29,21:15:00,30.698,30.698,30.698,30.698,308,0
2015-09-30,21:45:00,31.224,31.224,31.224,31.224,154,0
2015-10-02,21:20:00,31.778,31.778,31.778,31.778,102,0
2015-10-06,20:05:00,32.605,32.605,32.605,32.605,616,0
2015-10-08,17:25:00,33.022,33.022,33.022,33.022,308,0
2015-10-08,17:45:00,33.022,33.042,33.022,33.042,616,0
2015-10-09,16:20:00,33.491,33.491,33.491,33.491,525,0
2015-10-09,20:35:00,33.577,33.587,33.577,33.587,616,0
2015-10-12,15:35:00,33.851,33.851,33.851,33.851,459,0
2015-10-12,15:40:00,33.549,33.558,33.549,33.558,431,0
2015-10-13,20:15:00,33.169,33.169,33.169,33.169,102,0
2015-10-13,21:25:00,33.169,33.169,33.169,33.169,205,0
2015-10-14,16:15:00,33.345,33.345,33.345,33.345,104,0
2015-10-14,16:25:00,33.297,33.297,33.297,33.297,131,0
2015-10-14,17:40:00,33.199,33.218,33.199,33.218,862,0
2015-10-14,20:05:00,33.335,33.335,33.335,33.335,168,0
2015-10-15,21:10:00,33.744,33.744,33.744,33.744,639,0
2015-10-19,15:35:00,33.169,33.169,33.169,33.169,140,0
2015-10-22,20:40:00,33.667,33.667,33.667,33.667,515,0
2015-10-23,17:05:00,33.922,33.922,33.922,33.922,594,0
2015-10-26,20:55:00,33.764,33.764,33.764,33.764,102,0
2015-10-27,14:35:00,33.764,33.764,33.764,33.764,490,0
2015-10-27,15:50:00,33.764,33.77,33.764,33.764,591,0
2015-10-27,17:00:00,33.424,33.424,33.424,33.424,102,0
2015-10-30,16:10:00,33.317,33.317,33.31,33.31,298,0
2015-11-02,21:30:00,33.27,33.27,33.257,33.257,207,0
2015-11-03,15:55:00,33.181,33.181,33.181,33.181,102,0
2015-11-03,16:50:00,33.298,33.298,33.298,33.298,102,0
2015-11-03,17:25:00,33.307,33.307,33.307,33.307,174,0
2015-11-03,19:30:00,33.483,33.483,33.483,33.483,102,0
2015-11-03,20:10:00,33.512,33.521,33.512,33.521,640,0
2015-11-03,20:20:00,33.531,33.56,33.531,33.56,1192,0
2015-11-03,20:45:00,33.551,33.551,33.551,33.551,173,0
2015-11-05,15:45:00,33.24,33.24,33.24,33.24,102,0
2015-11-05,19:00:00,33.141,33.141,33.141,33.141,563,0
2015-11-05,19:55:00,33.103,33.103,33.103,33.103,308,0
2015-11-05,20:25:00,33.083,33.083,33.083,33.083,515,0
2015-11-05,20:50:00,33.073,33.073,33.073,33.073,308,0
2015-11-06,15:35:00,33.044,33.044,33.044,33.044,515,0
2015-11-06,15:45:00,32.878,32.888,32.878,32.888,604,0
2015-11-06,16:50:00,32.732,32.752,32.732,32.752,728,0
2015-11-06,20:45:00,32.674,32.703,32.674,32.703,1165,0
2015-11-06,20:50:00,32.674,32.693,32.674,32.684,2513,0
2015-11-06,20:55:00,32.684,32.693,32.677,32.684,2210,0
2015-11-06,21:00:00,32.693,32.713,32.693,32.693,806,0
2015-11-06,21:05:00,32.693,32.703,32.693,32.703,411,0
2015-11-06,21:10:00,32.693,32.703,32.693,32.703,1189,0
2015-11-06,21:20:00,32.713,32.741,32.703,32.703,5182,0
2015-11-06,21:30:00,32.703,32.703,32.703,32.703,925,0
2015-11-06,21:35:00,32.732,32.732,32.732,32.732,147,0
2015-11-09,16:10:00,32.674,32.674,32.674,32.674,102,0
2015-11-09,16:35:00,32.372,32.372,32.369,32.369,246,0
2015-11-09,20:35:00,32.306,32.306,32.306,32.306,38429,0
2015-11-13,20:10:00,31.868,31.878,31.868,31.878,515,0
2015-11-16,16:55:00,32.258,36.081,32.048,33.56,28968,0
2015-11-16,17:00:00,33.473,33.56,31.829,31.989,165596,0
2015-11-16,17:05:00,31.984,31.984,31.917,31.917,49826,0
2015-11-16,17:15:00,31.964,31.984,31.954,31.964,28451,0
2015-11-16,17:20:00,31.954,31.984,31.898,31.954,2671,0
2015-11-16,17:25:00,31.917,31.954,31.917,31.954,1533,0
2015-11-16,17:35:00,31.964,31.964,31.964,31.964,308,0
2015-11-16,18:05:00,32.014,32.014,32.014,32.014,3083,0
2015-11-16,18:35:00,32.063,32.063,32.063,32.063,102,0
2015-11-16,18:40:00,32.063,32.063,32.052,32.052,1234,0
2015-11-16,19:20:00,32.082,32.091,32.082,32.091,720,0
2015-11-16,20:25:00,32.15,32.15,32.15,32.15,308,0
2015-11-16,20:35:00,32.17,32.17,32.17,32.17,308,0
2015-11-16,20:40:00,32.179,32.218,32.179,32.218,583,0
2015-11-16,20:45:00,32.208,32.218,32.198,32.218,1128,0
2015-11-16,20:50:00,32.188,32.208,32.188,32.208,182,0
2015-11-16,21:00:00,32.14,32.14,32.14,32.14,205,0
2015-11-16,21:25:00,32.208,32.228,32.208,32.228,409,0
2015-11-16,21:30:00,32.248,32.248,32.248,32.248,102,0
2015-11-16,21:40:00,32.248,32.248,32.238,32.238,65062,0
2015-11-16,21:45:00,32.238,32.238,32.228,32.228,2257,0
2015-11-16,21:50:00,32.228,32.238,32.228,32.228,11077,0
2015-11-16,21:55:00,32.238,32.248,32.238,32.248,7297,0
2015-11-16,22:00:00,32.248,32.316,32.248,32.316,8636,0
2015-11-17,21:45:00,32.28,32.28,32.28,32.28,138,0
2015-11-18,17:40:00,32.357,32.357,32.357,32.357,603,0
2015-11-18,19:10:00,32.298,32.298,32.298,32.298,2104,0
2015-11-18,19:35:00,32.414,32.414,32.414,32.414,422,0
2015-11-18,20:15:00,32.473,32.473,32.473,32.473,364,0
2015-11-18,20:30:00,32.446,32.446,32.446,32.446,389,0
2015-11-18,21:50:00,32.6,32.6,32.6,32.6,170,0
2015-11-20,15:35:00,33.048,33.048,33.048,33.048,102,0
2015-11-20,16:40:00,32.959,32.961,32.941,32.961,3252,0
2015-11-20,18:00:00,32.901,32.901,32.901,32.901,307,0
2015-11-20,19:15:00,32.881,32.881,32.881,32.881,590,0
2015-11-20,22:00:00,32.815,32.815,32.815,32.815,102,0
2015-11-23,18:15:00,32.677,32.677,32.677,32.677,615,0
2015-11-23,19:05:00,32.62,32.62,32.62,32.62,386,0
2015-11-23,21:35:00,32.57,32.57,32.507,32.507,736,0
2015-11-24,15:40:00,32.337,32.337,32.337,32.337,102,0
2015-11-24,16:00:00,32.366,32.366,32.366,32.366,946,0
2015-11-24,16:05:00,32.367,32.367,32.367,32.367,102,0
2015-11-24,16:20:00,32.357,32.357,32.357,32.357,102,0
2015-11-24,16:40:00,32.308,32.308,32.308,32.308,205,0
2015-11-24,17:15:00,32.357,32.357,32.357,32.357,205,0
2015-11-24,17:40:00,32.414,32.414,32.414,32.414,102,0
2015-11-24,18:05:00,32.473,32.473,32.473,32.473,102,0
2015-11-24,18:20:00,32.512,32.512,32.512,32.512,102,0
2015-11-24,18:40:00,32.502,32.502,32.502,32.502,102,0
2015-11-24,18:45:00,32.502,32.502,32.502,32.502,102,0
2015-11-24,19:10:00,32.522,32.522,32.522,32.522,102,0
2015-11-24,19:25:00,32.522,32.522,32.522,32.522,102,0
2015-11-24,19:30:00,32.512,32.512,32.512,32.512,102,0
2015-11-24,20:00:00,32.562,32.562,32.562,32.562,102,0
2015-11-24,20:10:00,32.562,32.562,32.562,32.562,102,0
2015-11-24,20:35:00,32.522,32.522,32.522,32.522,102,0
2015-11-24,21:00:00,32.522,32.522,32.522,32.522,167,0
2015-11-25,16:25:00,32.492,32.492,32.492,32.492,131,0
2015-11-25,17:10:00,32.502,32.521,32.502,32.521,2239,0
2015-11-25,17:55:00,32.562,32.562,32.549,32.549,280,0
2015-11-25,18:30:00,32.589,32.599,32.589,32.599,2564,0
2015-11-25,20:30:00,32.455,32.455,32.455,32.455,664,0
2015-12-02,19:05:00,32.696,32.696,32.696,32.696,514,0
2015-12-03,15:35:00,32.961,32.961,32.765,32.765,205,0
2015-12-03,16:40:00,32.657,32.657,32.657,32.657,102,0
2015-12-03,17:00:00,32.696,32.696,32.696,32.696,102,0
2015-12-03,17:45:00,32.737,32.737,32.737,32.737,235,0
2015-12-03,18:10:00,32.682,32.682,32.682,32.682,102,0
2015-12-03,18:30:00,32.677,32.677,32.677,32.677,102,0
2015-12-03,20:45:00,32.444,32.444,32.444,32.444,102,0
2015-12-03,21:15:00,32.532,32.532,32.532,32.532,102,0
2015-12-03,21:35:00,32.454,32.454,32.454,32.454,102,0
2015-12-03,21:55:00,32.522,32.522,32.522,32.522,102,0
2015-12-04,15:35:00,32.542,32.542,32.542,32.542,205,0
2015-12-04,16:00:00,32.667,32.677,32.667,32.677,205,0
2015-12-04,16:50:00,32.657,32.657,32.657,32.657,205,0
2015-12-04,17:20:00,32.629,32.629,32.629,32.629,102,0
2015-12-04,17:50:00,32.605,32.607,32.6,32.605,5245,0
2015-12-04,17:55:00,32.6,32.6,32.6,32.6,205,0
2015-12-04,20:20:00,32.755,32.755,32.755,32.755,615,0
2015-12-04,20:25:00,32.755,32.765,32.755,32.765,409,0
2015-12-04,21:10:00,32.815,32.815,32.805,32.805,307,0
2015-12-04,21:15:00,32.852,32.852,32.852,32.852,238,0
2015-12-04,21:35:00,32.81,32.81,32.81,32.81,102,0
2015-12-04,21:50:00,32.815,32.815,32.815,32.815,102,0
2015-12-04,21:55:00,32.815,32.815,32.815,32.815,102,0
2015-12-04,22:00:00,32.815,32.815,32.815,32.815,102,0
2015-12-07,15:35:00,32.629,32.629,32.629,32.629,205,0
2015-12-08,15:35:00,32.054,32.054,32.054,32.054,409,0
2015-12-09,19:30:00,31.655,31.655,31.655,31.655,307,0
2015-12-10,19:20:00,31.89,31.89,31.89,31.89,105,0
2015-12-10,21:05:00,31.918,31.918,31.918,31.918,409,0
2015-12-10,21:20:00,31.889,31.889,31.889,31.889,409,0
2015-12-10,21:45:00,31.84,31.849,31.84,31.849,2283,0
2015-12-11,21:00:00,31.303,31.303,31.295,31.295,1277,0
2015-12-14,16:35:00,31.108,31.108,31.108,31.108,205,0
2015-12-14,19:10:00,31.225,31.225,31.225,31.225,162,0
2015-12-14,19:30:00,31.148,31.148,31.148,31.148,263,0
2015-12-14,21:40:00,31.148,31.148,31.148,31.148,102,0
2015-12-15,18:40:00,31.46,31.46,31.46,31.46,138,0
2015-12-15,18:50:00,31.47,31.47,31.47,31.47,115,0
2015-12-15,21:50:00,31.334,31.334,31.334,31.334,569,0
2015-12-16,17:00:00,31.547,31.547,31.545,31.547,794,0
2015-12-16,18:25:00,31.508,31.517,31.507,31.517,1237,0
2015-12-17,20:35:00,31.497,31.497,31.497,31.497,272,0
2015-12-18,16:20:00,31.177,31.177,31.177,31.177,718,0
2015-12-18,21:55:00,31.05,31.05,31.021,31.021,1024,0
2015-12-21,16:25:00,31.363,31.363,31.363,31.363,102,0
2015-12-21,19:25:00,31.079,31.079,31.079,31.079,790,0
2015-12-21,21:55:00,31.098,31.098,31.098,31.098,102,0
2015-12-22,16:35:00,31.264,31.264,31.264,31.264,205,0
2015-12-22,20:20:00,31.333,31.333,31.333,31.333,307,0
2015-12-22,21:05:00,31.363,31.363,31.363,31.363,307,0
2015-12-22,21:20:00,31.401,31.401,31.401,31.401,1539,0
2015-12-22,21:25:00,31.401,31.401,31.401,31.401,615,0
2015-12-22,21:55:00,31.363,31.363,31.363,31.363,307,0
2015-12-22,22:00:00,31.363,31.372,31.363,31.372,718,0
2015-12-23,18:00:00,31.752,31.752,31.752,31.752,111,0
2015-12-23,18:30:00,31.78,31.78,31.78,31.78,710,0
2015-12-23,20:35:00,31.81,31.81,31.81,31.81,307,0
2015-12-23,21:50:00,31.859,31.859,31.859,31.859,307,0
2015-12-28,16:05:00,31.676,31.676,31.666,31.666,512,0
2015-12-28,19:20:00,31.792,31.792,31.792,31.792,102,0
2015-12-28,21:20:00,31.782,31.782,31.782,31.782,129,0
2015-12-29,19:35:00,32.135,32.145,32.135,32.145,57830,0
2015-12-29,19:55:00,32.145,32.145,32.145,32.145,612,0
2015-12-29,20:10:00,32.145,32.145,32.145,32.145,2859,0
2015-12-29,20:20:00,32.184,32.184,32.184,32.184,102,0
2015-12-30,15:35:00,32.214,32.214,32.214,32.214,418,0
2015-12-30,17:45:00,31.999,31.999,31.999,31.999,132,0
2015-12-30,18:00:00,31.959,31.959,31.959,31.959,71423,0
2015-12-30,18:10:00,31.959,31.959,31.959,31.959,1225,0
2015-12-30,18:15:00,31.959,32.016,31.959,32.016,216,0
2015-12-30,19:50:00,31.959,31.959,31.949,31.949,204,0
2015-12-30,20:00:00,31.959,31.997,31.959,31.997,204,0
2015-12-30,20:35:00,31.959,31.999,31.959,31.999,517,0
2015-12-31,17:45:00,31.593,31.627,31.582,31.627,3574,0
2015-12-31,17:50:00,31.627,31.627,31.627,31.627,204,0
2015-12-31,18:05:00,31.686,31.706,31.686,31.696,1590,0
2015-12-31,18:25:00,31.736,31.736,31.736,31.736,306,0
2015-12-31,19:55:00,31.716,31.716,31.716,31.716,102,0
2015-12-31,21:35:00,31.617,31.627,31.577,31.577,2034,0
2016-01-04,21:50:00,30.96,30.98,30.96,30.98,612,0
2016-01-04,22:00:00,31.039,31.039,31.039,31.039,138,0
2016-01-05,16:55:00,30.794,30.794,30.794,30.794,225,0
2016-01-05,18:50:00,30.618,30.618,30.618,30.618,7082,0
2016-01-05,19:25:00,30.765,30.765,30.657,30.691,1821,0
2016-01-05,19:30:00,30.792,30.805,30.753,30.753,1824,0
2016-01-05,19:40:00,30.736,30.736,30.736,30.736,406,0
2016-01-05,19:50:00,30.725,30.843,30.725,30.79,4878,0
2016-01-05,19:55:00,30.853,30.853,30.755,30.816,3900,0
2016-01-05,20:35:00,30.922,30.922,30.922,30.922,243,0
2016-01-05,22:00:00,30.932,30.932,30.932,30.932,102,0
2016-01-06,15:35:00,30.392,30.392,30.284,30.284,344,0
2016-01-06,16:45:00,30.41,30.41,30.41,30.41,259,0
2016-01-06,17:30:00,30.461,30.461,30.461,30.461,204,0
2016-01-06,21:25:00,30.243,30.243,30.243,30.243,164,0
2016-01-07,16:15:00,29.961,29.981,29.961,29.981,1123,0
2016-01-07,19:05:00,29.854,29.854,29.854,29.854,102,0
2016-01-07,19:10:00,29.825,29.825,29.815,29.815,2859,0
2016-01-07,19:15:00,29.795,29.795,29.795,29.795,102,0
2016-01-07,19:20:00,29.755,29.755,29.755,29.755,102,0
2016-01-07,19:30:00,29.75,29.75,29.75,29.75,102,0
2016-01-07,19:35:00,29.735,29.735,29.735,29.735,102,0
2016-01-07,19:40:00,29.697,29.697,29.697,29.697,102,0
2016-01-07,19:45:00,29.697,29.697,29.697,29.697,102,0
2016-01-07,19:50:00,29.726,29.726,29.726,29.726,102,0
2016-01-07,20:05:00,29.735,29.735,29.735,29.735,102,0
2016-01-07,20:10:00,29.717,29.717,29.707,29.707,569,0
2016-01-07,20:25:00,29.702,29.707,29.702,29.707,204,0
2016-01-07,20:30:00,29.702,29.707,29.687,29.687,512,0
2016-01-07,20:35:00,29.682,29.682,29.682,29.682,102,0
2016-01-07,20:40:00,29.662,29.662,29.662,29.662,102,0
2016-01-07,20:45:00,29.662,29.662,29.662,29.662,102,0
2016-01-07,20:50:00,29.662,29.662,29.662,29.662,102,0
2016-01-07,20:55:00,29.662,29.662,29.662,29.662,102,0
2016-01-07,21:00:00,29.662,29.667,29.662,29.662,407,0
2016-01-07,21:05:00,29.662,29.662,29.662,29.662,102,0
2016-01-07,21:10:00,29.662,29.662,29.662,29.662,102,0
2016-01-07,21:15:00,29.662,29.662,29.662,29.662,102,0
2016-01-07,21:20:00,29.662,29.662,29.662,29.662,204,0
2016-01-07,21:25:00,29.662,29.662,29.662,29.662,102,0
2016-01-07,21:30:00,29.662,29.667,29.657,29.662,952,0
2016-01-07,21:35:00,29.643,29.652,29.643,29.652,204,0
2016-01-07,21:40:00,29.652,29.652,29.652,29.652,204,0
2016-01-07,21:45:00,29.652,29.652,29.652,29.652,204,0
2016-01-07,21:50:00,29.652,29.652,29.652,29.652,306,0
2016-01-07,21:55:00,29.652,29.652,29.652,29.652,407,0
2016-01-07,22:00:00,29.652,29.652,29.652,29.652,817,0
2016-01-08,16:00:00,29.961,29.961,29.961,29.961,102,0
2016-01-08,20:00:00,29.815,29.815,29.755,29.79,580,0
2016-01-11,20:50:00,29.727,29.727,29.727,29.727,138,0
2016-01-11,21:55:00,29.765,29.765,29.765,29.765,80,0
2016-01-12,22:00:00,29.952,29.961,29.952,29.961,1328,0
2016-01-13,15:35:00,30.099,30.099,30.099,30.099,204,0
2016-01-13,15:55:00,30.137,30.137,30.137,30.137,204,0
2016-01-13,16:15:00,30.133,30.133,30.133,30.133,204,0
2016-01-13,16:35:00,30.128,30.128,30.128,30.128,102,0
2016-01-13,16:40:00,29.997,29.997,29.997,29.997,102,0
2016-01-13,18:25:00,29.931,29.931,29.931,29.931,116,0
2016-01-13,19:35:00,29.765,29.765,29.765,29.765,102,0
2016-01-13,19:45:00,29.755,29.755,29.75,29.75,840,0
2016-01-13,20:00:00,29.745,29.745,29.745,29.745,204,0
2016-01-13,21:15:00,29.531,29.531,29.531,29.531,204,0
2016-01-13,21:40:00,29.511,29.511,29.511,29.511,102,0
2016-01-13,21:50:00,29.501,29.501,29.501,29.501,102,0
2016-01-13,22:00:00,29.511,29.511,29.511,29.511,102,0
2016-01-14,20:05:00,29.726,29.726,29.726,29.726,181,0
2016-01-14,20:20:00,29.745,29.745,29.735,29.735,1940,0
2016-01-14,20:30:00,29.726,29.726,29.726,29.726,306,0
2016-01-14,20:35:00,29.726,29.775,29.726,29.726,4801,0
2016-01-14,20:40:00,29.726,29.735,29.697,29.697,1635,0
2016-01-14,21:05:00,29.726,29.726,29.726,29.726,1123,0
2016-01-14,21:10:00,29.726,29.726,29.726,29.726,512,0
2016-01-14,21:15:00,29.726,29.726,29.726,29.726,407,0
2016-01-14,21:20:00,29.726,29.726,29.726,29.726,612,0
2016-01-14,21:25:00,29.726,29.726,29.726,29.726,512,0
2016-01-14,21:30:00,29.726,29.726,29.726,29.726,715,0
2016-01-14,21:35:00,29.726,29.726,29.726,29.726,102,0
2016-01-15,16:45:00,28.922,28.923,28.922,28.923,204,0
2016-01-15,18:00:00,28.67,28.67,28.67,28.67,567,0
2016-01-15,18:30:00,28.562,28.562,28.562,28.562,407,0
2016-01-15,21:45:00,28.689,28.689,28.689,28.689,211,0
2016-01-15,21:55:00,28.708,28.832,28.708,28.832,285,0
2016-01-19,15:35:00,29.297,29.297,29.297,29.297,50,0
2016-01-19,17:05:00,28.959,28.959,28.959,28.959,893,0
2016-01-19,17:20:00,28.973,28.973,28.973,28.973,173,0
2016-01-19,19:55:00,28.904,28.908,28.904,28.908,754,0
2016-01-19,21:30:00,28.786,28.786,28.786,28.786,750,0
2016-01-19,21:55:00,28.997,28.997,28.997,28.997,100,0
2016-01-19,22:00:00,28.923,28.923,28.923,28.923,192,0
2016-01-20,20:15:00,28.316,28.316,28.316,28.316,306,0
2016-01-20,20:30:00,28.159,28.276,28.159,28.276,7715,0
2016-01-20,22:00:00,28.463,28.541,28.463,28.541,226,0
2016-01-21,18:05:00,28.845,28.845,28.845,28.845,110,0
2016-01-22,15:35:00,29.139,29.139,29.139,29.139,184,0
2016-01-22,15:50:00,29.501,29.501,29.501,29.501,102,0
2016-01-22,16:05:00,29.608,29.608,29.608,29.608,204,0
2016-01-22,16:15:00,29.638,29.638,29.638,29.638,204,0
2016-01-22,16:30:00,29.608,29.608,29.608,29.608,204,0
2016-01-22,16:45:00,29.598,29.598,29.598,29.598,204,0
2016-01-22,17:00:00,29.55,29.55,29.452,29.452,352,0
2016-01-22,17:15:00,29.461,29.461,29.461,29.461,204,0
2016-01-22,17:30:00,29.511,29.511,29.511,29.511,102,0
2016-01-22,17:40:00,29.442,29.442,29.442,29.442,204,0
2016-01-22,18:00:00,29.432,29.432,29.432,29.432,204,0
2016-01-22,18:20:00,29.471,29.471,29.471,29.471,102,0
2016-01-22,18:40:00,29.471,29.471,29.471,29.471,204,0
2016-01-22,19:00:00,29.501,29.501,29.501,29.501,204,0
2016-01-22,19:25:00,29.491,29.501,29.491,29.501,373,0
2016-01-22,19:45:00,29.531,29.531,29.531,29.531,204,0
2016-01-22,20:05:00,29.579,29.579,29.579,29.579,204,0
2016-01-22,20:25:00,29.618,29.618,29.618,29.618,204,0
2016-01-22,20:45:00,29.541,29.541,29.541,29.541,204,0
2016-01-22,21:00:00,29.56,29.56,29.56,29.56,204,0
2016-01-22,21:15:00,29.521,29.521,29.521,29.521,204,0
2016-01-22,21:30:00,29.57,29.57,29.57,29.57,102,0
2016-01-25,21:20:00,29.279,29.279,29.279,29.279,306,0
2016-01-26,15:35:00,29.217,29.217,29.217,29.217,513,0
2016-01-26,16:25:00,29.667,29.677,29.667,29.677,6083,0
2016-01-26,16:30:00,29.677,29.686,29.675,29.675,6733,0
2016-01-27,16:30:00,29.608,29.608,29.608,29.608,114,0
2016-01-27,19:50:00,29.951,29.951,29.951,29.951,179,0
2016-01-27,20:05:00,30.079,30.079,30.079,30.079,116,0
2016-02-01,18:25:00,30.187,30.187,30.118,30.167,131835,0
2016-02-01,18:30:00,30.157,30.157,30.157,30.157,407,0
2016-02-01,18:35:00,30.157,30.157,30.157,30.157,407,0
2016-02-01,18:40:00,30.147,30.147,30.147,30.147,919,0
2016-02-01,18:45:00,30.157,30.157,30.157,30.157,1838,0
2016-02-01,19:05:00,30.137,30.177,30.137,30.177,3166,0
2016-02-01,19:15:00,30.157,30.167,30.147,30.147,6840,0
2016-02-01,19:30:00,30.207,30.207,30.207,30.207,102,0
2016-02-01,20:00:00,30.197,30.217,30.197,30.217,612,0
2016-02-01,20:05:00,30.237,30.237,30.237,30.237,306,0
2016-02-01,20:15:00,30.217,30.217,30.217,30.217,612,0
2016-02-01,20:30:00,30.283,30.283,30.283,30.283,306,0
2016-02-01,20:40:00,30.303,30.303,30.303,30.303,612,0
2016-02-01,20:45:00,30.303,30.303,30.303,30.303,2144,0
2016-02-01,21:00:00,30.303,30.313,30.303,30.313,1225,0
2016-02-01,21:05:00,30.333,30.333,30.333,30.333,306,0
2016-02-01,21:15:00,30.313,30.313,30.313,30.313,306,0
2016-02-01,21:25:00,30.383,30.392,30.383,30.392,1532,0
2016-02-01,21:35:00,30.411,30.411,30.411,30.411,1225,0
2016-02-01,21:50:00,30.392,30.392,30.392,30.392,102,0
2016-02-02,19:30:00,29.707,29.707,29.707,29.707,102,0
2016-02-02,20:15:00,29.631,29.631,29.628,29.628,440,0
2016-02-03,16:40:00,29.364,29.364,29.364,29.364,134,0
2016-02-04,20:20:00,30.191,30.191,30.191,30.191,365,0
2016-02-04,21:15:00,30.137,30.137,30.137,30.137,898,0
2016-02-04,21:30:00,30.202,30.202,30.202,30.202,538,0
2016-02-04,21:35:00,30.181,30.181,30.181,30.181,754,0
2016-02-04,21:40:00,30.137,30.157,30.137,30.147,1125,0
2016-02-04,21:45:00,30.147,30.207,30.128,30.207,512,0
2016-02-05,18:20:00,29.844,29.844,29.844,29.844,133,0
2016-02-08,21:25:00,29.207,29.207,29.207,29.207,299,0
2016-02-09,15:35:00,29.069,29.069,29.069,29.069,566,0
2016-02-09,16:35:00,28.904,28.904,28.904,28.904,164,0
2016-02-11,17:25:00,28.532,28.532,28.511,28.521,1091,0
2016-02-11,19:20:00,28.492,28.492,28.492,28.492,193,0
2016-02-12,20:30:00,28.894,28.894,28.894,28.894,357,0
2016-02-12,21:55:00,28.983,28.983,28.983,28.983,306,0
2016-02-12,22:00:00,29.002,29.031,29.002,29.031,306,0
2016-02-16,16:45:00,29.293,29.293,29.293,29.293,669,0
2016-02-16,17:20:00,29.243,29.253,29.175,29.243,88648,0
2016-02-16,17:30:00,29.293,29.293,29.283,29.283,4895,0
2016-02-16,17:35:00,29.283,29.283,29.283,29.283,2241,0
2016-02-16,22:00:00,29.449,29.449,29.449,29.449,199,0
2016-02-17,16:20:00,29.724,29.724,29.714,29.714,816,0
2016-02-18,19:35:00,29.986,29.986,29.986,29.986,666,0
2016-02-19,17:55:00,29.88,29.89,29.88,29.89,10981,0
2016-02-23,20:25:00,29.747,29.747,29.747,29.747,465,0
2016-02-24,15:35:00,29.331,29.331,29.331,29.331,102,0
2016-02-24,16:25:00,28.984,28.984,28.984,28.984,193,0
2016-02-24,20:55:00,29.409,29.409,29.409,29.409,102,0
2016-02-25,21:15:00,29.752,29.752,29.752,29.752,102,0
2016-02-26,21:35:00,29.61,29.61,29.61,29.61,389,0
2016-02-29,15:55:00,29.576,29.576,29.576,29.576,150,0
2016-02-29,18:15:00,29.674,29.684,29.674,29.684,2448,0
2016-03-01,15:55:00,29.949,29.949,29.949,29.949,102,0
2016-03-01,16:30:00,30.037,30.037,30.034,30.034,1079,0
2016-03-01,16:55:00,30.047,30.057,30.047,30.057,355,0
2016-03-01,17:05:00,30.047,30.057,30.047,30.057,306,0
2016-03-01,17:40:00,30.127,30.127,30.127,30.127,369,0
2016-03-01,17:45:00,30.116,30.116,30.096,30.096,714,0
2016-03-01,17:55:00,30.092,30.092,30.092,30.092,102,0
2016-03-01,18:00:00,30.087,30.096,30.087,30.096,611,0
2016-03-01,18:05:00,30.096,30.134,30.087,30.087,4284,0
2016-03-02,16:15:00,30.214,30.214,30.214,30.214,290,0
2016-03-02,20:00:00,30.356,30.381,30.356,30.376,7337,0
2016-03-02,20:40:00,30.351,30.351,30.351,30.351,559,0
2016-03-04,16:00:00,30.861,30.861,30.851,30.851,1632,0
2016-03-04,16:05:00,30.851,30.851,30.851,30.851,6527,0
2016-03-04,20:45:00,31.087,31.087,31.077,31.077,643,0
2016-03-08,17:40:00,30.774,30.774,30.774,30.774,548,0
2016-03-09,15:55:00,31.059,31.059,31.059,31.059,102,0
2016-03-09,17:45:00,31.158,31.158,31.158,31.158,102,0
2016-03-09,18:10:00,31.197,31.197,31.197,31.197,102,0
2016-03-10,18:40:00,30.823,30.823,30.823,30.823,609,0
2016-03-10,19:50:00,30.842,30.852,30.842,30.846,682,0
2016-03-11,19:45:00,31.669,31.669,31.669,31.669,102,0
2016-03-11,21:30:00,31.669,31.669,31.668,31.669,1219,0
2016-03-14,15:05:00,31.589,31.589,31.589,31.589,109,0
2016-03-15,16:25:00,31.295,31.335,31.295,31.335,6709,0
2016-03-15,16:30:00,31.345,31.413,31.345,31.413,80386,0
2016-03-15,16:35:00,31.355,31.403,31.355,31.403,9656,0
2016-03-15,17:10:00,31.413,31.423,31.413,31.423,3761,0
2016-03-15,17:40:00,31.412,31.412,31.408,31.408,278,0
2016-03-15,20:30:00,31.452,31.452,31.452,31.452,630,0
2016-03-16,16:00:00,31.39,31.39,31.39,31.39,303,0
2016-03-16,19:05:00,31.492,31.492,31.492,31.492,102,0
2016-03-16,21:00:00,31.964,31.964,31.964,31.964,102,0
2016-03-17,14:50:00,32.072,32.072,32.072,32.072,102,0
2016-03-17,15:45:00,32.21,32.21,32.21,32.21,308,0
2016-03-17,17:35:00,32.387,32.387,32.318,32.387,1931,0
2016-03-18,15:35:00,32.457,32.457,32.457,32.457,102,0
2016-03-18,17:10:00,32.337,32.337,32.337,32.337,138,0
2016-03-21,14:35:00,33.106,33.106,33.106,33.106,311,0
2016-03-21,15:45:00,32.25,32.26,32.25,32.25,782,0
2016-03-21,20:45:00,32.29,32.29,32.29,32.29,102,0
2016-03-22,15:15:00,32.038,32.038,32.038,32.038,109,0
2016-03-23,16:50:00,31.806,31.806,31.806,31.806,21849,0
2016-03-24,14:35:00,31.473,31.473,31.473,31.473,203,0
2016-03-24,19:55:00,31.492,31.492,31.492,31.492,102,0
2016-03-24,20:35:00,31.501,31.501,31.501,31.501,102,0
2016-03-28,20:35:00,31.714,31.714,31.714,31.714,124,0
2016-03-29,17:55:00,31.551,31.551,31.551,31.551,203,0
2016-03-30,17:35:00,32.362,32.362,32.362,32.362,111,0
2016-03-30,18:10:00,32.318,32.318,32.318,32.318,102,0
2016-03-31,17:25:00,32.289,32.289,32.289,32.289,190,0
2016-03-31,17:55:00,32.184,32.185,32.184,32.185,364,0
2016-03-31,19:30:00,32.259,32.259,32.259,32.259,139,0
2016-03-31,21:15:00,32.161,32.161,32.161,32.161,542,0
2016-04-01,15:35:00,31.748,31.748,31.748,31.748,203,0
2016-04-01,16:30:00,31.719,31.719,31.719,31.719,54712,0
2016-04-01,17:35:00,31.669,31.669,31.669,31.669,853,0
2016-04-04,21:50:00,31.766,31.766,31.762,31.766,315,0
2016-04-05,15:35:00,31.423,31.423,31.423,31.423,203,0
2016-04-05,19:50:00,31.194,31.194,31.188,31.188,345,0
2016-04-05,19:55:00,31.194,31.194,31.194,31.194,111,0
2016-04-06,19:05:00,31.649,31.649,31.649,31.649,494,0
2016-04-06,20:55:00,31.58,31.58,31.546,31.546,203,0
2016-04-07,15:35:00,31.482,31.482,31.482,31.482,102,0
2016-04-07,20:10:00,31.139,31.139,31.139,31.139,1016,0
2016-04-07,20:15:00,31.041,31.041,31.041,31.041,464,0
2016-04-08,16:10:00,31.757,31.757,31.757,31.757,102,0
2016-04-08,16:15:00,31.767,31.767,31.767,31.767,264,0
2016-04-08,17:30:00,31.719,31.719,31.719,31.719,2115,0
2016-04-08,18:25:00,31.709,31.71,31.694,31.71,1794,0
2016-04-08,19:15:00,31.649,31.649,31.649,31.649,1016,0
2016-04-08,19:40:00,31.669,31.669,31.659,31.659,430,0
2016-04-08,21:10:00,31.577,31.577,31.577,31.577,154,0
2016-04-11,15:35:00,31.915,31.934,31.915,31.934,1322,0
2016-04-11,19:10:00,31.853,31.853,31.853,31.853,194,0
2016-04-11,21:20:00,31.83,31.83,31.83,31.83,194,0
2016-04-12,15:35:00,31.944,31.944,31.944,31.944,216,0
2016-04-12,21:45:00,32.141,32.141,32.141,32.141,102,0
2016-04-14,17:40:00,32.584,32.584,32.582,32.582,509,0
2016-04-14,18:05:00,32.584,32.584,32.584,32.584,102,0
2016-04-14,20:55:00,32.565,32.565,32.555,32.555,1016,0
2016-04-15,16:10:00,32.474,32.474,32.474,32.474,138,0
2016-04-15,17:00:00,32.478,32.478,32.478,32.478,203,0
2016-04-15,20:00:00,32.466,32.481,32.466,32.471,3229,0
2016-04-18,15:45:00,32.447,32.457,32.447,32.457,978,0
2016-04-18,16:35:00,32.603,32.623,32.603,32.623,406,0
2016-04-18,18:00:00,32.673,32.673,32.673,32.673,102,0
2016-04-18,18:10:00,32.692,32.692,32.692,32.692,102,0
2016-04-18,18:25:00,32.692,32.702,32.692,32.702,203,0
2016-04-18,18:55:00,32.535,32.535,32.535,32.535,902,0
2016-04-18,19:20:00,32.495,32.495,32.495,32.495,3354,0
2016-04-19,18:15:00,32.978,32.978,32.978,32.978,101,0
2016-04-19,19:05:00,33.049,33.049,33.049,33.049,101,0
2016-04-19,20:40:00,33.037,33.037,33.037,33.037,101,0
2016-04-19,21:25:00,33.037,33.037,33.027,33.037,458,0
2016-04-19,21:30:00,33.037,33.037,33.027,33.027,1314,0
2016-04-19,21:45:00,33.037,33.037,33.037,33.037,138,0
2016-04-20,15:35:00,33.126,33.126,33.126,33.126,1866,0
2016-04-20,18:40:00,33.195,33.195,33.195,33.195,101,0
2016-04-20,19:40:00,33.205,33.205,33.195,33.195,708,0
2016-04-20,20:15:00,33.137,33.137,33.137,33.137,324,0
2016-04-21,20:25:00,32.697,32.697,32.697,32.697,301,0
2016-04-21,20:30:00,32.69,32.69,32.683,32.683,606,0
2016-04-21,20:35:00,32.683,32.683,32.683,32.683,407,0
2016-04-21,21:15:00,32.731,32.731,32.705,32.705,404,0
2016-04-22,18:55:00,32.581,32.581,32.581,32.581,303,0
2016-04-22,21:55:00,32.701,32.701,32.701,32.701,404,0
2016-04-25,18:40:00,32.572,32.572,32.533,32.533,2776,0
2016-04-25,18:55:00,32.533,32.671,32.533,32.645,7481,0
2016-04-26,15:50:00,32.785,32.785,32.785,32.785,315,0
2016-04-26,16:05:00,32.953,32.953,32.953,32.953,183,0
2016-04-26,17:15:00,32.849,32.849,32.849,32.849,121,0
2016-04-26,18:20:00,32.878,32.887,32.878,32.887,1426,0
2016-04-26,20:40:00,32.84,32.84,32.838,32.84,404,0
2016-04-26,21:55:00,32.867,32.867,32.867,32.867,102,0
2016-04-27,15:50:00,32.738,32.76,32.709,32.709,455,0
2016-04-27,19:20:00,32.76,32.76,32.76,32.76,280,0
2016-04-27,20:25:00,32.79,32.79,32.79,32.79,101,0
2016-04-27,20:40:00,32.8,32.8,32.8,32.8,202,0
2016-04-27,20:45:00,32.79,32.79,32.79,32.79,202,0
2016-04-27,20:50:00,32.8,32.8,32.79,32.79,809,0
2016-04-27,21:10:00,32.821,32.821,32.821,32.821,451,0
2016-04-28,17:20:00,32.829,32.829,32.829,32.829,196,0
2016-04-28,21:15:00,32.701,32.701,32.592,32.592,1858,0
2016-04-28,21:20:00,32.688,32.688,32.688,32.688,506,0
2016-04-28,21:25:00,32.687,32.687,32.667,32.667,1427,0
2016-04-28,21:35:00,32.616,32.616,32.616,32.616,110,0
2016-04-28,21:40:00,32.631,32.631,32.621,32.621,455,0
2016-04-28,21:45:00,32.641,32.651,32.639,32.639,732,0
2016-04-28,21:50:00,32.671,32.671,32.651,32.656,920,0
2016-04-28,22:00:00,32.572,32.572,32.572,32.572,101,0
2016-04-29,16:50:00,32.681,32.681,32.622,32.622,460,0
2016-04-29,17:45:00,32.543,32.543,32.518,32.543,558,0
2016-04-29,17:55:00,32.553,32.553,32.553,32.553,202,0
2016-04-29,20:15:00,32.518,32.518,32.518,32.518,152,0
2016-04-29,21:10:00,32.434,32.434,32.434,32.434,625,0
2016-05-02,16:35:00,32.78,32.78,32.78,32.78,202,0
2016-05-02,17:15:00,32.809,32.809,32.809,32.809,106,0
2016-05-02,18:50:00,32.76,32.77,32.76,32.77,809,0
2016-05-02,21:25:00,32.83,32.83,32.83,32.83,202,0
2016-05-03,19:55:00,32.493,32.493,32.493,32.493,101,0
2016-05-03,20:50:00,32.404,32.404,32.404,32.404,303,0
2016-05-04,18:10:00,31.999,31.999,31.97,31.97,252,0
2016-05-04,18:30:00,32.057,32.057,32.057,32.057,202,0
2016-05-04,21:05:00,32.009,32.009,32.004,32.009,708,0
2016-05-05,17:00:00,31.999,31.999,31.999,31.999,374,0
2016-05-05,17:05:00,31.999,31.999,31.999,31.999,202,0
2016-05-05,17:10:00,32.017,32.017,32.017,32.017,101,0
2016-05-05,17:25:00,31.979,31.979,31.979,31.979,101,0
2016-05-05,18:40:00,32.005,32.009,31.994,31.999,1212,0
2016-05-05,18:50:00,31.989,31.999,31.989,31.989,3141,0
2016-05-05,21:00:00,31.949,31.949,31.949,31.949,303,0
2016-05-06,18:05:00,31.84,31.84,31.84,31.84,326,0
2016-05-06,18:30:00,31.809,31.809,31.809,31.809,437,0
2016-05-06,19:20:00,31.919,31.919,31.919,31.919,202,0
2016-05-06,22:00:00,31.91,31.91,31.91,31.91,101,0
2016-05-09,17:15:00,31.91,31.91,31.879,31.879,708,0
2016-05-10,15:35:00,32.117,32.117,32.117,32.117,176,0
2016-05-10,16:35:00,31.9,31.9,31.9,31.9,604,0
2016-05-10,18:25:00,32.137,32.137,32.136,32.137,987,0
2016-05-10,18:50:00,32.097,32.097,32.097,32.097,639,0
2016-05-10,21:20:00,32.117,32.117,32.117,32.117,189,0
2016-05-10,21:30:00,32.137,32.137,32.137,32.137,465,0
2016-05-10,21:35:00,32.137,32.137,32.137,32.137,101,0
2016-05-11,18:25:00,32.087,32.087,32.087,32.087,101,0
2016-05-11,18:35:00,32.087,32.087,32.087,32.087,303,0
2016-05-11,18:45:00,32.087,32.087,32.087,32.087,101,0
2016-05-11,18:55:00,32.087,32.087,32.087,32.087,101,0
2016-05-12,16:55:00,31.919,31.919,31.919,31.919,101,0
2016-05-12,17:25:00,31.81,31.81,31.81,31.81,202,0
2016-05-12,17:40:00,31.85,31.85,31.85,31.85,202,0
2016-05-12,18:00:00,31.8,31.8,31.8,31.8,202,0
2016-05-12,18:05:00,31.771,31.771,31.761,31.761,303,0
2016-05-12,18:55:00,31.82,31.82,31.82,31.82,101,0
2016-05-12,19:25:00,31.85,31.85,31.85,31.85,303,0
2016-05-12,19:45:00,31.82,31.82,31.82,31.82,202,0
2016-05-12,20:10:00,31.89,31.89,31.89,31.89,101,0
2016-05-13,16:10:00,31.533,31.533,31.533,31.533,539,0
2016-05-13,16:35:00,31.533,31.533,31.533,31.533,180,0
2016-05-13,16:40:00,31.543,31.543,31.543,31.543,133,0
2016-05-13,16:50:00,31.533,31.533,31.533,31.533,101,0
2016-05-13,18:15:00,31.533,31.543,31.533,31.543,671,0
2016-05-16,18:45:00,31.771,31.771,31.771,31.771,101,0
2016-05-17,21:05:00,31.734,31.734,31.734,31.734,313,0
2016-05-17,21:25:00,31.713,31.713,31.713,31.713,139,0
2016-05-17,21:35:00,31.713,31.713,31.713,31.713,141,0
2016-05-18,19:20:00,31.963,31.963,31.963,31.963,100,0
2016-05-19,16:35:00,31.445,31.445,31.445,31.445,100,0
2016-05-19,18:35:00,31.382,31.382,31.382,31.382,144,0
2016-05-19,19:30:00,31.425,31.425,31.425,31.425,100,0
2016-05-20,16:55:00,31.763,31.763,31.763,31.763,853,0
2016-05-20,17:20:00,31.654,31.654,31.574,31.575,20605,0
2016-05-20,17:35:00,31.629,31.744,31.614,31.624,2037,0
2016-05-20,18:25:00,31.763,31.763,31.763,31.763,100,0
2016-05-20,21:10:00,31.674,31.684,31.664,31.684,3136,0
2016-05-23,16:05:00,31.548,31.548,31.548,31.548,252,0
2016-05-24,16:40:00,32.003,32.003,32.003,32.003,202,0
2016-05-24,20:25:00,32.013,32.013,32.013,32.013,582,0
2016-05-25,19:50:00,32.301,32.301,32.301,32.301,150,0
2016-05-25,20:10:00,32.243,32.243,32.243,32.243,139,0
2016-05-25,20:25:00,32.202,32.202,32.202,32.202,100,0
2016-05-25,20:45:00,32.212,32.212,32.212,32.212,255,0
2016-05-25,21:30:00,32.292,32.301,32.252,32.252,563,0
2016-05-25,21:35:00,32.321,32.321,32.321,32.321,204,0
2016-05-25,21:40:00,32.262,32.262,32.262,32.262,100,0
2016-05-26,15:35:00,32.57,32.57,32.57,32.57,145,0
2016-05-26,20:25:00,32.275,32.275,32.275,32.275,184,0
2016-05-31,16:40:00,32.42,32.42,32.42,32.42,201,0
2016-05-31,20:00:00,32.162,32.162,32.162,32.162,301,0
2016-05-31,20:10:00,32.092,32.092,32.092,32.092,100,0
2016-05-31,20:20:00,32.082,32.082,32.072,32.072,261,0
2016-05-31,20:55:00,32.003,32.003,32.003,32.003,100,0
2016-05-31,21:50:00,32.152,32.162,32.152,32.162,401,0
2016-05-31,21:55:00,32.172,32.172,32.172,32.172,301,0
2016-06-01,16:15:00,31.953,31.953,31.953,31.953,100,0
2016-06-01,16:50:00,31.923,31.923,31.923,31.923,201,0
2016-06-01,17:05:00,31.993,31.993,31.993,31.993,514,0
2016-06-01,18:55:00,31.973,31.983,31.973,31.983,1907,0
2016-06-01,20:25:00,32.052,32.052,32.052,32.052,634,0
2016-06-02,16:25:00,31.913,31.918,31.913,31.918,269,0
2016-06-02,19:10:00,32.082,32.092,32.055,32.055,767,0
2016-06-03,17:25:00,32.194,32.194,32.194,32.194,125,0
2016-06-03,21:10:00,32.371,32.371,32.371,32.371,516,0
2016-06-06,17:45:00,32.561,32.561,32.561,32.561,473,0
2016-06-06,21:30:00,32.57,32.57,32.57,32.57,255,0
2016-06-07,16:05:00,32.76,32.76,32.76,32.76,100,0
2016-06-07,16:50:00,32.81,32.81,32.81,32.81,502,0
2016-06-07,17:15:00,32.858,32.858,32.805,32.805,377,0
2016-06-07,17:30:00,32.76,32.76,32.76,32.76,520,0
2016-06-07,17:35:00,32.75,32.75,32.74,32.74,7423,0
2016-06-07,17:40:00,32.849,32.849,32.805,32.805,502,0
2016-06-07,21:10:00,32.849,32.859,32.849,32.849,722,0
2016-06-08,15:35:00,33.009,33.009,33.009,33.009,100,0
2016-06-08,16:50:00,32.948,32.948,32.948,32.948,232,0
2016-06-08,17:35:00,32.929,32.939,32.929,32.938,786,0
2016-06-08,21:35:00,32.892,32.892,32.892,32.892,100,0
2016-06-09,18:15:00,32.441,32.441,32.431,32.431,206,0
2016-06-10,15:35:00,32.072,32.072,32.072,32.072,161,0
2016-06-10,19:30:00,31.714,31.714,31.714,31.714,396,0
2016-06-10,21:00:00,31.644,31.644,31.644,31.644,100,0
2016-06-10,22:00:00,31.614,31.614,31.614,31.614,100,0
2016-06-13,21:30:00,31.283,31.283,31.283,31.283,221,0
2016-06-14,15:35:00,31.01,31.01,31.01,31.01,200,0
2016-06-14,21:25:00,30.73,30.73,30.73,30.73,200,0
2016-06-15,16:45:00,31.01,31.01,31.01,31.01,100,0
2016-06-16,15:35:00,30.51,30.51,30.51,30.51,100,0
2016-06-16,15:55:00,30.33,30.33,30.33,30.33,655,0
2016-06-16,16:00:00,30.28,30.28,30.28,30.28,100,0
2016-06-16,16:35:00,30.19,30.19,30.18,30.18,300,0
2016-06-16,16:45:00,30.185,30.185,30.185,30.185,300,0
2016-06-16,16:55:00,30.18,30.18,30.18,30.18,100,0
2016-06-16,18:10:00,30.2901,30.2901,30.2901,30.2901,158,0
2016-06-17,15:35:00,30.82,30.82,30.82,30.82,100,0
2016-06-17,15:50:00,30.96,30.96,30.93,30.94,51839,0
2016-06-17,15:55:00,30.94,30.95,30.94,30.94,5400,0
2016-06-17,16:00:00,30.94,30.95,30.94,30.95,10171,0
2016-06-17,16:05:00,30.96,30.96,30.95,30.95,3500,0
2016-06-17,16:10:00,30.95,30.97,30.95,30.96,5000,0
2016-06-17,18:20:00,30.94,30.94,30.94,30.94,7600,0
2016-06-17,18:30:00,30.94,30.94,30.94,30.94,100,0
2016-06-17,21:25:00,31.19,31.22,31.19,31.22,6060,0
2016-06-20,15:35:00,31.94,31.94,31.94,31.94,565,0
2016-06-20,16:05:00,32.171,32.171,32.171,32.171,123,0
2016-06-21,16:10:00,32.014,32.014,32.014,32.014,271,0
2016-06-23,20:05:00,32.8531,32.8531,32.8531,32.8531,357,0
2016-06-24,15:35:00,30.33,30.33,30.33,30.33,510,0
2016-06-24,15:40:00,30.4354,30.4354,30.4354,30.4354,106,0
2016-06-24,16:15:00,30.5899,30.5899,30.5899,30.5899,100,0
2016-06-24,16:20:00,30.5,30.5,30.5,30.5,100,0
2016-06-24,18:20:00,30.05,30.05,30.04,30.04,300,0
2016-06-24,19:00:00,30.04,30.04,30.04,30.04,100,0
2016-06-24,20:55:00,30.1199,30.1199,30.1199,30.1199,120,0
2016-06-27,16:20:00,29,29,29,29,800,0
2016-06-27,16:25:00,29.04,29.04,29.04,29.04,229,0
2016-06-27,20:30:00,28.85,28.85,28.85,28.85,100,0
2016-06-27,20:35:00,28.92,28.92,28.92,28.92,100,0
2016-06-27,20:50:00,28.812,28.812,28.812,28.812,2300,0
2016-06-27,20:55:00,28.8478,28.8478,28.8478,28.8478,642,0
2016-06-27,21:30:00,28.89,28.89,28.89,28.89,73910,0
2016-06-27,21:50:00,28.97,28.97,28.97,28.97,100,0
2016-06-27,22:00:00,29.01,29.01,29.01,29.01,100,0
2016-06-28,15:35:00,33.54,33.54,33.54,33.54,310,0
2016-06-28,15:55:00,31.81,31.81,30.53,30.53,300,0
2016-06-28,16:15:00,29.55,29.6637,29.54,29.55,5978,0
2016-06-28,17:30:00,29.47,29.47,29.47,29.47,100,0
2016-06-28,19:25:00,29.6299,29.6299,29.6299,29.6299,146,0
2016-06-28,19:45:00,29.5839,29.5839,29.5839,29.5839,506,0
2016-06-29,16:55:00,30.3787,30.3787,30.3787,30.3787,576,0
2016-06-29,17:30:00,30.4582,30.4582,30.4582,30.4582,528,0
2016-06-29,17:45:00,30.37,30.4228,30.3601,30.4051,5150,0
2016-06-29,18:50:00,30.4229,30.4229,30.4229,30.4229,384,0
2016-06-29,21:25:00,30.48,30.48,30.48,30.48,1500,0
2016-06-30,17:45:00,30.571,30.5794,30.57,30.5701,1699,0
2016-06-30,21:35:00,30.9172,30.9172,30.9172,30.9172,214,0
2016-06-30,21:45:00,30.8599,30.8599,30.8599,30.8599,247,0
2016-06-30,21:55:00,30.8487,30.8487,30.8487,30.8487,118,0
2016-07-01,16:50:00,31.04,31.04,31.03,31.04,700,0
2016-07-01,17:00:00,31.03,31.04,31.03,31.04,200,0
2016-07-01,17:20:00,30.8775,30.8775,30.8775,30.8775,100,0
2016-07-01,20:35:00,31,31,31,31,199,0
2016-07-01,21:15:00,31.04,31.07,31.03,31.06,5100,0
2016-07-01,21:20:00,31.07,31.08,31.05,31.08,2000,0
2016-07-01,22:00:00,31.12,31.23,31.12,31.23,200,0
