Date,Time,Open,High,Low,Close,Volume,OpenInt
2016-05-20,15:35:00,7.8534,7.8534,7.8341,7.8341,4743,0
2016-05-20,15:50:00,7.5354,7.5354,7.5354,7.5354,208,0
2016-05-20,15:55:00,7.545,7.545,7.5354,7.5354,3274,0
2016-05-20,16:10:00,7.6418,7.6418,7.6418,7.6418,225,0
2016-05-20,16:30:00,7.6317,7.6414,7.5691,7.5691,1539,0
2016-05-20,16:35:00,7.6975,7.6975,7.6975,7.6975,208,0
2016-05-20,16:50:00,7.6125,7.6125,7.6125,7.6125,208,0
2016-05-20,16:55:00,7.5836,7.6028,7.5643,7.6028,1183,0
2016-05-20,17:00:00,7.5836,7.5836,7.5739,7.5739,516,0
2016-05-20,17:10:00,7.5739,7.5739,7.5739,7.5739,208,0
2016-05-20,17:20:00,7.6125,7.6125,7.5739,7.607,1086,0
2016-05-20,17:30:00,7.5835,7.5835,7.5739,7.5739,208,0
2016-05-20,17:40:00,7.5643,7.5739,7.5161,7.5161,6213,0
2016-05-20,17:55:00,7.5354,7.5642,7.5354,7.5566,2516,0
2016-05-20,18:15:00,7.5161,7.5354,7.4679,7.5354,7815,0
2016-05-20,18:20:00,7.5354,7.5545,7.5354,7.5402,726,0
2016-05-20,18:25:00,7.545,7.545,7.545,7.545,104,0
2016-05-20,18:30:00,7.5546,7.5546,7.5546,7.5546,675,0
2016-05-20,18:45:00,7.5546,7.5546,7.5546,7.5546,519,0
2016-05-20,19:05:00,7.5643,7.5643,7.5643,7.5643,311,0
2016-05-20,19:25:00,7.5546,7.5643,7.5546,7.5546,2435,0
2016-05-20,19:30:00,7.6028,7.6125,7.598,7.598,951,0
2016-05-20,19:45:00,7.6991,7.6991,7.6991,7.6991,726,0
2016-05-20,19:55:00,7.6221,7.6221,7.6221,7.6221,104,0
2016-05-20,20:05:00,7.6684,7.6684,7.6221,7.6221,913,0
2016-05-20,20:40:00,7.6221,7.6221,7.5546,7.5546,3419,0
2016-05-20,21:00:00,7.5568,7.5568,7.5568,7.5568,1136,0
2016-05-20,21:45:00,7.5691,7.5691,7.5691,7.5691,208,0
2016-05-20,21:55:00,7.6033,7.6033,7.6033,7.6033,176,0
2016-05-20,22:00:00,7.6799,7.6799,7.6799,7.6799,208,0
2016-05-23,15:35:00,7.5932,7.7088,7.5932,7.7088,579,0
2016-05-23,15:50:00,7.7087,7.7088,7.7087,7.7088,1038,0
2016-05-23,15:55:00,7.7088,7.7088,7.7088,7.7088,104,0
2016-05-23,16:00:00,7.7088,7.7088,7.7088,7.7088,104,0
2016-05-23,16:05:00,7.7088,7.7088,7.7088,7.7088,104,0
2016-05-23,16:10:00,7.7088,7.7088,7.7088,7.7088,104,0
2016-05-23,16:15:00,7.5943,7.6992,7.5932,7.6895,2594,0
2016-05-23,16:20:00,7.6992,7.6992,7.6992,7.6992,104,0
2016-05-23,16:25:00,7.6992,7.6992,7.6992,7.6992,104,0
2016-05-23,16:30:00,7.6992,7.7088,7.6992,7.7088,2179,0
2016-05-23,16:35:00,7.7377,7.7859,7.7377,7.7859,311,0
2016-05-23,16:40:00,7.6558,7.7955,7.6558,7.7955,208,0
2016-05-23,16:45:00,7.7955,7.7955,7.7955,7.7955,104,0
2016-05-23,16:50:00,7.7955,7.7955,7.7955,7.7955,104,0
2016-05-23,16:55:00,7.7474,7.7474,7.7474,7.7474,208,0
2016-05-23,17:00:00,7.757,7.757,7.757,7.757,208,0
2016-05-23,17:05:00,7.757,7.757,7.757,7.757,104,0
2016-05-23,17:10:00,7.704,7.7474,7.704,7.7474,208,0
2016-05-23,17:15:00,7.7474,7.7474,7.7474,7.7474,104,0
2016-05-23,17:20:00,7.7474,7.7474,7.7474,7.7474,733,0
2016-05-23,17:25:00,7.757,7.757,7.757,7.757,104,0
2016-05-23,17:35:00,7.7474,7.7474,7.7474,7.7474,104,0
2016-05-23,17:40:00,7.7474,7.7474,7.7474,7.7474,104,0
2016-05-23,18:45:00,7.7474,7.7474,7.7377,7.7474,415,0
2016-05-23,18:50:00,7.7474,7.757,7.7474,7.757,1245,0
2016-05-23,18:55:00,7.757,7.7763,7.757,7.7763,1764,0
2016-05-23,19:15:00,7.7506,7.7506,7.7506,7.7506,104,0
2016-05-23,19:20:00,7.7185,7.7185,7.7185,7.7185,104,0
2016-05-23,19:40:00,7.7497,7.8052,7.7497,7.8052,2283,0
2016-05-23,20:05:00,7.6621,7.6621,7.6621,7.6621,519,0
2016-05-23,20:20:00,7.7859,7.7859,7.7281,7.7281,311,0
2016-05-23,20:50:00,7.6621,7.6621,7.6621,7.6621,519,0
2016-05-23,20:55:00,7.8037,7.8037,7.8037,7.8037,1038,0
2016-05-23,21:00:00,7.7859,7.7859,7.6606,7.6606,10347,0
2016-05-23,21:10:00,7.6606,7.6813,7.6606,7.6813,1660,0
2016-05-23,21:20:00,7.7088,7.7088,7.7088,7.7088,104,0
2016-05-23,21:40:00,7.7088,7.7185,7.7088,7.7185,208,0
2016-05-23,22:00:00,7.7185,7.7185,7.6414,7.6414,311,0
2016-05-24,15:35:00,7.7281,7.7281,7.5643,7.5836,1104,0
2016-05-24,16:05:00,7.6317,7.6365,7.6317,7.6365,311,0
2016-05-24,16:15:00,7.7185,7.7185,7.6799,7.6799,623,0
2016-05-24,16:30:00,7.7271,7.7271,7.6317,7.6317,1294,0
2016-05-24,17:00:00,7.6414,7.6414,7.6414,7.6414,311,0
2016-05-24,17:05:00,7.6966,7.6966,7.6966,7.6966,311,0
2016-05-24,17:25:00,7.6992,7.6992,7.6317,7.6317,860,0
2016-05-24,17:30:00,7.6317,7.6317,7.6317,7.6317,519,0
2016-05-24,17:35:00,7.651,7.651,7.651,7.651,311,0
2016-05-24,18:05:00,7.6703,7.6703,7.6414,7.6655,598,0
2016-05-24,18:40:00,7.6761,7.6761,7.6761,7.6761,432,0
2016-05-24,19:40:00,7.651,7.651,7.651,7.651,208,0
2016-05-24,20:15:00,7.7281,7.7281,7.7281,7.7281,323,0
2016-05-24,20:45:00,7.6895,7.6895,7.6895,7.6895,311,0
2016-05-24,20:55:00,7.6896,7.6896,7.6895,7.6895,695,0
2016-05-24,21:05:00,7.7088,7.7088,7.7088,7.7088,681,0
2016-05-24,21:10:00,7.7185,7.7185,7.7185,7.7185,208,0
2016-05-24,21:20:00,7.7084,7.7084,7.7084,7.7084,208,0
2016-05-24,22:00:00,7.6895,7.6895,7.6895,7.6895,560,0
2016-05-25,15:35:00,7.6799,7.6799,7.5739,7.6125,5437,0
2016-05-25,15:40:00,7.6245,7.6245,7.6245,7.6245,208,0
2016-05-25,15:50:00,7.6414,7.6992,7.6414,7.6992,6513,0
2016-05-25,16:10:00,7.6992,7.6992,7.6992,7.6992,425,0
2016-05-25,16:20:00,7.6991,7.6991,7.6991,7.6991,1038,0
2016-05-25,16:35:00,7.6992,7.7281,7.6992,7.7281,1935,0
2016-05-25,16:45:00,7.651,7.7859,7.5836,7.7859,4351,0
2016-05-25,16:50:00,7.7978,7.8052,7.7763,7.7763,3321,0
2016-05-25,16:55:00,7.7575,7.7575,7.7575,7.7575,519,0
2016-05-25,17:05:00,7.757,7.757,7.7088,7.7136,1453,0
2016-05-25,17:10:00,7.757,7.7666,7.757,7.7666,311,0
2016-05-25,17:35:00,7.757,7.757,7.757,7.757,104,0
2016-05-25,17:45:00,7.7536,7.7536,7.7536,7.7536,519,0
2016-05-25,17:50:00,7.7093,7.7093,7.7093,7.7093,311,0
2016-05-25,17:55:00,7.7474,7.757,7.7474,7.757,2076,0
2016-05-25,18:20:00,7.757,7.7666,7.757,7.757,2412,0
2016-05-25,18:30:00,7.7377,7.7377,7.7377,7.7377,104,0
2016-05-25,18:40:00,7.7666,7.7666,7.7666,7.7666,2076,0
2016-05-25,18:50:00,7.757,7.757,7.7377,7.7377,1571,0
2016-05-25,19:00:00,7.7377,7.7377,7.7377,7.7377,805,0
2016-05-25,19:05:00,7.6125,7.6125,7.6125,7.6125,762,0
2016-05-25,19:10:00,7.6992,7.7088,7.6732,7.6732,1616,0
2016-05-25,19:30:00,7.6317,7.6317,7.6124,7.6124,830,0
2016-05-25,19:35:00,7.6125,7.757,7.6125,7.757,8698,0
2016-05-25,19:40:00,7.8341,7.8341,7.8245,7.8245,519,0
2016-05-25,19:45:00,7.8341,7.8437,7.8341,7.8437,1632,0
2016-05-25,19:50:00,7.7185,7.7185,7.7136,7.7136,311,0
2016-05-25,19:55:00,7.863,7.8726,7.863,7.8726,519,0
2016-05-25,20:05:00,7.863,7.863,7.863,7.863,104,0
2016-05-25,20:10:00,7.7088,7.8052,7.7088,7.8052,530,0
2016-05-25,20:15:00,7.7859,7.8823,7.7859,7.8823,415,0
2016-05-25,20:20:00,7.8534,7.8534,7.8245,7.8245,415,0
2016-05-25,20:25:00,7.8245,7.8341,7.7185,7.7474,2387,0
2016-05-25,20:40:00,7.8051,7.8052,7.8051,7.8052,1564,0
2016-05-25,20:50:00,7.7185,7.8245,7.7185,7.8052,4623,0
2016-05-25,21:00:00,7.863,7.863,7.863,7.863,415,0
2016-05-25,21:25:00,7.8725,7.8725,7.7281,7.7329,3477,0
2016-05-25,21:30:00,7.8052,7.8052,7.8052,7.8052,208,0
2016-05-25,21:45:00,7.7186,7.7763,7.7186,7.7763,781,0
2016-05-25,22:00:00,7.8534,7.8534,7.8052,7.8437,1611,0
2016-05-26,15:35:00,7.8437,7.8437,7.8437,7.8437,247,0
2016-05-26,15:40:00,7.8437,7.8919,7.8341,7.8919,1038,0
2016-05-26,15:50:00,7.863,7.8726,7.7955,7.7955,415,0
2016-05-26,16:05:00,7.8341,7.863,7.8341,7.863,519,0
2016-05-26,16:10:00,7.8726,7.8726,7.8726,7.8726,104,0
2016-05-26,16:15:00,7.863,7.8726,7.863,7.8726,208,0
2016-05-26,16:20:00,7.8726,7.8726,7.8726,7.8726,310,0
2016-05-26,16:35:00,7.8823,7.8919,7.8534,7.8534,726,0
2016-05-26,16:40:00,7.8823,7.8919,7.8823,7.8919,311,0
2016-05-26,17:00:00,7.8618,7.8919,7.8534,7.8919,1452,0
2016-05-26,17:05:00,7.8919,7.9015,7.8895,7.8895,415,0
2016-05-26,17:15:00,7.8918,7.8918,7.8534,7.8534,1557,0
2016-05-26,17:20:00,7.8726,7.8726,7.8341,7.8341,2076,0
2016-05-26,17:25:00,7.9015,7.9497,7.9015,7.9015,7341,0
2016-05-26,17:35:00,7.9496,7.9496,7.9496,7.9496,311,0
2016-05-26,17:45:00,7.9401,7.9401,7.9401,7.9401,104,0
2016-05-26,17:50:00,7.8553,7.8553,7.8553,7.8553,509,0
2016-05-26,18:15:00,7.8162,7.8162,7.8162,7.8162,1038,0
2016-05-26,18:45:00,7.9497,7.9497,7.9497,7.9497,208,0
2016-05-26,18:50:00,7.9497,7.9497,7.9497,7.9497,207,0
2016-05-26,19:25:00,7.9796,7.9796,7.9796,7.9796,125,0
2016-05-26,19:35:00,7.9594,7.9642,7.9594,7.9642,311,0
2016-05-26,20:50:00,7.8148,7.9594,7.8148,7.9594,1655,0
2016-05-26,21:10:00,7.9594,7.9594,7.9594,7.9594,405,0
2016-05-26,21:15:00,7.916,7.916,7.9015,7.9015,415,0
2016-05-26,21:25:00,7.8149,7.8149,7.8149,7.8149,114,0
2016-05-26,21:35:00,7.9015,7.9112,7.9014,7.9112,415,0
2016-05-26,21:45:00,7.9594,7.9594,7.9594,7.9594,104,0
2016-05-26,22:00:00,7.94,7.9401,7.8726,7.9401,1453,0
2016-05-27,15:35:00,7.9112,7.9589,7.9112,7.9589,3433,0
2016-05-27,15:45:00,7.9545,7.9545,7.8245,7.8245,2594,0
2016-05-27,15:50:00,7.8341,7.8341,7.8341,7.8341,208,0
2016-05-27,16:10:00,7.9208,7.9208,7.9208,7.9208,104,0
2016-05-27,16:15:00,7.8858,7.8858,7.8858,7.8858,415,0
2016-05-27,16:25:00,7.8918,7.8918,7.8918,7.8918,104,0
2016-05-27,17:00:00,7.8823,7.8919,7.8823,7.8919,208,0
2016-05-27,17:30:00,7.8823,7.8823,7.8823,7.8823,232,0
2016-05-27,18:15:00,7.8534,7.8534,7.8245,7.8245,830,0
2016-05-27,19:00:00,7.9112,7.9112,7.9064,7.9064,208,0
2016-05-27,19:25:00,7.8341,7.9112,7.8341,7.9064,447,0
2016-05-27,20:05:00,7.8245,7.9015,7.8245,7.9015,1245,0
2016-05-27,20:15:00,7.8919,7.8919,7.8919,7.8919,104,0
2016-05-27,20:55:00,7.8341,7.8341,7.8245,7.8341,829,0
2016-05-27,21:30:00,7.9089,7.9089,7.9089,7.9089,2076,0
2016-05-27,21:45:00,7.9177,7.9177,7.9177,7.9177,519,0
2016-05-27,22:00:00,7.9304,7.9401,7.9112,7.9401,709,0
2016-05-31,15:35:00,7.9979,7.9979,7.9979,7.9979,2516,0
2016-05-31,15:50:00,7.8918,7.8918,7.8437,7.8437,1349,0
2016-05-31,15:55:00,7.8437,7.8437,7.8437,7.8437,104,0
2016-05-31,16:20:00,7.9627,7.9627,7.9627,7.9627,2076,0
2016-05-31,16:35:00,7.9883,7.9883,7.9883,7.9883,2076,0
2016-05-31,16:40:00,7.9786,7.9854,7.9786,7.9786,2188,0
2016-05-31,16:45:00,7.9883,7.9883,7.9786,7.9786,1229,0
2016-05-31,16:50:00,7.9786,7.9786,7.9786,7.9786,1728,0
2016-05-31,17:10:00,7.9497,7.9497,7.9497,7.9497,104,0
2016-05-31,17:20:00,7.9497,7.9497,7.9497,7.9497,104,0
2016-05-31,17:50:00,7.9882,7.9882,7.9882,7.9882,1598,0
2016-05-31,17:55:00,7.9112,7.9112,7.9112,7.9112,104,0
2016-05-31,18:15:00,7.9024,7.9024,7.9024,7.9024,236,0
2016-05-31,18:30:00,7.9015,7.9015,7.9015,7.9015,104,0
2016-05-31,18:45:00,7.9785,7.9785,7.9785,7.9785,208,0
2016-05-31,19:25:00,7.9883,7.9883,7.9883,7.9883,104,0
2016-05-31,19:30:00,7.9613,7.9883,7.9613,7.9883,1764,0
2016-05-31,20:25:00,7.9498,7.9883,7.9498,7.9786,415,0
2016-05-31,20:30:00,7.9786,7.9883,7.9786,7.9883,356,0
2016-05-31,20:35:00,7.9786,7.9786,7.9594,7.9594,800,0
2016-05-31,20:45:00,7.9786,7.9854,7.9786,7.9854,1751,0
2016-05-31,21:00:00,7.9786,7.9786,7.9786,7.9786,104,0
2016-05-31,21:10:00,7.969,7.9691,7.969,7.9691,415,0
2016-05-31,21:15:00,7.9705,7.9705,7.9705,7.9705,264,0
2016-05-31,21:50:00,7.9883,7.9883,7.9883,7.9883,104,0
2016-05-31,22:00:00,7.9786,7.9786,7.9112,7.9112,2201,0
2016-06-01,15:35:00,7.9304,7.9304,7.9304,7.9304,1673,0
2016-06-01,15:40:00,7.9507,7.9507,7.9507,7.9507,519,0
2016-06-01,15:55:00,8.0021,8.0021,7.9304,7.9304,228,0
2016-06-01,16:20:00,7.9353,8.0172,7.9353,7.9931,2802,0
2016-06-01,16:25:00,8.0268,8.0268,7.969,7.969,1349,0
2016-06-01,16:30:00,8.0461,8.0654,8.0321,8.0321,3113,0
2016-06-01,16:35:00,7.9414,7.9414,7.9414,7.9414,259,0
2016-06-01,17:20:00,8.0557,8.075,7.9979,7.9979,623,0
2016-06-01,17:25:00,8.0575,8.0575,8.0575,8.0575,104,0
2016-06-01,17:30:00,8.0678,8.0678,8.0678,8.0678,208,0
2016-06-01,17:55:00,8.0461,8.0461,8.0461,8.0461,415,0
2016-06-01,18:00:00,8.0461,8.0546,8.0461,8.0461,2179,0
2016-06-01,18:15:00,8.0654,8.0654,8.0654,8.0654,311,0
2016-06-01,18:20:00,8.0558,8.0558,8.0558,8.0558,934,0
2016-06-01,18:25:00,8.0557,8.0654,8.0557,8.0557,1572,0
2016-06-01,18:35:00,8.0557,8.0557,8.0557,8.0557,104,0
2016-06-01,18:40:00,8.0557,8.0557,8.0557,8.0557,104,0
2016-06-01,18:50:00,8.0557,8.0557,8.0521,8.0521,415,0
2016-06-01,19:20:00,8.0654,8.0654,8.0654,8.0654,104,0
2016-06-01,19:30:00,8.058,8.058,8.058,8.058,346,0
2016-06-01,19:45:00,8.0654,8.0654,8.0654,8.0654,1868,0
2016-06-01,19:50:00,8.0846,8.0943,8.0846,8.0943,2076,0
2016-06-01,20:05:00,8.0943,8.0943,8.0943,8.0943,104,0
2016-06-01,20:10:00,8.0943,8.0943,8.0942,8.0942,2076,0
2016-06-01,20:20:00,8.0943,8.0943,8.0943,8.0943,104,0
2016-06-01,21:05:00,8.0943,8.0943,8.0943,8.0943,104,0
2016-06-01,21:15:00,8.0943,8.0943,8.0943,8.0943,155,0
2016-06-01,21:20:00,8.0943,8.0943,8.0933,8.0933,619,0
2016-06-01,21:25:00,8.0943,8.0943,8.0943,8.0943,397,0
2016-06-01,21:40:00,8.1324,8.1617,8.1324,8.1616,1157,0
2016-06-01,21:45:00,8.1424,8.1424,8.1424,8.1424,104,0
2016-06-01,22:00:00,8.1521,8.1617,8.1521,8.1617,1143,0
2016-06-02,15:35:00,8.1617,8.1617,8.1617,8.1617,720,0
2016-06-02,15:40:00,8.1694,8.1713,8.1694,8.1713,415,0
2016-06-02,15:45:00,8.1713,8.1713,8.1135,8.1135,780,0
2016-06-02,16:10:00,8.1424,8.1424,8.1135,8.1135,1245,0
2016-06-02,16:25:00,8.1274,8.1274,8.1135,8.1135,804,0
2016-06-02,16:35:00,8.0944,8.0944,8.0943,8.0943,2356,0
2016-06-02,16:40:00,8.1039,8.1039,8.1039,8.1039,208,0
2016-06-02,16:45:00,8.1039,8.1039,8.1039,8.1039,104,0
2016-06-02,17:20:00,8.17,8.17,8.17,8.17,1038,0
2016-06-02,17:35:00,8.1511,8.1511,8.1511,8.1511,1038,0
2016-06-02,18:00:00,8.1328,8.1328,8.1328,8.1328,104,0
2016-06-02,18:10:00,8.1713,8.1713,8.1422,8.1713,1417,0
2016-06-02,18:15:00,8.2388,8.2581,8.2003,8.2581,1245,0
2016-06-02,18:20:00,8.2773,8.2773,8.2677,8.2773,623,0
2016-06-02,18:25:00,8.32,8.32,8.2773,8.2773,934,0
2016-06-02,18:30:00,8.2773,8.2773,8.2773,8.2773,104,0
2016-06-02,18:35:00,8.2773,8.2773,8.2773,8.2773,526,0
2016-06-02,18:50:00,8.3159,8.3352,8.3159,8.3352,934,0
2016-06-02,18:55:00,8.4893,8.4893,8.4701,8.4701,519,0
2016-06-02,19:00:00,8.4893,8.5261,8.4604,8.5261,2570,0
2016-06-02,19:25:00,8.4315,8.4412,8.4315,8.4412,519,0
2016-06-02,19:30:00,8.3516,8.3516,8.3482,8.3482,726,0
2016-06-02,19:35:00,8.4122,8.4122,8.4122,8.4122,104,0
2016-06-02,19:40:00,8.342,8.342,8.342,8.342,1557,0
2016-06-02,19:50:00,8.4315,8.4315,8.4315,8.4315,104,0
2016-06-02,21:05:00,8.3833,8.3833,8.3833,8.3833,104,0
2016-06-02,21:10:00,8.3588,8.3588,8.3588,8.3588,285,0
2016-06-02,21:15:00,8.3641,8.3833,8.3641,8.3833,311,0
2016-06-02,21:30:00,8.3515,8.3515,8.3515,8.3515,3113,0
2016-06-02,21:40:00,8.3352,8.3353,8.3255,8.3255,1406,0
2016-06-02,21:50:00,8.3318,8.3318,8.3318,8.3318,504,0
2016-06-02,21:55:00,8.3352,8.3352,8.3352,8.3352,104,0
2016-06-02,22:00:00,8.3063,8.3063,8.2003,8.2003,7575,0
2016-06-03,15:35:00,8.1906,8.1906,8.1906,8.1906,935,0
2016-06-03,15:40:00,8.4855,8.4855,8.4855,8.4855,3113,0
2016-06-03,15:50:00,8.1907,8.1907,8.1907,8.1907,1038,0
2016-06-03,15:55:00,8.1907,8.1907,8.1907,8.1907,208,0
2016-06-03,16:05:00,8.3352,8.3352,8.3352,8.3352,519,0
2016-06-03,16:10:00,8.2513,8.3827,8.2513,8.3827,933,0
2016-06-03,16:20:00,8.4653,8.4653,8.4653,8.4653,353,0
2016-06-03,16:55:00,8.3833,8.3833,8.2677,8.2677,623,0
2016-06-03,17:05:00,8.2003,8.2003,8.2003,8.2003,104,0
2016-06-03,17:10:00,8.2003,8.2098,8.1906,8.2002,415,0
2016-06-03,17:20:00,8.2388,8.2388,8.2388,8.2388,208,0
2016-06-03,17:45:00,8.2516,8.2516,8.2516,8.2516,311,0
2016-06-03,18:00:00,8.2388,8.2388,8.2388,8.2388,319,0
2016-06-03,18:15:00,8.2388,8.2388,8.2388,8.2388,104,0
2016-06-03,18:20:00,8.2955,8.2955,8.2955,8.2955,415,0
2016-06-03,18:45:00,8.3067,8.3067,8.287,8.287,1868,0
2016-06-03,18:50:00,8.3255,8.3641,8.3255,8.3641,311,0
2016-06-03,18:55:00,8.3448,8.3448,8.3448,8.3448,311,0
2016-06-03,19:00:00,8.4122,8.4122,8.4122,8.4122,104,0
2016-06-03,19:15:00,8.3931,8.3931,8.3544,8.3544,6419,0
2016-06-03,19:20:00,8.3544,8.3544,8.2918,8.3255,1245,0
2016-06-03,19:45:00,8.378,8.378,8.378,8.378,280,0
2016-06-03,21:45:00,8.3737,8.3737,8.3737,8.3737,638,0
2016-06-03,21:55:00,8.4122,8.4122,8.4122,8.4122,104,0
2016-06-03,22:00:00,8.3063,8.3063,8.287,8.287,248,0
2016-06-06,15:35:00,8.2484,8.3014,8.2484,8.3014,2158,0
2016-06-06,15:45:00,8.2966,8.3159,8.2388,8.2388,1245,0
2016-06-06,15:50:00,8.3159,8.3254,8.3159,8.3254,1090,0
2016-06-06,15:55:00,8.287,8.3107,8.287,8.3107,571,0
2016-06-06,16:10:00,8.3159,8.3255,8.287,8.3254,2139,0
2016-06-06,16:20:00,8.3255,8.3737,8.3207,8.3572,2906,0
2016-06-06,16:25:00,8.3544,8.3544,8.3448,8.3448,3321,0
2016-06-06,16:30:00,8.3507,8.3507,8.3507,8.3507,519,0
2016-06-06,16:40:00,8.3063,8.3063,8.3063,8.3063,2594,0
2016-06-06,16:45:00,8.3737,8.4315,8.3737,8.4315,726,0
2016-06-06,16:50:00,8.4512,8.4575,8.4315,8.4315,3544,0
2016-06-06,17:05:00,8.4508,8.4604,8.4508,8.4604,813,0
2016-06-06,17:10:00,8.5664,8.5664,8.4893,8.4893,4045,0
2016-06-06,17:15:00,8.4604,8.5182,8.4412,8.5086,934,0
2016-06-06,17:25:00,8.5086,8.5086,8.5086,8.5086,1142,0
2016-06-06,17:35:00,8.5086,8.5086,8.5086,8.5086,104,0
2016-06-06,17:40:00,8.5279,8.5279,8.4991,8.5182,1557,0
2016-06-06,17:50:00,8.5375,8.5375,8.499,8.499,1475,0
2016-06-06,18:00:00,8.499,8.499,8.499,8.499,208,0
2016-06-06,18:05:00,8.499,8.499,8.499,8.499,104,0
2016-06-06,18:10:00,8.5348,8.5348,8.4797,8.5327,945,0
2016-06-06,18:30:00,8.4546,8.4546,8.4508,8.4508,2179,0
2016-06-06,18:40:00,8.4892,8.5375,8.4892,8.5337,2984,0
2016-06-06,18:45:00,8.5375,8.5375,8.4869,8.5375,623,0
2016-06-06,19:00:00,8.499,8.499,8.499,8.499,208,0
2016-06-06,19:05:00,8.5086,8.5279,8.4934,8.5279,3357,0
2016-06-06,19:10:00,8.5279,8.5568,8.5279,8.5568,1453,0
2016-06-06,19:15:00,8.5953,8.5953,8.5953,8.5953,104,0
2016-06-06,19:20:00,8.5954,8.6242,8.5953,8.605,2076,0
2016-06-06,19:25:00,8.6242,8.6242,8.6241,8.6242,2076,0
2016-06-06,19:50:00,8.5857,8.6146,8.5568,8.6119,4878,0
2016-06-06,19:55:00,8.5472,8.5472,8.5472,8.5472,104,0
2016-06-06,20:00:00,8.605,8.8941,8.5568,8.6821,22581,0
2016-06-06,20:05:00,8.5549,8.6821,8.5086,8.655,14321,0
2016-06-06,20:20:00,8.6724,8.6821,8.6724,8.6821,1764,0
2016-06-06,20:25:00,8.6821,8.6922,8.6821,8.6922,311,0
2016-06-06,20:30:00,8.7688,8.7746,8.7688,8.7688,394,0
2016-06-06,20:35:00,8.7783,8.7783,8.6725,8.7746,3837,0
2016-06-06,20:40:00,8.7881,8.7881,8.7688,8.7688,417,0
2016-06-06,20:45:00,8.7495,8.7495,8.711,8.711,1613,0
2016-06-06,21:00:00,8.7591,8.7591,8.7591,8.7591,104,0
2016-06-06,21:05:00,8.7495,8.7495,8.7495,8.7495,104,0
2016-06-06,21:20:00,8.7495,8.7495,8.7495,8.7495,104,0
2016-06-06,21:35:00,8.7206,8.7206,8.7206,8.7206,104,0
2016-06-06,21:55:00,8.6724,8.6724,8.6724,8.6724,208,0
2016-06-06,22:00:00,8.6146,8.6242,8.4893,8.5086,7117,0
2016-06-07,15:35:00,8.5375,8.5375,8.5375,8.5375,276,0
2016-06-07,15:55:00,8.5905,8.5905,8.5279,8.5279,2273,0
2016-06-07,16:05:00,8.5973,8.5973,8.5973,8.5973,483,0
2016-06-07,16:25:00,8.6434,8.6434,8.6434,8.6434,259,0
2016-06-07,16:35:00,8.6435,8.6435,8.5664,8.576,1966,0
2016-06-07,16:40:00,8.5761,8.5952,8.5664,8.5664,441,0
2016-06-07,16:50:00,8.605,8.605,8.605,8.605,104,0
2016-06-07,16:55:00,8.5953,8.6032,8.5953,8.6032,882,0
2016-06-07,17:00:00,8.605,8.6917,8.605,8.6917,830,0
2016-06-07,17:05:00,8.6724,8.6724,8.6676,8.6676,726,0
2016-06-07,17:10:00,8.6724,8.6725,8.6724,8.6725,1038,0
2016-06-07,17:20:00,8.6821,8.6917,8.6821,8.6917,623,0
2016-06-07,17:30:00,8.6917,8.7688,8.6917,8.7688,882,0
2016-06-07,17:35:00,8.7013,8.7013,8.7013,8.7013,332,0
2016-06-07,17:55:00,8.6532,8.6532,8.6532,8.6532,208,0
2016-06-07,18:10:00,8.7302,8.7302,8.684,8.684,2076,0
2016-06-07,18:20:00,8.7035,8.7035,8.6724,8.6724,691,0
2016-06-07,18:30:00,8.7341,8.7399,8.7341,8.7399,230,0
2016-06-07,18:35:00,8.6671,8.6671,8.6671,8.6671,1468,0
2016-06-07,18:55:00,8.7302,8.7302,8.7302,8.7302,104,0
2016-06-07,19:30:00,8.711,8.7206,8.711,8.7205,1142,0
2016-06-07,19:35:00,8.711,8.711,8.711,8.711,104,0
2016-06-07,19:40:00,8.7206,8.7206,8.7206,8.7206,311,0
2016-06-07,20:30:00,8.6917,8.6917,8.6917,8.6917,208,0
2016-06-07,20:35:00,8.6628,8.6628,8.6628,8.6628,104,0
2016-06-07,20:45:00,8.6628,8.6628,8.6628,8.6628,104,0
2016-06-07,20:50:00,8.6628,8.6628,8.6628,8.6628,104,0
2016-06-07,21:05:00,8.6628,8.6628,8.6628,8.6628,104,0
2016-06-07,21:10:00,8.7013,8.7013,8.6628,8.6628,623,0
2016-06-07,21:15:00,8.6628,8.6821,8.6628,8.6628,643,0
2016-06-07,21:35:00,8.6146,8.6146,8.6146,8.6146,104,0
2016-06-07,21:45:00,8.6146,8.6146,8.6146,8.6146,104,0
2016-06-07,21:50:00,8.6435,8.6435,8.6435,8.6435,104,0
2016-06-07,22:00:00,8.6532,8.6724,8.6242,8.6242,1957,0
2016-06-08,15:35:00,8.6242,8.6724,8.6242,8.6723,2089,0
2016-06-08,15:50:00,8.7302,8.7302,8.7302,8.7302,311,0
2016-06-08,16:10:00,8.7206,8.7206,8.7206,8.7206,208,0
2016-06-08,16:15:00,8.7206,8.7206,8.6821,8.6821,1142,0
2016-06-08,16:20:00,8.7196,8.7196,8.7167,8.7167,519,0
2016-06-08,16:30:00,8.7302,8.7302,8.7302,8.7302,830,0
2016-06-08,16:35:00,8.7205,8.7205,8.7205,8.7205,882,0
2016-06-08,16:55:00,8.711,8.711,8.6856,8.6856,1152,0
2016-06-08,17:00:00,8.7206,8.7206,8.7206,8.7206,415,0
2016-06-08,17:20:00,8.7301,8.7301,8.7301,8.7301,934,0
2016-06-08,17:40:00,8.7254,8.7254,8.7254,8.7254,1557,0
2016-06-08,17:45:00,8.7001,8.7001,8.7001,8.7001,830,0
2016-06-08,18:15:00,8.7223,8.7223,8.7223,8.7223,344,0
2016-06-08,18:25:00,8.7183,8.7183,8.7183,8.7183,337,0
2016-06-08,18:40:00,8.7302,8.7495,8.7193,8.7193,4969,0
2016-06-08,18:50:00,8.7495,8.7495,8.7495,8.7495,104,0
2016-06-08,19:20:00,8.7591,8.7591,8.747,8.747,1017,0
2016-06-08,19:30:00,8.7529,8.7529,8.7495,8.7495,623,0
2016-06-08,19:50:00,8.7582,8.7582,8.7514,8.7514,1038,0
2016-06-08,20:05:00,8.7495,8.7495,8.7495,8.7495,208,0
2016-06-08,20:10:00,8.7495,8.7495,8.7494,8.7495,6551,0
2016-06-08,20:30:00,8.7591,8.7591,8.7591,8.7591,208,0
2016-06-08,21:00:00,8.7432,8.7432,8.7432,8.7432,623,0
2016-06-08,21:25:00,8.7591,8.7591,8.7591,8.7591,415,0
2016-06-08,21:35:00,8.8072,8.8072,8.8072,8.8072,519,0
2016-06-08,21:40:00,8.7832,8.7832,8.7832,8.7832,415,0
2016-06-08,21:45:00,8.8073,8.8073,8.8073,8.8073,104,0
2016-06-08,21:50:00,8.7592,8.8073,8.7592,8.7784,3048,0
2016-06-08,21:55:00,8.7982,8.7982,8.7982,8.7982,415,0
2016-06-08,22:00:00,8.79,8.8073,8.79,8.8073,1516,0
2016-06-09,15:35:00,8.817,8.817,8.817,8.817,3663,0
2016-06-09,15:40:00,8.6965,8.7013,8.6965,8.7013,3321,0
2016-06-09,15:45:00,8.8361,8.8361,8.8361,8.8361,871,0
2016-06-09,15:50:00,8.8361,8.8361,8.8361,8.8361,254,0
2016-06-09,16:00:00,8.8362,8.8362,8.8362,8.8362,104,0
2016-06-09,16:05:00,8.8362,8.8362,8.7688,8.8362,1341,0
2016-06-09,16:10:00,8.8362,8.8362,8.8362,8.8362,313,0
2016-06-09,16:50:00,8.817,8.817,8.817,8.817,117,0
2016-06-09,16:55:00,8.8748,8.8748,8.8748,8.8748,104,0
2016-06-09,17:15:00,8.865,8.865,8.865,8.865,571,0
2016-06-09,17:25:00,8.8844,8.8844,8.8843,8.8844,856,0
2016-06-09,17:35:00,8.8672,8.8672,8.8672,8.8672,450,0
2016-06-09,17:40:00,8.8844,8.8844,8.8782,8.8844,457,0
2016-06-09,17:45:00,8.8844,8.8844,8.8783,8.8783,592,0
2016-06-09,18:00:00,8.8652,8.8652,8.8652,8.8652,1038,0
2016-06-09,19:00:00,8.8651,8.8844,8.8651,8.8844,415,0
2016-06-09,19:25:00,8.8748,8.9037,8.8651,8.9037,3233,0
2016-06-09,19:35:00,8.9037,8.9037,8.9036,8.9036,1868,0
2016-06-09,19:45:00,8.9037,8.9037,8.8796,8.9037,1038,0
2016-06-09,20:00:00,8.9037,8.9037,8.9037,8.9037,104,0
2016-06-09,20:05:00,8.8892,8.8892,8.8748,8.8777,311,0
2016-06-09,20:20:00,8.8831,8.8831,8.8831,8.8831,1713,0
2016-06-09,20:30:00,8.9036,8.9037,8.9036,8.9037,519,0
2016-06-09,21:00:00,8.9037,8.9037,8.9037,8.9037,311,0
2016-06-09,21:10:00,8.9034,8.9034,8.9034,8.9034,519,0
2016-06-09,21:15:00,8.9037,8.923,8.8749,8.8749,7135,0
2016-06-09,21:20:00,8.923,8.923,8.923,8.923,208,0
2016-06-09,21:50:00,8.8652,8.8652,8.8652,8.8652,130,0
2016-06-09,21:55:00,8.923,8.923,8.923,8.923,104,0
2016-06-09,22:00:00,8.923,8.923,8.8844,8.8844,251,0
2016-06-10,15:35:00,8.9615,8.9615,8.9615,8.9615,10422,0
2016-06-10,15:40:00,8.9326,9.0241,8.8363,8.9731,5463,0
2016-06-10,15:45:00,8.9615,8.9615,8.9608,8.9608,623,0
2016-06-10,15:50:00,8.8941,9.0241,8.8941,9.0241,1660,0
2016-06-10,15:55:00,8.8493,8.8493,8.8493,8.8493,1126,0
2016-06-10,16:15:00,8.9056,8.9422,8.8892,8.8892,2491,0
2016-06-10,16:20:00,8.923,8.923,8.9133,8.9133,897,0
2016-06-10,16:25:00,8.9422,8.9422,8.9227,8.9326,2012,0
2016-06-10,16:30:00,8.9326,8.9711,8.9175,8.9234,6797,0
2016-06-10,16:35:00,9.0097,9.0097,8.9234,8.9234,415,0
2016-06-10,17:35:00,8.9808,8.9808,8.9807,8.9807,2076,0
2016-06-10,17:55:00,8.9794,8.9794,8.9794,8.9794,519,0
2016-06-10,18:20:00,8.9615,8.9615,8.9615,8.9615,334,0
2016-06-10,18:35:00,8.9615,8.9808,8.9615,8.9615,415,0
2016-06-10,18:40:00,8.9904,8.9904,8.9903,8.9904,1353,0
2016-06-10,18:45:00,8.9615,8.9886,8.9615,8.9886,1023,0
2016-06-10,18:50:00,8.9807,8.9807,8.9807,8.9807,311,0
2016-06-10,19:00:00,8.9808,8.9808,8.9422,8.9555,5189,0
2016-06-10,19:10:00,8.9615,8.9615,8.8941,8.9233,3840,0
2016-06-10,19:15:00,8.923,8.923,8.8459,8.923,3528,0
2016-06-10,19:50:00,8.8459,8.8459,8.8459,8.8459,104,0
2016-06-10,20:10:00,8.8962,8.8962,8.8962,8.8962,112,0
2016-06-10,20:20:00,8.8748,8.8748,8.8748,8.8748,1038,0
2016-06-10,21:05:00,8.888,8.888,8.888,8.888,109,0
2016-06-10,21:45:00,8.8941,8.8941,8.8871,8.8941,3010,0
2016-06-10,21:50:00,8.8941,8.9265,8.8883,8.9265,3523,0
2016-06-10,21:55:00,8.9519,8.9615,8.9326,8.9615,2394,0
2016-06-10,22:00:00,8.9519,8.9615,8.9326,8.9326,965,0
2016-06-13,15:35:00,8.923,8.947,8.9038,8.947,3766,0
2016-06-13,15:50:00,8.923,8.9519,8.9037,8.9037,1743,0
2016-06-13,16:05:00,8.9037,8.9037,8.9037,8.9037,105,0
2016-06-13,16:15:00,8.9332,8.9711,8.9326,8.9711,3070,0
2016-06-13,16:40:00,8.9519,8.9711,8.9519,8.9711,2076,0
2016-06-13,16:45:00,8.9615,8.9615,8.9605,8.9615,1453,0
2016-06-13,16:50:00,8.9711,8.9711,8.971,8.971,2076,0
2016-06-13,17:00:00,8.9711,8.9904,8.9711,8.9904,2413,0
2016-06-13,17:10:00,8.9615,8.9616,8.9615,8.9616,1939,0
2016-06-13,17:30:00,8.9808,8.9904,8.9807,8.9807,363,0
2016-06-13,18:05:00,8.9711,8.9711,8.9615,8.9615,4980,0
2016-06-13,18:10:00,8.9904,8.9904,8.9894,8.9904,1038,0
2016-06-13,18:35:00,8.9904,8.9904,8.9904,8.9904,104,0
2016-06-13,18:55:00,9,9,8.9904,8.9904,457,0
2016-06-13,19:00:00,9,9,9,9,820,0
2016-06-13,19:10:00,9.0193,9.029,9.0119,9.0119,3034,0
2016-06-13,19:35:00,9.029,9.029,9.0097,9.0097,394,0
2016-06-13,20:00:00,9.0098,9.0098,9.0098,9.0098,6366,0
2016-06-13,20:20:00,9.029,9.135,9.0229,9.106,2787,0
2016-06-13,20:25:00,9.106,9.1061,9.106,9.1061,3217,0
2016-06-13,21:00:00,9.058,9.058,9.058,9.058,726,0
2016-06-13,21:10:00,9.1301,9.135,9.1301,9.135,793,0
2016-06-13,21:25:00,9.1005,9.1012,9.1003,9.1003,1097,0
2016-06-13,21:30:00,9.135,9.135,9.135,9.135,1038,0
2016-06-13,21:40:00,9.135,9.135,9.1253,9.1253,208,0
2016-06-13,21:45:00,9.1157,9.135,9.1157,9.135,4247,0
2016-06-13,21:50:00,9.135,9.135,9.135,9.135,1090,0
2016-06-13,21:55:00,9.135,9.135,9.1253,9.1253,1349,0
2016-06-13,22:00:00,9.135,9.135,9.1057,9.135,2545,0
2016-06-14,15:35:00,9.1639,9.1639,9.058,9.058,942,0
2016-06-14,15:40:00,9.1287,9.1287,9.0579,9.0579,1858,0
2016-06-14,15:45:00,9.0675,9.1541,9.0675,9.0771,1214,0
2016-06-14,16:05:00,9.1541,9.1541,9.1541,9.1541,1038,0
2016-06-14,16:10:00,9.1446,9.1542,9.1446,9.1542,1619,0
2016-06-14,16:15:00,9.1928,9.2795,9.1928,9.2795,2698,0
2016-06-14,16:20:00,9.3469,9.3469,9.3469,9.3469,104,0
2016-06-14,16:25:00,9.3469,9.3469,9.2602,9.2602,1764,0
2016-06-14,16:30:00,9.2602,9.2602,9.212,9.2216,2387,0
2016-06-14,16:35:00,9.345,9.345,9.345,9.345,1336,0
2016-06-14,16:40:00,9.2988,9.2988,9.2988,9.2988,156,0
2016-06-14,16:50:00,9.1543,9.1543,9.1543,9.1543,726,0
2016-06-14,16:55:00,9.2689,9.2689,9.2689,9.2689,2340,0
2016-06-14,17:00:00,9.1735,9.2795,9.1542,9.2795,983,0
2016-06-14,17:05:00,9.1543,9.1543,9.1543,9.1543,519,0
2016-06-14,17:10:00,9.2554,9.2554,9.2554,9.2554,338,0
2016-06-14,17:15:00,9.1542,9.1542,9.1542,9.1542,311,0
2016-06-14,17:20:00,9.1542,9.2409,9.1542,9.2409,456,0
2016-06-14,17:30:00,9.2409,9.2409,9.2409,9.2409,1038,0
2016-06-14,17:35:00,9.212,9.212,9.2024,9.2024,623,0
2016-06-14,17:50:00,9.173,9.2409,9.173,9.2409,1086,0
2016-06-14,17:55:00,9.212,9.2988,9.212,9.2626,2904,0
2016-06-14,18:00:00,9.2506,9.2602,9.1542,9.2409,1038,0
2016-06-14,18:05:00,9.212,9.2216,9.1639,9.1639,415,0
2016-06-14,18:15:00,9.2217,9.2506,9.2005,9.2005,1096,0
2016-06-14,18:20:00,9.1928,9.1928,9.1831,9.1831,311,0
2016-06-14,18:30:00,9.1831,9.1831,9.1831,9.1831,104,0
2016-06-14,18:40:00,9.2024,9.2024,9.2024,9.2024,415,0
2016-06-14,19:10:00,9.1832,9.1832,9.1831,9.1831,3073,0
2016-06-14,19:25:00,9.2047,9.2047,9.1542,9.1542,4514,0
2016-06-14,19:35:00,9.2496,9.2496,9.2024,9.2024,853,0
2016-06-14,19:45:00,9.186,9.186,9.1639,9.1735,597,0
2016-06-14,20:00:00,9.1639,9.1639,9.1542,9.1542,519,0
2016-06-14,20:05:00,9.1446,9.1446,9.1446,9.1446,415,0
2016-06-14,20:15:00,9.1542,9.1542,9.1542,9.1542,104,0
2016-06-14,20:30:00,9.135,9.1542,9.135,9.1542,568,0
2016-06-14,20:40:00,9.1542,9.1542,9.1542,9.1542,2060,0
2016-06-14,20:50:00,9.1475,9.1475,9.1253,9.135,573,0
2016-06-14,20:55:00,9.0958,9.0958,9.0958,9.0958,311,0
2016-06-14,21:05:00,9.106,9.106,9.1059,9.1059,208,0
2016-06-14,21:10:00,9.0868,9.106,9.0579,9.106,5189,0
2016-06-14,21:15:00,9.106,9.1446,9.0868,9.1398,4869,0
2016-06-14,21:20:00,9.1735,9.1735,9.1157,9.1157,311,0
2016-06-14,21:25:00,9.1157,9.1253,9.106,9.106,1023,0
2016-06-14,21:35:00,9.106,9.1305,9.106,9.1305,698,0
2016-06-14,21:45:00,9.1157,9.1157,9.1157,9.1157,208,0
2016-06-14,21:50:00,9.2487,9.2487,9.2487,9.2487,311,0
2016-06-14,21:55:00,9.2313,9.3373,9.1735,9.3373,5748,0
2016-06-14,22:00:00,9.2554,9.318,9.2313,9.3084,7370,0
2016-06-15,15:35:00,9.44,9.44,9.04,9.1634,3378,0
2016-06-15,15:40:00,9.176,9.2,9.176,9.2,1950,0
2016-06-15,15:45:00,9.16,9.18,9.16,9.1601,1895,0
2016-06-15,15:50:00,9.081,9.1415,9.055,9.073,2564,0
2016-06-15,15:55:00,9.06,9.0612,9.05,9.0612,700,0
2016-06-15,16:30:00,9.0772,9.0772,9.0772,9.0772,508,0
2016-06-15,16:35:00,9.09,9.09,9.07,9.07,200,0
2016-06-15,16:40:00,9.0991,9.11,9.0991,9.11,300,0
2016-06-15,16:45:00,9.074,9.12,9.074,9.1,2993,0
2016-06-15,17:00:00,9.06,9.07,9.06,9.07,200,0
2016-06-15,17:05:00,9.07,9.07,9.0601,9.0601,300,0
2016-06-15,17:10:00,9.0871,9.0871,9.0871,9.0871,200,0
2016-06-15,17:15:00,9.07,9.07,9.07,9.07,100,0
2016-06-15,17:45:00,9.063,9.063,9.06,9.06,700,0
2016-06-15,18:05:00,9.0601,9.0601,9.0601,9.0601,204,0
2016-06-15,18:30:00,9.0885,9.0885,9.06,9.0885,1042,0
2016-06-15,18:35:00,9.07,9.07,9.0624,9.0624,1200,0
2016-06-15,18:45:00,9.07,9.07,9.07,9.07,2200,0
2016-06-15,19:00:00,9.0992,9.0992,9.0992,9.0992,355,0
2016-06-15,19:30:00,9.085,9.085,9.085,9.085,215,0
2016-06-15,20:05:00,9.07,9.07,9.07,9.07,100,0
2016-06-15,20:30:00,9.06,9.07,9.06,9.07,690,0
2016-06-15,20:35:00,9.07,9.07,9.07,9.07,200,0
2016-06-15,21:00:00,9.0799,9.0799,9.0799,9.0799,1000,0
2016-06-15,21:05:00,9.0603,9.068,9.0603,9.068,405,0
2016-06-15,21:25:00,9.0781,9.0781,9.0781,9.0781,200,0
2016-06-15,21:40:00,9.0501,9.06,9.01,9.01,2393,0
2016-06-15,21:45:00,9.01,9.01,9,9,500,0
2016-06-15,21:55:00,9.0199,9.0199,9.0199,9.0199,169,0
2016-06-15,22:00:00,9,9.04,9,9.04,2312,0
2016-06-16,15:35:00,9,9,9,9,927,0
2016-06-16,15:40:00,9.0001,9.0001,9.0001,9.0001,700,0
2016-06-16,15:45:00,9,9,9,9,4098,0
2016-06-16,15:50:00,9,9,9,9,500,0
2016-06-16,15:55:00,9,9,9,9,700,0
2016-06-16,16:05:00,9,9,9,9,500,0
2016-06-16,16:10:00,9.001,9.001,9.001,9.001,600,0
2016-06-16,16:15:00,9.0001,9.0001,9.0001,9.0001,1000,0
2016-06-16,16:20:00,9.01,9.01,9.01,9.01,110,0
2016-06-16,16:35:00,9.01,9.01,9.01,9.01,100,0
2016-06-16,16:40:00,9.04,9.04,9.0399,9.0399,1078,0
2016-06-16,16:55:00,9.04,9.04,9.0137,9.0137,889,0
2016-06-16,17:00:00,9,9.04,9,9.04,200,0
2016-06-16,17:15:00,9.003,9.025,9,9,3100,0
2016-06-16,17:40:00,9.05,9.05,9.0485,9.0485,400,0
2016-06-16,17:45:00,9.05,9.07,9.05,9.07,1349,0
2016-06-16,17:50:00,9.11,9.13,9.1,9.12,1387,0
2016-06-16,18:55:00,9.05,9.15,9.05,9.15,1592,0
2016-06-16,19:30:00,9.0301,9.0301,9.0301,9.0301,2000,0
2016-06-16,19:45:00,9.0529,9.0529,9.0529,9.0529,1000,0
2016-06-16,20:00:00,9.0406,9.0406,9.04,9.04,633,0
2016-06-16,20:25:00,9.0628,9.0628,9.0628,9.0628,1000,0
2016-06-16,21:00:00,9.0078,9.0078,9.0078,9.0078,2000,0
2016-06-16,21:05:00,9.0376,9.0376,9.0376,9.0376,500,0
2016-06-16,21:10:00,9.019,9.019,9.019,9.019,250,0
2016-06-16,21:30:00,9.0442,9.0442,9.0442,9.0442,665,0
2016-06-16,21:55:00,9.02,9.02,9.02,9.02,107,0
2016-06-16,22:00:00,9.02,9.05,9.02,9.05,793,0
2016-06-17,15:35:00,9.06,9.06,9.06,9.06,141,0
2016-06-17,15:50:00,9,9,9,9,100,0
2016-06-17,16:00:00,9.01,9.01,9.01,9.01,100,0
2016-06-17,16:10:00,9,9.02,9,9.02,548,0
2016-06-17,16:15:00,9.01,9.01,9.01,9.01,100,0
2016-06-17,16:25:00,9.03,9.03,9.03,9.03,101,0
2016-06-17,16:50:00,9.03,9.03,9.03,9.03,100,0
2016-06-17,18:10:00,9.0208,9.03,9.0208,9.03,2100,0
2016-06-17,18:25:00,9.0201,9.03,9,9,841,0
2016-06-17,19:10:00,9.01,9.025,9,9.0001,2300,0
2016-06-17,19:15:00,9.04,9.04,9.04,9.04,1398,0
2016-06-17,20:40:00,9.037,9.037,9.037,9.037,500,0
2016-06-17,20:45:00,9.0337,9.0337,9.0337,9.0337,100,0
2016-06-17,20:50:00,9.03,9.03,9.03,9.03,300,0
2016-06-17,21:05:00,9.0301,9.0301,9.03,9.03,1784,0
2016-06-17,21:40:00,9.05,9.05,9.05,9.05,398,0
2016-06-17,22:00:00,9.07,9.07,9.01,9.035,300,0
2016-06-20,15:35:00,9.06,9.09,9.06,9.07,1244,0
2016-06-20,15:40:00,9.1,9.1,9.1,9.1,100,0
2016-06-20,15:50:00,9.1,9.1,9.0999,9.0999,848,0
2016-06-20,15:55:00,9.1,9.1,9.1,9.1,1000,0
2016-06-20,16:00:00,9.1,9.18,9.09,9.18,3766,0
2016-06-20,16:05:00,9.25,9.25,9.1573,9.24,2600,0
2016-06-20,16:10:00,9.16,9.16,9.15,9.15,300,0
2016-06-20,16:15:00,9.12,9.12,9.12,9.12,1000,0
2016-06-20,16:20:00,9.14,9.15,9.13,9.15,1700,0
2016-06-20,16:25:00,9.19,9.23,9.19,9.2,1200,0
2016-06-20,16:30:00,9.21,9.3,9.185,9.185,4057,0
2016-06-20,16:35:00,9.29,9.29,9.2,9.28,2400,0
2016-06-20,16:40:00,9.27,9.27,9.2,9.24,2900,0
2016-06-20,16:45:00,9.25,9.29,9.2,9.27,1400,0
2016-06-20,16:50:00,9.26,9.27,9.1,9.24,1760,0
2016-06-20,16:55:00,9.23,9.42,9.2,9.42,3400,0
2016-06-20,17:00:00,9.39,9.49,9.39,9.49,2700,0
2016-06-20,17:05:00,9.48,9.5,9.48,9.49,1000,0
2016-06-20,17:10:00,9.42,9.42,9.375,9.3988,1700,0
2016-06-20,17:15:00,9.4,9.4163,9.38,9.41,2700,0
2016-06-20,17:20:00,9.44,9.44,9.404,9.43,5200,0
2016-06-20,17:25:00,9.41,9.44,9.38,9.44,1200,0
2016-06-20,17:30:00,9.44,9.45,9.395,9.4093,2586,0
2016-06-20,17:35:00,9.45,9.45,9.41,9.45,2200,0
2016-06-20,17:40:00,9.45,9.45,9.42,9.42,1100,0
2016-06-20,17:45:00,9.45,9.45,9.45,9.45,900,0
2016-06-20,17:50:00,9.45,9.48,9.42,9.44,7600,0
2016-06-20,17:55:00,9.49,9.49,9.4101,9.49,8300,0
2016-06-20,18:00:00,9.49,9.49,9.41,9.42,5979,0
2016-06-20,18:05:00,9.4,9.4,9.31,9.35,3314,0
2016-06-20,18:10:00,9.406,9.43,9.4,9.4,2200,0
2016-06-20,18:15:00,9.39,9.39,9.38,9.38,1600,0
2016-06-20,18:20:00,9.38,9.38,9.32,9.32,2700,0
2016-06-20,18:25:00,9.32,9.37,9.32,9.32,2100,0
2016-06-20,18:30:00,9.31,9.35,9.14,9.15,3700,0
2016-06-20,18:40:00,9.14,9.14,9.14,9.14,200,0
2016-06-20,18:50:00,9.13,9.13,9.06,9.06,800,0
2016-06-20,19:10:00,9,9.0001,9,9,2998,0
2016-06-20,19:20:00,9.025,9.025,9,9,4200,0
2016-06-20,19:25:00,9.0009,9.01,9,9,1500,0
2016-06-20,19:40:00,9,9.0001,9,9,5300,0
2016-06-20,19:50:00,9,9,8.85,8.85,11186,0
2016-06-20,20:00:00,8.9,8.9,8.9,8.9,500,0
2016-06-20,20:05:00,8.9,8.92,8.885,8.92,1000,0
2016-06-20,20:10:00,8.94,9,8.94,8.99,1600,0
2016-06-20,20:15:00,8.945,9,8.91,8.99,13100,0
2016-06-20,20:20:00,8.99,9,8.945,9,1870,0
2016-06-20,20:25:00,9,9.04,8.96,9.04,6600,0
2016-06-20,20:35:00,9.05,9.05,9.05,9.05,100,0
2016-06-20,20:40:00,9.06,9.06,9.06,9.06,100,0
2016-06-20,20:45:00,9.05,9.05,9.05,9.05,100,0
2016-06-20,20:50:00,9.06,9.06,9.06,9.06,100,0
2016-06-20,20:55:00,9.06,9.06,9,9,200,0
2016-06-20,21:00:00,9.04,9.04,9.02,9.0399,1100,0
2016-06-20,21:05:00,9.04,9.04,9.04,9.04,100,0
2016-06-20,21:10:00,9.04,9.04,8.99,9.04,631,0
2016-06-20,21:15:00,9.04,9.04,9.04,9.04,100,0
2016-06-20,21:20:00,8.98,9.015,8.98,8.98,1400,0
2016-06-20,21:30:00,8.96,9.03,8.951,9.03,500,0
2016-06-20,21:35:00,8.97,8.97,8.88,8.88,2598,0
2016-06-20,21:45:00,8.94,8.98,8.94,8.98,200,0
2016-06-20,21:50:00,8.955,8.97,8.955,8.97,200,0
2016-06-20,21:55:00,8.943,8.98,8.93,8.93,3300,0
2016-06-20,22:00:00,8.98,8.98,8.9,8.97,3136,0
2016-06-21,15:35:00,8.98,8.98,8.98,8.98,388,0
2016-06-21,15:45:00,8.98,8.98,8.97,8.97,1530,0
2016-06-21,16:10:00,8.95,8.95,8.95,8.95,100,0
2016-06-21,17:00:00,8.9307,8.9307,8.9307,8.9307,400,0
2016-06-21,17:05:00,8.9307,8.9307,8.9307,8.9307,400,0
2016-06-21,17:40:00,8.94,8.94,8.86,8.8601,6808,0
2016-06-21,17:50:00,8.95,8.95,8.95,8.95,100,0
2016-06-21,17:55:00,8.9413,8.9413,8.9413,8.9413,900,0
2016-06-21,18:00:00,8.87,8.88,8.85,8.866,4144,0
2016-06-21,18:05:00,8.87,8.87,8.87,8.87,100,0
2016-06-21,19:45:00,8.85,8.86,8.85,8.86,300,0
2016-06-21,20:50:00,8.9,8.9,8.9,8.9,100,0
2016-06-21,21:50:00,8.86,8.86,8.85,8.85,200,0
2016-06-21,22:00:00,8.86,8.88,8.85,8.88,2564,0
2016-06-22,15:35:00,8.85,8.85,8.85,8.85,1002,0
2016-06-22,15:40:00,8.99,8.99,8.99,8.99,100,0
2016-06-22,15:45:00,8.99,8.99,8.99,8.99,100,0
2016-06-22,15:50:00,8.98,8.98,8.98,8.98,100,0
2016-06-22,15:55:00,8.98,8.98,8.85,8.89,1300,0
2016-06-22,16:00:00,8.99,8.99,8.99,8.99,100,0
2016-06-22,16:05:00,8.99,8.99,8.99,8.99,200,0
2016-06-22,16:10:00,8.99,8.99,8.99,8.99,100,0
2016-06-22,16:15:00,8.99,8.99,8.99,8.99,200,0
2016-06-22,16:20:00,8.95,8.98,8.95,8.98,300,0
2016-06-22,16:25:00,8.98,8.98,8.97,8.97,300,0
2016-06-22,16:30:00,8.96,8.96,8.96,8.96,100,0
2016-06-22,16:35:00,8.96,8.96,8.95,8.95,200,0
2016-06-22,16:55:00,8.96,8.98,8.96,8.98,300,0
2016-06-22,17:00:00,8.98,8.98,8.98,8.98,100,0
2016-06-22,17:05:00,8.95,8.95,8.95,8.95,800,0
2016-06-22,17:10:00,8.99,8.99,8.99,8.99,100,0
2016-06-22,17:15:00,8.99,8.99,8.99,8.99,100,0
2016-06-22,17:20:00,8.99,8.99,8.99,8.99,100,0
2016-06-22,17:25:00,8.99,8.99,8.93,8.95,700,0
2016-06-22,17:30:00,8.98,9,8.98,8.99,2100,0
2016-06-22,17:35:00,8.98,8.98,8.94,8.95,900,0
2016-06-22,17:40:00,8.98,8.98,8.98,8.98,200,0
2016-06-22,17:45:00,8.95,8.99,8.95,8.99,2040,0
2016-06-22,17:50:00,8.98,8.98,8.98,8.98,100,0
2016-06-22,17:55:00,8.97,8.97,8.97,8.97,200,0
2016-06-22,18:00:00,8.99,9,8.99,8.99,880,0
2016-06-22,18:15:00,9,9,9,9,100,0
2016-06-22,18:20:00,9,9.08,8.8605,8.8605,14703,0
2016-06-22,18:35:00,9,9,9,9,200,0
2016-06-22,18:40:00,8.88,8.89,8.8601,8.8601,3500,0
2016-06-22,18:55:00,9.0976,9.0976,8.95,8.98,536,0
2016-06-22,19:10:00,8.93,8.98,8.93,8.98,400,0
2016-06-22,19:20:00,8.96,8.98,8.96,8.98,300,0
2016-06-22,19:50:00,8.95,8.98,8.95,8.98,800,0
2016-06-22,19:55:00,9,9,8.9935,8.9935,2230,0
2016-06-22,20:15:00,8.97,8.97,8.97,8.97,100,0
2016-06-22,21:15:00,8.8317,8.97,8.8317,8.97,1180,0
2016-06-22,21:55:00,8.86,8.97,8.8501,8.92,400,0
2016-06-22,22:00:00,8.96,8.96,8.96,8.96,100,0
2016-06-23,15:35:00,8.91,8.91,8.91,8.91,2100,0
2016-06-23,15:45:00,9.15,9.15,9.15,9.15,100,0
2016-06-23,15:50:00,9.13,9.13,9.13,9.13,100,0
2016-06-23,15:55:00,9.13,9.13,9.13,9.13,100,0
2016-06-23,16:00:00,9.12,9.12,9.12,9.12,100,0
2016-06-23,16:05:00,9.12,9.12,9.12,9.12,100,0
2016-06-23,16:10:00,9.12,9.12,9.12,9.12,100,0
2016-06-23,16:15:00,9.1,9.1,9.1,9.1,100,0
2016-06-23,16:20:00,9.1,9.1,9.1,9.1,100,0
2016-06-23,16:25:00,9.1,9.12,9.03,9.04,500,0
2016-06-23,16:30:00,9.07,9.07,8.99,9.05,300,0
2016-06-23,16:35:00,8.99,9.08,8.99,9.08,300,0
2016-06-23,16:40:00,9.08,9.08,9.08,9.08,100,0
2016-06-23,16:45:00,9.07,9.07,9.07,9.07,100,0
2016-06-23,16:50:00,9.08,9.08,9.08,9.08,100,0
2016-06-23,16:55:00,9.08,9.08,9.08,9.08,100,0
2016-06-23,17:00:00,9.08,9.08,9.08,9.08,400,0
2016-06-23,17:05:00,9.02,9.07,9.02,9.07,900,0
2016-06-23,17:10:00,9.08,9.0999,9.08,9.0999,209,0
2016-06-23,17:15:00,9.08,9.08,9.08,9.08,100,0
2016-06-23,17:25:00,9.09,9.1,9.09,9.1,200,0
2016-06-23,17:35:00,9.12,9.12,9.12,9.12,100,0
2016-06-23,17:40:00,9.11,9.11,9.11,9.11,100,0
2016-06-23,17:45:00,9.12,9.12,9.12,9.12,100,0
2016-06-23,17:55:00,9.11,9.11,9.11,9.11,100,0
2016-06-23,18:00:00,9.12,9.12,9.12,9.12,100,0
2016-06-23,18:10:00,8.82,9.035,8.82,9.035,1098,0
2016-06-23,18:35:00,8.88,8.9225,8.84,8.84,4000,0
2016-06-23,18:40:00,8.84,8.84,8.83,8.83,500,0
2016-06-23,18:45:00,8.89,8.9,8.89,8.9,300,0
2016-06-23,18:50:00,8.91,8.93,8.91,8.93,300,0
2016-06-23,18:55:00,8.91,8.92,8.8214,8.8214,1300,0
2016-06-23,19:00:00,8.845,8.845,8.84,8.84,300,0
2016-06-23,19:05:00,8.91,8.92,8.9,8.92,300,0
2016-06-23,19:15:00,8.91,8.92,8.91,8.92,300,0
2016-06-23,19:25:00,8.86,8.86,8.86,8.86,200,0
2016-06-23,19:45:00,8.9,8.92,8.9,8.92,300,0
2016-06-23,19:50:00,8.84,8.84,8.83,8.83,1500,0
2016-06-23,19:55:00,8.82,8.82,8.8,8.8,1749,0
2016-06-23,20:05:00,8.76,8.7801,8.73,8.73,3100,0
2016-06-23,20:10:00,8.75,8.7684,8.65,8.65,4928,0
2016-06-23,20:15:00,8.66,8.7,8.65,8.7,600,0
2016-06-23,20:30:00,8.782,8.782,8.71,8.71,200,0
2016-06-23,20:50:00,8.71,8.7101,8.7,8.7,2250,0
2016-06-23,20:55:00,8.7,8.7,8.7,8.7,500,0
2016-06-23,21:00:00,8.7,8.71,8.6,8.71,3796,0
2016-06-23,21:10:00,8.616,8.616,8.616,8.616,3786,0
2016-06-23,21:15:00,8.61,8.61,8.61,8.61,100,0
2016-06-23,21:20:00,8.61,8.61,8.58,8.58,4734,0
2016-06-23,21:25:00,8.56,8.58,8.55,8.58,1290,0
2016-06-23,21:30:00,8.6063,8.6063,8.57,8.57,3800,0
2016-06-23,21:35:00,8.59,8.6,8.59,8.59,898,0
2016-06-23,22:00:00,8.62,8.6425,8.57,8.57,4258,0
2016-06-24,15:35:00,8.33,8.52,8.33,8.52,1787,0
2016-06-24,15:55:00,8.3401,8.3401,8.3401,8.3401,300,0
2016-06-24,16:05:00,8.51,8.51,8.51,8.51,100,0
2016-06-24,16:25:00,8.52,8.53,8.4819,8.5001,7372,0
2016-06-24,16:30:00,8.53,8.69,8.51,8.62,700,0
2016-06-24,16:35:00,8.53,8.68,8.53,8.68,300,0
2016-06-24,16:40:00,8.6025,8.6025,8.6025,8.6025,1000,0
2016-06-24,16:45:00,8.67,8.67,8.67,8.67,100,0
2016-06-24,16:55:00,8.62,8.62,8.62,8.62,100,0
2016-06-24,17:00:00,8.61,8.67,8.61,8.67,500,0
2016-06-24,17:35:00,8.6781,8.6781,8.6781,8.6781,216,0
2016-06-24,18:20:00,8.5415,8.5415,8.5415,8.5415,1000,0
2016-06-24,18:40:00,8.55,8.55,8.54,8.54,400,0
2016-06-24,18:55:00,8.5404,8.5404,8.54,8.54,1193,0
2016-06-24,19:20:00,8.5008,8.5008,8.5008,8.5008,792,0
2016-06-24,19:45:00,8.51,8.51,8.51,8.51,100,0
2016-06-24,21:05:00,8.51,8.51,8.51,8.51,600,0
2016-06-24,21:50:00,8.574,8.574,8.5,8.5,3800,0
2016-06-24,21:55:00,8.5,8.55,8.25,8.27,5375,0
2016-06-24,22:00:00,8.26,8.301,8.22,8.22,4500,0
2016-06-27,15:35:00,8.3,8.44,8.3,8.3025,11122,0
2016-06-27,15:45:00,8.5328,8.5328,8.5328,8.5328,575,0
2016-06-27,15:55:00,8.42,8.42,8.42,8.42,400,0
2016-06-27,16:00:00,8.4616,8.4616,8.4616,8.4616,600,0
2016-06-27,16:10:00,8.455,8.49,8.35,8.35,1078,0
2016-06-27,16:20:00,8.301,8.301,8.301,8.301,1000,0
2016-06-27,16:40:00,8.334,8.334,8.334,8.334,560,0
2016-06-27,16:45:00,8.3,8.3,8.3,8.3,300,0
2016-06-27,17:00:00,8.3,8.3,8.3,8.3,500,0
2016-06-27,17:10:00,8.315,8.32,8.315,8.32,2000,0
2016-06-27,17:20:00,8.34,8.34,8.34,8.34,447,0
2016-06-27,17:45:00,8.32,8.32,8.31,8.31,200,0
2016-06-27,17:55:00,8.3,8.3,8.3,8.3,400,0
2016-06-27,18:00:00,8.32,8.32,8.32,8.32,1000,0
2016-06-27,18:25:00,8.34,8.34,8.3399,8.3399,1400,0
2016-06-27,18:35:00,8.346,8.346,8.346,8.346,179,0
2016-06-27,18:45:00,8.31,8.31,8.31,8.31,100,0
2016-06-27,19:00:00,8.3,8.3001,8.3,8.3001,4880,0
2016-06-27,19:25:00,8.3,8.3,8.3,8.3,400,0
2016-06-27,19:45:00,8.3,8.3,8.3,8.3,100,0
2016-06-27,20:00:00,8.3,8.3,8.3,8.3,300,0
2016-06-27,20:25:00,8.3,8.33,8.3,8.33,4693,0
2016-06-27,20:35:00,8.3024,8.3024,8.3024,8.3024,300,0
2016-06-27,20:40:00,8.33,8.34,8.32,8.34,2100,0
2016-06-27,21:00:00,8.31,8.31,8.31,8.31,100,0
2016-06-27,21:05:00,8.31,8.31,8.31,8.31,300,0
2016-06-27,21:15:00,8.31,8.31,8.31,8.31,200,0
2016-06-27,21:20:00,8.3,8.3002,8.3,8.3,1980,0
2016-06-27,21:25:00,8.33,8.33,8.33,8.33,100,0
2016-06-27,21:30:00,8.3004,8.32,8.3004,8.32,1700,0
2016-06-27,21:40:00,8.3,8.3,8.3,8.3,3000,0
2016-06-27,21:50:00,8.3,8.3,8.25,8.27,7977,0
2016-06-27,21:55:00,8.25,8.26,8.25,8.25,1996,0
2016-06-27,22:00:00,8.26,8.26,8.25,8.25,1271,0
2016-06-28,15:35:00,8.35,8.35,8.35,8.35,190,0
2016-06-28,16:20:00,8.385,8.385,8.385,8.385,500,0
2016-06-28,16:25:00,8.38,8.38,8.38,8.38,100,0
2016-06-28,16:45:00,8.37,8.37,8.36,8.36,400,0
2016-06-28,16:50:00,8.44,8.44,8.44,8.44,100,0
2016-06-28,16:55:00,8.3951,8.3951,8.3951,8.3951,248,0
2016-06-28,17:00:00,8.33,8.395,8.33,8.395,961,0
2016-06-28,17:40:00,8.3599,8.3599,8.3599,8.3599,700,0
2016-06-28,18:00:00,8.32,8.32,8.32,8.32,200,0
2016-06-28,18:20:00,8.35,8.35,8.35,8.35,100,0
2016-06-28,18:40:00,8.33,8.33,8.33,8.33,500,0
2016-06-28,18:55:00,8.33,8.33,8.33,8.33,223,0
2016-06-28,19:00:00,8.31,8.3101,8.2607,8.2607,3500,0
2016-06-28,19:20:00,8.27,8.27,8.27,8.27,200,0
2016-06-28,19:25:00,8.26,8.3,8.26,8.3,500,0
2016-06-28,19:30:00,8.2705,8.2705,8.2705,8.2705,1000,0
2016-06-28,19:45:00,8.27,8.27,8.27,8.27,100,0
2016-06-28,19:50:00,8.29,8.29,8.29,8.29,100,0
2016-06-28,20:35:00,8.28,8.28,8.26,8.27,10183,0
2016-06-28,20:50:00,8.26,8.285,8.25,8.25,2439,0
2016-06-28,21:10:00,8.3,8.3,8.284,8.3,2496,0
2016-06-28,21:40:00,8.34,8.34,8.34,8.34,200,0
2016-06-28,22:00:00,8.3,8.3,8.3,8.3,100,0
2016-06-29,15:35:00,8.41,8.41,8.41,8.41,858,0
2016-06-29,15:40:00,8.45,8.46,8.44,8.45,1400,0
2016-06-29,15:45:00,8.45,8.47,8.45,8.47,3200,0
2016-06-29,15:50:00,8.475,8.475,8.475,8.475,200,0
2016-06-29,16:00:00,8.55,8.55,8.5425,8.5425,400,0
2016-06-29,16:05:00,8.53,8.6,8.53,8.6,2400,0
2016-06-29,16:10:00,8.6,8.69,8.6,8.65,10239,0
2016-06-29,16:15:00,8.6599,8.6599,8.6599,8.6599,300,0
2016-06-29,16:25:00,8.66,8.66,8.6017,8.6017,1434,0
2016-06-29,16:30:00,8.57,8.57,8.57,8.57,100,0
2016-06-29,16:40:00,8.51,8.51,8.5,8.5,1000,0
2016-06-29,16:45:00,8.5,8.51,8.5,8.51,200,0
2016-06-29,16:50:00,8.57,8.645,8.57,8.645,1400,0
2016-06-29,16:55:00,8.58,8.58,8.57,8.57,700,0
2016-06-29,17:00:00,8.52,8.52,8.5,8.5,700,0
2016-06-29,17:05:00,8.52,8.52,8.52,8.52,1000,0
2016-06-29,17:15:00,8.51,8.51,8.51,8.51,100,0
2016-06-29,17:20:00,8.52,8.5799,8.52,8.5532,1673,0
2016-06-29,17:25:00,8.5401,8.58,8.52,8.58,2715,0
2016-06-29,17:30:00,8.58,8.58,8.56,8.58,1920,0
2016-06-29,17:35:00,8.58,8.6488,8.58,8.58,1215,0
2016-06-29,17:50:00,8.65,8.65,8.65,8.65,200,0
2016-06-29,18:00:00,8.61,8.61,8.47,8.5,7871,0
2016-06-29,18:15:00,8.495,8.495,8.45,8.45,300,0
2016-06-29,18:20:00,8.57,8.57,8.55,8.55,500,0
2016-06-29,18:25:00,8.56,8.56,8.55,8.55,700,0
2016-06-29,18:40:00,8.56,8.56,8.465,8.465,200,0
2016-06-29,18:50:00,8.501,8.501,8.501,8.501,100,0
2016-06-29,18:55:00,8.5,8.5,8.5,8.5,550,0
2016-06-29,19:10:00,8.6,8.6,8.59,8.59,200,0
2016-06-29,19:20:00,8.6,8.6,8.56,8.57,500,0
2016-06-29,19:30:00,8.59,8.59,8.59,8.59,100,0
2016-06-29,19:35:00,8.55,8.5595,8.55,8.5595,200,0
2016-06-29,19:40:00,8.62,8.643,8.62,8.64,1180,0
2016-06-29,19:55:00,8.64,8.65,8.63,8.63,1378,0
2016-06-29,20:00:00,8.64,8.67,8.64,8.66,3040,0
2016-06-29,20:05:00,8.7599,8.7599,8.68,8.68,1884,0
2016-06-29,20:10:00,8.6789,8.68,8.6789,8.68,500,0
2016-06-29,20:30:00,8.66,8.66,8.66,8.66,300,0
2016-06-29,20:45:00,8.56,8.56,8.56,8.56,1025,0
2016-06-29,20:55:00,8.56,8.56,8.56,8.56,100,0
2016-06-29,21:10:00,8.6565,8.6565,8.6565,8.6565,684,0
2016-06-29,21:50:00,8.6596,8.6596,8.6596,8.6596,145,0
2016-06-29,21:55:00,8.64,8.65,8.64,8.65,200,0
2016-06-29,22:00:00,8.62,8.62,8.58,8.62,1654,0
2016-06-30,15:35:00,8.65,8.7884,8.65,8.7884,969,0
2016-06-30,15:40:00,8.7884,8.7884,8.7884,8.7884,222,0
2016-06-30,15:50:00,8.68,8.68,8.675,8.675,500,0
2016-06-30,16:15:00,8.63,8.63,8.57,8.57,1330,0
2016-06-30,16:45:00,8.6502,8.6502,8.6502,8.6502,365,0
2016-06-30,17:10:00,8.63,8.63,8.62,8.62,200,0
2016-06-30,17:30:00,8.5901,8.5901,8.59,8.59,2200,0
2016-06-30,17:35:00,8.59,8.59,8.58,8.58,321,0
2016-06-30,17:50:00,8.64,8.64,8.64,8.64,200,0
2016-06-30,17:55:00,8.64,8.64,8.64,8.64,1100,0
2016-06-30,18:05:00,8.64,8.64,8.64,8.64,400,0
2016-06-30,18:10:00,8.64,8.64,8.64,8.64,300,0
2016-06-30,18:15:00,8.65,8.65,8.65,8.65,100,0
2016-06-30,18:20:00,8.68,8.68,8.68,8.68,400,0
2016-06-30,18:25:00,8.729,8.729,8.729,8.729,400,0
2016-06-30,18:30:00,8.73,8.73,8.73,8.73,100,0
2016-06-30,18:35:00,8.68,8.6801,8.68,8.6801,400,0
2016-06-30,18:45:00,8.735,8.735,8.6801,8.6801,400,0
2016-06-30,18:50:00,8.7265,8.7265,8.7265,8.7265,500,0
2016-06-30,19:05:00,8.746,8.75,8.746,8.75,1140,0
2016-06-30,19:25:00,8.7349,8.7349,8.7349,8.7349,200,0
2016-06-30,19:30:00,8.71,8.71,8.71,8.71,200,0
2016-06-30,19:40:00,8.73,8.73,8.73,8.73,100,0
2016-06-30,19:45:00,8.6924,8.6924,8.6924,8.6924,1500,0
2016-06-30,20:00:00,8.7399,8.7399,8.7399,8.7399,250,0
2016-06-30,20:15:00,8.7484,8.75,8.73,8.75,3183,0
2016-06-30,20:25:00,8.76,8.79,8.76,8.78,600,0
2016-06-30,20:40:00,8.79,8.79,8.79,8.79,100,0
2016-06-30,20:45:00,8.7973,8.7973,8.7973,8.7973,780,0
2016-06-30,21:15:00,8.8,8.8,8.8,8.8,100,0
2016-06-30,21:20:00,8.8,8.8,8.8,8.8,498,0
2016-06-30,21:40:00,8.8202,8.84,8.8202,8.84,1100,0
2016-06-30,21:45:00,8.84,8.84,8.84,8.84,200,0
2016-06-30,21:50:00,8.84,8.85,8.83,8.85,500,0
2016-06-30,21:55:00,8.85,8.85,8.85,8.85,200,0
2016-06-30,22:00:00,8.85,8.88,8.81,8.88,3786,0
2016-07-01,15:35:00,8.9,8.9,8.9,8.9,300,0
2016-07-01,15:45:00,8.89,8.89,8.89,8.89,900,0
2016-07-01,15:50:00,8.85,8.9,8.85,8.85,4400,0
2016-07-01,15:55:00,8.85,8.9,8.85,8.9,700,0
2016-07-01,16:00:00,8.85,8.9,8.85,8.9,5600,0
2016-07-01,16:05:00,8.9,8.9,8.9,8.9,100,0
2016-07-01,16:25:00,9.04,9.0411,8.98,9.03,3175,0
2016-07-01,16:35:00,9.08,9.08,9.08,9.08,100,0
2016-07-01,16:40:00,9.035,9.035,8.98,8.98,1000,0
2016-07-01,16:55:00,9.08,9.08,9.08,9.08,100,0
2016-07-01,17:00:00,9.08,9.08,9.08,9.08,200,0
2016-07-01,17:10:00,9.08,9.08,9.08,9.08,200,0
2016-07-01,17:15:00,9.08,9.08,9.08,9.08,100,0
2016-07-01,17:25:00,9.01,9.07,9,9.07,1400,0
2016-07-01,17:30:00,9,9.02,9,9,600,0
2016-07-01,17:35:00,9.02,9.02,9,9,1200,0
2016-07-01,17:40:00,9.01,9.01,9.01,9.01,400,0
2016-07-01,17:50:00,8.95,8.95,8.9001,8.9001,300,0
2016-07-01,18:00:00,8.982,8.982,8.982,8.982,200,0
2016-07-01,18:05:00,9,9,9,9,100,0
2016-07-01,18:40:00,8.99,9.15,8.99,9.15,5400,0
2016-07-01,18:45:00,8.9862,9.11,8.92,9.11,2355,0
2016-07-01,19:05:00,8.9865,8.9865,8.9865,8.9865,318,0
2016-07-01,19:15:00,9.06,9.06,9.06,9.06,500,0
2016-07-01,19:20:00,9.049,9.049,9.049,9.049,100,0
2016-07-01,19:25:00,8.92,8.985,8.91,8.92,600,0
2016-07-01,20:05:00,9.05,9.05,9.05,9.05,100,0
2016-07-01,20:40:00,9.05,9.05,9.05,9.05,100,0
2016-07-01,20:55:00,9.05,9.05,9.05,9.05,100,0
2016-07-01,21:00:00,9.06,9.06,9.06,9.06,100,0
2016-07-01,21:10:00,9.06,9.06,9.06,9.06,100,0
2016-07-01,21:20:00,8.979,8.979,8.979,8.979,200,0
2016-07-01,21:40:00,8.99,8.99,8.98,8.98,300,0
2016-07-01,21:45:00,8.9773,8.9773,8.9773,8.9773,3000,0
2016-07-01,21:50:00,8.94,8.94,8.94,8.94,300,0
2016-07-01,21:55:00,8.95,8.95,8.95,8.95,100,0
2016-07-01,22:00:00,8.96,9.03,8.94,9.0299,502,0
