Date,Time,Open,High,Low,Close,Volume,OpenInt
2016-05-05,15:35:00,0.82,0.82,0.8142,0.8142,2525,0
2016-05-05,15:40:00,0.81,0.81,0.81,0.81,100,0
2016-05-05,15:45:00,0.8,0.8,0.8,0.8,300,0
2016-05-05,15:50:00,0.8,0.8,0.8,0.8,299,0
2016-05-05,15:55:00,0.8,0.8,0.8,0.8,100,0
2016-05-05,16:15:00,0.8,0.8,0.8,0.8,100,0
2016-05-05,16:20:00,0.81,0.81,0.81,0.81,420,0
2016-05-05,16:25:00,0.81,0.81,0.81,0.81,300,0
2016-05-05,16:30:00,0.81,0.81,0.81,0.81,100,0
2016-05-05,16:55:00,0.7956,0.7956,0.7956,0.7956,142,0
2016-05-05,17:10:00,0.79,0.79,0.79,0.79,300,0
2016-05-05,17:15:00,0.7901,0.7901,0.7743,0.7743,5000,0
2016-05-05,17:20:00,0.8,0.8,0.8,0.8,1000,0
2016-05-05,18:30:00,0.8,0.8,0.8,0.8,100,0
2016-05-05,18:55:00,0.8,0.8,0.8,0.8,230,0
2016-05-05,19:10:00,0.8,0.8,0.8,0.8,100,0
2016-05-05,19:20:00,0.7744,0.7744,0.7744,0.7744,168,0
2016-05-05,19:25:00,0.8,0.8,0.8,0.8,100,0
2016-05-05,20:10:00,0.7871,0.7871,0.7871,0.7871,111,0
2016-05-05,20:30:00,0.7823,0.8,0.7743,0.8,7277,0
2016-05-05,20:35:00,0.7743,0.7743,0.7743,0.7743,100,0
2016-05-05,21:15:00,0.8,0.8,0.8,0.8,100,0
2016-05-05,21:20:00,0.7743,0.7743,0.7742,0.7742,5729,0
2016-05-05,21:25:00,0.7714,0.7799,0.7714,0.7799,1600,0
2016-05-05,21:30:00,0.7714,0.7743,0.7714,0.7714,700,0
2016-05-05,21:35:00,0.7743,0.79,0.7743,0.79,4645,0
2016-05-05,21:50:00,0.78,0.7824,0.78,0.7824,800,0
2016-05-05,22:00:00,0.8,0.8,0.8,0.8,100,0
2016-05-06,15:35:00,0.8,0.8,0.76,0.76,999,0
2016-05-06,15:40:00,0.7601,0.798,0.76,0.798,910,0
2016-05-06,15:50:00,0.798,0.798,0.798,0.798,816,0
2016-05-06,16:15:00,0.78,0.78,0.76,0.76,1430,0
2016-05-06,16:25:00,0.7897,0.7897,0.7897,0.7897,300,0
2016-05-06,16:40:00,0.79,0.79,0.79,0.79,100,0
2016-05-06,17:20:00,0.76,0.76,0.76,0.76,200,0
2016-05-06,17:30:00,0.798,0.798,0.798,0.798,1000,0
2016-05-06,17:50:00,0.77,0.77,0.77,0.77,100,0
2016-05-06,18:50:00,0.791,0.791,0.791,0.791,100,0
2016-05-06,19:20:00,0.77,0.7811,0.77,0.7811,800,0
2016-05-06,20:30:00,0.7811,0.7973,0.77,0.7898,3100,0
2016-05-06,20:35:00,0.77,0.77,0.77,0.77,100,0
2016-05-06,21:20:00,0.8,0.8,0.8,0.8,100,0
2016-05-06,21:25:00,0.78,0.78,0.78,0.78,100,0
2016-05-06,21:30:00,0.77,0.8,0.765,0.7701,5091,0
2016-05-06,21:40:00,0.8,0.8,0.8,0.8,3293,0
2016-05-06,21:50:00,0.76,0.76,0.76,0.76,125,0
2016-05-06,21:55:00,0.7848,0.7849,0.77,0.77,1200,0
2016-05-06,22:00:00,0.7997,0.7997,0.7997,0.7997,100,0
2016-05-09,15:35:00,0.79,0.79,0.7899,0.79,6236,0
2016-05-09,15:50:00,0.8,0.8197,0.8,0.8197,2350,0
2016-05-09,15:55:00,0.8194,0.8194,0.8147,0.8168,5000,0
2016-05-09,16:00:00,0.7901,0.7901,0.79,0.79,2000,0
2016-05-09,16:20:00,0.7901,0.7901,0.79,0.79,900,0
2016-05-09,16:25:00,0.79,0.7999,0.79,0.7999,525,0
2016-05-09,16:30:00,0.7969,0.7969,0.79,0.79,700,0
2016-05-09,16:40:00,0.79,0.79,0.79,0.79,300,0
2016-05-09,16:45:00,0.7901,0.7901,0.79,0.79,1000,0
2016-05-09,16:55:00,0.79,0.7998,0.79,0.7998,916,0
2016-05-09,17:05:00,0.7999,0.8,0.7999,0.8,11600,0
2016-05-09,17:15:00,0.8,0.8,0.8,0.8,657,0
2016-05-09,17:20:00,0.8,0.8,0.8,0.8,1000,0
2016-05-09,17:30:00,0.8053,0.8097,0.8053,0.8097,9200,0
2016-05-09,17:40:00,0.79,0.79,0.79,0.79,100,0
2016-05-09,18:05:00,0.79,0.7999,0.79,0.7906,1570,0
2016-05-09,18:20:00,0.7987,0.7987,0.7987,0.7987,200,0
2016-05-09,18:40:00,0.8034,0.8034,0.8034,0.8034,300,0
2016-05-09,18:45:00,0.8,0.8023,0.8,0.8,11400,0
2016-05-09,18:50:00,0.8049,0.8049,0.8049,0.8049,2000,0
2016-05-09,19:00:00,0.8042,0.8069,0.8042,0.8069,5100,0
2016-05-09,19:45:00,0.805,0.8069,0.805,0.8069,3900,0
2016-05-09,19:50:00,0.8,0.8,0.8,0.8,836,0
2016-05-09,20:50:00,0.8099,0.8099,0.8099,0.8099,115,0
2016-05-09,21:10:00,0.8001,0.8099,0.8001,0.8099,700,0
2016-05-09,21:20:00,0.8,0.8099,0.8,0.8,5200,0
2016-05-09,21:30:00,0.8,0.8,0.8,0.8,1000,0
2016-05-09,21:35:00,0.8,0.8001,0.8,0.8001,600,0
2016-05-09,21:55:00,0.81,0.81,0.81,0.81,100,0
2016-05-10,15:35:00,0.84,0.84,0.8,0.8,6937,0
2016-05-10,15:40:00,0.81,0.81,0.81,0.81,4287,0
2016-05-10,15:55:00,0.85,0.85,0.8428,0.8432,560,0
2016-05-10,16:00:00,0.8401,0.8416,0.84,0.84,946,0
2016-05-10,16:05:00,0.84,0.84,0.84,0.84,300,0
2016-05-10,16:10:00,0.81,0.81,0.81,0.81,200,0
2016-05-10,16:25:00,0.8101,0.8101,0.8101,0.8101,449,0
2016-05-10,16:45:00,0.8213,0.8213,0.8213,0.8213,331,0
2016-05-10,16:55:00,0.8399,0.84,0.8399,0.84,800,0
2016-05-10,17:00:00,0.8213,0.8213,0.8213,0.8213,540,0
2016-05-10,17:05:00,0.8222,0.8222,0.8222,0.8222,1187,0
2016-05-10,18:10:00,0.8222,0.8222,0.8222,0.8222,1052,0
2016-05-10,18:30:00,0.8356,0.8356,0.8222,0.8222,1710,0
2016-05-10,18:40:00,0.8399,0.84,0.8399,0.84,1300,0
2016-05-10,18:50:00,0.8251,0.8251,0.8251,0.8251,100,0
2016-05-10,19:20:00,0.84,0.84,0.8301,0.8301,600,0
2016-05-10,19:35:00,0.839,0.839,0.839,0.839,300,0
2016-05-10,19:40:00,0.834,0.8389,0.834,0.8389,3000,0
2016-05-10,19:50:00,0.8303,0.839,0.8303,0.839,1100,0
2016-05-10,20:00:00,0.8303,0.8351,0.8203,0.8203,8681,0
2016-05-10,20:05:00,0.8202,0.84,0.8003,0.81,19020,0
2016-05-10,20:15:00,0.84,0.84,0.84,0.84,400,0
2016-05-10,20:25:00,0.84,0.84,0.84,0.84,295,0
2016-05-10,20:35:00,0.8101,0.8101,0.8101,0.8101,112,0
2016-05-10,20:50:00,0.84,0.86,0.84,0.86,26704,0
2016-05-10,21:00:00,0.8526,0.8526,0.8526,0.8526,298,0
2016-05-10,21:05:00,0.8547,0.8547,0.8547,0.8547,125,0
2016-05-10,21:10:00,0.855,0.8554,0.855,0.8554,760,0
2016-05-10,21:15:00,0.86,0.86,0.8561,0.8574,2399,0
2016-05-10,21:25:00,0.857,0.857,0.857,0.857,100,0
2016-05-10,21:30:00,0.8571,0.86,0.8571,0.86,6893,0
2016-05-10,21:45:00,0.8572,0.8572,0.8572,0.8572,100,0
2016-05-10,21:55:00,0.8588,0.86,0.8576,0.8599,1800,0
2016-05-10,22:00:00,0.86,0.86,0.86,0.86,1000,0
2016-05-11,15:35:00,0.86,0.8699,0.86,0.8699,4037,0
2016-05-11,15:40:00,0.87,0.87,0.8636,0.8636,12114,0
2016-05-11,16:00:00,0.8797,0.89,0.86,0.86,1516,0
2016-05-11,16:05:00,0.8864,0.89,0.86,0.86,804,0
2016-05-11,16:35:00,0.869,0.869,0.869,0.869,2100,0
2016-05-11,17:30:00,0.885,0.889,0.884,0.889,1100,0
2016-05-11,17:35:00,0.8783,0.8871,0.8783,0.8871,2522,0
2016-05-11,17:40:00,0.8899,0.8899,0.8899,0.8899,1500,0
2016-05-11,17:50:00,0.8604,0.89,0.86,0.89,1377,0
2016-05-11,17:55:00,0.89,0.89,0.86,0.86,1600,0
2016-05-11,18:05:00,0.8801,0.89,0.8801,0.8898,6918,0
2016-05-11,18:10:00,0.885,0.8898,0.8801,0.8898,1440,0
2016-05-11,18:20:00,0.8827,0.8827,0.8802,0.8802,2100,0
2016-05-11,18:25:00,0.8898,0.8898,0.8898,0.8898,350,0
2016-05-11,18:30:00,0.8898,0.8898,0.8898,0.8898,500,0
2016-05-11,18:35:00,0.8875,0.8875,0.8875,0.8875,1000,0
2016-05-11,18:40:00,0.8898,0.8898,0.8898,0.8898,200,0
2016-05-11,18:45:00,0.8875,0.8898,0.8875,0.8898,500,0
2016-05-11,18:55:00,0.8898,0.8898,0.8898,0.8898,100,0
2016-05-11,19:00:00,0.8875,0.8875,0.8875,0.8875,350,0
2016-05-11,19:05:00,0.8875,0.8875,0.8875,0.8875,100,0
2016-05-11,19:15:00,0.8813,0.8813,0.8813,0.8813,172,0
2016-05-11,20:00:00,0.8857,0.8857,0.8816,0.8816,3000,0
2016-05-11,20:05:00,0.8818,0.8818,0.8807,0.8807,600,0
2016-05-11,20:10:00,0.8808,0.8808,0.8808,0.8808,400,0
2016-05-11,20:35:00,0.8894,0.8894,0.8834,0.8834,1400,0
2016-05-11,21:15:00,0.8802,0.8802,0.8802,0.8802,887,0
2016-05-11,21:35:00,0.8898,0.8898,0.8898,0.8898,100,0
2016-05-11,22:00:00,0.8898,0.8898,0.8898,0.8898,100,0
2016-05-12,15:35:00,0.83,0.899,0.83,0.8715,6017,0
2016-05-12,15:40:00,0.8701,0.8701,0.83,0.83,302,0
2016-05-12,15:45:00,0.88,0.88,0.8715,0.8715,400,0
2016-05-12,15:50:00,0.871,0.871,0.8405,0.8709,6609,0
2016-05-12,15:55:00,0.871,0.871,0.871,0.871,100,0
2016-05-12,16:05:00,0.843,0.843,0.843,0.843,200,0
2016-05-12,16:10:00,0.8605,0.8605,0.8605,0.8605,500,0
2016-05-12,16:20:00,0.8699,0.8699,0.8699,0.8699,100,0
2016-05-12,16:25:00,0.87,0.87,0.87,0.87,100,0
2016-05-12,16:40:00,0.8476,0.8476,0.8476,0.8476,1200,0
2016-05-12,16:45:00,0.867,0.867,0.867,0.867,100,0
2016-05-12,16:50:00,0.86,0.8699,0.86,0.8699,700,0
2016-05-12,16:55:00,0.8699,0.93,0.8699,0.93,13106,0
2016-05-12,17:00:00,0.91,0.93,0.91,0.93,350,0
2016-05-12,17:05:00,0.929,0.929,0.929,0.929,188,0
2016-05-12,17:15:00,0.929,0.929,0.9251,0.929,2664,0
2016-05-12,17:20:00,0.929,0.93,0.9284,0.93,2276,0
2016-05-12,17:30:00,0.9293,0.9293,0.9293,0.9293,129,0
2016-05-12,17:35:00,0.929,0.929,0.929,0.929,100,0
2016-05-12,17:40:00,0.929,0.929,0.929,0.929,177,0
2016-05-12,17:45:00,0.9265,0.9265,0.9251,0.9264,6800,0
2016-05-12,17:50:00,0.925,0.925,0.9084,0.9084,5185,0
2016-05-12,17:55:00,0.9295,0.9295,0.9295,0.9295,2750,0
2016-05-12,18:05:00,0.929,0.929,0.929,0.929,100,0
2016-05-12,18:20:00,0.92,0.92,0.9001,0.9001,4700,0
2016-05-12,18:25:00,0.9029,0.9029,0.9029,0.9029,700,0
2016-05-12,18:55:00,0.9001,0.9001,0.9,0.9,3100,0
2016-05-12,19:00:00,0.8903,0.8903,0.8903,0.8903,200,0
2016-05-12,19:15:00,0.9,0.9,0.9,0.9,1285,0
2016-05-12,19:25:00,0.9,0.926,0.9,0.926,34582,0
2016-05-12,19:30:00,0.926,0.9295,0.926,0.9295,10800,0
2016-05-12,19:35:00,0.9,0.9,0.9,0.9,700,0
2016-05-12,19:45:00,0.926,0.926,0.926,0.926,500,0
2016-05-12,19:55:00,0.9,0.9,0.9,0.9,100,0
2016-05-12,20:25:00,0.9,0.9,0.9,0.9,1000,0
2016-05-12,20:40:00,0.91,0.91,0.91,0.91,291,0
2016-05-12,20:45:00,0.9,0.9,0.9,0.9,215,0
2016-05-12,21:15:00,0.9001,0.9001,0.9001,0.9001,800,0
2016-05-12,21:20:00,0.92,0.92,0.92,0.92,200,0
2016-05-12,21:40:00,0.9,0.919,0.9,0.9001,19129,0
2016-05-12,21:45:00,0.9065,0.9065,0.9065,0.9065,100,0
2016-05-12,21:55:00,0.9,0.9,0.9,0.9,1137,0
2016-05-12,22:00:00,0.9,0.9,0.9,0.9,326,0
2016-05-13,15:35:00,0.927,0.93,0.927,0.93,2109,0
2016-05-13,15:50:00,0.9003,0.9003,0.9003,0.9003,4000,0
2016-05-13,15:55:00,0.9295,0.9295,0.9295,0.9295,105,0
2016-05-13,16:05:00,0.9295,0.9295,0.91,0.91,900,0
2016-05-13,16:15:00,0.9202,0.9202,0.9202,0.9202,3264,0
2016-05-13,16:40:00,0.9292,0.9295,0.92,0.925,13879,0
2016-05-13,16:50:00,0.925,0.925,0.9,0.9249,718,0
2016-05-13,16:55:00,0.925,0.9251,0.925,0.9251,400,0
2016-05-13,17:00:00,0.9251,0.9251,0.925,0.9251,400,0
2016-05-13,17:05:00,0.9,0.9,0.9,0.9,300,0
2016-05-13,17:10:00,0.9251,0.9251,0.9251,0.9251,200,0
2016-05-13,18:20:00,0.9002,0.9002,0.9002,0.9002,100,0
2016-05-13,18:30:00,0.9051,0.9051,0.9051,0.9051,500,0
2016-05-13,18:50:00,0.905,0.925,0.905,0.925,900,0
2016-05-13,19:10:00,0.9248,0.9248,0.9248,0.9248,1000,0
2016-05-13,19:15:00,0.905,0.9248,0.905,0.9248,500,0
2016-05-13,19:35:00,0.925,0.925,0.925,0.925,350,0
2016-05-13,19:40:00,0.9222,0.9245,0.9222,0.9245,5200,0
2016-05-13,19:45:00,0.9051,0.9245,0.9051,0.9245,3200,0
2016-05-13,19:50:00,0.9241,0.9241,0.9241,0.9241,500,0
2016-05-13,20:00:00,0.91,0.92,0.9051,0.92,6727,0
2016-05-13,20:25:00,0.906,0.9098,0.9051,0.9098,1578,0
2016-05-13,20:55:00,0.9175,0.9175,0.9175,0.9175,500,0
2016-05-13,21:05:00,0.905,0.9245,0.905,0.9245,6900,0
2016-05-13,21:25:00,0.9245,0.925,0.9239,0.925,7200,0
2016-05-13,21:30:00,0.925,0.925,0.9245,0.9245,4730,0
2016-05-13,21:45:00,0.9249,0.9249,0.9249,0.9249,200,0
2016-05-13,21:50:00,0.9249,0.9249,0.9247,0.9247,1600,0
2016-05-13,21:55:00,0.9248,0.9248,0.92,0.92,3793,0
2016-05-13,22:00:00,0.915,0.915,0.9,0.9,8013,0
2016-05-16,15:35:00,0.925,0.925,0.89,0.89,312,0
2016-05-16,15:50:00,0.9025,0.9182,0.9025,0.9182,3500,0
2016-05-16,15:55:00,0.9182,0.9182,0.9182,0.9182,1000,0
2016-05-16,16:00:00,0.9,0.9,0.9,0.9,1000,0
2016-05-16,16:05:00,0.9016,0.9147,0.9016,0.9147,773,0
2016-05-16,16:10:00,0.92,0.92,0.92,0.92,320,0
2016-05-16,16:20:00,0.92,0.92,0.912,0.912,2700,0
2016-05-16,16:30:00,0.92,0.92,0.906,0.906,600,0
2016-05-16,16:40:00,0.92,0.925,0.92,0.9249,5450,0
2016-05-16,16:45:00,0.92,0.92,0.92,0.92,300,0
2016-05-16,16:50:00,0.92,0.925,0.92,0.925,1401,0
2016-05-16,16:55:00,0.9299,0.9299,0.9299,0.9299,1000,0
2016-05-16,17:00:00,0.925,0.93,0.925,0.93,11736,0
2016-05-16,17:05:00,0.93,0.96,0.93,0.9306,34100,0
2016-05-16,17:10:00,0.95,0.95,0.95,0.95,100,0
2016-05-16,17:15:00,0.9401,0.95,0.9401,0.95,4922,0
2016-05-16,17:20:00,0.95,0.96,0.95,0.96,696,0
2016-05-16,17:25:00,0.96,1.03,0.95,1.0101,46432,0
2016-05-16,17:30:00,1.0101,1.05,1,1,31509,0
2016-05-16,17:35:00,0.9967,0.9967,0.996,0.996,2100,0
2016-05-16,17:40:00,0.9853,0.996,0.96,0.9824,6815,0
2016-05-16,17:45:00,0.9899,0.9899,0.98,0.98,600,0
2016-05-16,17:50:00,0.98,0.98,0.97,0.97,4200,0
2016-05-16,17:55:00,0.96,0.9603,0.96,0.96,2000,0
2016-05-16,18:00:00,0.98,1.02,0.9799,0.99,26935,0
2016-05-16,18:05:00,0.9932,1,0.976,0.976,8369,0
2016-05-16,18:10:00,1,1,0.9725,1,5900,0
2016-05-16,18:15:00,0.975,1,0.975,0.9752,8873,0
2016-05-16,18:20:00,0.9702,0.99,0.9702,0.99,2100,0
2016-05-16,18:25:00,0.9715,0.99,0.9701,0.9704,2492,0
2016-05-16,18:30:00,0.9899,0.99,0.97,0.97,2501,0
2016-05-16,18:35:00,0.9601,0.97,0.96,0.97,5814,0
2016-05-16,18:40:00,0.96,0.9603,0.96,0.9603,2300,0
2016-05-16,18:50:00,0.9899,0.9899,0.9899,0.9899,300,0
2016-05-16,19:05:00,0.96,0.98,0.96,0.96,5575,0
2016-05-16,19:10:00,0.9756,0.9756,0.96,0.96,1300,0
2016-05-16,19:20:00,0.9701,0.9701,0.96,0.96,650,0
2016-05-16,19:30:00,0.9601,0.98,0.96,0.96,15200,0
2016-05-16,19:50:00,0.9635,0.97,0.96,0.96,3500,0
2016-05-16,19:55:00,0.96,0.98,0.96,0.98,2600,0
2016-05-16,20:00:00,0.9702,0.9702,0.9702,0.9702,100,0
2016-05-16,20:15:00,0.9799,0.9799,0.9708,0.9708,2200,0
2016-05-16,20:25:00,0.979,0.98,0.97,0.97,7331,0
2016-05-16,20:30:00,0.9701,0.9777,0.97,0.97,2600,0
2016-05-16,20:35:00,0.98,1.02,0.97,1,25336,0
2016-05-16,20:40:00,1.006,1.006,0.99,0.99,8237,0
2016-05-16,20:45:00,0.996,0.996,0.99,0.99,3300,0
2016-05-16,20:50:00,1.01,1.02,0.99,0.99,9200,0
2016-05-16,20:55:00,1,1.02,1,1,2600,0
2016-05-16,21:00:00,1,1,0.99,0.99,8610,0
2016-05-16,21:05:00,1,1,0.99,1,1700,0
2016-05-16,21:10:00,0.9901,0.9901,0.99,0.99,8555,0
2016-05-16,21:15:00,0.99,0.9915,0.99,0.99,4490,0
2016-05-16,21:20:00,0.99,0.99,0.99,0.99,1151,0
2016-05-16,21:25:00,0.99,0.99,0.97,0.97,1498,0
2016-05-16,21:30:00,0.9899,0.9899,0.97,0.97,1400,0
2016-05-16,21:55:00,0.9701,0.9812,0.97,0.9812,950,0
2016-05-16,22:00:00,0.97,0.98,0.97,0.98,1635,0
2016-05-17,15:35:00,1,1,1,1,3095,0
2016-05-17,15:40:00,0.9949,1,0.9949,0.995,1400,0
2016-05-17,15:50:00,1,1,0.98,0.98,4200,0
2016-05-17,15:55:00,1,1.03,1,1.0299,9024,0
2016-05-17,16:05:00,1,1,0.975,0.9995,5000,0
2016-05-17,16:10:00,0.9999,0.9999,0.994,0.9999,10500,0
2016-05-17,16:15:00,0.985,0.985,0.985,0.985,1000,0
2016-05-17,16:20:00,1,1,0.9574,0.9574,5100,0
2016-05-17,16:35:00,0.97,1,0.97,1,610,0
2016-05-17,16:40:00,1,1.0015,1,1,8680,0
2016-05-17,16:45:00,1.02,1.03,1,1,26598,0
2016-05-17,16:50:00,1.03,1.03,1,1.025,1300,0
2016-05-17,16:55:00,1.0299,1.0299,1,1,600,0
2016-05-17,17:00:00,1.02,1.02,1.02,1.02,171,0
2016-05-17,17:05:00,1.03,1.03,1,1,5800,0
2016-05-17,17:10:00,1,1.01,1,1,4101,0
2016-05-17,17:15:00,1.0033,1.0185,1,1.0185,15615,0
2016-05-17,17:25:00,1,1,1,1,200,0
2016-05-17,17:30:00,1.0001,1.0001,1.0001,1.0001,500,0
2016-05-17,17:45:00,1,1,1,1,200,0
2016-05-17,17:50:00,1,1,1,1,100,0
2016-05-17,18:00:00,1,1.0051,1,1.0051,200,0
2016-05-17,18:05:00,1.03,1.03,1,1,1080,0
2016-05-17,18:10:00,1,1,1,1,803,0
2016-05-17,18:15:00,0.9999,0.9999,0.95,0.9515,9100,0
2016-05-17,18:25:00,0.9999,0.9999,0.96,0.96,1150,0
2016-05-17,18:40:00,0.9999,0.9999,0.9999,0.9999,100,0
2016-05-17,18:45:00,0.97,0.97,0.97,0.97,100,0
2016-05-17,19:05:00,1,1,0.9999,0.9999,4000,0
2016-05-17,19:10:00,0.985,0.985,0.985,0.985,100,0
2016-05-17,19:20:00,1,1,1,1,1500,0
2016-05-17,19:25:00,0.995,0.995,0.995,0.995,100,0
2016-05-17,19:30:00,0.995,0.995,0.995,0.995,100,0
2016-05-17,19:45:00,0.9902,0.9902,0.9902,0.9902,5000,0
2016-05-17,19:50:00,0.9902,0.995,0.9902,0.995,2100,0
2016-05-17,19:55:00,0.995,0.995,0.995,0.995,175,0
2016-05-17,20:00:00,0.9902,0.9902,0.9902,0.9902,205,0
2016-05-17,20:15:00,0.9908,0.9908,0.9908,0.9908,500,0
2016-05-17,20:20:00,0.9901,0.9901,0.9901,0.9901,100,0
2016-05-17,20:50:00,0.99,0.99,0.99,0.99,100,0
2016-05-17,21:05:00,0.995,0.995,0.995,0.995,100,0
2016-05-17,21:30:00,0.9882,0.9882,0.9882,0.9882,100,0
2016-05-17,21:40:00,0.985,0.985,0.985,0.985,300,0
2016-05-17,21:50:00,0.9949,0.9949,0.9949,0.9949,100,0
2016-05-17,22:00:00,0.985,1,0.98,0.9899,9023,0
2016-05-18,15:35:00,1.01,1.02,1.01,1.0101,1200,0
2016-05-18,15:40:00,1.01,1.01,1.01,1.01,100,0
2016-05-18,16:10:00,0.9836,0.994,0.9822,0.9822,1880,0
2016-05-18,16:40:00,1.0032,1.0032,0.9928,0.9928,1500,0
2016-05-18,17:05:00,0.9829,0.9829,0.9829,0.9829,166,0
2016-05-18,17:15:00,0.98,0.98,0.98,0.98,200,0
2016-05-18,17:30:00,0.97,0.97,0.97,0.97,10000,0
2016-05-18,17:45:00,0.96,0.96,0.96,0.96,10000,0
2016-05-18,17:55:00,0.9688,0.9688,0.9688,0.9688,101,0
2016-05-18,18:05:00,0.9601,0.9601,0.9601,0.9601,420,0
2016-05-18,18:15:00,0.979,0.979,0.979,0.979,200,0
2016-05-18,18:20:00,0.979,0.979,0.979,0.979,100,0
2016-05-18,18:25:00,0.979,0.979,0.979,0.979,100,0
2016-05-18,18:35:00,0.979,0.979,0.979,0.979,100,0
2016-05-18,18:55:00,0.9785,0.9785,0.9785,0.9785,100,0
2016-05-18,19:05:00,0.9785,0.9785,0.9785,0.9785,16600,0
2016-05-18,19:30:00,0.9785,0.9785,0.9785,0.9785,100,0
2016-05-18,19:50:00,0.94,0.94,0.94,0.94,300,0
2016-05-18,19:55:00,0.93,0.93,0.93,0.93,376,0
2016-05-18,20:05:00,0.93,0.9319,0.93,0.93,1400,0
2016-05-18,20:10:00,0.93,0.93,0.93,0.93,200,0
2016-05-18,20:20:00,0.93,0.93,0.93,0.93,207,0
2016-05-18,21:05:00,0.9401,0.9401,0.9401,0.9401,1000,0
2016-05-18,21:10:00,0.94,0.94,0.94,0.94,100,0
2016-05-18,21:15:00,0.93,0.93,0.93,0.93,100,0
2016-05-18,21:20:00,0.93,0.93,0.93,0.93,100,0
2016-05-18,21:25:00,0.93,0.93,0.91,0.91,10400,0
2016-05-18,21:30:00,0.9101,0.9101,0.9101,0.9101,4000,0
2016-05-18,21:35:00,0.9,0.9,0.9,0.9,147,0
2016-05-18,21:45:00,0.925,0.925,0.9,0.9,10400,0
2016-05-18,21:50:00,0.9,0.9,0.9,0.9,191,0
2016-05-18,21:55:00,0.92,0.92,0.9,0.9,200,0
2016-05-18,22:00:00,0.91,0.93,0.91,0.93,400,0
2016-05-19,15:35:00,0.91,0.91,0.91,0.91,226,0
2016-05-19,15:45:00,0.9555,0.9555,0.9555,0.9555,200,0
2016-05-19,16:15:00,0.95,0.95,0.95,0.95,100,0
2016-05-19,16:40:00,0.92,0.92,0.92,0.92,140,0
2016-05-19,16:50:00,0.9201,0.9201,0.9201,0.9201,600,0
2016-05-19,17:05:00,0.95,0.95,0.92,0.92,700,0
2016-05-19,17:25:00,0.92,0.92,0.92,0.92,100,0
2016-05-19,17:30:00,0.9201,0.9201,0.9201,0.9201,1000,0
2016-05-19,17:40:00,0.92,0.92,0.92,0.92,100,0
2016-05-19,17:50:00,0.92,0.92,0.92,0.92,100,0
2016-05-19,17:55:00,0.95,0.95,0.92,0.92,620,0
2016-05-19,18:00:00,0.92,0.92,0.92,0.92,100,0
2016-05-19,18:05:00,0.91,0.91,0.9,0.9,1100,0
2016-05-19,18:15:00,0.9107,0.9107,0.9107,0.9107,100,0
2016-05-19,18:20:00,0.93,0.93,0.93,0.93,200,0
2016-05-19,18:25:00,0.9,0.95,0.9,0.95,235,0
2016-05-19,18:35:00,0.9001,0.9001,0.9001,0.9001,100,0
2016-05-19,18:50:00,0.94,0.94,0.9001,0.9001,200,0
2016-05-19,19:25:00,0.94,0.94,0.94,0.94,100,0
2016-05-19,20:20:00,0.9397,0.9397,0.9397,0.9397,100,0
2016-05-19,20:25:00,0.9,0.9,0.9,0.9,100,0
2016-05-19,20:45:00,0.93,0.93,0.9011,0.9011,800,0
2016-05-19,21:30:00,0.93,0.93,0.91,0.91,2624,0
2016-05-19,21:35:00,0.9002,0.9002,0.9002,0.9002,1700,0
2016-05-19,21:40:00,0.94,0.94,0.94,0.94,272,0
2016-05-19,22:00:00,0.91,0.91,0.91,0.91,260,0
2016-05-20,15:35:00,0.9,0.9,0.9,0.9,425,0
2016-05-20,15:45:00,0.9271,0.9271,0.9271,0.9271,2494,0
2016-05-20,15:50:00,0.94,0.94,0.94,0.94,500,0
2016-05-20,16:55:00,0.9,0.9,0.9,0.9,345,0
2016-05-20,17:00:00,0.93,0.93,0.93,0.93,438,0
2016-05-20,17:15:00,0.9205,0.94,0.9205,0.94,900,0
2016-05-20,18:15:00,0.91,0.91,0.91,0.91,120,0
2016-05-20,18:30:00,0.93,0.93,0.93,0.93,110,0
2016-05-20,18:50:00,0.918,0.918,0.918,0.918,125,0
2016-05-20,19:20:00,0.918,0.918,0.918,0.918,890,0
2016-05-20,19:30:00,0.93,0.93,0.93,0.93,200,0
2016-05-20,19:55:00,0.918,0.9181,0.918,0.9181,2100,0
2016-05-20,20:50:00,0.93,0.93,0.93,0.93,100,0
2016-05-20,20:55:00,0.93,0.93,0.93,0.93,3100,0
2016-05-20,21:00:00,0.93,0.93,0.93,0.93,100,0
2016-05-20,21:30:00,0.93,0.93,0.93,0.93,400,0
2016-05-20,21:50:00,0.929,0.94,0.91,0.91,14840,0
2016-05-20,22:00:00,0.9031,0.9094,0.9,0.9021,4522,0
2016-05-23,15:35:00,0.9,0.9,0.9,0.9,1035,0
2016-05-23,15:45:00,0.905,0.9102,0.9,0.9,4276,0
2016-05-23,16:20:00,0.94,0.94,0.94,0.94,479,0
2016-05-23,16:35:00,0.9101,0.9101,0.9,0.9,400,0
2016-05-23,17:00:00,0.9,0.9,0.9,0.9,4694,0
2016-05-23,17:10:00,0.8964,0.908,0.8964,0.908,699,0
2016-05-23,17:15:00,0.8902,0.8902,0.861,0.861,6712,0
2016-05-23,17:25:00,0.8614,0.8614,0.8614,0.8614,500,0
2016-05-23,17:30:00,0.8755,0.89,0.8501,0.89,8357,0
2016-05-23,17:35:00,0.89,0.89,0.89,0.89,104,0
2016-05-23,17:50:00,0.89,0.89,0.89,0.89,121,0
2016-05-23,17:55:00,0.85,0.89,0.85,0.89,2578,0
2016-05-23,18:00:00,0.88,0.88,0.88,0.88,200,0
2016-05-23,18:35:00,0.87,0.87,0.87,0.87,550,0
2016-05-23,18:55:00,0.87,0.87,0.87,0.87,100,0
2016-05-23,19:00:00,0.87,0.87,0.87,0.87,300,0
2016-05-23,19:15:00,0.865,0.865,0.8434,0.85,5546,0
2016-05-23,19:25:00,0.85,0.85,0.85,0.85,200,0
2016-05-23,19:30:00,0.85,0.85,0.85,0.85,733,0
2016-05-23,19:40:00,0.855,0.855,0.855,0.855,100,0
2016-05-23,19:45:00,0.8682,0.8682,0.86,0.86,3700,0
2016-05-23,20:20:00,0.85,0.85,0.85,0.85,100,0
2016-05-23,20:30:00,0.8682,0.8682,0.8578,0.8578,4100,0
2016-05-23,20:35:00,0.85,0.85,0.85,0.85,100,0
2016-05-23,20:45:00,0.85,0.85,0.85,0.85,100,0
2016-05-23,20:55:00,0.8682,0.8682,0.8681,0.8682,500,0
2016-05-23,21:05:00,0.8591,0.8632,0.8591,0.8632,759,0
2016-05-23,21:15:00,0.8501,0.8501,0.8501,0.8501,100,0
2016-05-23,21:30:00,0.85,0.85,0.85,0.85,200,0
2016-05-23,21:35:00,0.862,0.862,0.862,0.862,200,0
2016-05-23,21:45:00,0.85,0.85,0.85,0.85,272,0
2016-05-23,21:50:00,0.8618,0.862,0.861,0.861,1200,0
2016-05-23,21:55:00,0.8609,0.862,0.85,0.862,993,0
2016-05-23,22:00:00,0.862,0.862,0.85,0.85,1025,0
2016-05-24,15:35:00,0.83,0.83,0.83,0.83,501,0
2016-05-24,15:40:00,0.83,0.83,0.83,0.83,2000,0
2016-05-24,15:50:00,0.88,0.929,0.8738,0.8738,10800,0
2016-05-24,15:55:00,0.8573,0.8573,0.8573,0.8573,1200,0
2016-05-24,16:00:00,0.873,0.873,0.861,0.861,3100,0
2016-05-24,16:15:00,0.8729,0.8729,0.8729,0.8729,100,0
2016-05-24,16:45:00,0.86,0.8663,0.86,0.8663,2300,0
2016-05-24,16:55:00,0.86,0.86,0.86,0.86,2429,0
2016-05-24,17:05:00,0.865,0.865,0.865,0.865,107,0
2016-05-24,17:15:00,0.85,0.85,0.85,0.85,124,0
2016-05-24,17:35:00,0.85,0.85,0.85,0.85,100,0
2016-05-24,18:15:00,0.85,0.85,0.85,0.85,169,0
2016-05-24,20:00:00,0.8501,0.8501,0.8501,0.8501,1500,0
2016-05-24,20:05:00,0.86,0.86,0.86,0.86,100,0
2016-05-24,20:25:00,0.86,0.86,0.8502,0.8502,1712,0
2016-05-24,20:40:00,0.86,0.86,0.86,0.86,100,0
2016-05-24,20:45:00,0.86,0.865,0.86,0.865,250,0
2016-05-24,21:35:00,0.8502,0.8502,0.8502,0.8502,200,0
2016-05-25,16:00:00,0.865,0.865,0.865,0.865,100,0
2016-05-25,16:10:00,0.8649,0.8649,0.8649,0.8649,100,0
2016-05-25,17:35:00,0.8648,0.8648,0.8648,0.8648,200,0
2016-05-25,17:40:00,0.8649,0.8649,0.83,0.83,5271,0
2016-05-25,17:45:00,0.8438,0.8438,0.835,0.835,4600,0
2016-05-25,17:50:00,0.86,0.86,0.86,0.86,500,0
2016-05-25,17:55:00,0.86,0.86,0.86,0.86,400,0
2016-05-25,18:10:00,0.8301,0.8301,0.8301,0.8301,1000,0
2016-05-25,18:20:00,0.86,0.86,0.86,0.86,100,0
2016-05-25,18:25:00,0.845,0.845,0.845,0.845,4500,0
2016-05-25,18:50:00,0.85,0.85,0.85,0.85,100,0
2016-05-25,18:55:00,0.8401,0.8401,0.8401,0.8401,205,0
2016-05-25,19:00:00,0.85,0.85,0.85,0.85,1100,0
2016-05-25,19:10:00,0.8426,0.8426,0.8426,0.8426,600,0
2016-05-25,19:25:00,0.85,0.85,0.85,0.85,100,0
2016-05-25,19:45:00,0.8401,0.8401,0.8401,0.8401,100,0
2016-05-25,20:45:00,0.85,0.85,0.8499,0.8499,766,0
2016-05-25,20:50:00,0.85,0.85,0.85,0.85,100,0
2016-05-25,21:00:00,0.85,0.85,0.85,0.85,1300,0
2016-05-25,21:10:00,0.8494,0.85,0.8494,0.8494,700,0
2016-05-25,21:20:00,0.8487,0.85,0.8487,0.85,6400,0
2016-05-25,21:25:00,0.85,0.85,0.85,0.85,100,0
2016-05-25,21:45:00,0.85,0.85,0.85,0.85,402,0
2016-05-25,21:55:00,0.85,0.85,0.8402,0.8402,500,0
2016-05-25,22:00:00,0.85,0.85,0.8401,0.8401,1582,0
2016-05-26,15:35:00,0.87,0.87,0.87,0.87,186,0
2016-05-26,15:45:00,0.8674,0.89,0.8674,0.89,1800,0
2016-05-26,15:50:00,0.82,0.872,0.82,0.872,620,0
2016-05-26,15:55:00,0.8459,0.8459,0.8459,0.8459,2165,0
2016-05-26,18:10:00,0.89,0.89,0.89,0.89,2800,0
2016-05-26,18:30:00,0.85,0.85,0.85,0.85,528,0
2016-05-26,19:30:00,0.89,0.89,0.89,0.89,100,0
2016-05-26,20:00:00,0.85,0.85,0.85,0.85,130,0
2016-05-26,20:50:00,0.85,0.85,0.85,0.85,100,0
2016-05-26,21:35:00,0.8709,0.8709,0.8709,0.8709,1000,0
2016-05-27,15:35:00,0.9,0.9,0.9,0.9,3038,0
2016-05-27,15:50:00,0.8441,0.8441,0.8441,0.8441,100,0
2016-05-27,15:55:00,0.8863,0.8863,0.875,0.875,508,0
2016-05-27,16:00:00,0.89,0.89,0.89,0.89,100,0
2016-05-27,16:05:00,0.9,0.9,0.9,0.9,300,0
2016-05-27,16:20:00,0.89,0.89,0.89,0.89,3500,0
2016-05-27,16:25:00,0.9,0.9,0.89,0.89,373,0
2016-05-27,16:30:00,0.8999,0.8999,0.8999,0.8999,200,0
2016-05-27,16:50:00,0.8601,0.8726,0.8601,0.8601,7450,0
2016-05-27,18:10:00,0.87,0.87,0.8601,0.8601,1700,0
2016-05-27,18:25:00,0.8602,0.8602,0.8601,0.8601,762,0
2016-05-27,19:30:00,0.865,0.865,0.8401,0.8401,15300,0
2016-05-27,19:35:00,0.8821,0.8821,0.84,0.84,500,0
2016-05-27,19:40:00,0.882,0.8821,0.882,0.8821,1000,0
2016-05-27,20:40:00,0.86,0.86,0.86,0.86,120,0
2016-05-27,20:50:00,0.88,0.88,0.88,0.88,125,0
2016-05-27,21:35:00,0.8651,0.8651,0.865,0.865,1985,0
2016-05-27,22:00:00,0.865,0.8799,0.865,0.8799,1394,0
2016-05-31,15:35:00,0.9,0.9,0.9,0.9,3933,0
2016-05-31,15:40:00,0.9,0.9,0.9,0.9,1100,0
2016-05-31,15:45:00,0.9,0.9,0.9,0.9,100,0
2016-05-31,15:50:00,0.9,0.9,0.9,0.9,300,0
2016-05-31,16:05:00,0.9,0.9,0.9,0.9,100,0
2016-05-31,16:25:00,0.9,0.9012,0.9,0.9012,2000,0
2016-05-31,16:35:00,0.9099,0.9099,0.9099,0.9099,200,0
2016-05-31,16:40:00,0.9,0.91,0.8505,0.9,6483,0
2016-05-31,16:55:00,0.89,0.89,0.89,0.89,500,0
2016-05-31,17:15:00,0.89,0.89,0.89,0.89,100,0
2016-05-31,17:20:00,0.86,0.86,0.86,0.86,450,0
2016-05-31,17:45:00,0.89,0.89,0.89,0.89,962,0
2016-05-31,17:55:00,0.88,0.88,0.88,0.88,100,0
2016-05-31,18:55:00,0.88,0.88,0.88,0.88,110,0
2016-05-31,19:55:00,0.88,0.88,0.88,0.88,100,0
2016-05-31,20:05:00,0.86,0.86,0.86,0.86,588,0
2016-05-31,20:40:00,0.89,0.89,0.89,0.89,450,0
2016-05-31,21:50:00,0.86,0.86,0.86,0.86,100,0
2016-05-31,22:00:00,0.85,0.85,0.85,0.85,171,0
2016-06-01,15:35:00,0.85,0.85,0.85,0.85,112,0
2016-06-01,16:30:00,0.8506,0.8506,0.85,0.85,408,0
2016-06-01,16:40:00,0.85,0.85,0.85,0.85,100,0
2016-06-01,17:30:00,0.8602,0.8602,0.8602,0.8602,350,0
2016-06-01,17:55:00,0.89,0.89,0.85,0.85,500,0
2016-06-01,19:05:00,0.85,0.85,0.85,0.85,138,0
2016-06-01,19:35:00,0.85,0.8575,0.85,0.85,1010,0
2016-06-01,19:40:00,0.85,0.87,0.85,0.85,300,0
2016-06-01,20:15:00,0.85,0.85,0.85,0.85,100,0
2016-06-01,21:05:00,0.87,0.87,0.87,0.87,2725,0
2016-06-01,21:10:00,0.85,0.87,0.85,0.87,686,0
2016-06-01,22:00:00,0.85,0.8699,0.85,0.8699,534,0
2016-06-02,16:20:00,0.88,0.88,0.88,0.88,100,0
2016-06-02,16:35:00,0.87,0.87,0.85,0.8597,4852,0
2016-06-02,17:05:00,0.85,0.85,0.85,0.85,100,0
2016-06-02,17:35:00,0.86,0.86,0.85,0.85,400,0
2016-06-02,18:10:00,0.8923,0.9,0.8923,0.9,742,0
2016-06-02,18:15:00,0.87,0.87,0.87,0.87,100,0
2016-06-02,18:30:00,0.9,0.9,0.9,0.9,100,0
2016-06-02,18:55:00,0.9,0.9,0.9,0.9,100,0
2016-06-02,19:00:00,0.87,0.87,0.87,0.87,421,0
2016-06-02,20:25:00,0.8502,0.8502,0.85,0.8502,861,0
2016-06-02,21:00:00,0.87,0.87,0.87,0.87,400,0
2016-06-02,21:55:00,0.86,0.86,0.86,0.86,100,0
2016-06-02,22:00:00,0.86,0.86,0.85,0.85,614,0
2016-06-03,15:35:00,0.86,0.86,0.86,0.86,102,0
2016-06-03,16:05:00,0.8501,0.8501,0.85,0.85,475,0
2016-06-03,16:30:00,0.87,0.87,0.87,0.87,100,0
2016-06-03,16:35:00,0.85,0.85,0.85,0.85,300,0
2016-06-03,16:50:00,0.85,0.87,0.85,0.87,1860,0
2016-06-03,17:05:00,0.85,0.85,0.85,0.85,100,0
2016-06-03,17:50:00,0.85,0.853,0.85,0.853,2000,0
2016-06-03,18:00:00,0.87,0.87,0.87,0.87,2500,0
2016-06-03,19:25:00,0.8501,0.8501,0.8501,0.8501,100,0
2016-06-03,19:50:00,0.87,0.87,0.87,0.87,107,0
2016-06-03,20:00:00,0.85,0.85,0.85,0.85,100,0
2016-06-03,20:20:00,0.87,0.87,0.85,0.85,2430,0
2016-06-03,21:20:00,0.8571,0.8571,0.8571,0.8571,100,0
2016-06-03,21:35:00,0.85,0.85,0.85,0.85,100,0
2016-06-03,22:00:00,0.85,0.85,0.85,0.85,900,0
2016-06-06,15:35:00,0.88,0.88,0.88,0.88,2047,0
2016-06-06,16:15:00,0.85,0.85,0.83,0.83,2104,0
2016-06-06,16:20:00,0.8308,0.8308,0.83,0.83,1000,0
2016-06-06,16:30:00,0.8471,0.8471,0.8471,0.8471,1500,0
2016-06-06,17:15:00,0.84,0.84,0.84,0.84,100,0
2016-06-06,17:20:00,0.84,0.84,0.84,0.84,1000,0
2016-06-06,18:20:00,0.83,0.87,0.83,0.87,5100,0
2016-06-06,18:45:00,0.8301,0.8301,0.8301,0.8301,125,0
2016-06-06,19:20:00,0.87,0.87,0.87,0.87,500,0
2016-06-06,21:20:00,0.8451,0.8451,0.8451,0.8451,100,0
2016-06-06,21:55:00,0.85,0.87,0.85,0.87,700,0
2016-06-06,22:00:00,0.87,0.87,0.8699,0.8699,300,0
2016-06-07,15:55:00,0.86,0.86,0.86,0.86,100,0
2016-06-07,16:15:00,0.86,0.86,0.86,0.86,2956,0
2016-06-07,16:55:00,0.86,0.86,0.86,0.86,250,0
2016-06-07,17:00:00,0.8303,0.8303,0.8303,0.8303,100,0
2016-06-07,17:05:00,0.8412,0.8412,0.8412,0.8412,1000,0
2016-06-07,17:25:00,0.855,0.86,0.84,0.84,1500,0
2016-06-07,17:45:00,0.86,0.86,0.86,0.86,109,0
2016-06-07,18:15:00,0.8355,0.86,0.835,0.86,1600,0
2016-06-07,19:05:00,0.8589,0.8589,0.8589,0.8589,100,0
2016-06-07,19:15:00,0.84,0.84,0.84,0.84,947,0
2016-06-07,19:50:00,0.8501,0.8501,0.8501,0.8501,200,0
2016-06-07,19:55:00,0.8501,0.8501,0.8501,0.8501,100,0
2016-06-07,20:20:00,0.8592,0.86,0.8592,0.86,200,0
2016-06-07,20:35:00,0.8559,0.86,0.8559,0.86,3100,0
2016-06-07,20:40:00,0.8542,0.86,0.8542,0.86,1200,0
2016-06-07,20:45:00,0.8509,0.8509,0.8509,0.8509,500,0
2016-06-07,21:30:00,0.855,0.855,0.855,0.855,100,0
2016-06-07,21:40:00,0.855,0.855,0.855,0.855,200,0
2016-06-07,21:45:00,0.855,0.855,0.855,0.855,100,0
2016-06-07,21:50:00,0.855,0.855,0.855,0.855,200,0
2016-06-07,21:55:00,0.855,0.855,0.855,0.855,100,0
2016-06-07,22:00:00,0.855,0.855,0.855,0.855,100,0
2016-06-08,15:35:00,0.88,0.88,0.88,0.88,5220,0
2016-06-08,15:40:00,0.86,0.86,0.86,0.86,112,0
2016-06-08,16:10:00,0.8978,0.8978,0.8978,0.8978,186,0
2016-06-08,16:30:00,0.8601,0.8601,0.8601,0.8601,280,0
2016-06-08,16:40:00,0.88,0.8975,0.8601,0.8601,2580,0
2016-06-08,16:50:00,0.8897,0.9,0.8897,0.9,1091,0
2016-06-08,16:55:00,0.9,0.9,0.861,0.861,2300,0
2016-06-08,17:10:00,0.88,0.88,0.88,0.88,100,0
2016-06-08,17:15:00,0.88,0.88,0.88,0.88,100,0
2016-06-08,17:35:00,0.862,0.88,0.861,0.861,667,0
2016-06-08,17:55:00,0.8611,0.8611,0.8611,0.8611,5200,0
2016-06-08,18:20:00,0.861,0.88,0.861,0.88,800,0
2016-06-08,18:30:00,0.8702,0.8702,0.8702,0.8702,2000,0
2016-06-08,19:30:00,0.8611,0.8611,0.8611,0.8611,500,0
2016-06-08,19:35:00,0.8617,0.8617,0.8611,0.8612,363,0
2016-06-08,19:40:00,0.87,0.87,0.87,0.87,100,0
2016-06-08,20:10:00,0.8653,0.8653,0.8653,0.8653,1000,0
2016-06-08,20:40:00,0.87,0.87,0.87,0.87,100,0
2016-06-08,20:50:00,0.8649,0.8649,0.8648,0.8648,200,0
2016-06-08,21:45:00,0.8653,0.8653,0.8653,0.8653,100,0
2016-06-08,21:50:00,0.8653,0.8653,0.8615,0.8615,200,0
2016-06-08,21:55:00,0.8653,0.8653,0.8653,0.8653,100,0
2016-06-08,22:00:00,0.8653,0.8653,0.8653,0.8653,100,0
2016-06-09,15:35:00,0.88,0.88,0.88,0.88,770,0
2016-06-09,15:40:00,0.88,0.88,0.88,0.88,600,0
2016-06-09,15:55:00,0.87,0.87,0.85,0.85,550,0
2016-06-09,16:05:00,0.89,0.89,0.85,0.89,821,0
2016-06-09,16:10:00,0.85,0.85,0.85,0.85,100,0
2016-06-09,16:25:00,0.8925,0.8925,0.8925,0.8925,600,0
2016-06-09,16:30:00,0.89,0.89,0.89,0.89,477,0
2016-06-09,16:35:00,0.86,0.86,0.8523,0.8523,220,0
2016-06-09,16:40:00,0.89,0.89,0.89,0.89,100,0
2016-06-09,17:00:00,0.8858,0.8858,0.8858,0.8858,500,0
2016-06-09,19:40:00,0.8805,0.8805,0.8805,0.8805,2000,0
2016-06-09,19:45:00,0.8695,0.8695,0.8695,0.8695,2000,0
2016-06-09,20:05:00,0.87,0.87,0.87,0.87,100,0
2016-06-09,20:20:00,0.89,0.89,0.8763,0.8763,242,0
2016-06-09,21:20:00,0.87,0.87,0.87,0.87,4000,0
2016-06-09,22:00:00,0.8899,0.8899,0.88,0.88,2800,0
2016-06-10,15:40:00,0.889,0.889,0.85,0.85,367,0
2016-06-10,16:35:00,0.89,0.89,0.89,0.89,100,0
2016-06-10,17:05:00,0.8502,0.8502,0.8502,0.8502,100,0
2016-06-10,17:10:00,0.8792,0.8792,0.8792,0.8792,100,0
2016-06-10,18:05:00,0.8502,0.8502,0.8502,0.8502,145,0
2016-06-10,18:55:00,0.88,0.88,0.88,0.88,327,0
2016-06-10,19:50:00,0.851,0.851,0.851,0.851,100,0
2016-06-10,20:00:00,0.876,0.876,0.876,0.876,1000,0
2016-06-10,20:05:00,0.8544,0.8544,0.8544,0.8544,100,0
2016-06-10,20:10:00,0.88,0.88,0.88,0.88,100,0
2016-06-13,15:35:00,0.85,0.899,0.85,0.899,2852,0
2016-06-13,15:45:00,0.85,0.85,0.85,0.85,477,0
2016-06-13,16:00:00,0.8507,0.8507,0.83,0.83,4569,0
2016-06-13,16:05:00,0.84,0.85,0.84,0.85,800,0
2016-06-13,16:10:00,0.845,0.845,0.845,0.845,100,0
2016-06-13,16:15:00,0.84,0.8405,0.83,0.83,3119,0
2016-06-13,16:30:00,0.82,0.8289,0.801,0.82,8341,0
2016-06-13,16:50:00,0.8299,0.83,0.8299,0.83,250,0
2016-06-13,17:10:00,0.82,0.82,0.82,0.82,2860,0
2016-06-13,17:15:00,0.83,0.83,0.83,0.83,500,0
2016-06-13,17:45:00,0.84,0.84,0.84,0.84,144,0
2016-06-13,18:15:00,0.8396,0.8396,0.82,0.82,300,0
2016-06-13,18:20:00,0.82,0.82,0.82,0.82,100,0
2016-06-13,19:45:00,0.8203,0.8203,0.82,0.82,500,0
2016-06-13,20:15:00,0.8267,0.8267,0.8267,0.8267,2675,0
2016-06-13,20:30:00,0.8299,0.8299,0.8298,0.8298,300,0
2016-06-13,21:25:00,0.8293,0.83,0.8293,0.83,2000,0
2016-06-13,21:40:00,0.8296,0.8296,0.8296,0.8296,200,0
2016-06-13,22:00:00,0.83,0.83,0.82,0.82,1621,0
2016-06-14,15:40:00,0.8365,0.8365,0.8365,0.8365,250,0
2016-06-14,16:15:00,0.8599,0.8599,0.8599,0.8599,2505,0
2016-06-14,16:50:00,0.85,0.85,0.85,0.85,120,0
2016-06-14,17:05:00,0.8465,0.8465,0.8465,0.8465,125,0
2016-06-14,17:15:00,0.843,0.843,0.843,0.843,100,0
2016-06-14,17:20:00,0.843,0.843,0.78,0.78,65967,0
2016-06-14,17:25:00,0.8,0.8,0.8,0.8,3585,0
2016-06-14,17:35:00,0.8299,0.8299,0.8299,0.8299,1000,0
2016-06-14,17:50:00,0.81,0.81,0.81,0.81,3000,0
2016-06-14,18:05:00,0.81,0.81,0.81,0.81,3796,0
2016-06-14,18:35:00,0.82,0.8232,0.82,0.8232,20552,0
2016-06-14,19:05:00,0.849,0.849,0.849,0.849,200,0
2016-06-14,19:20:00,0.82,0.82,0.82,0.82,100,0
2016-06-14,21:10:00,0.815,0.815,0.815,0.815,100,0
2016-06-15,15:35:00,0.83,0.83,0.83,0.83,100,0
2016-06-15,16:45:00,0.84,0.84,0.84,0.84,100,0
2016-06-15,16:50:00,0.81,0.81,0.81,0.81,450,0
2016-06-15,17:00:00,0.835,0.835,0.835,0.835,200,0
2016-06-15,19:15:00,0.8,0.8,0.8,0.8,200,0
2016-06-15,19:45:00,0.839,0.839,0.839,0.839,100,0
2016-06-15,20:20:00,0.8,0.8,0.8,0.8,1000,0
2016-06-15,20:25:00,0.7907,0.7907,0.7901,0.7901,2913,0
2016-06-15,20:45:00,0.8099,0.8099,0.8099,0.8099,500,0
2016-06-15,20:50:00,0.8099,0.8099,0.8099,0.8099,575,0
2016-06-15,20:55:00,0.8099,0.8099,0.8099,0.8099,150,0
2016-06-15,21:00:00,0.8,0.8075,0.791,0.791,2450,0
2016-06-15,21:40:00,0.81,0.81,0.81,0.81,420,0
2016-06-15,21:55:00,0.794,0.794,0.794,0.794,200,0
2016-06-15,22:00:00,0.81,0.81,0.81,0.81,213,0
2016-06-16,15:35:00,0.81,0.81,0.8,0.8,549,0
2016-06-16,15:50:00,0.81,0.81,0.81,0.81,1000,0
2016-06-16,15:55:00,0.82,0.82,0.762,0.762,564,0
2016-06-16,16:00:00,0.805,0.805,0.805,0.805,2000,0
2016-06-16,16:05:00,0.82,0.82,0.82,0.82,625,0
2016-06-16,16:10:00,0.77,0.77,0.77,0.77,300,0
2016-06-16,16:25:00,0.8085,0.8122,0.8085,0.8122,2614,0
2016-06-16,16:35:00,0.8085,0.8085,0.8085,0.8085,400,0
2016-06-16,20:10:00,0.8051,0.8051,0.8051,0.8051,861,0
2016-06-16,20:30:00,0.8196,0.8196,0.8,0.8,2600,0
2016-06-16,22:00:00,0.8001,0.819,0.8001,0.819,200,0
2016-06-17,15:40:00,0.76,0.76,0.76,0.76,125,0
2016-06-17,15:55:00,0.798,0.798,0.798,0.798,200,0
2016-06-17,16:45:00,0.8369,0.8369,0.8369,0.8369,100,0
2016-06-17,16:50:00,0.7701,0.7701,0.7701,0.7701,250,0
2016-06-17,17:05:00,0.8087,0.8087,0.8087,0.8087,200,0
2016-06-17,17:20:00,0.8363,0.8363,0.8363,0.8363,100,0
2016-06-17,18:15:00,0.8163,0.8356,0.8163,0.8356,1100,0
2016-06-17,18:25:00,0.8363,0.8363,0.8363,0.8363,100,0
2016-06-17,19:05:00,0.8186,0.836,0.8186,0.836,200,0
2016-06-17,19:55:00,0.8126,0.83,0.8126,0.83,1100,0
2016-06-17,20:05:00,0.8223,0.8223,0.8091,0.8091,200,0
2016-06-17,20:10:00,0.8086,0.82,0.8086,0.82,200,0
2016-06-17,20:30:00,0.83,0.83,0.83,0.83,100,0
2016-06-17,20:45:00,0.8,0.8,0.8,0.8,100,0
2016-06-17,20:50:00,0.829,0.829,0.829,0.829,100,0
2016-06-17,21:15:00,0.8287,0.8287,0.8287,0.8287,100,0
2016-06-17,21:20:00,0.829,0.829,0.829,0.829,100,0
2016-06-17,21:30:00,0.829,0.829,0.829,0.829,100,0
2016-06-17,21:35:00,0.829,0.829,0.829,0.829,100,0
2016-06-17,21:40:00,0.83,0.83,0.83,0.83,100,0
2016-06-17,21:45:00,0.83,0.83,0.83,0.83,100,0
2016-06-17,21:50:00,0.8255,0.83,0.8255,0.83,1200,0
2016-06-17,21:55:00,0.8016,0.8016,0.8,0.8,400,0
2016-06-17,22:00:00,0.8,0.8,0.795,0.795,472,0
2016-06-20,15:35:00,0.771,0.8257,0.771,0.8257,2624,0
2016-06-20,15:40:00,0.7907,0.7907,0.771,0.771,2658,0
2016-06-20,15:45:00,0.77,0.8005,0.77,0.7805,11300,0
2016-06-20,15:50:00,0.79,0.79,0.79,0.79,100,0
2016-06-20,15:55:00,0.7606,0.7607,0.7606,0.7607,2500,0
2016-06-20,16:00:00,0.7606,0.7609,0.7606,0.7606,9208,0
2016-06-20,16:05:00,0.7698,0.7698,0.7698,0.7698,500,0
2016-06-20,16:10:00,0.7962,0.7962,0.7798,0.7798,1000,0
2016-06-20,16:15:00,0.7952,0.7952,0.7952,0.7952,1000,0
2016-06-20,16:30:00,0.7801,0.7801,0.7801,0.7801,100,0
2016-06-20,16:45:00,0.799,0.799,0.799,0.799,100,0
2016-06-20,16:50:00,0.799,0.799,0.799,0.799,100,0
2016-06-20,17:15:00,0.799,0.799,0.799,0.799,100,0
2016-06-20,17:20:00,0.799,0.799,0.7853,0.7853,300,0
2016-06-20,17:45:00,0.79,0.79,0.79,0.79,800,0
2016-06-20,17:50:00,0.7807,0.7807,0.7807,0.7807,120,0
2016-06-20,18:05:00,0.79,0.79,0.7854,0.79,774,0
2016-06-20,18:10:00,0.79,0.79,0.79,0.79,200,0
2016-06-20,18:25:00,0.79,0.79,0.79,0.79,200,0
2016-06-20,19:10:00,0.79,0.79,0.79,0.79,2200,0
2016-06-20,19:15:00,0.79,0.792,0.79,0.792,1930,0
2016-06-20,19:20:00,0.799,0.799,0.799,0.799,200,0
2016-06-20,19:25:00,0.799,0.799,0.799,0.799,100,0
2016-06-20,19:35:00,0.799,0.799,0.799,0.799,100,0
2016-06-20,19:50:00,0.79,0.79,0.79,0.79,100,0
2016-06-20,19:55:00,0.79,0.79,0.79,0.79,100,0
2016-06-20,20:15:00,0.7856,0.7856,0.785,0.785,400,0
2016-06-20,20:20:00,0.79,0.79,0.79,0.79,100,0
2016-06-20,20:30:00,0.79,0.79,0.79,0.79,2588,0
2016-06-20,20:50:00,0.7804,0.7804,0.7804,0.7804,500,0
2016-06-20,20:55:00,0.7899,0.7899,0.7899,0.7899,100,0
2016-06-20,21:25:00,0.7853,0.7853,0.7853,0.7853,100,0
2016-06-20,21:30:00,0.79,0.79,0.79,0.79,100,0
2016-06-20,21:45:00,0.79,0.79,0.79,0.79,140,0
2016-06-20,22:00:00,0.781,0.7813,0.78,0.78,4284,0
2016-06-21,15:35:00,0.78,0.8,0.78,0.8,2045,0
2016-06-21,16:10:00,0.79,0.79,0.79,0.79,100,0
2016-06-21,16:20:00,0.78,0.78,0.78,0.78,100,0
2016-06-21,16:25:00,0.79,0.79,0.79,0.79,100,0
2016-06-21,16:40:00,0.79,0.79,0.79,0.79,100,0
2016-06-21,17:10:00,0.79,0.79,0.79,0.79,100,0
2016-06-21,17:45:00,0.79,0.79,0.79,0.79,100,0
2016-06-21,18:20:00,0.79,0.79,0.79,0.79,100,0
2016-06-21,19:00:00,0.79,0.79,0.7899,0.7899,2600,0
2016-06-21,19:10:00,0.79,0.79,0.79,0.79,100,0
2016-06-21,19:50:00,0.7899,0.7899,0.785,0.785,2500,0
2016-06-21,19:55:00,0.78,0.78,0.78,0.78,2200,0
2016-06-21,20:05:00,0.8,0.8,0.8,0.8,100,0
2016-06-21,20:30:00,0.8,0.8,0.8,0.8,100,0
2016-06-21,21:00:00,0.7919,0.7919,0.7919,0.7919,2694,0
2016-06-21,21:25:00,0.81,0.81,0.81,0.81,100,0
2016-06-21,21:40:00,0.79,0.79,0.78,0.78,1000,0
2016-06-21,21:55:00,0.792,0.792,0.792,0.792,1400,0
2016-06-22,15:35:00,0.81,0.81,0.81,0.81,450,0
2016-06-22,15:40:00,0.79,0.79,0.79,0.79,500,0
2016-06-22,15:45:00,0.81,0.81,0.8094,0.8094,200,0
2016-06-22,15:50:00,0.8,0.8,0.761,0.761,6075,0
2016-06-22,16:00:00,0.77,0.77,0.761,0.761,258,0
2016-06-22,16:05:00,0.7875,0.7875,0.7875,0.7875,105,0
2016-06-22,16:20:00,0.765,0.791,0.765,0.791,1294,0
2016-06-22,16:50:00,0.7984,0.7984,0.765,0.765,700,0
2016-06-22,17:30:00,0.7973,0.7973,0.7973,0.7973,100,0
2016-06-22,17:45:00,0.77,0.77,0.77,0.77,470,0
2016-06-22,18:10:00,0.7962,0.7962,0.7962,0.7962,100,0
2016-06-22,19:50:00,0.7729,0.7736,0.765,0.765,1200,0
2016-06-22,20:25:00,0.771,0.771,0.771,0.771,224,0
2016-06-22,20:35:00,0.797,0.797,0.797,0.797,200,0
2016-06-22,20:55:00,0.7801,0.7801,0.7801,0.7801,442,0
2016-06-22,21:30:00,0.7931,0.7931,0.7931,0.7931,100,0
2016-06-23,15:35:00,0.797,0.797,0.797,0.797,282,0
2016-06-23,16:05:00,0.79,0.79,0.79,0.79,100,0
2016-06-23,16:10:00,0.79,0.79,0.79,0.79,100,0
2016-06-23,16:20:00,0.79,0.79,0.79,0.79,300,0
2016-06-23,16:35:00,0.79,0.79,0.7716,0.7716,200,0
2016-06-23,16:40:00,0.79,0.79,0.79,0.79,100,0
2016-06-23,16:50:00,0.79,0.79,0.79,0.79,300,0
2016-06-23,16:55:00,0.79,0.79,0.79,0.79,100,0
2016-06-23,17:10:00,0.78,0.78,0.78,0.78,300,0
2016-06-23,17:15:00,0.7899,0.797,0.7899,0.797,865,0
2016-06-23,17:30:00,0.797,0.797,0.797,0.797,100,0
2016-06-23,18:00:00,0.809,0.809,0.809,0.809,100,0
2016-06-23,18:20:00,0.809,0.809,0.809,0.809,100,0
2016-06-23,18:25:00,0.79,0.809,0.79,0.809,550,0
2016-06-23,18:55:00,0.7995,0.7995,0.7995,0.7995,100,0
2016-06-23,19:15:00,0.805,0.805,0.805,0.805,154,0
2016-06-23,19:45:00,0.8,0.8,0.8,0.8,100,0
2016-06-23,20:35:00,0.809,0.809,0.809,0.809,500,0
2016-06-23,21:05:00,0.8001,0.8001,0.8001,0.8001,600,0
2016-06-23,21:15:00,0.809,0.809,0.809,0.809,200,0
2016-06-23,21:20:00,0.809,0.809,0.809,0.809,100,0
2016-06-23,21:30:00,0.809,0.809,0.809,0.809,100,0
2016-06-23,21:35:00,0.809,0.809,0.8009,0.8009,400,0
2016-06-23,21:40:00,0.809,0.809,0.809,0.809,100,0
2016-06-23,21:45:00,0.809,0.809,0.809,0.809,300,0
2016-06-23,21:50:00,0.809,0.809,0.804,0.804,200,0
2016-06-23,21:55:00,0.809,0.809,0.809,0.809,300,0
2016-06-23,22:00:00,0.809,0.809,0.8,0.8,1014,0
2016-06-24,15:35:00,0.78,0.78,0.78,0.78,2040,0
2016-06-24,15:40:00,0.772,0.772,0.7625,0.7625,1404,0
2016-06-24,15:45:00,0.7625,0.8006,0.7625,0.8006,250,0
2016-06-24,16:40:00,0.7837,0.7837,0.7837,0.7837,400,0
2016-06-24,17:05:00,0.7601,0.7601,0.7601,0.7601,2000,0
2016-06-24,17:10:00,0.7738,0.7738,0.7738,0.7738,100,0
2016-06-24,17:15:00,0.7825,0.7825,0.7825,0.7825,200,0
2016-06-24,17:30:00,0.7687,0.7687,0.7687,0.7687,320,0
2016-06-24,17:35:00,0.7825,0.7825,0.7687,0.7687,300,0
2016-06-24,19:55:00,0.7824,0.7824,0.7824,0.7824,510,0
2016-06-24,21:45:00,0.7799,0.7799,0.7799,0.7799,3874,0
2016-06-24,21:55:00,0.77,0.77,0.7676,0.7676,2973,0
2016-06-24,22:00:00,0.7801,0.7801,0.765,0.765,1493,0
2016-06-27,15:35:00,0.772,0.7875,0.772,0.7875,218,0
2016-06-27,15:40:00,0.778,0.778,0.778,0.778,200,0
2016-06-27,15:45:00,0.7899,0.7899,0.7899,0.7899,100,0
2016-06-27,15:55:00,0.7512,0.7512,0.75,0.75,5200,0
2016-06-27,16:00:00,0.7301,0.7301,0.7301,0.7301,143,0
2016-06-27,16:05:00,0.74,0.74,0.74,0.74,9470,0
2016-06-27,16:10:00,0.7499,0.75,0.74,0.7499,23874,0
2016-06-27,16:25:00,0.74,0.74,0.74,0.74,100,0
2016-06-27,16:45:00,0.7595,0.7595,0.7595,0.7595,100,0
2016-06-27,16:55:00,0.7406,0.7406,0.74,0.7401,5400,0
2016-06-27,17:05:00,0.7401,0.7594,0.7401,0.7594,200,0
2016-06-27,17:15:00,0.76,0.76,0.76,0.76,300,0
2016-06-27,17:35:00,0.7597,0.76,0.7597,0.76,800,0
2016-06-27,17:40:00,0.76,0.76,0.76,0.76,118,0
2016-06-27,17:45:00,0.76,0.7601,0.76,0.7601,6764,0
2016-06-27,18:20:00,0.7599,0.7599,0.7599,0.7599,100,0
2016-06-27,18:30:00,0.7598,0.7598,0.7598,0.7598,5200,0
2016-06-27,18:45:00,0.7599,0.7599,0.7599,0.7599,1000,0
2016-06-27,19:00:00,0.7596,0.7596,0.7596,0.7596,100,0
2016-06-27,19:10:00,0.75,0.75,0.75,0.75,100,0
2016-06-27,19:20:00,0.7441,0.7441,0.7441,0.7441,214,0
2016-06-27,19:45:00,0.75,0.75,0.75,0.75,1000,0
2016-06-27,19:50:00,0.7401,0.7401,0.7401,0.7401,300,0
2016-06-27,19:55:00,0.7401,0.7401,0.7401,0.7401,200,0
2016-06-27,20:00:00,0.7499,0.7499,0.7499,0.7499,100,0
2016-06-27,20:30:00,0.7497,0.7497,0.7497,0.7497,100,0
2016-06-27,20:45:00,0.7495,0.7495,0.7495,0.7495,2000,0
2016-06-27,20:55:00,0.7401,0.7401,0.7401,0.7401,200,0
2016-06-27,21:00:00,0.7401,0.7415,0.7401,0.7415,500,0
2016-06-27,21:05:00,0.7439,0.7439,0.7439,0.7439,5700,0
2016-06-27,21:10:00,0.7495,0.7495,0.7401,0.7401,200,0
2016-06-27,21:20:00,0.7401,0.7401,0.7401,0.7401,100,0
2016-06-27,21:25:00,0.7401,0.7458,0.73,0.73,13655,0
2016-06-27,21:30:00,0.73,0.73,0.73,0.73,100,0
2016-06-27,21:40:00,0.7301,0.7383,0.7301,0.7383,200,0
2016-06-28,15:35:00,0.73,0.73,0.73,0.73,947,0
2016-06-28,15:40:00,0.7899,0.7899,0.73,0.73,2257,0
2016-06-28,15:50:00,0.712,0.712,0.71,0.71,245,0
2016-06-28,15:55:00,0.71,0.71,0.71,0.71,700,0
2016-06-28,16:00:00,0.7291,0.7291,0.7291,0.7291,108,0
2016-06-28,16:10:00,0.72,0.72,0.7175,0.7175,2200,0
2016-06-28,16:15:00,0.7249,0.7249,0.7249,0.7249,750,0
2016-06-28,16:25:00,0.7298,0.73,0.72,0.73,11500,0
2016-06-28,16:50:00,0.72,0.72,0.71,0.71,1000,0
2016-06-28,17:00:00,0.72,0.7299,0.716,0.7299,1250,0
2016-06-28,17:05:00,0.72,0.72,0.72,0.72,200,0
2016-06-28,17:10:00,0.7298,0.7298,0.7298,0.7298,100,0
2016-06-28,17:45:00,0.7199,0.7199,0.7199,0.7199,100,0
2016-06-28,17:55:00,0.7198,0.7198,0.7198,0.7198,102,0
2016-06-28,18:00:00,0.7198,0.7198,0.7198,0.7198,100,0
2016-06-28,18:05:00,0.7126,0.715,0.7126,0.715,200,0
2016-06-28,18:15:00,0.7145,0.7145,0.7101,0.7101,528,0
2016-06-28,18:35:00,0.7101,0.7101,0.7101,0.7101,428,0
2016-06-28,18:45:00,0.7139,0.7139,0.7139,0.7139,100,0
2016-06-28,18:50:00,0.737,0.737,0.737,0.737,100,0
2016-06-28,19:20:00,0.7182,0.7182,0.7182,0.7182,300,0
2016-06-28,19:25:00,0.7197,0.7197,0.7197,0.7197,100,0
2016-06-28,19:30:00,0.7198,0.7198,0.715,0.715,1980,0
2016-06-28,19:35:00,0.7198,0.7198,0.7198,0.7198,200,0
2016-06-28,19:40:00,0.72,0.72,0.72,0.72,7600,0
2016-06-28,20:00:00,0.72,0.72,0.72,0.72,102,0
2016-06-28,20:15:00,0.7356,0.7356,0.7356,0.7356,100,0
2016-06-28,20:40:00,0.73,0.73,0.72,0.72,400,0
2016-06-28,21:20:00,0.7355,0.7355,0.7355,0.7355,100,0
2016-06-28,22:00:00,0.725,0.725,0.725,0.725,100,0
2016-06-29,15:35:00,0.76,0.76,0.72,0.7349,959,0
2016-06-29,15:50:00,0.74,0.74,0.74,0.74,100,0
2016-06-29,16:50:00,0.735,0.75,0.735,0.75,6580,0
2016-06-29,17:05:00,0.7201,0.7201,0.7201,0.7201,100,0
2016-06-29,17:15:00,0.714,0.714,0.7,0.701,10529,0
2016-06-29,17:35:00,0.736,0.736,0.736,0.736,515,0
2016-06-29,17:50:00,0.71,0.71,0.71,0.71,200,0
2016-06-29,18:20:00,0.7341,0.7341,0.72,0.72,205,0
2016-06-29,18:45:00,0.735,0.735,0.735,0.735,100,0
2016-06-29,20:00:00,0.73,0.73,0.73,0.73,300,0
2016-06-29,20:20:00,0.73,0.73,0.73,0.73,100,0
2016-06-29,20:30:00,0.7201,0.7201,0.7201,0.7201,300,0
2016-06-29,20:55:00,0.7161,0.72,0.7161,0.72,1380,0
2016-06-29,21:00:00,0.7161,0.7161,0.7161,0.7161,400,0
2016-06-29,21:40:00,0.7327,0.7327,0.7327,0.7327,1350,0
2016-06-29,21:50:00,0.7349,0.7349,0.7349,0.7349,2000,0
2016-06-29,21:55:00,0.72,0.72,0.67,0.7,17714,0
2016-06-29,22:00:00,0.7,0.7,0.6999,0.6999,975,0
2016-06-30,15:35:00,0.721,0.721,0.67,0.67,890,0
2016-06-30,15:40:00,0.7035,0.7035,0.7035,0.7035,200,0
2016-06-30,15:55:00,0.6706,0.709,0.6706,0.709,4315,0
2016-06-30,16:00:00,0.71,0.71,0.69,0.709,1000,0
2016-06-30,16:10:00,0.695,0.71,0.695,0.71,600,0
2016-06-30,16:15:00,0.7005,0.7005,0.695,0.695,971,0
2016-06-30,16:20:00,0.6951,0.6951,0.6951,0.6951,100,0
2016-06-30,16:30:00,0.6951,0.6951,0.6951,0.6951,200,0
2016-06-30,16:35:00,0.6956,0.6956,0.6956,0.6956,200,0
2016-06-30,16:45:00,0.6958,0.6958,0.6956,0.6956,200,0
2016-06-30,16:50:00,0.6955,0.7019,0.6955,0.7019,412,0
2016-06-30,17:00:00,0.6956,0.6956,0.6956,0.6956,200,0
2016-06-30,17:05:00,0.6955,0.6955,0.6955,0.6955,200,0
2016-06-30,17:10:00,0.6955,0.6955,0.6955,0.6955,2500,0
2016-06-30,17:15:00,0.6955,0.6956,0.6955,0.6956,300,0
2016-06-30,17:20:00,0.6956,0.6956,0.6956,0.6956,100,0
2016-06-30,17:25:00,0.705,0.705,0.705,0.705,100,0
2016-06-30,17:30:00,0.6955,0.6955,0.6955,0.6955,200,0
2016-06-30,17:35:00,0.6956,0.6956,0.6956,0.6956,200,0
2016-06-30,17:40:00,0.7051,0.7052,0.7,0.7,1000,0
2016-06-30,17:45:00,0.71,0.71,0.71,0.71,4225,0
2016-06-30,17:50:00,0.711,0.73,0.711,0.73,16186,0
2016-06-30,17:55:00,0.73,0.73,0.7176,0.7176,300,0
2016-06-30,18:00:00,0.7055,0.7055,0.7055,0.7055,100,0
2016-06-30,18:10:00,0.7055,0.7055,0.7055,0.7055,200,0
2016-06-30,18:20:00,0.7055,0.7055,0.7055,0.7055,200,0
2016-06-30,18:30:00,0.7055,0.7055,0.7055,0.7055,200,0
2016-06-30,18:40:00,0.7055,0.7055,0.7055,0.7055,1400,0
2016-06-30,18:45:00,0.728,0.728,0.728,0.728,100,0
2016-06-30,18:50:00,0.7055,0.7055,0.7055,0.7055,100,0
2016-06-30,19:00:00,0.7052,0.7052,0.7052,0.7052,2700,0
2016-06-30,19:10:00,0.7052,0.7052,0.7052,0.7052,200,0
2016-06-30,19:20:00,0.7052,0.7052,0.7052,0.7052,200,0
2016-06-30,19:30:00,0.7052,0.7052,0.7052,0.7052,200,0
2016-06-30,19:40:00,0.7052,0.7052,0.7052,0.7052,195,0
2016-06-30,19:55:00,0.7052,0.7052,0.7052,0.7052,200,0
2016-06-30,20:00:00,0.727,0.727,0.727,0.727,100,0
2016-06-30,20:05:00,0.7052,0.7052,0.7052,0.7052,200,0
2016-06-30,20:15:00,0.7052,0.7052,0.7052,0.7052,200,0
2016-06-30,20:20:00,0.7052,0.7052,0.7052,0.7052,200,0
2016-06-30,20:30:00,0.7055,0.7055,0.7055,0.7055,180,0
2016-06-30,20:40:00,0.7055,0.7055,0.7055,0.7055,198,0
2016-06-30,20:50:00,0.7052,0.727,0.7052,0.727,300,0
2016-06-30,21:00:00,0.7053,0.7053,0.7052,0.7052,200,0
2016-06-30,21:10:00,0.7052,0.7052,0.7052,0.7052,200,0
2016-06-30,21:15:00,0.7052,0.7052,0.7052,0.7052,200,0
2016-06-30,21:25:00,0.7052,0.7052,0.7052,0.7052,200,0
2016-06-30,21:30:00,0.7269,0.7269,0.71,0.71,1900,0
2016-06-30,21:40:00,0.7052,0.7052,0.7052,0.7052,200,0
2016-06-30,21:45:00,0.727,0.727,0.71,0.727,500,0
2016-06-30,21:50:00,0.71,0.71,0.71,0.71,200,0
2016-06-30,21:55:00,0.7052,0.7224,0.7052,0.7052,1400,0
2016-06-30,22:00:00,0.7052,0.73,0.7,0.7,5638,0
2016-07-01,16:00:00,0.735,0.735,0.7299,0.7299,1800,0
2016-07-01,16:05:00,0.715,0.726,0.71,0.726,7095,0
2016-07-01,16:30:00,0.7197,0.72,0.7197,0.72,300,0
2016-07-01,16:35:00,0.72,0.72,0.72,0.72,100,0
2016-07-01,17:30:00,0.72,0.735,0.72,0.735,11400,0
2016-07-01,17:35:00,0.73,0.73,0.73,0.73,495,0
2016-07-01,20:20:00,0.7299,0.7299,0.7299,0.7299,100,0
2016-07-01,21:30:00,0.73,0.73,0.7299,0.73,300,0
2016-07-01,21:45:00,0.7107,0.7107,0.7107,0.7107,715,0
2016-07-01,21:50:00,0.7293,0.7293,0.7293,0.7293,1000,0
2016-07-01,21:55:00,0.73,0.73,0.73,0.73,400,0
2016-07-01,22:00:00,0.73,0.735,0.73,0.735,400,0
