Date,Time,Open,High,Low,Close,Volume,OpenInt
2015-12-04,15:35:00,2.37,2.37,2.35,2.35,1000,0
2015-12-04,15:45:00,2.49,2.49,2.49,2.49,100,0
2015-12-04,15:50:00,2.47,2.47,2.47,2.47,500,0
2015-12-04,16:30:00,2.47,2.47,2.47,2.47,100,0
2015-12-04,17:15:00,2.47,2.47,2.47,2.47,800,0
2015-12-04,20:40:00,2.5,2.5,2.5,2.5,100,0
2015-12-04,20:45:00,2.5,2.5,2.5,2.5,100,0
2015-12-04,21:20:00,2.55,2.55,2.52,2.52,200,0
2015-12-04,21:55:00,2.44,2.44,2.44,2.44,200,0
2015-12-04,22:00:00,2.46,2.46,2.46,2.46,100,0
2015-12-07,17:20:00,2.49,2.49,2.49,2.49,300,0
2015-12-07,17:25:00,2.49,2.49,2.49,2.49,10900,0
2015-12-07,17:45:00,2.49,2.49,2.49,2.49,100,0
2015-12-07,17:55:00,2.485,2.485,2.485,2.485,100,0
2015-12-07,18:00:00,2.46,2.46,2.46,2.46,382,0
2015-12-07,18:05:00,2.46,2.48,2.46,2.48,400,0
2015-12-07,18:25:00,2.49,2.5,2.49,2.5,518,0
2015-12-07,18:35:00,2.5,2.5,2.5,2.5,200,0
2015-12-07,18:45:00,2.5,2.5,2.5,2.5,100,0
2015-12-07,18:55:00,2.5,2.5,2.49,2.49,300,0
2015-12-07,19:15:00,2.49,2.49,2.49,2.49,100,0
2015-12-07,19:30:00,2.49,2.49,2.49,2.49,100,0
2015-12-07,19:40:00,2.49,2.5,2.49,2.5,200,0
2015-12-07,19:55:00,2.5,2.5,2.5,2.5,100,0
2015-12-07,20:05:00,2.5,2.5,2.5,2.5,100,0
2015-12-07,20:15:00,2.5,2.5,2.5,2.5,100,0
2015-12-07,20:30:00,2.5,2.5,2.5,2.5,100,0
2015-12-07,20:35:00,2.5,2.5,2.5,2.5,100,0
2015-12-07,20:40:00,2.5,2.5,2.5,2.5,300,0
2015-12-07,20:50:00,2.5,2.5,2.5,2.5,100,0
2015-12-07,20:55:00,2.5,2.5,2.5,2.5,100,0
2015-12-07,21:10:00,2.5,2.5,2.48,2.4801,500,0
2015-12-07,21:15:00,2.48,2.48,2.46,2.47,1200,0
2015-12-07,21:20:00,2.47,2.47,2.47,2.47,200,0
2015-12-07,21:55:00,2.4696,2.4696,2.4696,2.4696,500,0
2015-12-07,22:00:00,2.46,2.5,2.46,2.5,539,0
2015-12-08,17:10:00,2.4628,2.4662,2.4628,2.4662,1200,0
2015-12-08,17:30:00,2.44,2.44,2.44,2.44,100,0
2015-12-08,17:35:00,2.45,2.45,2.45,2.45,100,0
2015-12-08,18:20:00,2.45,2.45,2.45,2.45,100,0
2015-12-08,19:05:00,2.45,2.45,2.45,2.45,100,0
2015-12-08,19:50:00,2.4,2.4,2.4,2.4,100,0
2015-12-08,20:10:00,2.39,2.39,2.39,2.39,600,0
2015-12-08,20:15:00,2.44,2.5,2.44,2.5,2964,0
2015-12-08,20:20:00,2.49,2.49,2.49,2.49,100,0
2015-12-08,20:35:00,2.48,2.48,2.48,2.48,100,0
2015-12-08,21:05:00,2.45,2.46,2.45,2.46,500,0
2015-12-08,21:20:00,2.48,2.48,2.48,2.48,300,0
2015-12-08,21:30:00,2.48,2.48,2.48,2.48,155,0
2015-12-08,22:00:00,2.48,2.48,2.46,2.4799,900,0
2015-12-09,15:40:00,2.41,2.41,2.36,2.36,1200,0
2015-12-09,16:00:00,2.43,2.43,2.42,2.42,500,0
2015-12-09,16:30:00,2.47,2.47,2.47,2.47,100,0
2015-12-09,16:50:00,2.4799,2.4799,2.4799,2.4799,1000,0
2015-12-09,17:05:00,2.47,2.47,2.47,2.47,100,0
2015-12-09,17:25:00,2.47,2.47,2.46,2.46,1200,0
2015-12-09,17:30:00,2.46,2.46,2.46,2.46,100,0
2015-12-09,17:55:00,2.46,2.46,2.46,2.46,100,0
2015-12-09,18:20:00,2.46,2.46,2.46,2.46,100,0
2015-12-09,18:55:00,2.48,2.48,2.48,2.48,300,0
2015-12-09,19:00:00,2.48,2.48,2.48,2.48,100,0
2015-12-09,19:20:00,2.48,2.48,2.48,2.48,100,0
2015-12-09,19:45:00,2.48,2.48,2.48,2.48,100,0
2015-12-09,19:50:00,2.4686,2.4686,2.46,2.468,1200,0
2015-12-09,20:25:00,2.47,2.47,2.47,2.47,200,0
2015-12-09,20:30:00,2.47,2.4701,2.4525,2.4525,1100,0
2015-12-09,20:55:00,2.48,2.48,2.4799,2.4799,372,0
2015-12-09,21:05:00,2.48,2.48,2.47,2.47,700,0
2015-12-09,21:15:00,2.48,2.48,2.48,2.48,100,0
2015-12-09,21:35:00,2.4602,2.4602,2.4602,2.4602,1000,0
2015-12-09,21:55:00,2.4701,2.4701,2.45,2.46,2400,0
2015-12-09,22:00:00,2.46,2.48,2.43,2.43,1000,0
2015-12-10,19:05:00,2.47,2.47,2.47,2.47,1200,0
2015-12-10,19:20:00,2.47,2.47,2.47,2.47,1100,0
2015-12-10,19:25:00,2.46,2.46,2.46,2.46,100,0
2015-12-10,20:10:00,2.49,2.49,2.48,2.48,300,0
2015-12-10,20:20:00,2.49,2.49,2.49,2.49,1400,0
2015-12-10,20:35:00,2.49,2.49,2.49,2.49,100,0
2015-12-10,20:40:00,2.49,2.49,2.49,2.49,100,0
2015-12-10,20:45:00,2.48,2.48,2.48,2.48,100,0
2015-12-10,20:55:00,2.48,2.49,2.48,2.49,500,0
2015-12-10,21:05:00,2.49,2.49,2.49,2.49,100,0
2015-12-10,21:10:00,2.49,2.49,2.49,2.49,200,0
2015-12-10,21:15:00,2.49,2.49,2.49,2.49,316,0
2015-12-10,21:20:00,2.48,2.49,2.48,2.4899,1000,0
2015-12-10,21:25:00,2.49,2.49,2.49,2.49,100,0
2015-12-10,21:50:00,2.49,2.49,2.49,2.49,100,0
2015-12-10,22:00:00,2.49,2.49,2.49,2.49,331,0
2015-12-11,20:05:00,2.48,2.48,2.48,2.48,100,0
2015-12-11,20:10:00,2.48,2.48,2.48,2.48,100,0
2015-12-11,20:15:00,2.48,2.48,2.48,2.48,100,0
2015-12-11,20:20:00,2.48,2.48,2.48,2.48,100,0
2015-12-11,20:45:00,2.48,2.48,2.48,2.48,100,0
2015-12-11,21:05:00,2.48,2.48,2.48,2.48,1900,0
2015-12-11,21:10:00,2.48,2.4998,2.48,2.48,700,0
2015-12-11,21:15:00,2.5,2.5,2.47,2.5,3400,0
2015-12-11,21:20:00,2.47,2.47,2.47,2.47,100,0
2015-12-11,21:30:00,2.45,2.45,2.45,2.45,100,0
2015-12-11,21:50:00,2.418,2.49,2.418,2.49,5100,0
2015-12-11,22:00:00,2.44,2.45,2.44,2.45,728,0
2015-12-14,16:05:00,2.42,2.43,2.42,2.42,1300,0
2015-12-14,16:15:00,2.42,2.47,2.42,2.45,500,0
2015-12-14,16:25:00,2.45,2.45,2.45,2.45,100,0
2015-12-14,16:45:00,2.45,2.45,2.45,2.45,100,0
2015-12-14,17:00:00,2.45,2.45,2.45,2.45,100,0
2015-12-14,17:05:00,2.44,2.44,2.44,2.44,100,0
2015-12-14,17:20:00,2.44,2.45,2.44,2.45,200,0
2015-12-14,17:25:00,2.44,2.44,2.44,2.44,200,0
2015-12-14,17:40:00,2.44,2.44,2.44,2.44,100,0
2015-12-14,18:05:00,2.44,2.44,2.44,2.44,200,0
2015-12-14,18:20:00,2.45,2.45,2.45,2.45,200,0
2015-12-14,18:30:00,2.44,2.44,2.44,2.44,100,0
2015-12-14,19:05:00,2.44,2.44,2.44,2.44,100,0
2015-12-14,19:20:00,2.45,2.45,2.45,2.45,100,0
2015-12-14,19:45:00,2.45,2.45,2.45,2.45,100,0
2015-12-14,20:00:00,2.45,2.45,2.45,2.45,475,0
2015-12-14,20:35:00,2.45,2.46,2.45,2.46,400,0
2015-12-14,20:40:00,2.45,2.45,2.45,2.45,100,0
2015-12-14,20:55:00,2.45,2.45,2.45,2.45,100,0
2015-12-14,21:00:00,2.45,2.45,2.45,2.45,100,0
2015-12-14,21:10:00,2.45,2.45,2.45,2.45,100,0
2015-12-14,21:20:00,2.45,2.45,2.45,2.45,290,0
2015-12-14,22:00:00,2.45,2.45,2.45,2.45,100,0
2015-12-15,15:55:00,2.35,2.38,2.34,2.34,1000,0
2015-12-15,16:50:00,2.45,2.45,2.45,2.45,100,0
2015-12-15,16:55:00,2.44,2.46,2.44,2.46,300,0
2015-12-15,17:10:00,2.44,2.44,2.44,2.44,100,0
2015-12-15,17:25:00,2.38,2.38,2.38,2.38,100,0
2015-12-15,17:30:00,2.46,2.46,2.46,2.46,100,0
2015-12-15,18:05:00,2.44,2.44,2.44,2.44,100,0
2015-12-15,18:10:00,2.41,2.41,2.41,2.41,100,0
2015-12-15,18:15:00,2.42,2.42,2.42,2.42,300,0
2015-12-15,19:05:00,2.38,2.38,2.38,2.38,100,0
2015-12-15,19:35:00,2.46,2.46,2.46,2.46,100,0
2015-12-15,19:50:00,2.37,2.37,2.37,2.37,100,0
2015-12-15,20:50:00,2.44,2.44,2.38,2.38,200,0
2015-12-15,21:30:00,2.37,2.37,2.37,2.37,100,0
2015-12-15,22:00:00,2.36,2.44,2.36,2.4399,1300,0
2015-12-16,15:35:00,2.37,2.37,2.37,2.37,2000,0
2015-12-16,16:40:00,2.45,2.45,2.45,2.45,100,0
2015-12-16,17:15:00,2.31,2.35,2.31,2.35,1000,0
2015-12-16,17:20:00,2.35,2.35,2.3,2.3,303,0
2015-12-16,17:50:00,2.3499,2.3499,2.3499,2.3499,2000,0
2015-12-16,19:00:00,2.27,2.27,2.27,2.27,200,0
2015-12-16,19:10:00,2.27,2.35,2.27,2.35,200,0
2015-12-16,19:40:00,2.28,2.34,2.28,2.34,500,0
2015-12-16,20:30:00,2.32,2.32,2.32,2.32,100,0
2015-12-16,20:45:00,2.28,2.2815,2.28,2.2815,300,0
2015-12-16,20:50:00,2.27,2.27,2.27,2.27,100,0
2015-12-16,21:35:00,2.26,2.26,2.26,2.26,200,0
2015-12-16,21:55:00,2.2532,2.2532,2.2532,2.2532,100,0
2015-12-16,22:00:00,2.2516,2.2516,2.2516,2.2516,100,0
2015-12-17,15:35:00,2.32,2.41,2.32,2.4,836,0
2015-12-17,15:40:00,2.4,2.4,2.4,2.4,600,0
2015-12-17,15:45:00,2.4,2.4,2.4,2.4,400,0
2015-12-17,15:50:00,2.4,2.4,2.35,2.35,500,0
2015-12-17,15:55:00,2.4,2.4,2.38,2.38,200,0
2015-12-17,16:00:00,2.39,2.39,2.39,2.39,100,0
2015-12-17,16:05:00,2.38,2.39,2.35,2.35,4372,0
2015-12-17,16:10:00,2.35,2.35,2.35,2.35,100,0
2015-12-17,16:20:00,2.35,2.39,2.35,2.39,300,0
2015-12-17,16:30:00,2.38,2.38,2.38,2.38,200,0
2015-12-17,16:40:00,2.35,2.35,2.35,2.35,100,0
2015-12-17,16:50:00,2.38,2.38,2.38,2.38,200,0
2015-12-17,17:10:00,2.39,2.39,2.39,2.39,100,0
2015-12-17,17:15:00,2.39,2.39,2.39,2.39,100,0
2015-12-17,17:30:00,2.39,2.39,2.39,2.39,100,0
2015-12-17,17:55:00,2.38,2.38,2.38,2.38,100,0
2015-12-17,18:00:00,2.38,2.38,2.38,2.38,100,0
2015-12-17,18:05:00,2.38,2.38,2.38,2.38,200,0
2015-12-17,18:10:00,2.3299,2.34,2.3299,2.34,700,0
2015-12-17,18:25:00,2.35,2.35,2.35,2.35,100,0
2015-12-17,18:30:00,2.26,2.26,2.26,2.26,100,0
2015-12-17,18:35:00,2.27,2.27,2.27,2.27,100,0
2015-12-17,18:45:00,2.31,2.31,2.31,2.31,100,0
2015-12-17,18:50:00,2.31,2.31,2.31,2.31,100,0
2015-12-17,19:30:00,2.38,2.38,2.38,2.38,100,0
2015-12-17,20:10:00,2.37,2.37,2.35,2.3695,500,0
2015-12-17,20:40:00,2.34,2.34,2.34,2.34,300,0
2015-12-17,21:05:00,2.34,2.34,2.34,2.34,100,0
2015-12-17,21:25:00,2.34,2.34,2.34,2.34,100,0
2015-12-17,21:30:00,2.24,2.24,2.24,2.24,200,0
2015-12-17,21:40:00,2.33,2.33,2.33,2.33,100,0
2015-12-17,21:50:00,2.29,2.29,2.29,2.29,300,0
2015-12-17,21:55:00,2.29,2.29,2.29,2.29,100,0
2015-12-17,22:00:00,2.28,2.31,2.2,2.2899,4947,0
2015-12-18,17:30:00,2.32,2.32,2.32,2.32,200,0
2015-12-18,18:25:00,2.23,2.23,2.22,2.22,200,0
2015-12-18,18:35:00,2.3,2.3,2.3,2.3,200,0
2015-12-18,19:45:00,2.31,2.31,2.31,2.31,100,0
2015-12-18,20:05:00,2.3,2.3,2.3,2.3,707,0
2015-12-18,20:30:00,2.25,2.25,2.25,2.25,100,0
2015-12-18,20:35:00,2.2489,2.25,2.2489,2.25,2260,0
2015-12-18,20:55:00,2.3,2.3,2.3,2.3,100,0
2015-12-18,21:55:00,2.26,2.263,2.2,2.263,3600,0
2015-12-21,15:35:00,2.33,2.38,2.33,2.38,2300,0
2015-12-21,17:35:00,2.2708,2.2708,2.2708,2.2708,250,0
2015-12-21,19:00:00,2.2564,2.2564,2.2564,2.2564,444,0
2015-12-21,19:35:00,2.336,2.34,2.24,2.3399,2100,0
2015-12-21,20:35:00,2.29,2.35,2.29,2.35,300,0
2015-12-21,20:40:00,2.33,2.33,2.33,2.33,100,0
2015-12-21,21:20:00,2.34,2.34,2.34,2.34,100,0
2015-12-22,22:00:00,2.24,2.3,2.24,2.3,400,0
2015-12-23,15:45:00,2.3,2.36,2.3,2.36,200,0
2015-12-23,19:20:00,2.23,2.35,2.23,2.35,300,0
2015-12-23,19:50:00,2.35,2.35,2.35,2.35,200,0
2015-12-23,22:00:00,2.296,2.296,2.296,2.296,100,0
2015-12-24,16:50:00,2.3358,2.3358,2.22,2.3358,400,0
2015-12-24,16:55:00,2.339,2.339,2.339,2.339,100,0
2015-12-24,17:00:00,2.24,2.25,2.2,2.25,10400,0
2015-12-24,17:35:00,2.33,2.33,2.21,2.21,300,0
2015-12-24,17:55:00,2.31,2.31,2.31,2.31,100,0
2015-12-28,15:35:00,2.28,2.28,2.28,2.28,300,0
2015-12-28,15:40:00,2.33,2.33,2.33,2.33,100,0
2015-12-28,15:50:00,2.26,2.32,2.26,2.32,500,0
2015-12-28,16:10:00,2.26,2.26,2.26,2.26,100,0
2015-12-28,17:25:00,2.31,2.31,2.31,2.31,100,0
2015-12-28,21:30:00,2.29,2.29,2.29,2.29,100,0
2015-12-28,22:00:00,2.22,2.28,2.21,2.24,500,0
2015-12-29,16:55:00,2.26,2.26,2.26,2.26,100,0
2015-12-29,17:55:00,2.26,2.26,2.26,2.26,200,0
2015-12-29,18:45:00,2.24,2.24,2.24,2.24,200,0
2015-12-29,18:50:00,2.24,2.24,2.24,2.24,100,0
2015-12-29,18:55:00,2.28,2.28,2.22,2.25,400,0
2015-12-29,19:00:00,2.27,2.29,2.27,2.29,1900,0
2015-12-29,19:50:00,2.29,2.29,2.29,2.29,100,0
2015-12-29,20:10:00,2.24,2.24,2.24,2.24,100,0
2015-12-29,20:20:00,2.2401,2.2401,2.2401,2.2401,300,0
2015-12-29,20:25:00,2.29,2.29,2.29,2.29,100,0
2015-12-29,20:35:00,2.27,2.29,2.27,2.29,400,0
2015-12-29,21:05:00,2.29,2.29,2.29,2.29,100,0
2015-12-29,21:15:00,2.29,2.29,2.29,2.29,100,0
2015-12-29,21:35:00,2.29,2.29,2.29,2.29,100,0
2015-12-30,21:20:00,2.21,2.21,2.2,2.2,2297,0
2015-12-30,21:25:00,2.21,2.21,2.21,2.21,200,0
2015-12-30,21:55:00,2.25,2.25,2.25,2.25,100,0
2015-12-31,15:35:00,2.24,2.24,2.24,2.24,100,0
2015-12-31,15:50:00,2.2689,2.2689,2.2689,2.2689,100,0
2015-12-31,16:40:00,2.21,2.21,2.19,2.19,3272,0
2015-12-31,16:45:00,2.19,2.19,2.19,2.19,900,0
2015-12-31,16:50:00,2.1415,2.2,2.1415,2.2,1100,0
2015-12-31,17:05:00,2.19,2.19,2.19,2.19,100,0
2015-12-31,17:45:00,2.2,2.2,2.2,2.2,428,0
2015-12-31,18:05:00,2.2,2.2,2.2,2.2,100,0
2015-12-31,19:15:00,2.23,2.23,2.23,2.23,100,0
2015-12-31,19:25:00,2.2,2.2,2.2,2.2,100,0
2015-12-31,20:40:00,2.23,2.23,2.23,2.23,100,0
2015-12-31,21:15:00,2.21,2.21,2.2,2.2,572,0
2015-12-31,21:25:00,2.22,2.22,2.22,2.22,100,0
2015-12-31,21:35:00,2.22,2.22,2.22,2.22,100,0
2016-01-04,19:05:00,2.1501,2.1501,2.15,2.15,1408,0
2016-01-04,19:10:00,2.15,2.1505,2.14,2.1504,6600,0
2016-01-04,19:15:00,2.1401,2.1401,2.1401,2.1401,1000,0
2016-01-04,19:25:00,2.186,2.186,2.14,2.14,200,0
2016-01-04,20:25:00,2.14,2.14,2.14,2.14,100,0
2016-01-04,21:20:00,2.14,2.14,2.14,2.14,100,0
2016-01-04,22:00:00,2.14,2.14,2.14,2.14,441,0
2016-01-05,18:40:00,2.23,2.23,2.23,2.23,100,0
2016-01-05,19:10:00,2.22,2.22,2.22,2.22,100,0
2016-01-05,20:35:00,2.234,2.234,2.234,2.234,100,0
2016-01-05,20:50:00,2.24,2.24,2.24,2.24,100,0
2016-01-05,21:55:00,2.25,2.25,2.25,2.25,100,0
2016-01-06,19:50:00,2.23,2.23,2.23,2.23,100,0
2016-01-07,21:55:00,2.2,2.2,2.2,2.2,100,0
2016-01-07,22:00:00,2.15,2.15,2.15,2.15,100,0
2016-01-08,20:50:00,2.2299,2.23,2.15,2.23,1500,0
2016-01-11,17:35:00,2.114,2.123,2.114,2.123,1100,0
2016-01-11,19:40:00,2.2,2.2,2.2,2.2,700,0
2016-01-11,20:05:00,2.2,2.2001,2.2,2.2001,1700,0
2016-01-11,21:50:00,2.23,2.23,2.23,2.23,3,0
2016-01-11,22:00:00,2.23,2.23,2.23,2.23,28,0
2016-01-12,15:35:00,2.14,2.14,2.14,2.14,206,0
2016-01-12,15:45:00,2.211,2.22,2.211,2.22,600,0
2016-01-12,18:25:00,2.1,2.1105,2.07,2.1105,5900,0
2016-01-12,18:30:00,2.1489,2.1489,2.1489,2.1489,100,0
2016-01-12,21:00:00,2.15,2.15,2.1489,2.15,800,0
2016-01-12,21:15:00,2.13,2.13,2.13,2.13,100,0
2016-01-12,21:30:00,2.2189,2.2189,2.2189,2.2189,100,0
2016-01-12,22:00:00,2.15,2.15,2.14,2.14,300,0
2016-01-13,20:25:00,2.13,2.13,2.13,2.13,500,0
2016-01-13,21:05:00,2.11,2.11,2.11,2.11,700,0
2016-01-13,21:15:00,2.1,2.1,2.1,2.1,1300,0
2016-01-13,21:25:00,2.07,2.07,2.07,2.07,500,0
2016-01-13,21:30:00,2.07,2.07,2.07,2.07,964,0
2016-01-13,21:35:00,2.09,2.09,2.09,2.09,500,0
2016-01-13,22:00:00,2.1,2.1,2.1,2.1,600,0
2016-01-14,16:50:00,2.14,2.14,2.14,2.14,100,0
2016-01-14,19:10:00,2.155,2.155,2.155,2.155,100,0
2016-01-15,15:35:00,2.1,2.1,2.07,2.07,1800,0
2016-01-15,15:40:00,1.89,1.89,1.89,1.89,100,0
2016-01-15,15:45:00,1.881,1.881,1.881,1.881,1000,0
2016-01-15,15:50:00,1.89,2,1.89,2,400,0
2016-01-15,16:40:00,1.95,1.95,1.95,1.95,200,0
2016-01-15,16:45:00,2.09,2.09,2.09,2.09,100,0
2016-01-15,18:15:00,2.03,2.03,2,2.03,1296,0
2016-01-15,18:50:00,2.03,2.08,2.03,2.08,400,0
2016-01-15,18:55:00,2.0644,2.0644,2.0644,2.0644,250,0
2016-01-15,19:05:00,2.09,2.09,2.09,2.09,100,0
2016-01-15,20:30:00,2.09,2.09,2.09,2.09,100,0
2016-01-15,22:00:00,2.04,2.04,2.04,2.04,103,0
2016-01-19,21:50:00,1.9499,1.9499,1.9499,1.9499,11,0
2016-01-19,22:00:00,1.95,1.95,1.86,1.86,24,0
2016-01-20,19:20:00,1.9,1.9,1.89,1.89,5997,0
2016-01-20,19:25:00,1.93,1.93,1.81,1.8521,1897,0
2016-01-20,20:15:00,1.87,1.9,1.87,1.9,300,0
2016-01-20,20:30:00,2.037,2.037,2.037,2.037,100,0
2016-01-20,21:30:00,1.93,1.93,1.93,1.93,100,0
2016-01-20,22:00:00,1.93,1.93,1.93,1.93,100,0
2016-01-21,16:05:00,2.12,2.12,2.12,2.12,100,0
2016-01-21,19:10:00,2.11,2.11,2.09,2.09,200,0
2016-01-21,19:15:00,1.99,1.99,1.99,1.99,100,0
2016-01-22,18:50:00,2.082,2.1,2.082,2.1,500,0
2016-01-22,18:55:00,2.1637,2.1637,2.138,2.138,1100,0
2016-01-22,19:00:00,2.1057,2.1057,2.09,2.09,1960,0
2016-01-22,21:15:00,2.06,2.079,2.038,2.038,1500,0
2016-01-22,21:20:00,2.08,2.08,2.07,2.07,200,0
2016-01-22,22:00:00,2.03,2.03,2.03,2.03,140,0
2016-01-26,16:25:00,2.16,2.16,2.15,2.15,500,0
2016-01-26,16:30:00,2.06,2.21,2.06,2.1101,1500,0
2016-01-26,16:35:00,2.08,2.19,2.08,2.19,420,0
2016-01-26,16:45:00,2.2,2.2,2.01,2.01,200,0
2016-01-26,17:30:00,2.071,2.071,2.071,2.071,100,0
2016-01-26,18:15:00,2.1101,2.1101,2.11,2.11,300,0
2016-01-27,21:50:00,2,2,2,2,100,0
2016-01-28,16:40:00,1.9401,1.968,1.94,1.968,1800,0
2016-01-28,17:15:00,2.03,2.03,2.03,2.03,100,0
2016-01-29,20:35:00,1.95,1.95,1.95,1.95,100,0
2016-01-29,20:40:00,2.03,2.03,2.03,2.03,100,0
2016-01-29,21:00:00,2.03,2.03,2.03,2.03,100,0
2016-01-29,21:10:00,2.03,2.03,2.0258,2.03,500,0
2016-01-29,21:30:00,1.95,1.95,1.94,1.94,1017,0
2016-01-29,21:35:00,1.95,1.95,1.95,1.95,1000,0
2016-01-29,21:45:00,1.94,1.94,1.94,1.94,100,0
2016-01-29,21:50:00,1.94,1.94,1.94,1.94,100,0
2016-01-29,21:55:00,1.9416,1.9416,1.94,1.94,200,0
2016-02-01,16:00:00,1.96,1.9957,1.96,1.9957,1800,0
2016-02-01,16:15:00,2.08,2.08,2.08,2.08,100,0
2016-02-01,18:30:00,2.08,2.08,2.08,2.08,100,0
2016-02-02,15:35:00,2.01,2.01,2.01,2.01,300,0
2016-02-02,16:35:00,2.02,2.02,2.02,2.02,100,0
2016-02-02,19:55:00,1.94,1.94,1.94,1.94,100,0
2016-02-02,20:55:00,2,2,2,2,300,0
2016-02-02,22:00:00,1.91,1.91,1.91,1.91,200,0
2016-02-03,16:20:00,1.91,1.917,1.9,1.917,2000,0
2016-02-03,19:10:00,1.95,1.95,1.95,1.95,100,0
2016-02-04,16:30:00,2.05,2.05,2.05,2.05,100,0
2016-02-05,15:35:00,1.96,1.96,1.96,1.96,800,0
2016-02-05,16:05:00,1.88,1.88,1.88,1.88,100,0
2016-02-05,16:30:00,1.96,1.96,1.96,1.96,100,0
2016-02-05,16:55:00,1.9899,1.9899,1.9899,1.9899,100,0
2016-02-05,17:25:00,1.91,1.91,1.88,1.88,1188,0
2016-02-05,17:30:00,1.97,1.97,1.97,1.97,100,0
2016-02-05,18:15:00,1.96,1.97,1.96,1.97,300,0
2016-02-05,19:05:00,1.96,1.96,1.96,1.96,1300,0
2016-02-08,16:35:00,1.96,1.96,1.96,1.96,100,0
2016-02-08,18:05:00,1.8709,1.8709,1.8709,1.8709,667,0
2016-02-08,18:25:00,1.9,1.9,1.9,1.9,100,0
2016-02-08,21:55:00,1.88,1.88,1.86,1.86,700,0
2016-02-09,16:00:00,2.075,2.075,2.075,2.075,100,0
2016-02-09,16:05:00,2.07,2.07,2.07,2.07,100,0
2016-02-09,16:10:00,1.92,1.92,1.92,1.92,100,0
2016-02-09,16:40:00,1.94,1.94,1.94,1.94,100,0
2016-02-10,16:20:00,1.98,1.98,1.98,1.98,100,0
2016-02-10,21:45:00,1.91,1.91,1.89,1.9,680,0
2016-02-10,22:00:00,1.83,1.83,1.83,1.83,100,0
2016-02-11,16:25:00,1.9,1.9,1.9,1.9,100,0
2016-02-11,17:20:00,1.87,1.87,1.87,1.87,600,0
2016-02-11,19:40:00,1.83,1.83,1.83,1.83,100,0
2016-02-11,21:05:00,1.88,1.88,1.88,1.88,100,0
2016-02-11,21:10:00,1.87,1.87,1.87,1.87,100,0
2016-02-12,17:15:00,1.89,1.89,1.89,1.89,100,0
2016-02-16,16:00:00,2.016,2.016,2.016,2.016,100,0
2016-02-16,20:10:00,1.9411,1.9411,1.9411,1.9411,100,0
2016-02-16,20:15:00,1.946,1.946,1.946,1.946,290,0
2016-02-16,20:40:00,2.03,2.03,2.03,2.03,100,0
2016-02-17,16:05:00,1.99,1.9975,1.9,1.9,1000,0
2016-02-17,16:10:00,1.9899,1.9899,1.91,1.91,500,0
2016-02-17,16:15:00,1.9899,1.9899,1.9899,1.9899,300,0
2016-02-17,16:20:00,1.9999,1.9999,1.9999,1.9999,200,0
2016-02-17,16:25:00,1.97,1.97,1.97,1.97,300,0
2016-02-17,16:30:00,1.99,1.99,1.99,1.99,100,0
2016-02-18,17:25:00,2.04,2.04,2.04,2.04,100,0
2016-02-19,18:20:00,1.99,1.99,1.99,1.99,171,0
2016-02-22,15:35:00,2.04,2.04,2.04,2.04,100,0
2016-02-23,19:20:00,1.9,1.99,1.9,1.99,200,0
2016-02-23,19:30:00,1.98,1.98,1.98,1.98,177,0
2016-02-23,20:00:00,1.99,1.99,1.99,1.99,200,0
2016-02-23,20:05:00,1.97,1.98,1.97,1.98,300,0
2016-02-23,22:00:00,1.9,1.9,1.9,1.9,100,0
2016-02-24,15:35:00,2.04,2.04,2.04,2.04,100,0
2016-02-24,19:15:00,1.9,1.9,1.9,1.9,2000,0
2016-02-24,19:25:00,2,2,2,2,100,0
2016-02-24,19:30:00,2.02,2.0299,2.017,2.0299,300,0
2016-02-24,20:30:00,1.9752,2,1.9752,2,200,0
2016-02-29,15:35:00,2,2,2,2,100,0
2016-03-02,16:05:00,1.9267,1.9267,1.9267,1.9267,149,0
2016-03-02,16:10:00,1.99,1.99,1.99,1.99,100,0
2016-03-02,16:15:00,1.8901,1.8901,1.8901,1.8901,300,0
2016-03-02,16:30:00,1.98,1.98,1.98,1.98,100,0
2016-03-02,18:35:00,1.9268,1.9268,1.9268,1.9268,666,0
2016-03-02,21:15:00,1.99,1.99,1.99,1.99,500,0
2016-03-02,22:00:00,1.96,1.96,1.96,1.96,100,0
2016-03-03,16:15:00,1.99,1.99,1.99,1.99,100,0
2016-03-03,18:45:00,2,2,2,2,100,0
2016-03-03,22:00:00,1.9,1.9,1.9,1.9,100,0
2016-03-04,15:35:00,1.99,1.99,1.99,1.99,100,0
2016-03-04,16:35:00,1.99,1.99,1.99,1.99,380,0
2016-03-04,19:30:00,1.9,1.9,1.89,1.9,300,0
2016-03-04,19:35:00,1.89,1.89,1.89,1.89,300,0
2016-03-04,19:55:00,1.88,1.88,1.88,1.88,1847,0
2016-03-04,20:00:00,1.89,1.89,1.89,1.89,600,0
2016-03-04,21:40:00,1.8801,1.8801,1.8801,1.8801,667,0
2016-03-04,21:45:00,1.89,1.89,1.89,1.89,300,0
2016-03-04,22:00:00,1.88,1.88,1.88,1.88,157,0
2016-03-07,15:35:00,1.99,1.99,1.99,1.99,100,0
2016-03-07,16:10:00,1.92,1.93,1.92,1.93,200,0
2016-03-07,16:30:00,2,2,1.93,1.93,200,0
2016-03-07,16:35:00,1.93,1.93,1.93,1.93,100,0
2016-03-07,19:20:00,1.91,1.97,1.91,1.97,200,0
2016-03-07,19:25:00,1.981,1.981,1.981,1.981,100,0
2016-03-08,20:55:00,1.97,1.97,1.9,1.9,216,0
2016-03-08,22:00:00,1.91,1.91,1.9,1.9,216,0
2016-03-09,19:35:00,1.92,1.92,1.92,1.92,100,0
2016-03-09,22:00:00,1.9099,1.9099,1.88,1.88,749,0
2016-03-10,18:25:00,1.88,1.88,1.88,1.88,11606,0
2016-03-10,20:25:00,1.81,1.91,1.81,1.91,786,0
2016-03-10,20:30:00,1.91,1.91,1.91,1.91,100,0
2016-03-10,21:20:00,1.86,1.86,1.86,1.86,100,0
2016-03-10,21:40:00,1.9787,1.9787,1.9787,1.9787,200,0
2016-03-10,21:55:00,1.85,1.85,1.85,1.85,100,0
2016-03-10,22:00:00,1.89,1.9,1.89,1.89,1900,0
2016-03-11,20:00:00,1.92,1.92,1.92,1.92,100,0
2016-03-14,18:05:00,1.92,1.92,1.92,1.92,100,0
2016-03-14,21:00:00,1.92,1.92,1.92,1.92,100,0
2016-03-15,17:25:00,1.9,1.9,1.9,1.9,100,0
2016-03-15,18:00:00,1.93,1.99,1.93,1.99,200,0
2016-03-15,19:30:00,1.9001,1.9001,1.9001,1.9001,1600,0
2016-03-15,20:35:00,1.94,1.94,1.94,1.94,100,0
2016-03-15,20:40:00,1.9,1.9,1.9,1.9,100,0
2016-03-16,19:25:00,1.9,1.98,1.9,1.98,200,0
2016-03-16,19:55:00,1.95,1.95,1.95,1.95,100,0
2016-03-16,20:40:00,1.9088,1.9088,1.9,1.9,1600,0
2016-03-17,18:25:00,1.93,2,1.93,2,3406,0
2016-03-17,18:30:00,2,2,2,2,127,0
2016-03-17,18:55:00,1.99,2,1.99,2,12428,0
2016-03-17,19:15:00,1.99,1.9901,1.99,1.99,1805,0
2016-03-17,19:30:00,2,2,2,2,127,0
2016-03-17,19:55:00,2,2,2,2,100,0
2016-03-17,20:20:00,2,2,2,2,100,0
2016-03-17,20:30:00,2,2,2,2,100,0
2016-03-17,20:35:00,2,2,2,2,200,0
2016-03-17,20:40:00,2,2,2,2,5691,0
2016-03-17,20:45:00,2.01,2.01,2.01,2.01,169,0
2016-03-17,20:50:00,2.0197,2.0199,2.0197,2.0199,200,0
2016-03-17,20:55:00,2.02,2.02,2.02,2.02,109,0
2016-03-17,21:00:00,2.03,2.03,2.03,2.03,100,0
2016-03-18,14:40:00,2.04,2.04,2.04,2.04,100,0
2016-03-18,14:55:00,2.03,2.04,2.03,2.04,300,0
2016-03-18,15:00:00,2.03,2.03,2.03,2.03,100,0
2016-03-18,15:10:00,2.03,2.03,2.03,2.03,100,0
2016-03-18,15:15:00,2.04,2.04,2.03,2.03,600,0
2016-03-18,15:25:00,2.03,2.03,2.03,2.03,100,0
2016-03-18,15:35:00,2.03,2.03,2.03,2.03,100,0
2016-03-18,15:50:00,2.04,2.04,2.04,2.04,500,0
2016-03-18,16:15:00,2.04,2.04,2.04,2.04,400,0
2016-03-18,16:45:00,2.05,2.05,2.05,2.05,700,0
2016-03-18,17:00:00,2.05,2.05,2.05,2.05,419,0
2016-03-18,17:15:00,2.06,2.06,2.06,2.06,100,0
2016-03-18,17:30:00,2.07,2.07,2.07,2.07,100,0
2016-03-18,17:45:00,2.115,2.165,2.06,2.0601,1744,0
2016-03-18,18:10:00,2.11,2.12,2.11,2.12,300,0
2016-03-18,18:25:00,2.13,2.13,2.13,2.13,100,0
2016-03-18,20:15:00,2.13,2.13,2.13,2.13,200,0
2016-03-18,20:50:00,2.14,2.14,2.1399,2.1399,400,0
2016-03-18,21:00:00,2.14,2.19,2.14,2.19,6683,0
2016-03-21,14:40:00,2.2,2.2,2.2,2.2,100,0
2016-03-21,15:05:00,2,2,2,2,400,0
2016-03-21,16:30:00,2,2,2,2,200,0
2016-03-21,16:40:00,2,2,2,2,599,0
2016-03-21,18:20:00,2.095,2.1,2.05,2.05,500,0
2016-03-21,21:00:00,2.1,2.12,2.1,2.11,645,0
2016-03-22,16:15:00,2.21,2.21,2,2,300,0
2016-03-22,16:20:00,2.2399,2.2399,2.2399,2.2399,100,0
2016-03-22,16:25:00,2,2,2,2,100,0
2016-03-22,16:35:00,2.01,2.01,2.01,2.01,100,0
2016-03-22,16:55:00,2.105,2.105,2.105,2.105,100,0
2016-03-22,17:15:00,2.105,2.105,2.105,2.105,100,0
2016-03-22,17:40:00,2.1,2.1,2.1,2.1,100,0
2016-03-22,18:05:00,2.095,2.095,2.095,2.095,100,0
2016-03-22,18:40:00,2.11,2.11,2.11,2.11,100,0
2016-03-22,21:00:00,2.15,2.15,2.15,2.15,200,0
2016-03-23,15:40:00,2,2,2,2,1200,0
2016-03-24,15:05:00,1.916,1.916,1.916,1.916,200,0
2016-03-24,17:25:00,2.197,2.197,2.197,2.197,100,0
2016-03-29,21:00:00,2.05,2.05,2.05,2.05,116,0
2016-03-29,21:15:00,2.025,2.025,2.025,2.025,100,0
2016-03-29,21:30:00,2,2.05,2,2,960,0
2016-03-29,21:35:00,2,2.05,2,2.05,1000,0
2016-03-29,21:50:00,2.05,2.05,2.05,2.05,1218,0
2016-03-29,22:00:00,2.07,2.09,2.05,2.05,764,0
2016-03-30,15:55:00,2.1401,2.1401,1.95,1.95,900,0
2016-03-30,16:00:00,2.0099,2.18,1.93,2.08,800,0
2016-03-30,16:05:00,2.0601,2.0601,1.94,2.0099,1900,0
2016-03-30,16:10:00,2.0701,2.18,2.02,2.0399,1900,0
2016-03-30,16:15:00,2.04,2.09,2.04,2.09,800,0
2016-03-30,18:30:00,2.12,2.12,2.12,2.12,100,0
2016-03-30,21:50:00,2.13,2.15,2.12,2.15,1400,0
2016-03-30,21:55:00,2.15,2.23,2.14,2.23,1729,0
2016-03-30,22:00:00,2.23,2.23,2.23,2.23,1400,0
2016-03-31,15:40:00,2.01,2.01,2.01,2.01,300,0
2016-03-31,15:50:00,1.9999,1.9999,1.9999,1.9999,400,0
2016-03-31,17:00:00,2,2,2,2,100,0
2016-03-31,17:50:00,1.89,1.9999,1.89,1.9658,500,0
2016-03-31,18:45:00,2,2,2,2,496,0
2016-03-31,19:35:00,2.08,2.08,2.08,2.08,100,0
2016-03-31,19:40:00,2.08,2.09,2.08,2.08,300,0
2016-03-31,21:05:00,2.08,2.08,2.08,2.08,200,0
2016-03-31,21:10:00,2.08,2.08,2.08,2.08,200,0
2016-03-31,21:45:00,2.02,2.02,2.02,2.02,100,0
2016-03-31,21:50:00,2.03,2.14,2.03,2.03,700,0
2016-03-31,21:55:00,2.14,2.14,2.0656,2.14,1000,0
2016-03-31,22:00:00,2.14,2.14,2.03,2.03,700,0
2016-04-01,16:15:00,2.0558,2.0558,2.0558,2.0558,500,0
2016-04-01,16:20:00,2,2,2,2,100,0
2016-04-01,16:30:00,2,2,2,2,100,0
2016-04-01,16:45:00,2,2,2,2,100,0
2016-04-01,17:00:00,2,2,2,2,100,0
2016-04-01,17:15:00,2.01,2.01,2.01,2.01,100,0
2016-04-01,17:30:00,2.01,2.01,2.01,2.01,100,0
2016-04-01,17:45:00,2.06,2.135,2.06,2.135,300,0
2016-04-01,18:05:00,2.23,2.23,2.135,2.135,200,0
2016-04-01,18:35:00,2.135,2.135,2.135,2.135,100,0
2016-04-01,19:20:00,2.135,2.135,2.135,2.135,100,0
2016-04-01,20:15:00,2.23,2.23,2.23,2.23,100,0
2016-04-01,21:40:00,2.23,2.23,2.23,2.23,100,0
2016-04-04,16:15:00,1.8801,1.95,1.8801,1.9301,5500,0
2016-04-04,16:20:00,1.9611,2.05,1.94,1.94,1886,0
2016-04-04,16:40:00,2.005,2.03,2.005,2.03,2293,0
2016-04-04,16:45:00,2.0401,2.05,2.04,2.04,8507,0
2016-04-04,16:55:00,2.01,2.01,2,2,300,0
2016-04-04,17:15:00,1.9999,1.9999,1.9999,1.9999,479,0
2016-04-04,17:30:00,1.9601,1.9601,1.9601,1.9601,700,0
2016-04-04,17:50:00,1.96,1.96,1.96,1.96,600,0
2016-04-04,17:55:00,1.99,1.99,1.99,1.99,100,0
2016-04-04,18:40:00,1.99,1.99,1.99,1.99,500,0
2016-04-04,18:45:00,2,2,2,2,300,0
2016-04-04,19:50:00,2,2,2,2,300,0
2016-04-04,21:05:00,1.9901,2.04,1.9901,2.04,4500,0
2016-04-04,21:55:00,2,2,2,2,100,0
2016-04-05,15:35:00,2.01,2.01,1.99,1.99,10000,0
2016-04-05,19:50:00,1.995,2,1.99,1.99,1989,0
2016-04-05,21:15:00,1.9,1.9,1.9,1.9,100,0
2016-04-06,19:35:00,1.94,1.95,1.94,1.95,598,0
2016-04-06,22:00:00,1.95,1.95,1.91,1.91,548,0
2016-04-07,15:55:00,2.01,2.01,2.01,2.01,300,0
2016-04-07,16:35:00,1.96,1.96,1.95,1.95,746,0
2016-04-07,20:25:00,1.94,1.94,1.94,1.94,100,0
2016-04-07,21:50:00,1.95,1.95,1.95,1.95,200,0
2016-04-07,21:55:00,1.95,1.95,1.95,1.95,100,0
2016-04-07,22:00:00,1.91,1.91,1.91,1.91,595,0
2016-04-08,21:25:00,1.8801,2.11,1.8801,2.11,679,0
2016-04-08,22:00:00,2.05,2.05,2.05,2.05,100,0
2016-04-12,16:45:00,1.9,1.9,1.74,1.89,6982,0
2016-04-12,17:00:00,1.89,1.8999,1.89,1.8999,300,0
2016-04-12,17:05:00,1.89,1.8995,1.89,1.8995,200,0
2016-04-12,17:25:00,1.8241,1.89,1.8241,1.89,400,0
2016-04-12,19:00:00,1.83,1.83,1.82,1.83,2700,0
2016-04-12,19:05:00,1.83,1.95,1.83,1.95,1100,0
2016-04-12,20:25:00,1.86,1.86,1.86,1.86,122,0
2016-04-12,20:35:00,1.86,1.89,1.86,1.89,400,0
2016-04-12,22:00:00,1.89,1.89,1.89,1.89,4000,0
2016-04-13,16:50:00,1.955,1.955,1.9115,1.9115,1000,0
2016-04-14,15:35:00,1.92,1.92,1.92,1.92,100,0
2016-04-14,16:10:00,1.85,1.85,1.85,1.85,200,0
2016-04-14,17:55:00,1.84,1.84,1.84,1.84,300,0
2016-04-15,18:50:00,1.8,1.8,1.8,1.8,100,0
2016-04-15,19:55:00,1.79,1.7999,1.616,1.7999,720,0
2016-04-15,20:35:00,1.8,1.8,1.8,1.8,100,0
2016-04-18,15:35:00,1.78,1.78,1.78,1.78,100,0
2016-04-18,17:05:00,1.89,1.89,1.89,1.89,100,0
2016-04-18,20:40:00,1.89,1.89,1.89,1.89,100,0
2016-04-19,15:35:00,1.76,1.76,1.76,1.76,100,0
2016-04-19,16:35:00,1.74,1.7448,1.74,1.7448,800,0
2016-04-19,16:45:00,1.72,1.72,1.72,1.72,200,0
2016-04-19,16:55:00,1.73,1.73,1.72,1.72,507,0
2016-04-19,17:25:00,1.69,1.69,1.69,1.69,1000,0
2016-04-19,21:10:00,1.72,1.76,1.72,1.76,200,0
2016-04-19,22:00:00,1.7599,1.7599,1.7599,1.7599,100,0
2016-04-20,16:25:00,1.774,1.774,1.774,1.774,800,0
2016-04-20,16:55:00,1.79,1.79,1.79,1.79,400,0
2016-04-20,20:25:00,1.93,1.93,1.93,1.93,100,0
2016-04-20,21:25:00,1.8001,1.8001,1.8001,1.8001,200,0
2016-04-20,21:45:00,1.8,1.8,1.8,1.8,300,0
2016-04-21,18:45:00,1.72,1.73,1.72,1.72,1350,0
2016-04-21,20:10:00,1.7599,1.7599,1.7599,1.7599,1500,0
2016-04-21,21:55:00,1.7399,1.7399,1.7399,1.7399,1498,0
2016-04-22,15:50:00,1.81,1.81,1.81,1.81,100,0
2016-04-27,19:45:00,1.72,1.7299,1.72,1.7299,1000,0
2016-04-28,19:35:00,1.72,1.72,1.72,1.72,500,0
2016-04-28,22:00:00,1.63,1.63,1.63,1.63,100,0
2016-04-29,16:50:00,1.7206,1.7206,1.72,1.72,1700,0
2016-04-29,18:25:00,1.71,1.71,1.63,1.63,800,0
2016-04-29,18:30:00,1.71,1.71,1.7,1.7,200,0
2016-05-02,15:35:00,1.76,1.76,1.76,1.76,600,0
2016-05-02,16:20:00,1.8799,1.8799,1.8425,1.8425,6675,0
2016-05-02,16:55:00,1.86,1.8799,1.82,1.8799,5945,0
2016-05-02,17:05:00,1.6301,1.6301,1.6301,1.6301,1500,0
2016-05-02,17:40:00,1.871,1.871,1.86,1.86,300,0
2016-05-02,19:05:00,1.7201,1.7201,1.7201,1.7201,100,0
2016-05-02,19:20:00,1.7201,1.7201,1.7201,1.7201,1000,0
2016-05-02,22:00:00,1.74,1.75,1.66,1.66,1706,0
2016-05-03,20:00:00,1.838,1.838,1.838,1.838,100,0
2016-05-04,15:35:00,1.66,1.66,1.66,1.66,200,0
2016-05-04,15:40:00,1.66,1.66,1.66,1.66,100,0
2016-05-04,16:10:00,1.71,1.71,1.71,1.71,100,0
2016-05-04,17:30:00,1.786,1.786,1.786,1.786,1000,0
2016-05-04,20:00:00,1.66,1.66,1.66,1.66,100,0
2016-05-05,17:50:00,1.816,1.816,1.802,1.802,500,0
2016-05-05,18:15:00,1.8289,1.8289,1.8289,1.8289,100,0
2016-05-05,18:55:00,1.5501,1.5501,1.5501,1.5501,385,0
2016-05-05,19:35:00,1.8099,1.8099,1.8099,1.8099,500,0
2016-05-05,20:50:00,1.6903,1.6903,1.6903,1.6903,500,0
2016-05-06,16:00:00,1.8599,1.8599,1.8599,1.8599,1000,0
2016-05-06,17:00:00,1.5701,1.5701,1.5701,1.5701,100,0
2016-05-06,17:15:00,1.8,1.8,1.8,1.8,144,0
2016-05-10,17:25:00,1.782,1.782,1.782,1.782,100,0
2016-05-10,18:30:00,1.79,1.79,1.79,1.79,100,0
2016-05-11,20:15:00,1.781,1.781,1.781,1.781,100,0
2016-05-12,17:40:00,1.766,1.85,1.766,1.85,5093,0
2016-05-12,17:55:00,1.85,1.87,1.85,1.87,1130,0
2016-05-12,18:00:00,1.81,1.82,1.79,1.79,1000,0
2016-05-12,18:30:00,1.86,1.89,1.8415,1.89,5000,0
2016-05-13,17:35:00,1.606,1.61,1.397,1.4566,3432,0
2016-05-13,17:40:00,1.48,1.48,1.4502,1.48,1600,0
2016-05-13,18:20:00,1.55,1.5501,1.55,1.5501,4568,0
2016-05-13,19:00:00,1.65,1.65,1.64,1.649,400,0
2016-05-13,19:50:00,1.6499,1.65,1.6499,1.65,1600,0
2016-05-13,19:55:00,1.6701,1.6701,1.67,1.67,1800,0
2016-05-13,20:00:00,1.7,1.7,1.7,1.7,100,0
2016-05-13,20:15:00,1.7,1.7,1.7,1.7,500,0
2016-05-13,20:30:00,1.7,1.7,1.7,1.7,200,0
2016-05-13,21:30:00,1.6756,1.6756,1.67,1.67,1400,0
2016-05-13,21:50:00,1.68,1.68,1.68,1.68,100,0
2016-05-13,21:55:00,1.69,1.69,1.69,1.69,100,0
2016-05-13,22:00:00,1.67,1.6701,1.67,1.67,674,0
2016-05-16,17:00:00,1.4631,1.4631,1.4631,1.4631,250,0
2016-05-16,18:25:00,1.81,1.81,1.81,1.81,1082,0
2016-05-16,19:30:00,1.77,1.81,1.77,1.81,3576,0
2016-05-16,19:50:00,1.85,1.85,1.85,1.85,100,0
2016-05-16,22:00:00,1.85,1.85,1.85,1.85,100,0
2016-05-17,16:30:00,1.66,1.66,1.65,1.65,1500,0
2016-05-17,18:05:00,1.5966,1.5966,1.5966,1.5966,300,0
2016-05-17,18:50:00,1.68,1.68,1.68,1.68,100,0
2016-05-19,15:35:00,1.65,1.69,1.65,1.69,400,0
2016-05-19,16:10:00,1.55,1.55,1.55,1.55,100,0
2016-05-19,17:25:00,1.65,1.65,1.65,1.65,100,0
2016-05-19,21:50:00,1.59,1.59,1.59,1.59,100,0
2016-05-20,16:20:00,1.5499,1.5499,1.5499,1.5499,500,0
2016-05-20,16:40:00,1.45,1.5399,1.43,1.5399,3127,0
2016-05-20,18:10:00,1.33,1.34,1.25,1.25,2700,0
2016-05-20,19:25:00,1.34,1.34,1.34,1.34,500,0
2016-05-20,19:50:00,1.4199,1.4199,1.3633,1.3975,2700,0
2016-05-20,20:00:00,1.39,1.39,1.39,1.39,5000,0
2016-05-20,20:30:00,1.4,1.42,1.39,1.39,5901,0
2016-05-20,20:35:00,1.3901,1.3901,1.3901,1.3901,200,0
2016-05-20,20:45:00,1.41,1.43,1.41,1.43,6699,0
2016-05-20,20:55:00,1.43,1.43,1.43,1.43,100,0
2016-05-20,21:00:00,1.4301,1.4301,1.4301,1.4301,921,0
2016-05-20,21:25:00,1.43,1.43,1.43,1.43,200,0
2016-05-20,21:30:00,1.4497,1.4497,1.4497,1.4497,100,0
2016-05-23,15:35:00,1.49,1.6,1.49,1.4901,7989,0
2016-05-23,15:55:00,1.5,1.5065,1.49,1.49,20000,0
2016-05-23,16:00:00,1.4901,1.4901,1.3,1.32,10100,0
2016-05-23,16:05:00,1.31,1.31,1.31,1.31,6918,0
2016-05-23,16:20:00,1.3601,1.3601,1.36,1.36,200,0
2016-05-23,16:45:00,1.36,1.43,1.36,1.43,1100,0
2016-05-23,17:40:00,1.33,1.3704,1.32,1.33,2960,0
2016-05-23,20:00:00,1.3201,1.3201,1.3201,1.3201,233,0
2016-05-23,20:25:00,1.4,1.4,1.4,1.4,100,0
2016-05-23,20:40:00,1.3478,1.3478,1.3478,1.3478,200,0
2016-05-23,21:00:00,1.4,1.4,1.4,1.4,100,0
2016-05-24,16:15:00,1.3,1.3,1.28,1.28,8000,0
2016-05-24,16:45:00,1.22,1.22,1.22,1.22,100,0
2016-05-24,17:05:00,1.3,1.3,1.3,1.3,700,0
2016-05-24,17:15:00,1.3,1.3,1.3,1.3,59395,0
2016-05-24,17:20:00,1.364,1.364,1.364,1.364,250,0
2016-05-24,17:30:00,1.3,1.3792,1.3,1.3792,200,0
2016-05-24,17:45:00,1.39,1.39,1.38,1.39,700,0
2016-05-24,17:50:00,1.45,1.45,1.45,1.45,100,0
2016-05-24,18:45:00,1.35,1.39,1.27,1.27,1200,0
2016-05-24,19:25:00,1.4,1.4,1.4,1.4,100,0
2016-05-24,19:55:00,1.35,1.41,1.27,1.41,2600,0
2016-05-24,21:20:00,1.4,1.4,1.4,1.4,100,0
2016-05-24,21:40:00,1.3,1.3,1.3,1.3,1500,0
2016-05-24,21:45:00,1.352,1.352,1.352,1.352,200,0
2016-05-24,21:55:00,1.3,1.3,1.3,1.3,2300,0
2016-05-25,16:20:00,1.3,1.3,1.3,1.3,100,0
2016-05-25,17:25:00,1.363,1.39,1.23,1.3,9489,0
2016-05-25,17:40:00,1.38,1.38,1.3,1.3,7082,0
2016-05-25,17:45:00,1.3,1.3,1.3,1.3,2500,0
2016-05-25,19:00:00,1.3,1.3,1.3,1.3,5000,0
2016-05-25,20:05:00,1.3,1.3,1.3,1.3,220,0
2016-05-25,21:20:00,1.3,1.3,1.3,1.3,5500,0
2016-05-25,21:50:00,1.2658,1.2658,1.2101,1.2101,1800,0
2016-05-26,15:35:00,0.93,1.16,0.93,1.15,7700,0
2016-05-26,15:40:00,1.14,1.16,1.14,1.15,1100,0
2016-05-26,15:55:00,1.2,1.2,1.2,1.2,200,0
2016-05-26,18:10:00,1.2,1.2,1.17,1.17,600,0
2016-05-26,18:15:00,1.232,1.232,1.232,1.232,125,0
2016-05-26,20:25:00,1.1505,1.1505,1.15,1.15,900,0
2016-05-26,20:30:00,1.15,1.1501,1.15,1.1501,500,0
2016-05-26,20:50:00,1.11,1.11,1.11,1.11,300,0
2016-05-26,20:55:00,1.13,1.13,1.13,1.13,100,0
2016-05-26,21:05:00,1.1399,1.1399,1.1399,1.1399,250,0
2016-05-26,21:10:00,1.1399,1.1802,1.08,1.15,4818,0
2016-05-26,21:35:00,1.19,1.19,1.19,1.19,100,0
2016-05-26,21:40:00,1.1501,1.1501,1.15,1.15,1332,0
2016-05-26,21:55:00,1.2,1.23,1.15,1.15,9145,0
2016-05-26,22:00:00,1.23,1.28,1.23,1.28,1009,0
2016-05-27,17:45:00,1.29,1.3,1.28,1.29,10397,0
2016-05-27,18:05:00,1.2,1.21,1.2,1.2,300,0
2016-05-27,18:10:00,1.2,1.2,1.2,1.2,100,0
2016-05-27,18:15:00,1.23,1.23,1.2,1.23,900,0
2016-05-27,18:35:00,1.3,1.3,1.27,1.29,2532,0
2016-05-27,18:45:00,1.28,1.28,1.28,1.28,100,0
2016-05-27,19:00:00,1.27,1.29,1.27,1.29,400,0
2016-05-27,19:10:00,1.27,1.27,1.27,1.27,100,0
2016-05-27,19:25:00,1.28,1.28,1.28,1.28,100,0
2016-05-27,20:00:00,1.29,1.29,1.29,1.29,200,0
2016-05-27,20:05:00,1.27,1.27,1.27,1.27,200,0
2016-05-27,20:40:00,1.2786,1.2786,1.2786,1.2786,787,0
2016-05-31,15:55:00,1.21,1.21,1.21,1.21,100,0
2016-05-31,16:00:00,1.2,1.2,1.2,1.2,100,0
2016-05-31,16:05:00,1.34,1.34,1.34,1.34,100,0
2016-05-31,16:20:00,1.21,1.21,1.21,1.21,200,0
2016-05-31,16:35:00,1.21,1.21,1.21,1.21,200,0
2016-05-31,16:50:00,1.307,1.307,1.21,1.21,225,0
2016-05-31,16:55:00,1.21,1.21,1.21,1.21,100,0
2016-05-31,17:00:00,1.23,1.23,1.23,1.23,100,0
2016-05-31,17:35:00,1.27,1.27,1.27,1.27,200,0
2016-05-31,17:45:00,1.23,1.23,1.21,1.22,1100,0
2016-05-31,18:05:00,1.14,1.14,1.14,1.14,100,0
2016-05-31,18:20:00,1.14,1.14,1.14,1.14,2900,0
2016-05-31,18:25:00,1.13,1.1405,1.1201,1.123,3745,0
2016-05-31,18:45:00,1.14,1.14,1.14,1.14,100,0
2016-05-31,19:10:00,1.168,1.168,1.168,1.168,100,0
2016-05-31,19:15:00,1.192,1.192,1.192,1.192,300,0
2016-05-31,20:55:00,1.12,1.16,1.12,1.1551,2005,0
2016-05-31,21:05:00,1.16,1.1899,1.16,1.1725,2200,0
2016-05-31,21:20:00,1.14,1.14,1.14,1.14,100,0
2016-05-31,21:25:00,1.19,1.19,1.1899,1.1899,600,0
2016-06-01,15:45:00,1.1101,1.1101,1.1101,1.1101,500,0
2016-06-01,16:45:00,1.13,1.13,1.13,1.13,240,0
2016-06-01,16:55:00,1.1401,1.1401,1.1401,1.1401,300,0
2016-06-01,17:15:00,1.1772,1.1772,1.1772,1.1772,100,0
2016-06-01,22:00:00,1.14,1.16,1.14,1.16,300,0
2016-06-02,17:00:00,1.1965,1.1965,1.1965,1.1965,100,0
2016-06-02,17:15:00,1.2,1.2,1.2,1.2,100,0
2016-06-02,17:55:00,1.173,1.2,1.173,1.2,1100,0
2016-06-02,19:15:00,1.18,1.18,1.16,1.16,708,0
2016-06-02,22:00:00,1.21,1.21,1.21,1.21,100,0
2016-06-03,15:35:00,1.15,1.15,1.15,1.15,2700,0
2016-06-03,15:55:00,1.13,1.13,1.13,1.13,2000,0
2016-06-03,16:35:00,1.11,1.11,1.03,1.05,2109,0
2016-06-03,16:55:00,1.0601,1.0601,1.0601,1.0601,400,0
2016-06-03,18:35:00,1.13,1.13,1.13,1.13,1000,0
2016-06-03,19:05:00,1.1489,1.1489,1.1489,1.1489,100,0
2016-06-03,22:00:00,1.06,1.06,1.06,1.06,100,0
2016-06-06,16:30:00,1.21,1.21,1.21,1.21,100,0
2016-06-06,16:35:00,1.2,1.21,1.2,1.21,300,0
2016-06-06,16:40:00,1.21,1.21,1.145,1.145,200,0
2016-06-06,16:45:00,1.2,1.2,1.2,1.2,200,0
2016-06-06,16:50:00,1.2,1.2,1.2,1.2,200,0
2016-06-06,17:25:00,1.2,1.2,1.2,1.2,100,0
2016-06-06,17:35:00,1.2,1.21,1.2,1.21,200,0
2016-06-06,17:40:00,1.21,1.21,1.21,1.21,100,0
2016-06-06,17:50:00,1.2102,1.2102,1.2102,1.2102,300,0
2016-06-06,17:55:00,1.2102,1.2102,1.2102,1.2102,100,0
2016-06-06,18:00:00,1.22,1.22,1.22,1.22,200,0
2016-06-06,18:05:00,1.22,1.22,1.22,1.22,300,0
2016-06-06,18:10:00,1.22,1.22,1.22,1.22,200,0
2016-06-06,18:15:00,1.22,1.22,1.22,1.22,300,0
2016-06-06,18:20:00,1.22,1.22,1.22,1.22,200,0
2016-06-06,18:25:00,1.22,1.22,1.22,1.22,200,0
2016-06-06,18:30:00,1.22,1.22,1.22,1.22,300,0
2016-06-06,18:35:00,1.22,1.22,1.22,1.22,200,0
2016-06-06,18:40:00,1.22,1.22,1.22,1.22,200,0
2016-06-06,18:45:00,1.22,1.22,1.22,1.22,300,0
2016-06-06,18:50:00,1.22,1.22,1.22,1.22,200,0
2016-06-06,18:55:00,1.22,1.22,1.22,1.22,200,0
2016-06-06,19:00:00,1.22,1.22,1.22,1.22,520,0
2016-06-06,19:05:00,1.22,1.22,1.22,1.22,200,0
2016-06-06,19:10:00,1.22,1.22,1.2102,1.2102,200,0
2016-06-06,19:15:00,1.22,1.22,1.22,1.22,300,0
2016-06-06,19:20:00,1.22,1.22,1.22,1.22,200,0
2016-06-06,19:55:00,1.23,1.23,1.23,1.23,100,0
2016-06-06,21:15:00,1.24,1.24,1.24,1.24,100,0
2016-06-06,21:20:00,1.23,1.23,1.23,1.23,600,0
2016-06-06,21:35:00,1.23,1.23,1.23,1.23,200,0
2016-06-06,21:40:00,1.23,1.2316,1.23,1.23,300,0
2016-06-06,21:45:00,1.23,1.23,1.23,1.23,200,0
2016-06-06,21:50:00,1.24,1.24,1.23,1.23,4400,0
2016-06-06,21:55:00,1.23,1.2338,1.1056,1.1056,6184,0
2016-06-06,22:00:00,1.1056,1.21,1.1056,1.21,300,0
2016-06-07,15:35:00,1.2109,1.2279,1.2109,1.2279,1339,0
2016-06-07,15:45:00,1.21,1.21,1.21,1.21,100,0
2016-06-07,15:55:00,1.2,1.2,1.2,1.2,366,0
2016-06-07,16:00:00,1.224,1.25,1.22,1.23,8991,0
2016-06-07,16:05:00,1.25,1.2511,1.25,1.25,2509,0
2016-06-07,17:30:00,1.243,1.27,1.24,1.2684,10422,0
2016-06-07,17:35:00,1.26,1.26,1.26,1.26,200,0
2016-06-08,15:35:00,1.26,1.26,1.26,1.26,510,0
2016-06-08,22:00:00,1.26,1.28,1.08,1.08,300,0
2016-06-09,15:35:00,1.19,1.19,1.19,1.19,800,0
2016-06-09,16:25:00,1.21,1.21,1.2,1.2,1000,0
2016-06-09,16:35:00,1.2,1.24,1.2,1.24,1700,0
2016-06-09,16:45:00,1.2,1.2,1.2,1.2,500,0
2016-06-09,16:55:00,1.2,1.2,1.2,1.2,700,0
2016-06-09,17:05:00,1.2,1.2,1.2,1.2,1500,0
2016-06-09,17:15:00,1.2,1.2,1.11,1.11,1400,0
2016-06-09,18:25:00,1.24,1.24,1.11,1.199,6614,0
2016-06-09,18:35:00,1.24,1.24,1.24,1.24,100,0
2016-06-09,18:55:00,1.2399,1.2399,1.2399,1.2399,2000,0
2016-06-09,20:30:00,1.23,1.23,1.23,1.23,200,0
2016-06-09,20:35:00,1.1355,1.1355,1.1355,1.1355,1239,0
2016-06-09,21:40:00,1.11,1.2,1.11,1.2,300,0
2016-06-09,22:00:00,1.2,1.2,1.2,1.2,700,0
2016-06-10,16:00:00,1.28,1.28,1.28,1.28,300,0
2016-06-10,18:20:00,1.15,1.16,1.15,1.16,2100,0
2016-06-10,20:55:00,1.31,1.31,1.31,1.31,100,0
2016-06-10,21:35:00,1.25,1.25,1.25,1.25,1000,0
2016-06-10,21:45:00,1.1605,1.18,1.16,1.18,2200,0
2016-06-10,22:00:00,1.29,1.29,1.26,1.26,300,0
2016-06-13,15:35:00,1.25,1.25,1.25,1.25,200,0
2016-06-13,18:45:00,1.1799,1.1799,1.1799,1.1799,400,0
2016-06-13,18:50:00,1.12,1.12,1.12,1.12,100,0
2016-06-13,19:55:00,1.12,1.15,1.12,1.15,400,0
2016-06-13,20:15:00,1.2,1.2,1.2,1.2,100,0
2016-06-13,20:40:00,1.13,1.13,1.13,1.13,100,0
2016-06-13,20:50:00,1.19,1.19,1.12,1.12,200,0
2016-06-13,21:05:00,1.12,1.12,1.12,1.12,100,0
2016-06-14,16:00:00,1.2,1.2,1.2,1.2,200,0
2016-06-14,16:30:00,1.1828,1.1828,1.1828,1.1828,500,0
2016-06-14,16:55:00,1.165,1.19,1.165,1.19,300,0
2016-06-14,18:40:00,1.19,1.19,1.19,1.19,200,0
2016-06-14,19:25:00,1.2,1.2,1.2,1.2,400,0
2016-06-14,19:30:00,1.1901,1.1901,1.1901,1.1901,300,0
2016-06-14,19:45:00,1.19,1.2,1.19,1.2,500,0
2016-06-14,20:10:00,1.2,1.2,1.2,1.2,400,0
2016-06-14,20:15:00,1.1999,1.2,1.1999,1.1999,500,0
2016-06-14,20:20:00,1.1999,1.1999,1.1999,1.1999,200,0
2016-06-14,20:35:00,1.2,1.2,1.2,1.2,700,0
2016-06-14,20:40:00,1.2,1.2,1.2,1.2,100,0
2016-06-14,20:45:00,1.1999,1.1999,1.1999,1.1999,200,0
2016-06-14,20:50:00,1.2,1.2,1.2,1.2,500,0
2016-06-14,21:05:00,1.2,1.2,1.2,1.2,300,0
2016-06-14,21:20:00,1.1999,1.1999,1.1999,1.1999,200,0
2016-06-14,21:30:00,1.2,1.2,1.2,1.2,100,0
2016-06-14,21:55:00,1.1999,1.1999,1.1999,1.1999,300,0
2016-06-14,22:00:00,1.13,1.13,1.13,1.13,100,0
2016-06-15,15:35:00,1.15,1.15,1.15,1.15,100,0
2016-06-15,15:45:00,1.23,1.23,1.23,1.23,2600,0
2016-06-15,15:50:00,1.25,1.25,1.25,1.25,200,0
2016-06-15,16:25:00,1.26,1.26,1.26,1.26,300,0
2016-06-15,16:45:00,1.262,1.262,1.25,1.25,2840,0
2016-06-15,17:10:00,1.25,1.25,1.23,1.23,400,0
2016-06-15,17:15:00,1.23,1.25,1.23,1.25,300,0
2016-06-15,17:20:00,1.25,1.25,1.25,1.25,600,0
2016-06-15,17:30:00,1.25,1.25,1.25,1.25,400,0
2016-06-15,17:35:00,1.25,1.25,1.25,1.25,200,0
2016-06-15,17:40:00,1.24,1.24,1.24,1.24,1000,0
2016-06-15,17:45:00,1.22,1.24,1.22,1.24,500,0
2016-06-15,17:50:00,1.24,1.24,1.24,1.24,700,0
2016-06-15,17:55:00,1.24,1.24,1.24,1.24,400,0
2016-06-15,18:00:00,1.24,1.24,1.24,1.24,500,0
2016-06-15,18:10:00,1.23,1.24,1.22,1.24,1100,0
2016-06-15,18:15:00,1.23,1.23,1.23,1.23,500,0
2016-06-15,18:25:00,1.2,1.2,1.2,1.2,400,0
2016-06-15,18:40:00,1.32,1.32,1.32,1.32,100,0
2016-06-15,18:45:00,1.25,1.25,1.2,1.2,400,0
2016-06-15,18:50:00,1.21,1.21,1.2,1.2,500,0
2016-06-15,19:55:00,1.13,1.13,1.13,1.13,200,0
2016-06-15,20:20:00,1.155,1.155,1.155,1.155,100,0
2016-06-15,21:40:00,1.15,1.15,1.15,1.15,100,0
2016-06-15,22:00:00,1.16,1.16,1.16,1.16,100,0
2016-06-16,16:10:00,1.21,1.21,1.21,1.21,100,0
2016-06-16,18:30:00,1.12,1.12,1.12,1.12,136,0
2016-06-16,18:40:00,1.2,1.2,1.2,1.2,100,0
2016-06-16,19:25:00,1.13,1.13,1.13,1.13,100,0
2016-06-16,19:55:00,1.13,1.13,1.13,1.13,100,0
2016-06-16,20:15:00,1.13,1.13,1.13,1.13,300,0
2016-06-17,16:30:00,1.3,1.3,1.2967,1.2967,200,0
2016-06-17,19:00:00,1.14,1.14,0.972,0.972,1998,0
2016-06-17,19:50:00,1.07,1.07,1.07,1.07,100,0
2016-06-17,22:00:00,1.06,1.06,0.9701,0.9701,1774,0
2016-06-20,16:30:00,1.135,1.135,1.135,1.135,100,0
2016-06-20,20:30:00,1.1,1.1421,1.07,1.07,2978,0
2016-06-20,22:00:00,1.05,1.05,1.05,1.05,200,0
2016-06-21,15:35:00,1.06,1.06,1.06,1.06,300,0
2016-06-21,17:10:00,1.253,1.253,1.253,1.253,100,0
2016-06-21,17:25:00,1.21,1.2499,1.15,1.15,6100,0
2016-06-21,17:30:00,1.11,1.11,1.11,1.11,100,0
2016-06-21,17:40:00,1.2025,1.2025,1.2025,1.2025,200,0
2016-06-21,18:15:00,1.2307,1.24,1.23,1.23,700,0
2016-06-21,18:30:00,1.165,1.165,1.165,1.165,307,0
2016-06-21,18:40:00,1.1696,1.1696,1.1696,1.1696,104,0
2016-06-21,18:45:00,1.15,1.15,1.15,1.15,100,0
2016-06-21,18:50:00,1.23,1.23,1.23,1.23,100,0
2016-06-21,19:00:00,1.15,1.15,1.15,1.15,570,0
2016-06-21,19:10:00,1.15,1.15,1.15,1.15,400,0
2016-06-21,19:20:00,1.15,1.15,1.15,1.15,400,0
2016-06-21,19:25:00,1.15,1.22,1.15,1.22,500,0
2016-06-21,20:25:00,1.23,1.23,1.23,1.23,100,0
2016-06-21,20:30:00,1.23,1.23,1.23,1.23,100,0
2016-06-21,20:45:00,1.215,1.215,1.215,1.215,100,0
2016-06-21,20:50:00,1.15,1.15,1.15,1.15,200,0
2016-06-21,21:50:00,1.16,1.17,1.16,1.17,2500,0
2016-06-21,21:55:00,1.17,1.17,1.17,1.17,1200,0
2016-06-21,22:00:00,1.11,1.11,1.11,1.11,100,0
2016-06-23,18:05:00,1.02,1.02,1.02,1.02,500,0
2016-06-23,18:25:00,1.14,1.14,1.01,1.01,300,0
2016-06-23,18:40:00,1.2,1.2,1.2,1.2,100,0
2016-06-23,19:10:00,1.09,1.09,1.09,1.09,400,0
2016-06-23,19:15:00,1.07,1.07,1.07,1.07,113,0
2016-06-23,19:20:00,1.07,1.07,1.07,1.07,787,0
2016-06-23,19:50:00,1.06,1.06,1.06,1.06,1012,0
2016-06-23,20:10:00,1.1014,1.1014,1.1014,1.1014,200,0
2016-06-23,20:20:00,1.13,1.1395,1.13,1.1395,200,0
2016-06-24,15:35:00,1.15,1.15,1.15,1.15,300,0
2016-06-24,16:05:00,1.04,1.1,1.04,1.06,532,0
2016-06-24,16:20:00,1.0511,1.0511,1.0511,1.0511,100,0
2016-06-24,16:50:00,1.1,1.1,1.1,1.1,100,0
2016-06-24,17:25:00,1.1011,1.1011,1.1011,1.1011,100,0
2016-06-24,17:45:00,1.16,1.1695,1.16,1.1695,200,0
2016-06-24,18:00:00,1.11,1.11,1.1,1.1,200,0
2016-06-24,19:30:00,1.111,1.111,1.111,1.111,100,0
2016-06-24,20:20:00,1.1658,1.1658,1.1658,1.1658,100,0
2016-06-24,20:55:00,1.15,1.15,1.15,1.15,800,0
2016-06-24,21:00:00,1.15,1.15,1.15,1.15,400,0
2016-06-24,21:05:00,1.15,1.15,1.15,1.15,400,0
2016-06-24,21:10:00,1.15,1.15,1.15,1.15,2400,0
2016-06-24,21:15:00,1.15,1.15,1.15,1.15,400,0
2016-06-24,21:20:00,1.15,1.15,1.15,1.15,600,0
2016-06-24,21:25:00,1.15,1.15,1.15,1.15,800,0
2016-06-24,21:30:00,1.15,1.15,1.15,1.15,500,0
2016-06-24,21:35:00,1.15,1.15,1.15,1.15,400,0
2016-06-24,21:40:00,1.15,1.15,1.15,1.15,900,0
2016-06-24,21:45:00,1.15,1.15,1.15,1.15,800,0
2016-06-24,21:50:00,1.15,1.15,1.15,1.15,600,0
2016-06-24,21:55:00,1.16,1.16,1.15,1.15,5500,0
2016-06-24,22:00:00,1.16,1.16,1.12,1.12,6356,0
2016-06-27,15:35:00,1.15,1.19,1.15,1.19,256,0
2016-06-27,15:45:00,1.1999,1.1999,1.1999,1.1999,100,0
2016-06-27,17:20:00,1.16,1.1999,1.16,1.1999,200,0
2016-06-27,17:45:00,1.16,1.16,1.16,1.16,100,0
2016-06-27,18:30:00,1.17,1.17,1.17,1.17,100,0
2016-06-27,20:40:00,1.18,1.18,1.18,1.18,100,0
2016-06-27,20:50:00,1.1652,1.1652,1.15,1.15,3200,0
2016-06-27,21:20:00,1.2,1.2,1.2,1.2,100,0
2016-06-28,17:30:00,1.1575,1.19,1.15,1.19,8300,0
2016-06-29,15:55:00,1.1602,1.1872,1.1602,1.1872,265,0
2016-06-29,17:50:00,1.16,1.1601,1.15,1.15,16800,0
2016-06-29,19:30:00,1.15,1.15,1.15,1.15,9996,0
2016-06-29,22:00:00,1.08,1.1151,1.06,1.1151,3700,0
2016-06-30,17:05:00,1.13,1.15,1.13,1.15,200,0
2016-06-30,17:50:00,1.11,1.11,1.11,1.11,200,0
2016-06-30,18:30:00,1.14,1.14,1.09,1.09,200,0
2016-06-30,18:50:00,1.07,1.07,1.01,1.05,16267,0
2016-06-30,18:55:00,1.01,1.01,1.01,1.01,100,0
2016-06-30,19:35:00,1.0802,1.0802,1.0802,1.0802,100,0
2016-06-30,19:45:00,1.1,1.1,1.1,1.1,100,0
2016-06-30,21:45:00,1.03,1.03,1.03,1.03,500,0
2016-06-30,21:50:00,1.01,1.01,1,1,603,0
2016-07-01,15:35:00,1.08,1.08,1.08,1.08,670,0
2016-07-01,16:20:00,1.0899,1.0899,1.07,1.089,400,0
2016-07-01,16:35:00,1.055,1.055,1.055,1.055,100,0
2016-07-01,17:05:00,1.04,1.04,1.03,1.03,950,0
2016-07-01,17:15:00,1.03,1.04,1.01,1.04,10676,0
2016-07-01,17:25:00,1,1.01,0.98,0.98,13686,0
2016-07-01,17:45:00,0.98,0.98,0.9523,0.9523,1100,0
2016-07-01,18:55:00,0.95,0.95,0.95,0.95,969,0
2016-07-01,19:05:00,0.9799,0.9799,0.9799,0.9799,100,0
2016-07-01,19:15:00,0.9758,0.9758,0.95,0.95,1200,0
2016-07-01,19:25:00,1.03,1.03,1.03,1.03,100,0
2016-07-01,20:10:00,1.08,1.08,1.08,1.08,100,0
