Date,Time,Open,High,Low,Close,Volume,OpenInt
2016-06-02,15:35:00,16.36,16.36,16.36,16.36,769,0
2016-06-02,16:05:00,16.36,16.36,16.27,16.27,700,0
2016-06-02,16:10:00,16.27,16.49,16.24,16.49,1600,0
2016-06-02,16:15:00,16.5,16.5,16.43,16.43,1726,0
2016-06-02,16:40:00,16.35,16.37,16.2215,16.2611,5593,0
2016-06-02,16:45:00,16.26,16.326,16.26,16.326,850,0
2016-06-02,16:50:00,16.2262,16.24,16.2262,16.24,4100,0
2016-06-02,17:10:00,16.35,16.41,16.35,16.41,200,0
2016-06-02,17:15:00,16.4,16.4,16.4,16.4,100,0
2016-06-02,17:35:00,16.42,16.42,16.42,16.42,100,0
2016-06-02,17:45:00,16.26,16.33,16.26,16.33,200,0
2016-06-02,17:55:00,16.33,16.33,16.26,16.26,200,0
2016-06-02,18:00:00,16.33,16.33,16.33,16.33,100,0
2016-06-02,18:10:00,16.33,16.33,16.33,16.33,100,0
2016-06-02,18:20:00,16.25,16.25,16.25,16.25,100,0
2016-06-02,18:40:00,16.23,16.27,16.23,16.27,7100,0
2016-06-02,18:45:00,16.26,16.26,16.26,16.26,300,0
2016-06-02,18:50:00,16.2655,16.2655,16.2655,16.2655,1000,0
2016-06-02,19:00:00,16.26,16.26,16.26,16.26,300,0
2016-06-02,19:10:00,16.2392,16.2392,16.2392,16.2392,123,0
2016-06-02,19:15:00,16.23,16.23,16.23,16.23,100,0
2016-06-02,19:30:00,16.232,16.232,16.232,16.232,500,0
2016-06-02,19:40:00,16.232,16.24,16.22,16.22,783,0
2016-06-02,19:45:00,16.26,16.26,16.26,16.26,200,0
2016-06-02,19:50:00,16.235,16.26,16.235,16.2475,600,0
2016-06-02,19:55:00,16.235,16.26,16.15,16.18,5700,0
2016-06-02,20:05:00,16.18,16.1999,16.04,16.091,3271,0
2016-06-02,20:10:00,16.113,16.113,16.113,16.113,500,0
2016-06-02,20:15:00,16.18,16.18,16.09,16.09,600,0
2016-06-02,20:20:00,16.1,16.1,16.029,16.029,2515,0
2016-06-02,20:25:00,16.035,16.1399,15.95,16.1399,2316,0
2016-06-02,20:30:00,16.06,16.06,16.06,16.06,200,0
2016-06-02,20:35:00,16.053,16.13,16.053,16.13,2056,0
2016-06-02,20:40:00,16.14,16.14,16.14,16.14,200,0
2016-06-02,20:45:00,16.06,16.06,16.06,16.06,100,0
2016-06-02,20:55:00,16.06,16.06,16.04,16.04,400,0
2016-06-02,21:00:00,16.06,16.06,16,16,1200,0
2016-06-02,21:05:00,16.03,16.03,16.0015,16.0015,200,0
2016-06-02,21:30:00,16.03,16.08,16.03,16.08,700,0
2016-06-02,21:35:00,16.1,16.1,16.1,16.1,300,0
2016-06-02,21:40:00,16.2,16.2,16.2,16.2,100,0
2016-06-02,21:45:00,16.15,16.1864,16.15,16.1864,200,0
2016-06-02,21:50:00,16.23,16.23,16.23,16.23,100,0
2016-06-02,21:55:00,16.213,16.289,16.213,16.289,1107,0
2016-06-02,22:00:00,16.25,16.26,16.22,16.22,1510,0
2016-06-03,15:35:00,16.33,16.33,16.33,16.33,100,0
2016-06-03,15:45:00,16.27,16.27,16.26,16.26,200,0
2016-06-03,15:50:00,16.2,16.2,16.2,16.2,1789,0
2016-06-03,16:00:00,16.33,16.33,16.33,16.33,100,0
2016-06-03,16:35:00,16.06,16.06,16.036,16.036,858,0
2016-06-03,16:40:00,16.14,16.14,16.14,16.14,100,0
2016-06-03,16:50:00,16.1,16.1,16.1,16.1,100,0
2016-06-03,16:55:00,16.128,16.128,16.128,16.128,500,0
2016-06-03,17:15:00,16.17,16.17,16.17,16.17,100,0
2016-06-03,17:25:00,16.16,16.16,16.16,16.16,100,0
2016-06-03,17:30:00,16.15,16.15,16.15,16.15,200,0
2016-06-03,18:00:00,16.15,16.15,16.15,16.15,200,0
2016-06-03,18:05:00,16.14,16.15,16.14,16.15,800,0
2016-06-03,18:10:00,16.13,16.13,16.11,16.11,600,0
2016-06-03,18:35:00,16.12,16.12,16.12,16.12,200,0
2016-06-03,18:40:00,16.1199,16.12,16.1199,16.12,1200,0
2016-06-03,18:55:00,16.13,16.13,16.13,16.13,100,0
2016-06-03,19:00:00,16.0558,16.1,16.0558,16.1,300,0
2016-06-03,19:10:00,16.07,16.07,16.07,16.07,180,0
2016-06-03,19:20:00,16.1,16.16,16.1,16.16,200,0
2016-06-03,19:30:00,16.11,16.11,16.11,16.11,100,0
2016-06-03,20:05:00,16.19,16.19,16.19,16.19,100,0
2016-06-03,20:15:00,16.15,16.27,16.15,16.22,1800,0
2016-06-03,20:20:00,16.28,16.45,16.21,16.33,5400,0
2016-06-03,20:25:00,16.26,16.43,16.26,16.35,6400,0
2016-06-03,20:30:00,16.27,16.27,16.27,16.27,300,0
2016-06-03,20:35:00,16.29,16.29,16.2801,16.2801,200,0
2016-06-03,20:40:00,16.32,16.32,16.32,16.32,100,0
2016-06-03,20:45:00,16.32,16.4435,16.32,16.3401,1255,0
2016-06-03,20:50:00,16.32,16.32,16.32,16.32,100,0
2016-06-03,20:55:00,16.58,16.58,16.35,16.35,200,0
2016-06-03,21:00:00,16.2,16.2,16.2,16.2,200,0
2016-06-03,21:10:00,16.26,16.26,16.2575,16.26,400,0
2016-06-03,21:25:00,16.38,16.38,16.38,16.38,100,0
2016-06-03,21:30:00,16.38,16.38,16.314,16.36,800,0
2016-06-03,21:35:00,16.32,16.32,16.32,16.32,200,0
2016-06-03,21:40:00,16.33,16.33,16.2701,16.28,1300,0
2016-06-03,21:45:00,16.32,16.32,16.32,16.32,100,0
2016-06-03,21:50:00,16.38,16.38,16.38,16.38,200,0
2016-06-03,21:55:00,16.38,16.38,16.372,16.38,1600,0
2016-06-03,22:00:00,16.38,16.38,16.26,16.26,1686,0
2016-06-06,15:35:00,16.11,16.187,16.11,16.187,3047,0
2016-06-06,15:40:00,16.4074,16.4074,16.3344,16.3344,530,0
2016-06-06,15:45:00,16.26,16.26,16.11,16.11,200,0
2016-06-06,15:50:00,16.24,16.24,16.1101,16.1101,500,0
2016-06-06,15:55:00,16.33,16.33,16.33,16.33,100,0
2016-06-06,16:15:00,16.19,16.25,16.19,16.25,200,0
2016-06-06,16:20:00,16.12,16.33,16.12,16.33,3616,0
2016-06-06,16:25:00,16.37,16.51,16.37,16.5,4100,0
2016-06-06,16:35:00,16.22,16.22,16.22,16.22,100,0
2016-06-06,16:40:00,16.3,16.35,16.3,16.33,2770,0
2016-06-06,16:45:00,16.32,16.32,16.32,16.32,100,0
2016-06-06,16:55:00,16.28,16.28,16.28,16.28,300,0
2016-06-06,17:15:00,16.32,16.41,16.32,16.41,200,0
2016-06-06,17:20:00,16.4299,16.4299,16.4299,16.4299,1000,0
2016-06-06,17:25:00,16.34,16.34,16.34,16.34,100,0
2016-06-06,17:30:00,16.37,16.37,16.37,16.37,100,0
2016-06-06,17:35:00,16.4308,16.4308,16.4308,16.4308,300,0
2016-06-06,17:40:00,16.49,16.49,16.476,16.476,1100,0
2016-06-06,17:45:00,16.47,16.51,16.47,16.51,300,0
2016-06-06,18:05:00,16.5,16.51,16.3601,16.43,3299,0
2016-06-06,18:15:00,16.37,16.39,16.37,16.39,200,0
2016-06-06,18:20:00,16.38,16.38,16.33,16.33,200,0
2016-06-06,18:35:00,16.33,16.33,16.31,16.31,480,0
2016-06-06,18:45:00,16.3576,16.3576,16.3576,16.3576,300,0
2016-06-06,19:10:00,16.34,16.34,16.335,16.335,200,0
2016-06-06,19:25:00,16.35,16.35,16.35,16.35,500,0
2016-06-06,19:35:00,16.38,16.48,16.35,16.3924,1100,0
2016-06-06,19:45:00,16.5,16.5,16.5,16.5,100,0
2016-06-06,19:50:00,16.42,16.5,16.42,16.5,2100,0
2016-06-06,19:55:00,16.43,16.43,16.43,16.43,100,0
2016-06-06,20:00:00,16.42,16.42,16.32,16.34,2200,0
2016-06-06,20:25:00,16.38,16.38,16.38,16.38,100,0
2016-06-06,20:40:00,16.39,16.39,16.39,16.39,200,0
2016-06-06,20:45:00,16.394,16.394,16.394,16.394,460,0
2016-06-06,20:50:00,16.38,16.38,16.38,16.38,100,0
2016-06-06,21:00:00,16.44,16.45,16.44,16.45,700,0
2016-06-06,21:05:00,16.5,16.5,16.442,16.45,950,0
2016-06-06,21:20:00,16.45,16.45,16.45,16.45,100,0
2016-06-06,21:30:00,16.42,16.435,16.33,16.37,1200,0
2016-06-06,21:35:00,16.35,16.35,16.24,16.24,500,0
2016-06-06,21:40:00,16.34,16.34,16.32,16.32,200,0
2016-06-06,21:45:00,16.38,16.38,16.38,16.38,300,0
2016-06-06,21:50:00,16.42,16.42,16.42,16.42,100,0
2016-06-06,21:55:00,16.42,16.43,16.398,16.43,1200,0
2016-06-06,22:00:00,16.41,16.41,16.3,16.32,1712,0
2016-06-07,15:35:00,16.3066,16.41,16.3066,16.41,900,0
2016-06-07,15:45:00,16.45,16.45,16.25,16.3,500,0
2016-06-07,15:50:00,16.32,16.38,16.25,16.35,970,0
2016-06-07,16:00:00,16.2,16.285,16.12,16.17,700,0
2016-06-07,16:10:00,16.255,16.255,16.255,16.255,500,0
2016-06-07,16:15:00,16.24,16.24,16.24,16.24,300,0
2016-06-07,16:20:00,16.28,16.28,16.28,16.28,100,0
2016-06-07,16:30:00,16.3,16.3,16.2859,16.2859,300,0
2016-06-07,16:35:00,16.3,16.3,16.3,16.3,100,0
2016-06-07,16:55:00,16.273,16.45,16.273,16.33,1100,0
2016-06-07,17:00:00,16.26,16.43,16.24,16.43,2500,0
2016-06-07,17:05:00,16.42,16.5,16.37,16.49,7307,0
2016-06-07,17:10:00,16.51,16.51,16.41,16.48,5300,0
2016-06-07,17:15:00,16.38,16.38,16.34,16.35,4200,0
2016-06-07,17:20:00,16.38,16.4,16.38,16.4,300,0
2016-06-07,17:25:00,16.41,16.42,16.41,16.42,200,0
2016-06-07,17:40:00,16.42,16.42,16.42,16.42,100,0
2016-06-07,17:45:00,16.41,16.41,16.41,16.41,100,0
2016-06-07,17:50:00,16.37,16.37,16.37,16.37,100,0
2016-06-07,18:00:00,16.44,16.44,16.44,16.44,100,0
2016-06-07,18:50:00,16.48,16.63,16.48,16.63,1700,0
2016-06-07,18:55:00,16.56,16.6999,16.56,16.6999,1020,0
2016-06-07,19:00:00,16.7,16.96,16.7,16.86,1260,0
2016-06-07,19:05:00,16.85,16.85,16.8001,16.8001,300,0
2016-06-07,19:15:00,16.807,16.807,16.807,16.807,200,0
2016-06-07,19:20:00,16.83,16.85,16.811,16.85,400,0
2016-06-07,19:25:00,16.748,16.83,16.748,16.818,1200,0
2016-06-07,19:30:00,16.85,16.85,16.85,16.85,100,0
2016-06-07,19:35:00,16.8557,16.8595,16.84,16.84,500,0
2016-06-07,19:40:00,16.89,16.89,16.89,16.89,200,0
2016-06-07,19:45:00,16.851,16.851,16.851,16.851,500,0
2016-06-07,19:50:00,16.858,16.9,16.858,16.9,600,0
2016-06-07,19:55:00,16.89,16.9,16.89,16.9,500,0
2016-06-07,20:00:00,16.9,16.98,16.9,16.98,700,0
2016-06-07,20:05:00,16.9709,16.9709,16.9709,16.9709,600,0
2016-06-07,20:15:00,16.9003,16.9003,16.9003,16.9003,300,0
2016-06-07,20:35:00,16.95,16.95,16.8401,16.86,3097,0
2016-06-07,20:40:00,16.9069,16.9069,16.9069,16.9069,300,0
2016-06-07,20:45:00,16.9095,16.9095,16.9095,16.9095,129,0
2016-06-07,20:50:00,16.9423,16.9423,16.86,16.86,453,0
2016-06-07,20:55:00,16.8809,16.8809,16.8809,16.8809,200,0
2016-06-07,21:00:00,16.95,16.95,16.95,16.95,100,0
2016-06-07,21:05:00,16.9423,16.9423,16.94,16.9423,1000,0
2016-06-07,21:10:00,16.8715,16.88,16.8715,16.88,3300,0
2016-06-07,21:15:00,16.9237,16.9237,16.83,16.83,1000,0
2016-06-07,21:20:00,16.83,16.83,16.83,16.83,670,0
2016-06-07,21:25:00,16.83,16.83,16.718,16.74,4808,0
2016-06-07,21:30:00,16.73,16.73,16.73,16.73,200,0
2016-06-07,21:35:00,16.86,16.86,16.86,16.86,100,0
2016-06-07,21:40:00,16.87,16.87,16.712,16.74,900,0
2016-06-07,21:50:00,16.758,16.758,16.681,16.681,900,0
2016-06-07,21:55:00,16.73,16.79,16.73,16.79,200,0
2016-06-07,22:00:00,16.8,16.8,16.71,16.72,887,0
2016-06-08,15:45:00,16.82,16.82,16.77,16.77,200,0
2016-06-08,15:50:00,16.92,16.92,16.92,16.92,100,0
2016-06-08,15:55:00,16.8,16.81,16.788,16.81,3400,0
2016-06-08,16:00:00,16.76,16.76,16.76,16.76,100,0
2016-06-08,16:15:00,16.7472,16.771,16.7472,16.771,500,0
2016-06-08,16:30:00,16.71,16.71,16.62,16.62,300,0
2016-06-08,16:35:00,16.67,16.6799,16.67,16.6799,456,0
2016-06-08,16:40:00,16.66,16.66,16.63,16.63,600,0
2016-06-08,16:45:00,16.6482,16.6482,16.6482,16.6482,200,0
2016-06-08,16:50:00,16.56,16.65,16.48,16.6,2164,0
2016-06-08,16:55:00,16.46,16.73,16.46,16.69,2600,0
2016-06-08,17:00:00,16.69,16.85,16.68,16.8,3500,0
2016-06-08,17:05:00,16.7,16.8,16.61,16.8,6000,0
2016-06-08,17:10:00,16.686,16.686,16.686,16.686,300,0
2016-06-08,17:30:00,16.7,16.7,16.7,16.7,100,0
2016-06-08,17:35:00,16.78,16.78,16.78,16.78,100,0
2016-06-08,17:40:00,16.73,16.73,16.73,16.73,100,0
2016-06-08,17:45:00,16.73,16.73,16.73,16.73,100,0
2016-06-08,18:10:00,16.5712,16.63,16.5712,16.63,1600,0
2016-06-08,18:15:00,16.86,16.86,16.86,16.86,100,0
2016-06-08,18:20:00,16.92,16.92,16.61,16.664,1400,0
2016-06-08,18:55:00,16.82,16.82,16.82,16.82,100,0
2016-06-08,19:10:00,16.82,16.82,16.82,16.82,100,0
2016-06-08,19:25:00,16.81,16.93,16.7337,16.89,10476,0
2016-06-08,19:30:00,16.9,16.93,16.8944,16.93,1800,0
2016-06-08,19:35:00,16.9751,17.06,16.9751,17.01,3878,0
2016-06-08,19:40:00,17.096,17.096,16.9801,17,1500,0
2016-06-08,19:45:00,16.9801,16.9801,16.98,16.98,265,0
2016-06-08,20:40:00,16.96,16.96,16.96,16.96,100,0
2016-06-08,21:10:00,16.86,16.86,16.86,16.86,100,0
2016-06-08,21:50:00,16.91,16.92,16.87,16.89,800,0
2016-06-08,21:55:00,16.98,16.98,16.96,16.96,200,0
2016-06-08,22:00:00,16.92,16.97,16.86,16.97,443,0
2016-06-09,15:35:00,17,17,16.98,16.98,1417,0
2016-06-09,15:40:00,16.96,16.96,16.86,16.87,631,0
2016-06-09,16:15:00,16.79,16.79,16.78,16.79,300,0
2016-06-09,16:35:00,16.75,16.88,16.75,16.88,300,0
2016-06-09,17:10:00,16.79,16.79,16.79,16.79,100,0
2016-06-09,17:35:00,16.75,16.79,16.75,16.79,1156,0
2016-06-09,17:45:00,16.69,16.7,16.69,16.7,500,0
2016-06-09,17:50:00,16.78,16.98,16.78,16.98,400,0
2016-06-09,18:10:00,16.87,16.98,16.8,16.9154,3500,0
2016-06-09,18:15:00,16.9168,17.29,16.9168,17,10496,0
2016-06-09,18:20:00,17.074,17.074,17.01,17.01,500,0
2016-06-09,18:25:00,17.018,17.018,16.992,16.992,600,0
2016-06-09,18:30:00,16.9948,16.9948,16.95,16.95,237,0
2016-06-09,18:35:00,16.9501,16.9501,16.9501,16.9501,1000,0
2016-06-09,18:40:00,16.9601,16.99,16.9601,16.9601,500,0
2016-06-09,18:45:00,16.961,17.01,16.961,17.01,400,0
2016-06-09,18:50:00,16.971,17,16.971,16.981,996,0
2016-06-09,18:55:00,17.02,17.02,16.97,16.97,714,0
2016-06-09,19:05:00,17.01,17.01,17.0097,17.0097,600,0
2016-06-09,19:15:00,16.96,16.97,16.955,16.955,600,0
2016-06-09,19:20:00,16.95,16.95,16.95,16.95,100,0
2016-06-09,19:40:00,16.961,17.005,16.94,16.94,2445,0
2016-06-09,19:45:00,16.95,16.95,16.91,16.915,700,0
2016-06-09,19:50:00,17.03,17.03,16.91,16.91,300,0
2016-06-09,19:55:00,16.94,16.94,16.91,16.91,200,0
2016-06-09,20:05:00,16.9,16.9,16.9,16.9,100,0
2016-06-09,20:10:00,16.9609,16.9609,16.91,16.91,300,0
2016-06-09,20:15:00,16.91,16.91,16.91,16.91,100,0
2016-06-09,20:20:00,16.91,16.91,16.91,16.91,100,0
2016-06-09,20:25:00,16.91,16.91,16.91,16.91,300,0
2016-06-09,20:30:00,17.02,17.03,16.92,16.92,400,0
2016-06-09,20:35:00,16.93,16.94,16.93,16.93,300,0
2016-06-09,20:40:00,16.93,16.95,16.93,16.95,200,0
2016-06-09,20:45:00,16.95,16.96,16.95,16.96,300,0
2016-06-09,20:55:00,17.04,17.04,16.96,17.005,1000,0
2016-06-09,21:00:00,17.005,17.005,16.93,16.93,500,0
2016-06-09,21:15:00,16.93,16.93,16.93,16.93,100,0
2016-06-09,21:25:00,16.9609,16.9609,16.9609,16.9609,200,0
2016-06-09,21:40:00,17.0148,17.015,16.98,16.99,400,0
2016-06-09,21:45:00,16.9801,17.04,16.98,16.987,528,0
2016-06-09,21:50:00,17.04,17.04,16.98,16.98,200,0
2016-06-09,21:55:00,16.9801,17.05,16.98,16.99,1950,0
2016-06-09,22:00:00,16.98,16.98,16.97,16.97,494,0
2016-06-10,15:35:00,16.79,16.79,16.785,16.785,1814,0
2016-06-10,15:45:00,16.81,16.81,16.81,16.81,200,0
2016-06-10,15:50:00,16.85,16.85,16.85,16.85,200,0
2016-06-10,15:55:00,16.95,16.95,16.95,16.95,100,0
2016-06-10,16:00:00,16.845,16.845,16.845,16.845,500,0
2016-06-10,16:05:00,16.779,16.779,16.779,16.779,200,0
2016-06-10,16:10:00,16.88,16.88,16.79,16.79,400,0
2016-06-10,16:20:00,16.82,16.82,16.82,16.82,200,0
2016-06-10,16:25:00,16.81,16.81,16.81,16.81,119,0
2016-06-10,16:50:00,16.8,16.8,16.66,16.66,1000,0
2016-06-10,16:55:00,16.8851,16.8851,16.8851,16.8851,500,0
2016-06-10,17:05:00,16.9628,16.9628,16.88,16.883,999,0
2016-06-10,17:15:00,16.81,16.81,16.81,16.81,100,0
2016-06-10,17:25:00,16.81,16.81,16.8,16.8,400,0
2016-06-10,17:30:00,16.8,16.8,16.715,16.7176,2000,0
2016-06-10,17:35:00,16.93,16.97,16.93,16.97,200,0
2016-06-10,17:40:00,16.76,16.77,16.62,16.62,1280,0
2016-06-10,17:55:00,16.6899,16.6899,16.6899,16.6899,300,0
2016-06-10,18:05:00,16.48,16.49,16.48,16.49,200,0
2016-06-10,18:20:00,16.525,16.525,16.525,16.525,150,0
2016-06-10,18:30:00,16.48,16.4851,16.37,16.37,2950,0
2016-06-10,18:35:00,16.3966,16.3966,16.36,16.38,823,0
2016-06-10,18:40:00,16.38,16.38,16.38,16.38,100,0
2016-06-10,18:45:00,16.36,16.39,16.36,16.39,1077,0
2016-06-10,18:55:00,16.22,16.265,16.21,16.26,815,0
2016-06-10,19:00:00,16.32,16.32,16.32,16.32,200,0
2016-06-10,19:15:00,16.25,16.25,16.25,16.25,100,0
2016-06-10,19:20:00,16.27,16.33,16.23,16.33,978,0
2016-06-10,19:40:00,16.25,16.25,16.25,16.25,100,0
2016-06-10,19:45:00,16.35,16.35,16.35,16.35,100,0
2016-06-10,20:05:00,16.24,16.24,16.24,16.24,100,0
2016-06-10,20:10:00,16.25,16.25,16.25,16.25,100,0
2016-06-10,20:25:00,16.286,16.286,16.286,16.286,500,0
2016-06-10,20:30:00,16.3097,16.3097,16.3097,16.3097,100,0
2016-06-10,20:35:00,16.25,16.3091,16.25,16.3091,450,0
2016-06-10,20:45:00,16.295,16.34,16.295,16.34,500,0
2016-06-10,20:55:00,16.375,16.375,16.375,16.375,100,0
2016-06-10,21:10:00,16.32,16.32,16.32,16.32,100,0
2016-06-10,21:20:00,16.67,16.67,16.58,16.58,200,0
2016-06-10,21:25:00,16.424,16.424,16.424,16.424,100,0
2016-06-10,21:45:00,16.42,16.47,16.42,16.43,300,0
2016-06-10,21:50:00,16.43,16.5,16.43,16.5,1151,0
2016-06-10,21:55:00,16.55,16.63,16.4,16.4,3720,0
2016-06-10,22:00:00,16.4,16.52,16.4,16.52,700,0
2016-06-13,15:35:00,16.54,16.67,16.54,16.67,900,0
2016-06-13,15:50:00,16.46,16.46,16.46,16.46,200,0
2016-06-13,16:10:00,16.3632,16.4,16.3632,16.38,1098,0
2016-06-13,16:25:00,16.45,16.45,16.31,16.31,500,0
2016-06-13,16:30:00,16.31,16.31,16.31,16.31,1300,0
2016-06-13,16:45:00,16.3099,16.3099,16.3099,16.3099,300,0
2016-06-13,17:00:00,16.27,16.27,16.12,16.15,6458,0
2016-06-13,17:05:00,16.11,16.11,15.95,16.035,6488,0
2016-06-13,17:10:00,15.972,16.0599,15.972,16.05,1200,0
2016-06-13,17:20:00,16.168,16.168,16.168,16.168,200,0
2016-06-13,17:30:00,16.07,16.08,16.07,16.08,700,0
2016-06-13,17:35:00,16.09,16.09,16.09,16.09,100,0
2016-06-13,17:55:00,16.05,16.05,15.9,15.92,5136,0
2016-06-13,18:05:00,15.9799,15.9799,15.9301,15.9301,700,0
2016-06-13,18:10:00,15.93,15.93,15.9,15.9,6064,0
2016-06-13,18:15:00,15.88,15.91,15.88,15.88,983,0
2016-06-13,18:25:00,16.03,16.03,16.03,16.03,100,0
2016-06-13,19:25:00,16,16,16,16,100,0
2016-06-13,20:00:00,15.98,15.98,15.98,15.98,100,0
2016-06-13,20:05:00,15.8909,15.8909,15.8909,15.8909,800,0
2016-06-13,20:20:00,16.05,16.05,15.91,15.91,200,0
2016-06-13,20:45:00,15.93,15.93,15.88,15.88,783,0
2016-06-13,20:50:00,15.85,15.88,15.85,15.85,585,0
2016-06-13,21:10:00,15.86,15.86,15.86,15.86,100,0
2016-06-13,21:15:00,15.87,15.9,15.7,15.7008,2000,0
2016-06-13,21:25:00,15.73,15.75,15.46,15.5,24485,0
2016-06-13,21:30:00,15.42,15.4799,15.319,15.4799,2205,0
2016-06-13,21:35:00,15.3316,15.4799,15.27,15.3,3800,0
2016-06-13,21:40:00,15.467,15.48,15.35,15.48,5350,0
2016-06-13,21:45:00,15.4008,15.46,15.31,15.33,2000,0
2016-06-13,21:50:00,15.37,15.375,15.34,15.372,950,0
2016-06-13,21:55:00,15.36,15.43,15.36,15.38,517,0
2016-06-13,22:00:00,15.37,15.42,15.37,15.4,1600,0
2016-06-14,15:35:00,15.2,15.5331,15.2,15.4294,1725,0
2016-06-14,15:40:00,15.39,15.45,15.37,15.45,1100,0
2016-06-14,15:45:00,15.35,15.35,15.35,15.35,100,0
2016-06-14,15:50:00,15.36,15.37,15.36,15.37,400,0
2016-06-14,15:55:00,15.38,15.38,15,15.1,14220,0
2016-06-14,16:00:00,15.15,15.2,15.1,15.1127,4450,0
2016-06-14,16:05:00,15.1,15.1499,15.05,15.135,4250,0
2016-06-14,16:10:00,15.05,15.115,14.96,15,3000,0
2016-06-14,16:15:00,14.96,15.0925,14.9,15.02,3636,0
2016-06-14,16:20:00,14.9,14.995,14.81,14.9,950,0
2016-06-14,16:25:00,15,15,14.9,14.97,2309,0
2016-06-14,16:30:00,14.9649,14.9649,14.9649,14.9649,200,0
2016-06-14,16:35:00,14.96,14.96,14.96,14.96,100,0
2016-06-14,16:40:00,14.96,14.96,14.96,14.96,600,0
2016-06-14,16:45:00,14.969,15.0506,14.96,15.0506,2380,0
2016-06-14,16:50:00,14.98,15.0109,14.97,14.97,600,0
2016-06-14,16:55:00,15.07,15.07,15.07,15.07,100,0
2016-06-14,17:00:00,15.1,15.1,15.1,15.1,100,0
2016-06-14,17:05:00,15.0194,15.1,15,15.1,2702,0
2016-06-14,17:15:00,15.0101,15.0101,15.0101,15.0101,300,0
2016-06-14,17:20:00,15.1,15.1,15.08,15.09,400,0
2016-06-14,17:30:00,15.06,15.07,15.06,15.07,400,0
2016-06-14,17:35:00,15.1,15.1,15.1,15.1,200,0
2016-06-14,17:40:00,15.1,15.1,15.1,15.1,1300,0
2016-06-14,17:50:00,15.065,15.1,15.0505,15.1,450,0
2016-06-14,18:00:00,15.1,15.1,15.1,15.1,1000,0
2016-06-14,18:05:00,15.1,15.1,15.1,15.1,200,0
2016-06-14,18:10:00,15.15,15.18,15.12,15.18,1700,0
2016-06-14,18:15:00,15.2083,15.2083,15.11,15.16,2000,0
2016-06-14,18:20:00,15.134,15.134,15.134,15.134,500,0
2016-06-14,18:25:00,15.19,15.31,15.16,15.31,400,0
2016-06-14,18:30:00,15.313,15.3471,15.313,15.3471,1110,0
2016-06-14,18:35:00,15.252,15.27,15.252,15.27,1000,0
2016-06-14,18:55:00,15.24,15.29,15.22,15.22,800,0
2016-06-14,19:00:00,15.24,15.24,15.24,15.24,100,0
2016-06-14,19:05:00,15.27,15.27,15.27,15.27,100,0
2016-06-14,19:20:00,15.21,15.285,15.2,15.2001,700,0
2016-06-14,19:25:00,15.2713,15.2713,15.2713,15.2713,400,0
2016-06-14,19:30:00,15.3128,15.3128,15.3128,15.3128,500,0
2016-06-14,20:05:00,15.272,15.272,15.272,15.272,921,0
2016-06-14,20:15:00,15.2515,15.2515,15.2515,15.2515,150,0
2016-06-14,20:20:00,15.304,15.304,15.304,15.304,500,0
2016-06-14,20:30:00,15.39,15.56,15.39,15.56,2850,0
2016-06-14,20:40:00,15.72,15.72,15.7,15.7,525,0
2016-06-14,20:45:00,15.8,15.88,15.76,15.774,1130,0
2016-06-14,20:50:00,15.76,15.88,15.57,15.61,1100,0
2016-06-14,20:55:00,15.64,15.69,15.64,15.69,400,0
2016-06-14,21:00:00,15.6052,15.636,15.6052,15.636,600,0
2016-06-14,21:05:00,15.77,15.83,15.77,15.83,200,0
2016-06-14,21:10:00,15.875,15.8756,15.74,15.85,2700,0
2016-06-14,21:25:00,15.81,15.81,15.7699,15.7699,200,0
2016-06-14,21:30:00,15.82,15.82,15.82,15.82,100,0
2016-06-14,21:45:00,15.71,15.71,15.71,15.71,100,0
2016-06-14,21:50:00,15.87,15.87,15.71,15.724,580,0
2016-06-14,21:55:00,15.74,15.74,15.7,15.7,500,0
2016-06-14,22:00:00,15.54,15.64,15.5,15.54,911,0
2016-06-15,15:35:00,15.55,15.55,15.55,15.55,1000,0
2016-06-15,15:40:00,15.545,15.545,15.43,15.43,400,0
2016-06-15,15:50:00,15.76,15.875,15.61,15.67,7600,0
2016-06-15,15:55:00,15.8001,16.108,15.66,16.04,7799,0
2016-06-15,16:00:00,15.91,15.91,15.71,15.72,1499,0
2016-06-15,16:30:00,15.7701,15.7701,15.7701,15.7701,1000,0
2016-06-15,16:40:00,15.8101,15.926,15.8,15.8,1600,0
2016-06-15,16:45:00,15.81,15.81,15.81,15.81,100,0
2016-06-15,16:50:00,15.934,15.952,15.81,15.92,1100,0
2016-06-15,16:55:00,15.856,15.955,15.856,15.883,700,0
2016-06-15,17:15:00,15.925,15.935,15.87,15.87,1005,0
2016-06-15,17:20:00,15.87,15.9992,15.87,15.9992,1600,0
2016-06-15,17:25:00,15.9923,15.9923,15.9923,15.9923,498,0
2016-06-15,17:35:00,15.9301,16,15.93,15.946,700,0
2016-06-15,17:40:00,15.965,15.965,15.93,15.965,689,0
2016-06-15,17:55:00,15.86,15.86,15.86,15.86,100,0
2016-06-15,18:00:00,15.9664,15.9664,15.9664,15.9664,1000,0
2016-06-15,18:30:00,15.87,15.9,15.87,15.89,800,0
2016-06-15,18:35:00,16,16,15.99,16,600,0
2016-06-15,18:40:00,15.93,15.93,15.93,15.93,300,0
2016-06-15,19:05:00,15.8894,15.8894,15.8894,15.8894,200,0
2016-06-15,19:20:00,15.9999,15.9999,15.88,15.88,1100,0
2016-06-15,19:25:00,15.98,15.98,15.98,15.98,100,0
2016-06-15,19:30:00,16,16,16,16,100,0
2016-06-15,19:35:00,16,16,16,16,200,0
2016-06-15,19:40:00,16,16.08,16,16.02,1500,0
2016-06-15,19:50:00,16.0099,16.0099,16.0099,16.0099,100,0
2016-06-15,19:55:00,16.058,16.058,16.035,16.035,200,0
2016-06-15,20:00:00,15.9701,16.09,15.96,16.067,600,0
2016-06-15,20:05:00,16.1,16.1,16.1,16.1,500,0
2016-06-15,20:10:00,16.09,16.09,16.09,16.09,100,0
2016-06-15,20:20:00,16.1,16.1,16,16.045,2933,0
2016-06-15,20:25:00,16.0449,16.0449,16,16,900,0
2016-06-15,20:30:00,16,16.065,16,16,3600,0
2016-06-15,20:35:00,16.045,16.076,16.01,16.05,600,0
2016-06-15,20:45:00,16.01,16.01,16.01,16.01,100,0
2016-06-15,20:50:00,16.055,16.1,16.055,16.1,700,0
2016-06-15,20:55:00,16.07,16.07,16,16.027,3400,0
2016-06-15,21:00:00,16.01,16.01,16.01,16.01,100,0
2016-06-15,21:10:00,16.04,16.04,16,16,200,0
2016-06-15,21:15:00,16.01,16.01,16,16,1300,0
2016-06-15,21:20:00,16.0309,16.0309,16.03,16.03,450,0
2016-06-15,21:30:00,16.034,16.034,16.034,16.034,900,0
2016-06-15,21:40:00,16.04,16.04,16.04,16.04,100,0
2016-06-15,21:45:00,16,16.01,15.9542,16,5246,0
2016-06-15,21:50:00,16.008,16.01,16,16.01,4374,0
2016-06-15,21:55:00,15.92,15.92,15.9,15.9,700,0
2016-06-15,22:00:00,15.92,16,15.92,15.955,400,0
2016-06-16,15:35:00,15.85,15.85,15.71,15.79,1541,0
2016-06-16,15:40:00,15.85,15.85,15.53,15.71,5793,0
2016-06-16,15:45:00,15.75,15.75,15.59,15.59,1000,0
2016-06-16,15:50:00,15.64,15.72,15.58,15.58,1800,0
2016-06-16,15:55:00,15.59,15.59,15.57,15.57,700,0
2016-06-16,16:10:00,15.39,15.39,15.3899,15.3899,1200,0
2016-06-16,16:15:00,15.4,15.53,15.3619,15.3619,1899,0
2016-06-16,16:20:00,15.353,15.353,15.353,15.353,499,0
2016-06-16,16:25:00,15.28,15.335,15.28,15.335,400,0
2016-06-16,16:30:00,15.28,15.36,15.28,15.36,900,0
2016-06-16,16:35:00,15.57,15.57,15.3501,15.3501,500,0
2016-06-16,16:40:00,15.33,15.33,15.26,15.26,1100,0
2016-06-16,17:00:00,15.32,15.32,15.32,15.32,100,0
2016-06-16,17:05:00,15.33,15.33,15.31,15.31,1089,0
2016-06-16,17:35:00,15.3999,15.4,15.3999,15.3999,400,0
2016-06-16,17:40:00,15.48,15.6255,15.48,15.6255,200,0
2016-06-16,17:50:00,15.7899,15.7899,15.55,15.55,2700,0
2016-06-16,17:55:00,15.4994,15.4994,15.4994,15.4994,122,0
2016-06-16,18:05:00,15.48,15.4801,15.48,15.4801,2200,0
2016-06-16,18:15:00,15.28,15.28,15.28,15.28,400,0
2016-06-16,18:20:00,15.25,15.25,15.2,15.2251,400,0
2016-06-16,18:25:00,15.22,15.22,15.21,15.21,325,0
2016-06-16,18:30:00,15.2808,15.3,15.231,15.3,3496,0
2016-06-16,18:35:00,15.22,15.22,15.22,15.22,150,0
2016-06-16,18:40:00,15.2,15.22,15.15,15.154,1000,0
2016-06-16,18:45:00,15.18,15.23,15.17,15.175,900,0
2016-06-16,18:50:00,15.15,15.152,15.1,15.152,500,0
2016-06-16,19:00:00,15.15,15.186,15.13,15.186,400,0
2016-06-16,19:05:00,15.15,15.215,15.14,15.215,500,0
2016-06-16,19:10:00,15.16,15.1751,15.12,15.1751,1750,0
2016-06-16,19:25:00,15.14,15.19,15.14,15.19,300,0
2016-06-16,19:45:00,15.15,15.2052,15.14,15.2052,500,0
2016-06-16,19:55:00,15.15,15.18,15.13,15.18,500,0
2016-06-16,20:05:00,15.12,15.146,15.12,15.146,400,0
2016-06-16,20:25:00,15.19,15.19,15.19,15.19,100,0
2016-06-16,20:40:00,15.14,15.1912,15.14,15.1912,750,0
2016-06-16,20:45:00,15.2129,15.2129,15.2129,15.2129,2500,0
2016-06-16,21:00:00,15.38,15.38,15.38,15.38,100,0
2016-06-16,21:05:00,15.22,15.22,15.22,15.22,300,0
2016-06-16,21:15:00,15.24,15.44,15.24,15.44,200,0
2016-06-16,21:30:00,15.43,15.43,15.43,15.43,100,0
2016-06-16,21:35:00,15.33,15.33,15.32,15.3295,1008,0
2016-06-16,21:40:00,15.32,15.32,15.32,15.32,100,0
2016-06-16,21:45:00,15.31,15.31,15.3016,15.31,525,0
2016-06-16,21:55:00,15.31,15.31,15.3016,15.31,842,0
2016-06-16,22:00:00,15.31,15.33,15.25,15.25,1704,0
2016-06-17,15:35:00,15.12,15.12,15.12,15.12,262,0
2016-06-17,15:40:00,15.1001,15.1001,15.1001,15.1001,200,0
2016-06-17,15:55:00,15.285,15.285,15.17,15.2275,5100,0
2016-06-17,16:00:00,15.17,15.21,15.17,15.21,300,0
2016-06-17,16:05:00,15.23,15.258,15.21,15.23,1800,0
2016-06-17,16:15:00,15.21,15.21,15.2,15.2,6100,0
2016-06-17,16:20:00,15.21,15.22,15.2,15.21,3100,0
2016-06-17,16:45:00,15.25,15.25,15.22,15.229,700,0
2016-06-17,16:50:00,15.22,15.22,15.21,15.22,500,0
2016-06-17,16:55:00,15.21,15.2304,15.1776,15.1776,700,0
2016-06-17,17:05:00,15.21,15.21,15.21,15.21,100,0
2016-06-17,17:10:00,15.21,15.21,15.21,15.21,500,0
2016-06-17,17:15:00,15.22,15.22,15.22,15.22,100,0
2016-06-17,17:25:00,15.22,15.22,15.21,15.21,200,0
2016-06-17,17:45:00,15.21,15.21,15.21,15.21,200,0
2016-06-17,17:50:00,15.21,15.21,15.2,15.2,438,0
2016-06-17,18:10:00,15.13,15.13,15.1,15.1,1545,0
2016-06-17,18:15:00,15.062,15.0999,15.016,15.0501,1250,0
2016-06-17,18:20:00,15.03,15.0999,15,15.0799,1749,0
2016-06-17,18:25:00,15.074,15.09,15.02,15.055,1511,0
2016-06-17,18:30:00,15.055,15.055,15.01,15.01,400,0
2016-06-17,18:35:00,15,15,15,15,300,0
2016-06-17,18:40:00,15,15,15,15,495,0
2016-06-17,18:45:00,14.95,14.95,14.94,14.9499,2216,0
2016-06-17,18:50:00,14.95,14.95,14.91,14.91,402,0
2016-06-17,18:55:00,14.9,14.9,14.85,14.85,300,0
2016-06-17,19:00:00,14.86,14.86,14.81,14.81,1700,0
2016-06-17,19:05:00,14.85,14.96,14.8,14.8,5165,0
2016-06-17,19:15:00,14.88,14.94,14.85,14.8701,1300,0
2016-06-17,19:20:00,14.8915,14.9275,14.8915,14.9275,500,0
2016-06-17,19:25:00,14.8,14.8,14.8,14.8,100,0
2016-06-17,19:30:00,14.8,14.82,14.8,14.82,2200,0
2016-06-17,19:35:00,14.91,14.91,14.91,14.91,100,0
2016-06-17,19:40:00,14.95,14.95,14.944,14.944,800,0
2016-06-17,19:45:00,14.95,14.95,14.9175,14.9175,900,0
2016-06-17,19:50:00,14.92,14.92,14.82,14.82,3334,0
2016-06-17,20:00:00,14.8817,14.8817,14.84,14.8817,2050,0
2016-06-17,20:10:00,14.86,14.86,14.85,14.85,534,0
2016-06-17,20:15:00,14.91,14.91,14.85,14.85,600,0
2016-06-17,20:25:00,14.85,14.85,14.85,14.85,925,0
2016-06-17,20:30:00,14.88,14.89,14.88,14.885,300,0
2016-06-17,20:40:00,14.87,14.87,14.85,14.85,600,0
2016-06-17,21:05:00,14.89,14.89,14.85,14.8794,2400,0
2016-06-17,21:10:00,14.85,14.85,14.83,14.83,770,0
2016-06-17,21:25:00,14.88,14.88,14.82,14.82,250,0
2016-06-17,21:35:00,14.81,14.83,14.8,14.8,1345,0
2016-06-17,21:40:00,14.82,14.82,14.82,14.82,955,0
2016-06-17,21:45:00,14.8615,14.8615,14.8615,14.8615,1000,0
2016-06-17,21:50:00,14.89,14.89,14.89,14.89,100,0
2016-06-17,21:55:00,14.83,14.87,14.83,14.83,600,0
2016-06-17,22:00:00,14.8,14.8,14.79,14.79,3493,0
2016-06-20,15:35:00,14.96,15.28,14.8,14.8767,4700,0
2016-06-20,15:40:00,14.85,14.98,14.78,14.813,1900,0
2016-06-20,15:50:00,14.8001,14.81,14.75,14.75,5250,0
2016-06-20,15:55:00,14.72,14.7254,14.68,14.7253,1300,0
2016-06-20,16:00:00,14.8468,14.8468,14.8468,14.8468,115,0
2016-06-20,16:10:00,14.79,14.82,14.79,14.82,500,0
2016-06-20,16:40:00,14.9,14.9,14.9,14.9,300,0
2016-06-20,16:50:00,14.96,14.97,14.96,14.96,5492,0
2016-06-20,16:55:00,14.96,15.15,14.96,15.08,2800,0
2016-06-20,17:00:00,15.19,15.325,15.18,15.325,1099,0
2016-06-20,17:05:00,15.205,15.21,15.1,15.1,700,0
2016-06-20,17:15:00,15.015,15.015,15.015,15.015,100,0
2016-06-20,17:20:00,14.97,15.02,14.97,15.02,200,0
2016-06-20,17:25:00,15.02,15.1,15.02,15.04,1500,0
2016-06-20,17:30:00,15.05,15.305,15.05,15.07,2100,0
2016-06-20,17:35:00,15.01,15.0101,15.01,15.0101,1060,0
2016-06-20,17:40:00,15.03,15.03,15.03,15.03,100,0
2016-06-20,17:50:00,15.06,15.06,15.06,15.06,100,0
2016-06-20,17:55:00,15.02,15.02,15.01,15.01,700,0
2016-06-20,18:00:00,14.93,14.94,14.854,14.905,1600,0
2016-06-20,18:05:00,14.9799,14.9799,14.9799,14.9799,200,0
2016-06-20,18:10:00,14.97,15.1,14.888,14.95,1400,0
2016-06-20,18:30:00,15.05,15.05,15.05,15.05,100,0
2016-06-20,18:40:00,15,15.01,14.99,15,2100,0
2016-06-20,19:00:00,14.982,14.99,14.864,14.885,900,0
2016-06-20,19:05:00,14.8556,14.9999,14.8556,14.9999,800,0
2016-06-20,19:40:00,14.8824,15,14.8824,15,1500,0
2016-06-20,19:45:00,15.01,15.01,15,15,220,0
2016-06-20,19:50:00,15.0025,15.0025,15.0025,15.0025,100,0
2016-06-20,20:05:00,15,15,15,15,100,0
2016-06-20,20:10:00,15.09,15.09,15.09,15.09,100,0
2016-06-20,20:25:00,15.08,15.08,15.08,15.08,100,0
2016-06-20,20:30:00,15.07,15.07,15,15.01,2100,0
2016-06-20,20:35:00,15.01,15.01,15,15,400,0
2016-06-20,21:10:00,15.09,15.09,15,15,800,0
2016-06-20,21:15:00,15.01,15.02,14.87,14.919,1300,0
2016-06-20,21:25:00,14.95,14.95,14.7875,14.82,2302,0
2016-06-20,21:30:00,14.8032,14.8351,14.8032,14.8351,500,0
2016-06-20,21:35:00,14.84,14.84,14.84,14.84,150,0
2016-06-20,21:40:00,14.86,14.92,14.86,14.88,300,0
2016-06-20,21:50:00,15.03,15.03,15.02,15.02,200,0
2016-06-20,21:55:00,14.96,14.96,14.96,14.96,300,0
2016-06-20,22:00:00,14.96,15.01,14.88,14.88,1344,0
2016-06-21,15:35:00,15,15.35,15,15.13,901,0
2016-06-21,15:40:00,15.16,15.16,14.88,14.9,3450,0
2016-06-21,15:45:00,14.93,15.11,14.93,15.03,2200,0
2016-06-21,15:50:00,15.06,15.06,14.83,14.91,1200,0
2016-06-21,15:55:00,14.91,14.91,14.91,14.91,100,0
2016-06-21,16:10:00,14.7824,14.8076,14.7824,14.8076,250,0
2016-06-21,16:15:00,14.84,14.84,14.84,14.84,300,0
2016-06-21,16:20:00,14.91,14.91,14.91,14.91,100,0
2016-06-21,16:30:00,14.9979,14.9979,14.9,14.9,2396,0
2016-06-21,16:35:00,14.91,14.91,14.91,14.91,200,0
2016-06-21,16:55:00,14.9,14.9,14.9,14.9,200,0
2016-06-21,17:05:00,14.8296,14.838,14.8296,14.838,500,0
2016-06-21,17:15:00,14.84,14.84,14.84,14.84,200,0
2016-06-21,17:20:00,14.95,14.95,14.95,14.95,100,0
2016-06-21,17:25:00,14.99,14.99,14.99,14.99,200,0
2016-06-21,17:40:00,15,15,15,15,100,0
2016-06-21,17:45:00,15,15,15,15,500,0
2016-06-21,17:55:00,15.265,15.41,15.265,15.28,500,0
2016-06-21,18:00:00,15.25,15.25,15.21,15.21,400,0
2016-06-21,18:10:00,15.25,15.345,15.15,15.15,1600,0
2016-06-21,18:15:00,15.15,15.15,15.15,15.15,268,0
2016-06-21,18:20:00,15.02,15.05,15.02,15.05,300,0
2016-06-21,18:25:00,14.78,14.78,14.78,14.78,100,0
2016-06-21,19:10:00,14.98,14.999,14.98,14.99,300,0
2016-06-21,19:15:00,14.92,14.92,14.9105,14.9105,200,0
2016-06-21,19:20:00,14.98,14.98,14.98,14.98,100,0
2016-06-21,19:30:00,15,15,15,15,100,0
2016-06-21,19:40:00,14.9807,14.9807,14.9807,14.9807,700,0
2016-06-21,19:45:00,14.97,15,14.97,15,1100,0
2016-06-21,19:50:00,15.18,15.18,15,15.06,1300,0
2016-06-21,19:55:00,15.06,15.06,15,15.05,500,0
2016-06-21,20:00:00,15.19,15.19,15.19,15.19,100,0
2016-06-21,20:30:00,15.14,15.14,15.14,15.14,100,0
2016-06-21,20:40:00,15.18,15.18,15.18,15.18,100,0
2016-06-21,20:45:00,15.15,15.15,15.15,15.15,100,0
2016-06-21,20:50:00,15.19,15.19,15.19,15.19,100,0
2016-06-21,21:10:00,15.11,15.11,15.11,15.11,1000,0
2016-06-21,21:15:00,15.11,15.11,15.11,15.11,300,0
2016-06-21,21:20:00,15.11,15.23,15.1,15.12,1300,0
2016-06-21,21:25:00,15.12,15.12,15.11,15.11,1359,0
2016-06-21,21:30:00,15.1089,15.11,15.02,15.02,2160,0
2016-06-21,21:35:00,14.97,14.97,14.97,14.97,100,0
2016-06-21,22:00:00,15.06,15.08,14.95,15.07,1644,0
2016-06-22,15:35:00,15.08,15.08,15.08,15.08,171,0
2016-06-22,15:40:00,14.86,14.86,14.86,14.86,200,0
2016-06-22,15:45:00,14.96,14.98,14.96,14.98,300,0
2016-06-22,16:10:00,14.92,14.92,14.92,14.92,100,0
2016-06-22,16:15:00,14.9,14.9,14.9,14.9,200,0
2016-06-22,17:05:00,14.864,14.885,14.84,14.84,700,0
2016-06-22,17:20:00,14.9117,14.9117,14.9117,14.9117,300,0
2016-06-22,17:35:00,14.91,14.91,14.91,14.91,200,0
2016-06-22,17:40:00,14.9612,14.9624,14.86,14.9245,2900,0
2016-06-22,17:45:00,14.93,14.93,14.93,14.93,200,0
2016-06-22,17:55:00,14.91,14.91,14.91,14.91,195,0
2016-06-22,18:00:00,14.92,14.99,14.92,14.99,200,0
2016-06-22,18:30:00,14.9244,14.9244,14.8801,14.8801,750,0
2016-06-22,18:35:00,14.89,14.89,14.89,14.89,100,0
2016-06-22,18:50:00,15,15,15,15,200,0
2016-06-22,19:00:00,15,15,15,15,100,0
2016-06-22,19:15:00,14.992,14.992,14.992,14.992,100,0
2016-06-22,19:45:00,15,15,15,15,500,0
2016-06-22,19:55:00,15.04,15.04,15.04,15.04,200,0
2016-06-22,21:20:00,15.02,15.05,15.02,15.05,300,0
2016-06-22,21:40:00,14.95,14.95,14.95,14.95,400,0
2016-06-22,21:55:00,14.98,15.04,14.955,15.0091,3035,0
2016-06-22,22:00:00,15.01,15.01,14.93,14.93,1341,0
2016-06-23,15:50:00,15,15.045,15,15.01,500,0
2016-06-23,16:00:00,15,15.0699,14.965,14.965,2000,0
2016-06-23,16:15:00,15,15,15,15,500,0
2016-06-23,16:30:00,15.01,15.01,15.01,15.01,100,0
2016-06-23,16:35:00,14.995,14.995,14.995,14.995,300,0
2016-06-23,16:40:00,15.01,15.01,15.01,15.01,300,0
2016-06-23,17:00:00,15.0401,15.0967,14.93,14.93,800,0
2016-06-23,17:10:00,15.13,15.13,15.13,15.13,200,0
2016-06-23,17:15:00,15.228,15.228,15.19,15.19,500,0
2016-06-23,17:25:00,15.25,15.25,15.25,15.25,200,0
2016-06-23,17:30:00,15.485,15.485,15.2901,15.305,400,0
2016-06-23,17:35:00,15.4108,15.4108,15.36,15.36,1100,0
2016-06-23,17:40:00,15.54,15.57,15.1,15.54,2950,0
2016-06-23,18:05:00,15.36,15.36,15.21,15.21,600,0
2016-06-23,18:30:00,15.53,15.53,15.53,15.53,100,0
2016-06-23,19:20:00,15.48,15.48,15.48,15.48,100,0
2016-06-23,19:35:00,15.505,15.505,15.505,15.505,100,0
2016-06-23,19:50:00,15.4801,15.57,15.4801,15.55,482,0
2016-06-23,19:55:00,15.56,15.56,15.56,15.56,100,0
2016-06-23,20:00:00,15.59,15.59,15.59,15.59,300,0
2016-06-23,20:35:00,15.5673,15.5673,15.2,15.2,2100,0
2016-06-23,21:00:00,15.265,15.265,15.265,15.265,100,0
2016-06-23,21:20:00,15.31,15.31,15.31,15.31,100,0
2016-06-23,21:45:00,15.31,15.34,15.2803,15.34,995,0
2016-06-23,21:55:00,15.55,15.55,15.4,15.5299,424,0
2016-06-23,22:00:00,15.42,15.42,15.26,15.33,1697,0
2016-06-24,15:35:00,14.89,14.89,13.28,13.31,16690,0
2016-06-24,15:45:00,14.5,14.5,14.5,14.5,300,0
2016-06-24,15:50:00,14.6342,14.7199,14.61,14.61,2200,0
2016-06-24,15:55:00,14.6,14.6,14.6,14.6,100,0
2016-06-24,16:00:00,14.595,14.66,14.595,14.66,800,0
2016-06-24,16:10:00,14.7835,14.7835,14.7835,14.7835,725,0
2016-06-24,16:15:00,14.8282,14.85,14.8282,14.85,400,0
2016-06-24,16:20:00,14.8499,14.8499,14.72,14.72,560,0
2016-06-24,16:25:00,14.73,14.73,14.73,14.73,100,0
2016-06-24,16:30:00,14.56,14.61,14.54,14.61,1400,0
2016-06-24,16:35:00,14.5,14.5,14.5,14.5,100,0
2016-06-24,17:35:00,14.61,14.61,14.55,14.55,999,0
2016-06-24,17:55:00,14.6254,14.6254,14.6254,14.6254,350,0
2016-06-24,18:00:00,14.6129,14.6129,14.6129,14.6129,200,0
2016-06-24,18:10:00,14.65,14.7094,14.6,14.7094,3750,0
2016-06-24,18:15:00,14.711,14.711,14.65,14.65,550,0
2016-06-24,18:20:00,14.82,14.82,14.7,14.7,350,0
2016-06-24,18:25:00,14.8099,14.8099,14.7,14.7,2100,0
2016-06-24,18:30:00,14.75,14.79,14.75,14.79,550,0
2016-06-24,18:45:00,14.815,14.815,14.815,14.815,150,0
2016-06-24,19:15:00,14.79,14.8399,14.79,14.8399,400,0
2016-06-24,19:30:00,14.751,14.751,14.7,14.7,3000,0
2016-06-24,19:35:00,14.7,14.75,14.7,14.75,600,0
2016-06-24,19:40:00,14.7866,14.91,14.75,14.9,2300,0
2016-06-24,19:45:00,15,15,14.95,14.95,1100,0
2016-06-24,19:50:00,15.005,15.005,14.995,14.995,2200,0
2016-06-24,20:15:00,14.9,14.9,14.9,14.9,100,0
2016-06-24,21:00:00,14.9101,14.97,14.9101,14.97,400,0
2016-06-24,21:05:00,14.95,14.95,14.91,14.91,200,0
2016-06-24,21:15:00,14.964,14.964,14.964,14.964,1712,0
2016-06-24,21:35:00,14.9,14.9,14.9,14.9,100,0
2016-06-24,21:55:00,15.06,15.06,15.06,15.06,100,0
2016-06-24,22:00:00,14.97,15.03,14.96,15.03,1592,0
2016-06-27,15:35:00,14.9,14.94,14.9,14.94,5599,0
2016-06-27,15:40:00,14.99,15.03,14.9441,15.03,1300,0
2016-06-27,15:45:00,15,15,15,15,5000,0
2016-06-27,16:10:00,14.91,14.91,14.91,14.91,100,0
2016-06-27,16:15:00,14.9,14.9,14.9,14.9,3500,0
2016-06-27,16:20:00,14.59,14.59,14.41,14.4612,450,0
2016-06-27,16:30:00,14.35,14.42,14.35,14.42,300,0
2016-06-27,16:35:00,14.35,14.47,14.35,14.47,1000,0
2016-06-27,16:45:00,14.36,14.36,14.22,14.27,4000,0
2016-06-27,16:55:00,14.37,14.58,14.29,14.32,13706,0
2016-06-27,17:00:00,14.37,14.37,14.37,14.37,100,0
2016-06-27,17:05:00,14.4,14.46,14.4,14.46,300,0
2016-06-27,17:10:00,14.4,14.4,14.35,14.35,300,0
2016-06-27,17:20:00,14.44,14.44,14.35,14.35,500,0
2016-06-27,17:25:00,14.44,14.44,14.35,14.35,200,0
2016-06-27,17:30:00,14.44,14.44,14.44,14.44,100,0
2016-06-27,17:40:00,14.44,14.44,14.4,14.4,500,0
2016-06-27,17:45:00,14.5099,14.52,14.48,14.52,1751,0
2016-06-27,17:50:00,14.4662,14.4662,14.4662,14.4662,109,0
2016-06-27,17:55:00,14.6184,14.6184,14.6184,14.6184,100,0
2016-06-27,18:00:00,14.64,14.69,14.64,14.641,2661,0
2016-06-27,18:05:00,14.64,14.65,14.63,14.64,10100,0
2016-06-27,18:15:00,14.46,14.46,14.46,14.46,100,0
2016-06-27,18:25:00,14.61,14.61,14.61,14.61,100,0
2016-06-27,18:30:00,14.535,14.55,14.535,14.55,200,0
2016-06-27,18:40:00,14.55,14.55,14.55,14.55,100,0
2016-06-27,18:45:00,14.55,14.55,14.55,14.55,100,0
2016-06-27,18:55:00,14.5999,14.5999,14.55,14.56,503,0
2016-06-27,19:05:00,14.575,14.6,14.575,14.6,1000,0
2016-06-27,19:10:00,14.55,14.55,14.55,14.55,100,0
2016-06-27,19:20:00,14.55,14.55,14.55,14.55,100,0
2016-06-27,19:25:00,14.55,14.55,14.55,14.55,200,0
2016-06-27,19:30:00,14.5799,14.5799,14.55,14.55,1300,0
2016-06-27,19:35:00,14.55,14.58,14.55,14.58,400,0
2016-06-27,19:45:00,14.58,14.58,14.55,14.55,2300,0
2016-06-27,19:50:00,14.56,14.56,14.56,14.56,300,0
2016-06-27,19:55:00,14.56,14.56,14.56,14.56,500,0
2016-06-27,20:00:00,14.55,14.6,14.55,14.55,1400,0
2016-06-27,20:20:00,14.56,14.57,14.56,14.57,500,0
2016-06-27,20:25:00,14.56,14.56,14.56,14.56,1000,0
2016-06-27,20:30:00,14.58,14.58,14.55,14.55,200,0
2016-06-27,20:35:00,14.55,14.55,14.55,14.55,100,0
2016-06-27,20:40:00,14.58,14.59,14.5799,14.59,700,0
2016-06-27,20:45:00,14.59,14.59,14.57,14.57,300,0
2016-06-27,20:50:00,14.55,14.55,14.55,14.55,100,0
2016-06-27,20:55:00,14.56,14.58,14.56,14.58,1700,0
2016-06-27,21:00:00,14.59,14.59,14.58,14.58,200,0
2016-06-27,21:05:00,14.58,14.6,14.5501,14.6,1200,0
2016-06-27,21:10:00,14.61,14.61,14.61,14.61,129,0
2016-06-27,21:15:00,14.57,14.57,14.57,14.57,300,0
2016-06-27,21:25:00,14.55,14.55,14.55,14.55,100,0
2016-06-27,21:30:00,14.55,14.5716,14.55,14.5716,2200,0
2016-06-27,21:35:00,14.5543,14.58,14.5543,14.58,700,0
2016-06-27,21:45:00,14.57,14.57,14.57,14.57,100,0
2016-06-27,21:50:00,14.57,14.5716,14.57,14.5716,800,0
2016-06-27,21:55:00,14.57,14.5798,14.56,14.56,1585,0
2016-06-27,22:00:00,14.55,14.57,14.55,14.55,1789,0
2016-06-28,15:35:00,14.77,14.77,14.77,14.77,1000,0
2016-06-28,15:45:00,14.74,14.74,14.74,14.74,100,0
2016-06-28,15:50:00,14.828,14.84,14.82,14.82,800,0
2016-06-28,15:55:00,14.8499,14.95,14.8483,14.95,5755,0
2016-06-28,16:00:00,15,15,15,15,200,0
2016-06-28,16:05:00,15.05,15.05,15.05,15.05,772,0
2016-06-28,16:10:00,15.05,15.1,15.05,15.1,572,0
2016-06-28,16:15:00,15.1,15.1,15.1,15.1,100,0
2016-06-28,16:30:00,14.99,14.99,14.99,14.99,100,0
2016-06-28,16:35:00,15.04,15.21,15.04,15.21,2100,0
2016-06-28,16:40:00,15.13,15.13,15.1,15.1,200,0
2016-06-28,16:45:00,15.06,15.06,15.06,15.06,100,0
2016-06-28,17:05:00,15.19,15.19,15.19,15.19,100,0
2016-06-28,17:20:00,15.13,15.15,15.13,15.15,1000,0
2016-06-28,17:45:00,15.13,15.14,15.12,15.12,500,0
2016-06-28,17:50:00,15.13,15.455,15.13,15.21,6389,0
2016-06-28,17:55:00,15.11,15.11,15.0501,15.0501,733,0
2016-06-28,18:45:00,15.05,15.05,15.05,15.05,100,0
2016-06-28,18:55:00,15.0498,15.0498,15.0498,15.0498,332,0
2016-06-28,19:50:00,14.9875,14.9875,14.9875,14.9875,2000,0
2016-06-28,19:55:00,14.9799,15.03,14.9799,15.03,800,0
2016-06-28,20:10:00,15.05,15.05,15.05,15.05,100,0
2016-06-28,20:15:00,15.0406,15.0406,15.0406,15.0406,151,0
2016-06-28,20:20:00,15,15,15,15,100,0
2016-06-28,20:35:00,15.054,15.054,15.054,15.054,200,0
2016-06-28,20:40:00,15.0549,15.14,15.0549,15.11,3400,0
2016-06-28,20:45:00,15.13,15.15,15.13,15.13,900,0
2016-06-28,20:50:00,15.15,15.15,15.09,15.15,1300,0
2016-06-28,20:55:00,15.12,15.12,15.12,15.12,500,0
2016-06-28,21:00:00,15.09,15.11,15.08,15.11,600,0
2016-06-28,21:55:00,15.0101,15.0295,15.01,15.01,2100,0
2016-06-28,22:00:00,15.04,15.04,15,15,400,0
2016-06-29,15:35:00,15.22,15.25,15.1501,15.1501,3500,0
2016-06-29,15:40:00,15.3699,15.37,15.3699,15.37,2100,0
2016-06-29,15:45:00,15.4,15.45,15.3201,15.37,3900,0
2016-06-29,15:50:00,15.41,15.5,15.41,15.5,1400,0
2016-06-29,15:55:00,15.4612,15.4612,15.4612,15.4612,500,0
2016-06-29,16:10:00,15.385,15.44,15.385,15.44,200,0
2016-06-29,16:15:00,15.39,15.39,15.32,15.32,400,0
2016-06-29,16:20:00,15.32,15.386,15.299,15.299,2575,0
2016-06-29,16:30:00,15.289,15.289,15.289,15.289,200,0
2016-06-29,16:35:00,15.283,15.283,15.283,15.283,500,0
2016-06-29,16:40:00,15.28,15.2866,15.28,15.2866,400,0
2016-06-29,16:45:00,15.31,15.31,15.31,15.31,100,0
2016-06-29,16:50:00,15.31,15.31,15.3,15.3,200,0
2016-06-29,16:55:00,15.31,15.31,15.31,15.31,100,0
2016-06-29,17:15:00,15.38,15.43,15.38,15.43,3100,0
2016-06-29,17:20:00,15.43,15.43,15.43,15.43,200,0
2016-06-29,17:25:00,15.49,15.5,15.49,15.5,200,0
2016-06-29,17:30:00,15.5,15.6,15.496,15.6,3200,0
2016-06-29,17:35:00,15.6,15.6142,15.5201,15.551,1200,0
2016-06-29,17:40:00,15.54,15.567,15.54,15.5401,1300,0
2016-06-29,17:45:00,15.58,15.58,15.58,15.58,100,0
2016-06-29,17:50:00,15.58,15.6,15.5301,15.585,1200,0
2016-06-29,17:55:00,15.55,15.6,15.5401,15.6,1578,0
2016-06-29,18:00:00,15.5601,15.6284,15.56,15.588,950,0
2016-06-29,18:05:00,15.54,15.546,15.44,15.45,2800,0
2016-06-29,18:15:00,15.45,15.45,15.45,15.45,100,0
2016-06-29,18:20:00,15.45,15.45,15.45,15.45,100,0
2016-06-29,18:25:00,15.45,15.45,15.45,15.45,100,0
2016-06-29,18:35:00,15.45,15.45,15.45,15.45,100,0
2016-06-29,18:40:00,15.41,15.41,15.41,15.41,100,0
2016-06-29,18:45:00,15.41,15.41,15.41,15.41,100,0
2016-06-29,18:50:00,15.41,15.41,15.41,15.41,100,0
2016-06-29,18:55:00,15.41,15.41,15.41,15.41,200,0
2016-06-29,19:00:00,15.41,15.41,15.41,15.41,200,0
2016-06-29,19:10:00,15.41,15.41,15.41,15.41,200,0
2016-06-29,19:15:00,15.44,15.44,15.44,15.44,100,0
2016-06-29,19:20:00,15.42,15.4207,15.3,15.3,1700,0
2016-06-29,19:25:00,15.2401,15.4,15.2401,15.4,3806,0
2016-06-29,19:30:00,15.344,15.344,15.32,15.32,600,0
2016-06-29,19:35:00,15.2738,15.2738,15.2738,15.2738,400,0
2016-06-29,19:40:00,15.32,15.32,15.32,15.32,100,0
2016-06-29,19:45:00,15.32,15.32,15.23,15.23,200,0
2016-06-29,19:50:00,15.31,15.31,15.25,15.25,200,0
2016-06-29,19:55:00,15.34,15.34,15.34,15.34,100,0
2016-06-29,20:00:00,15.37,15.37,15.3699,15.3699,200,0
2016-06-29,20:05:00,15.33,15.33,15.33,15.33,100,0
2016-06-29,20:15:00,15.33,15.33,15.33,15.33,100,0
2016-06-29,20:20:00,15.33,15.33,15.33,15.33,200,0
2016-06-29,20:25:00,15.33,15.4,15.33,15.4,200,0
2016-06-29,20:30:00,15.37,15.37,15.37,15.37,100,0
2016-06-29,20:35:00,15.4,15.4,15.4,15.4,100,0
2016-06-29,20:40:00,15.39,15.39,15.39,15.39,200,0
2016-06-29,20:45:00,15.36,15.36,15.36,15.36,100,0
2016-06-29,20:55:00,15.36,15.36,15.36,15.36,100,0
2016-06-29,21:00:00,15.36,15.36,15.2201,15.2796,3300,0
2016-06-29,21:05:00,15.36,15.36,15.23,15.23,200,0
2016-06-29,21:10:00,15.35,15.35,15.34,15.34,200,0
2016-06-29,21:15:00,15.2718,15.33,15.222,15.222,3100,0
2016-06-29,21:20:00,15.2006,15.215,15.0779,15.0779,4109,0
2016-06-29,21:25:00,15.185,15.185,15.185,15.185,100,0
2016-06-29,21:35:00,15.15,15.15,15.07,15.11,4300,0
2016-06-29,21:40:00,15.1152,15.1152,14.97,14.97,2500,0
2016-06-29,21:45:00,15.086,15.0999,15.05,15.096,6700,0
2016-06-29,21:50:00,15.06,15.12,15.06,15.1,8600,0
2016-06-29,21:55:00,15.1382,15.1382,15,15.12,5596,0
2016-06-29,22:00:00,15.07,15.18,15.07,15.18,1631,0
2016-06-30,15:40:00,15.11,15.11,15.11,15.11,100,0
2016-06-30,15:55:00,15.023,15.023,15.023,15.023,500,0
2016-06-30,16:00:00,14.99,14.99,14.9572,14.9572,800,0
2016-06-30,16:15:00,15,15,14.9746,14.9746,600,0
2016-06-30,16:20:00,14.94,14.94,14.92,14.92,592,0
2016-06-30,16:30:00,14.896,14.896,14.84,14.896,3000,0
2016-06-30,16:50:00,14.8868,14.8868,14.8868,14.8868,200,0
2016-06-30,17:35:00,14.88,14.88,14.88,14.88,100,0
2016-06-30,17:55:00,14.91,14.91,14.91,14.91,100,0
2016-06-30,18:00:00,14.9,14.9,14.9,14.9,100,0
2016-06-30,18:05:00,14.86,14.86,14.86,14.86,100,0
2016-06-30,18:10:00,14.85,14.95,14.85,14.95,2980,0
2016-06-30,18:15:00,14.93,15,14.93,15,2617,0
2016-06-30,18:20:00,14.94,14.94,14.94,14.94,100,0
2016-06-30,18:35:00,14.92,14.92,14.92,14.92,100,0
2016-06-30,18:55:00,14.93,14.93,14.9275,14.93,400,0
2016-06-30,19:00:00,14.99,15,14.98,14.99,3000,0
2016-06-30,19:05:00,15,15,14.9747,14.9747,2815,0
2016-06-30,19:10:00,15.06,15.11,15.02,15.02,400,0
2016-06-30,19:15:00,15.0579,15.0579,15.0579,15.0579,335,0
2016-06-30,19:35:00,15.05,15.05,15.05,15.05,400,0
2016-06-30,20:00:00,15.09,15.09,15.03,15.03,200,0
2016-06-30,20:25:00,15.08,15.08,15.08,15.08,100,0
2016-06-30,20:35:00,15,15,15,15,200,0
2016-06-30,20:45:00,15.05,15.05,15.02,15.02,300,0
2016-06-30,20:50:00,15.0038,15.0038,15.0038,15.0038,327,0
2016-06-30,21:05:00,15.05,15.05,15.05,15.05,400,0
2016-06-30,21:10:00,15.0001,15.0001,14.98,14.98,1100,0
2016-06-30,21:20:00,15.015,15.015,15.015,15.015,200,0
2016-06-30,21:30:00,15.05,15.05,15.05,15.05,300,0
2016-06-30,21:45:00,15.05,15.05,15.05,15.05,500,0
2016-06-30,21:50:00,15.04,15.05,15.04,15.04,1583,0
2016-06-30,21:55:00,15.05,15.05,15.045,15.05,1006,0
2016-06-30,22:00:00,15.14,15.14,14.97,14.98,1352,0
2016-07-01,15:35:00,15.15,15.45,15.15,15.4499,4400,0
2016-07-01,15:40:00,15.32,15.32,15.32,15.32,100,0
2016-07-01,15:45:00,15.4499,15.65,15.4499,15.65,6285,0
2016-07-01,15:50:00,15.6,15.685,15.6,15.65,5000,0
2016-07-01,16:00:00,15.6999,15.7,15.6999,15.7,300,0
2016-07-01,16:05:00,15.705,15.74,15.66,15.74,3300,0
2016-07-01,16:10:00,15.75,15.8,15.7,15.8,10633,0
2016-07-01,16:15:00,15.85,15.865,15.8,15.85,4650,0
2016-07-01,16:20:00,15.845,15.9,15.8301,15.89,4100,0
2016-07-01,16:25:00,15.88,16.01,15.88,16,5550,0
2016-07-01,16:30:00,15.93,15.93,15.91,15.91,200,0
2016-07-01,16:35:00,15.92,15.92,15.85,15.85,400,0
2016-07-01,16:40:00,15.82,15.861,15.81,15.861,500,0
2016-07-01,16:50:00,15.84,15.84,15.83,15.83,300,0
2016-07-01,17:05:00,15.8367,15.8367,15.8367,15.8367,300,0
2016-07-01,17:10:00,15.77,15.88,15.75,15.81,650,0
2016-07-01,17:15:00,15.8,15.81,15.8,15.8001,800,0
2016-07-01,17:25:00,15.915,15.915,15.915,15.915,2000,0
2016-07-01,17:30:00,15.9,15.9199,15.86,15.9,8300,0
2016-07-01,17:35:00,15.92,16.02,15.8675,16,9208,0
2016-07-01,17:40:00,16.01,16.01,16.01,16.01,100,0
2016-07-01,17:50:00,16.02,16.02,16.02,16.02,200,0
2016-07-01,17:55:00,15.939,15.939,15.88,15.88,2100,0
2016-07-01,18:05:00,16,16,15.9194,15.9194,3100,0
2016-07-01,18:15:00,15.985,16,15.985,15.985,900,0
2016-07-01,18:20:00,16,16.0199,16,16.0199,814,0
2016-07-01,18:25:00,15.94,15.94,15.94,15.94,100,0
2016-07-01,18:45:00,16,16.02,16,16.02,200,0
2016-07-01,18:50:00,16.05,16.05,16.045,16.045,500,0
2016-07-01,18:55:00,16.045,16.1,16.045,16.1,1500,0
2016-07-01,19:00:00,16.1,16.15,16.1,16.15,850,0
2016-07-01,19:05:00,16.15,16.15,16.1001,16.1001,700,0
2016-07-01,19:10:00,16.15,16.15,16.1301,16.1301,500,0
2016-07-01,19:15:00,16.1,16.15,16.1,16.15,1450,0
2016-07-01,19:20:00,16.115,16.165,16.1,16.13,1500,0
2016-07-01,19:25:00,16.11,16.23,16.11,16.14,3250,0
2016-07-01,19:30:00,16.1,16.1,16.1,16.1,100,0
2016-07-01,19:45:00,16.068,16.1,16.06,16.1,2540,0
2016-07-01,19:50:00,16.095,16.095,16.05,16.05,10000,0
2016-07-01,19:55:00,16.0304,16.0304,16.0304,16.0304,400,0
2016-07-01,20:00:00,16,16.01,15.965,15.965,800,0
2016-07-01,20:05:00,15.94,15.94,15.94,15.94,100,0
2016-07-01,20:10:00,15.91,15.92,15.91,15.92,300,0
2016-07-01,20:15:00,15.915,15.915,15.915,15.915,1000,0
2016-07-01,20:50:00,16.1,16.1,16.01,16.01,3782,0
2016-07-01,20:55:00,16.01,16.01,16.01,16.01,100,0
2016-07-01,21:00:00,16.02,16.02,15.95,15.95,1600,0
2016-07-01,21:05:00,15.97,15.97,15.97,15.97,300,0
2016-07-01,21:20:00,15.985,15.985,15.985,15.985,100,0
2016-07-01,21:35:00,16.03,16.19,16.03,16.185,1362,0
2016-07-01,21:45:00,16.1,16.1,16.1,16.1,100,0
2016-07-01,21:50:00,16.0959,16.0959,16.0959,16.0959,200,0
2016-07-01,21:55:00,16.1,16.1,16.1,16.1,200,0
2016-07-01,22:00:00,16.1899,16.19,16.07,16.07,600,0
