Date,Time,Open,High,Low,Close,Volume,OpenInt
2015-10-07,15:50:00,24.154,24.154,24.154,24.154,151,0
2015-10-07,16:55:00,24.174,24.174,24.016,24.026,908,0
2015-10-07,17:20:00,24.026,24.026,24.026,24.026,833,0
2015-10-07,17:40:00,24.002,24.002,24.002,24.002,202,0
2015-10-07,19:15:00,24.026,24.026,24.026,24.026,403,0
2015-10-08,15:45:00,24.043,24.043,24.043,24.043,202,0
2015-10-08,16:45:00,24.036,24.036,24.036,24.036,756,0
2015-10-08,18:45:00,24.184,24.204,24.184,24.204,5097,0
2015-10-08,19:45:00,24.178,24.178,24.178,24.178,403,0
2015-10-08,20:05:00,24.244,24.254,24.244,24.254,1311,0
2015-10-08,20:20:00,24.313,24.313,24.234,24.234,827,0
2015-10-08,21:25:00,24.261,24.261,24.261,24.261,605,0
2015-10-09,15:35:00,24.531,24.531,24.531,24.531,204,0
2015-10-09,15:55:00,24.544,24.544,24.544,24.544,1221,0
2015-10-09,16:00:00,24.521,24.521,24.492,24.499,2017,0
2015-10-09,16:10:00,24.452,24.453,24.442,24.442,1210,0
2015-10-09,16:25:00,24.413,24.413,24.413,24.413,807,0
2015-10-09,16:35:00,24.442,24.442,24.442,24.442,706,0
2015-10-09,18:15:00,24.551,24.551,24.482,24.482,403,0
2015-10-12,15:35:00,24.492,24.492,24.492,24.492,102,0
2015-10-12,15:50:00,24.571,24.571,24.571,24.571,101,0
2015-10-12,16:55:00,24.545,24.545,24.545,24.545,101,0
2015-10-12,19:20:00,24.537,24.537,24.537,24.537,101,0
2015-10-12,21:35:00,24.569,24.569,24.569,24.569,121,0
2015-10-12,22:00:00,24.572,24.572,24.572,24.572,202,0
2015-10-13,15:35:00,24.313,24.313,24.313,24.313,117,0
2015-10-13,15:55:00,24.333,24.333,24.333,24.333,287,0
2015-10-13,17:05:00,24.443,24.451,24.442,24.442,756,0
2015-10-14,15:35:00,24.492,24.492,24.492,24.492,237,0
2015-10-14,17:20:00,24.261,24.261,24.224,24.224,202,0
2015-10-14,18:00:00,24.287,24.287,24.287,24.287,101,0
2015-10-15,15:35:00,24.363,24.363,24.363,24.363,696,0
2015-10-15,16:10:00,24.452,24.453,24.452,24.453,744,0
2015-10-15,17:25:00,24.491,24.491,24.491,24.491,101,0
2015-10-16,15:35:00,24.561,24.561,24.561,24.561,305,0
2015-10-16,15:40:00,24.531,24.531,24.521,24.531,303,0
2015-10-16,20:45:00,24.554,24.554,24.554,24.554,101,0
2015-10-19,15:35:00,24.671,24.671,24.641,24.641,809,0
2015-10-19,15:45:00,24.511,24.511,24.511,24.511,101,0
2015-10-19,16:00:00,24.621,24.621,24.621,24.621,525,0
2015-10-20,16:10:00,24.665,24.67,24.665,24.665,908,0
2015-10-20,18:30:00,24.631,24.631,24.631,24.631,101,0
2015-10-20,21:20:00,24.598,24.598,24.598,24.598,101,0
2015-10-21,15:35:00,24.888,24.888,24.888,24.888,507,0
2015-10-21,16:20:00,24.789,24.789,24.789,24.789,101,0
2015-10-21,16:30:00,24.789,24.789,24.789,24.789,505,0
2015-10-21,16:35:00,24.799,24.809,24.799,24.803,1008,0
2015-10-21,17:30:00,24.829,24.829,24.829,24.829,202,0
2015-10-21,21:20:00,24.749,24.749,24.749,24.749,202,0
2015-10-21,21:50:00,24.725,24.728,24.671,24.672,3026,0
2015-10-22,16:10:00,24.988,24.988,24.988,24.988,505,0
2015-10-22,16:15:00,25.008,25.008,25.008,25.008,101,0
2015-10-22,16:35:00,25.096,25.096,25.096,25.096,378,0
2015-10-22,16:55:00,24.988,24.988,24.988,24.988,101,0
2015-10-22,17:05:00,25.03,25.03,25.03,25.03,202,0
2015-10-22,18:00:00,25.068,25.068,25.068,25.068,101,0
2015-10-22,20:30:00,25.081,25.081,25.081,25.081,798,0
2015-10-22,20:35:00,25.071,25.071,25.071,25.071,202,0
2015-10-22,21:15:00,25.097,25.097,25.097,25.097,101,0
2015-10-23,15:35:00,25.483,25.523,25.455,25.455,2975,0
2015-10-23,15:40:00,25.453,25.453,25.453,25.453,1391,0
2015-10-23,15:45:00,25.463,25.466,25.463,25.463,505,0
2015-10-23,15:55:00,25.503,25.503,25.503,25.503,505,0
2015-10-23,16:00:00,25.563,25.563,25.563,25.563,1008,0
2015-10-23,16:05:00,25.563,25.563,25.523,25.523,5043,0
2015-10-23,16:10:00,25.503,25.503,25.503,25.503,1613,0
2015-10-23,16:15:00,25.493,25.493,25.463,25.463,1110,0
2015-10-23,16:20:00,25.424,25.424,25.424,25.424,1008,0
2015-10-23,16:30:00,25.503,25.503,25.503,25.503,403,0
2015-10-23,16:55:00,25.513,25.513,25.513,25.513,101,0
2015-10-23,17:00:00,25.483,25.483,25.483,25.483,908,0
2015-10-23,17:15:00,25.473,25.473,25.473,25.473,1008,0
2015-10-23,17:35:00,25.414,25.414,25.414,25.414,1008,0
2015-10-23,19:10:00,25.473,25.473,25.473,25.473,1008,0
2015-10-23,21:30:00,25.523,25.523,25.523,25.523,1008,0
2015-10-26,14:35:00,25.623,25.623,25.623,25.623,196,0
2015-10-26,15:10:00,25.523,25.523,25.523,25.523,101,0
2015-10-26,17:25:00,25.523,25.523,25.523,25.523,116,0
2015-10-26,18:00:00,25.563,25.563,25.523,25.523,1916,0
2015-10-26,21:00:00,25.483,25.483,25.483,25.483,126,0
2015-10-27,14:35:00,25.444,25.444,25.444,25.444,102,0
2015-10-27,18:25:00,25.256,25.265,25.256,25.265,1008,0
2015-10-27,20:40:00,25.206,25.206,25.206,25.206,101,0
2015-10-28,14:35:00,25.374,25.374,25.374,25.374,173,0
2015-10-28,16:55:00,25.623,25.623,25.623,25.623,303,0
2015-10-28,17:30:00,25.681,25.681,25.681,25.681,101,0
2015-10-28,18:55:00,25.701,25.701,25.689,25.689,1008,0
2015-10-28,19:30:00,25.374,25.374,25.361,25.361,958,0
2015-10-28,20:05:00,25.384,25.384,25.384,25.384,101,0
2015-10-28,20:10:00,25.384,25.384,25.384,25.384,303,0
2015-10-29,14:35:00,25.374,25.374,25.374,25.374,118,0
2015-10-29,14:55:00,25.206,25.206,25.206,25.206,353,0
2015-10-29,16:20:00,25.234,25.234,25.234,25.234,605,0
2015-10-30,16:20:00,25.587,25.587,25.587,25.587,505,0
2015-10-30,17:00:00,25.553,25.553,25.553,25.553,202,0
2015-10-30,20:25:00,25.425,25.425,25.425,25.425,1008,0
2015-11-02,16:00:00,25.741,25.741,25.741,25.741,101,0
2015-11-02,17:15:00,25.814,25.814,25.814,25.814,202,0
2015-11-02,18:15:00,25.775,25.775,25.775,25.775,403,0
2015-11-03,15:35:00,25.671,25.671,25.513,25.513,312,0
2015-11-03,15:40:00,25.553,25.553,25.553,25.553,101,0
2015-11-03,16:35:00,25.583,25.583,25.583,25.583,101,0
2015-11-03,18:05:00,25.613,25.613,25.613,25.613,101,0
2015-11-03,18:50:00,25.671,25.671,25.671,25.671,101,0
2015-11-03,21:35:00,25.681,25.682,25.681,25.682,605,0
2015-11-03,21:40:00,25.671,25.671,25.671,25.671,101,0
2015-11-03,22:00:00,25.593,25.593,25.593,25.593,1110,0
2015-11-04,15:35:00,25.563,25.563,25.563,25.563,202,0
2015-11-04,16:15:00,25.28,25.28,25.226,25.226,2421,0
2015-11-04,16:20:00,25.216,25.216,25.216,25.216,403,0
2015-11-04,16:25:00,25.275,25.275,25.275,25.275,908,0
2015-11-04,16:35:00,25.285,25.285,25.285,25.285,1110,0
2015-11-04,17:25:00,25.156,25.166,25.156,25.156,1611,0
2015-11-04,21:10:00,25.136,25.136,25.136,25.136,403,0
2015-11-05,16:05:00,25.404,25.404,25.394,25.394,202,0
2015-11-05,16:35:00,25.206,25.206,25.206,25.206,303,0
2015-11-05,17:30:00,25.291,25.291,25.291,25.291,151,0
2015-11-05,18:55:00,25.374,25.374,25.325,25.325,908,0
2015-11-05,19:55:00,25.301,25.301,25.301,25.301,505,0
2015-11-05,20:05:00,25.305,25.305,25.305,25.305,505,0
2015-11-06,15:45:00,25.344,25.344,25.305,25.305,908,0
2015-11-06,19:25:00,25.258,25.258,25.258,25.258,140,0
2015-11-06,22:00:00,25.275,25.275,25.275,25.275,202,0
2015-11-09,15:35:00,25.206,25.206,25.206,25.206,202,0
2015-11-09,15:50:00,25.072,25.072,25.057,25.057,303,0
2015-11-09,17:55:00,24.876,24.876,24.876,24.876,202,0
2015-11-09,20:00:00,24.855,24.855,24.855,24.855,1211,0
2015-11-09,22:00:00,24.95,24.95,24.95,24.95,1008,0
2015-11-10,15:35:00,24.789,24.789,24.789,24.789,397,0
2015-11-10,16:15:00,24.755,24.755,24.755,24.755,101,0
2015-11-10,17:35:00,24.749,24.75,24.749,24.75,453,0
2015-11-10,18:20:00,24.799,24.799,24.799,24.799,202,0
2015-11-10,18:30:00,24.779,24.779,24.779,24.779,101,0
2015-11-10,22:00:00,24.839,24.898,24.839,24.898,202,0
2015-11-11,15:35:00,25.196,25.196,25.196,25.196,694,0
2015-11-11,16:30:00,25.028,25.028,25.028,25.028,1228,0
2015-11-11,21:00:00,24.968,24.968,24.968,24.968,252,0
2015-11-12,15:35:00,24.859,24.859,24.769,24.769,605,0
2015-11-12,16:25:00,24.869,24.869,24.869,24.869,101,0
2015-11-12,18:25:00,24.839,24.839,24.836,24.836,706,0
2015-11-12,20:50:00,24.789,24.789,24.789,24.789,101,0
2015-11-12,21:05:00,24.779,24.779,24.779,24.779,101,0
2015-11-13,16:50:00,24.492,24.492,24.492,24.492,202,0
2015-11-13,17:50:00,24.521,24.521,24.521,24.521,101,0
2015-11-13,19:20:00,24.56,24.56,24.56,24.56,303,0
2015-11-16,15:35:00,24.651,24.651,24.651,24.651,2,0
2015-11-16,16:45:00,24.561,24.571,24.561,24.571,1613,0
2015-11-16,19:25:00,24.601,24.601,24.601,24.601,202,0
2015-11-16,19:35:00,24.591,24.591,24.591,24.591,101,0
2015-11-16,19:55:00,24.596,24.601,24.596,24.601,1008,0
2015-11-16,20:25:00,24.621,24.621,24.621,24.621,155,0
2015-11-17,16:05:00,24.911,24.911,24.911,24.911,101,0
2015-11-17,19:10:00,24.889,24.889,24.888,24.888,807,0
2015-11-17,21:30:00,24.72,24.72,24.72,24.72,202,0
2015-11-18,15:35:00,24.829,24.829,24.829,24.829,605,0
2015-11-18,16:10:00,24.964,24.968,24.964,24.967,2219,0
2015-11-18,21:25:00,25.018,25.018,25.018,25.018,1816,0
2015-11-19,15:35:00,25.216,25.216,25.216,25.216,204,0
2015-11-19,18:25:00,25.397,25.397,25.397,25.397,182,0
2015-11-19,19:35:00,25.373,25.385,25.364,25.385,347,0
2015-11-19,19:45:00,25.384,25.384,25.384,25.384,101,0
2015-11-20,15:35:00,25.563,25.563,25.563,25.563,202,0
2015-11-20,16:05:00,25.453,25.453,25.444,25.444,505,0
2015-11-20,17:10:00,25.354,25.354,25.354,25.354,101,0
2015-11-20,17:40:00,25.285,25.285,25.285,25.285,202,0
2015-11-20,21:35:00,25.248,25.248,25.248,25.248,101,0
2015-11-23,17:55:00,25.156,25.156,25.156,25.156,505,0
2015-11-23,21:55:00,25.089,25.089,25.089,25.089,505,0
2015-11-24,15:35:00,24.928,24.928,24.928,24.928,241,0
2015-11-25,17:30:00,25.305,25.305,25.305,25.305,1008,0
2015-11-25,18:00:00,25.328,25.328,25.328,25.328,222,0
2015-11-25,19:45:00,25.345,25.345,25.345,25.345,202,0
2015-11-27,15:35:00,25.681,25.681,25.681,25.681,3203,0
2015-11-27,15:55:00,25.563,25.573,25.523,25.523,416,0
2015-11-27,17:45:00,25.608,25.608,25.608,25.608,101,0
2015-11-27,18:25:00,25.584,25.584,25.584,25.584,202,0
2015-11-27,19:00:00,25.613,25.613,25.613,25.613,101,0
2015-11-30,21:35:00,25.691,25.691,25.691,25.691,106,0
2015-12-01,15:35:00,25.751,25.751,25.751,25.751,303,0
2015-12-01,16:35:00,25.641,25.641,25.641,25.641,232,0
2015-12-01,17:10:00,25.603,25.603,25.593,25.593,1775,0
2015-12-01,17:40:00,25.563,25.563,25.563,25.563,101,0
2015-12-01,17:55:00,25.533,25.533,25.533,25.533,303,0
2015-12-01,18:05:00,25.533,25.533,25.533,25.533,236,0
2015-12-01,18:35:00,25.56,25.56,25.56,25.56,303,0
2015-12-01,18:50:00,25.583,25.583,25.583,25.583,250,0
2015-12-01,19:35:00,25.573,25.573,25.573,25.573,101,0
2015-12-01,21:30:00,25.633,25.633,25.633,25.633,1052,0
2015-12-02,15:35:00,25.543,25.543,25.543,25.543,102,0
2015-12-02,16:20:00,25.404,25.404,25.404,25.404,101,0
2015-12-02,17:25:00,25.314,25.314,25.314,25.314,202,0
2015-12-02,17:30:00,25.335,25.335,25.335,25.335,202,0
2015-12-02,18:30:00,25.285,25.285,25.285,25.285,2219,0
2015-12-03,15:35:00,25.364,25.364,25.285,25.285,837,0
2015-12-03,15:50:00,25.176,25.176,25.176,25.176,101,0
2015-12-03,16:00:00,25.206,25.21,25.206,25.21,403,0
2015-12-03,16:10:00,25.196,25.196,25.196,25.196,101,0
2015-12-03,16:40:00,25.086,25.086,25.086,25.086,101,0
2015-12-03,16:45:00,25.117,25.117,25.117,25.117,202,0
2015-12-03,16:50:00,25.181,25.181,25.181,25.181,519,0
2015-12-03,17:15:00,25.236,25.236,25.236,25.236,101,0
2015-12-03,17:40:00,25.126,25.126,25.126,25.126,101,0
2015-12-03,18:00:00,25.136,25.136,25.121,25.121,2219,0
2015-12-03,18:05:00,25.106,25.106,25.096,25.096,34289,0
2015-12-03,18:15:00,25.096,25.096,25.086,25.086,563,0
2015-12-03,19:35:00,25.038,25.038,25.038,25.038,101,0
2015-12-03,19:40:00,25.038,25.038,25.038,25.038,151,0
2015-12-03,20:50:00,24.984,24.984,24.984,24.984,403,0
2015-12-04,15:35:00,25.086,25.086,24.928,24.928,583,0
2015-12-04,18:30:00,25.022,25.022,25.022,25.022,358,0
2015-12-04,20:10:00,25.227,25.227,25.227,25.227,202,0
2015-12-07,15:35:00,25.345,25.345,25.345,25.345,655,0
2015-12-07,16:05:00,25.186,25.186,25.186,25.186,101,0
2015-12-07,20:05:00,25.216,25.216,25.216,25.216,831,0
2015-12-08,15:35:00,24.928,24.928,24.928,24.928,182,0
2015-12-08,19:00:00,24.869,24.869,24.869,24.869,202,0
2015-12-08,19:55:00,24.888,24.888,24.859,24.859,1089,0
2015-12-08,21:05:00,24.859,24.871,24.859,24.871,202,0
2015-12-08,21:25:00,24.859,24.859,24.859,24.859,242,0
2015-12-09,15:35:00,24.809,24.809,24.809,24.809,625,0
2015-12-09,15:40:00,24.879,24.918,24.879,24.918,605,0
2015-12-09,15:50:00,24.849,24.859,24.84,24.849,706,0
2015-12-09,16:00:00,24.918,24.918,24.918,24.918,202,0
2015-12-09,16:20:00,24.948,24.948,24.948,24.948,101,0
2015-12-09,19:05:00,24.656,24.656,24.656,24.656,1008,0
2015-12-09,19:30:00,24.686,24.686,24.686,24.686,101,0
2015-12-09,20:25:00,24.739,24.739,24.739,24.739,101,0
2015-12-09,21:35:00,24.839,24.839,24.839,24.839,101,0
2015-12-09,21:50:00,24.759,24.759,24.759,24.759,101,0
2015-12-11,15:35:00,24.442,24.442,24.442,24.442,103,0
2015-12-11,15:50:00,24.349,24.349,24.343,24.343,529,0
2015-12-11,16:00:00,24.303,24.303,24.303,24.303,359,0
2015-12-11,16:50:00,24.331,24.331,24.331,24.331,303,0
2015-12-11,17:00:00,24.333,24.333,24.333,24.333,101,0
2015-12-11,18:20:00,24.294,24.294,24.294,24.294,101,0
2015-12-14,15:55:00,24.194,24.194,24.194,24.194,403,0
2015-12-14,16:35:00,24.109,24.109,24.109,24.109,505,0
2015-12-14,16:40:00,24.123,24.123,24.123,24.123,1008,0
2015-12-14,16:50:00,24.154,24.204,24.144,24.144,605,0
2015-12-14,17:10:00,24.096,24.096,24.096,24.096,10085,0
2015-12-14,18:20:00,24.134,24.134,24.134,24.134,101,0
2015-12-14,20:00:00,24.016,24.016,24.016,24.016,101,0
2015-12-15,16:50:00,24.444,24.444,24.444,24.444,101,0
2015-12-16,19:50:00,24.591,24.591,24.591,24.591,101,0
2015-12-16,20:10:00,24.661,24.661,24.661,24.661,1110,0
2015-12-16,20:20:00,24.661,24.661,24.661,24.661,908,0
2015-12-17,16:30:00,24.958,24.958,24.958,24.958,201,0
2015-12-17,18:10:00,24.849,24.849,24.849,24.849,241,0
2015-12-17,20:30:00,24.882,24.882,24.882,24.882,354,0
2015-12-17,21:35:00,24.769,24.769,24.76,24.76,307,0
2015-12-18,16:55:00,24.501,24.501,24.501,24.501,101,0
2015-12-21,15:35:00,24.551,24.963,24.551,24.946,1511,0
2015-12-21,16:10:00,24.869,24.869,24.869,24.869,101,0
2015-12-21,16:35:00,24.869,24.869,24.869,24.869,101,0
2015-12-21,20:10:00,24.579,24.579,24.579,24.579,151,0
2015-12-21,21:15:00,24.541,24.541,24.541,24.541,202,0
2015-12-21,21:40:00,24.492,24.492,24.492,24.492,303,0
2015-12-22,15:35:00,24.646,24.646,24.646,24.646,202,0
2015-12-22,16:15:00,24.601,24.601,24.601,24.601,367,0
2015-12-22,17:50:00,24.627,24.627,24.627,24.627,101,0
2015-12-22,19:00:00,24.641,24.641,24.631,24.631,504,0
2015-12-23,15:35:00,25.018,25.018,25.018,25.018,104,0
2015-12-23,15:40:00,24.938,24.938,24.938,24.938,302,0
2015-12-23,16:00:00,24.961,24.961,24.961,24.961,472,0
2015-12-23,16:20:00,24.988,24.988,24.988,24.988,101,0
2015-12-23,18:00:00,24.928,24.928,24.928,24.928,332,0
2015-12-23,18:45:00,24.964,24.964,24.964,24.964,101,0
2015-12-23,19:35:00,24.988,24.988,24.988,24.988,121,0
2015-12-23,19:50:00,24.948,25.008,24.948,24.998,1206,0
2015-12-23,21:10:00,25.028,25.028,25.028,25.028,503,0
2015-12-23,21:50:00,25.068,25.068,25.068,25.068,201,0
2015-12-24,17:00:00,24.998,25.058,24.988,25.038,1106,0
2015-12-28,15:35:00,24.888,24.888,24.888,24.888,1005,0
2015-12-28,16:10:00,25.018,25.018,25.018,25.018,101,0
2015-12-28,19:15:00,25.004,25.008,25.002,25.004,3734,0
2015-12-28,19:35:00,25.048,25.048,25.048,25.048,101,0
2015-12-28,20:40:00,25.008,25.043,25.008,25.043,5127,0
2015-12-28,21:35:00,25.058,25.058,25.058,25.058,1446,0
2015-12-29,15:35:00,25.266,25.266,25.266,25.266,282,0
2015-12-29,16:15:00,25.266,25.276,25.266,25.276,450,0
2015-12-29,16:35:00,25.315,25.315,25.315,25.315,201,0
2015-12-29,18:55:00,25.326,25.326,25.326,25.326,1005,0
2015-12-29,21:40:00,25.403,25.403,25.403,25.403,503,0
2015-12-30,15:35:00,25.296,25.296,25.048,25.048,402,0
2015-12-30,19:50:00,25.007,25.007,24.938,24.938,201,0
2015-12-31,15:35:00,24.888,24.888,24.869,24.869,1030,0
2015-12-31,16:55:00,24.739,24.739,24.739,24.739,452,0
2015-12-31,17:00:00,24.819,24.819,24.819,24.819,302,0
2015-12-31,17:50:00,24.789,24.789,24.789,24.789,1005,0
2015-12-31,18:05:00,24.846,24.846,24.846,24.846,101,0
2015-12-31,18:35:00,24.59,24.59,24.59,24.59,251,0
2015-12-31,19:15:00,24.759,24.759,24.759,24.759,2262,0
2016-01-04,15:35:00,24.302,24.302,24.302,24.302,328,0
2016-01-04,16:25:00,23.874,23.874,23.874,23.874,101,0
2016-01-04,16:35:00,23.824,23.824,23.814,23.814,402,0
2016-01-04,16:55:00,23.817,23.817,23.817,23.817,201,0
2016-01-04,17:00:00,23.764,23.764,23.764,23.764,1005,0
2016-01-04,17:15:00,23.695,23.695,23.695,23.695,503,0
2016-01-04,17:20:00,23.665,23.665,23.665,23.665,503,0
2016-01-04,17:30:00,23.659,23.659,23.659,23.659,402,0
2016-01-04,18:35:00,23.803,23.803,23.803,23.803,302,0
2016-01-04,19:40:00,23.886,23.886,23.886,23.886,101,0
2016-01-04,19:55:00,23.874,23.874,23.874,23.874,302,0
2016-01-04,20:10:00,23.874,23.874,23.874,23.874,1023,0
2016-01-04,20:25:00,23.834,23.834,23.834,23.834,101,0
2016-01-04,20:45:00,23.863,23.863,23.863,23.863,101,0
2016-01-05,15:35:00,23.844,23.844,23.774,23.774,764,0
2016-01-05,15:55:00,23.725,23.725,23.725,23.725,2093,0
2016-01-05,16:15:00,23.62,23.624,23.565,23.565,1106,0
2016-01-05,17:25:00,23.625,23.625,23.625,23.625,101,0
2016-01-05,17:55:00,23.665,23.665,23.665,23.665,201,0
2016-01-05,18:05:00,23.655,23.655,23.655,23.655,344,0
2016-01-05,20:30:00,23.744,23.744,23.725,23.725,503,0
2016-01-06,15:35:00,23.357,23.357,23.357,23.357,206,0
2016-01-06,16:15:00,23.297,23.297,23.297,23.297,402,0
2016-01-06,18:20:00,23.506,23.506,23.506,23.506,101,0
2016-01-06,19:45:00,23.469,23.469,23.468,23.468,672,0
2016-01-06,20:05:00,23.326,23.326,23.326,23.326,784,0
2016-01-06,22:00:00,23.456,23.456,23.456,23.456,101,0
2016-01-07,15:35:00,23.187,23.187,23.187,23.187,195,0
2016-01-07,15:40:00,23.153,23.153,23.153,23.153,101,0
2016-01-07,15:45:00,23.196,23.196,23.148,23.148,930,0
2016-01-07,16:15:00,23.099,23.099,23.099,23.099,573,0
2016-01-07,16:20:00,23.146,23.146,23.146,23.146,382,0
2016-01-07,17:05:00,23.272,23.272,23.272,23.272,101,0
2016-01-07,17:50:00,23.197,23.197,23.197,23.197,402,0
2016-01-07,19:00:00,23.138,23.138,23.128,23.128,854,0
2016-01-07,19:55:00,23.078,23.078,23.078,23.078,101,0
2016-01-07,20:35:00,23.038,23.038,23.038,23.038,151,0
2016-01-08,17:05:00,23.128,23.128,23.128,23.128,101,0
2016-01-08,17:20:00,23.081,23.087,23.081,23.087,342,0
2016-01-08,19:10:00,23.078,23.078,23.078,23.078,965,0
2016-01-08,20:25:00,23.028,23.028,23.028,23.028,402,0
2016-01-08,21:00:00,22.967,22.967,22.967,22.967,1005,0
2016-01-08,21:45:00,22.879,22.879,22.839,22.879,503,0
2016-01-08,21:50:00,22.809,22.879,22.799,22.819,1206,0
2016-01-11,15:35:00,23.068,23.068,23.068,23.068,1717,0
2016-01-11,15:40:00,23.108,23.108,23.108,23.108,101,0
2016-01-11,15:45:00,23.108,23.108,23.108,23.108,101,0
2016-01-11,16:00:00,23.128,23.128,23.128,23.128,164,0
2016-01-11,16:10:00,23.146,23.146,23.146,23.146,101,0
2016-01-11,16:15:00,23.108,23.148,23.068,23.078,6756,0
2016-01-11,16:25:00,23.088,23.106,23.088,23.106,704,0
2016-01-11,16:40:00,23.156,23.156,23.156,23.156,101,0
2016-01-11,17:35:00,22.909,22.909,22.909,22.909,101,0
2016-01-11,18:25:00,22.929,22.929,22.929,22.929,1,0
2016-01-11,20:05:00,22.845,22.845,22.845,22.845,201,0
2016-01-11,21:30:00,22.913,22.913,22.913,22.913,40,0
2016-01-11,21:40:00,22.988,22.998,22.988,22.998,1036,0
2016-01-12,15:35:00,23.257,23.257,23.257,23.257,202,0
2016-01-12,16:05:00,23.317,23.317,23.317,23.317,101,0
2016-01-12,16:15:00,23.317,23.317,23.317,23.317,101,0
2016-01-12,21:00:00,23.277,23.277,23.277,23.277,201,0
2016-01-12,21:05:00,23.244,23.244,23.244,23.244,704,0
2016-01-12,21:15:00,23.256,23.256,23.197,23.197,292,0
2016-01-12,21:25:00,23.277,23.277,23.277,23.277,161,0
2016-01-13,15:35:00,23.366,23.366,23.366,23.366,504,0
2016-01-13,17:25:00,23.138,23.148,23.118,23.148,4122,0
2016-01-13,20:45:00,22.74,22.74,22.73,22.73,1260,0
2016-01-13,21:35:00,22.793,22.793,22.793,22.793,2011,0
2016-01-14,15:50:00,22.748,22.748,22.748,22.748,169,0
2016-01-14,16:10:00,22.71,22.71,22.71,22.71,462,0
2016-01-14,16:15:00,22.72,22.72,22.72,22.72,101,0
2016-01-14,16:25:00,22.77,22.799,22.77,22.799,503,0
2016-01-14,17:10:00,22.835,22.835,22.835,22.835,101,0
2016-01-14,17:15:00,22.829,22.829,22.829,22.829,131,0
2016-01-14,17:55:00,22.829,22.879,22.829,22.829,3518,0
2016-01-14,19:00:00,22.97,22.97,22.97,22.97,302,0
2016-01-14,19:35:00,23.038,23.038,23.037,23.037,201,0
2016-01-14,20:15:00,23.038,23.048,23.038,23.048,201,0
2016-01-14,20:55:00,23.088,23.088,23.088,23.088,503,0
2016-01-14,21:55:00,22.949,22.949,22.949,22.949,101,0
2016-01-15,15:35:00,22.392,22.392,21.984,21.984,377,0
2016-01-15,16:15:00,22.252,22.252,22.252,22.252,101,0
2016-01-15,16:20:00,22.272,22.272,22.272,22.272,101,0
2016-01-15,16:35:00,22.362,22.402,22.362,22.402,201,0
2016-01-15,16:40:00,22.435,22.435,22.435,22.435,211,0
2016-01-15,17:05:00,22.232,22.232,22.232,22.232,101,0
2016-01-15,18:00:00,22.242,22.242,22.242,22.242,101,0
2016-01-15,18:50:00,22.153,22.153,22.153,22.153,101,0
2016-01-15,19:05:00,22.163,22.163,22.163,22.163,101,0
2016-01-15,20:10:00,22.123,22.123,22.123,22.123,101,0
2016-01-15,20:35:00,22.103,22.103,22.053,22.053,201,0
2016-01-15,21:10:00,22.183,22.183,22.183,22.183,101,0
2016-01-15,21:20:00,22.143,22.143,22.143,22.143,101,0
2016-01-15,21:40:00,22.253,22.253,22.253,22.253,101,0
2016-01-15,21:55:00,22.143,22.163,22.143,22.163,201,0
2016-01-15,22:00:00,22.143,22.143,22.143,22.143,201,0
2016-01-19,15:35:00,22.601,22.601,22.601,22.601,804,0
2016-01-19,15:50:00,22.559,22.559,22.559,22.559,101,0
2016-01-19,16:10:00,22.567,22.567,22.567,22.567,201,0
2016-01-19,17:20:00,22.54,22.54,22.54,22.54,101,0
2016-01-19,17:35:00,22.521,22.521,22.521,22.521,302,0
2016-01-19,17:45:00,22.551,22.551,22.551,22.551,49,0
2016-01-19,19:05:00,22.471,22.481,22.471,22.481,1005,0
2016-01-19,19:25:00,22.498,22.498,22.498,22.498,20,0
2016-01-19,20:45:00,22.323,22.323,22.323,22.323,895,0
2016-01-19,21:50:00,22.461,22.461,22.461,22.461,101,0
2016-01-20,15:35:00,22.034,22.034,22.024,22.024,638,0
2016-01-20,15:40:00,22.079,22.079,22.079,22.079,201,0
2016-01-20,16:00:00,21.985,22.034,21.974,22.034,905,0
2016-01-20,17:35:00,21.914,21.914,21.914,21.914,101,0
2016-01-20,20:55:00,21.944,21.944,21.944,21.944,101,0
2016-01-20,22:00:00,22.053,22.053,22.053,22.053,603,0
2016-01-21,15:35:00,22.223,22.223,22.223,22.223,140,0
2016-01-21,15:50:00,21.974,21.974,21.974,21.974,101,0
2016-01-21,16:05:00,21.954,21.954,21.954,21.954,201,0
2016-01-21,18:15:00,22.392,22.392,22.392,22.392,101,0
2016-01-21,21:35:00,22.302,22.302,22.302,22.302,270,0
2016-01-22,15:50:00,22.681,22.698,22.681,22.698,402,0
2016-01-25,15:35:00,22.7,22.7,22.7,22.7,101,0
2016-01-25,17:00:00,22.52,22.52,22.52,22.52,503,0
2016-01-25,17:20:00,22.491,22.491,22.491,22.491,101,0
2016-01-25,17:50:00,22.511,22.511,22.511,22.511,101,0
2016-01-25,21:50:00,22.481,22.481,22.481,22.481,101,0
2016-01-26,17:40:00,22.849,22.849,22.849,22.849,101,0
2016-01-26,17:45:00,22.818,22.859,22.818,22.859,201,0
2016-01-26,19:00:00,22.899,22.899,22.899,22.899,101,0
2016-01-26,19:20:00,22.898,22.898,22.898,22.898,302,0
2016-01-26,19:30:00,22.909,22.919,22.909,22.919,1005,0
2016-01-26,20:05:00,22.879,22.879,22.879,22.879,302,0
2016-01-26,20:15:00,22.838,22.838,22.838,22.838,302,0
2016-01-27,15:50:00,22.969,22.969,22.969,22.969,649,0
2016-01-27,20:25:00,22.963,22.963,22.963,22.963,101,0
2016-01-28,16:20:00,22.581,22.581,22.581,22.581,101,0
2016-01-28,16:35:00,22.511,22.511,22.511,22.511,201,0
2016-01-28,17:55:00,22.529,22.529,22.529,22.529,101,0
2016-01-28,18:10:00,22.547,22.547,22.547,22.547,504,0
2016-01-28,20:25:00,22.67,22.67,22.67,22.67,503,0
2016-01-28,21:30:00,22.607,22.607,22.607,22.607,201,0
2016-01-28,21:50:00,22.63,22.67,22.63,22.63,3777,0
2016-01-29,19:10:00,22.72,22.72,22.72,22.72,503,0
2016-02-01,15:35:00,22.69,22.69,22.69,22.69,230,0
2016-02-01,15:45:00,22.61,22.61,22.61,22.61,402,0
2016-02-01,17:20:00,22.7,22.7,22.7,22.7,2212,0
2016-02-01,17:35:00,22.66,22.66,22.66,22.66,5022,0
2016-02-01,18:20:00,22.699,22.699,22.699,22.699,101,0
2016-02-01,20:35:00,22.72,22.72,22.7,22.7,201,0
2016-02-01,21:35:00,22.823,22.829,22.823,22.829,4021,0
2016-02-01,21:50:00,22.829,22.829,22.829,22.829,603,0
2016-02-01,21:55:00,22.74,22.751,22.74,22.751,804,0
2016-02-01,22:00:00,22.73,22.73,22.73,22.73,402,0
2016-02-02,15:40:00,22.412,22.412,22.412,22.412,101,0
2016-02-02,15:45:00,22.433,22.433,22.433,22.433,201,0
2016-02-02,16:05:00,22.406,22.406,22.406,22.406,126,0
2016-02-03,15:35:00,22.402,22.402,22.402,22.402,201,0
2016-02-03,16:15:00,22.274,22.274,22.274,22.274,101,0
2016-02-03,16:50:00,22.342,22.342,22.342,22.342,101,0
2016-02-03,17:25:00,22.282,22.282,22.282,22.282,101,0
2016-02-03,17:50:00,22.352,22.352,22.352,22.352,101,0
2016-02-03,19:50:00,22.352,22.352,22.352,22.352,101,0
2016-02-04,15:35:00,22.262,22.262,22.262,22.262,530,0
2016-02-04,18:05:00,22.489,22.489,22.489,22.489,327,0
2016-02-05,16:45:00,22.252,22.252,22.252,22.252,241,0
2016-02-05,17:25:00,22.163,22.163,22.163,22.163,101,0
2016-02-05,20:10:00,22.083,22.083,22.083,22.083,101,0
2016-02-08,15:35:00,21.695,21.695,21.447,21.447,704,0
2016-02-08,15:45:00,21.506,21.506,21.506,21.506,101,0
2016-02-08,15:50:00,21.576,21.576,21.576,21.576,101,0
2016-02-08,16:20:00,21.478,21.478,21.478,21.478,463,0
2016-02-08,16:25:00,21.462,21.462,21.462,21.462,201,0
2016-02-08,20:00:00,21.358,21.358,21.358,21.358,276,0
2016-02-08,20:05:00,21.383,21.383,21.383,21.383,905,0
2016-02-08,20:25:00,21.447,21.447,21.447,21.447,678,0
2016-02-09,15:35:00,21.178,21.178,21.178,21.178,679,0
2016-02-09,15:45:00,21.367,21.367,21.367,21.367,905,0
2016-02-09,15:55:00,21.476,21.476,21.476,21.476,167,0
2016-02-09,16:05:00,21.536,21.536,21.536,21.536,503,0
2016-02-09,16:50:00,21.402,21.402,21.402,21.402,427,0
2016-02-09,16:55:00,21.377,21.377,21.377,21.377,187,0
2016-02-09,17:20:00,21.504,21.504,21.504,21.504,1005,0
2016-02-09,21:10:00,21.626,21.636,21.626,21.636,854,0
2016-02-09,22:00:00,21.496,21.516,21.496,21.516,3720,0
2016-02-10,18:20:00,21.656,21.656,21.656,21.656,101,0
2016-02-10,18:25:00,21.685,21.685,21.685,21.685,101,0
2016-02-10,21:00:00,21.76,21.767,21.76,21.767,503,0
2016-02-11,15:35:00,21.397,21.412,21.388,21.397,1637,0
2016-02-11,18:00:00,21.287,21.287,21.287,21.287,452,0
2016-02-11,19:05:00,21.298,21.298,21.298,21.298,101,0
2016-02-11,20:30:00,21.337,21.35,21.337,21.35,402,0
2016-02-12,18:40:00,21.569,21.569,21.569,21.569,176,0
2016-02-12,20:10:00,21.571,21.571,21.571,21.571,201,0
2016-02-12,20:50:00,21.586,21.586,21.586,21.586,201,0
2016-02-12,21:25:00,21.606,21.606,21.596,21.596,201,0
2016-02-12,21:30:00,21.606,21.606,21.606,21.606,101,0
2016-02-17,15:35:00,22.252,22.252,22.252,22.252,101,0
2016-02-17,18:05:00,22.388,22.388,22.385,22.385,1910,0
2016-02-17,18:25:00,22.362,22.362,22.362,22.362,201,0
2016-02-18,15:35:00,22.65,22.65,22.65,22.65,410,0
2016-02-18,16:15:00,22.441,22.441,22.441,22.441,151,0
2016-02-18,17:35:00,22.491,22.521,22.481,22.521,905,0
2016-02-19,15:35:00,22.392,22.392,22.203,22.203,402,0
2016-02-19,18:40:00,22.311,22.311,22.311,22.311,377,0
2016-02-22,17:05:00,22.511,22.537,22.511,22.511,3599,0
2016-02-22,19:55:00,22.597,22.597,22.597,22.597,101,0
2016-02-22,22:00:00,22.561,22.561,22.551,22.551,553,0
2016-02-23,16:15:00,22.342,22.342,22.332,22.332,5026,0
2016-02-24,15:35:00,21.745,21.745,21.601,21.601,350,0
2016-02-24,21:50:00,21.904,21.904,21.904,21.904,101,0
2016-02-26,15:50:00,22.342,22.342,22.342,22.342,101,0
2016-02-26,15:55:00,22.342,22.342,22.342,22.342,201,0
2016-02-26,16:00:00,22.342,22.342,22.342,22.342,611,0
2016-02-26,16:45:00,22.332,22.332,22.332,22.332,101,0
2016-02-26,17:05:00,22.282,22.282,22.282,22.282,754,0
2016-02-26,17:30:00,22.326,22.328,22.326,22.328,1005,0
2016-02-26,19:55:00,22.232,22.232,22.232,22.232,101,0
2016-02-29,15:35:00,22.292,22.292,21.964,21.964,773,0
2016-02-29,18:20:00,22.024,22.024,22.024,22.024,101,0
2016-03-01,17:50:00,22.571,22.571,22.571,22.571,503,0
2016-03-01,18:20:00,22.601,22.601,22.601,22.601,503,0
2016-03-01,19:45:00,22.66,22.66,22.66,22.66,201,0
2016-03-01,20:20:00,22.65,22.67,22.65,22.67,1984,0
2016-03-01,21:50:00,22.67,22.67,22.67,22.67,201,0
2016-03-02,15:35:00,22.511,22.511,22.511,22.511,995,0
2016-03-02,15:45:00,22.521,22.531,22.521,22.531,645,0
2016-03-02,16:45:00,22.491,22.491,22.491,22.491,1206,0
2016-03-03,16:45:00,22.755,22.755,22.73,22.755,402,0
2016-03-03,18:25:00,22.829,22.829,22.829,22.829,101,0
2016-03-03,19:25:00,22.919,22.919,22.919,22.919,101,0
2016-03-04,15:35:00,23.128,23.128,23.128,23.128,152,0
2016-03-04,15:50:00,23.038,23.038,23.038,23.038,101,0
2016-03-04,16:55:00,23.068,23.068,23.068,23.068,201,0
2016-03-04,19:20:00,23.098,23.158,23.098,23.098,302,0
2016-03-07,15:35:00,22.879,22.879,22.879,22.879,905,0
2016-03-07,16:25:00,22.859,22.859,22.859,22.859,1005,0
2016-03-07,17:00:00,22.929,22.929,22.919,22.929,603,0
2016-03-08,15:55:00,22.957,22.957,22.957,22.957,875,0
2016-03-08,17:30:00,22.849,22.849,22.84,22.84,201,0
2016-03-08,17:50:00,22.84,22.84,22.84,22.84,1005,0
2016-03-08,18:45:00,22.839,22.856,22.839,22.856,804,0
2016-03-08,18:50:00,22.878,22.878,22.878,22.878,101,0
2016-03-08,20:05:00,22.879,22.879,22.879,22.879,101,0
2016-03-08,20:35:00,22.879,22.879,22.879,22.879,216,0
2016-03-08,21:15:00,22.809,22.809,22.809,22.809,603,0
2016-03-08,21:20:00,22.799,22.799,22.799,22.799,1156,0
2016-03-09,16:35:00,22.879,22.879,22.879,22.879,101,0
2016-03-09,17:35:00,22.919,22.919,22.919,22.919,503,0
2016-03-09,21:20:00,22.869,22.869,22.869,22.869,1508,0
2016-03-10,15:35:00,23.108,23.187,23.108,23.187,404,0
2016-03-10,15:55:00,23.252,23.252,23.252,23.252,503,0
2016-03-10,16:15:00,23.277,23.277,23.217,23.217,1106,0
2016-03-10,16:20:00,23.321,23.321,23.321,23.321,70,0
2016-03-10,16:30:00,23.247,23.247,23.247,23.247,10,0
2016-03-10,16:40:00,23.098,23.098,22.889,22.889,687,0
2016-03-10,17:00:00,22.879,22.879,22.879,22.879,1005,0
2016-03-10,18:15:00,22.735,22.735,22.735,22.735,101,0
2016-03-10,20:15:00,22.561,22.561,22.561,22.561,40,0
2016-03-10,21:10:00,22.76,22.76,22.76,22.76,176,0
2016-03-11,16:25:00,23.327,23.327,23.327,23.327,101,0
2016-03-11,16:45:00,23.348,23.348,23.348,23.348,101,0
2016-03-11,17:35:00,23.446,23.446,23.446,23.446,401,0
2016-03-11,18:00:00,23.534,23.534,23.534,23.534,201,0
2016-03-11,20:25:00,23.486,23.486,23.486,23.486,251,0
2016-03-11,21:00:00,23.486,23.486,23.486,23.486,1005,0
2016-03-11,21:05:00,23.49,23.496,23.49,23.496,754,0
2016-03-11,21:10:00,23.526,23.526,23.526,23.526,402,0
2016-03-11,21:50:00,23.595,23.595,23.595,23.595,352,0
2016-03-14,14:35:00,23.575,23.575,23.575,23.575,554,0
2016-03-14,14:55:00,23.585,23.585,23.585,23.585,101,0
2016-03-14,15:20:00,23.655,23.655,23.655,23.655,101,0
2016-03-14,15:35:00,23.681,23.681,23.681,23.681,503,0
2016-03-14,16:05:00,23.648,23.685,23.648,23.685,1005,0
2016-03-15,14:35:00,23.396,23.396,23.396,23.396,1357,0
2016-03-15,15:10:00,23.491,23.491,23.486,23.486,352,0
2016-03-15,17:30:00,23.571,23.571,23.571,23.571,201,0
2016-03-16,14:35:00,23.476,23.476,23.476,23.476,689,0
2016-03-16,17:50:00,23.602,23.602,23.602,23.602,302,0
2016-03-16,18:00:00,23.624,23.624,23.621,23.621,201,0
2016-03-16,19:50:00,23.914,23.924,23.914,23.924,1155,0
2016-03-16,19:55:00,23.924,23.924,23.924,23.924,101,0
2016-03-16,20:15:00,23.844,23.844,23.844,23.844,101,0
2016-03-17,14:35:00,23.864,23.864,23.864,23.864,201,0
2016-03-17,14:50:00,23.685,23.708,23.685,23.708,1608,0
2016-03-17,15:40:00,23.754,23.754,23.754,23.754,101,0
2016-03-17,16:40:00,23.784,23.784,23.784,23.784,201,0
2016-03-17,19:00:00,23.918,23.922,23.918,23.922,503,0
2016-03-17,20:50:00,23.894,23.963,23.894,23.963,201,0
2016-03-18,14:35:00,23.973,23.973,23.973,23.973,2011,0
2016-03-18,14:45:00,23.927,23.927,23.927,23.927,101,0
2016-03-21,16:20:00,23.924,23.924,23.924,23.924,201,0
2016-03-21,16:50:00,23.894,23.894,23.894,23.894,101,0
2016-03-21,18:50:00,23.877,23.877,23.877,23.877,503,0
2016-03-21,20:55:00,23.864,23.864,23.864,23.864,1005,0
2016-03-22,14:35:00,23.665,23.734,23.665,23.734,633,0
2016-03-22,16:35:00,23.804,23.804,23.804,23.804,1005,0
2016-03-22,17:25:00,23.862,23.862,23.862,23.862,1508,0
2016-03-22,19:35:00,23.963,23.963,23.963,23.963,877,0
2016-03-22,19:50:00,23.939,23.939,23.939,23.939,447,0
2016-03-22,20:15:00,23.874,23.874,23.874,23.874,503,0
2016-03-22,20:30:00,23.909,23.909,23.909,23.909,450,0
2016-03-22,21:00:00,23.864,23.864,23.864,23.864,1067,0
2016-03-23,14:45:00,23.964,23.97,23.964,23.97,1005,0
2016-03-24,14:35:00,23.605,23.605,23.605,23.605,101,0
2016-03-24,14:40:00,23.526,23.526,23.526,23.526,1005,0
2016-03-28,17:30:00,23.479,23.479,23.479,23.479,1558,0
2016-03-28,20:40:00,23.546,23.547,23.546,23.547,302,0
2016-03-28,22:00:00,23.546,23.565,23.546,23.565,201,0
2016-03-29,17:25:00,23.622,23.622,23.622,23.622,184,0
2016-03-30,15:35:00,24.232,24.232,24.232,24.232,402,0
2016-03-30,15:45:00,24.34,24.34,24.34,24.34,101,0
2016-03-30,16:00:00,24.403,24.403,24.403,24.403,201,0
2016-03-30,16:30:00,24.401,24.401,24.401,24.401,251,0
2016-03-30,17:25:00,24.401,24.401,24.401,24.401,101,0
2016-03-30,19:20:00,24.212,24.222,24.212,24.222,201,0
2016-03-30,20:00:00,24.277,24.277,24.277,24.277,362,0
2016-03-30,20:05:00,24.272,24.272,24.272,24.272,151,0
2016-03-30,20:30:00,24.321,24.321,24.312,24.312,503,0
2016-03-31,15:35:00,24.272,24.272,24.272,24.272,2011,0
2016-03-31,16:20:00,24.26,24.26,24.242,24.242,1206,0
2016-03-31,17:00:00,24.189,24.189,24.172,24.172,201,0
2016-04-01,15:35:00,23.695,23.695,23.695,23.695,402,0
2016-04-01,17:35:00,23.764,23.764,23.764,23.764,101,0
2016-04-01,17:40:00,23.764,23.824,23.764,23.824,1005,0
2016-04-01,18:55:00,23.754,23.754,23.754,23.754,231,0
2016-04-01,21:50:00,23.864,23.864,23.864,23.864,352,0
2016-04-04,16:00:00,23.962,23.962,23.924,23.962,704,0
2016-04-04,17:15:00,23.854,23.854,23.854,23.854,250,0
2016-04-04,19:00:00,23.878,23.878,23.878,23.878,183,0
2016-04-05,15:35:00,23.272,23.272,23.138,23.139,3619,0
2016-04-06,15:55:00,23.177,23.233,23.177,23.233,358,0
2016-04-06,16:15:00,23.257,23.257,23.257,23.257,503,0
2016-04-06,16:35:00,23.217,23.217,23.217,23.217,121,0
2016-04-06,21:40:00,23.476,23.476,23.476,23.476,694,0
2016-04-06,21:55:00,23.546,23.555,23.466,23.466,2523,0
2016-04-07,15:35:00,23.257,23.257,23.257,23.257,603,0
2016-04-07,16:00:00,23.277,23.277,23.277,23.277,101,0
2016-04-08,15:35:00,23.546,23.546,23.546,23.546,302,0
2016-04-08,15:40:00,23.496,23.496,23.496,23.496,101,0
2016-04-08,18:35:00,23.388,23.388,23.388,23.388,217,0
2016-04-08,18:45:00,23.432,23.436,23.432,23.436,503,0
2016-04-11,20:45:00,23.615,23.615,23.615,23.615,1005,0
2016-04-12,15:35:00,23.536,23.536,23.536,23.536,1005,0
2016-04-12,16:30:00,23.426,23.426,23.426,23.426,151,0
2016-04-13,16:00:00,23.993,23.993,23.993,23.993,1206,0
2016-04-13,16:05:00,24.024,24.024,23.993,23.993,503,0
2016-04-13,16:30:00,24.043,24.043,24.043,24.043,455,0
2016-04-13,17:00:00,24.008,24.008,24.003,24.008,603,0
2016-04-13,18:15:00,24.065,24.065,24.065,24.065,503,0
2016-04-13,20:55:00,24.063,24.063,24.063,24.063,101,0
2016-04-13,21:50:00,24.103,24.103,24.093,24.103,1005,0
2016-04-14,16:20:00,24.222,24.222,24.222,24.222,201,0
2016-04-14,16:40:00,24.212,24.212,24.212,24.212,101,0
2016-04-14,21:55:00,24.222,24.222,24.222,24.222,121,0
2016-04-15,15:35:00,24.152,24.152,24.152,24.152,769,0
2016-04-15,17:45:00,24.178,24.178,24.178,24.178,101,0
2016-04-15,19:50:00,24.093,24.093,24.093,24.093,302,0
2016-04-15,20:35:00,24.103,24.103,24.103,24.103,503,0
2016-04-18,16:10:00,24.269,24.269,24.252,24.252,201,0
2016-04-18,16:25:00,24.282,24.282,24.282,24.282,488,0
2016-04-18,16:35:00,24.292,24.292,24.292,24.292,2011,0
2016-04-18,22:00:00,24.421,24.421,24.421,24.421,201,0
2016-04-19,15:35:00,24.928,24.928,24.928,24.928,635,0
2016-04-19,15:40:00,25.018,25.018,25.018,25.018,302,0
2016-04-19,15:45:00,24.978,24.978,24.928,24.928,261,0
2016-04-19,15:55:00,24.993,24.993,24.993,24.993,101,0
2016-04-19,17:30:00,25.038,25.045,25.038,25.045,704,0
2016-04-19,19:10:00,24.988,24.988,24.988,24.988,126,0
2016-04-19,19:55:00,25.018,25.018,25.018,25.018,101,0
2016-04-20,17:10:00,25.068,25.068,25.068,25.068,1005,0
2016-04-20,19:00:00,25.107,25.107,25.107,25.107,101,0
2016-04-20,20:55:00,25.127,25.127,25.127,25.127,101,0
2016-04-21,16:10:00,24.869,24.869,24.869,24.869,101,0
2016-04-21,16:50:00,25.077,25.077,25.028,25.028,201,0
2016-04-22,17:45:00,24.848,24.848,24.848,24.848,402,0
2016-04-22,17:50:00,24.789,24.789,24.789,24.789,302,0
2016-04-25,15:35:00,24.68,24.68,24.68,24.68,207,0
2016-04-25,16:20:00,24.61,24.62,24.55,24.62,500,0
2016-04-25,17:30:00,24.69,24.69,24.69,24.69,1709,0
2016-04-25,17:35:00,24.68,24.68,24.68,24.68,603,0
2016-04-25,22:00:00,24.719,24.719,24.719,24.719,211,0
2016-04-26,16:15:00,24.69,24.759,24.69,24.69,905,0
2016-04-27,15:35:00,24.719,24.719,24.719,24.719,387,0
2016-04-27,16:40:00,24.769,24.769,24.769,24.769,101,0
2016-04-29,16:55:00,24.52,24.552,24.52,24.552,603,0
2016-05-02,16:10:00,24.759,24.759,24.759,24.759,1709,0
2016-05-02,17:10:00,24.799,24.799,24.799,24.799,3167,0
2016-05-02,19:05:00,24.799,24.807,24.789,24.807,603,0
2016-05-02,19:10:00,24.819,24.819,24.819,24.819,101,0
2016-05-02,21:15:00,24.898,24.898,24.898,24.898,101,0
2016-05-02,22:00:00,24.849,24.849,24.849,24.849,101,0
2016-05-03,15:35:00,24.431,24.431,24.431,24.431,201,0
2016-05-03,19:00:00,24.371,24.383,24.371,24.371,1005,0
2016-05-03,19:05:00,24.4,24.4,24.4,24.4,503,0
2016-05-03,19:20:00,24.411,24.411,24.401,24.411,503,0
2016-05-04,15:35:00,24.142,24.142,24.142,24.142,121,0
2016-05-04,16:00:00,24.175,24.175,24.175,24.175,101,0
2016-05-04,18:45:00,24.055,24.055,24.055,24.055,402,0
2016-05-04,20:20:00,23.993,24.009,23.993,24.009,804,0
2016-05-05,15:35:00,23.834,23.834,23.834,23.834,799,0
2016-05-05,16:15:00,23.894,23.894,23.894,23.894,101,0
2016-05-05,17:55:00,23.953,23.953,23.953,23.953,402,0
2016-05-05,21:45:00,23.794,23.794,23.794,23.794,101,0
2016-05-05,22:00:00,23.814,23.814,23.814,23.814,201,0
2016-05-06,16:45:00,23.97,23.972,23.97,23.972,201,0
2016-05-06,22:00:00,23.993,23.993,23.993,23.993,101,0
2016-05-09,15:35:00,24.272,24.312,24.272,24.312,1532,0
2016-05-09,15:40:00,24.312,24.312,24.292,24.292,1005,0
2016-05-09,16:00:00,24.212,24.215,24.212,24.215,201,0
2016-05-09,16:05:00,24.222,24.222,24.222,24.222,201,0
2016-05-09,17:55:00,24.182,24.182,24.182,24.182,201,0
2016-05-09,19:40:00,24.201,24.201,24.123,24.123,1106,0
2016-05-09,22:00:00,24.113,24.113,24.113,24.113,101,0
2016-05-10,15:35:00,24.262,24.262,24.262,24.262,1005,0
2016-05-10,18:00:00,24.312,24.312,24.262,24.262,804,0
2016-05-10,20:30:00,24.252,24.252,24.242,24.242,402,0
2016-05-10,21:40:00,24.32,24.32,24.32,24.32,390,0
2016-05-10,21:45:00,24.309,24.309,24.309,24.309,390,0
2016-05-10,22:00:00,24.312,24.312,24.312,24.312,101,0
2016-05-11,15:45:00,24.242,24.242,24.222,24.222,2212,0
2016-05-11,16:35:00,24.232,24.232,24.232,24.232,184,0
2016-05-12,17:20:00,23.794,23.794,23.794,23.794,503,0
2016-05-12,21:55:00,23.89,23.89,23.89,23.89,447,0
2016-05-13,15:35:00,23.744,23.744,23.744,23.744,262,0
2016-05-13,16:55:00,23.771,23.771,23.771,23.771,503,0
2016-05-13,18:50:00,23.744,23.744,23.744,23.744,101,0
2016-05-13,19:55:00,23.686,23.686,23.686,23.686,402,0
2016-05-13,20:45:00,23.725,23.734,23.725,23.725,1005,0
2016-05-13,21:20:00,23.695,23.695,23.695,23.695,417,0
2016-05-16,17:05:00,23.784,23.784,23.784,23.784,101,0
2016-05-17,16:50:00,23.796,23.796,23.795,23.796,302,0
2016-05-17,17:00:00,23.863,23.863,23.863,23.863,101,0
2016-05-17,17:50:00,23.764,23.764,23.764,23.764,1206,0
2016-05-17,18:05:00,23.784,23.784,23.784,23.784,101,0
2016-05-17,21:55:00,23.595,23.595,23.595,23.595,101,0
2016-05-19,15:45:00,23.327,23.327,23.327,23.327,101,0
2016-05-19,18:00:00,23.267,23.272,23.267,23.272,504,0
2016-05-20,15:35:00,23.526,23.526,23.526,23.526,101,0
2016-05-20,18:40:00,23.546,23.546,23.546,23.546,101,0
2016-05-20,18:55:00,23.546,23.546,23.536,23.536,201,0
2016-05-20,19:30:00,23.516,23.516,23.516,23.516,146,0
2016-05-23,15:35:00,23.376,23.376,23.376,23.376,101,0
2016-05-23,17:25:00,23.386,23.392,23.386,23.392,302,0
2016-05-23,17:40:00,23.416,23.416,23.416,23.416,101,0
2016-05-24,15:35:00,23.555,23.555,23.555,23.555,101,0
2016-05-24,18:55:00,23.804,23.804,23.794,23.794,402,0
2016-05-24,21:00:00,23.794,23.794,23.794,23.794,244,0
2016-05-24,21:10:00,23.784,23.784,23.774,23.784,1005,0
2016-05-24,21:20:00,23.794,23.794,23.794,23.794,258,0
2016-05-24,21:50:00,23.843,23.843,23.843,23.843,402,0
2016-05-25,16:35:00,24.135,24.135,24.135,24.135,219,0
2016-05-25,17:45:00,24.123,24.134,24.123,24.134,603,0
2016-05-26,18:25:00,24.336,24.336,24.336,24.336,201,0
2016-05-27,15:35:00,24.272,24.272,24.272,24.272,915,0
2016-05-27,16:40:00,24.242,24.242,24.242,24.242,101,0
2016-05-27,19:25:00,24.272,24.272,24.272,24.272,101,0
2016-05-31,15:35:00,24.341,24.341,24.341,24.341,106,0
2016-05-31,16:05:00,24.401,24.401,24.401,24.401,503,0
2016-05-31,22:00:00,24.182,24.182,24.182,24.182,427,0
2016-06-01,21:10:00,24.192,24.192,24.182,24.182,503,0
2016-06-06,19:40:00,24.371,24.371,24.371,24.371,302,0
2016-06-06,21:20:00,24.407,24.407,24.407,24.407,1005,0
2016-06-07,15:35:00,24.69,24.69,24.69,24.69,581,0
2016-06-07,16:05:00,24.719,24.73,24.709,24.709,3418,0
2016-06-07,18:05:00,24.719,24.719,24.719,24.719,1005,0
2016-06-07,19:05:00,24.699,24.699,24.699,24.699,1005,0
2016-06-07,19:15:00,24.709,24.719,24.699,24.709,2518,0
2016-06-07,21:50:00,24.719,24.719,24.719,24.719,503,0
2016-06-08,15:35:00,24.67,24.67,24.67,24.67,161,0
2016-06-08,15:50:00,24.759,24.759,24.759,24.759,1005,0
2016-06-09,15:35:00,24.123,24.123,24.123,24.123,919,0
2016-06-09,16:05:00,24.192,24.192,24.192,24.192,101,0
2016-06-09,19:20:00,24.221,24.221,24.221,24.221,221,0
2016-06-10,15:45:00,23.526,23.526,23.526,23.526,503,0
2016-06-10,17:45:00,23.486,23.486,23.486,23.486,251,0
2016-06-10,19:20:00,23.435,23.435,23.435,23.435,442,0
2016-06-10,20:05:00,23.328,23.357,23.327,23.333,2212,0
2016-06-13,15:35:00,23.177,23.177,23.138,23.138,302,0
2016-06-13,18:10:00,23.018,23.018,23.018,23.018,101,0
2016-06-13,18:25:00,23.038,23.038,23.038,23.038,449,0
2016-06-14,15:35:00,22.879,22.879,22.879,22.879,372,0
2016-06-14,18:30:00,22.66,22.66,22.66,22.66,101,0
2016-06-14,20:50:00,22.63,22.68,22.63,22.68,530,0
2016-06-14,21:35:00,22.68,22.68,22.68,22.68,240,0
2016-06-14,21:45:00,22.68,22.68,22.68,22.68,101,0
2016-06-14,21:50:00,22.764,22.764,22.764,22.764,2011,0
2016-06-14,22:00:00,22.71,22.71,22.7,22.71,2011,0
2016-06-15,19:55:00,22.949,22.949,22.949,22.949,1307,0
2016-06-15,21:55:00,22.859,22.859,22.859,22.859,1473,0
2016-06-16,15:40:00,22.471,22.471,22.471,22.471,232,0
2016-06-16,15:45:00,22.437,22.437,22.437,22.437,402,0
2016-06-16,16:10:00,22.362,22.362,22.362,22.362,667,0
2016-06-16,17:10:00,22.511,22.511,22.511,22.511,503,0
2016-06-16,17:55:00,22.61,22.61,22.602,22.61,603,0
2016-06-16,21:50:00,22.951,22.951,22.949,22.949,3160,0
2016-06-16,22:00:00,22.969,22.969,22.969,22.969,530,0
2016-06-17,15:35:00,23.148,23.148,23.148,23.148,503,0
2016-06-17,15:40:00,23.063,23.063,23.063,23.063,201,0
2016-06-17,17:05:00,22.979,22.988,22.979,22.988,1106,0
2016-06-17,19:55:00,23.197,23.197,23.197,23.197,101,0
2016-06-17,20:25:00,23.194,23.208,23.194,23.208,503,0
2016-06-20,15:35:00,24.341,24.341,24.093,24.093,1624,0
2016-06-20,15:40:00,23.943,23.97,23.933,23.933,1106,0
2016-06-20,15:45:00,23.973,23.973,23.959,23.959,302,0
2016-06-20,15:55:00,23.943,23.943,23.933,23.933,201,0
2016-06-20,16:30:00,23.967,23.967,23.967,23.967,101,0
2016-06-20,17:30:00,23.917,23.917,23.917,23.917,201,0
2016-06-20,21:15:00,23.924,23.924,23.924,23.924,402,0
2016-06-20,21:35:00,23.806,23.806,23.806,23.806,181,0
2016-06-21,15:35:00,24.043,24.043,23.924,23.924,201,0
2016-06-21,15:45:00,23.921,23.923,23.921,23.923,201,0
2016-06-21,16:25:00,23.933,23.933,23.933,23.933,101,0
2016-06-21,16:30:00,23.874,23.874,23.874,23.874,201,0
2016-06-21,18:05:00,23.961,23.961,23.961,23.961,188,0
2016-06-21,20:55:00,24.161,24.161,24.161,24.161,101,0
2016-06-21,21:35:00,24.132,24.132,24.132,24.132,101,0
2016-06-21,21:40:00,24.063,24.123,24.063,24.123,201,0
2016-06-22,16:25:00,24.295,24.3,24.2935,24.295,600,0
2016-06-22,17:35:00,24.24,24.24,24.22,24.22,400,0
2016-06-22,19:15:00,24.1162,24.1162,24.1162,24.1162,200,0
2016-06-22,21:55:00,24.12,24.12,24.12,24.12,300,0
2016-06-23,15:35:00,24.44,24.44,24.44,24.44,100,0
2016-06-23,15:50:00,24.57,24.57,24.57,24.57,100,0
2016-06-23,16:15:00,24.56,24.56,24.56,24.56,100,0
2016-06-23,16:35:00,24.48,24.48,24.48,24.48,100,0
2016-06-23,17:30:00,24.625,24.625,24.625,24.625,250,0
2016-06-23,17:40:00,24.74,24.74,24.74,24.74,100,0
2016-06-23,18:30:00,24.6601,24.6601,24.66,24.66,1450,0
2016-06-23,18:45:00,24.6612,24.6612,24.6612,24.6612,100,0
2016-06-23,18:50:00,24.6989,24.6989,24.6989,24.6989,100,0
2016-06-23,19:35:00,24.738,24.738,24.738,24.738,100,0
2016-06-23,19:40:00,24.69,24.69,24.69,24.69,100,0
2016-06-23,20:20:00,24.75,24.75,24.75,24.75,100,0
2016-06-23,20:40:00,24.69,24.69,24.688,24.688,1100,0
2016-06-23,20:50:00,24.69,24.69,24.69,24.69,332,0
2016-06-23,21:55:00,24.9099,24.9099,24.9099,24.9099,100,0
2016-06-23,22:00:00,24.9287,24.9287,24.9287,24.9287,410,0
2016-06-24,15:35:00,22.34,22.34,22.24,22.24,1430,0
2016-06-24,15:40:00,22.55,22.6899,22.505,22.65,2700,0
2016-06-24,15:45:00,22.65,22.6688,22.65,22.6688,464,0
2016-06-24,15:50:00,22.62,22.62,22.62,22.62,100,0
2016-06-24,15:55:00,22.6599,22.6599,22.5894,22.638,4160,0
2016-06-24,16:00:00,22.68,22.73,22.68,22.72,5500,0
2016-06-24,16:05:00,22.68,22.83,22.68,22.7678,1200,0
2016-06-24,16:15:00,22.88,22.88,22.794,22.794,2100,0
2016-06-24,16:20:00,22.79,22.79,22.79,22.79,800,0
2016-06-24,16:25:00,22.79,22.79,22.7236,22.7444,1380,0
2016-06-24,16:30:00,22.7441,22.7441,22.7441,22.7441,300,0
2016-06-24,16:35:00,22.66,22.66,22.66,22.66,200,0
2016-06-24,16:40:00,22.7899,22.7899,22.7899,22.7899,100,0
2016-06-24,16:45:00,22.804,22.81,22.7702,22.7913,1160,0
2016-06-24,16:50:00,22.85,22.85,22.795,22.795,1000,0
2016-06-24,16:55:00,22.813,22.8332,22.813,22.83,2000,0
2016-06-24,17:00:00,22.75,22.75,22.75,22.75,267,0
2016-06-24,17:05:00,22.73,22.73,22.7,22.715,331,0
2016-06-24,17:15:00,22.752,22.752,22.7,22.705,500,0
2016-06-24,17:20:00,22.787,22.787,22.65,22.65,1600,0
2016-06-24,17:25:00,22.6,22.6,22.55,22.55,723,0
2016-06-24,17:30:00,22.4955,22.4955,22.4955,22.4955,200,0
2016-06-24,17:40:00,22.63,22.63,22.565,22.5891,1500,0
2016-06-24,17:55:00,22.58,22.6,22.57,22.572,1187,0
2016-06-24,18:00:00,22.59,22.59,22.59,22.59,1200,0
2016-06-24,18:05:00,22.5662,22.58,22.5662,22.58,220,0
2016-06-24,18:15:00,22.53,22.53,22.5,22.5,545,0
2016-06-24,18:40:00,22.532,22.532,22.532,22.532,300,0
2016-06-24,18:55:00,22.54,22.5499,22.54,22.5499,443,0
2016-06-24,19:00:00,22.494,22.494,22.494,22.494,750,0
2016-06-24,19:15:00,22.4869,22.4869,22.4869,22.4869,200,0
2016-06-24,19:25:00,22.55,22.55,22.5071,22.5071,400,0
2016-06-24,19:30:00,22.61,22.61,22.61,22.61,250,0
2016-06-24,19:35:00,22.65,22.65,22.65,22.65,2600,0
2016-06-24,19:45:00,22.604,22.604,22.604,22.604,250,0
2016-06-24,20:05:00,22.59,22.59,22.5225,22.59,500,0
2016-06-24,20:15:00,22.59,22.59,22.59,22.59,184,0
2016-06-24,20:20:00,22.55,22.55,22.5226,22.55,1956,0
2016-06-24,20:25:00,22.52,22.523,22.45,22.45,1080,0
2016-06-24,20:30:00,22.48,22.48,22.48,22.48,178,0
2016-06-24,20:40:00,22.35,22.35,22.35,22.35,500,0
2016-06-24,20:50:00,22.3009,22.3009,22.3009,22.3009,300,0
2016-06-24,20:55:00,22.388,22.388,22.388,22.388,100,0
2016-06-24,21:00:00,22.4203,22.433,22.4203,22.433,650,0
2016-06-24,21:10:00,22.41,22.41,22.41,22.41,200,0
2016-06-24,21:15:00,22.43,22.43,22.43,22.43,500,0
2016-06-24,21:20:00,22.35,22.35,22.33,22.33,700,0
2016-06-24,21:40:00,22.47,22.47,22.39,22.46,1200,0
2016-06-24,21:45:00,22.5,22.5,22.48,22.48,500,0
2016-06-24,21:50:00,22.52,22.52,22.52,22.52,370,0
2016-06-24,22:00:00,22.39,22.41,22.39,22.41,500,0
2016-06-27,15:35:00,22.08,22.08,21.835,21.86,1819,0
2016-06-27,15:40:00,21.9999,21.9999,21.9999,21.9999,180,0
2016-06-27,15:50:00,21.9799,21.9799,21.7401,21.7401,634,0
2016-06-27,15:55:00,21.79,21.79,21.79,21.79,1650,0
2016-06-27,16:05:00,21.84,21.84,21.84,21.84,200,0
2016-06-27,16:10:00,21.785,21.785,21.785,21.785,110,0
2016-06-27,16:55:00,21.51,21.51,21.51,21.51,100,0
2016-06-27,17:00:00,21.5599,21.5599,21.5599,21.5599,300,0
2016-06-27,17:15:00,21.5572,21.5572,21.5356,21.5356,597,0
2016-06-27,17:50:00,21.71,21.71,21.71,21.71,400,0
2016-06-27,18:05:00,21.7679,21.7679,21.7679,21.7679,500,0
2016-06-27,18:25:00,21.81,21.8199,21.81,21.8199,500,0
2016-06-27,18:35:00,21.725,21.725,21.725,21.725,100,0
2016-06-27,20:00:00,21.76,21.76,21.76,21.76,1500,0
2016-06-27,20:15:00,21.73,21.73,21.73,21.73,400,0
2016-06-27,20:25:00,21.6522,21.6522,21.6522,21.6522,500,0
2016-06-27,21:15:00,21.78,21.78,21.78,21.78,132,0
2016-06-28,15:35:00,22.58,22.58,22.4022,22.45,5690,0
2016-06-28,15:40:00,22.44,22.45,22.44,22.44,500,0
2016-06-28,15:45:00,22.3894,22.3894,22.3894,22.3894,200,0
2016-06-28,15:55:00,22.41,22.465,22.41,22.465,600,0
2016-06-28,16:00:00,22.39,22.39,22.39,22.39,201,0
2016-06-28,16:10:00,22.32,22.32,22.32,22.32,100,0
2016-06-28,16:20:00,22.32,22.32,22.32,22.32,100,0
2016-06-28,16:30:00,22.29,22.29,22.29,22.29,100,0
2016-06-28,16:40:00,22.29,22.29,22.29,22.29,100,0
2016-06-28,16:50:00,22.27,22.27,22.27,22.27,100,0
2016-06-28,17:00:00,22.26,22.26,22.22,22.22,1350,0
2016-06-28,17:10:00,22.19,22.19,22.19,22.19,100,0
2016-06-28,17:20:00,22.25,22.25,22.25,22.25,100,0
2016-06-28,17:30:00,22.18,22.18,22.17,22.17,200,0
2016-06-28,17:40:00,22.18,22.18,22.159,22.159,240,0
2016-06-28,17:45:00,22.17,22.17,22.17,22.17,100,0
2016-06-28,17:55:00,22.21,22.21,22.21,22.21,100,0
2016-06-28,18:10:00,22.23,22.23,22.2248,22.23,600,0
2016-06-28,18:20:00,22.22,22.22,22.22,22.22,200,0
2016-06-28,18:25:00,22.23,22.23,22.23,22.23,100,0
2016-06-28,18:30:00,22.201,22.201,22.201,22.201,100,0
2016-06-28,18:40:00,22.25,22.25,22.25,22.25,100,0
2016-06-28,18:55:00,22.25,22.25,22.25,22.25,100,0
2016-06-28,19:10:00,22.27,22.27,22.27,22.27,100,0
2016-06-28,19:25:00,22.24,22.24,22.24,22.24,100,0
2016-06-28,19:40:00,22.22,22.22,22.22,22.22,100,0
2016-06-28,19:50:00,22.25,22.25,22.25,22.25,100,0
2016-06-28,20:05:00,22.23,22.24,22.23,22.24,2100,0
2016-06-28,20:20:00,22.22,22.22,22.22,22.22,100,0
2016-06-28,20:30:00,22.24,22.24,22.24,22.24,100,0
2016-06-28,20:40:00,22.2,22.2,22.2,22.2,2200,0
2016-06-28,20:45:00,22.32,22.32,22.32,22.32,100,0
2016-06-28,20:55:00,22.36,22.36,22.36,22.36,100,0
2016-06-28,21:05:00,22.38,22.38,22.38,22.38,100,0
2016-06-28,21:15:00,22.38,22.38,22.38,22.38,100,0
2016-06-28,21:25:00,22.322,22.33,22.322,22.33,300,0
2016-06-28,21:35:00,22.32,22.32,22.32,22.32,100,0
2016-06-28,21:40:00,22.34,22.34,22.34,22.34,100,0
2016-06-28,21:50:00,22.37,22.37,22.37,22.37,100,0
2016-06-28,21:55:00,22.39,22.39,22.36,22.38,700,0
2016-06-28,22:00:00,22.43,22.43,22.422,22.43,5000,0
2016-06-29,15:55:00,22.63,22.63,22.63,22.63,200,0
2016-06-29,16:05:00,22.679,22.679,22.679,22.679,164,0
2016-06-29,16:10:00,22.6385,22.6385,22.6385,22.6385,136,0
2016-06-29,17:05:00,22.5001,22.5295,22.5001,22.5295,1272,0
2016-06-29,18:10:00,22.61,22.61,22.61,22.61,100,0
2016-06-29,18:30:00,22.65,22.65,22.65,22.65,1250,0
2016-06-29,18:35:00,22.7118,22.7118,22.7,22.7,200,0
2016-06-29,18:40:00,22.618,22.618,22.618,22.618,2000,0
2016-06-29,19:10:00,22.57,22.57,22.57,22.57,100,0
2016-06-29,19:25:00,22.57,22.57,22.57,22.57,100,0
2016-06-29,19:30:00,22.58,22.58,22.58,22.58,100,0
2016-06-29,19:40:00,22.55,22.55,22.55,22.55,100,0
2016-06-29,19:45:00,22.57,22.57,22.57,22.57,100,0
2016-06-29,19:50:00,22.58,22.58,22.58,22.58,100,0
2016-06-29,20:00:00,22.6,22.6,22.6,22.6,100,0
2016-06-29,20:05:00,22.59,22.59,22.59,22.59,100,0
2016-06-29,20:10:00,22.59,22.59,22.59,22.59,100,0
2016-06-29,20:20:00,22.59,22.59,22.59,22.59,100,0
2016-06-29,20:25:00,22.6,22.6,22.6,22.6,100,0
2016-06-29,20:30:00,22.61,22.61,22.61,22.61,100,0
2016-06-29,20:35:00,22.59,22.59,22.59,22.59,100,0
2016-06-29,20:45:00,22.6,22.6,22.6,22.6,100,0
2016-06-29,20:50:00,22.6,22.6,22.6,22.6,100,0
2016-06-29,20:55:00,22.6,22.6,22.6,22.6,100,0
2016-06-29,21:00:00,22.6,22.6,22.6,22.6,100,0
2016-06-29,21:05:00,22.61,22.61,22.61,22.61,100,0
2016-06-29,21:10:00,22.61,22.61,22.61,22.61,100,0
2016-06-29,21:15:00,22.635,22.635,22.635,22.635,100,0
2016-06-29,21:20:00,22.66,22.66,22.66,22.66,200,0
2016-06-29,21:35:00,22.62,22.62,22.62,22.62,100,0
2016-06-29,21:40:00,22.62,22.659,22.62,22.62,450,0
2016-06-29,21:45:00,22.63,22.63,22.63,22.63,100,0
2016-06-29,21:50:00,22.61,22.61,22.61,22.61,100,0
2016-06-29,21:55:00,22.6,22.6,22.6,22.6,100,0
2016-06-29,22:00:00,22.6,22.61,22.6,22.61,300,0
2016-06-30,15:35:00,22.72,22.72,22.6,22.6,200,0
2016-06-30,15:55:00,22.6,22.6,22.6,22.6,487,0
2016-06-30,16:40:00,22.5911,22.593,22.5908,22.5908,700,0
2016-06-30,16:55:00,22.68,22.68,22.68,22.68,1665,0
2016-06-30,17:00:00,22.7,22.7,22.7,22.7,300,0
2016-06-30,17:10:00,22.74,22.74,22.74,22.74,100,0
2016-06-30,17:30:00,22.82,22.82,22.82,22.82,100,0
2016-06-30,18:05:00,22.85,22.85,22.85,22.85,400,0
2016-06-30,21:20:00,22.9176,22.9176,22.9176,22.9176,500,0
2016-06-30,21:50:00,22.9,22.9,22.9,22.9,300,0
2016-06-30,21:55:00,22.916,22.916,22.916,22.916,500,0
2016-07-01,15:35:00,22.94,22.94,22.94,22.94,400,0
2016-07-01,16:20:00,23.1099,23.1099,23.1099,23.1099,100,0
2016-07-01,16:25:00,23.11,23.11,23.11,23.11,100,0
2016-07-01,16:30:00,23.1128,23.15,23.1128,23.15,315,0
2016-07-01,17:05:00,23.1599,23.1599,23.1599,23.1599,1000,0
2016-07-01,17:40:00,23.072,23.072,23.072,23.072,400,0
2016-07-01,18:25:00,23.08,23.08,23.08,23.08,2000,0
2016-07-01,20:35:00,23.0145,23.0145,23.0145,23.0145,100,0
