Date,Time,Open,High,Low,Close,Volume,OpenInt
2016-06-09,15:35:00,6.07,6.07,6.0675,6.0675,2552,0
2016-06-09,15:40:00,6.06,6.06,6.036,6.036,2400,0
2016-06-09,15:50:00,6.05,6.05,6.035,6.035,400,0
2016-06-09,15:55:00,6.065,6.065,6.065,6.065,100,0
2016-06-09,16:05:00,6.07,6.07,6.07,6.07,200,0
2016-06-09,16:10:00,6.03,6.05,6.02,6.02,400,0
2016-06-09,16:25:00,6.0499,6.0499,6.025,6.025,2200,0
2016-06-09,16:30:00,6.04,6.04,6.04,6.04,200,0
2016-06-09,16:35:00,6.03,6.0599,6,6.02,2700,0
2016-06-09,16:40:00,6.03,6.03,6.03,6.03,200,0
2016-06-09,16:45:00,6.046,6.046,6.03,6.03,439,0
2016-06-09,16:55:00,6.03,6.03,6.03,6.03,600,0
2016-06-09,17:00:00,6,6.0199,5.9997,6,1775,0
2016-06-09,17:10:00,6,6,6,6,100,0
2016-06-09,17:15:00,6.02,6.02,6.01,6.01,400,0
2016-06-09,17:20:00,6,6,6,6,200,0
2016-06-09,17:25:00,6,6,6,6,100,0
2016-06-09,17:30:00,6.02,6.02,6.02,6.02,400,0
2016-06-09,17:35:00,6.04,6.04,6.04,6.04,100,0
2016-06-09,17:45:00,6.05,6.05,6.0214,6.0214,300,0
2016-06-09,17:50:00,6.01,6.01,6.01,6.01,200,0
2016-06-09,17:55:00,6.02,6.02,6.02,6.02,100,0
2016-06-09,18:00:00,6,6,5.995,5.995,200,0
2016-06-09,18:05:00,6,6,6,6,300,0
2016-06-09,18:10:00,5.99,5.99,5.99,5.99,203,0
2016-06-09,18:15:00,5.98,5.98,5.9749,5.98,1300,0
2016-06-09,18:20:00,5.96,5.99,5.96,5.975,450,0
2016-06-09,18:25:00,5.9805,5.9805,5.9805,5.9805,500,0
2016-06-09,18:40:00,5.99,6,5.95,5.95,3809,0
2016-06-09,18:45:00,5.9899,5.99,5.96,5.96,3700,0
2016-06-09,18:55:00,5.96,5.96,5.96,5.96,200,0
2016-06-09,19:00:00,5.9799,5.9799,5.9799,5.9799,1500,0
2016-06-09,19:05:00,5.97,5.97,5.97,5.97,100,0
2016-06-09,19:15:00,5.96,5.96,5.93,5.9507,1150,0
2016-06-09,19:25:00,5.96,5.98,5.96,5.98,400,0
2016-06-09,19:35:00,5.98,5.99,5.98,5.99,949,0
2016-06-09,19:50:00,5.9874,5.9874,5.9874,5.9874,666,0
2016-06-09,19:55:00,5.98,5.98,5.98,5.98,300,0
2016-06-09,20:00:00,5.98,5.98,5.98,5.98,1600,0
2016-06-09,20:05:00,5.97,5.97,5.97,5.97,100,0
2016-06-09,20:10:00,5.97,5.97,5.97,5.97,200,0
2016-06-09,20:20:00,5.9645,5.9645,5.9606,5.9606,1485,0
2016-06-09,20:25:00,5.96,5.97,5.94,5.9605,4095,0
2016-06-09,20:40:00,5.97,5.98,5.97,5.98,209,0
2016-06-09,20:45:00,5.97,5.97,5.97,5.97,100,0
2016-06-09,20:50:00,5.98,5.99,5.98,5.98,1600,0
2016-06-09,20:55:00,5.97,5.97,5.97,5.97,100,0
2016-06-09,21:00:00,5.955,5.97,5.955,5.965,300,0
2016-06-09,21:05:00,5.965,5.965,5.965,5.965,100,0
2016-06-09,21:10:00,5.975,5.985,5.975,5.985,400,0
2016-06-09,21:15:00,5.9705,5.99,5.97,5.98,1700,0
2016-06-09,21:20:00,5.97,5.99,5.97,5.99,2000,0
2016-06-09,21:25:00,5.98,5.985,5.98,5.985,500,0
2016-06-09,21:30:00,5.99,5.99,5.99,5.99,820,0
2016-06-09,21:35:00,6,6,5.99,6,500,0
2016-06-09,21:45:00,5.99,5.99,5.98,5.98,2800,0
2016-06-09,21:50:00,5.975,5.9801,5.975,5.9801,1300,0
2016-06-09,21:55:00,5.9999,5.9999,5.97,5.98,2804,0
2016-06-09,22:00:00,5.99,6.009,5.98,6,4912,0
2016-06-10,15:35:00,5.96,6,5.96,6,1120,0
2016-06-10,15:40:00,6.0025,6.0025,6.0025,6.0025,300,0
2016-06-10,15:45:00,6.02,6.02,5.95,5.95,1083,0
2016-06-10,15:50:00,5.954,5.954,5.954,5.954,100,0
2016-06-10,16:00:00,5.9507,5.9507,5.9507,5.9507,1000,0
2016-06-10,16:05:00,5.9301,5.9301,5.92,5.92,1259,0
2016-06-10,16:10:00,5.92,5.93,5.9,5.93,6430,0
2016-06-10,16:15:00,5.91,5.95,5.9,5.94,7877,0
2016-06-10,16:20:00,5.94,5.99,5.94,5.94,7050,0
2016-06-10,16:35:00,5.95,5.95,5.93,5.93,300,0
2016-06-10,16:40:00,5.9251,5.9251,5.92,5.92,440,0
2016-06-10,16:45:00,5.9399,5.9399,5.9075,5.924,9975,0
2016-06-10,16:55:00,5.92,5.92,5.91,5.91,1585,0
2016-06-10,17:00:00,5.91,5.93,5.91,5.91,1338,0
2016-06-10,17:05:00,5.9,5.9,5.9,5.9,600,0
2016-06-10,17:15:00,5.93,5.93,5.93,5.93,100,0
2016-06-10,17:20:00,5.93,5.93,5.93,5.93,300,0
2016-06-10,17:25:00,5.92,5.9322,5.92,5.92,2300,0
2016-06-10,17:30:00,5.92,5.92,5.9,5.9,200,0
2016-06-10,17:50:00,5.9036,5.9036,5.9036,5.9036,427,0
2016-06-10,17:55:00,5.9279,5.9279,5.9279,5.9279,100,0
2016-06-10,18:00:00,5.9,5.9,5.9,5.9,140,0
2016-06-10,18:10:00,5.92,5.92,5.92,5.92,100,0
2016-06-10,18:15:00,5.92,5.92,5.9,5.92,2700,0
2016-06-10,18:20:00,5.9001,5.9001,5.9001,5.9001,100,0
2016-06-10,18:25:00,5.9001,5.9001,5.9001,5.9001,150,0
2016-06-10,18:35:00,5.9,5.9,5.9,5.9,300,0
2016-06-10,18:45:00,5.91,5.91,5.91,5.91,400,0
2016-06-10,18:55:00,5.91,5.91,5.91,5.91,200,0
2016-06-10,19:05:00,5.91,5.91,5.9005,5.9062,1400,0
2016-06-10,19:10:00,5.9,5.9,5.89,5.895,5896,0
2016-06-10,19:15:00,5.8963,5.8963,5.8963,5.8963,300,0
2016-06-10,19:20:00,5.9,5.9,5.9,5.9,600,0
2016-06-10,19:25:00,5.92,5.92,5.91,5.91,1400,0
2016-06-10,19:30:00,5.908,5.908,5.908,5.908,400,0
2016-06-10,19:35:00,5.91,5.91,5.91,5.91,136,0
2016-06-10,19:45:00,5.9,5.9,5.9,5.9,200,0
2016-06-10,19:50:00,5.9018,5.9018,5.9,5.9,1300,0
2016-06-10,19:55:00,5.88,5.88,5.88,5.88,100,0
2016-06-10,20:00:00,5.9,5.91,5.9,5.9,500,0
2016-06-10,20:10:00,5.89,5.9,5.8899,5.9,2100,0
2016-06-10,20:15:00,5.8943,5.8943,5.8943,5.8943,1000,0
2016-06-10,20:20:00,5.8869,5.8869,5.8869,5.8869,500,0
2016-06-10,20:25:00,5.88,5.88,5.88,5.88,574,0
2016-06-10,20:30:00,5.8786,5.8786,5.8786,5.8786,500,0
2016-06-10,20:35:00,5.88,5.88,5.88,5.88,100,0
2016-06-10,20:45:00,5.88,5.88,5.8701,5.8701,2000,0
2016-06-10,20:50:00,5.87,5.87,5.86,5.863,1600,0
2016-06-10,21:00:00,5.87,5.87,5.87,5.87,200,0
2016-06-10,21:05:00,5.89,5.89,5.89,5.89,1600,0
2016-06-10,21:10:00,5.9,5.9,5.89,5.89,200,0
2016-06-10,21:25:00,5.88,5.88,5.88,5.88,100,0
2016-06-10,21:30:00,5.87,5.87,5.87,5.87,100,0
2016-06-10,21:35:00,5.8801,5.8801,5.8801,5.8801,350,0
2016-06-10,21:40:00,5.88,5.89,5.8736,5.89,1450,0
2016-06-10,21:50:00,5.9,5.9,5.9,5.9,300,0
2016-06-10,21:55:00,5.9,5.9,5.88,5.9,700,0
2016-06-10,22:00:00,5.92,5.93,5.9,5.9,4005,0
2016-06-13,15:35:00,5.89,5.89,5.89,5.89,727,0
2016-06-13,15:40:00,5.87,5.87,5.87,5.87,400,0
2016-06-13,15:45:00,5.9,5.96,5.9,5.96,3200,0
2016-06-13,15:50:00,5.98,5.99,5.96,5.98,5600,0
2016-06-13,15:55:00,5.96,5.96,5.9101,5.9261,712,0
2016-06-13,16:00:00,5.92,5.92,5.92,5.92,500,0
2016-06-13,16:05:00,5.9405,5.9405,5.94,5.94,200,0
2016-06-13,16:10:00,5.92,5.92,5.86,5.86,1732,0
2016-06-13,16:15:00,5.87,5.87,5.87,5.87,200,0
2016-06-13,16:20:00,5.89,5.89,5.89,5.89,100,0
2016-06-13,16:25:00,5.9,5.9032,5.9,5.9,950,0
2016-06-13,16:30:00,5.9,5.9,5.9,5.9,400,0
2016-06-13,16:45:00,5.9,5.9001,5.8788,5.8788,1050,0
2016-06-13,16:55:00,5.88,5.89,5.87,5.8701,6300,0
2016-06-13,17:05:00,5.883,5.89,5.883,5.89,278,0
2016-06-13,17:20:00,5.8906,5.9,5.88,5.884,1400,0
2016-06-13,17:25:00,5.89,5.91,5.89,5.91,300,0
2016-06-13,17:30:00,5.9,5.9,5.89,5.9,600,0
2016-06-13,17:35:00,5.9168,5.9168,5.87,5.91,10587,0
2016-06-13,17:40:00,5.91,5.99,5.91,5.96,12899,0
2016-06-13,17:45:00,5.96,5.98,5.96,5.98,3400,0
2016-06-13,17:50:00,5.975,5.98,5.9,5.9,10798,0
2016-06-13,17:55:00,5.91,5.91,5.91,5.91,200,0
2016-06-13,18:00:00,5.88,5.88,5.88,5.88,100,0
2016-06-13,18:05:00,5.88,5.88,5.87,5.88,1700,0
2016-06-13,18:20:00,5.89,5.89,5.88,5.88,200,0
2016-06-13,18:25:00,5.88,5.88,5.85,5.85,5411,0
2016-06-13,18:30:00,5.85,5.85,5.8,5.8,15692,0
2016-06-13,18:35:00,5.8103,5.8284,5.8,5.82,1525,0
2016-06-13,18:40:00,5.8,5.832,5.8,5.832,6880,0
2016-06-13,18:45:00,5.8325,5.8325,5.805,5.805,1500,0
2016-06-13,18:50:00,5.83,5.83,5.82,5.82,300,0
2016-06-13,18:55:00,5.83,5.843,5.82,5.843,1700,0
2016-06-13,19:00:00,5.82,5.86,5.82,5.85,1200,0
2016-06-13,19:05:00,5.82,5.85,5.82,5.84,5050,0
2016-06-13,19:10:00,5.83,5.86,5.82,5.84,7300,0
2016-06-13,19:15:00,5.84,5.84,5.84,5.84,200,0
2016-06-13,19:25:00,5.85,5.85,5.85,5.85,100,0
2016-06-13,19:30:00,5.83,5.84,5.82,5.82,7350,0
2016-06-13,19:50:00,5.83,5.83,5.83,5.83,200,0
2016-06-13,19:55:00,5.82,5.8202,5.8,5.81,6400,0
2016-06-13,20:05:00,5.83,5.84,5.81,5.81,500,0
2016-06-13,20:10:00,5.8299,5.8299,5.78,5.78,208,0
2016-06-13,20:15:00,5.79,5.8,5.76,5.7912,14788,0
2016-06-13,20:20:00,5.79,5.7901,5.77,5.79,600,0
2016-06-13,20:25:00,5.78,5.78,5.78,5.78,400,0
2016-06-13,20:30:00,5.78,5.78,5.78,5.78,300,0
2016-06-13,20:35:00,5.7822,5.7822,5.7822,5.7822,200,0
2016-06-13,20:40:00,5.78,5.79,5.7701,5.79,300,0
2016-06-13,20:45:00,5.7899,5.7899,5.78,5.78,1600,0
2016-06-13,20:50:00,5.77,5.77,5.77,5.77,100,0
2016-06-13,20:55:00,5.78,5.78,5.78,5.78,300,0
2016-06-13,21:00:00,5.78,5.788,5.78,5.788,200,0
2016-06-13,21:05:00,5.79,5.79,5.7899,5.79,400,0
2016-06-13,21:10:00,5.79,5.82,5.79,5.8045,5159,0
2016-06-13,21:20:00,5.79,5.79,5.79,5.79,100,0
2016-06-13,21:30:00,5.79,5.79,5.76,5.76,1100,0
2016-06-13,21:40:00,5.77,5.8099,5.77,5.78,1100,0
2016-06-13,21:50:00,5.76,5.77,5.7516,5.7699,925,0
2016-06-13,21:55:00,5.77,5.79,5.765,5.79,1119,0
2016-06-13,22:00:00,5.8,5.8017,5.77,5.79,7513,0
2016-06-14,15:35:00,5.79,5.79,5.79,5.79,1003,0
2016-06-14,15:45:00,5.8899,5.8899,5.88,5.88,600,0
2016-06-14,15:50:00,5.84,5.8525,5.7,5.7,10191,0
2016-06-14,16:00:00,5.75,5.75,5.75,5.75,100,0
2016-06-14,16:10:00,5.75,5.75,5.71,5.713,1600,0
2016-06-14,16:15:00,5.74,5.74,5.72,5.72,600,0
2016-06-14,16:20:00,5.75,5.76,5.75,5.76,500,0
2016-06-14,16:35:00,5.75,5.75,5.75,5.75,100,0
2016-06-14,16:40:00,5.73,5.73,5.73,5.73,100,0
2016-06-14,16:50:00,5.75,5.75,5.75,5.75,300,0
2016-06-14,17:00:00,5.72,5.72,5.72,5.72,200,0
2016-06-14,17:05:00,5.71,5.71,5.7,5.7,300,0
2016-06-14,17:10:00,5.7101,5.735,5.7101,5.7307,10900,0
2016-06-14,17:20:00,5.74,5.74,5.7138,5.73,2200,0
2016-06-14,17:25:00,5.73,5.74,5.73,5.74,400,0
2016-06-14,17:35:00,5.72,5.72,5.72,5.72,100,0
2016-06-14,17:40:00,5.75,5.75,5.75,5.75,100,0
2016-06-14,17:45:00,5.73,5.73,5.73,5.73,100,0
2016-06-14,17:50:00,5.72,5.7499,5.72,5.72,490,0
2016-06-14,17:55:00,5.72,5.72,5.72,5.72,200,0
2016-06-14,18:00:00,5.71,5.7156,5.7,5.7,5006,0
2016-06-14,18:10:00,5.72,5.72,5.7074,5.71,751,0
2016-06-14,18:15:00,5.72,5.72,5.7,5.7,275,0
2016-06-14,18:20:00,5.71,5.73,5.71,5.73,1187,0
2016-06-14,18:25:00,5.72,5.72,5.72,5.72,100,0
2016-06-14,18:30:00,5.74,5.74,5.74,5.74,600,0
2016-06-14,18:40:00,5.72,5.75,5.72,5.75,200,0
2016-06-14,18:45:00,5.73,5.73,5.73,5.73,100,0
2016-06-14,18:50:00,5.7271,5.7271,5.7271,5.7271,208,0
2016-06-14,18:55:00,5.73,5.73,5.7,5.73,2200,0
2016-06-14,19:05:00,5.71,5.71,5.71,5.71,100,0
2016-06-14,19:10:00,5.7299,5.7299,5.7299,5.7299,1000,0
2016-06-14,19:25:00,5.7188,5.7188,5.7,5.7,1148,0
2016-06-14,19:30:00,5.72,5.72,5.72,5.72,100,0
2016-06-14,19:35:00,5.7,5.72,5.7,5.71,800,0
2016-06-14,19:50:00,5.71,5.73,5.71,5.72,600,0
2016-06-14,20:05:00,5.7,5.72,5.7,5.72,700,0
2016-06-14,20:15:00,5.72,5.72,5.71,5.71,855,0
2016-06-14,20:20:00,5.72,5.73,5.72,5.73,600,0
2016-06-14,20:25:00,5.74,5.74,5.74,5.74,400,0
2016-06-14,20:30:00,5.71,5.71,5.71,5.71,100,0
2016-06-14,20:35:00,5.72,5.72,5.72,5.72,100,0
2016-06-14,20:40:00,5.71,5.71,5.71,5.71,100,0
2016-06-14,20:50:00,5.72,5.72,5.5,5.5,49644,0
2016-06-14,20:55:00,5.535,5.56,5.5,5.554,6022,0
2016-06-14,21:00:00,5.56,5.58,5.55,5.58,780,0
2016-06-14,21:05:00,5.585,5.6099,5.57,5.57,1200,0
2016-06-14,21:10:00,5.57,5.58,5.56,5.58,600,0
2016-06-14,21:15:00,5.5901,5.5901,5.57,5.57,1150,0
2016-06-14,21:25:00,5.57,5.585,5.57,5.58,400,0
2016-06-14,21:30:00,5.6,5.6,5.57,5.585,2579,0
2016-06-14,21:35:00,5.5999,5.5999,5.5999,5.5999,500,0
2016-06-14,21:40:00,5.585,5.5886,5.57,5.5886,700,0
2016-06-14,21:45:00,5.59,5.625,5.588,5.61,4390,0
2016-06-14,21:50:00,5.62,5.64,5.62,5.62,300,0
2016-06-14,21:55:00,5.62,5.62,5.61,5.61,500,0
2016-06-14,22:00:00,5.61,5.63,5.57,5.62,9626,0
2016-06-15,15:35:00,5.62,5.62,5.62,5.62,200,0
2016-06-15,15:40:00,5.63,5.65,5.62,5.62,1275,0
2016-06-15,15:50:00,5.62,5.64,5.55,5.62,1300,0
2016-06-15,15:55:00,5.6,5.6,5.6,5.6,100,0
2016-06-15,16:00:00,5.55,5.55,5.55,5.55,100,0
2016-06-15,16:25:00,5.6,5.6,5.6,5.6,100,0
2016-06-15,16:30:00,5.585,5.6,5.57,5.59,1400,0
2016-06-15,16:35:00,5.6,5.6,5.6,5.6,100,0
2016-06-15,16:40:00,5.62,5.64,5.62,5.64,1200,0
2016-06-15,16:45:00,5.65,5.69,5.65,5.68,1133,0
2016-06-15,16:50:00,5.66,5.68,5.63,5.67,1100,0
2016-06-15,17:00:00,5.68,5.68,5.68,5.68,200,0
2016-06-15,17:05:00,5.69,5.73,5.69,5.73,600,0
2016-06-15,17:10:00,5.73,5.7401,5.73,5.7401,600,0
2016-06-15,17:15:00,5.81,5.88,5.76,5.76,1880,0
2016-06-15,17:20:00,5.8,5.8,5.8,5.8,400,0
2016-06-15,17:25:00,5.76,5.76,5.76,5.76,100,0
2016-06-15,17:30:00,5.75,5.75,5.75,5.75,200,0
2016-06-15,17:40:00,5.76,5.76,5.75,5.75,600,0
2016-06-15,17:45:00,5.7724,5.7724,5.75,5.75,750,0
2016-06-15,17:55:00,5.75,5.75,5.74,5.74,300,0
2016-06-15,18:00:00,5.77,5.77,5.77,5.77,400,0
2016-06-15,18:05:00,5.76,5.76,5.74,5.74,1387,0
2016-06-15,18:30:00,5.73,5.74,5.73,5.73,500,0
2016-06-15,19:25:00,5.73,5.74,5.73,5.74,300,0
2016-06-15,19:30:00,5.75,5.75,5.7383,5.7383,225,0
2016-06-15,19:35:00,5.74,5.75,5.74,5.75,200,0
2016-06-15,19:50:00,5.75,5.75,5.72,5.72,706,0
2016-06-15,19:55:00,5.72,5.72,5.66,5.6601,1274,0
2016-06-15,20:00:00,5.67,5.67,5.66,5.66,1000,0
2016-06-15,20:10:00,5.66,5.66,5.64,5.64,400,0
2016-06-15,20:15:00,5.64,5.64,5.64,5.64,100,0
2016-06-15,20:30:00,5.63,5.63,5.63,5.63,200,0
2016-06-15,20:50:00,5.64,5.67,5.64,5.66,700,0
2016-06-15,21:05:00,5.66,5.68,5.66,5.67,600,0
2016-06-15,21:10:00,5.69,5.69,5.69,5.69,100,0
2016-06-15,21:15:00,5.6701,5.6701,5.6701,5.6701,500,0
2016-06-15,21:20:00,5.69,5.698,5.675,5.698,1600,0
2016-06-15,21:25:00,5.6926,5.6926,5.6926,5.6926,200,0
2016-06-15,21:30:00,5.7,5.75,5.7,5.72,900,0
2016-06-15,21:35:00,5.71,5.71,5.71,5.71,100,0
2016-06-15,21:40:00,5.71,5.71,5.7,5.7,350,0
2016-06-15,21:45:00,5.68,5.68,5.68,5.68,300,0
2016-06-15,21:55:00,5.67,5.67,5.62,5.62,400,0
2016-06-15,22:00:00,5.64,5.73,5.64,5.69,2370,0
2016-06-16,15:35:00,5.63,5.63,5.63,5.63,500,0
2016-06-16,15:45:00,5.61,5.61,5.5,5.5,2600,0
2016-06-16,15:50:00,5.532,5.61,5.532,5.54,2000,0
2016-06-16,16:00:00,5.592,5.592,5.592,5.592,100,0
2016-06-16,16:05:00,5.58,5.59,5.58,5.59,400,0
2016-06-16,16:10:00,5.56,5.6,5.56,5.6,1200,0
2016-06-16,16:15:00,5.585,5.585,5.585,5.585,1000,0
2016-06-16,16:25:00,5.5601,5.5601,5.5601,5.5601,200,0
2016-06-16,16:30:00,5.6,5.62,5.6,5.62,600,0
2016-06-16,16:35:00,5.65,5.68,5.65,5.6528,1600,0
2016-06-16,16:55:00,5.65,5.65,5.65,5.65,200,0
2016-06-16,17:00:00,5.66,5.66,5.66,5.66,100,0
2016-06-16,17:10:00,5.68,5.71,5.68,5.71,200,0
2016-06-16,17:15:00,5.7,5.72,5.7,5.72,1682,0
2016-06-16,17:20:00,5.73,5.75,5.72,5.75,300,0
2016-06-16,17:40:00,5.75,5.75,5.7499,5.75,300,0
2016-06-16,18:05:00,5.77,5.79,5.77,5.77,700,0
2016-06-16,18:15:00,5.77,5.78,5.77,5.77,700,0
2016-06-16,18:20:00,5.7603,5.7603,5.7603,5.7603,100,0
2016-06-16,18:25:00,5.79,5.79,5.79,5.79,100,0
2016-06-16,18:30:00,5.77,5.77,5.77,5.77,100,0
2016-06-16,18:35:00,5.77,5.77,5.77,5.77,200,0
2016-06-16,18:40:00,5.72,5.72,5.72,5.72,500,0
2016-06-16,18:45:00,5.73,5.73,5.73,5.73,100,0
2016-06-16,18:55:00,5.7,5.7,5.7,5.7,200,0
2016-06-16,19:05:00,5.71,5.73,5.71,5.73,700,0
2016-06-16,19:10:00,5.78,5.84,5.78,5.8,6100,0
2016-06-16,19:20:00,5.7796,5.7796,5.7796,5.7796,250,0
2016-06-16,19:25:00,5.7899,5.8,5.78,5.8,1700,0
2016-06-16,19:30:00,5.79,5.79,5.79,5.79,100,0
2016-06-16,19:35:00,5.78,5.78,5.78,5.78,500,0
2016-06-16,19:40:00,5.78,5.78,5.78,5.78,100,0
2016-06-16,20:00:00,5.7899,5.79,5.7899,5.79,1000,0
2016-06-16,20:10:00,5.79,5.88,5.79,5.85,3810,0
2016-06-16,20:15:00,5.88,5.89,5.85,5.88,7400,0
2016-06-16,20:20:00,5.87,5.88,5.84,5.84,1100,0
2016-06-16,20:25:00,5.8672,5.87,5.8672,5.87,1400,0
2016-06-16,20:30:00,5.8541,5.8541,5.8541,5.8541,500,0
2016-06-16,20:35:00,5.865,5.88,5.865,5.88,200,0
2016-06-16,20:40:00,5.865,5.88,5.865,5.865,400,0
2016-06-16,20:45:00,5.89,5.91,5.8899,5.91,5182,0
2016-06-16,20:50:00,5.89,5.93,5.89,5.8901,1000,0
2016-06-16,20:55:00,5.93,5.93,5.93,5.93,100,0
2016-06-16,21:05:00,5.95,5.95,5.95,5.95,100,0
2016-06-16,21:10:00,5.9186,5.94,5.9,5.9109,1700,0
2016-06-16,21:15:00,5.91,5.91,5.91,5.91,300,0
2016-06-16,21:20:00,5.9,5.95,5.9,5.93,1313,0
2016-06-16,21:25:00,5.9,5.92,5.9,5.92,1300,0
2016-06-16,21:30:00,5.92,5.94,5.92,5.94,300,0
2016-06-16,21:35:00,5.925,5.95,5.925,5.95,500,0
2016-06-16,21:40:00,5.94,5.95,5.94,5.95,200,0
2016-06-16,21:45:00,5.95,5.95,5.95,5.95,100,0
2016-06-16,21:50:00,5.94,5.94,5.94,5.94,200,0
2016-06-16,21:55:00,5.935,5.95,5.935,5.95,1500,0
2016-06-16,22:00:00,5.95,5.95,5.93,5.95,2300,0
2016-06-17,15:35:00,6,6,6,6,2000,0
2016-06-17,15:40:00,5.9581,5.9581,5.93,5.958,1300,0
2016-06-17,15:50:00,6,6,6,6,100,0
2016-06-17,15:55:00,5.99,5.995,5.92,5.92,900,0
2016-06-17,16:05:00,5.9,5.9,5.9,5.9,100,0
2016-06-17,16:20:00,5.953,5.97,5.953,5.97,1100,0
2016-06-17,16:30:00,5.96,5.96,5.95,5.95,400,0
2016-06-17,16:35:00,5.93,5.9301,5.93,5.93,600,0
2016-06-17,16:40:00,5.93,5.95,5.93,5.95,500,0
2016-06-17,16:45:00,5.96,5.9675,5.855,5.87,4400,0
2016-06-17,16:50:00,5.89,5.9025,5.84,5.86,4800,0
2016-06-17,16:55:00,5.87,5.87,5.87,5.87,200,0
2016-06-17,17:00:00,5.87,5.87,5.8699,5.8699,700,0
2016-06-17,17:05:00,5.83,5.85,5.82,5.82,900,0
2016-06-17,17:10:00,5.81,5.81,5.81,5.81,200,0
2016-06-17,17:15:00,5.822,5.822,5.81,5.81,1100,0
2016-06-17,17:20:00,5.81,5.81,5.81,5.81,100,0
2016-06-17,17:25:00,5.81,5.81,5.81,5.81,400,0
2016-06-17,17:30:00,5.82,5.82,5.82,5.82,100,0
2016-06-17,17:35:00,5.8143,5.82,5.8143,5.818,1200,0
2016-06-17,17:40:00,5.81,5.81,5.7925,5.7925,2700,0
2016-06-17,17:45:00,5.795,5.88,5.795,5.87,2700,0
2016-06-17,17:50:00,5.87,5.87,5.8677,5.8677,1100,0
2016-06-17,18:00:00,5.87,5.87,5.82,5.82,1400,0
2016-06-17,18:15:00,5.85,5.95,5.85,5.95,2200,0
2016-06-17,18:20:00,5.925,5.925,5.9,5.9,700,0
2016-06-17,18:35:00,5.9,5.9,5.9,5.9,100,0
2016-06-17,18:40:00,5.9,5.9,5.9,5.9,200,0
2016-06-17,18:45:00,5.88,5.88,5.86,5.86,600,0
2016-06-17,19:00:00,5.84,5.84,5.83,5.83,200,0
2016-06-17,19:05:00,5.8452,5.8452,5.8452,5.8452,265,0
2016-06-17,19:10:00,5.83,5.84,5.79,5.8,3250,0
2016-06-17,19:15:00,5.8,5.83,5.8,5.83,300,0
2016-06-17,19:25:00,5.82,5.82,5.82,5.82,200,0
2016-06-17,19:30:00,5.825,5.83,5.81,5.83,2405,0
2016-06-17,19:45:00,5.81,5.81,5.81,5.81,100,0
2016-06-17,19:55:00,5.84,5.84,5.82,5.83,2600,0
2016-06-17,20:00:00,5.83,5.83,5.82,5.82,800,0
2016-06-17,20:05:00,5.8,5.8,5.8,5.8,100,0
2016-06-17,20:10:00,5.8,5.8,5.8,5.8,400,0
2016-06-17,20:15:00,5.8,5.8,5.75,5.75,1500,0
2016-06-17,20:25:00,5.72,5.7499,5.72,5.74,900,0
2016-06-17,20:30:00,5.74,5.74,5.74,5.74,300,0
2016-06-17,20:40:00,5.73,5.73,5.73,5.73,100,0
2016-06-17,20:45:00,5.7485,5.7485,5.74,5.74,2250,0
2016-06-17,20:55:00,5.75,5.77,5.75,5.77,662,0
2016-06-17,21:00:00,5.76,5.76,5.76,5.76,200,0
2016-06-17,21:05:00,5.77,5.77,5.77,5.77,200,0
2016-06-17,21:10:00,5.7645,5.77,5.76,5.77,700,0
2016-06-17,21:15:00,5.76,5.76,5.76,5.76,100,0
2016-06-17,21:20:00,5.765,5.79,5.765,5.775,5600,0
2016-06-17,21:25:00,5.76,5.76,5.71,5.76,10400,0
2016-06-17,21:30:00,5.76,5.76,5.75,5.75,400,0
2016-06-17,21:35:00,5.735,5.735,5.735,5.735,100,0
2016-06-17,21:40:00,5.735,5.76,5.735,5.76,800,0
2016-06-17,21:45:00,5.76,5.76,5.74,5.75,6600,0
2016-06-17,21:50:00,5.74,5.76,5.74,5.7477,600,0
2016-06-17,21:55:00,5.74,5.76,5.74,5.75,2000,0
2016-06-17,22:00:00,5.74,5.77,5.74,5.75,3500,0
2016-06-20,15:35:00,5.83,5.94,5.78,5.9,3320,0
2016-06-20,15:40:00,5.9,5.96,5.9,5.9236,3800,0
2016-06-20,15:45:00,5.912,5.98,5.912,5.98,2400,0
2016-06-20,15:50:00,5.92,5.94,5.91,5.91,900,0
2016-06-20,16:00:00,5.92,5.92,5.92,5.92,100,0
2016-06-20,16:05:00,5.92,5.9586,5.92,5.9586,1713,0
2016-06-20,16:10:00,5.97,5.97,5.97,5.97,1000,0
2016-06-20,16:15:00,5.97,5.97,5.95,5.95,1700,0
2016-06-20,16:20:00,5.94,5.94,5.94,5.94,100,0
2016-06-20,16:25:00,5.93,5.93,5.92,5.93,900,0
2016-06-20,16:30:00,5.93,5.93,5.93,5.93,100,0
2016-06-20,16:40:00,5.9355,5.96,5.93,5.95,600,0
2016-06-20,16:45:00,5.95,5.95,5.94,5.94,200,0
2016-06-20,16:50:00,5.95,5.95,5.9,5.9,11465,0
2016-06-20,16:55:00,5.9,5.91,5.8799,5.91,16607,0
2016-06-20,17:00:00,5.94,6.09,5.93,6.09,33523,0
2016-06-20,17:05:00,6.1,6.18,6.09,6.09,14209,0
2016-06-20,17:10:00,6.165,6.1799,6.13,6.15,4203,0
2016-06-20,17:15:00,6.14,6.2,6.14,6.2,8005,0
2016-06-20,17:20:00,6.2,6.2,6.17,6.2,4872,0
2016-06-20,17:25:00,6.2,6.3,6.19,6.26,19499,0
2016-06-20,17:30:00,6.27,6.32,6.2201,6.3001,19520,0
2016-06-20,17:35:00,6.34,6.34,6.29,6.34,6645,0
2016-06-20,17:40:00,6.35,6.4,6.32,6.39,45969,0
2016-06-20,17:45:00,6.39,6.4,6.26,6.28,60322,0
2016-06-20,17:50:00,6.27,6.33,6.24,6.29,7175,0
2016-06-20,17:55:00,6.29,6.33,6.27,6.3,7355,0
2016-06-20,18:00:00,6.31,6.32,6.3,6.3,2844,0
2016-06-20,18:05:00,6.3,6.33,6.29,6.29,25945,0
2016-06-20,18:10:00,6.29,6.3,6.29,6.3,300,0
2016-06-20,18:15:00,6.31,6.31,6.17,6.24,18664,0
2016-06-20,18:20:00,6.23,6.23,6.19,6.22,6448,0
2016-06-20,18:25:00,6.21,6.21,6.12,6.15,5950,0
2016-06-20,18:30:00,6.15,6.18,6.13,6.18,2500,0
2016-06-20,18:35:00,6.19,6.2,6.12,6.18,3200,0
2016-06-20,18:40:00,6.16,6.16,6.14,6.15,2500,0
2016-06-20,18:45:00,6.14,6.17,6.14,6.1454,7181,0
2016-06-20,18:50:00,6.15,6.2,6.1199,6.16,9253,0
2016-06-20,18:55:00,6.14,6.14,6.04,6.1,4651,0
2016-06-20,19:00:00,6.21,6.2195,6.21,6.2195,600,0
2016-06-20,19:05:00,6.28,6.29,6.235,6.235,1000,0
2016-06-20,19:10:00,6.24,6.24,6.17,6.24,2916,0
2016-06-20,19:15:00,6.23,6.24,6.2127,6.24,700,0
2016-06-20,19:20:00,6.24,6.24,6.24,6.24,100,0
2016-06-20,19:30:00,6.23,6.23,6.23,6.23,100,0
2016-06-20,19:35:00,6.23,6.23,6.23,6.23,100,0
2016-06-20,19:45:00,6.225,6.225,6.225,6.225,100,0
2016-06-20,19:50:00,6.225,6.23,6.21,6.23,1000,0
2016-06-20,19:55:00,6.21,6.21,6.21,6.21,100,0
2016-06-20,20:00:00,6.29,6.29,6.24,6.24,643,0
2016-06-20,20:05:00,6.26,6.26,6.26,6.26,600,0
2016-06-20,20:15:00,6.23,6.23,6.22,6.22,200,0
2016-06-20,20:20:00,6.22,6.22,6.22,6.22,100,0
2016-06-20,20:35:00,6.285,6.285,6.265,6.265,1512,0
2016-06-20,20:40:00,6.265,6.265,6.22,6.26,500,0
2016-06-20,20:45:00,6.26,6.26,6.24,6.26,400,0
2016-06-20,20:50:00,6.26,6.285,6.2472,6.26,1600,0
2016-06-20,20:55:00,6.26,6.26,6.21,6.21,1445,0
2016-06-20,21:00:00,6.21,6.21,6.21,6.21,100,0
2016-06-20,21:05:00,6.22,6.24,6.18,6.205,5200,0
2016-06-20,21:10:00,6.22,6.22,6.17,6.17,1800,0
2016-06-20,21:15:00,6.21,6.21,6.2,6.2,400,0
2016-06-20,21:20:00,6.215,6.22,6.215,6.22,300,0
2016-06-20,21:25:00,6.2,6.2001,6.2,6.2,600,0
2016-06-20,21:30:00,6.2,6.21,6.2,6.21,700,0
2016-06-20,21:35:00,6.215,6.22,6.18,6.18,2200,0
2016-06-20,21:40:00,6.19,6.21,6.19,6.21,500,0
2016-06-20,21:45:00,6.21,6.41,6.21,6.365,17888,0
2016-06-20,21:50:00,6.34,6.41,6.315,6.3567,2396,0
2016-06-20,21:55:00,6.37,6.41,6.352,6.4,9079,0
2016-06-20,22:00:00,6.4,6.44,6.33,6.34,40324,0
2016-06-21,15:35:00,6.27,6.4242,6.04,6.2122,7325,0
2016-06-21,15:40:00,6.19,6.23,6.19,6.23,200,0
2016-06-21,15:45:00,6.39,6.39,6.39,6.39,200,0
2016-06-21,15:50:00,6.38,6.38,6.38,6.38,550,0
2016-06-21,15:55:00,6.26,6.26,6.26,6.26,100,0
2016-06-21,16:00:00,6.22,6.26,6.19,6.26,2847,0
2016-06-21,16:05:00,6.2,6.22,6.2,6.2,600,0
2016-06-21,16:10:00,6.14,6.19,6.05,6.05,20500,0
2016-06-21,16:15:00,6.08,6.086,6.05,6.05,5500,0
2016-06-21,16:20:00,6.0634,6.0634,6,6.0135,6683,0
2016-06-21,16:25:00,6.01,6.02,6.01,6.02,200,0
2016-06-21,16:30:00,6.04,6.16,6.04,6.06,17000,0
2016-06-21,16:40:00,6.0601,6.0601,6.05,6.05,2300,0
2016-06-21,16:45:00,6.02,6.02,6.02,6.02,600,0
2016-06-21,16:50:00,6.02,6.02,6.02,6.02,100,0
2016-06-21,16:55:00,6.04,6.04,6.04,6.04,400,0
2016-06-21,17:00:00,6.02,6.03,6.02,6.03,300,0
2016-06-21,17:05:00,6.05,6.15,6.05,6.14,4900,0
2016-06-21,17:10:00,6.15,6.15,6.1,6.1,16055,0
2016-06-21,17:15:00,6.09,6.1101,6.09,6.1,20223,0
2016-06-21,17:20:00,6.1,6.1001,6.04,6.05,9015,0
2016-06-21,17:25:00,6.0414,6.0414,6,6.02,5734,0
2016-06-21,17:30:00,6.0301,6.0301,6.0301,6.0301,600,0
2016-06-21,17:35:00,6.02,6.02,6.01,6.0133,4548,0
2016-06-21,17:40:00,6.01,6.01,6,6,4931,0
2016-06-21,17:45:00,6,6.015,6,6.015,300,0
2016-06-21,17:50:00,5.98,5.98,5.94,5.94,2212,0
2016-06-21,17:55:00,5.97,5.97,5.95,5.95,2523,0
2016-06-21,18:00:00,5.95,5.95,5.9,5.94,3000,0
2016-06-21,18:05:00,5.94,5.94,5.9,5.935,1300,0
2016-06-21,18:10:00,5.9065,5.9199,5.89,5.89,1300,0
2016-06-21,18:15:00,5.89,5.89,5.82,5.82,456,0
2016-06-21,18:20:00,5.8655,5.8655,5.8655,5.8655,1000,0
2016-06-21,18:25:00,5.8781,5.9,5.8595,5.87,6539,0
2016-06-21,18:30:00,5.91,5.97,5.8935,5.96,2900,0
2016-06-21,18:35:00,6.035,6.0532,6.035,6.0532,1100,0
2016-06-21,18:40:00,6.09,6.09,6.03,6.03,300,0
2016-06-21,18:45:00,6.0088,6.0088,6.0088,6.0088,216,0
2016-06-21,18:55:00,5.9999,6,5.9999,6,2600,0
2016-06-21,19:05:00,6.0434,6.06,6.0434,6.06,350,0
2016-06-21,19:10:00,6.08,6.08,6.08,6.08,100,0
2016-06-21,19:15:00,6.075,6.075,6.075,6.075,200,0
2016-06-21,19:25:00,6.05,6.05,6.05,6.05,400,0
2016-06-21,19:30:00,6.0001,6.0001,6,6,900,0
2016-06-21,19:35:00,5.98,5.98,5.98,5.98,100,0
2016-06-21,19:40:00,5.97,5.985,5.97,5.985,200,0
2016-06-21,19:45:00,6.0099,6.0099,6.0099,6.0099,2600,0
2016-06-21,19:50:00,6.02,6.025,6.01,6.025,300,0
2016-06-21,19:55:00,6.01,6.01,6.01,6.01,200,0
2016-06-21,20:10:00,5.9899,5.9899,5.96,5.96,519,0
2016-06-21,20:15:00,5.96,5.96,5.93,5.945,300,0
2016-06-21,20:20:00,5.9317,5.9317,5.9,5.92,1030,0
2016-06-21,20:25:00,5.912,5.912,5.912,5.912,400,0
2016-06-21,20:30:00,5.92,5.92,5.845,5.845,1230,0
2016-06-21,20:35:00,5.88,5.88,5.88,5.88,400,0
2016-06-21,20:40:00,5.9499,5.9499,5.905,5.905,900,0
2016-06-21,20:45:00,5.925,5.925,5.905,5.905,400,0
2016-06-21,20:50:00,5.93,5.98,5.91,5.91,400,0
2016-06-21,20:55:00,5.9,5.91,5.9,5.91,200,0
2016-06-21,21:05:00,5.96,5.96,5.96,5.96,100,0
2016-06-21,21:10:00,5.95,5.95,5.95,5.95,100,0
2016-06-21,21:15:00,5.93,5.98,5.93,5.98,2400,0
2016-06-21,21:20:00,6.03,6.08,6.03,6.04,3322,0
2016-06-21,21:25:00,6.025,6.06,6.0125,6.04,2400,0
2016-06-21,21:30:00,6.0493,6.0493,6.04,6.04,3500,0
2016-06-21,21:35:00,6.0562,6.07,6.0562,6.06,1400,0
2016-06-21,21:40:00,6.09,6.1,6.07,6.1,1300,0
2016-06-21,21:45:00,6.06,6.08,6.06,6.08,1325,0
2016-06-21,21:50:00,6.05,6.1,6.05,6.07,900,0
2016-06-21,21:55:00,6.09,6.09,6.07,6.07,1000,0
2016-06-21,22:00:00,6.07,6.07,6.03,6.06,7394,0
2016-06-22,15:35:00,6.1,6.14,6.1,6.13,6006,0
2016-06-22,15:45:00,6.095,6.095,6.08,6.08,1000,0
2016-06-22,15:50:00,6.1,6.1,6.1,6.1,110,0
2016-06-22,15:55:00,6.12,6.12,6.12,6.12,100,0
2016-06-22,16:00:00,6.11,6.12,6.11,6.1195,2362,0
2016-06-22,16:05:00,6.09,6.09,5.9701,5.9701,1820,0
2016-06-22,16:15:00,6.03,6.03,6.03,6.03,200,0
2016-06-22,16:20:00,6.07,6.07,6.07,6.07,200,0
2016-06-22,16:30:00,6.1072,6.1072,6.1072,6.1072,285,0
2016-06-22,16:35:00,6.0628,6.0628,6.0628,6.0628,500,0
2016-06-22,16:45:00,6.08,6.08,6.08,6.08,300,0
2016-06-22,16:55:00,6.1,6.11,6.1,6.11,200,0
2016-06-22,17:00:00,6.09,6.12,6.09,6.12,1300,0
2016-06-22,17:05:00,6.12,6.13,6.09,6.11,4142,0
2016-06-22,17:15:00,6.09,6.09,6.09,6.09,100,0
2016-06-22,17:20:00,6.08,6.08,6.08,6.08,580,0
2016-06-22,17:25:00,6.09,6.09,6.08,6.08,300,0
2016-06-22,17:35:00,6.0799,6.0799,6.0799,6.0799,1184,0
2016-06-22,17:40:00,6.0521,6.0521,6.0521,6.0521,400,0
2016-06-22,17:45:00,6.08,6.08,6.06,6.06,400,0
2016-06-22,18:00:00,6.04,6.04,6.03,6.03,500,0
2016-06-22,18:05:00,6.04,6.04,6.04,6.04,100,0
2016-06-22,18:10:00,6.03,6.03,6.03,6.03,200,0
2016-06-22,18:15:00,5.97,5.9701,5.97,5.97,700,0
2016-06-22,18:30:00,6,6,6,6,100,0
2016-06-22,18:40:00,5.98,5.98,5.98,5.98,100,0
2016-06-22,18:50:00,5.96,5.96,5.96,5.96,400,0
2016-06-22,18:55:00,5.93,5.93,5.93,5.93,100,0
2016-06-22,19:00:00,5.98,5.98,5.98,5.98,500,0
2016-06-22,19:05:00,5.98,5.98,5.94,5.95,1600,0
2016-06-22,19:10:00,5.9314,5.99,5.9314,5.97,1450,0
2016-06-22,19:15:00,5.96,5.98,5.91,5.91,2328,0
2016-06-22,19:20:00,5.91,5.98,5.91,5.96,4200,0
2016-06-22,19:25:00,5.93,5.97,5.91,5.96,1200,0
2016-06-22,19:30:00,5.94,6.01,5.92,6.01,830,0
2016-06-22,19:35:00,5.9499,6.08,5.935,5.99,1600,0
2016-06-22,19:40:00,6.0025,6.0025,6.0025,6.0025,200,0
2016-06-22,19:45:00,5.99,5.99,5.95,5.95,200,0
2016-06-22,19:50:00,5.9622,5.9622,5.9622,5.9622,1000,0
2016-06-22,19:55:00,5.95,5.95,5.9389,5.9389,700,0
2016-06-22,20:00:00,5.93,5.98,5.93,5.98,700,0
2016-06-22,20:05:00,5.98,5.9899,5.98,5.9899,200,0
2016-06-22,20:25:00,5.96,5.96,5.96,5.96,300,0
2016-06-22,20:30:00,5.99,5.99,5.99,5.99,100,0
2016-06-22,20:40:00,5.97,5.97,5.97,5.97,300,0
2016-06-22,20:45:00,5.95,5.95,5.95,5.95,100,0
2016-06-22,20:50:00,5.96,5.96,5.96,5.96,300,0
2016-06-22,21:15:00,5.972,5.972,5.95,5.95,900,0
2016-06-22,21:25:00,5.96,5.96,5.96,5.96,200,0
2016-06-22,21:30:00,5.95,5.95,5.95,5.95,200,0
2016-06-22,21:35:00,5.95,5.95,5.95,5.95,400,0
2016-06-22,21:40:00,5.95,5.96,5.95,5.96,1000,0
2016-06-22,21:45:00,5.97,5.97,5.96,5.96,400,0
2016-06-22,21:50:00,5.9627,5.9627,5.95,5.95,1400,0
2016-06-22,21:55:00,5.95,5.9599,5.95,5.95,1296,0
2016-06-22,22:00:00,5.95,5.95,5.92,5.92,7064,0
2016-06-23,15:35:00,5.98,5.98,5.98,5.98,1110,0
2016-06-23,15:40:00,5.97,5.99,5.9,5.99,1388,0
2016-06-23,15:50:00,5.9,5.9,5.85,5.85,4905,0
2016-06-23,15:55:00,5.86,5.96,5.85,5.915,4025,0
2016-06-23,16:00:00,5.91,5.96,5.9,5.96,5200,0
2016-06-23,16:05:00,5.96,5.96,5.96,5.96,145,0
2016-06-23,16:10:00,5.971,5.971,5.96,5.96,500,0
2016-06-23,16:15:00,5.91,5.97,5.91,5.92,11748,0
2016-06-23,16:20:00,5.93,5.93,5.87,5.87,400,0
2016-06-23,16:25:00,5.89,5.96,5.89,5.93,1700,0
2016-06-23,16:30:00,5.94,5.94,5.88,5.94,3500,0
2016-06-23,16:35:00,5.95,6.06,5.905,6.06,12018,0
2016-06-23,16:40:00,6.13,6.14,5.98,6.04,17098,0
2016-06-23,16:50:00,6.0277,6.0277,6.0277,6.0277,910,0
2016-06-23,16:55:00,6.01,6.01,6.01,6.01,300,0
2016-06-23,17:00:00,6.02,6.02,6,6,300,0
2016-06-23,17:10:00,5.99,5.99,5.99,5.99,100,0
2016-06-23,17:15:00,6.0001,6.0201,6.0001,6.0201,295,0
2016-06-23,17:35:00,6.055,6.055,6.04,6.04,800,0
2016-06-23,17:45:00,6.0001,6.0001,5.96,5.96,1245,0
2016-06-23,17:55:00,5.96,5.96,5.96,5.96,100,0
2016-06-23,18:00:00,5.99,5.99,5.99,5.99,100,0
2016-06-23,18:05:00,6.03,6.03,6.03,6.03,100,0
2016-06-23,18:10:00,6.06,6.06,6.06,6.06,100,0
2016-06-23,18:15:00,6.04,6.04,6.04,6.04,100,0
2016-06-23,18:20:00,6.05,6.05,6.05,6.05,500,0
2016-06-23,18:25:00,6.05,6.0567,6.04,6.0567,1400,0
2016-06-23,18:30:00,6.05,6.06,6.04,6.04,700,0
2016-06-23,18:35:00,6.0535,6.055,6.0535,6.055,600,0
2016-06-23,18:40:00,6.05,6.05,6.05,6.05,100,0
2016-06-23,18:45:00,6.05,6.05,6.04,6.049,700,0
2016-06-23,18:50:00,6.04,6.05,6.04,6.05,1800,0
2016-06-23,19:10:00,6.06,6.06,6.06,6.06,300,0
2016-06-23,19:25:00,6.05,6.05,6.05,6.05,100,0
2016-06-23,19:40:00,6.05,6.05,6.05,6.05,600,0
2016-06-23,19:50:00,6.05,6.05,6.05,6.05,100,0
2016-06-23,19:55:00,6.05,6.05,6.05,6.05,400,0
2016-06-23,20:00:00,6.05,6.05,6.05,6.05,200,0
2016-06-23,20:05:00,6.05,6.05,6.05,6.05,300,0
2016-06-23,20:10:00,6.055,6.055,6.055,6.055,1000,0
2016-06-23,20:15:00,6.06,6.06,6.06,6.06,100,0
2016-06-23,20:20:00,6.11,6.11,6.11,6.11,577,0
2016-06-23,20:25:00,6.08,6.1148,6.08,6.1148,1600,0
2016-06-23,20:30:00,6.104,6.104,6.104,6.104,444,0
2016-06-23,20:35:00,6.1086,6.1086,6.1086,6.1086,1000,0
2016-06-23,20:40:00,6.08,6.08,6.08,6.08,100,0
2016-06-23,20:50:00,6.1,6.1,6.1,6.1,600,0
2016-06-23,21:00:00,6.12,6.12,6.12,6.12,100,0
2016-06-23,21:10:00,6.108,6.1116,6.108,6.1116,300,0
2016-06-23,21:15:00,6.11,6.11,6.11,6.11,300,0
2016-06-23,21:20:00,6.11,6.1101,6.08,6.08,1600,0
2016-06-23,21:25:00,6.09,6.09,6.0801,6.0801,400,0
2016-06-23,21:30:00,6.09,6.1,6.09,6.0916,900,0
2016-06-23,21:35:00,6.1,6.1,6.1,6.1,300,0
2016-06-23,21:40:00,6.09,6.09,6.0664,6.07,500,0
2016-06-23,21:45:00,6.0748,6.1,6.05,6.09,5500,0
2016-06-23,21:50:00,6.09,6.09,6.09,6.09,100,0
2016-06-23,21:55:00,6.09,6.095,6.08,6.09,600,0
2016-06-23,22:00:00,6.09,6.1,6.07,6.1,1556,0
2016-06-24,15:35:00,5.87,5.94,5.76,5.94,4550,0
2016-06-24,15:40:00,5.863,5.863,5.82,5.82,1300,0
2016-06-24,15:45:00,5.87,5.87,5.87,5.87,300,0
2016-06-24,16:00:00,5.9,5.9,5.89,5.9,400,0
2016-06-24,16:05:00,5.94,5.94,5.94,5.94,1000,0
2016-06-24,16:10:00,5.98,6,5.905,5.905,1241,0
2016-06-24,16:15:00,5.99,6.06,5.99,6.06,1300,0
2016-06-24,16:30:00,5.9988,6.05,5.99,5.99,2500,0
2016-06-24,16:45:00,6,6,5.97,6,1001,0
2016-06-24,17:00:00,6.02,6.02,6.02,6.02,100,0
2016-06-24,17:05:00,6.05,6.05,6.02,6.02,700,0
2016-06-24,17:25:00,5.9717,6,5.9717,6,1150,0
2016-06-24,17:40:00,6,6,6,6,300,0
2016-06-24,17:55:00,6,6,6,6,400,0
2016-06-24,18:05:00,5.99,5.99,5.98,5.98,500,0
2016-06-24,18:10:00,5.97,5.97,5.97,5.97,100,0
2016-06-24,18:25:00,5.933,5.97,5.933,5.97,1000,0
2016-06-24,18:30:00,5.95,5.95,5.92,5.92,400,0
2016-06-24,18:50:00,5.91,5.91,5.9,5.9,500,0
2016-06-24,19:15:00,5.9,5.9,5.9,5.9,100,0
2016-06-24,19:20:00,5.9117,5.9117,5.9117,5.9117,100,0
2016-06-24,19:30:00,5.91,5.91,5.905,5.91,700,0
2016-06-24,19:45:00,5.9,5.915,5.9,5.9,900,0
2016-06-24,19:55:00,5.93,5.93,5.93,5.93,100,0
2016-06-24,20:10:00,5.9,5.9,5.9,5.9,800,0
2016-06-24,20:25:00,5.9,5.92,5.9,5.92,700,0
2016-06-24,21:00:00,5.91,5.91,5.9,5.91,4782,0
2016-06-24,21:05:00,5.89,5.89,5.88,5.88,1000,0
2016-06-24,21:10:00,5.89,5.89,5.88,5.88,500,0
2016-06-24,21:15:00,5.88,5.895,5.88,5.895,300,0
2016-06-24,21:25:00,5.88,5.88,5.88,5.88,100,0
2016-06-24,21:30:00,5.8999,5.9,5.88,5.88,4600,0
2016-06-24,21:35:00,5.885,5.89,5.88,5.89,300,0
2016-06-24,21:40:00,5.89,5.9,5.89,5.89,300,0
2016-06-24,21:45:00,5.88,5.88,5.88,5.88,500,0
2016-06-24,21:50:00,5.88,5.88,5.88,5.88,200,0
2016-06-24,21:55:00,5.89,5.94,5.89,5.94,2669,0
2016-06-24,22:00:00,5.92,5.94,5.9,5.92,3084,0
2016-06-27,15:35:00,5.85,5.85,5.85,5.85,1722,0
2016-06-27,15:55:00,5.88,5.88,5.88,5.88,100,0
2016-06-27,16:00:00,5.842,5.842,5.842,5.842,400,0
2016-06-27,16:20:00,5.82,5.82,5.82,5.82,100,0
2016-06-27,16:25:00,5.78,5.78,5.66,5.67,6035,0
2016-06-27,16:30:00,5.66,5.66,5.6001,5.635,1500,0
2016-06-27,16:35:00,5.64,5.6879,5.64,5.6605,9300,0
2016-06-27,16:40:00,5.71,5.71,5.71,5.71,100,0
2016-06-27,16:45:00,5.72,5.72,5.72,5.72,200,0
2016-06-27,16:50:00,5.71,5.711,5.7,5.7,1270,0
2016-06-27,16:55:00,5.65,5.65,5.6399,5.6399,600,0
2016-06-27,17:00:00,5.56,5.6,5.56,5.6,1100,0
2016-06-27,17:05:00,5.57,5.618,5.57,5.618,2000,0
2016-06-27,17:10:00,5.61,5.64,5.61,5.64,1200,0
2016-06-27,17:15:00,5.633,5.633,5.6302,5.6302,258,0
2016-06-27,17:20:00,5.62,5.62,5.61,5.61,400,0
2016-06-27,17:25:00,5.6,5.6299,5.6,5.6,2300,0
2016-06-27,17:30:00,5.615,5.615,5.6,5.6,500,0
2016-06-27,17:35:00,5.62,5.625,5.62,5.62,500,0
2016-06-27,17:40:00,5.6001,5.62,5.6,5.61,700,0
2016-06-27,17:45:00,5.61,5.61,5.61,5.61,200,0
2016-06-27,17:50:00,5.61,5.62,5.61,5.61,790,0
2016-06-27,17:55:00,5.6,5.6,5.6,5.6,400,0
2016-06-27,18:00:00,5.61,5.62,5.61,5.62,1300,0
2016-06-27,18:05:00,5.61,5.62,5.61,5.62,400,0
2016-06-27,18:10:00,5.62,5.62,5.62,5.62,100,0
2016-06-27,18:15:00,5.6,5.6,5.6,5.6,100,0
2016-06-27,18:20:00,5.6,5.62,5.58,5.58,3650,0
2016-06-27,18:25:00,5.58,5.5824,5.58,5.58,800,0
2016-06-27,18:35:00,5.596,5.62,5.5901,5.62,2719,0
2016-06-27,18:45:00,5.61,5.61,5.59,5.59,300,0
2016-06-27,18:50:00,5.597,5.6099,5.597,5.6099,1900,0
2016-06-27,18:55:00,5.6081,5.6081,5.6081,5.6081,100,0
2016-06-27,19:00:00,5.608,5.608,5.608,5.608,150,0
2016-06-27,19:05:00,5.596,5.62,5.596,5.62,300,0
2016-06-27,19:10:00,5.64,5.64,5.625,5.64,400,0
2016-06-27,19:15:00,5.63,5.64,5.62,5.63,800,0
2016-06-27,19:20:00,5.65,5.65,5.65,5.65,200,0
2016-06-27,19:30:00,5.6433,5.6433,5.635,5.635,800,0
2016-06-27,19:35:00,5.61,5.6341,5.61,5.6341,650,0
2016-06-27,19:40:00,5.61,5.61,5.61,5.61,100,0
2016-06-27,19:45:00,5.61,5.629,5.61,5.6173,2250,0
2016-06-27,19:50:00,5.6227,5.65,5.6227,5.63,5800,0
2016-06-27,19:55:00,5.63,5.63,5.63,5.63,100,0
2016-06-27,20:00:00,5.65,5.65,5.63,5.63,200,0
2016-06-27,20:05:00,5.63,5.63,5.63,5.63,100,0
2016-06-27,20:10:00,5.63,5.65,5.63,5.6499,2002,0
2016-06-27,20:15:00,5.657,5.66,5.61,5.625,4950,0
2016-06-27,20:20:00,5.63,5.6599,5.62,5.6599,3018,0
2016-06-27,20:30:00,5.61,5.64,5.61,5.64,300,0
2016-06-27,20:35:00,5.63,5.65,5.63,5.64,700,0
2016-06-27,20:40:00,5.657,5.66,5.657,5.66,600,0
2016-06-27,20:50:00,5.6318,5.6318,5.621,5.621,1059,0
2016-06-27,20:55:00,5.64,5.64,5.63,5.63,500,0
2016-06-27,21:00:00,5.63,5.63,5.62,5.62,1100,0
2016-06-27,21:05:00,5.63,5.6363,5.63,5.6363,1900,0
2016-06-27,21:10:00,5.64,5.64,5.64,5.64,1000,0
2016-06-27,21:15:00,5.64,5.66,5.63,5.64,1300,0
2016-06-27,21:20:00,5.63,5.63,5.63,5.63,100,0
2016-06-27,21:25:00,5.63,5.635,5.63,5.63,800,0
2016-06-27,21:30:00,5.63,5.645,5.63,5.645,300,0
2016-06-27,21:35:00,5.64,5.64,5.64,5.64,100,0
2016-06-27,21:40:00,5.64,5.67,5.632,5.67,2529,0
2016-06-27,21:45:00,5.6624,5.7,5.6624,5.7,1626,0
2016-06-27,21:50:00,5.71,5.72,5.6892,5.69,3468,0
2016-06-27,21:55:00,5.7003,5.74,5.7003,5.71,4172,0
2016-06-27,22:00:00,5.68,5.7,5.66,5.68,7089,0
2016-06-28,15:35:00,5.74,5.74,5.74,5.74,1538,0
2016-06-28,15:40:00,5.7109,5.7109,5.7109,5.7109,1000,0
2016-06-28,15:50:00,5.8,5.8,5.67,5.7384,1800,0
2016-06-28,16:05:00,5.73,5.73,5.73,5.73,100,0
2016-06-28,16:10:00,5.79,5.79,5.79,5.79,500,0
2016-06-28,16:15:00,5.8,5.8,5.79,5.79,1220,0
2016-06-28,16:20:00,5.79,5.8,5.79,5.8,1000,0
2016-06-28,16:25:00,5.8,5.91,5.8,5.91,800,0
2016-06-28,16:30:00,5.89,5.91,5.89,5.9,900,0
2016-06-28,16:35:00,5.9,5.92,5.9,5.92,300,0
2016-06-28,16:40:00,5.92,5.92,5.8701,5.8701,1500,0
2016-06-28,16:45:00,5.91,5.91,5.91,5.91,100,0
2016-06-28,16:50:00,5.9241,5.9241,5.9241,5.9241,1000,0
2016-06-28,16:55:00,5.91,5.93,5.91,5.93,400,0
2016-06-28,17:00:00,5.91,5.91,5.91,5.91,100,0
2016-06-28,17:05:00,5.892,5.892,5.892,5.892,500,0
2016-06-28,17:10:00,5.8901,5.91,5.8901,5.8901,568,0
2016-06-28,17:15:00,5.89,5.902,5.84,5.89,2200,0
2016-06-28,17:25:00,5.9,5.9,5.89,5.89,500,0
2016-06-28,17:30:00,5.89,5.89,5.89,5.89,800,0
2016-06-28,17:35:00,5.9,5.9,5.9,5.9,100,0
2016-06-28,17:40:00,5.89,5.89,5.89,5.89,700,0
2016-06-28,17:45:00,5.89,5.89,5.84,5.87,2800,0
2016-06-28,18:00:00,5.9,5.9,5.9,5.9,1500,0
2016-06-28,18:05:00,5.89,5.89,5.87,5.8801,700,0
2016-06-28,18:10:00,5.89,5.89,5.89,5.89,100,0
2016-06-28,18:15:00,5.87,5.87,5.87,5.87,200,0
2016-06-28,18:20:00,5.87,5.87,5.87,5.87,100,0
2016-06-28,18:25:00,5.87,5.87,5.85,5.85,740,0
2016-06-28,18:30:00,5.86,5.86,5.86,5.86,100,0
2016-06-28,18:45:00,5.87,5.88,5.87,5.88,400,0
2016-06-28,18:50:00,5.88,5.88,5.88,5.88,300,0
2016-06-28,18:55:00,5.8865,5.9,5.8865,5.9,5300,0
2016-06-28,19:00:00,5.8994,5.94,5.8994,5.93,4700,0
2016-06-28,19:05:00,5.93,5.98,5.93,5.98,500,0
2016-06-28,19:10:00,5.95,5.95,5.94,5.94,400,0
2016-06-28,19:15:00,5.94,5.94,5.94,5.94,200,0
2016-06-28,19:25:00,5.95,5.95,5.95,5.95,300,0
2016-06-28,19:30:00,5.9447,5.99,5.938,5.9899,4950,0
2016-06-28,19:35:00,5.96,5.99,5.96,5.99,200,0
2016-06-28,19:45:00,5.9904,5.9904,5.9904,5.9904,200,0
2016-06-28,19:50:00,5.97,5.97,5.97,5.97,100,0
2016-06-28,19:55:00,5.98,6,5.9794,5.99,1891,0
2016-06-28,20:05:00,5.96,5.96,5.96,5.96,100,0
2016-06-28,20:10:00,5.97,5.97,5.97,5.97,500,0
2016-06-28,20:15:00,5.97,5.97,5.97,5.97,100,0
2016-06-28,20:25:00,5.99,5.99,5.96,5.96,3200,0
2016-06-28,20:30:00,5.96,6,5.94,5.9999,1902,0
2016-06-28,20:50:00,5.9801,5.9801,5.98,5.98,303,0
2016-06-28,20:55:00,5.97,5.97,5.96,5.9618,2900,0
2016-06-28,21:00:00,5.96,5.96,5.96,5.96,100,0
2016-06-28,21:10:00,5.97,5.9766,5.95,5.9766,1100,0
2016-06-28,21:15:00,5.98,5.99,5.98,5.99,1150,0
2016-06-28,21:20:00,5.98,5.98,5.97,5.97,300,0
2016-06-28,21:25:00,5.97,5.97,5.96,5.96,400,0
2016-06-28,21:30:00,5.96,5.98,5.93,5.98,900,0
2016-06-28,21:35:00,5.98,5.98,5.98,5.98,400,0
2016-06-28,21:40:00,5.96,5.99,5.96,5.99,1200,0
2016-06-28,21:45:00,5.99,5.99,5.97,5.98,1400,0
2016-06-28,21:50:00,5.97,5.99,5.97,5.99,200,0
2016-06-28,21:55:00,5.91,5.91,5.91,5.91,100,0
2016-06-28,22:00:00,5.97,6,5.9564,5.97,5928,0
2016-06-29,15:35:00,6.01,6.02,5.955,6.02,3969,0
2016-06-29,15:40:00,5.9601,5.9601,5.9601,5.9601,937,0
2016-06-29,15:50:00,6.02,6.02,6,6,400,0
2016-06-29,16:00:00,6.0216,6.0216,6.0216,6.0216,100,0
2016-06-29,16:05:00,6.02,6.03,6.01,6.03,1878,0
2016-06-29,16:10:00,6.03,6.03,6.03,6.03,100,0
2016-06-29,16:15:00,6.04,6.05,6.04,6.05,200,0
2016-06-29,16:20:00,6.06,6.07,6.06,6.07,200,0
2016-06-29,16:25:00,6.08,6.08,6.08,6.08,826,0
2016-06-29,16:30:00,6.072,6.072,6.06,6.06,1400,0
2016-06-29,16:35:00,6.055,6.06,6.04,6.04,2200,0
2016-06-29,16:50:00,6,6,6,6,100,0
2016-06-29,16:55:00,6.01,6.01,6.01,6.01,100,0
2016-06-29,17:00:00,6.02,6.02,6.02,6.02,200,0
2016-06-29,17:10:00,6.03,6.057,6.03,6.057,1100,0
2016-06-29,17:15:00,6.01,6.01,6.01,6.01,300,0
2016-06-29,17:20:00,6.03,6.03,6,6.019,690,0
2016-06-29,17:35:00,6.02,6.04,6.02,6.03,1050,0
2016-06-29,17:40:00,6.04,6.04,6,6,900,0
2016-06-29,17:45:00,6.01,6.039,6.01,6.01,700,0
2016-06-29,17:50:00,6,6.03,6,6.01,1300,0
2016-06-29,17:55:00,6.03,6.05,6.01,6.04,850,0
2016-06-29,18:00:00,6.04,6.05,6.04,6.05,300,0
2016-06-29,18:05:00,6.02,6.03,6.02,6.03,200,0
2016-06-29,18:10:00,6.03,6.03,6.03,6.03,200,0
2016-06-29,18:15:00,6.03,6.03,6.03,6.03,200,0
2016-06-29,18:30:00,6.0397,6.041,6.01,6.01,2800,0
2016-06-29,18:35:00,6.0383,6.0383,6.0383,6.0383,160,0
2016-06-29,18:40:00,6.0499,6.0499,6.01,6.03,1600,0
2016-06-29,18:45:00,6.03,6.03,6.02,6.02,770,0
2016-06-29,19:00:00,6.02,6.02,6.02,6.02,400,0
2016-06-29,19:05:00,6.02,6.02,6.02,6.02,300,0
2016-06-29,19:10:00,6.02,6.02,6.02,6.02,200,0
2016-06-29,19:20:00,6.02,6.02,6.01,6.01,200,0
2016-06-29,19:30:00,6.01,6.01,6.01,6.01,100,0
2016-06-29,19:35:00,6.02,6.02,6.02,6.02,200,0
2016-06-29,19:50:00,6.02,6.02,6,6.01,5600,0
2016-06-29,19:55:00,6.02,6.03,6.0199,6.03,5400,0
2016-06-29,20:00:00,6.03,6.03,6.02,6.03,600,0
2016-06-29,20:10:00,6.02,6.0335,6.02,6.03,1200,0
2016-06-29,20:15:00,6.0399,6.0399,6.0399,6.0399,160,0
2016-06-29,20:25:00,6.04,6.0499,6.03,6.04,800,0
2016-06-29,20:30:00,6.04,6.05,6.04,6.05,700,0
2016-06-29,20:35:00,6.06,6.06,6.05,6.06,3100,0
2016-06-29,20:40:00,6.05,6.06,6.05,6.06,300,0
2016-06-29,20:45:00,6.06,6.06,6.05,6.05,400,0
2016-06-29,20:50:00,6.06,6.06,6.051,6.051,1175,0
2016-06-29,20:55:00,6.05,6.05,6.05,6.05,400,0
2016-06-29,21:00:00,6.05,6.05,6.04,6.04,500,0
2016-06-29,21:05:00,6.05,6.05,6.04,6.05,400,0
2016-06-29,21:15:00,6.04,6.04,6.04,6.04,1000,0
2016-06-29,21:20:00,6.04,6.04,6.04,6.04,200,0
2016-06-29,21:25:00,6.04,6.04,6.03,6.03,5909,0
2016-06-29,21:30:00,6.03,6.03,6.03,6.03,400,0
2016-06-29,21:35:00,6.04,6.04,6.04,6.04,100,0
2016-06-29,21:40:00,6.04,6.04,6.03,6.04,2700,0
2016-06-29,21:45:00,6.04,6.04,6.02,6.03,3300,0
2016-06-29,21:50:00,6.04,6.04,6.03,6.03,1250,0
2016-06-29,21:55:00,6.03,6.04,6.03,6.03,900,0
2016-06-29,22:00:00,6.03,6.05,6.02,6.05,4300,0
2016-06-30,15:35:00,6.1,6.1,6.07,6.07,3482,0
2016-06-30,15:50:00,6.07,6.07,6.07,6.07,100,0
2016-06-30,15:55:00,6.05,6.05,6.05,6.05,300,0
2016-06-30,16:05:00,6.05,6.12,6.0499,6.12,9936,0
2016-06-30,16:10:00,6.125,6.15,6.1,6.12,9178,0
2016-06-30,16:15:00,6.13,6.133,6.13,6.133,10300,0
2016-06-30,16:20:00,6.14,6.17,6.14,6.17,2000,0
2016-06-30,16:25:00,6.16,6.16,6.1,6.14,7070,0
2016-06-30,16:30:00,6.1699,6.1699,6.1699,6.1699,1000,0
2016-06-30,16:35:00,6.17,6.21,6.165,6.21,11600,0
2016-06-30,16:40:00,6.22,6.22,6.2,6.2,1100,0
2016-06-30,16:45:00,6.23,6.23,6.2289,6.23,800,0
2016-06-30,16:55:00,6.21,6.21,6.21,6.21,100,0
2016-06-30,17:00:00,6.22,6.24,6.22,6.24,300,0
2016-06-30,17:05:00,6.24,6.24,6.24,6.24,1500,0
2016-06-30,17:10:00,6.2501,6.2501,6.2501,6.2501,1000,0
2016-06-30,17:15:00,6.26,6.289,6.26,6.289,240,0
2016-06-30,17:20:00,6.27,6.305,6.27,6.305,2100,0
2016-06-30,17:25:00,6.305,6.305,6.2901,6.2901,400,0
2016-06-30,17:30:00,6.29,6.29,6.26,6.26,300,0
2016-06-30,17:35:00,6.2701,6.2701,6.2701,6.2701,100,0
2016-06-30,17:40:00,6.29,6.29,6.28,6.28,200,0
2016-06-30,17:50:00,6.28,6.2899,6.24,6.2899,1100,0
2016-06-30,17:55:00,6.28,6.28,6.27,6.27,300,0
2016-06-30,18:05:00,6.29,6.295,6.28,6.28,300,0
2016-06-30,18:10:00,6.28,6.28,6.28,6.28,400,0
2016-06-30,18:15:00,6.305,6.305,6.305,6.305,400,0
2016-06-30,18:20:00,6.32,6.32,6.32,6.32,200,0
2016-06-30,18:25:00,6.3101,6.33,6.3101,6.33,2350,0
2016-06-30,18:30:00,6.33,6.33,6.33,6.33,300,0
2016-06-30,18:35:00,6.32,6.33,6.32,6.33,500,0
2016-06-30,18:40:00,6.32,6.33,6.32,6.32,2200,0
2016-06-30,18:45:00,6.315,6.315,6.315,6.315,100,0
2016-06-30,18:50:00,6.3001,6.3001,6.3001,6.3001,200,0
2016-06-30,18:55:00,6.33,6.33,6.3,6.3,1100,0
2016-06-30,19:15:00,6.31,6.31,6.29,6.29,543,0
2016-06-30,19:20:00,6.2979,6.2979,6.2979,6.2979,100,0
2016-06-30,19:30:00,6.28,6.28,6.28,6.28,300,0
2016-06-30,19:35:00,6.23,6.23,6.23,6.23,100,0
2016-06-30,19:40:00,6.25,6.25,6.25,6.25,200,0
2016-06-30,19:45:00,6.25,6.25,6.248,6.248,250,0
2016-06-30,19:50:00,6.2475,6.26,6.2475,6.25,500,0
2016-06-30,19:55:00,6.23,6.23,6.23,6.23,200,0
2016-06-30,20:00:00,6.24,6.24,6.24,6.24,100,0
2016-06-30,20:05:00,6.252,6.252,6.23,6.23,1170,0
2016-06-30,20:10:00,6.24,6.24,6.24,6.24,100,0
2016-06-30,20:25:00,6.24,6.24,6.24,6.24,300,0
2016-06-30,20:30:00,6.23,6.24,6.22,6.22,2000,0
2016-06-30,20:35:00,6.2196,6.2196,6.2196,6.2196,200,0
2016-06-30,20:40:00,6.23,6.23,6.23,6.23,100,0
2016-06-30,20:55:00,6.2314,6.2314,6.2314,6.2314,253,0
2016-06-30,21:00:00,6.21,6.21,6.21,6.21,100,0
2016-06-30,21:10:00,6.22,6.22,6.22,6.22,100,0
2016-06-30,21:20:00,6.23,6.23,6.22,6.22,300,0
2016-06-30,21:25:00,6.23,6.23,6.23,6.23,300,0
2016-06-30,21:30:00,6.24,6.26,6.24,6.26,840,0
2016-06-30,21:35:00,6.26,6.26,6.25,6.25,300,0
2016-06-30,21:40:00,6.24,6.24,6.24,6.24,100,0
2016-06-30,21:45:00,6.25,6.26,6.24,6.26,600,0
2016-06-30,21:50:00,6.255,6.26,6.24,6.25,1000,0
2016-06-30,21:55:00,6.26,6.27,6.26,6.26,1200,0
2016-06-30,22:00:00,6.26,6.26,6.23,6.24,700,0
2016-07-01,15:35:00,6.12,6.12,6.12,6.12,200,0
2016-07-01,15:50:00,6.25,6.25,6.15,6.15,400,0
2016-07-01,16:10:00,6.23,6.28,6.23,6.27,1200,0
2016-07-01,16:15:00,6.22,6.22,6.22,6.22,100,0
2016-07-01,16:35:00,6.26,6.26,6.26,6.26,100,0
2016-07-01,16:55:00,6.23,6.23,6.23,6.23,100,0
2016-07-01,17:00:00,6.22,6.22,6.2,6.22,600,0
2016-07-01,17:05:00,6.1754,6.2,6.17,6.1913,620,0
2016-07-01,17:35:00,6.1225,6.1225,6.1225,6.1225,400,0
2016-07-01,17:40:00,6.15,6.15,6.15,6.15,100,0
2016-07-01,17:45:00,6.15,6.15,6.15,6.15,200,0
2016-07-01,17:50:00,6.14,6.14,6.14,6.14,200,0
2016-07-01,18:25:00,6.13,6.13,6.13,6.13,100,0
2016-07-01,18:55:00,6.15,6.15,6.14,6.15,500,0
2016-07-01,19:00:00,6.15,6.16,6.15,6.16,300,0
2016-07-01,19:15:00,6.12,6.12,6.12,6.12,100,0
2016-07-01,19:35:00,6.13,6.13,6.13,6.13,400,0
2016-07-01,19:45:00,6.13,6.13,6.11,6.12,3502,0
2016-07-01,19:50:00,6.11,6.15,6,6,18591,0
2016-07-01,19:55:00,6.03,6.06,6.03,6.05,4585,0
2016-07-01,20:00:00,6.04,6.05,6.04,6.05,700,0
2016-07-01,20:05:00,6.08,6.08,6.08,6.08,100,0
2016-07-01,20:10:00,6.07,6.07,6.07,6.07,100,0
2016-07-01,20:15:00,6.09,6.1,6.09,6.1,400,0
2016-07-01,20:20:00,6.12,6.19,6.12,6.19,3900,0
2016-07-01,20:30:00,6.16,6.17,6.0801,6.0801,4800,0
2016-07-01,20:35:00,6.115,6.14,6.05,6.05,732,0
2016-07-01,20:40:00,6.035,6.04,6.01,6.01,5315,0
2016-07-01,20:45:00,6.02,6.02,6,6.01,1217,0
2016-07-01,20:50:00,6.0599,6.11,6.05,6.11,10900,0
2016-07-01,20:55:00,6.1,6.12,6.1,6.11,400,0
2016-07-01,21:00:00,6.12,6.15,6.12,6.14,1800,0
2016-07-01,21:05:00,6.15,6.15,6.13,6.13,2300,0
2016-07-01,21:10:00,6.12,6.15,6.1,6.15,14264,0
2016-07-01,21:15:00,6.15,6.2,6.15,6.2,3300,0
2016-07-01,21:20:00,6.19,6.19,6.18,6.19,700,0
2016-07-01,21:25:00,6.2,6.2,6.2,6.2,787,0
2016-07-01,21:30:00,6.2113,6.2113,6.2113,6.2113,600,0
2016-07-01,21:40:00,6.2,6.2,6.2,6.2,100,0
2016-07-01,21:45:00,6.2,6.21,6.2,6.21,600,0
2016-07-01,21:50:00,6.2036,6.21,6.13,6.14,6478,0
2016-07-01,21:55:00,6.15,6.15,6.14,6.14,1000,0
2016-07-01,22:00:00,6.15,6.15,6.14,6.14,3100,0
