Date,Time,Open,High,Low,Close,Volume,OpenInt
2016-06-16,15:35:00,14.13,14.18,14.09,14.18,4811,0
2016-06-16,15:40:00,14.1,14.1,14.05,14.05,908,0
2016-06-16,15:45:00,14.02,14.05,14.02,14.05,700,0
2016-06-16,15:50:00,14.03,14.04,14.02,14.03,2200,0
2016-06-16,16:00:00,14.02,14.02,14.02,14.02,456,0
2016-06-16,16:05:00,14,14,14,14,200,0
2016-06-16,16:10:00,14.04,14.04,14.04,14.04,600,0
2016-06-16,16:15:00,14.05,14.06,14.05,14.054,415,0
2016-06-16,16:20:00,14.05,14.05,14.05,14.05,527,0
2016-06-16,16:25:00,14.07,14.07,14.03,14.03,500,0
2016-06-16,16:30:00,14.05,14.05,14.04,14.04,600,0
2016-06-16,16:35:00,14.03,14.03,14.01,14.01,300,0
2016-06-16,16:40:00,14.01,14.01,13.99,13.99,1600,0
2016-06-16,16:45:00,14.01,14.03,14.01,14.03,400,0
2016-06-16,16:50:00,14.03,14.05,14.03,14.05,698,0
2016-06-16,16:55:00,14.03,14.03,14.01,14.02,800,0
2016-06-16,17:00:00,14.04,14.05,14.04,14.04,1000,0
2016-06-16,17:05:00,14.04,14.0519,14.0353,14.0519,1799,0
2016-06-16,17:10:00,14.04,14.05,14.04,14.04,1100,0
2016-06-16,17:15:00,14.05,14.06,14.05,14.06,1200,0
2016-06-16,17:20:00,14.06,14.06,14.025,14.025,1213,0
2016-06-16,17:25:00,14.04,14.04,14.04,14.04,800,0
2016-06-16,17:30:00,14.05,14.08,14.04,14.075,1833,0
2016-06-16,17:35:00,14.09,14.09,14.062,14.062,715,0
2016-06-16,17:40:00,14.07,14.08,14.07,14.08,200,0
2016-06-16,17:50:00,14.07,14.07,14.03,14.03,600,0
2016-06-16,17:55:00,14.045,14.045,14.044,14.044,1176,0
2016-06-16,18:00:00,14.04,14.04,14.03,14.0339,677,0
2016-06-16,18:05:00,14.04,14.05,14.04,14.04,1392,0
2016-06-16,18:10:00,14.05,14.05,14.04,14.04,500,0
2016-06-16,18:15:00,14.04,14.04,14.04,14.04,400,0
2016-06-16,18:20:00,14.05,14.05,14.05,14.05,400,0
2016-06-16,18:25:00,14.06,14.09,14.06,14.09,2417,0
2016-06-16,18:30:00,14.09,14.1,14.09,14.1,700,0
2016-06-16,18:35:00,14.09,14.1,14.09,14.1,200,0
2016-06-16,18:40:00,14.09,14.11,14.09,14.11,900,0
2016-06-16,18:45:00,14.13,14.15,14.13,14.15,916,0
2016-06-16,18:50:00,14.15,14.15,14.13,14.13,600,0
2016-06-16,18:55:00,14.13,14.13,14.13,14.13,100,0
2016-06-16,19:00:00,14.11,14.11,14.1,14.1,400,0
2016-06-16,19:05:00,14.12,14.15,14.12,14.14,800,0
2016-06-16,19:10:00,14.14,14.14,14.11,14.12,1000,0
2016-06-16,19:15:00,14.14,14.15,14.14,14.14,1900,0
2016-06-16,19:20:00,14.12,14.12,14.12,14.12,100,0
2016-06-16,19:25:00,14.1101,14.13,14.1101,14.13,431,0
2016-06-16,19:30:00,14.13,14.13,14.13,14.13,200,0
2016-06-16,19:35:00,14.12,14.13,14.1,14.11,1715,0
2016-06-16,19:40:00,14.1,14.13,14.1,14.13,500,0
2016-06-16,19:45:00,14.11,14.11,14.09,14.11,900,0
2016-06-16,19:50:00,14.1,14.11,14.08,14.08,1300,0
2016-06-16,19:55:00,14.07,14.07,14.07,14.07,300,0
2016-06-16,20:00:00,14.07,14.07,14.06,14.07,500,0
2016-06-16,20:05:00,14.07,14.09,14.07,14.08,586,0
2016-06-16,20:10:00,14.08,14.09,14.08,14.0836,1500,0
2016-06-16,20:15:00,14.09,14.13,14.085,14.12,5000,0
2016-06-16,20:20:00,14.13,14.175,14.13,14.175,2199,0
2016-06-16,20:25:00,14.16,14.16,14.15,14.15,800,0
2016-06-16,20:30:00,14.14,14.14,14.12,14.12,1600,0
2016-06-16,20:35:00,14.14,14.1442,14.13,14.14,2876,0
2016-06-16,20:40:00,14.14,14.15,14.14,14.14,1400,0
2016-06-16,20:45:00,14.14,14.14,14.14,14.14,500,0
2016-06-16,20:50:00,14.15,14.16,14.14,14.16,2579,0
2016-06-16,20:55:00,14.1646,14.19,14.16,14.19,3935,0
2016-06-16,21:00:00,14.18,14.18,14.1716,14.1716,370,0
2016-06-16,21:05:00,14.18,14.19,14.18,14.18,1484,0
2016-06-16,21:10:00,14.18,14.19,14.17,14.19,600,0
2016-06-16,21:15:00,14.19,14.195,14.185,14.19,1007,0
2016-06-16,21:20:00,14.195,14.205,14.19,14.2,6308,0
2016-06-16,21:25:00,14.19,14.215,14.19,14.215,1490,0
2016-06-16,21:30:00,14.21,14.25,14.21,14.25,12837,0
2016-06-16,21:35:00,14.25,14.265,14.24,14.25,21588,0
2016-06-16,21:40:00,14.25,14.25,14.24,14.24,10062,0
2016-06-16,21:45:00,14.25,14.26,14.24,14.26,4230,0
2016-06-16,21:50:00,14.25,14.27,14.24,14.25,16303,0
2016-06-16,21:55:00,14.25,14.26,14.235,14.24,14582,0
2016-06-16,22:00:00,14.25,14.275,14.23,14.26,62971,0
2016-06-17,15:35:00,14.25,14.25,14.03,14.03,311023,0
2016-06-17,15:40:00,13.99,13.99,13.95,13.95,6400,0
2016-06-17,15:45:00,13.94,14.03,13.91,14.03,13509,0
2016-06-17,15:50:00,14.05,14.05,13.97,14.04,7484,0
2016-06-17,15:55:00,14.03,14.03,13.97,13.99,6199,0
2016-06-17,16:00:00,13.98,13.985,13.94,13.97,4701,0
2016-06-17,16:05:00,13.95,14,13.95,13.97,9712,0
2016-06-17,16:10:00,13.99,14,13.99,14,1043,0
2016-06-17,16:15:00,14.01,14.02,14.01,14.02,400,0
2016-06-17,16:20:00,14.02,14.04,14.02,14.04,2100,0
2016-06-17,16:25:00,14.05,14.05,14.02,14.03,5398,0
2016-06-17,16:30:00,14.04,14.04,14.03,14.03,1104,0
2016-06-17,16:35:00,14.04,14.04,14.02,14.03,1400,0
2016-06-17,16:40:00,14.03,14.07,14.02,14.07,1400,0
2016-06-17,16:45:00,14.08,14.1,14.08,14.1,2001,0
2016-06-17,16:50:00,14.1,14.17,14.1,14.17,2100,0
2016-06-17,16:55:00,14.16,14.18,14.15,14.16,4647,0
2016-06-17,17:00:00,14.15,14.15,14.1332,14.1332,1263,0
2016-06-17,17:05:00,14.13,14.13,14.1,14.1,4508,0
2016-06-17,17:10:00,14.09,14.1141,14.09,14.1141,1825,0
2016-06-17,17:15:00,14.11,14.115,14.08,14.0999,11673,0
2016-06-17,17:20:00,14.1,14.14,14.0899,14.14,9430,0
2016-06-17,17:25:00,14.15,14.15,14.13,14.14,2590,0
2016-06-17,17:30:00,14.1201,14.14,14.103,14.103,3441,0
2016-06-17,17:35:00,14.1,14.11,14.09,14.11,3092,0
2016-06-17,17:40:00,14.11,14.11,14.1,14.11,1900,0
2016-06-17,17:45:00,14.11,14.14,14.11,14.135,2700,0
2016-06-17,17:50:00,14.135,14.15,14.135,14.14,900,0
2016-06-17,17:55:00,14.15,14.15,14.13,14.13,1900,0
2016-06-17,18:00:00,14.12,14.13,14.12,14.12,2705,0
2016-06-17,18:05:00,14.12,14.15,14.12,14.135,3300,0
2016-06-17,18:10:00,14.1301,14.14,14.1299,14.14,6545,0
2016-06-17,18:15:00,14.15,14.155,14.14,14.14,1982,0
2016-06-17,18:20:00,14.15,14.15,14.13,14.14,1792,0
2016-06-17,18:25:00,14.14,14.14,14.12,14.13,1272,0
2016-06-17,18:30:00,14.13,14.13,14.12,14.13,2007,0
2016-06-17,18:35:00,14.14,14.14,14.125,14.1299,1300,0
2016-06-17,18:40:00,14.12,14.15,14.12,14.14,3092,0
2016-06-17,18:45:00,14.14,14.15,14.14,14.14,500,0
2016-06-17,18:50:00,14.15,14.15,14.13,14.13,1901,0
2016-06-17,18:55:00,14.14,14.14,14.11,14.1275,1300,0
2016-06-17,19:00:00,14.12,14.13,14.11,14.11,2001,0
2016-06-17,19:05:00,14.11,14.1175,14.1,14.1,2100,0
2016-06-17,19:10:00,14.095,14.16,14.095,14.16,4100,0
2016-06-17,19:15:00,14.17,14.18,14.1575,14.18,1600,0
2016-06-17,19:20:00,14.18,14.18,14.18,14.18,100,0
2016-06-17,19:25:00,14.18,14.18,14.17,14.18,1300,0
2016-06-17,19:30:00,14.18,14.21,14.18,14.2,3200,0
2016-06-17,19:35:00,14.195,14.2,14.19,14.19,3076,0
2016-06-17,19:40:00,14.2,14.215,14.19,14.21,3797,0
2016-06-17,19:45:00,14.22,14.22,14.2,14.205,2804,0
2016-06-17,19:50:00,14.2,14.215,14.2,14.205,1880,0
2016-06-17,19:55:00,14.2001,14.23,14.2001,14.21,5682,0
2016-06-17,20:00:00,14.21,14.215,14.2,14.21,2900,0
2016-06-17,20:05:00,14.2,14.21,14.19,14.1901,7806,0
2016-06-17,20:10:00,14.2,14.2,14.19,14.2,2522,0
2016-06-17,20:15:00,14.2,14.21,14.2,14.2075,1000,0
2016-06-17,20:20:00,14.21,14.22,14.2,14.2,2690,0
2016-06-17,20:25:00,14.2,14.22,14.19,14.22,2818,0
2016-06-17,20:30:00,14.21,14.21,14.2,14.2001,3158,0
2016-06-17,20:35:00,14.2034,14.22,14.2034,14.22,1269,0
2016-06-17,20:40:00,14.22,14.22,14.22,14.22,200,0
2016-06-17,20:45:00,14.21,14.24,14.2007,14.24,5126,0
2016-06-17,20:50:00,14.24,14.24,14.225,14.225,2000,0
2016-06-17,20:55:00,14.23,14.2301,14.22,14.22,1669,0
2016-06-17,21:00:00,14.22,14.2236,14.22,14.2236,497,0
2016-06-17,21:05:00,14.225,14.225,14.21,14.22,1600,0
2016-06-17,21:10:00,14.215,14.22,14.2025,14.215,5001,0
2016-06-17,21:15:00,14.22,14.225,14.215,14.225,900,0
2016-06-17,21:20:00,14.22,14.22,14.21,14.215,1991,0
2016-06-17,21:25:00,14.215,14.23,14.215,14.23,8164,0
2016-06-17,21:30:00,14.225,14.23,14.2225,14.2299,1200,0
2016-06-17,21:35:00,14.22,14.23,14.22,14.23,6203,0
2016-06-17,21:40:00,14.23,14.27,14.2233,14.265,22080,0
2016-06-17,21:45:00,14.265,14.27,14.25,14.255,10245,0
2016-06-17,21:50:00,14.25,14.255,14.23,14.23,8400,0
2016-06-17,21:55:00,14.23,14.27,14.23,14.27,18228,0
2016-06-17,22:00:00,14.27,14.28,14.26,14.27,77729,0
2016-06-20,15:35:00,14.4,14.51,14.4,14.5,12147,0
2016-06-20,15:45:00,14.47,14.5,14.47,14.5,1100,0
2016-06-20,15:50:00,14.5,14.5,14.45,14.47,2361,0
2016-06-20,15:55:00,14.4739,14.49,14.4739,14.48,1000,0
2016-06-20,16:00:00,14.47,14.47,14.44,14.45,3800,0
2016-06-20,16:05:00,14.46,14.47,14.46,14.47,900,0
2016-06-20,16:10:00,14.5,14.52,14.48,14.48,3732,0
2016-06-20,16:15:00,14.5,14.5,14.49,14.49,400,0
2016-06-20,16:20:00,14.5,14.5,14.46,14.46,13629,0
2016-06-20,16:25:00,14.46,14.47,14.44,14.46,8454,0
2016-06-20,16:30:00,14.44,14.46,14.42,14.43,2676,0
2016-06-20,16:35:00,14.45,14.46,14.4,14.42,4100,0
2016-06-20,16:40:00,14.42,14.42,14.38,14.38,2138,0
2016-06-20,16:45:00,14.4,14.41,14.34,14.37,15670,0
2016-06-20,16:50:00,14.37,14.38,14.37,14.37,1293,0
2016-06-20,16:55:00,14.37,14.37,14.34,14.37,3000,0
2016-06-20,17:00:00,14.37,14.38,14.36,14.36,2200,0
2016-06-20,17:05:00,14.36,14.365,14.35,14.36,1900,0
2016-06-20,17:10:00,14.37,14.38,14.34,14.38,15585,0
2016-06-20,17:15:00,14.38,14.39,14.38,14.38,1900,0
2016-06-20,17:20:00,14.39,14.395,14.39,14.395,400,0
2016-06-20,17:25:00,14.4,14.41,14.4,14.4,3600,0
2016-06-20,17:30:00,14.4035,14.42,14.3999,14.41,8893,0
2016-06-20,17:40:00,14.405,14.405,14.39,14.39,1600,0
2016-06-20,17:45:00,14.4,14.42,14.4,14.4,1700,0
2016-06-20,17:50:00,14.4,14.405,14.4,14.4,3300,0
2016-06-20,17:55:00,14.41,14.415,14.41,14.415,900,0
2016-06-20,18:00:00,14.41,14.455,14.41,14.45,9386,0
2016-06-20,18:05:00,14.45,14.45,14.43,14.445,3900,0
2016-06-20,18:10:00,14.45,14.45,14.45,14.45,700,0
2016-06-20,18:15:00,14.45,14.45,14.42,14.42,5207,0
2016-06-20,18:20:00,14.43,14.435,14.42,14.435,2534,0
2016-06-20,18:25:00,14.44,14.44,14.43,14.44,2323,0
2016-06-20,18:30:00,14.44,14.44,14.44,14.44,300,0
2016-06-20,18:35:00,14.45,14.45,14.44,14.44,1800,0
2016-06-20,18:40:00,14.45,14.45,14.44,14.44,1300,0
2016-06-20,18:45:00,14.45,14.45,14.42,14.43,3100,0
2016-06-20,18:50:00,14.43,14.435,14.42,14.43,1127,0
2016-06-20,18:55:00,14.43,14.45,14.425,14.45,4506,0
2016-06-20,19:00:00,14.44,14.46,14.42,14.42,2377,0
2016-06-20,19:05:00,14.43,14.44,14.42,14.425,5980,0
2016-06-20,19:10:00,14.425,14.425,14.41,14.42,3427,0
2016-06-20,19:15:00,14.42,14.42,14.4,14.4,200,0
2016-06-20,19:20:00,14.4,14.4,14.4,14.4,500,0
2016-06-20,19:25:00,14.4,14.425,14.4,14.425,1700,0
2016-06-20,19:30:00,14.42,14.42,14.39,14.39,1200,0
2016-06-20,19:35:00,14.4,14.4,14.4,14.4,1600,0
2016-06-20,19:40:00,14.4,14.4,14.38,14.39,1200,0
2016-06-20,19:45:00,14.39,14.39,14.38,14.39,1600,0
2016-06-20,19:50:00,14.39,14.39,14.38,14.38,400,0
2016-06-20,19:55:00,14.39,14.3959,14.385,14.39,1500,0
2016-06-20,20:00:00,14.39,14.39,14.39,14.39,1200,0
2016-06-20,20:05:00,14.39,14.4,14.39,14.39,655,0
2016-06-20,20:10:00,14.39,14.39,14.39,14.39,100,0
2016-06-20,20:15:00,14.38,14.385,14.34,14.36,7800,0
2016-06-20,20:20:00,14.36,14.37,14.3471,14.3471,3214,0
2016-06-20,20:25:00,14.35,14.36,14.35,14.36,1000,0
2016-06-20,20:30:00,14.35,14.355,14.34,14.35,1800,0
2016-06-20,20:35:00,14.36,14.36,14.35,14.35,400,0
2016-06-20,20:40:00,14.35,14.36,14.34,14.34,4210,0
2016-06-20,20:45:00,14.33,14.35,14.33,14.35,400,0
2016-06-20,20:50:00,14.355,14.355,14.34,14.3503,7175,0
2016-06-20,20:55:00,14.36,14.36,14.36,14.36,600,0
2016-06-20,21:00:00,14.37,14.37,14.365,14.37,900,0
2016-06-20,21:05:00,14.38,14.39,14.37,14.37,4148,0
2016-06-20,21:10:00,14.38,14.38,14.37,14.37,1200,0
2016-06-20,21:15:00,14.375,14.375,14.36,14.36,1100,0
2016-06-20,21:20:00,14.36,14.36,14.35,14.36,1741,0
2016-06-20,21:25:00,14.35,14.355,14.35,14.355,1386,0
2016-06-20,21:30:00,14.35,14.355,14.31,14.31,3700,0
2016-06-20,21:35:00,14.32,14.36,14.32,14.36,15647,0
2016-06-20,21:40:00,14.36,14.39,14.36,14.39,14198,0
2016-06-20,21:45:00,14.4,14.41,14.39,14.39,34166,0
2016-06-20,21:50:00,14.39,14.4,14.36,14.39,28472,0
2016-06-20,21:55:00,14.39,14.4,14.38,14.385,10079,0
2016-06-20,22:00:00,14.39,14.4,14.37,14.38,103974,0
2016-06-21,15:35:00,14.37,14.45,14.37,14.45,2147,0
2016-06-21,15:45:00,14.45,14.45,14.4,14.42,36100,0
2016-06-21,15:50:00,14.4101,14.43,14.38,14.4,5370,0
2016-06-21,15:55:00,14.39,14.39,14.38,14.38,500,0
2016-06-21,16:00:00,14.37,14.44,14.37,14.44,11400,0
2016-06-21,16:05:00,14.44,14.45,14.41,14.41,2600,0
2016-06-21,16:10:00,14.42,14.45,14.4,14.4,20586,0
2016-06-21,16:15:00,14.405,14.43,14.4,14.42,2939,0
2016-06-21,16:20:00,14.42,14.42,14.4,14.42,1900,0
2016-06-21,16:25:00,14.4,14.4001,14.35,14.39,27352,0
2016-06-21,16:30:00,14.39,14.4,14.39,14.4,1900,0
2016-06-21,16:35:00,14.39,14.39,14.38,14.39,12914,0
2016-06-21,16:40:00,14.39,14.4,14.36,14.38,30099,0
2016-06-21,16:45:00,14.38,14.38,14.35,14.38,3370,0
2016-06-21,16:50:00,14.39,14.39,14.36,14.37,1708,0
2016-06-21,16:55:00,14.38,14.39,14.36,14.38,4319,0
2016-06-21,17:00:00,14.37,14.37,14.33,14.34,4700,0
2016-06-21,17:05:00,14.34,14.35,14.33,14.35,2890,0
2016-06-21,17:10:00,14.36,14.38,14.36,14.38,1450,0
2016-06-21,17:15:00,14.36,14.4,14.34,14.39,5000,0
2016-06-21,17:20:00,14.4,14.405,14.4,14.405,1000,0
2016-06-21,17:25:00,14.41,14.41,14.38,14.39,4400,0
2016-06-21,17:30:00,14.4,14.41,14.36,14.36,16183,0
2016-06-21,17:35:00,14.36,14.38,14.35,14.36,11969,0
2016-06-21,17:40:00,14.37,14.38,14.35,14.37,5100,0
2016-06-21,17:45:00,14.36,14.38,14.355,14.37,21978,0
2016-06-21,17:50:00,14.36,14.36,14.3,14.33,25946,0
2016-06-21,17:55:00,14.31,14.32,14.3,14.31,1800,0
2016-06-21,18:00:00,14.31,14.33,14.31,14.33,1848,0
2016-06-21,18:05:00,14.33,14.33,14.32,14.32,700,0
2016-06-21,18:10:00,14.32,14.32,14.32,14.32,1700,0
2016-06-21,18:15:00,14.31,14.32,14.3,14.32,2300,0
2016-06-21,18:20:00,14.32,14.3268,14.32,14.3268,1500,0
2016-06-21,18:25:00,14.325,14.325,14.31,14.32,2600,0
2016-06-21,18:30:00,14.31,14.32,14.31,14.31,500,0
2016-06-21,18:35:00,14.31,14.32,14.3,14.3028,2198,0
2016-06-21,18:40:00,14.3,14.31,14.29,14.31,3000,0
2016-06-21,18:45:00,14.31,14.31,14.31,14.31,100,0
2016-06-21,18:50:00,14.31,14.31,14.29,14.3,1400,0
2016-06-21,18:55:00,14.3,14.3,14.3,14.3,200,0
2016-06-21,19:00:00,14.3,14.305,14.3,14.3,2600,0
2016-06-21,19:05:00,14.305,14.305,14.3,14.3,200,0
2016-06-21,19:10:00,14.305,14.305,14.29,14.29,3500,0
2016-06-21,19:15:00,14.285,14.29,14.28,14.28,2400,0
2016-06-21,19:20:00,14.27,14.27,14.27,14.27,100,0
2016-06-21,19:25:00,14.27,14.28,14.26,14.275,3253,0
2016-06-21,19:30:00,14.28,14.295,14.275,14.28,6400,0
2016-06-21,19:35:00,14.28,14.3,14.28,14.3,3534,0
2016-06-21,19:40:00,14.295,14.295,14.26,14.28,4690,0
2016-06-21,19:45:00,14.27,14.27,14.26,14.26,3100,0
2016-06-21,19:50:00,14.26,14.26,14.2301,14.24,4429,0
2016-06-21,19:55:00,14.24,14.24,14.24,14.24,1100,0
2016-06-21,20:00:00,14.25,14.25,14.2401,14.25,11311,0
2016-06-21,20:05:00,14.25,14.25,14.2401,14.25,2057,0
2016-06-21,20:10:00,14.25,14.255,14.245,14.25,8136,0
2016-06-21,20:15:00,14.25,14.26,14.25,14.26,1251,0
2016-06-21,20:20:00,14.27,14.29,14.25,14.2724,34705,0
2016-06-21,20:25:00,14.29,14.3,14.29,14.3,800,0
2016-06-21,20:30:00,14.31,14.33,14.31,14.33,300,0
2016-06-21,20:35:00,14.32,14.39,14.32,14.39,7300,0
2016-06-21,20:40:00,14.39,14.44,14.39,14.42,2236,0
2016-06-21,20:45:00,14.42,14.42,14.37,14.39,5848,0
2016-06-21,20:50:00,14.38,14.39,14.38,14.39,1500,0
2016-06-21,20:55:00,14.39,14.39,14.39,14.39,100,0
2016-06-21,21:00:00,14.38,14.385,14.38,14.385,200,0
2016-06-21,21:05:00,14.38,14.39,14.38,14.38,2780,0
2016-06-21,21:10:00,14.37,14.38,14.37,14.37,3460,0
2016-06-21,21:15:00,14.38,14.38,14.37,14.37,5240,0
2016-06-21,21:20:00,14.37,14.3852,14.37,14.383,2802,0
2016-06-21,21:25:00,14.385,14.39,14.37,14.38,2700,0
2016-06-21,21:30:00,14.38,14.39,14.38,14.38,2501,0
2016-06-21,21:35:00,14.38,14.38,14.35,14.36,3200,0
2016-06-21,21:40:00,14.35,14.37,14.35,14.37,2967,0
2016-06-21,21:45:00,14.36,14.36,14.335,14.34,5870,0
2016-06-21,21:50:00,14.34,14.37,14.34,14.37,3200,0
2016-06-21,21:55:00,14.36,14.375,14.35,14.37,9126,0
2016-06-21,22:00:00,14.365,14.375,14.35,14.35,47903,0
2016-06-22,15:35:00,14.35,14.38,14.3097,14.38,2549,0
2016-06-22,15:40:00,14.4,14.4195,14.39,14.4195,1265,0
2016-06-22,15:45:00,14.4,14.4,14.37,14.38,3016,0
2016-06-22,15:50:00,14.4,14.4,14.38,14.39,1300,0
2016-06-22,15:55:00,14.395,14.395,14.37,14.37,1600,0
2016-06-22,16:00:00,14.36,14.37,14.35,14.35,2319,0
2016-06-22,16:05:00,14.34,14.37,14.34,14.35,1900,0
2016-06-22,16:10:00,14.34,14.36,14.34,14.34,700,0
2016-06-22,16:15:00,14.33,14.33,14.33,14.33,100,0
2016-06-22,16:25:00,14.35,14.35,14.33,14.34,2013,0
2016-06-22,16:30:00,14.34,14.35,14.34,14.34,900,0
2016-06-22,16:35:00,14.34,14.35,14.335,14.35,7200,0
2016-06-22,16:40:00,14.35,14.4,14.35,14.39,1291,0
2016-06-22,16:45:00,14.4,14.41,14.4,14.405,800,0
2016-06-22,16:50:00,14.4,14.41,14.4,14.41,800,0
2016-06-22,16:55:00,14.43,14.455,14.43,14.455,1214,0
2016-06-22,17:00:00,14.455,14.455,14.4201,14.43,1800,0
2016-06-22,17:05:00,14.43,14.46,14.42,14.44,6855,0
2016-06-22,17:10:00,14.44,14.45,14.43,14.45,13400,0
2016-06-22,17:15:00,14.45,14.49,14.44,14.48,8444,0
2016-06-22,17:20:00,14.47,14.495,14.47,14.47,12347,0
2016-06-22,17:25:00,14.47,14.49,14.47,14.49,3900,0
2016-06-22,17:30:00,14.49,14.5,14.49,14.5,700,0
2016-06-22,17:35:00,14.49,14.49,14.4632,14.47,1623,0
2016-06-22,17:40:00,14.48,14.5,14.48,14.495,3748,0
2016-06-22,17:45:00,14.5,14.505,14.5,14.505,900,0
2016-06-22,17:50:00,14.51,14.51,14.5,14.5,600,0
2016-06-22,17:55:00,14.5,14.51,14.49,14.49,1700,0
2016-06-22,18:00:00,14.505,14.51,14.505,14.51,200,0
2016-06-22,18:05:00,14.51,14.51,14.5,14.51,3431,0
2016-06-22,18:10:00,14.5,14.5,14.4899,14.49,3301,0
2016-06-22,18:20:00,14.495,14.495,14.47,14.47,773,0
2016-06-22,18:25:00,14.46,14.46,14.42,14.42,3000,0
2016-06-22,18:30:00,14.42,14.43,14.42,14.43,1807,0
2016-06-22,18:35:00,14.44,14.44,14.44,14.44,100,0
2016-06-22,18:40:00,14.44,14.44,14.43,14.43,1200,0
2016-06-22,18:45:00,14.41,14.41,14.41,14.41,700,0
2016-06-22,18:50:00,14.39,14.39,14.38,14.39,2400,0
2016-06-22,18:55:00,14.39,14.4,14.39,14.4,1500,0
2016-06-22,19:00:00,14.4,14.42,14.4,14.42,1208,0
2016-06-22,19:05:00,14.41,14.41,14.37,14.37,1600,0
2016-06-22,19:10:00,14.37,14.38,14.35,14.35,1500,0
2016-06-22,19:15:00,14.33,14.34,14.32,14.34,3131,0
2016-06-22,19:20:00,14.35,14.35,14.33,14.35,800,0
2016-06-22,19:25:00,14.35,14.35,14.33,14.33,1873,0
2016-06-22,19:30:00,14.321,14.34,14.321,14.34,2599,0
2016-06-22,19:35:00,14.33,14.3399,14.33,14.33,1300,0
2016-06-22,19:45:00,14.35,14.35,14.345,14.35,900,0
2016-06-22,19:50:00,14.36,14.38,14.36,14.37,900,0
2016-06-22,19:55:00,14.37,14.3899,14.37,14.3701,2425,0
2016-06-22,20:00:00,14.38,14.38,14.38,14.38,100,0
2016-06-22,20:05:00,14.37,14.385,14.36,14.385,1700,0
2016-06-22,20:10:00,14.39,14.39,14.37,14.37,1656,0
2016-06-22,20:15:00,14.36,14.36,14.34,14.34,1600,0
2016-06-22,20:20:00,14.35,14.36,14.35,14.35,900,0
2016-06-22,20:25:00,14.34,14.35,14.33,14.35,4613,0
2016-06-22,20:30:00,14.35,14.37,14.35,14.37,1011,0
2016-06-22,20:35:00,14.37,14.37,14.35,14.36,1400,0
2016-06-22,20:40:00,14.35,14.35,14.34,14.34,1900,0
2016-06-22,20:45:00,14.34,14.35,14.34,14.35,800,0
2016-06-22,20:50:00,14.35,14.35,14.35,14.35,1000,0
2016-06-22,20:55:00,14.345,14.38,14.345,14.38,1000,0
2016-06-22,21:00:00,14.375,14.375,14.35,14.35,1500,0
2016-06-22,21:05:00,14.36,14.39,14.36,14.39,2299,0
2016-06-22,21:10:00,14.39,14.395,14.37,14.37,2400,0
2016-06-22,21:15:00,14.365,14.375,14.365,14.37,1900,0
2016-06-22,21:20:00,14.38,14.38,14.37,14.37,3334,0
2016-06-22,21:25:00,14.35,14.35,14.34,14.34,1300,0
2016-06-22,21:30:00,14.3332,14.355,14.33,14.33,4924,0
2016-06-22,21:35:00,14.33,14.355,14.33,14.35,900,0
2016-06-22,21:40:00,14.355,14.36,14.34,14.36,3900,0
2016-06-22,21:45:00,14.36,14.36,14.35,14.35,3510,0
2016-06-22,21:50:00,14.36,14.36,14.33,14.33,6653,0
2016-06-22,21:55:00,14.34,14.35,14.32,14.34,13667,0
2016-06-22,22:00:00,14.345,14.355,14.32,14.33,21729,0
2016-06-23,15:35:00,14.51,14.51,14.51,14.51,2197,0
2016-06-23,15:40:00,14.53,14.53,14.355,14.49,1100,0
2016-06-23,15:45:00,14.49,14.51,14.49,14.51,1700,0
2016-06-23,15:50:00,14.57,14.57,14.51,14.54,9567,0
2016-06-23,15:55:00,14.55,14.55,14.52,14.53,3200,0
2016-06-23,16:00:00,14.53,14.56,14.525,14.56,2100,0
2016-06-23,16:05:00,14.56,14.58,14.54,14.58,6200,0
2016-06-23,16:10:00,14.59,14.59,14.57,14.58,1700,0
2016-06-23,16:15:00,14.58,14.58,14.57,14.57,1500,0
2016-06-23,16:20:00,14.57,14.59,14.53,14.545,4011,0
2016-06-23,16:25:00,14.55,14.57,14.55,14.57,400,0
2016-06-23,16:30:00,14.57,14.58,14.57,14.58,1100,0
2016-06-23,16:35:00,14.56,14.57,14.535,14.56,2673,0
2016-06-23,16:40:00,14.55,14.55,14.54,14.54,800,0
2016-06-23,16:45:00,14.55,14.55,14.545,14.55,1300,0
2016-06-23,16:50:00,14.56,14.56,14.55,14.56,1500,0
2016-06-23,16:55:00,14.56,14.58,14.56,14.58,1800,0
2016-06-23,17:00:00,14.58,14.58,14.57,14.57,3200,0
2016-06-23,17:05:00,14.57,14.595,14.56,14.59,2900,0
2016-06-23,17:10:00,14.6,14.61,14.6,14.61,1700,0
2016-06-23,17:15:00,14.6,14.62,14.595,14.62,3430,0
2016-06-23,17:20:00,14.625,14.66,14.625,14.64,5147,0
2016-06-23,17:25:00,14.64,14.65,14.62,14.65,3200,0
2016-06-23,17:30:00,14.65,14.65,14.64,14.65,2500,0
2016-06-23,17:35:00,14.66,14.68,14.64,14.68,11900,0
2016-06-23,17:40:00,14.68,14.69,14.64,14.65,7700,0
2016-06-23,17:45:00,14.65,14.66,14.64,14.65,14700,0
2016-06-23,17:50:00,14.65,14.65,14.62,14.62,18297,0
2016-06-23,17:55:00,14.63,14.65,14.62,14.65,2466,0
2016-06-23,18:00:00,14.65,14.65,14.65,14.65,200,0
2016-06-23,18:05:00,14.6468,14.66,14.6468,14.65,1056,0
2016-06-23,18:10:00,14.65,14.66,14.64,14.65,900,0
2016-06-23,18:15:00,14.66,14.66,14.65,14.66,1600,0
2016-06-23,18:20:00,14.65,14.66,14.64,14.65,2900,0
2016-06-23,18:25:00,14.66,14.66,14.66,14.66,100,0
2016-06-23,18:30:00,14.67,14.67,14.67,14.67,200,0
2016-06-23,18:35:00,14.665,14.675,14.645,14.65,3600,0
2016-06-23,18:40:00,14.64,14.645,14.64,14.64,900,0
2016-06-23,18:45:00,14.64,14.65,14.635,14.635,4600,0
2016-06-23,18:50:00,14.635,14.67,14.635,14.67,8100,0
2016-06-23,18:55:00,14.65,14.66,14.65,14.66,1100,0
2016-06-23,19:00:00,14.66,14.66,14.655,14.66,2200,0
2016-06-23,19:05:00,14.66,14.66,14.6527,14.66,1706,0
2016-06-23,19:10:00,14.65,14.67,14.65,14.67,5970,0
2016-06-23,19:15:00,14.67,14.675,14.67,14.67,1300,0
2016-06-23,19:20:00,14.67,14.67,14.665,14.67,2100,0
2016-06-23,19:25:00,14.675,14.69,14.67,14.68,1500,0
2016-06-23,19:30:00,14.67,14.67,14.655,14.6601,3300,0
2016-06-23,19:35:00,14.67,14.67,14.67,14.67,200,0
2016-06-23,19:40:00,14.66,14.66,14.65,14.66,1065,0
2016-06-23,19:45:00,14.655,14.665,14.65,14.65,5200,0
2016-06-23,19:50:00,14.65,14.655,14.64,14.65,1500,0
2016-06-23,19:55:00,14.65,14.65,14.64,14.65,1200,0
2016-06-23,20:00:00,14.655,14.66,14.64,14.64,3900,0
2016-06-23,20:05:00,14.65,14.65,14.64,14.645,2200,0
2016-06-23,20:10:00,14.65,14.66,14.65,14.66,1984,0
2016-06-23,20:15:00,14.67,14.69,14.67,14.69,2205,0
2016-06-23,20:20:00,14.685,14.69,14.66,14.66,1900,0
2016-06-23,20:25:00,14.67,14.675,14.66,14.67,2200,0
2016-06-23,20:30:00,14.67,14.68,14.66,14.68,2034,0
2016-06-23,20:35:00,14.675,14.685,14.67,14.67,1100,0
2016-06-23,20:40:00,14.67,14.68,14.6616,14.68,1544,0
2016-06-23,20:45:00,14.68,14.68,14.68,14.68,600,0
2016-06-23,20:50:00,14.69,14.7,14.69,14.7,2855,0
2016-06-23,20:55:00,14.71,14.71,14.71,14.71,2000,0
2016-06-23,21:00:00,14.7,14.7,14.69,14.69,2000,0
2016-06-23,21:05:00,14.68,14.7,14.68,14.7,800,0
2016-06-23,21:10:00,14.695,14.7,14.695,14.7,600,0
2016-06-23,21:15:00,14.7,14.7,14.69,14.69,1800,0
2016-06-23,21:20:00,14.68,14.69,14.68,14.68,982,0
2016-06-23,21:25:00,14.68,14.68,14.67,14.67,1600,0
2016-06-23,21:30:00,14.67,14.68,14.67,14.68,3750,0
2016-06-23,21:35:00,14.675,14.7,14.675,14.7,1963,0
2016-06-23,21:40:00,14.7,14.71,14.7,14.71,1400,0
2016-06-23,21:45:00,14.7,14.75,14.7,14.75,6014,0
2016-06-23,21:50:00,14.75,14.75,14.7225,14.73,5322,0
2016-06-23,21:55:00,14.72,14.73,14.71,14.72,11994,0
2016-06-23,22:00:00,14.72,14.76,14.705,14.74,61827,0
2016-06-24,15:35:00,13.99,14.09,13.99,14.09,4077,0
2016-06-24,15:40:00,14.09,14.16,14.05,14.16,2899,0
2016-06-24,15:45:00,14.19,14.3,14.19,14.25,3300,0
2016-06-24,15:50:00,14.255,14.255,14.18,14.22,3000,0
2016-06-24,15:55:00,14.23,14.23,14.19,14.22,1300,0
2016-06-24,16:00:00,14.238,14.26,14.21,14.26,2300,0
2016-06-24,16:05:00,14.235,14.26,14.23,14.25,2076,0
2016-06-24,16:10:00,14.26,14.27,14.25,14.25,2100,0
2016-06-24,16:15:00,14.26,14.28,14.23,14.235,2400,0
2016-06-24,16:20:00,14.22,14.22,14.15,14.19,12057,0
2016-06-24,16:25:00,14.17,14.17,14.14,14.17,2100,0
2016-06-24,16:30:00,14.16,14.16,14.1499,14.16,1500,0
2016-06-24,16:35:00,14.16,14.16,14.14,14.15,2400,0
2016-06-24,16:40:00,14.15,14.19,14.13,14.18,4098,0
2016-06-24,16:45:00,14.17,14.17,14.15,14.17,3600,0
2016-06-24,16:50:00,14.16,14.1601,14.14,14.155,2248,0
2016-06-24,16:55:00,14.15,14.15,14.14,14.14,400,0
2016-06-24,17:00:00,14.16,14.19,14.15,14.15,2100,0
2016-06-24,17:05:00,14.15,14.15,14.12,14.13,2400,0
2016-06-24,17:10:00,14.13,14.14,14.13,14.14,2300,0
2016-06-24,17:15:00,14.13,14.135,14.1154,14.12,4800,0
2016-06-24,17:20:00,14.13,14.13,14.12,14.12,1500,0
2016-06-24,17:25:00,14.12,14.12,14.1,14.1,2300,0
2016-06-24,17:30:00,14.09,14.1,14.08,14.09,3250,0
2016-06-24,17:35:00,14.09,14.12,14.09,14.09,1700,0
2016-06-24,17:40:00,14.09,14.1,14.09,14.1,8900,0
2016-06-24,17:45:00,14.105,14.12,14.1,14.12,5395,0
2016-06-24,17:50:00,14.115,14.145,14.115,14.12,4400,0
2016-06-24,17:55:00,14.13,14.13,14.12,14.1201,1700,0
2016-06-24,18:00:00,14.13,14.14,14.13,14.14,3500,0
2016-06-24,18:05:00,14.145,14.15,14.13,14.13,1800,0
2016-06-24,18:10:00,14.15,14.15,14.11,14.11,11755,0
2016-06-24,18:15:00,14.1,14.11,14.05,14.07,6281,0
2016-06-24,18:20:00,14.07,14.07,14.045,14.07,3200,0
2016-06-24,18:25:00,14.07,14.07,14.06,14.06,1100,0
2016-06-24,18:30:00,14.05,14.05,14.03,14.03,1100,0
2016-06-24,18:35:00,14.03,14.03,13.99,13.99,3100,0
2016-06-24,18:40:00,14,14.02,14,14.02,900,0
2016-06-24,18:45:00,14.02,14.02,13.99,13.99,3553,0
2016-06-24,18:50:00,14,14,13.99,13.99,1000,0
2016-06-24,18:55:00,13.99,13.99,13.96,13.96,2626,0
2016-06-24,19:00:00,13.96,13.96,13.91,13.92,4400,0
2016-06-24,19:05:00,13.925,13.96,13.925,13.95,800,0
2016-06-24,19:10:00,13.945,13.945,13.93,13.93,1300,0
2016-06-24,19:15:00,13.94,13.96,13.94,13.95,900,0
2016-06-24,19:20:00,13.965,13.97,13.94,13.96,1836,0
2016-06-24,19:25:00,13.95,13.95,13.94,13.94,500,0
2016-06-24,19:30:00,13.947,13.947,13.9,13.9,4720,0
2016-06-24,19:35:00,13.9087,13.9137,13.9,13.91,1304,0
2016-06-24,19:40:00,13.92,13.92,13.92,13.92,200,0
2016-06-24,19:45:00,13.92,13.92,13.89,13.89,1300,0
2016-06-24,19:50:00,13.89,13.89,13.85,13.86,4200,0
2016-06-24,19:55:00,13.86,13.87,13.85,13.87,2244,0
2016-06-24,20:00:00,13.89,13.89,13.8799,13.8799,1208,0
2016-06-24,20:05:00,13.88,13.905,13.88,13.88,2400,0
2016-06-24,20:10:00,13.88,13.89,13.87,13.88,3392,0
2016-06-24,20:15:00,13.89,13.89,13.88,13.89,1500,0
2016-06-24,20:20:00,13.89,13.89,13.88,13.88,300,0
2016-06-24,20:25:00,13.87,13.87,13.85,13.85,3800,0
2016-06-24,20:30:00,13.85,13.85,13.83,13.84,4600,0
2016-06-24,20:35:00,13.84,13.84,13.81,13.81,3970,0
2016-06-24,20:40:00,13.8,13.8,13.77,13.79,4282,0
2016-06-24,20:45:00,13.8,13.81,13.77,13.78,7462,0
2016-06-24,20:50:00,13.77,13.77,13.75,13.77,6286,0
2016-06-24,20:55:00,13.79,13.825,13.79,13.825,3221,0
2016-06-24,21:00:00,13.82,13.84,13.82,13.84,1500,0
2016-06-24,21:05:00,13.825,13.84,13.825,13.83,3565,0
2016-06-24,21:10:00,13.82,13.82,13.82,13.82,600,0
2016-06-24,21:15:00,13.82,13.82,13.795,13.815,5227,0
2016-06-24,21:20:00,13.815,13.835,13.805,13.83,18546,0
2016-06-24,21:25:00,13.83,13.845,13.82,13.835,13794,0
2016-06-24,21:30:00,13.84,13.86,13.84,13.85,9500,0
2016-06-24,21:35:00,13.85,13.87,13.845,13.855,6600,0
2016-06-24,21:40:00,13.86,13.87,13.85,13.86,18305,0
2016-06-24,21:45:00,13.86,13.88,13.85,13.87,6352,0
2016-06-24,21:50:00,13.88,13.91,13.88,13.91,15421,0
2016-06-24,21:55:00,13.91,13.95,13.89,13.89,25811,0
2016-06-24,22:00:00,13.9,13.93,13.88,13.91,386398,0
2016-06-27,15:35:00,13.8,13.89,13.7534,13.87,16689,0
2016-06-27,15:40:00,13.8,13.8,13.74,13.74,1400,0
2016-06-27,15:45:00,13.77,13.7784,13.71,13.72,4300,0
2016-06-27,15:50:00,13.71,13.77,13.71,13.74,2300,0
2016-06-27,15:55:00,13.76,13.8,13.76,13.77,3400,0
2016-06-27,16:00:00,13.75,13.78,13.72,13.73,3876,0
2016-06-27,16:05:00,13.73,13.76,13.71,13.71,3888,0
2016-06-27,16:10:00,13.74,13.74,13.67,13.68,4100,0
2016-06-27,16:15:00,13.68,13.69,13.68,13.68,600,0
2016-06-27,16:20:00,13.67,13.69,13.65,13.65,3000,0
2016-06-27,16:25:00,13.66,13.66,13.61,13.61,2200,0
2016-06-27,16:30:00,13.6,13.61,13.57,13.58,4300,0
2016-06-27,16:35:00,13.58,13.61,13.54,13.545,4800,0
2016-06-27,16:40:00,13.56,13.59,13.56,13.56,3700,0
2016-06-27,16:45:00,13.56,13.6,13.55,13.56,4700,0
2016-06-27,16:50:00,13.56,13.56,13.48,13.48,5855,0
2016-06-27,16:55:00,13.485,13.49,13.46,13.465,5900,0
2016-06-27,17:00:00,13.47,13.49,13.42,13.43,4254,0
2016-06-27,17:05:00,13.41,13.47,13.41,13.46,5100,0
2016-06-27,17:10:00,13.46,13.48,13.45,13.465,5200,0
2016-06-27,17:15:00,13.47,13.47,13.44,13.45,3985,0
2016-06-27,17:20:00,13.45,13.45,13.42,13.44,7000,0
2016-06-27,17:25:00,13.45,13.45,13.42,13.42,5000,0
2016-06-27,17:30:00,13.42,13.51,13.42,13.51,2400,0
2016-06-27,17:35:00,13.52,13.52,13.505,13.51,5498,0
2016-06-27,17:40:00,13.51,13.52,13.51,13.52,1700,0
2016-06-27,17:45:00,13.52,13.535,13.51,13.53,3609,0
2016-06-27,17:50:00,13.52,13.55,13.51,13.54,3400,0
2016-06-27,17:55:00,13.54,13.54,13.505,13.52,3200,0
2016-06-27,18:00:00,13.52,13.53,13.51,13.53,4613,0
2016-06-27,18:05:00,13.5264,13.53,13.52,13.52,2347,0
2016-06-27,18:10:00,13.52,13.52,13.5,13.51,3991,0
2016-06-27,18:15:00,13.5,13.5,13.49,13.49,1000,0
2016-06-27,18:20:00,13.5,13.54,13.5,13.53,2100,0
2016-06-27,18:25:00,13.52,13.53,13.52,13.53,1500,0
2016-06-27,18:30:00,13.54,13.57,13.54,13.56,3100,0
2016-06-27,18:35:00,13.57,13.58,13.55,13.555,4100,0
2016-06-27,18:40:00,13.55,13.55,13.54,13.54,2551,0
2016-06-27,18:45:00,13.54,13.54,13.51,13.52,3892,0
2016-06-27,18:50:00,13.51,13.53,13.51,13.53,1100,0
2016-06-27,18:55:00,13.54,13.56,13.53,13.56,5093,0
2016-06-27,19:00:00,13.56,13.61,13.56,13.61,4668,0
2016-06-27,19:05:00,13.6,13.61,13.58,13.61,4900,0
2016-06-27,19:10:00,13.62,13.63,13.61,13.615,3338,0
2016-06-27,19:15:00,13.62,13.625,13.62,13.625,1200,0
2016-06-27,19:20:00,13.63,13.64,13.63,13.63,2400,0
2016-06-27,19:25:00,13.63,13.645,13.63,13.645,3450,0
2016-06-27,19:30:00,13.65,13.66,13.64,13.64,3049,0
2016-06-27,19:35:00,13.63,13.63,13.61,13.62,3923,0
2016-06-27,19:40:00,13.61,13.61,13.59,13.6,3257,0
2016-06-27,19:45:00,13.59,13.59,13.56,13.56,1900,0
2016-06-27,19:50:00,13.56,13.57,13.56,13.57,2600,0
2016-06-27,19:55:00,13.56,13.57,13.55,13.57,2095,0
2016-06-27,20:00:00,13.58,13.58,13.55,13.565,6200,0
2016-06-27,20:05:00,13.56,13.57,13.5529,13.5676,9112,0
2016-06-27,20:10:00,13.56,13.565,13.54,13.54,2800,0
2016-06-27,20:15:00,13.54,13.58,13.53,13.54,7299,0
2016-06-27,20:20:00,13.54,13.55,13.53,13.55,2100,0
2016-06-27,20:25:00,13.54,13.555,13.53,13.53,2900,0
2016-06-27,20:30:00,13.52,13.56,13.5199,13.56,3005,0
2016-06-27,20:35:00,13.565,13.57,13.52,13.52,7274,0
2016-06-27,20:40:00,13.52,13.55,13.51,13.51,11685,0
2016-06-27,20:45:00,13.51,13.54,13.5,13.52,6900,0
2016-06-27,20:50:00,13.52,13.52,13.44,13.45,8114,0
2016-06-27,20:55:00,13.45,13.45,13.41,13.42,4500,0
2016-06-27,21:00:00,13.41,13.44,13.41,13.43,7215,0
2016-06-27,21:05:00,13.44,13.48,13.43,13.48,5331,0
2016-06-27,21:10:00,13.49,13.49,13.445,13.4537,3456,0
2016-06-27,21:15:00,13.47,13.49,13.45,13.48,4207,0
2016-06-27,21:20:00,13.47,13.4764,13.465,13.465,2803,0
2016-06-27,21:25:00,13.465,13.465,13.43,13.43,4800,0
2016-06-27,21:30:00,13.43,13.47,13.43,13.46,5300,0
2016-06-27,21:35:00,13.46,13.49,13.455,13.475,4600,0
2016-06-27,21:40:00,13.47,13.51,13.455,13.51,7785,0
2016-06-27,21:45:00,13.52,13.5275,13.48,13.51,10584,0
2016-06-27,21:50:00,13.505,13.54,13.5,13.54,10428,0
2016-06-27,21:55:00,13.54,13.545,13.505,13.52,21248,0
2016-06-27,22:00:00,13.52,13.55,13.49,13.52,130375,0
2016-06-28,15:35:00,13.64,13.7644,13.63,13.63,3721,0
2016-06-28,15:40:00,13.705,13.705,13.5942,13.69,2418,0
2016-06-28,15:45:00,13.71,13.76,13.71,13.75,2400,0
2016-06-28,15:50:00,13.74,13.8,13.74,13.8,1700,0
2016-06-28,15:55:00,13.8,13.85,13.79,13.85,1900,0
2016-06-28,16:00:00,13.84,13.86,13.83,13.85,3000,0
2016-06-28,16:05:00,13.85,13.85,13.82,13.83,2000,0
2016-06-28,16:10:00,13.82,13.83,13.79,13.81,6800,0
2016-06-28,16:15:00,13.8,13.82,13.8,13.81,600,0
2016-06-28,16:20:00,13.83,13.84,13.83,13.84,500,0
2016-06-28,16:25:00,13.85,13.85,13.81,13.81,4100,0
2016-06-28,16:30:00,13.81,13.82,13.8,13.8,300,0
2016-06-28,16:35:00,13.81,13.82,13.78,13.78,3909,0
2016-06-28,16:40:00,13.77,13.77,13.72,13.7266,2241,0
2016-06-28,16:45:00,13.72,13.75,13.71,13.75,2500,0
2016-06-28,16:50:00,13.75,13.77,13.74,13.77,1800,0
2016-06-28,16:55:00,13.76,13.77,13.745,13.77,2159,0
2016-06-28,17:00:00,13.78,13.78,13.74,13.74,900,0
2016-06-28,17:05:00,13.735,13.735,13.69,13.69,3567,0
2016-06-28,17:10:00,13.68,13.7,13.68,13.69,900,0
2016-06-28,17:15:00,13.67,13.68,13.66,13.66,3600,0
2016-06-28,17:20:00,13.66,13.705,13.66,13.695,17600,0
2016-06-28,17:25:00,13.69,13.7,13.69,13.69,7300,0
2016-06-28,17:30:00,13.68,13.68,13.66,13.66,4018,0
2016-06-28,17:35:00,13.6601,13.69,13.66,13.69,978,0
2016-06-28,17:40:00,13.69,13.6901,13.66,13.67,3342,0
2016-06-28,17:45:00,13.68,13.68,13.66,13.67,700,0
2016-06-28,17:50:00,13.68,13.69,13.68,13.68,10232,0
2016-06-28,17:55:00,13.675,13.68,13.67,13.68,10645,0
2016-06-28,18:00:00,13.68,13.69,13.68,13.68,3800,0
2016-06-28,18:05:00,13.68,13.68,13.67,13.67,600,0
2016-06-28,18:10:00,13.665,13.67,13.665,13.67,900,0
2016-06-28,18:15:00,13.67,13.68,13.67,13.67,1500,0
2016-06-28,18:20:00,13.69,13.71,13.69,13.7,2600,0
2016-06-28,18:25:00,13.68,13.7,13.675,13.695,1700,0
2016-06-28,18:30:00,13.69,13.7,13.68,13.7,864,0
2016-06-28,18:35:00,13.7,13.72,13.7,13.72,799,0
2016-06-28,18:40:00,13.72,13.72,13.715,13.715,300,0
2016-06-28,18:45:00,13.72,13.75,13.72,13.73,3400,0
2016-06-28,18:50:00,13.73,13.73,13.72,13.72,1600,0
2016-06-28,18:55:00,13.72,13.72,13.72,13.72,900,0
2016-06-28,19:00:00,13.71,13.725,13.71,13.71,1900,0
2016-06-28,19:05:00,13.71,13.71,13.71,13.71,500,0
2016-06-28,19:10:00,13.71,13.71,13.68,13.69,3000,0
2016-06-28,19:15:00,13.69,13.7,13.69,13.695,1100,0
2016-06-28,19:20:00,13.695,13.695,13.67,13.67,1900,0
2016-06-28,19:25:00,13.66,13.66,13.65,13.65,2200,0
2016-06-28,19:30:00,13.64,13.67,13.64,13.67,1000,0
2016-06-28,19:35:00,13.65,13.67,13.65,13.67,600,0
2016-06-28,19:40:00,13.67,13.69,13.66,13.69,1500,0
2016-06-28,19:45:00,13.69,13.71,13.69,13.69,1700,0
2016-06-28,19:50:00,13.68,13.68,13.655,13.67,5410,0
2016-06-28,19:55:00,13.66,13.69,13.66,13.68,1900,0
2016-06-28,20:00:00,13.68,13.69,13.67,13.69,2637,0
2016-06-28,20:05:00,13.68,13.69,13.67,13.675,2622,0
2016-06-28,20:10:00,13.67,13.67,13.66,13.6636,1390,0
2016-06-28,20:15:00,13.66,13.69,13.65,13.66,2800,0
2016-06-28,20:20:00,13.66,13.695,13.66,13.68,1200,0
2016-06-28,20:25:00,13.69,13.7,13.67,13.67,1800,0
2016-06-28,20:30:00,13.68,13.69,13.675,13.69,2463,0
2016-06-28,20:35:00,13.6971,13.73,13.6971,13.73,2246,0
2016-06-28,20:40:00,13.73,13.77,13.72,13.77,5778,0
2016-06-28,20:45:00,13.77,13.77,13.76,13.77,3301,0
2016-06-28,20:50:00,13.77,13.77,13.76,13.77,1202,0
2016-06-28,20:55:00,13.78,13.815,13.78,13.81,5546,0
2016-06-28,21:00:00,13.81,13.845,13.81,13.82,4000,0
2016-06-28,21:05:00,13.81,13.81,13.8,13.8,3862,0
2016-06-28,21:10:00,13.805,13.82,13.795,13.795,15300,0
2016-06-28,21:15:00,13.8,13.805,13.77,13.78,44500,0
2016-06-28,21:20:00,13.78,13.78,13.75,13.75,8716,0
2016-06-28,21:25:00,13.75,13.77,13.73,13.755,15179,0
2016-06-28,21:30:00,13.75,13.78,13.735,13.78,11157,0
2016-06-28,21:35:00,13.78,13.79,13.76,13.765,9805,0
2016-06-28,21:40:00,13.77,13.785,13.7699,13.785,6400,0
2016-06-28,21:45:00,13.785,13.8,13.76,13.7615,27357,0
2016-06-28,21:50:00,13.7632,13.77,13.76,13.76,3735,0
2016-06-28,21:55:00,13.76,13.77,13.76,13.765,9050,0
2016-06-28,22:00:00,13.76,13.79,13.73,13.74,88707,0
2016-06-29,15:35:00,13.91,13.99,13.91,13.99,2089,0
2016-06-29,15:40:00,13.97,14.01,13.86,13.9,800,0
2016-06-29,15:45:00,13.87,13.87,13.85,13.86,500,0
2016-06-29,15:50:00,13.92,13.95,13.895,13.93,1800,0
2016-06-29,15:55:00,13.94,13.94,13.925,13.94,1600,0
2016-06-29,16:00:00,13.9301,13.99,13.92,13.955,20149,0
2016-06-29,16:05:00,13.955,13.965,13.95,13.955,2708,0
2016-06-29,16:10:00,13.96,13.96,13.92,13.95,15600,0
2016-06-29,16:15:00,13.935,13.96,13.925,13.925,3310,0
2016-06-29,16:20:00,13.93,13.945,13.92,13.945,4973,0
2016-06-29,16:25:00,13.95,13.95,13.89,13.89,19517,0
2016-06-29,16:30:00,13.92,13.93,13.92,13.92,1100,0
2016-06-29,16:35:00,13.92,13.93,13.92,13.92,400,0
2016-06-29,16:40:00,13.91,13.91,13.9,13.9,1106,0
2016-06-29,16:45:00,13.9,13.9,13.885,13.89,2000,0
2016-06-29,16:50:00,13.89,13.936,13.89,13.93,3800,0
2016-06-29,16:55:00,13.93,13.95,13.93,13.95,1300,0
2016-06-29,17:00:00,13.94,13.94,13.94,13.94,100,0
2016-06-29,17:05:00,13.95,13.95,13.94,13.95,5300,0
2016-06-29,17:10:00,13.93,13.93,13.91,13.92,1500,0
2016-06-29,17:15:00,13.93,13.95,13.93,13.95,2000,0
2016-06-29,17:20:00,13.94,13.95,13.92,13.92,2800,0
2016-06-29,17:25:00,13.92,13.92,13.92,13.92,1000,0
2016-06-29,17:30:00,13.93,13.93,13.93,13.93,200,0
2016-06-29,17:35:00,13.9368,13.94,13.9301,13.94,729,0
2016-06-29,17:40:00,13.95,13.96,13.94,13.94,3100,0
2016-06-29,17:45:00,13.93,13.93,13.93,13.93,1000,0
2016-06-29,17:50:00,13.93,13.93,13.9101,13.92,1000,0
2016-06-29,17:55:00,13.93,13.96,13.93,13.96,1800,0
2016-06-29,18:00:00,13.97,13.975,13.95,13.95,3724,0
2016-06-29,18:05:00,13.95,13.95,13.95,13.95,800,0
2016-06-29,18:10:00,13.95,13.955,13.95,13.95,5485,0
2016-06-29,18:15:00,13.95,13.955,13.94,13.95,4600,0
2016-06-29,18:20:00,13.94,13.95,13.93,13.95,3100,0
2016-06-29,18:25:00,13.95,13.96,13.95,13.96,3361,0
2016-06-29,18:30:00,13.96,13.96,13.955,13.96,600,0
2016-06-29,18:35:00,13.955,13.96,13.945,13.9475,1700,0
2016-06-29,18:40:00,13.95,13.97,13.95,13.97,1674,0
2016-06-29,18:45:00,13.97,13.98,13.97,13.98,1100,0
2016-06-29,18:50:00,13.975,13.98,13.96,13.97,2400,0
2016-06-29,18:55:00,13.97,13.98,13.96,13.96,2100,0
2016-06-29,19:00:00,13.96,13.96,13.95,13.95,800,0
2016-06-29,19:05:00,13.95,13.96,13.945,13.96,1000,0
2016-06-29,19:10:00,13.96,13.96,13.93,13.93,2100,0
2016-06-29,19:15:00,13.92,13.92,13.92,13.92,1100,0
2016-06-29,19:20:00,13.935,13.95,13.935,13.95,1900,0
2016-06-29,19:25:00,13.95,13.96,13.95,13.96,1200,0
2016-06-29,19:30:00,13.96,13.96,13.94,13.94,2100,0
2016-06-29,19:35:00,13.94,13.96,13.94,13.95,1800,0
2016-06-29,19:40:00,13.96,13.97,13.96,13.97,900,0
2016-06-29,19:45:00,13.97,13.97,13.94,13.9401,2600,0
2016-06-29,19:50:00,13.95,13.97,13.9499,13.95,3200,0
2016-06-29,19:55:00,13.95,13.96,13.95,13.96,900,0
2016-06-29,20:00:00,13.96,13.98,13.96,13.98,800,0
2016-06-29,20:05:00,13.97,13.99,13.97,13.98,5689,0
2016-06-29,20:10:00,13.985,13.99,13.97,13.99,2600,0
2016-06-29,20:15:00,13.985,13.99,13.98,13.98,1900,0
2016-06-29,20:20:00,13.985,14,13.985,13.995,1343,0
2016-06-29,20:25:00,13.9994,14.025,13.995,14.025,3822,0
2016-06-29,20:30:00,14.025,14.025,14.02,14.02,2200,0
2016-06-29,20:35:00,14.015,14.05,14.015,14.045,2900,0
2016-06-29,20:40:00,14.045,14.05,14.04,14.04,2900,0
2016-06-29,20:45:00,14.04,14.055,14.04,14.055,3252,0
2016-06-29,20:50:00,14.055,14.0599,14.03,14.03,4570,0
2016-06-29,20:55:00,14.04,14.04,14.0266,14.035,2453,0
2016-06-29,21:00:00,14.035,14.1,14.035,14.1,30205,0
2016-06-29,21:05:00,14.1,14.11,14.1,14.1,34785,0
2016-06-29,21:10:00,14.1,14.105,14.0807,14.09,20713,0
2016-06-29,21:15:00,14.085,14.1,14.085,14.1,5040,0
2016-06-29,21:20:00,14.1,14.1,14.08,14.08,4900,0
2016-06-29,21:25:00,14.08,14.08,14.05,14.06,3839,0
2016-06-29,21:30:00,14.05,14.055,14.04,14.04,6999,0
2016-06-29,21:35:00,14.04,14.04,14.02,14.035,2861,0
2016-06-29,21:40:00,14.035,14.04,14.02,14.02,5873,0
2016-06-29,21:45:00,14.0235,14.03,14,14.02,6012,0
2016-06-29,21:50:00,14.01,14.045,14.01,14.02,17040,0
2016-06-29,21:55:00,14.02,14.03,14,14.005,17467,0
2016-06-29,22:00:00,14,14.03,14,14.03,24030,0
2016-06-30,15:35:00,14.02,14.1,13.8,14.1,2056,0
2016-06-30,15:40:00,14.11,14.11,14.07,14.1,3700,0
2016-06-30,15:45:00,14.07,14.1,14.07,14.07,2000,0
2016-06-30,15:50:00,14.07,14.1,14.07,14.09,1300,0
2016-06-30,15:55:00,14.07,14.07,14.06,14.07,1400,0
2016-06-30,16:00:00,14.11,14.12,14.11,14.12,400,0
2016-06-30,16:05:00,14.13,14.15,14.12,14.12,1700,0
2016-06-30,16:10:00,14.1,14.1001,14.09,14.1,1152,0
2016-06-30,16:15:00,14.11,14.13,14.0701,14.0701,5722,0
2016-06-30,16:20:00,14.12,14.12,14.12,14.12,100,0
2016-06-30,16:25:00,14.1,14.12,14.09,14.11,2400,0
2016-06-30,16:30:00,14.12,14.13,14.08,14.08,3600,0
2016-06-30,16:35:00,14.1,14.1,14.085,14.0896,1284,0
2016-06-30,16:40:00,14.11,14.11,14.11,14.11,300,0
2016-06-30,16:45:00,14.11,14.12,14.09,14.12,1600,0
2016-06-30,16:50:00,14.12,14.13,14.12,14.13,500,0
2016-06-30,16:55:00,14.14,14.165,14.135,14.1597,3375,0
2016-06-30,17:00:00,14.16,14.2,14.16,14.2,3400,0
2016-06-30,17:05:00,14.19,14.19,14.18,14.18,600,0
2016-06-30,17:10:00,14.21,14.22,14.21,14.22,1200,0
2016-06-30,17:15:00,14.22,14.225,14.21,14.21,800,0
2016-06-30,17:20:00,14.21,14.21,14.18,14.18,1778,0
2016-06-30,17:25:00,14.17,14.18,14.17,14.18,400,0
2016-06-30,17:30:00,14.18,14.22,14.15,14.2,8267,0
2016-06-30,17:35:00,14.19,14.22,14.19,14.22,1300,0
2016-06-30,17:40:00,14.22,14.24,14.22,14.22,800,0
2016-06-30,17:45:00,14.24,14.24,14.24,14.24,200,0
2016-06-30,17:50:00,14.23,14.255,14.23,14.24,3185,0
2016-06-30,17:55:00,14.25,14.25,14.23,14.23,1700,0
2016-06-30,18:00:00,14.23,14.25,14.23,14.24,900,0
2016-06-30,18:05:00,14.24,14.26,14.24,14.26,2400,0
2016-06-30,18:10:00,14.25,14.26,14.24,14.24,1000,0
2016-06-30,18:15:00,14.25,14.27,14.25,14.26,1000,0
2016-06-30,18:20:00,14.28,14.29,14.26,14.29,1178,0
2016-06-30,18:25:00,14.28,14.29,14.28,14.29,700,0
2016-06-30,18:30:00,14.29,14.31,14.29,14.3,1900,0
2016-06-30,18:35:00,14.295,14.31,14.295,14.31,400,0
2016-06-30,18:40:00,14.3,14.305,14.26,14.26,2900,0
2016-06-30,18:45:00,14.26,14.27,14.2581,14.27,1700,0
2016-06-30,18:50:00,14.27,14.27,14.265,14.27,500,0
2016-06-30,18:55:00,14.28,14.3,14.27,14.27,1650,0
2016-06-30,19:00:00,14.28,14.28,14.27,14.275,900,0
2016-06-30,19:05:00,14.28,14.29,14.28,14.2825,2485,0
2016-06-30,19:10:00,14.28,14.29,14.26,14.275,3534,0
2016-06-30,19:15:00,14.27,14.27,14.26,14.27,2000,0
2016-06-30,19:20:00,14.27,14.27,14.26,14.27,1600,0
2016-06-30,19:25:00,14.27,14.28,14.26,14.26,2200,0
2016-06-30,19:30:00,14.26,14.26,14.23,14.26,2000,0
2016-06-30,19:35:00,14.27,14.27,14.25,14.26,1000,0
2016-06-30,19:40:00,14.26,14.31,14.26,14.31,5500,0
2016-06-30,19:45:00,14.31,14.31,14.29,14.29,2400,0
2016-06-30,19:50:00,14.29,14.29,14.25,14.27,2600,0
2016-06-30,19:55:00,14.28,14.28,14.27,14.27,600,0
2016-06-30,20:00:00,14.27,14.29,14.27,14.27,1631,0
2016-06-30,20:05:00,14.2843,14.2843,14.2843,14.2843,200,0
2016-06-30,20:10:00,14.29,14.298,14.29,14.29,2488,0
2016-06-30,20:15:00,14.295,14.31,14.295,14.2997,3400,0
2016-06-30,20:20:00,14.3,14.3,14.295,14.3,2300,0
2016-06-30,20:25:00,14.2901,14.2901,14.2901,14.2901,173,0
2016-06-30,20:30:00,14.3,14.3,14.28,14.29,1200,0
2016-06-30,20:40:00,14.29,14.32,14.29,14.3,2200,0
2016-06-30,20:45:00,14.3,14.33,14.3,14.33,2200,0
2016-06-30,20:50:00,14.33,14.33,14.3175,14.33,1679,0
2016-06-30,20:55:00,14.34,14.34,14.335,14.34,530,0
2016-06-30,21:00:00,14.35,14.36,14.35,14.35,3400,0
2016-06-30,21:05:00,14.36,14.37,14.36,14.36,2000,0
2016-06-30,21:10:00,14.36,14.39,14.36,14.38,7596,0
2016-06-30,21:15:00,14.38,14.38,14.37,14.38,2100,0
2016-06-30,21:20:00,14.38,14.38,14.33,14.33,5314,0
2016-06-30,21:25:00,14.34,14.355,14.3399,14.35,5068,0
2016-06-30,21:30:00,14.36,14.4,14.36,14.39,5485,0
2016-06-30,21:35:00,14.38,14.4,14.38,14.385,3300,0
2016-06-30,21:40:00,14.39,14.39,14.365,14.3801,8474,0
2016-06-30,21:45:00,14.38,14.4,14.37,14.37,6700,0
2016-06-30,21:50:00,14.36,14.37,14.35,14.37,5915,0
2016-06-30,21:55:00,14.37,14.4,14.37,14.4,10281,0
2016-06-30,22:00:00,14.4,14.47,14.395,14.47,154482,0
2016-07-01,15:35:00,14.45,14.45,14.0601,14.0601,3068,0
2016-07-01,15:40:00,14.2,14.44,14.2,14.39,1300,0
2016-07-01,15:45:00,14.4599,14.47,14.41,14.47,1700,0
2016-07-01,15:50:00,14.44,14.5,14.38,14.425,6759,0
2016-07-01,15:55:00,14.44,14.45,14.42,14.45,2100,0
2016-07-01,16:00:00,14.435,14.49,14.42,14.47,4700,0
2016-07-01,16:05:00,14.42,14.42,14.42,14.42,187,0
2016-07-01,16:10:00,14.4624,14.54,14.42,14.51,7725,0
2016-07-01,16:15:00,14.49,14.53,14.48,14.5,1300,0
2016-07-01,16:20:00,14.53,14.53,14.53,14.53,100,0
2016-07-01,16:25:00,14.5,14.51,14.5,14.51,1200,0
2016-07-01,16:30:00,14.5008,14.52,14.5008,14.52,300,0
2016-07-01,16:35:00,14.52,14.5475,14.52,14.54,14384,0
2016-07-01,16:40:00,14.53,14.55,14.53,14.55,1600,0
2016-07-01,16:45:00,14.55,14.56,14.52,14.55,4400,0
2016-07-01,16:50:00,14.53,14.54,14.53,14.53,500,0
2016-07-01,16:55:00,14.55,14.55,14.55,14.55,100,0
2016-07-01,17:00:00,14.5382,14.55,14.5382,14.55,2125,0
2016-07-01,17:05:00,14.54,14.55,14.54,14.55,800,0
2016-07-01,17:10:00,14.55,14.55,14.5,14.52,2500,0
2016-07-01,17:15:00,14.47,14.5,14.47,14.5,700,0
2016-07-01,17:20:00,14.48,14.5,14.47,14.5,7263,0
2016-07-01,17:25:00,14.4901,14.52,14.49,14.49,4754,0
2016-07-01,17:30:00,14.48,14.49,14.475,14.49,825,0
2016-07-01,17:35:00,14.48,14.52,14.48,14.52,1800,0
2016-07-01,17:40:00,14.52,14.52,14.505,14.51,1150,0
2016-07-01,17:45:00,14.5141,14.5141,14.5,14.51,4777,0
2016-07-01,17:50:00,14.509,14.509,14.5,14.5,2515,0
2016-07-01,17:55:00,14.5,14.51,14.5,14.51,3029,0
2016-07-01,18:00:00,14.5036,14.51,14.5036,14.51,576,0
2016-07-01,18:05:00,14.51,14.51,14.5,14.5,4963,0
2016-07-01,18:10:00,14.5,14.51,14.5,14.5,7245,0
2016-07-01,18:15:00,14.51,14.51,14.51,14.51,306,0
2016-07-01,18:20:00,14.5,14.5,14.4925,14.5,1848,0
2016-07-01,18:25:00,14.495,14.5,14.49,14.49,2000,0
2016-07-01,18:30:00,14.49,14.51,14.49,14.5,4800,0
2016-07-01,18:35:00,14.49,14.5,14.48,14.485,1900,0
2016-07-01,18:40:00,14.48,14.48,14.46,14.47,7400,0
2016-07-01,18:45:00,14.47,14.5,14.47,14.5,8445,0
2016-07-01,18:50:00,14.5,14.51,14.5,14.51,200,0
2016-07-01,18:55:00,14.5,14.515,14.49,14.495,9100,0
2016-07-01,19:00:00,14.49,14.51,14.49,14.51,2299,0
2016-07-01,19:05:00,14.515,14.52,14.495,14.515,3500,0
2016-07-01,19:10:00,14.51,14.56,14.51,14.55,9230,0
2016-07-01,19:15:00,14.56,14.56,14.5402,14.55,2668,0
2016-07-01,19:20:00,14.56,14.56,14.52,14.55,7000,0
2016-07-01,19:25:00,14.56,14.56,14.53,14.535,1900,0
2016-07-01,19:30:00,14.535,14.535,14.53,14.53,3300,0
2016-07-01,19:35:00,14.52,14.525,14.515,14.525,4348,0
2016-07-01,19:40:00,14.525,14.5271,14.515,14.515,4246,0
2016-07-01,19:45:00,14.515,14.535,14.515,14.535,5097,0
2016-07-01,19:50:00,14.53,14.545,14.52,14.545,3820,0
2016-07-01,19:55:00,14.545,14.545,14.525,14.525,2529,0
2016-07-01,20:00:00,14.525,14.525,14.525,14.525,800,0
2016-07-01,20:05:00,14.525,14.525,14.52,14.52,3400,0
2016-07-01,20:10:00,14.525,14.525,14.515,14.515,2800,0
2016-07-01,20:15:00,14.515,14.54,14.51,14.515,9757,0
2016-07-01,20:20:00,14.52,14.52,14.51,14.515,800,0
2016-07-01,20:25:00,14.515,14.53,14.515,14.525,1700,0
2016-07-01,20:30:00,14.525,14.53,14.52,14.525,1400,0
2016-07-01,20:35:00,14.52,14.525,14.51,14.515,2000,0
2016-07-01,20:40:00,14.515,14.515,14.5,14.51,2300,0
2016-07-01,20:45:00,14.505,14.5071,14.5,14.505,1970,0
2016-07-01,20:50:00,14.51,14.51,14.48,14.48,5961,0
2016-07-01,20:55:00,14.48,14.48,14.46,14.47,2199,0
2016-07-01,21:00:00,14.47,14.47,14.45,14.46,1200,0
2016-07-01,21:05:00,14.46,14.46,14.46,14.46,529,0
2016-07-01,21:10:00,14.47,14.49,14.465,14.48,2800,0
2016-07-01,21:15:00,14.485,14.485,14.485,14.485,100,0
2016-07-01,21:20:00,14.48,14.49,14.47,14.47,1860,0
2016-07-01,21:25:00,14.47,14.49,14.47,14.48,1600,0
2016-07-01,21:30:00,14.48,14.49,14.47,14.485,4271,0
2016-07-01,21:35:00,14.49,14.5,14.485,14.485,8253,0
2016-07-01,21:40:00,14.49,14.495,14.47,14.47,5715,0
2016-07-01,21:45:00,14.475,14.51,14.475,14.51,4208,0
2016-07-01,21:50:00,14.5,14.5,14.49,14.49,3200,0
2016-07-01,21:55:00,14.5,14.5,14.49,14.495,5430,0
2016-07-01,22:00:00,14.49,14.52,14.49,14.5,51577,0
