Date,Time,Open,High,Low,Close,Volume,OpenInt
2016-05-20,15:35:00,91.296,91.296,91.296,91.296,852,0
2016-05-20,15:50:00,91.73,91.73,91.73,91.73,100,0
2016-05-20,15:55:00,91.709,91.709,91.709,91.709,100,0
2016-05-20,16:00:00,91.72,91.72,91.72,91.72,100,0
2016-05-20,16:05:00,91.534,91.534,91.534,91.534,108,0
2016-05-20,16:15:00,91.744,91.744,91.744,91.744,201,0
2016-05-20,16:25:00,91.618,91.625,91.618,91.625,250,0
2016-05-20,16:30:00,91.684,91.684,91.555,91.555,502,0
2016-05-20,16:35:00,91.692,91.692,91.692,91.692,100,0
2016-05-20,16:40:00,91.564,91.564,91.564,91.564,106,0
2016-05-20,16:55:00,91.607,91.607,91.244,91.244,357,0
2016-05-20,17:05:00,91.435,91.625,91.435,91.625,301,0
2016-05-20,17:15:00,91.336,91.465,91.336,91.465,201,0
2016-05-20,17:20:00,91.465,91.465,91.366,91.366,653,0
2016-05-20,17:45:00,91.416,91.416,91.416,91.416,100,0
2016-05-20,18:05:00,91.336,91.336,91.276,91.276,201,0
2016-05-20,18:15:00,91.231,91.231,91.157,91.157,301,0
2016-05-20,18:20:00,91.157,91.157,91.157,91.157,100,0
2016-05-20,18:25:00,91.157,91.172,91.107,91.172,703,0
2016-05-20,18:40:00,91.117,91.197,91.117,91.127,301,0
2016-05-20,18:45:00,91.211,91.211,91.147,91.202,301,0
2016-05-20,19:00:00,91.167,91.167,91.157,91.157,201,0
2016-05-20,19:05:00,91.107,91.107,91.107,91.107,100,0
2016-05-20,19:15:00,91.187,91.187,91.097,91.097,301,0
2016-05-20,19:20:00,91.102,91.102,91.102,91.102,100,0
2016-05-20,19:25:00,91.087,91.147,91.077,91.137,803,0
2016-05-20,19:30:00,91.077,91.167,91.057,91.167,2179,0
2016-05-20,19:35:00,91.206,91.276,91.206,91.276,301,0
2016-05-20,19:45:00,91.494,91.565,91.494,91.545,642,0
2016-05-20,19:50:00,91.585,91.655,91.525,91.525,1607,0
2016-05-20,19:55:00,91.445,91.445,91.316,91.316,1306,0
2016-05-20,20:00:00,91.216,91.45,91.087,91.45,1707,0
2016-05-20,20:05:00,91.281,91.376,91.256,91.376,2109,0
2016-05-20,20:10:00,91.256,91.256,91.256,91.256,227,0
2016-05-20,20:20:00,91.334,91.334,91.334,91.334,100,0
2016-05-20,20:50:00,91.376,91.376,91.376,91.376,100,0
2016-05-20,20:55:00,91.585,91.585,91.585,91.585,100,0
2016-05-20,21:00:00,91.386,91.386,91.386,91.386,100,0
2016-05-20,21:30:00,91.555,91.555,91.555,91.555,100,0
2016-05-20,21:35:00,91.475,91.475,91.475,91.475,100,0
2016-05-20,22:00:00,91.525,91.535,91.346,91.535,840,0
2016-05-23,15:35:00,92.73,92.909,92.73,92.904,2306,0
2016-05-23,15:40:00,92.78,92.78,92.78,92.78,201,0
2016-05-23,15:45:00,92.8,92.989,92.8,92.989,201,0
2016-05-23,15:50:00,93.019,93.068,92.839,93.068,949,0
2016-05-23,15:55:00,93.066,93.066,93.066,93.066,201,0
2016-05-23,16:00:00,93.058,93.088,93.058,93.088,904,0
2016-05-23,16:05:00,93.138,93.278,93.138,93.278,201,0
2016-05-23,16:10:00,93.339,93.339,93.339,93.339,301,0
2016-05-23,16:15:00,93.387,93.387,93.068,93.068,883,0
2016-05-23,16:20:00,93.337,93.347,93.337,93.347,201,0
2016-05-23,16:25:00,92.969,92.969,92.969,92.969,201,0
2016-05-23,16:30:00,92.899,92.899,92.899,92.899,100,0
2016-05-23,16:45:00,92.79,92.79,92.79,92.79,201,0
2016-05-23,16:50:00,92.77,92.805,92.75,92.805,703,0
2016-05-23,16:55:00,92.849,92.849,92.849,92.849,100,0
2016-05-23,17:00:00,92.705,92.705,92.705,92.705,100,0
2016-05-23,17:10:00,92.66,92.745,92.66,92.745,213,0
2016-05-23,17:15:00,92.81,92.82,92.81,92.82,201,0
2016-05-23,17:20:00,92.81,92.81,92.81,92.81,301,0
2016-05-23,17:35:00,93.188,93.188,93.178,93.178,201,0
2016-05-23,17:40:00,92.909,92.909,92.899,92.899,201,0
2016-05-23,18:00:00,92.919,92.919,92.919,92.919,100,0
2016-05-23,18:05:00,92.76,92.76,92.7,92.7,502,0
2016-05-23,18:15:00,92.68,92.7,92.63,92.63,603,0
2016-05-23,18:20:00,92.65,92.65,92.65,92.65,201,0
2016-05-23,18:45:00,92.62,92.62,92.62,92.62,100,0
2016-05-23,19:00:00,92.705,92.75,92.705,92.75,502,0
2016-05-23,19:40:00,92.76,92.76,92.76,92.76,100,0
2016-05-23,20:10:00,92.75,92.75,92.75,92.75,100,0
2016-05-23,20:25:00,92.65,92.65,92.65,92.65,201,0
2016-05-23,20:35:00,92.66,92.66,92.66,92.66,100,0
2016-05-23,20:45:00,92.75,92.77,92.74,92.76,1444,0
2016-05-23,21:05:00,92.67,92.67,92.67,92.67,100,0
2016-05-23,21:30:00,92.769,92.769,92.769,92.769,100,0
2016-05-23,21:35:00,92.67,92.75,92.67,92.75,402,0
2016-05-23,21:40:00,92.76,92.76,92.71,92.76,502,0
2016-05-23,21:45:00,92.73,92.74,92.69,92.73,803,0
2016-05-23,21:50:00,92.68,92.73,92.65,92.668,1808,0
2016-05-23,21:55:00,92.7,92.74,92.625,92.625,603,0
2016-05-23,22:00:00,92.68,92.71,92.6,92.71,1168,0
2016-05-24,15:35:00,94.63,94.63,94.63,94.63,676,0
2016-05-24,15:40:00,94.98,96.968,94.954,95.78,10254,0
2016-05-24,15:45:00,95.41,95.41,94.63,94.64,1000,0
2016-05-24,15:50:00,95,95.04,94.91,94.91,700,0
2016-05-24,15:55:00,94.93,95.09,94.92,95.008,2900,0
2016-05-24,16:00:00,95.07,95.335,95.07,95.335,916,0
2016-05-24,16:05:00,95.299,95.299,95.1034,95.1034,400,0
2016-05-24,16:10:00,95.09,95.16,95.09,95.16,200,0
2016-05-24,16:15:00,95.19,95.19,95.19,95.19,100,0
2016-05-24,16:25:00,95.26,95.27,95.26,95.27,200,0
2016-05-24,16:35:00,95.4,95.4,95.4,95.4,600,0
2016-05-24,16:45:00,95.43,95.43,95.43,95.43,100,0
2016-05-24,16:50:00,95.4,95.4,95.4,95.4,200,0
2016-05-24,17:00:00,95.445,95.47,95.445,95.47,400,0
2016-05-24,17:05:00,95.52,95.52,95.4925,95.4925,200,0
2016-05-24,17:10:00,95.54,95.54,95.535,95.54,300,0
2016-05-24,17:30:00,95.6,95.6,95.6,95.6,100,0
2016-05-24,17:35:00,95.63,95.64,95.6,95.64,300,0
2016-05-24,17:45:00,95.62,95.62,95.615,95.615,300,0
2016-05-24,17:50:00,95.635,95.68,95.635,95.68,906,0
2016-05-24,18:00:00,95.72,95.72,95.7,95.7,300,0
2016-05-24,18:10:00,95.71,95.71,95.71,95.71,100,0
2016-05-24,18:15:00,95.68,95.68,95.68,95.68,100,0
2016-05-24,18:20:00,95.67,95.67,95.67,95.67,300,0
2016-05-24,18:25:00,95.67,95.67,95.6001,95.6001,332,0
2016-05-24,18:40:00,95.69,95.69,95.69,95.69,100,0
2016-05-24,18:50:00,95.657,95.68,95.657,95.68,250,0
2016-05-24,19:00:00,95.7,95.7,95.7,95.7,100,0
2016-05-24,19:10:00,95.66,95.66,95.66,95.66,100,0
2016-05-24,19:20:00,95.69,95.69,95.63,95.63,1000,0
2016-05-24,19:25:00,95.64,95.64,95.61,95.61,300,0
2016-05-24,19:30:00,95.65,95.68,95.65,95.68,300,0
2016-05-24,19:35:00,95.68,95.68,95.62,95.62,203,0
2016-05-24,19:50:00,95.68,95.68,95.61,95.61,306,0
2016-05-24,20:20:00,95.62,95.675,95.6,95.6,800,0
2016-05-24,20:25:00,95.565,95.5899,95.56,95.56,787,0
2016-05-24,20:35:00,95.54,95.575,95.54,95.565,400,0
2016-05-24,20:40:00,95.575,95.58,95.575,95.58,200,0
2016-05-24,20:55:00,95.5953,95.5953,95.5953,95.5953,206,0
2016-05-24,21:15:00,95.655,95.655,95.655,95.655,200,0
2016-05-24,21:20:00,95.66,95.67,95.635,95.6699,500,0
2016-05-24,21:25:00,95.635,95.64,95.61,95.64,600,0
2016-05-24,21:30:00,95.655,95.67,95.6,95.61,2100,0
2016-05-24,21:35:00,95.66,95.67,95.55,95.625,1000,0
2016-05-24,21:45:00,95.7,95.7,95.6647,95.6647,250,0
2016-05-24,21:50:00,95.7,95.71,95.55,95.6,3017,0
2016-05-24,21:55:00,95.585,95.79,95.57,95.79,2300,0
2016-05-24,22:00:00,95.7999,95.7999,95.545,95.545,3000,0
2016-05-25,15:35:00,95.44,95.44,94.84,94.84,3431,0
2016-05-25,15:40:00,94.87,94.87,94.87,94.87,200,0
2016-05-25,15:45:00,94.9599,94.9599,94.9599,94.9599,125,0
2016-05-25,15:50:00,95.1198,95.1198,95.1198,95.1198,212,0
2016-05-25,16:00:00,95.45,95.45,95.41,95.41,200,0
2016-05-25,16:05:00,95.3796,95.55,95.3796,95.55,600,0
2016-05-25,16:15:00,95.62,95.66,95.6052,95.6052,1133,0
2016-05-25,16:20:00,95.565,95.74,95.565,95.63,3000,0
2016-05-25,16:25:00,95.69,95.69,95.69,95.69,100,0
2016-05-25,16:30:00,95.7,95.7,95.575,95.575,200,0
2016-05-25,16:35:00,95.69,95.7,95.5826,95.69,536,0
2016-05-25,16:45:00,95.7,95.7,95.7,95.7,388,0
2016-05-25,16:55:00,95.57,95.57,95.57,95.57,100,0
2016-05-25,17:00:00,95.7,95.7,95.7,95.7,200,0
2016-05-25,17:05:00,95.7,95.7,95.7,95.7,120,0
2016-05-25,17:25:00,95.7,95.7,95.6999,95.6999,1490,0
2016-05-25,17:30:00,95.69,95.7,95.6527,95.6527,3068,0
2016-05-25,17:55:00,95.675,95.78,95.64,95.6801,878,0
2016-05-25,18:00:00,95.7301,95.88,95.7301,95.7301,671,0
2016-05-25,18:05:00,95.79,95.79,95.79,95.79,100,0
2016-05-25,18:10:00,95.72,95.72,95.7101,95.7101,200,0
2016-05-25,18:15:00,95.75,95.75,95.75,95.75,300,0
2016-05-25,18:20:00,95.7001,95.73,95.7001,95.73,356,0
2016-05-25,18:25:00,95.7001,95.7001,95.7,95.7,300,0
2016-05-25,18:30:00,95.68,95.68,95.68,95.68,200,0
2016-05-25,18:35:00,95.68,95.68,95.68,95.68,400,0
2016-05-25,18:40:00,95.765,95.765,95.66,95.6601,1000,0
2016-05-25,18:50:00,95.8,95.9101,95.8,95.9101,1900,0
2016-05-25,19:00:00,95.99,96.0256,95.99,96.0256,765,0
2016-05-25,19:05:00,96.0142,96.0142,96.0142,96.0142,153,0
2016-05-25,19:10:00,96,96,96,96,200,0
2016-05-25,19:15:00,95.975,95.975,95.95,95.95,500,0
2016-05-25,19:20:00,95.95,95.95,95.95,95.95,100,0
2016-05-25,19:30:00,95.8501,95.8501,95.8501,95.8501,300,0
2016-05-25,19:40:00,95.9,95.9,95.9,95.9,200,0
2016-05-25,19:45:00,95.97,95.97,95.95,95.95,300,0
2016-05-25,19:50:00,95.8501,95.86,95.8501,95.86,398,0
2016-05-25,19:55:00,95.95,95.95,95.95,95.95,100,0
2016-05-25,20:00:00,95.93,95.95,95.9,95.95,1000,0
2016-05-25,20:05:00,95.95,95.95,95.79,95.79,400,0
2016-05-25,20:10:00,95.84,95.84,95.82,95.82,200,0
2016-05-25,20:15:00,95.68,95.85,95.68,95.8,2600,0
2016-05-25,20:20:00,95.87,95.92,95.87,95.87,500,0
2016-05-25,20:25:00,95.9296,95.93,95.9296,95.93,706,0
2016-05-25,20:35:00,96.06,96.06,96.06,96.06,100,0
2016-05-25,20:40:00,96.07,96.07,96.07,96.07,100,0
2016-05-25,20:45:00,96.09,96.1,96.09,96.1,500,0
2016-05-25,20:50:00,96.06,96.08,95.9,95.9,300,0
2016-05-25,20:55:00,95.88,95.97,95.87,95.87,2900,0
2016-05-25,21:05:00,95.92,95.92,95.919,95.919,200,0
2016-05-25,21:10:00,95.89,95.98,95.89,95.98,500,0
2016-05-25,21:20:00,96.07,96.07,96.07,96.07,100,0
2016-05-25,21:25:00,95.76,95.76,95.75,95.75,200,0
2016-05-25,21:30:00,95.996,96.115,95.995,96.115,1233,0
2016-05-25,21:40:00,96.03,96.05,96.025,96.05,1717,0
2016-05-25,21:55:00,95.81,95.83,95.79,95.83,565,0
2016-05-25,22:00:00,95.82,95.875,95.589,95.59,3200,0
2016-05-26,15:35:00,95.99,96.09,95.98,96.09,651,0
2016-05-26,15:40:00,96.14,96.15,96.14,96.15,200,0
2016-05-26,15:45:00,96.19,96.35,96.19,96.35,815,0
2016-05-26,15:55:00,96.13,96.13,96.13,96.13,100,0
2016-05-26,16:00:00,96.16,96.16,96.16,96.16,100,0
2016-05-26,16:05:00,96.31,96.31,96.09,96.09,200,0
2016-05-26,16:20:00,96.24,96.24,96.24,96.24,500,0
2016-05-26,16:25:00,96.25,96.25,96.25,96.25,100,0
2016-05-26,16:35:00,96.115,96.3,96.115,96.3,300,0
2016-05-26,16:40:00,96.145,96.51,96.145,96.51,600,0
2016-05-26,17:00:00,96.41,96.41,96.41,96.41,100,0
2016-05-26,17:05:00,96.3123,96.45,96.3123,96.45,300,0
2016-05-26,17:10:00,96.33,96.33,96.33,96.33,100,0
2016-05-26,17:15:00,96.49,96.53,96.455,96.53,600,0
2016-05-26,17:20:00,96.4,96.42,96.4,96.42,200,0
2016-05-26,17:25:00,96.42,96.42,96.42,96.42,200,0
2016-05-26,18:05:00,96.4,96.4,96.39,96.39,200,0
2016-05-26,18:15:00,96.41,96.41,96.41,96.41,100,0
2016-05-26,18:25:00,96.35,96.36,96.35,96.36,200,0
2016-05-26,18:40:00,96.36,96.36,96.36,96.36,100,0
2016-05-26,18:45:00,96.42,96.49,96.42,96.49,200,0
2016-05-26,19:15:00,96.34,96.34,96.34,96.34,100,0
2016-05-26,19:20:00,96.4,96.4,96.4,96.4,100,0
2016-05-26,19:40:00,96.38,96.38,96.38,96.38,100,0
2016-05-26,20:25:00,96.34,96.43,96.34,96.43,200,0
2016-05-26,20:30:00,96.5297,96.5297,96.5297,96.5297,431,0
2016-05-26,20:35:00,96.43,96.43,96.43,96.43,100,0
2016-05-26,20:40:00,96.35,96.35,96.35,96.35,100,0
2016-05-26,21:00:00,96.35,96.35,96.35,96.35,100,0
2016-05-26,21:05:00,96.35,96.35,96.35,96.35,100,0
2016-05-26,21:10:00,96.4,96.41,96.35,96.35,900,0
2016-05-26,21:20:00,96.34,96.46,96.34,96.4,400,0
2016-05-26,21:30:00,96.34,96.34,96.34,96.34,100,0
2016-05-26,21:35:00,96.34,96.34,96.34,96.34,100,0
2016-05-26,21:40:00,96.34,96.34,96.2,96.2,200,0
2016-05-26,21:45:00,96.3,96.49,96.3,96.49,800,0
2016-05-26,21:50:00,96.46,96.46,96.38,96.38,200,0
2016-05-26,21:55:00,96.45,96.45,96.415,96.415,200,0
2016-05-26,22:00:00,96.44,96.46,96.32,96.32,401,0
2016-05-27,15:35:00,96.31,96.31,96.21,96.21,395,0
2016-05-27,16:05:00,96.0772,96.0772,96.0772,96.0772,167,0
2016-05-27,16:10:00,96.18,96.19,96.18,96.19,200,0
2016-05-27,16:15:00,96.2,96.24,96.18,96.18,500,0
2016-05-27,16:25:00,96.31,96.31,96.31,96.31,100,0
2016-05-27,16:40:00,96.215,96.215,96.215,96.215,100,0
2016-05-27,16:45:00,96.325,96.41,96.325,96.41,500,0
2016-05-27,17:10:00,96.54,96.54,96.54,96.54,100,0
2016-05-27,17:20:00,96.5175,96.5175,96.5175,96.5175,100,0
2016-05-27,17:25:00,96.52,96.52,96.51,96.51,212,0
2016-05-27,17:45:00,96.525,96.525,96.525,96.525,100,0
2016-05-27,17:55:00,96.64,96.64,96.64,96.64,100,0
2016-05-27,18:05:00,96.64,96.7,96.55,96.7,500,0
2016-05-27,18:15:00,96.5323,96.5323,96.5323,96.5323,300,0
2016-05-27,18:30:00,96.31,96.31,96.31,96.31,100,0
2016-05-27,18:35:00,96.31,96.31,96.31,96.31,100,0
2016-05-27,18:40:00,96.72,96.88,96.47,96.88,1800,0
2016-05-27,19:05:00,96.755,96.77,96.755,96.77,300,0
2016-05-27,19:10:00,96.78,96.88,96.72,96.75,600,0
2016-05-27,19:20:00,96.87,96.87,96.87,96.87,100,0
2016-05-27,19:25:00,96.91,96.91,96.89,96.89,400,0
2016-05-27,19:30:00,96.89,96.96,96.89,96.96,293,0
2016-05-27,19:40:00,96.88,96.9,96.88,96.9,400,0
2016-05-27,19:45:00,96.91,96.91,96.91,96.91,100,0
2016-05-27,19:50:00,96.88,96.88,96.85,96.85,700,0
2016-05-27,20:00:00,96.87,96.87,96.845,96.845,500,0
2016-05-27,20:05:00,96.82,96.82,96.82,96.82,300,0
2016-05-27,20:10:00,96.89,96.9,96.83,96.83,300,0
2016-05-27,20:20:00,96.9,96.9,96.9,96.9,1564,0
2016-05-27,20:25:00,96.9,96.9,96.71,96.9,1600,0
2016-05-27,20:35:00,96.8,96.85,96.7,96.76,717,0
2016-05-27,20:40:00,96.79,96.79,96.75,96.75,200,0
2016-05-27,20:45:00,96.55,96.55,96.55,96.55,400,0
2016-05-27,20:50:00,96.6,96.655,96.6,96.655,200,0
2016-05-27,21:10:00,96.7675,96.8252,96.7675,96.8252,317,0
2016-05-27,21:15:00,96.77,96.77,96.77,96.77,200,0
2016-05-27,21:25:00,96.61,96.61,96.61,96.61,100,0
2016-05-27,21:30:00,96.61,96.61,96.6,96.6,400,0
2016-05-27,21:40:00,96.52,96.66,96.52,96.66,200,0
2016-05-27,21:50:00,96.66,96.67,96.55,96.67,300,0
2016-05-27,21:55:00,96.55,96.55,96.55,96.55,100,0
2016-05-27,22:00:00,96.53,96.7,96.48,96.7,1348,0
2016-05-31,15:35:00,95.5,95.5,95.385,95.39,1320,0
2016-05-31,15:40:00,95.358,95.358,94.98,95.17,700,0
2016-05-31,15:45:00,94.99,95.04,94.99,95.04,600,0
2016-05-31,15:50:00,95.05,95.05,95.03,95.03,300,0
2016-05-31,15:55:00,95.01,95.08,95.01,95.075,847,0
2016-05-31,16:05:00,94.85,94.85,94.85,94.85,100,0
2016-05-31,16:10:00,94.79,94.79,94.65,94.65,960,0
2016-05-31,16:15:00,94.615,94.615,94.57,94.57,300,0
2016-05-31,16:25:00,94.57,94.57,94.57,94.57,100,0
2016-05-31,16:30:00,94.67,94.67,94.67,94.67,100,0
2016-05-31,16:40:00,94.33,94.33,94.33,94.33,400,0
2016-05-31,16:50:00,94.5425,94.5425,94.17,94.17,250,0
2016-05-31,17:05:00,94.21,94.21,94.21,94.21,100,0
2016-05-31,17:10:00,94.41,94.41,94.41,94.41,100,0
2016-05-31,17:40:00,94.53,94.53,94.53,94.53,300,0
2016-05-31,17:50:00,94.326,94.326,94.326,94.326,100,0
2016-05-31,18:00:00,94.51,94.51,94.51,94.51,100,0
2016-05-31,18:05:00,94.5168,94.63,94.5168,94.63,210,0
2016-05-31,18:15:00,94.544,94.544,94.544,94.544,100,0
2016-05-31,18:25:00,94.62,94.62,94.62,94.62,200,0
2016-05-31,18:55:00,94.4625,94.4625,94.4625,94.4625,100,0
2016-05-31,19:25:00,94.62,94.62,94.62,94.62,100,0
2016-05-31,19:30:00,94.5266,94.5266,94.5266,94.5266,100,0
2016-05-31,19:35:00,94.52,94.52,94.52,94.52,100,0
2016-05-31,19:50:00,94.6299,94.63,94.62,94.62,400,0
2016-05-31,20:00:00,94.53,94.53,94.53,94.53,100,0
2016-05-31,20:25:00,94.48,94.48,94.48,94.48,100,0
2016-05-31,20:30:00,94.34,94.3918,94.34,94.3918,200,0
2016-05-31,20:50:00,94.3,94.3,94.3,94.3,100,0
2016-05-31,21:15:00,94.5,94.5,94.3295,94.3295,568,0
2016-05-31,21:25:00,94.395,94.47,94.395,94.4462,450,0
2016-05-31,21:50:00,94.4129,94.4129,94.4129,94.4129,218,0
2016-05-31,22:00:00,94.31,94.35,94.02,94.02,1620,0
2016-06-01,15:35:00,94,94,94,94,424,0
2016-06-01,15:40:00,93.99,93.99,93.9144,93.9144,200,0
2016-06-01,16:00:00,94.01,94.01,94.01,94.01,100,0
2016-06-01,16:10:00,94.02,94.02,94.01,94.01,200,0
2016-06-01,16:25:00,94.2,94.2,94.09,94.09,200,0
2016-06-01,16:30:00,94.07,94.07,93.98,93.98,300,0
2016-06-01,16:35:00,94.215,94.215,94.215,94.215,1000,0
2016-06-01,17:00:00,94.285,94.35,94.285,94.35,200,0
2016-06-01,17:10:00,94.38,94.38,94.38,94.38,100,0
2016-06-01,17:20:00,94.17,94.17,94.17,94.17,100,0
2016-06-01,17:30:00,94.2,94.2,94.2,94.2,100,0
2016-06-01,17:35:00,94.14,94.14,94.13,94.13,300,0
2016-06-01,17:40:00,94.08,94.08,94.08,94.08,100,0
2016-06-01,18:05:00,94.08,94.08,94.08,94.08,100,0
2016-06-01,18:10:00,94.3121,94.3121,94.3121,94.3121,100,0
2016-06-01,18:20:00,94.39,94.39,94.39,94.39,100,0
2016-06-01,18:35:00,94.245,94.245,94.245,94.245,100,0
2016-06-01,19:00:00,94.41,94.41,94.41,94.41,100,0
2016-06-01,19:15:00,94.166,94.166,94.166,94.166,100,0
2016-06-01,19:20:00,94.42,94.44,94.18,94.18,400,0
2016-06-01,19:45:00,94.19,94.19,94.19,94.19,100,0
2016-06-01,20:00:00,94.2,94.2,94.2,94.2,200,0
2016-06-01,20:15:00,94.335,94.335,94.335,94.335,100,0
2016-06-01,20:20:00,94.25,94.53,94.25,94.53,700,0
2016-06-01,20:35:00,94.45,94.45,94.45,94.45,200,0
2016-06-01,20:50:00,94.499,94.499,94.499,94.499,150,0
2016-06-01,21:05:00,94.546,94.55,94.546,94.55,200,0
2016-06-01,21:15:00,94.5,94.605,94.485,94.605,500,0
2016-06-01,21:20:00,94.4775,94.4775,94.46,94.46,200,0
2016-06-01,21:25:00,94.3,94.3,94.3,94.3,100,0
2016-06-01,21:35:00,94.35,94.35,94.35,94.35,200,0
2016-06-01,21:45:00,94.51,94.51,94.51,94.51,100,0
2016-06-01,21:55:00,94.46,94.48,94.46,94.48,300,0
2016-06-01,22:00:00,94.49,94.49,94.275,94.275,1000,0
2016-06-02,15:35:00,92.97,92.97,92.711,92.72,4207,0
2016-06-02,15:40:00,92.6,92.7,92.46,92.5,1208,0
2016-06-02,15:45:00,92.55,92.615,92.55,92.615,400,0
2016-06-02,15:50:00,92.41,92.44,92.41,92.44,482,0
2016-06-02,15:55:00,92.39,92.39,92.37,92.37,200,0
2016-06-02,16:00:00,92.43,92.43,92.43,92.43,100,0
2016-06-02,16:15:00,92.59,92.59,92.57,92.57,300,0
2016-06-02,16:20:00,92.85,93.17,92.85,93.01,1100,0
2016-06-02,16:25:00,92.996,92.996,92.8,92.8,200,0
2016-06-02,16:45:00,92.86,92.86,92.84,92.84,500,0
2016-06-02,16:50:00,92.95,92.95,92.95,92.95,100,0
2016-06-02,16:55:00,92.9763,92.9763,92.9763,92.9763,110,0
2016-06-02,17:00:00,92.9073,92.9706,92.9073,92.9706,200,0
2016-06-02,17:05:00,93.02,93.02,93.02,93.02,100,0
2016-06-02,17:10:00,93.11,94.114,93.05,93.415,6336,0
2016-06-02,17:25:00,93.445,93.51,93.445,93.51,300,0
2016-06-02,17:45:00,93.65,93.71,93.65,93.71,200,0
2016-06-02,17:55:00,93.72,94.5,93.72,93.77,1000,0
2016-06-02,18:00:00,93.77,93.77,93.73,93.73,200,0
2016-06-02,18:40:00,93.664,93.664,93.664,93.664,100,0
2016-06-02,19:05:00,93.87,93.87,93.81,93.81,200,0
2016-06-02,19:15:00,93.68,93.95,93.67,93.95,1612,0
2016-06-02,19:30:00,93.9,93.9,93.9,93.9,100,0
2016-06-02,19:55:00,93.75,93.75,93.75,93.75,100,0
2016-06-02,20:00:00,93.63,93.75,93.56,93.56,1000,0
2016-06-02,20:05:00,93.538,93.538,93.48,93.48,1600,0
2016-06-02,20:20:00,93.43,93.62,93.3601,93.5,2600,0
2016-06-02,20:25:00,93.456,93.5,93.456,93.5,200,0
2016-06-02,20:30:00,93.53,93.53,93.53,93.53,100,0
2016-06-02,20:50:00,93.47,93.47,93.47,93.47,100,0
2016-06-02,21:30:00,93.63,93.66,93.63,93.66,500,0
2016-06-02,21:35:00,93.65,93.65,93.65,93.65,100,0
2016-06-02,21:40:00,93.69,93.69,93.69,93.69,200,0
2016-06-02,21:45:00,93.71,93.725,93.67,93.68,400,0
2016-06-02,21:50:00,93.68,93.7,93.65,93.65,800,0
2016-06-02,21:55:00,93.66,93.66,93.62,93.66,400,0
2016-06-02,22:00:00,93.66,93.79,93.66,93.79,907,0
2016-06-03,15:35:00,93.65,93.65,93.65,93.65,443,0
2016-06-03,15:50:00,93.65,93.65,93.63,93.63,200,0
2016-06-03,15:55:00,93.59,93.59,93.54,93.59,300,0
2016-06-03,17:00:00,93.565,93.6225,93.56,93.585,900,0
2016-06-03,18:30:00,93.64,93.64,93.64,93.64,100,0
2016-06-03,18:35:00,93.61,93.61,93.61,93.61,100,0
2016-06-03,18:40:00,93.61,93.61,93.57,93.57,400,0
2016-06-03,18:45:00,93.68,93.68,93.5,93.5,453,0
2016-06-03,19:20:00,93.57,93.57,93.57,93.57,100,0
2016-06-03,19:25:00,93.63,93.63,93.56,93.56,300,0
2016-06-03,19:30:00,93.58,93.58,93.57,93.57,300,0
2016-06-03,19:50:00,93.64,93.64,93.64,93.64,100,0
2016-06-03,19:55:00,93.59,93.59,93.35,93.35,1100,0
2016-06-03,20:05:00,93.48,93.48,93.48,93.48,100,0
2016-06-03,20:20:00,93.495,93.495,93.495,93.495,100,0
2016-06-03,20:35:00,93.5,93.5,93.5,93.5,400,0
2016-06-03,20:45:00,93.5,93.5,93.5,93.5,100,0
2016-06-03,20:50:00,93.47,93.47,93.4,93.4,300,0
2016-06-03,20:55:00,93.3705,93.3705,93.3705,93.3705,110,0
2016-06-03,21:05:00,93.24,93.294,93.24,93.294,445,0
2016-06-03,21:10:00,93.41,93.41,93.41,93.41,100,0
2016-06-03,21:15:00,93.325,93.44,93.325,93.44,200,0
2016-06-03,21:25:00,93.36,93.36,93.237,93.237,200,0
2016-06-03,21:40:00,93.35,93.35,93.35,93.35,300,0
2016-06-03,21:55:00,93.35,93.35,93.34,93.34,378,0
2016-06-03,22:00:00,93.27,93.27,93.05,93.05,1908,0
2016-06-06,15:35:00,93.73,93.8,93.72,93.77,1442,0
2016-06-06,15:40:00,93.82,93.82,93.82,93.82,100,0
2016-06-06,15:45:00,93.97,93.97,93.88,93.88,200,0
2016-06-06,16:05:00,93.95,93.95,93.95,93.95,200,0
2016-06-06,16:10:00,93.88,93.88,93.88,93.88,100,0
2016-06-06,16:20:00,93.865,93.865,93.865,93.865,100,0
2016-06-06,17:00:00,93.98,93.98,93.98,93.98,100,0
2016-06-06,17:10:00,94.06,94.06,94.06,94.06,100,0
2016-06-06,17:20:00,94.03,94.03,94.03,94.03,100,0
2016-06-06,17:30:00,93.9001,93.9001,93.9001,93.9001,100,0
2016-06-06,17:55:00,93.971,93.971,93.971,93.971,1200,0
2016-06-06,18:00:00,93.86,93.86,93.8,93.8,200,0
2016-06-06,18:05:00,93.7,93.7,93.7,93.7,200,0
2016-06-06,18:15:00,93.63,93.63,93.63,93.63,110,0
2016-06-06,18:25:00,93.57,93.57,93.57,93.57,100,0
2016-06-06,18:30:00,93.5701,93.5701,93.5701,93.5701,200,0
2016-06-06,18:35:00,93.6,93.64,93.6,93.64,544,0
2016-06-06,19:40:00,93.74,93.74,93.74,93.74,200,0
2016-06-06,20:50:00,93.62,93.62,93.62,93.62,100,0
2016-06-06,21:00:00,93.71,93.73,93.71,93.73,200,0
2016-06-06,21:20:00,93.59,93.59,93.59,93.59,100,0
2016-06-06,21:35:00,93.73,93.73,93.73,93.73,100,0
2016-06-06,21:45:00,93.92,93.92,93.92,93.92,304,0
2016-06-06,21:50:00,93.856,93.856,93.7,93.84,500,0
2016-06-06,21:55:00,93.71,93.93,93.71,93.92,1300,0
2016-06-06,22:00:00,93.83,93.83,93.75,93.75,746,0
2016-06-07,15:35:00,95.05,95.32,95.05,95.32,1209,0
2016-06-07,15:40:00,95.32,95.32,95.18,95.18,1687,0
2016-06-07,15:45:00,95.25,95.26,95.25,95.26,400,0
2016-06-07,16:10:00,95.2108,95.2108,95.13,95.13,300,0
2016-06-07,16:15:00,95.25,95.25,95.25,95.25,100,0
2016-06-07,16:35:00,95.05,95.05,95.0425,95.0425,600,0
2016-06-07,16:40:00,95.01,95.01,95.01,95.01,200,0
2016-06-07,16:45:00,94.96,94.96,94.96,94.96,300,0
2016-06-07,16:55:00,95.0197,95.0197,95.0197,95.0197,100,0
2016-06-07,17:15:00,94.9,94.9,94.86,94.86,300,0
2016-06-07,17:25:00,94.85,94.85,94.85,94.85,100,0
2016-06-07,17:55:00,94.94,95.15,94.94,95.15,320,0
2016-06-07,18:20:00,95.01,95.01,94.99,94.99,200,0
2016-06-07,18:45:00,94.88,94.88,94.88,94.88,100,0
2016-06-07,19:05:00,95.01,95.01,95.01,95.01,300,0
2016-06-07,19:30:00,95.06,95.06,95.06,95.06,100,0
2016-06-07,19:35:00,94.93,94.98,94.93,94.98,400,0
2016-06-07,19:50:00,95.1055,95.1055,95.1055,95.1055,100,0
2016-06-07,20:00:00,94.9325,94.9325,94.91,94.91,400,0
2016-06-07,20:05:00,94.95,94.95,94.95,94.95,100,0
2016-06-07,20:10:00,94.91,94.91,94.91,94.91,200,0
2016-06-07,20:30:00,94.92,94.92,94.92,94.92,100,0
2016-06-07,20:45:00,94.8169,94.8169,94.8169,94.8169,100,0
2016-06-07,21:00:00,94.81,94.81,94.81,94.81,200,0
2016-06-07,21:10:00,94.81,94.81,94.81,94.81,100,0
2016-06-07,21:15:00,94.72,94.7609,94.72,94.7609,400,0
2016-06-07,21:20:00,94.72,94.72,94.72,94.72,300,0
2016-06-07,21:35:00,94.6301,94.6301,94.6301,94.6301,210,0
2016-06-07,21:40:00,94.66,94.68,94.64,94.68,400,0
2016-06-07,22:00:00,94.685,94.765,94.64,94.64,1100,0
2016-06-08,15:40:00,95,95,95,95,700,0
2016-06-08,15:45:00,94.97,94.97,94.97,94.97,100,0
2016-06-08,17:00:00,94.71,94.86,94.71,94.8301,300,0
2016-06-08,17:15:00,94.64,94.808,94.59,94.59,783,0
2016-06-08,17:30:00,94.48,94.48,94.48,94.48,100,0
2016-06-08,17:40:00,94.38,94.41,94.38,94.41,200,0
2016-06-08,18:00:00,94.66,94.66,94.66,94.66,100,0
2016-06-08,18:10:00,94.64,94.64,94.64,94.64,100,0
2016-06-08,18:15:00,94.66,94.66,94.66,94.66,100,0
2016-06-08,18:55:00,94.4,94.4,94.4,94.4,100,0
2016-06-08,20:00:00,94.42,94.42,94.42,94.42,100,0
2016-06-08,20:10:00,94.4,94.4,94.4,94.4,437,0
2016-06-08,20:15:00,94.395,94.395,94.395,94.395,100,0
2016-06-08,20:45:00,94.28,94.28,94.28,94.28,300,0
2016-06-08,20:50:00,94.21,94.21,94.21,94.21,100,0
2016-06-08,20:55:00,94.35,94.35,94.35,94.35,100,0
2016-06-08,21:10:00,94.33,94.33,94.33,94.33,100,0
2016-06-08,21:15:00,94.22,94.22,94.22,94.22,100,0
2016-06-08,21:20:00,94.2,94.2,94.2,94.2,200,0
2016-06-08,21:35:00,94.25,94.25,94.23,94.23,200,0
2016-06-08,21:45:00,94.23,94.23,94.23,94.23,100,0
2016-06-08,21:50:00,94.25,94.25,94.25,94.25,100,0
2016-06-08,21:55:00,94.35,94.35,94.35,94.35,440,0
2016-06-08,22:00:00,94.535,94.535,94.3,94.51,1065,0
2016-06-09,15:35:00,93.4,93.4,93.4,93.4,629,0
2016-06-09,15:40:00,93.47,93.55,93.47,93.54,900,0
2016-06-09,15:45:00,93.32,93.32,93.22,93.22,300,0
2016-06-09,15:50:00,93.31,93.31,93.31,93.31,100,0
2016-06-09,16:00:00,93.24,93.34,93.038,93.34,1035,0
2016-06-09,16:15:00,93.12,93.12,93.079,93.079,200,0
2016-06-09,16:35:00,93.3,93.3,93.3,93.3,100,0
2016-06-09,16:50:00,93.35,93.35,93.35,93.35,200,0
2016-06-09,17:05:00,93.2001,93.2001,93.2001,93.2001,100,0
2016-06-09,17:55:00,93.24,93.24,93.23,93.23,300,0
2016-06-09,18:15:00,93.2398,93.2398,93.2398,93.2398,125,0
2016-06-09,18:35:00,93.19,93.19,93.19,93.19,100,0
2016-06-09,18:45:00,93.26,93.26,93.26,93.26,100,0
2016-06-09,19:05:00,93.18,93.18,93.18,93.18,100,0
2016-06-09,19:25:00,93.01,93.01,93.01,93.01,448,0
2016-06-09,19:30:00,93.19,93.19,93.19,93.19,100,0
2016-06-09,19:35:00,93.315,93.34,93.315,93.34,500,0
2016-06-09,20:45:00,93.28,93.53,93.28,93.4,500,0
2016-06-09,21:00:00,93.38,93.38,93.38,93.38,247,0
2016-06-09,21:15:00,93.52,93.52,93.52,93.52,100,0
2016-06-09,21:20:00,93.5,93.5,93.5,93.5,100,0
2016-06-09,21:30:00,93.3801,93.3801,93.38,93.38,472,0
2016-06-09,21:40:00,93.52,93.6,93.52,93.6,200,0
2016-06-09,21:55:00,93.63,93.63,93.56,93.56,1002,0
2016-06-09,22:00:00,93.58,93.59,93.58,93.59,303,0
2016-06-10,15:35:00,92.5,92.68,92.5,92.68,1537,0
2016-06-10,15:50:00,92.605,92.605,92.5001,92.5001,200,0
2016-06-10,16:10:00,92.67,92.68,92.51,92.51,413,0
2016-06-10,16:30:00,92.68,92.68,92.68,92.68,100,0
2016-06-10,16:35:00,92.561,92.561,92.561,92.561,200,0
2016-06-10,16:40:00,92.59,92.61,92.59,92.6,300,0
2016-06-10,16:45:00,92.5216,92.5216,92.5216,92.5216,150,0
2016-06-10,16:50:00,92.575,92.575,92.5,92.5,200,0
2016-06-10,17:00:00,92.53,92.53,92.53,92.53,200,0
2016-06-10,17:10:00,92.58,92.58,92.444,92.57,1200,0
2016-06-10,17:35:00,92.59,92.59,92.59,92.59,100,0
2016-06-10,17:50:00,92.59,92.6,92.59,92.6,200,0
2016-06-10,18:00:00,92.57,92.57,92.57,92.57,100,0
2016-06-10,18:25:00,92.56,92.56,92.56,92.56,100,0
2016-06-10,18:30:00,92.52,92.52,92.52,92.52,100,0
2016-06-10,18:35:00,92.51,92.51,92.51,92.51,100,0
2016-06-10,18:40:00,92.347,92.347,92.347,92.347,143,0
2016-06-10,18:45:00,92.58,92.58,92.58,92.58,100,0
2016-06-10,18:50:00,92.5638,92.5638,92.5638,92.5638,100,0
2016-06-10,19:35:00,92.3315,92.3315,92.3315,92.3315,150,0
2016-06-10,19:40:00,92.3209,92.3209,92.3209,92.3209,186,0
2016-06-10,19:50:00,92.38,92.46,92.38,92.46,200,0
2016-06-10,20:05:00,92.34,92.34,92.34,92.34,100,0
2016-06-10,20:10:00,92.48,92.48,92.48,92.48,100,0
2016-06-10,20:20:00,92.22,92.3004,92.21,92.3004,1000,0
2016-06-10,20:30:00,92.25,92.25,92.25,92.25,200,0
2016-06-10,20:40:00,92.33,92.33,92.33,92.33,199,0
2016-06-10,21:00:00,92.25,92.25,92.25,92.25,100,0
2016-06-10,21:20:00,92.12,92.12,92.12,92.12,100,0
2016-06-10,21:25:00,92.202,92.202,92.202,92.202,110,0
2016-06-10,21:30:00,92.21,92.21,92.2,92.2,200,0
2016-06-10,21:35:00,92.16,92.175,92.15,92.15,300,0
2016-06-10,21:40:00,92.1,92.1,92.1,92.1,100,0
2016-06-10,21:45:00,92.2,92.2,92.2,92.2,200,0
2016-06-10,21:50:00,92.2,92.28,92.2,92.28,200,0
2016-06-10,21:55:00,92.29,92.29,92.29,92.29,100,0
2016-06-10,22:00:00,92.165,92.27,92.0695,92.14,1674,0
2016-06-13,15:35:00,91.61,91.61,91.61,91.61,480,0
2016-06-13,15:40:00,91.319,91.319,91.319,91.319,150,0
2016-06-13,15:45:00,91.59,91.59,91.59,91.59,100,0
2016-06-13,16:00:00,91.5,91.5,91.27,91.27,300,0
2016-06-13,16:10:00,91.375,91.385,91.06,91.07,2300,0
2016-06-13,16:15:00,91.33,91.48,91.26,91.43,2460,0
2016-06-13,16:25:00,91.19,91.44,91.19,91.44,708,0
2016-06-13,16:30:00,91.395,91.395,91.395,91.395,100,0
2016-06-13,16:40:00,91.4,91.4,91.4,91.4,100,0
2016-06-13,16:45:00,91.32,91.33,91.31,91.31,400,0
2016-06-13,16:50:00,91.31,91.31,91.31,91.31,200,0
2016-06-13,16:55:00,91.29,91.29,91.1201,91.1201,249,0
2016-06-13,17:00:00,91.29,91.29,91.29,91.29,200,0
2016-06-13,17:05:00,91.25,91.25,91.25,91.25,300,0
2016-06-13,17:10:00,91.4332,91.4332,91.1669,91.1669,229,0
2016-06-13,17:40:00,91.4343,91.4343,91.4343,91.4343,200,0
2016-06-13,18:00:00,91.25,91.345,91.25,91.345,300,0
2016-06-13,18:55:00,91.39,91.39,91.39,91.39,300,0
2016-06-13,19:10:00,91.4,91.42,91.4,91.42,200,0
2016-06-13,19:30:00,91.35,91.395,91.31,91.3425,2609,0
2016-06-13,19:40:00,91.364,91.364,91.364,91.364,100,0
2016-06-13,20:00:00,91.335,91.335,91.2975,91.2975,300,0
2016-06-13,20:05:00,91.32,91.32,91.32,91.32,200,0
2016-06-13,20:10:00,91.32,91.32,91.29,91.29,500,0
2016-06-13,20:20:00,91.29,91.29,91.27,91.27,400,0
2016-06-13,20:30:00,91.33,91.33,91.25,91.27,1500,0
2016-06-13,20:50:00,91.3743,91.38,91.2825,91.2825,850,0
2016-06-13,21:10:00,91.31,91.31,91.31,91.31,300,0
2016-06-13,21:20:00,91.25,91.275,91.25,91.275,697,0
2016-06-13,21:25:00,91.35,91.35,91.35,91.35,300,0
2016-06-13,21:30:00,91.312,91.312,91.25,91.3,975,0
2016-06-13,21:40:00,91.3,91.3,91.3,91.3,300,0
2016-06-13,21:45:00,91.3,91.35,91.2625,91.3,1400,0
2016-06-13,21:50:00,91.3,91.325,91.265,91.265,1100,0
2016-06-13,21:55:00,91.25,91.25,91.17,91.2,2703,0
2016-06-13,22:00:00,91.2,91.24,91.14,91.2,3981,0
2016-06-14,15:35:00,90.76,90.9,90.66,90.9,1300,0
2016-06-14,15:40:00,90.79,90.79,90.77,90.77,1400,0
2016-06-14,15:45:00,90.77,90.79,90.77,90.79,300,0
2016-06-14,15:50:00,90.78,90.78,90.78,90.78,908,0
2016-06-14,15:55:00,90.626,90.71,90.544,90.71,1715,0
2016-06-14,16:00:00,90.57,90.62,90.57,90.62,600,0
2016-06-14,16:20:00,90.5982,90.5982,90.5,90.54,1600,0
2016-06-14,16:25:00,90.525,90.65,90.39,90.39,2087,0
2016-06-14,16:40:00,90.42,90.69,90.37,90.66,1400,0
2016-06-14,16:50:00,90.5,90.527,90.5,90.527,350,0
2016-06-14,17:05:00,90.2818,90.2818,90.2818,90.2818,100,0
2016-06-14,17:10:00,90.38,90.38,90.38,90.38,400,0
2016-06-14,17:20:00,90.23,90.23,90.23,90.23,200,0
2016-06-14,17:25:00,90.2519,90.3779,90.2519,90.3779,200,0
2016-06-14,17:35:00,90.18,90.18,90.18,90.18,200,0
2016-06-14,17:50:00,90.38,90.38,90.292,90.38,3195,0
2016-06-14,17:55:00,90.3507,90.4,90.12,90.3041,4741,0
2016-06-14,18:00:00,90.26,90.3236,90.1636,90.3236,600,0
2016-06-14,18:25:00,90.5799,90.5799,90.5799,90.5799,110,0
2016-06-14,18:40:00,90.59,90.59,90.59,90.59,100,0
2016-06-14,19:20:00,90.57,90.57,90.57,90.57,100,0
2016-06-14,19:55:00,90.53,90.53,90.53,90.53,100,0
2016-06-14,20:10:00,90.28,90.36,90.28,90.36,200,0
2016-06-14,20:15:00,90.4356,90.4356,90.4356,90.4356,200,0
2016-06-14,20:20:00,90.54,90.55,90.54,90.55,200,0
2016-06-14,20:25:00,90.56,90.6899,90.56,90.6899,319,0
2016-06-14,20:40:00,90.5075,90.5075,90.5075,90.5075,100,0
2016-06-14,20:55:00,90.55,90.55,90.55,90.55,200,0
2016-06-14,21:10:00,90.53,90.53,90.53,90.53,200,0
2016-06-14,21:25:00,90.61,90.64,90.61,90.64,300,0
2016-06-14,21:30:00,90.3966,90.64,90.3966,90.64,583,0
2016-06-14,21:40:00,90.514,90.64,90.514,90.64,460,0
2016-06-14,21:45:00,90.64,90.64,90.57,90.64,300,0
2016-06-14,21:50:00,90.64,90.64,90.58,90.58,800,0
2016-06-14,22:00:00,90.56,90.58,90.48,90.56,2231,0
2016-06-15,15:35:00,91.07,91.07,91.07,91.07,534,0
2016-06-15,15:50:00,91.138,91.138,91.138,91.138,168,0
2016-06-15,16:25:00,91.16,91.16,91.06,91.06,300,0
2016-06-15,17:15:00,91.31,91.31,91.31,91.31,290,0
2016-06-15,17:30:00,91.075,91.075,91.075,91.075,100,0
2016-06-15,17:45:00,91.025,91.08,91.025,91.08,200,0
2016-06-15,17:50:00,91.1141,91.1141,91.1141,91.1141,150,0
2016-06-15,17:55:00,91,91,91,91,100,0
2016-06-15,18:10:00,90.99,90.99,90.99,90.99,100,0
2016-06-15,18:15:00,90.94,90.94,90.94,90.94,100,0
2016-06-15,18:25:00,91.1,91.1,91.0975,91.0975,200,0
2016-06-15,18:30:00,91,91,91,91,100,0
2016-06-15,18:40:00,91.086,91.086,91.086,91.086,100,0
2016-06-15,18:45:00,91.06,91.06,91.06,91.06,100,0
2016-06-15,18:55:00,90.89,90.89,90.89,90.89,100,0
2016-06-15,19:20:00,91,91,90.88,90.88,215,0
2016-06-15,20:05:00,90.925,90.925,90.925,90.925,100,0
2016-06-15,20:10:00,90.98,90.98,90.98,90.98,200,0
2016-06-15,20:50:00,91.24,91.49,91.24,91.4,1900,0
2016-06-15,21:15:00,91.42,91.42,91.42,91.42,100,0
2016-06-15,21:25:00,91.49,91.49,91.49,91.49,300,0
2016-06-15,21:35:00,91.49,91.49,91.49,91.49,500,0
2016-06-15,21:40:00,91.68,91.7,91.68,91.7,1000,0
2016-06-15,21:45:00,91.62,91.63,91.5,91.5,700,0
2016-06-15,21:50:00,91.6399,91.6399,91.5,91.5,1000,0
2016-06-15,21:55:00,91.5,91.5,91.5,91.5,200,0
2016-06-15,22:00:00,91.5,91.5,91.28,91.29,800,0
2016-06-16,15:35:00,90.25,90.25,90.19,90.22,748,0
2016-06-16,15:40:00,90.29,90.29,90.29,90.29,100,0
2016-06-16,15:50:00,90.2,90.2,90.2,90.2,100,0
2016-06-16,15:55:00,90.1,90.1,90,90.08,976,0
2016-06-16,16:05:00,89.78,89.78,89.78,89.78,100,0
2016-06-16,16:10:00,89.8163,89.92,89.8163,89.92,240,0
2016-06-16,16:25:00,89.94,89.94,89.92,89.92,700,0
2016-06-16,16:40:00,89.63,89.63,89.63,89.63,100,0
2016-06-16,16:55:00,89.7978,89.7978,89.7978,89.7978,100,0
2016-06-16,17:05:00,89.84,89.87,89.84,89.84,500,0
2016-06-16,17:20:00,90.05,90.05,90.05,90.05,100,0
2016-06-16,17:55:00,90.29,90.3,90.29,90.3,200,0
2016-06-16,18:15:00,90.22,90.22,90.22,90.22,100,0
2016-06-16,18:30:00,90.3,90.3,90.3,90.3,200,0
2016-06-16,18:35:00,90.4,90.4,90.4,90.4,100,0
2016-06-16,18:40:00,90.5,90.59,90.5,90.59,600,0
2016-06-16,18:45:00,90.52,90.765,90.52,90.59,300,0
2016-06-16,18:50:00,90.78,90.78,90.78,90.78,100,0
2016-06-16,19:00:00,90.543,90.543,90.543,90.543,125,0
2016-06-16,19:05:00,90.56,90.56,90.56,90.56,100,0
2016-06-16,19:55:00,90.21,90.21,90.21,90.21,100,0
2016-06-16,20:30:00,90.49,90.57,90.2178,90.57,407,0
2016-06-16,20:35:00,90.5,90.5,90.4715,90.4715,300,0
2016-06-16,20:45:00,90.25,90.37,90.25,90.37,200,0
2016-06-16,20:50:00,90.2542,90.2542,90.2542,90.2542,192,0
2016-06-16,21:00:00,90.45,90.45,90.45,90.45,100,0
2016-06-16,21:10:00,90.1858,90.1858,90.1858,90.1858,269,0
2016-06-16,21:50:00,90.522,90.522,90.522,90.522,100,0
2016-06-16,21:55:00,90.52,90.54,90.52,90.54,200,0
2016-06-16,22:00:00,90.52,90.52,90.22,90.37,1402,0
2016-06-17,15:35:00,90.31,90.31,90.31,90.31,191,0
2016-06-17,16:25:00,90.04,90.05,90,90,807,0
2016-06-17,16:35:00,90,90,90,90,400,0
2016-06-17,17:10:00,89.91,89.91,89.91,89.91,140,0
2016-06-17,17:15:00,89.89,89.982,89.89,89.982,300,0
2016-06-17,17:55:00,89.8217,89.8217,89.82,89.82,900,0
2016-06-17,18:35:00,89.86,89.86,89.86,89.86,200,0
2016-06-17,19:00:00,89.83,89.83,89.83,89.83,100,0
2016-06-17,19:05:00,89.9,89.9,89.9,89.9,100,0
2016-06-17,19:10:00,89.84,89.84,89.84,89.84,100,0
2016-06-17,19:15:00,89.84,89.84,89.84,89.84,100,0
2016-06-17,19:30:00,90.0067,90.0067,90.0067,90.0067,130,0
2016-06-17,19:40:00,89.84,89.84,89.84,89.84,100,0
2016-06-17,19:55:00,89.84,89.84,89.84,89.84,200,0
2016-06-17,20:30:00,89.857,89.857,89.857,89.857,200,0
2016-06-17,21:00:00,89.84,89.84,89.84,89.84,100,0
2016-06-17,21:25:00,89.68,89.68,89.68,89.68,100,0
2016-06-17,21:55:00,89.75,89.75,89.74,89.74,428,0
2016-06-17,22:00:00,89.8,89.8,89.69,89.69,839,0
2016-06-20,15:35:00,92.79,92.79,92.79,92.79,1742,0
2016-06-20,15:40:00,92.87,92.88,92.77,92.784,3065,0
2016-06-20,15:45:00,92.89,92.89,92.59,92.59,793,0
2016-06-20,15:50:00,92.44,92.44,92.44,92.44,100,0
2016-06-20,15:55:00,92.52,92.57,92.52,92.55,400,0
2016-06-20,16:00:00,92.76,92.87,92.76,92.87,1600,0
2016-06-20,16:05:00,92.7,92.9,92.7,92.7,7600,0
2016-06-20,16:10:00,92.9,92.9,92.9,92.9,100,0
2016-06-20,16:20:00,92.52,92.52,92.52,92.52,100,0
2016-06-20,16:25:00,92.6053,92.742,92.6053,92.742,200,0
2016-06-20,16:40:00,92.53,92.53,92.53,92.53,400,0
2016-06-20,17:00:00,92.59,92.6,92.53,92.55,800,0
2016-06-20,17:15:00,92.6,92.826,92.6,92.826,200,0
2016-06-20,17:20:00,92.83,92.83,92.83,92.83,100,0
2016-06-20,17:30:00,92.83,92.99,92.83,92.99,200,0
2016-06-20,17:45:00,92.785,92.785,92.785,92.785,100,0
2016-06-20,18:20:00,92.6,92.6,92.55,92.55,200,0
2016-06-20,18:30:00,92.51,92.51,92.51,92.51,100,0
2016-06-20,18:35:00,92.51,92.61,92.34,92.34,400,0
2016-06-20,18:40:00,92.56,92.56,92.56,92.56,198,0
2016-06-20,18:50:00,92.475,92.814,92.475,92.814,1000,0
2016-06-20,19:00:00,92.61,92.61,92.61,92.61,100,0
2016-06-20,19:10:00,92.59,92.59,92.59,92.59,100,0
2016-06-20,19:15:00,92.56,92.56,92.56,92.56,100,0
2016-06-20,19:50:00,92.67,92.67,92.66,92.66,500,0
2016-06-20,20:10:00,92.55,92.55,92.55,92.55,100,0
2016-06-20,20:30:00,92.55,92.82,92.397,92.397,9755,0
2016-06-20,20:35:00,92.37,92.38,92.36,92.36,2000,0
2016-06-20,20:45:00,92.47,92.47,92.47,92.47,300,0
2016-06-20,20:50:00,92.47,92.47,92.47,92.47,200,0
2016-06-20,21:20:00,92.51,92.51,92.51,92.51,316,0
2016-06-20,21:25:00,92.37,92.37,92.37,92.37,200,0
2016-06-20,21:30:00,92.36,92.36,92.36,92.36,100,0
2016-06-20,21:35:00,92.36,92.36,92.36,92.36,300,0
2016-06-20,21:40:00,92.35,92.35,92.31,92.31,200,0
2016-06-20,21:45:00,92.3,92.36,92.22,92.36,1100,0
2016-06-20,21:50:00,92.26,92.2651,92.25,92.2651,508,0
2016-06-20,21:55:00,92.17,92.17,92.15,92.15,1000,0
2016-06-20,22:00:00,92.15,92.2,92.15,92.18,1318,0
2016-06-21,15:35:00,91.51,91.7,91.3,91.7,1043,0
2016-06-21,15:45:00,91.72,91.72,91.72,91.72,100,0
2016-06-21,16:25:00,91.31,91.318,91.31,91.318,200,0
2016-06-21,16:30:00,91.32,91.35,91.2419,91.2419,300,0
2016-06-21,16:50:00,91.28,91.28,91.28,91.28,100,0
2016-06-21,17:00:00,91.4843,91.5346,91.4843,91.5346,1200,0
2016-06-21,17:05:00,91.54,91.54,91.54,91.54,200,0
2016-06-21,18:30:00,91.4717,91.4717,91.4717,91.4717,125,0
2016-06-21,18:35:00,91.49,91.56,91.49,91.56,700,0
2016-06-21,18:40:00,91.5558,91.5558,91.5558,91.5558,300,0
2016-06-21,19:05:00,91.49,91.49,91.49,91.49,100,0
2016-06-21,19:10:00,91.41,91.41,91.41,91.41,100,0
2016-06-21,19:45:00,91.29,91.29,91.29,91.29,100,0
2016-06-21,19:55:00,91.28,91.28,91.28,91.28,300,0
2016-06-21,20:00:00,91.333,91.333,91.333,91.333,106,0
2016-06-21,21:05:00,91.32,91.32,91.32,91.32,100,0
2016-06-21,21:25:00,91.19,91.19,91.19,91.19,100,0
2016-06-21,21:30:00,91.28,91.28,91.28,91.28,100,0
2016-06-21,21:45:00,91.31,91.31,91.31,91.31,100,0
2016-06-21,21:55:00,91.25,91.25,91.2,91.22,597,0
2016-06-21,22:00:00,91.22,91.46,91.2,91.2,701,0
2016-06-22,15:35:00,91.54,91.54,91.54,91.54,381,0
2016-06-22,16:20:00,91.56,91.56,91.25,91.25,1025,0
2016-06-22,16:25:00,91.72,91.72,91.72,91.72,440,0
2016-06-22,16:45:00,91.72,91.75,91.71,91.75,400,0
2016-06-22,17:10:00,91.67,91.74,91.575,91.575,625,0
2016-06-22,17:15:00,91.76,91.78,91.618,91.68,9550,0
2016-06-22,17:25:00,92.14,92.14,92.14,92.14,100,0
2016-06-22,17:40:00,92.175,92.175,92.175,92.175,100,0
2016-06-22,17:45:00,92.18,92.18,91.64,91.64,200,0
2016-06-22,18:35:00,92.159,92.159,92.159,92.159,200,0
2016-06-22,19:20:00,92.12,92.12,92.12,92.12,100,0
2016-06-22,20:15:00,91.8048,91.8048,91.8048,91.8048,100,0
2016-06-22,21:10:00,91.83,91.84,91.83,91.84,300,0
2016-06-22,21:45:00,91.6434,91.6434,91.52,91.52,200,0
2016-06-22,21:50:00,91.5,91.5,91.5,91.5,100,0
2016-06-22,21:55:00,91.49,91.49,91.45,91.45,300,0
2016-06-22,22:00:00,91.44,91.55,91.44,91.53,1100,0
2016-06-23,15:35:00,92.81,92.81,92.81,92.81,385,0
2016-06-23,15:50:00,92.54,92.55,92.505,92.505,400,0
2016-06-23,15:55:00,92.4961,92.4961,92.33,92.33,550,0
2016-06-23,16:00:00,92.38,92.38,92.31,92.31,200,0
2016-06-23,16:10:00,92.32,92.32,92.32,92.32,100,0
2016-06-23,16:20:00,92.0001,92.0001,92.0001,92.0001,140,0
2016-06-23,16:25:00,92,92,92,92,100,0
2016-06-23,16:40:00,91.75,91.75,91.75,91.75,100,0
2016-06-23,17:15:00,92.33,92.33,92.33,92.33,100,0
2016-06-23,17:45:00,92.36,92.36,92.36,92.36,100,0
2016-06-23,18:00:00,92.07,92.07,92.07,92.07,100,0
2016-06-23,18:10:00,92.17,92.17,92.17,92.17,100,0
2016-06-23,18:30:00,91.9835,92.24,91.9835,92.24,250,0
2016-06-23,18:40:00,91.9876,91.9876,91.9876,91.9876,130,0
2016-06-23,18:45:00,92.05,92.05,92.05,92.05,100,0
2016-06-23,19:00:00,91.87,91.87,91.87,91.87,100,0
2016-06-23,19:35:00,91.99,91.99,91.97,91.97,200,0
2016-06-23,20:45:00,92.11,92.13,92.11,92.13,200,0
2016-06-23,21:05:00,92.14,92.21,92.14,92.21,600,0
2016-06-23,21:30:00,92.02,92.03,92.02,92.03,200,0
2016-06-23,21:35:00,92,92,92,92,100,0
2016-06-23,21:45:00,92.02,92.02,92.02,92.02,100,0
2016-06-23,21:50:00,92.16,92.22,92.16,92.205,700,0
2016-06-23,21:55:00,92.5964,92.5964,92.2601,92.27,400,0
2016-06-23,22:00:00,92.26,92.52,92.13,92.52,814,0
2016-06-24,15:35:00,88.8,89.99,88.725,89.3,5606,0
2016-06-24,15:40:00,89.43,89.51,89.3,89.48,696,0
2016-06-24,15:45:00,89.5,89.5,89.3,89.3,800,0
2016-06-24,15:50:00,89.3,89.3,89.3,89.3,400,0
2016-06-24,15:55:00,89.04,89.3825,89.03,89.3825,800,0
2016-06-24,16:00:00,89.27,89.27,89.25,89.25,400,0
2016-06-24,16:05:00,89.45,89.45,89.45,89.45,300,0
2016-06-24,16:10:00,89.58,89.59,89.46,89.59,408,0
2016-06-24,16:15:00,89.6,89.6,89.6,89.6,100,0
2016-06-24,16:20:00,89.63,89.63,89.59,89.59,700,0
2016-06-24,16:25:00,89.73,89.78,89.73,89.78,300,0
2016-06-24,16:35:00,89.93,89.95,89.902,89.902,700,0
2016-06-24,16:40:00,89.93,89.93,89.75,89.9,900,0
2016-06-24,16:45:00,89.78,89.87,89.73,89.87,600,0
2016-06-24,16:55:00,89.82,89.82,89.82,89.82,100,0
2016-06-24,17:00:00,89.81,89.81,89.722,89.81,400,0
2016-06-24,17:05:00,89.49,89.49,89.49,89.49,100,0
2016-06-24,17:10:00,89.6368,89.6368,89.6368,89.6368,200,0
2016-06-24,17:20:00,89.525,89.525,89.525,89.525,100,0
2016-06-24,17:30:00,89.619,89.7,89.619,89.7,550,0
2016-06-24,17:35:00,89.6875,89.6875,89.67,89.67,200,0
2016-06-24,17:40:00,89.6851,89.6851,89.6816,89.6816,300,0
2016-06-24,17:45:00,89.678,89.678,89.678,89.678,100,0
2016-06-24,17:55:00,89.705,89.705,89.705,89.705,171,0
2016-06-24,18:00:00,89.6882,89.6882,89.6882,89.6882,100,0
2016-06-24,18:10:00,89.71,89.77,89.71,89.77,300,0
2016-06-24,18:15:00,89.75,89.75,89.75,89.75,100,0
2016-06-24,18:25:00,89.6678,89.6678,89.6678,89.6678,450,0
2016-06-24,18:30:00,89.61,89.61,89.61,89.61,100,0
2016-06-24,18:40:00,89.695,89.695,89.5,89.5,900,0
2016-06-24,18:50:00,89.4568,89.4568,89.4568,89.4568,100,0
2016-06-24,19:15:00,89.49,89.5,89.49,89.5,400,0
2016-06-24,19:25:00,89.467,89.467,89.467,89.467,180,0
2016-06-24,19:45:00,89.5494,89.5494,89.5494,89.5494,112,0
2016-06-24,19:50:00,89.59,89.8099,89.5225,89.715,5279,0
2016-06-24,20:05:00,89.809,89.809,89.809,89.809,200,0
2016-06-24,20:30:00,89.7946,89.7946,89.7946,89.7946,200,0
2016-06-24,20:45:00,89.62,89.69,89.602,89.602,400,0
2016-06-24,20:55:00,89.69,89.75,89.69,89.75,400,0
2016-06-24,21:05:00,89.69,89.69,89.6,89.6,700,0
2016-06-24,21:10:00,89.68,89.68,89.68,89.68,100,0
2016-06-24,21:20:00,89.49,89.58,89.49,89.58,400,0
2016-06-24,21:25:00,89.51,89.535,89.44,89.44,1300,0
2016-06-24,21:30:00,89.455,89.455,89.25,89.25,300,0
2016-06-24,21:40:00,89.44,89.49,89.44,89.485,1000,0
2016-06-24,21:45:00,89.464,89.52,89.464,89.52,850,0
2016-06-24,21:50:00,89.38,89.52,89.36,89.52,800,0
2016-06-24,21:55:00,89.51,89.84,89.51,89.58,2800,0
2016-06-24,22:00:00,89.72,89.72,89.5,89.55,2400,0
2016-06-27,15:35:00,88.79,88.79,88.79,88.79,524,0
2016-06-27,15:40:00,88.727,88.97,88.7101,88.97,1013,0
2016-06-27,15:45:00,88.74,88.75,88.74,88.75,200,0
2016-06-27,15:55:00,88.892,88.892,88.86,88.86,300,0
2016-06-27,16:10:00,88.94,88.95,88.91,88.91,700,0
2016-06-27,16:15:00,88.91,89.0099,88.91,89.0099,200,0
2016-06-27,16:20:00,88.915,88.915,88.91,88.91,490,0
2016-06-27,16:25:00,88.82,89.008,88.82,88.96,350,0
2016-06-27,16:40:00,88.86,88.86,88.86,88.86,121,0
2016-06-27,17:00:00,88.57,88.745,88.57,88.745,200,0
2016-06-27,17:05:00,88.6881,88.6881,88.6881,88.6881,100,0
2016-06-27,17:15:00,88.5419,88.5419,88.5,88.51,1145,0
2016-06-27,17:20:00,88.5613,88.5613,88.5613,88.5613,100,0
2016-06-27,17:25:00,88.6278,88.6278,88.6278,88.6278,100,0
2016-06-27,17:40:00,88.75,88.97,88.621,88.621,649,0
2016-06-27,18:00:00,88.83,88.865,88.78,88.78,300,0
2016-06-27,18:15:00,88.835,88.835,88.835,88.835,200,0
2016-06-27,18:30:00,88.8221,88.8221,88.8221,88.8221,200,0
2016-06-27,18:40:00,88.61,88.61,88.61,88.61,100,0
2016-06-27,19:00:00,88.65,88.65,88.65,88.65,300,0
2016-06-27,19:10:00,88.6854,88.6854,88.6854,88.6854,115,0
2016-06-27,19:25:00,88.7538,88.7538,88.7538,88.7538,100,0
2016-06-27,19:35:00,88.73,88.73,88.73,88.73,100,0
2016-06-27,20:00:00,88.7156,88.72,88.7156,88.72,253,0
2016-06-27,20:10:00,88.63,88.63,88.63,88.63,100,0
2016-06-27,20:40:00,88.6215,88.6215,88.6215,88.6215,100,0
2016-06-27,20:55:00,88.62,88.62,88.62,88.62,100,0
2016-06-27,21:00:00,88.555,88.555,88.555,88.555,100,0
2016-06-27,21:25:00,88.55,88.55,88.55,88.55,100,0
2016-06-27,21:30:00,88.65,88.67,88.65,88.67,1084,0
2016-06-27,21:35:00,88.48,88.48,88.45,88.45,200,0
2016-06-27,21:45:00,88.5115,88.5115,88.5115,88.5115,170,0
2016-06-27,21:55:00,88.48,88.48,88.48,88.48,100,0
2016-06-27,22:00:00,88.59,88.79,88.555,88.78,1600,0
2016-06-28,15:35:00,89.87,89.95,89.87,89.88,841,0
2016-06-28,15:45:00,89.88,89.88,89.88,89.88,500,0
2016-06-28,15:50:00,89.85,89.85,89.85,89.85,100,0
2016-06-28,16:30:00,89.91,89.92,89.88,89.92,300,0
2016-06-28,16:35:00,89.833,89.833,89.82,89.82,300,0
2016-06-28,16:45:00,89.99,89.99,89.99,89.99,100,0
2016-06-28,16:50:00,89.9734,89.9734,89.9734,89.9734,100,0
2016-06-28,16:55:00,89.865,89.865,89.865,89.865,100,0
2016-06-28,17:10:00,89.76,89.76,89.72,89.72,200,0
2016-06-28,17:20:00,89.67,89.67,89.57,89.57,300,0
2016-06-28,17:50:00,89.64,89.64,89.64,89.64,100,0
2016-06-28,17:55:00,89.61,89.61,89.61,89.61,100,0
2016-06-28,18:05:00,89.61,89.61,89.61,89.61,100,0
2016-06-28,18:10:00,89.57,89.57,89.57,89.57,100,0
2016-06-28,18:20:00,89.6126,89.6126,89.6126,89.6126,150,0
2016-06-28,18:30:00,89.6713,89.6713,89.54,89.54,300,0
2016-06-28,19:50:00,89.69,89.69,89.69,89.69,100,0
2016-06-28,20:20:00,89.61,89.7,89.5,89.5,7200,0
2016-06-28,20:25:00,89.5,89.5,89.5,89.5,200,0
2016-06-28,20:30:00,89.7,89.7,89.7,89.7,100,0
2016-06-28,20:35:00,89.53,89.53,89.53,89.53,100,0
2016-06-28,20:55:00,89.71,89.74,89.71,89.74,300,0
2016-06-28,21:05:00,89.6,89.6,89.53,89.56,400,0
2016-06-28,21:10:00,89.78,89.78,89.78,89.78,1000,0
2016-06-28,21:20:00,89.65,89.65,89.65,89.65,100,0
2016-06-28,21:25:00,89.73,89.73,89.73,89.73,100,0
2016-06-28,21:30:00,89.78,89.78,89.77,89.77,1000,0
2016-06-28,21:35:00,89.6801,89.6801,89.6801,89.6801,184,0
2016-06-28,21:40:00,89.86,89.86,89.77,89.77,200,0
2016-06-28,21:45:00,89.92,90.02,89.92,90.02,600,0
2016-06-28,21:50:00,90.06,90.06,90.06,90.06,200,0
2016-06-28,21:55:00,89.93,90.07,89.93,90.0263,500,0
2016-06-28,22:00:00,90.06,90.14,90.06,90.13,1610,0
2016-06-29,15:35:00,89.78,89.78,89.56,89.67,2776,0
2016-06-29,15:40:00,89.81,89.83,89.81,89.83,200,0
2016-06-29,15:45:00,89.86,89.89,89.8,89.89,400,0
2016-06-29,16:00:00,90.04,90.04,89.95,89.95,250,0
2016-06-29,16:15:00,89.9,89.9,89.9,89.9,100,0
2016-06-29,16:20:00,89.96,90.116,89.96,90.08,300,0
2016-06-29,16:25:00,90.016,90.05,90.016,90.05,375,0
2016-06-29,17:10:00,89.98,89.98,89.91,89.91,300,0
2016-06-29,17:15:00,89.9,89.9,89.9,89.9,400,0
2016-06-29,17:45:00,89.94,89.94,89.94,89.94,100,0
2016-06-29,17:50:00,89.94,89.95,89.94,89.95,300,0
2016-06-29,18:10:00,89.9538,89.9538,89.9538,89.9538,200,0
2016-06-29,18:20:00,90.0585,90.0585,90.0585,90.0585,100,0
2016-06-29,18:45:00,90.05,90.39,89.95,90.39,1250,0
2016-06-29,18:50:00,90.2097,90.2097,90.0998,90.0998,200,0
2016-06-29,18:55:00,89.98,89.98,89.95,89.95,700,0
2016-06-29,19:00:00,90.0313,90.0313,90.0313,90.0313,130,0
2016-06-29,19:15:00,89.883,90.2595,89.79,90.148,7000,0
2016-06-29,19:20:00,90.1001,90.1001,89.9285,89.9285,900,0
2016-06-29,19:50:00,89.82,89.83,89.82,89.825,816,0
2016-06-29,20:05:00,89.83,89.88,89.83,89.88,300,0
2016-06-29,20:10:00,89.8217,89.8217,89.8217,89.8217,180,0
2016-06-29,20:15:00,89.88,89.88,89.88,89.88,200,0
2016-06-29,20:20:00,89.81,89.81,89.81,89.81,100,0
2016-06-29,20:45:00,89.81,90.275,89.81,90.275,300,0
2016-06-29,21:00:00,89.8084,89.8084,89.8084,89.8084,150,0
2016-06-29,21:25:00,89.71,89.71,89.7,89.7,200,0
2016-06-29,21:35:00,89.734,89.734,89.734,89.734,200,0
2016-06-29,21:45:00,89.76,89.76,89.76,89.76,452,0
2016-06-29,21:55:00,90,90.04,89.92,90.04,913,0
2016-06-29,22:00:00,89.96,89.96,89.83,89.83,843,0
2016-06-30,15:35:00,90.44,90.44,90.44,90.44,437,0
2016-06-30,15:45:00,90.4,90.4,90.4,90.4,100,0
2016-06-30,15:55:00,90.4489,90.4489,90.41,90.41,200,0
2016-06-30,16:00:00,90.53,90.53,90.53,90.53,100,0
2016-06-30,16:10:00,90.6,90.6,90.6,90.6,100,0
2016-06-30,16:25:00,90.61,90.61,90.61,90.61,100,0
2016-06-30,16:40:00,90.98,90.98,90.98,90.98,100,0
2016-06-30,16:45:00,91.01,91.01,91.01,91.01,300,0
2016-06-30,16:50:00,91.04,91.05,91.04,91.05,200,0
2016-06-30,17:10:00,91.04,91.04,91,91,300,0
2016-06-30,17:30:00,90.9,90.9,90.9,90.9,100,0
2016-06-30,17:40:00,90.84,90.84,90.84,90.84,100,0
2016-06-30,19:35:00,90.84,90.84,90.84,90.84,100,0
2016-06-30,20:15:00,91.18,91.18,91.18,91.18,100,0
2016-06-30,20:35:00,90.98,90.99,90.98,90.99,200,0
2016-06-30,20:40:00,91.09,91.09,91.09,91.09,100,0
2016-06-30,21:15:00,90.88,91.08,90.88,91.0174,816,0
2016-06-30,21:20:00,91.1,91.1,90.84,90.84,411,0
2016-06-30,21:35:00,91.075,91.08,91.075,91.08,300,0
2016-06-30,21:40:00,91.08,91.08,91.08,91.08,100,0
2016-06-30,21:50:00,91.04,91.04,91.04,91.04,100,0
2016-06-30,21:55:00,91.02,91.05,90.9,90.9,1200,0
2016-06-30,22:00:00,90.96,91.01,90.95,90.95,3104,0
2016-07-01,15:35:00,91.42,91.42,91.42,91.42,257,0
2016-07-01,15:40:00,91.28,91.3,91.28,91.28,680,0
2016-07-01,15:50:00,91.27,91.27,91.27,91.27,100,0
2016-07-01,15:55:00,91.32,91.32,91.32,91.32,100,0
2016-07-01,16:15:00,91.31,91.31,91.31,91.31,100,0
2016-07-01,16:40:00,91.3,91.3,91.3,91.3,300,0
2016-07-01,16:45:00,91.266,91.266,91.266,91.266,175,0
2016-07-01,17:45:00,91.0619,91.0619,91.0619,91.0619,400,0
2016-07-01,17:50:00,91.0505,91.0505,91.0505,91.0505,125,0
2016-07-01,18:00:00,91.0048,91.0048,91.0048,91.0048,150,0
2016-07-01,19:30:00,91.01,91.01,91.01,91.01,100,0
2016-07-01,19:35:00,91,91,91,91,400,0
2016-07-01,20:45:00,90.8401,90.8401,90.8401,90.8401,236,0
2016-07-01,20:55:00,90.93,90.93,90.93,90.93,315,0
2016-07-01,21:15:00,90.9,90.985,90.89,90.985,400,0
2016-07-01,21:30:00,90.9614,90.9614,90.9614,90.9614,100,0
2016-07-01,21:55:00,91.06,91.06,91.06,91.06,100,0
2016-07-01,22:00:00,91.08,91.27,91.08,91.27,200,0
