Date,Time,Open,High,Low,Close,Volume,OpenInt
2016-06-16,15:35:00,4.77,4.79,4.77,4.78,9841,0
2016-06-16,15:40:00,4.77,4.78,4.73,4.7301,27028,0
2016-06-16,15:45:00,4.74,4.74,4.71,4.7115,25329,0
2016-06-16,15:50:00,4.71,4.75,4.71,4.73,13652,0
2016-06-16,15:55:00,4.738,4.76,4.73,4.76,23160,0
2016-06-16,16:00:00,4.77,4.77,4.76,4.76,1900,0
2016-06-16,16:05:00,4.76,4.77,4.75,4.75,19459,0
2016-06-16,16:10:00,4.75,4.75,4.71,4.72,20823,0
2016-06-16,16:15:00,4.72,4.74,4.72,4.7399,11489,0
2016-06-16,16:20:00,4.73,4.73,4.7125,4.715,14588,0
2016-06-16,16:25:00,4.715,4.725,4.71,4.72,25400,0
2016-06-16,16:30:00,4.72,4.73,4.72,4.72,3900,0
2016-06-16,16:35:00,4.7201,4.725,4.71,4.72,16625,0
2016-06-16,16:40:00,4.72,4.73,4.715,4.728,6055,0
2016-06-16,16:45:00,4.73,4.73,4.72,4.72,4103,0
2016-06-16,16:50:00,4.73,4.73,4.725,4.725,500,0
2016-06-16,16:55:00,4.73,4.73,4.72,4.72,9975,0
2016-06-16,17:00:00,4.72,4.73,4.72,4.725,9300,0
2016-06-16,17:05:00,4.72,4.73,4.72,4.72,3600,0
2016-06-16,17:10:00,4.72,4.7269,4.72,4.725,4200,0
2016-06-16,17:15:00,4.72,4.7299,4.72,4.725,2700,0
2016-06-16,17:20:00,4.72,4.73,4.72,4.725,500,0
2016-06-16,17:25:00,4.72,4.75,4.72,4.75,19580,0
2016-06-16,17:30:00,4.7462,4.75,4.745,4.75,1300,0
2016-06-16,17:35:00,4.745,4.75,4.74,4.7426,4833,0
2016-06-16,17:40:00,4.75,4.75,4.74,4.75,3100,0
2016-06-16,17:45:00,4.7424,4.75,4.74,4.745,12301,0
2016-06-16,17:50:00,4.745,4.75,4.74,4.75,1750,0
2016-06-16,17:55:00,4.75,4.75,4.745,4.745,600,0
2016-06-16,18:00:00,4.745,4.7499,4.745,4.745,1500,0
2016-06-16,18:05:00,4.75,4.75,4.745,4.7499,774,0
2016-06-16,18:10:00,4.745,4.75,4.7401,4.75,2641,0
2016-06-16,18:15:00,4.745,4.75,4.74,4.74,2800,0
2016-06-16,18:20:00,4.745,4.75,4.74,4.74,900,0
2016-06-16,18:25:00,4.74,4.75,4.74,4.745,3972,0
2016-06-16,18:30:00,4.745,4.75,4.745,4.75,300,0
2016-06-16,18:35:00,4.7499,4.75,4.7401,4.745,4000,0
2016-06-16,18:40:00,4.7489,4.75,4.74,4.745,3123,0
2016-06-16,18:45:00,4.7499,4.77,4.7489,4.77,13431,0
2016-06-16,18:50:00,4.765,4.77,4.765,4.765,900,0
2016-06-16,18:55:00,4.765,4.77,4.76,4.77,3600,0
2016-06-16,19:00:00,4.7601,4.77,4.7601,4.77,3000,0
2016-06-16,19:05:00,4.76,4.79,4.76,4.79,5600,0
2016-06-16,19:10:00,4.785,4.79,4.78,4.785,4800,0
2016-06-16,19:15:00,4.785,4.79,4.76,4.765,15021,0
2016-06-16,19:20:00,4.76,4.77,4.76,4.77,2200,0
2016-06-16,19:25:00,4.76,4.77,4.76,4.77,3733,0
2016-06-16,19:30:00,4.77,4.77,4.765,4.77,5914,0
2016-06-16,19:35:00,4.77,4.775,4.765,4.765,900,0
2016-06-16,19:40:00,4.7624,4.77,4.7624,4.765,1200,0
2016-06-16,19:45:00,4.7667,4.78,4.7667,4.775,17359,0
2016-06-16,19:50:00,4.78,4.78,4.775,4.775,900,0
2016-06-16,19:55:00,4.77,4.7799,4.77,4.775,1105,0
2016-06-16,20:00:00,4.77,4.7733,4.77,4.7733,1505,0
2016-06-16,20:05:00,4.77,4.78,4.77,4.775,6700,0
2016-06-16,20:10:00,4.78,4.78,4.77,4.77,1200,0
2016-06-16,20:15:00,4.78,4.8,4.78,4.7972,9171,0
2016-06-16,20:20:00,4.79,4.8,4.79,4.795,6954,0
2016-06-16,20:25:00,4.8,4.8,4.79,4.8,5600,0
2016-06-16,20:30:00,4.795,4.8,4.78,4.79,6828,0
2016-06-16,20:35:00,4.785,4.79,4.78,4.79,1422,0
2016-06-16,20:40:00,4.78,4.79,4.78,4.7863,3200,0
2016-06-16,20:45:00,4.785,4.79,4.7833,4.785,2000,0
2016-06-16,20:50:00,4.79,4.79,4.78,4.7867,1400,0
2016-06-16,20:55:00,4.7842,4.79,4.78,4.79,2760,0
2016-06-16,21:00:00,4.79,4.79,4.79,4.79,400,0
2016-06-16,21:05:00,4.79,4.79,4.7818,4.7818,550,0
2016-06-16,21:10:00,4.78,4.79,4.78,4.785,7300,0
2016-06-16,21:15:00,4.79,4.79,4.78,4.78,1200,0
2016-06-16,21:20:00,4.79,4.79,4.78,4.78,15885,0
2016-06-16,21:25:00,4.785,4.79,4.78,4.79,1500,0
2016-06-16,21:30:00,4.79,4.8,4.79,4.8,2000,0
2016-06-16,21:35:00,4.795,4.8,4.79,4.795,4823,0
2016-06-16,21:40:00,4.8,4.8,4.79,4.79,2100,0
2016-06-16,21:45:00,4.79,4.8,4.79,4.79,1850,0
2016-06-16,21:50:00,4.795,4.7958,4.78,4.78,14179,0
2016-06-16,21:55:00,4.78,4.79,4.78,4.78,6696,0
2016-06-16,22:00:00,4.785,4.79,4.78,4.78,32589,0
2016-06-17,15:35:00,4.77,4.81,4.77,4.81,11198,0
2016-06-17,15:40:00,4.8,4.81,4.79,4.8,5840,0
2016-06-17,15:45:00,4.8,4.82,4.8,4.815,2200,0
2016-06-17,15:50:00,4.815,4.815,4.81,4.81,4829,0
2016-06-17,15:55:00,4.81,4.83,4.81,4.82,5467,0
2016-06-17,16:00:00,4.8239,4.8239,4.81,4.81,520,0
2016-06-17,16:05:00,4.815,4.85,4.81,4.81,18105,0
2016-06-17,16:10:00,4.82,4.82,4.815,4.82,5700,0
2016-06-17,16:15:00,4.82,4.83,4.82,4.83,9067,0
2016-06-17,16:20:00,4.825,4.83,4.825,4.825,1600,0
2016-06-17,16:25:00,4.83,4.83,4.8293,4.8293,200,0
2016-06-17,16:35:00,4.82,4.83,4.795,4.83,43844,0
2016-06-17,16:40:00,4.82,4.83,4.82,4.83,5359,0
2016-06-17,16:50:00,4.8235,4.84,4.8235,4.84,3526,0
2016-06-17,16:55:00,4.835,4.84,4.83,4.835,1940,0
2016-06-17,17:00:00,4.835,4.84,4.83,4.835,4150,0
2016-06-17,17:05:00,4.83,4.8375,4.83,4.835,2880,0
2016-06-17,17:10:00,4.83,4.835,4.83,4.835,1400,0
2016-06-17,17:15:00,4.835,4.835,4.79,4.7975,25945,0
2016-06-17,17:20:00,4.795,4.795,4.79,4.79,200,0
2016-06-17,17:25:00,4.795,4.795,4.795,4.795,200,0
2016-06-17,17:30:00,4.79,4.79,4.79,4.79,542,0
2016-06-17,17:35:00,4.79,4.7988,4.785,4.7933,2997,0
2016-06-17,17:40:00,4.8,4.8,4.7989,4.7989,300,0
2016-06-17,17:45:00,4.8,4.81,4.795,4.795,9679,0
2016-06-17,17:50:00,4.795,4.7961,4.79,4.795,6861,0
2016-06-17,17:55:00,4.795,4.795,4.79,4.79,4908,0
2016-06-17,18:05:00,4.7901,4.7901,4.7901,4.7901,1000,0
2016-06-17,18:10:00,4.795,4.795,4.79,4.79,2500,0
2016-06-17,18:15:00,4.8,4.8,4.79,4.79,3100,0
2016-06-17,18:20:00,4.79,4.795,4.78,4.785,1300,0
2016-06-17,18:30:00,4.79,4.805,4.79,4.8,5300,0
2016-06-17,18:35:00,4.799,4.7999,4.799,4.7999,1187,0
2016-06-17,18:40:00,4.8,4.8,4.795,4.8,4869,0
2016-06-17,18:45:00,4.795,4.81,4.795,4.805,9657,0
2016-06-17,18:50:00,4.81,4.81,4.81,4.81,300,0
2016-06-17,18:55:00,4.808,4.808,4.8035,4.8035,1300,0
2016-06-17,19:05:00,4.81,4.81,4.81,4.81,300,0
2016-06-17,19:10:00,4.81,4.81,4.8099,4.8099,200,0
2016-06-17,19:15:00,4.805,4.805,4.8035,4.8035,825,0
2016-06-17,19:25:00,4.81,4.81,4.81,4.81,100,0
2016-06-17,19:30:00,4.8099,4.81,4.8,4.81,3100,0
2016-06-17,19:35:00,4.8099,4.82,4.8004,4.8199,29157,0
2016-06-17,19:40:00,4.82,4.82,4.8101,4.82,1950,0
2016-06-17,19:45:00,4.815,4.82,4.81,4.815,1800,0
2016-06-17,19:50:00,4.81,4.825,4.81,4.8199,11367,0
2016-06-17,19:55:00,4.81,4.82,4.81,4.82,4900,0
2016-06-17,20:00:00,4.82,4.82,4.815,4.8162,4500,0
2016-06-17,20:05:00,4.82,4.83,4.82,4.8293,4768,0
2016-06-17,20:10:00,4.825,4.825,4.8226,4.825,2779,0
2016-06-17,20:15:00,4.826,4.83,4.82,4.83,1255,0
2016-06-17,20:20:00,4.83,4.83,4.8286,4.8299,920,0
2016-06-17,20:25:00,4.8299,4.83,4.8299,4.83,2200,0
2016-06-17,20:30:00,4.83,4.85,4.8233,4.85,12379,0
2016-06-17,20:35:00,4.8475,4.85,4.8475,4.85,500,0
2016-06-17,20:40:00,4.8463,4.8463,4.8463,4.8463,1000,0
2016-06-17,20:45:00,4.85,4.85,4.85,4.85,3625,0
2016-06-17,20:50:00,4.85,4.87,4.8499,4.87,20523,0
2016-06-17,20:55:00,4.87,4.87,4.862,4.862,1648,0
2016-06-17,21:00:00,4.8686,4.87,4.8636,4.87,2734,0
2016-06-17,21:05:00,4.8636,4.87,4.8601,4.8665,5445,0
2016-06-17,21:10:00,4.87,4.87,4.865,4.8688,9987,0
2016-06-17,21:15:00,4.87,4.87,4.86,4.87,6300,0
2016-06-17,21:20:00,4.87,4.87,4.8601,4.8601,6141,0
2016-06-17,21:25:00,4.865,4.87,4.86,4.8601,1500,0
2016-06-17,21:30:00,4.87,4.87,4.85,4.855,10857,0
2016-06-17,21:35:00,4.85,4.86,4.84,4.84,4100,0
2016-06-17,21:40:00,4.84,4.845,4.83,4.83,21293,0
2016-06-17,21:45:00,4.83,4.8362,4.81,4.83,35649,0
2016-06-17,21:50:00,4.83,4.8363,4.8225,4.8363,18908,0
2016-06-17,21:55:00,4.83,4.83,4.795,4.805,68481,0
2016-06-17,22:00:00,4.805,4.82,4.8,4.81,203575,0
2016-06-20,15:35:00,4.85,4.9,4.848,4.8999,30059,0
2016-06-20,15:40:00,4.8999,4.91,4.89,4.9075,56821,0
2016-06-20,15:45:00,4.91,4.935,4.9099,4.9165,39754,0
2016-06-20,15:50:00,4.91,4.911,4.9,4.911,12103,0
2016-06-20,15:55:00,4.9101,4.92,4.91,4.91,2570,0
2016-06-20,16:00:00,4.92,4.92,4.91,4.915,12150,0
2016-06-20,16:05:00,4.91,4.92,4.91,4.92,32860,0
2016-06-20,16:10:00,4.9168,4.925,4.9118,4.9118,7700,0
2016-06-20,16:15:00,4.92,4.93,4.92,4.9299,5725,0
2016-06-20,16:20:00,4.9201,4.9493,4.9201,4.9493,15802,0
2016-06-20,16:25:00,4.948,4.95,4.93,4.935,11390,0
2016-06-20,16:30:00,4.93,4.93,4.93,4.93,500,0
2016-06-20,16:35:00,4.93,4.94,4.93,4.935,4323,0
2016-06-20,16:40:00,4.93,4.94,4.93,4.93,2394,0
2016-06-20,16:45:00,4.93,4.94,4.92,4.92,8900,0
2016-06-20,16:50:00,4.92,4.92,4.9,4.91,14664,0
2016-06-20,16:55:00,4.906,4.91,4.9,4.9,6061,0
2016-06-20,17:00:00,4.9,4.91,4.9,4.9,2205,0
2016-06-20,17:05:00,4.9,4.91,4.9,4.9,2500,0
2016-06-20,17:10:00,4.91,4.91,4.9,4.9,6300,0
2016-06-20,17:15:00,4.9,4.91,4.88,4.8899,15276,0
2016-06-20,17:20:00,4.88,4.8899,4.88,4.88,7200,0
2016-06-20,17:25:00,4.88,4.89,4.87,4.87,14700,0
2016-06-20,17:30:00,4.87,4.88,4.87,4.87,2700,0
2016-06-20,17:35:00,4.875,4.88,4.87,4.87,1500,0
2016-06-20,17:40:00,4.87,4.88,4.87,4.88,4700,0
2016-06-20,17:45:00,4.89,4.89,4.89,4.89,200,0
2016-06-20,17:50:00,4.884,4.89,4.88,4.88,5533,0
2016-06-20,17:55:00,4.88,4.885,4.87,4.875,3320,0
2016-06-20,18:00:00,4.87,4.88,4.87,4.88,7900,0
2016-06-20,18:05:00,4.8839,4.89,4.8839,4.885,711,0
2016-06-20,18:10:00,4.885,4.89,4.88,4.885,900,0
2016-06-20,18:15:00,4.88,4.88,4.87,4.87,1300,0
2016-06-20,18:20:00,4.87,4.875,4.87,4.87,900,0
2016-06-20,18:25:00,4.87,4.88,4.87,4.87,3400,0
2016-06-20,18:30:00,4.87,4.88,4.87,4.87,900,0
2016-06-20,18:35:00,4.88,4.88,4.87,4.88,8800,0
2016-06-20,18:40:00,4.87,4.88,4.87,4.87,5765,0
2016-06-20,18:45:00,4.87,4.88,4.87,4.87,7848,0
2016-06-20,18:50:00,4.87,4.88,4.87,4.87,1200,0
2016-06-20,18:55:00,4.87,4.88,4.87,4.88,4800,0
2016-06-20,19:00:00,4.875,4.88,4.87,4.875,3354,0
2016-06-20,19:05:00,4.88,4.88,4.87,4.88,1400,0
2016-06-20,19:10:00,4.872,4.88,4.87,4.87,5400,0
2016-06-20,19:15:00,4.88,4.88,4.87,4.87,10626,0
2016-06-20,19:20:00,4.87,4.8799,4.87,4.87,3285,0
2016-06-20,19:25:00,4.87,4.87,4.87,4.87,1300,0
2016-06-20,19:30:00,4.87,4.879,4.87,4.87,1650,0
2016-06-20,19:35:00,4.87,4.88,4.85,4.85,15628,0
2016-06-20,19:40:00,4.85,4.87,4.85,4.87,11380,0
2016-06-20,19:45:00,4.87,4.88,4.87,4.88,6100,0
2016-06-20,19:50:00,4.8799,4.88,4.871,4.871,650,0
2016-06-20,19:55:00,4.8799,4.88,4.87,4.87,5900,0
2016-06-20,20:00:00,4.87,4.88,4.87,4.87,3100,0
2016-06-20,20:05:00,4.875,4.88,4.87,4.8735,17154,0
2016-06-20,20:10:00,4.875,4.875,4.86,4.865,7400,0
2016-06-20,20:15:00,4.87,4.88,4.86,4.88,14155,0
2016-06-20,20:20:00,4.875,4.88,4.87,4.88,10064,0
2016-06-20,20:25:00,4.88,4.88,4.87,4.88,2900,0
2016-06-20,20:30:00,4.87,4.88,4.87,4.87,7255,0
2016-06-20,20:35:00,4.87,4.87,4.86,4.86,1000,0
2016-06-20,20:40:00,4.865,4.87,4.86,4.86,3367,0
2016-06-20,20:45:00,4.8666,4.869,4.86,4.86,17000,0
2016-06-20,20:50:00,4.86,4.87,4.86,4.86,10946,0
2016-06-20,20:55:00,4.865,4.8671,4.86,4.86,1765,0
2016-06-20,21:00:00,4.86,4.87,4.86,4.86,9166,0
2016-06-20,21:05:00,4.87,4.87,4.86,4.86,5350,0
2016-06-20,21:10:00,4.86,4.89,4.86,4.881,11273,0
2016-06-20,21:15:00,4.88,4.89,4.88,4.89,4669,0
2016-06-20,21:20:00,4.885,4.89,4.88,4.88,3281,0
2016-06-20,21:25:00,4.88,4.89,4.88,4.8837,7200,0
2016-06-20,21:30:00,4.88,4.89,4.88,4.88,7110,0
2016-06-20,21:35:00,4.88,4.89,4.88,4.89,6834,0
2016-06-20,21:40:00,4.89,4.89,4.88,4.884,4028,0
2016-06-20,21:45:00,4.88,4.89,4.87,4.87,33340,0
2016-06-20,21:50:00,4.87,4.875,4.86,4.86,9576,0
2016-06-20,21:55:00,4.86,4.865,4.85,4.86,40208,0
2016-06-20,22:00:00,4.865,4.87,4.85,4.85,78531,0
2016-06-21,15:35:00,4.85,4.89,4.83,4.8501,17423,0
2016-06-21,15:40:00,4.85,4.8799,4.85,4.8728,3620,0
2016-06-21,15:45:00,4.863,4.875,4.85,4.87,9854,0
2016-06-21,15:50:00,4.87,4.87,4.86,4.865,5854,0
2016-06-21,15:55:00,4.865,4.8669,4.86,4.86,9500,0
2016-06-21,16:00:00,4.8699,4.875,4.86,4.8625,1790,0
2016-06-21,16:05:00,4.865,4.87,4.86,4.86,1844,0
2016-06-21,16:10:00,4.86,4.86,4.86,4.86,400,0
2016-06-21,16:15:00,4.865,4.88,4.865,4.87,2446,0
2016-06-21,16:20:00,4.8713,4.875,4.87,4.87,925,0
2016-06-21,16:25:00,4.8761,4.8761,4.87,4.87,8722,0
2016-06-21,16:30:00,4.87,4.88,4.87,4.87,7100,0
2016-06-21,16:35:00,4.875,4.879,4.87,4.875,1900,0
2016-06-21,16:40:00,4.875,4.88,4.87,4.875,500,0
2016-06-21,16:45:00,4.875,4.91,4.875,4.908,25568,0
2016-06-21,16:50:00,4.9027,4.905,4.9,4.905,8887,0
2016-06-21,16:55:00,4.91,4.92,4.91,4.915,7220,0
2016-06-21,17:00:00,4.91,4.9299,4.91,4.91,6700,0
2016-06-21,17:05:00,4.91,4.91,4.89,4.9,4300,0
2016-06-21,17:10:00,4.895,4.9,4.89,4.895,1730,0
2016-06-21,17:15:00,4.89,4.9054,4.89,4.9054,17430,0
2016-06-21,17:20:00,4.9,4.91,4.9,4.9,400,0
2016-06-21,17:25:00,4.9,4.91,4.9,4.9001,9242,0
2016-06-21,17:30:00,4.9,4.9067,4.9,4.9,1780,0
2016-06-21,17:35:00,4.905,4.91,4.9041,4.9041,1450,0
2016-06-21,17:40:00,4.9067,4.91,4.905,4.91,1230,0
2016-06-21,17:45:00,4.9001,4.91,4.9001,4.91,5400,0
2016-06-21,17:50:00,4.9,4.905,4.9,4.905,300,0
2016-06-21,17:55:00,4.9,4.9,4.895,4.895,4700,0
2016-06-21,18:00:00,4.895,4.9,4.89,4.9,2907,0
2016-06-21,18:05:00,4.895,4.9,4.89,4.8952,5861,0
2016-06-21,18:10:00,4.895,4.9,4.895,4.9,1100,0
2016-06-21,18:15:00,4.897,4.9,4.8901,4.895,4320,0
2016-06-21,18:20:00,4.892,4.905,4.892,4.8952,13100,0
2016-06-21,18:25:00,4.89,4.8963,4.89,4.8963,1010,0
2016-06-21,18:30:00,4.9,4.9,4.895,4.895,200,0
2016-06-21,18:35:00,4.9,4.9099,4.9,4.9099,4800,0
2016-06-21,18:40:00,4.9099,4.91,4.905,4.905,5600,0
2016-06-21,18:45:00,4.91,4.91,4.9001,4.9001,4200,0
2016-06-21,18:50:00,4.91,4.91,4.9,4.9,14242,0
2016-06-21,19:00:00,4.9,4.9,4.897,4.897,1071,0
2016-06-21,19:05:00,4.9,4.9,4.89,4.89,2300,0
2016-06-21,19:10:00,4.89,4.9,4.89,4.89,7267,0
2016-06-21,19:15:00,4.895,4.895,4.89,4.895,4401,0
2016-06-21,19:20:00,4.89,4.895,4.89,4.895,200,0
2016-06-21,19:25:00,4.89,4.895,4.89,4.895,650,0
2016-06-21,19:30:00,4.9,4.9,4.89,4.9,3300,0
2016-06-21,19:35:00,4.895,4.905,4.89,4.905,14278,0
2016-06-21,19:40:00,4.9036,4.91,4.9,4.91,11800,0
2016-06-21,19:45:00,4.9,4.91,4.9,4.91,2600,0
2016-06-21,19:50:00,4.91,4.91,4.9,4.9,9200,0
2016-06-21,19:55:00,4.905,4.91,4.89,4.89,12487,0
2016-06-21,20:00:00,4.895,4.9,4.891,4.9,1180,0
2016-06-21,20:05:00,4.9,4.9,4.89,4.9,2300,0
2016-06-21,20:10:00,4.9,4.9,4.895,4.9,500,0
2016-06-21,20:15:00,4.895,4.9,4.89,4.89,8408,0
2016-06-21,20:20:00,4.8915,4.9,4.89,4.9,2800,0
2016-06-21,20:25:00,4.899,4.9,4.89,4.89,2650,0
2016-06-21,20:30:00,4.9,4.9,4.9,4.9,981,0
2016-06-21,20:35:00,4.9,4.9,4.8961,4.9,498,0
2016-06-21,20:40:00,4.89,4.9,4.89,4.8934,4145,0
2016-06-21,20:45:00,4.9,4.9,4.89,4.9,405,0
2016-06-21,20:50:00,4.895,4.9,4.8942,4.895,950,0
2016-06-21,20:55:00,4.9,4.9,4.88,4.89,14029,0
2016-06-21,21:00:00,4.89,4.9,4.89,4.895,4900,0
2016-06-21,21:05:00,4.8979,4.9,4.89,4.895,4291,0
2016-06-21,21:10:00,4.8982,4.9,4.89,4.9,5460,0
2016-06-21,21:15:00,4.9,4.9,4.895,4.895,500,0
2016-06-21,21:20:00,4.895,4.9,4.8916,4.9,2500,0
2016-06-21,21:25:00,4.8984,4.91,4.895,4.91,6200,0
2016-06-21,21:30:00,4.91,4.92,4.91,4.92,3000,0
2016-06-21,21:35:00,4.91,4.92,4.905,4.905,2700,0
2016-06-21,21:40:00,4.91,4.91,4.8916,4.8916,15183,0
2016-06-21,21:45:00,4.895,4.8987,4.89,4.89,2100,0
2016-06-21,21:50:00,4.895,4.9,4.89,4.9,15621,0
2016-06-21,21:55:00,4.895,4.9,4.89,4.89,7078,0
2016-06-21,22:00:00,4.89,4.9,4.88,4.9,87944,0
2016-06-22,15:35:00,4.89,4.91,4.89,4.9,25668,0
2016-06-22,15:40:00,4.9072,4.91,4.9072,4.91,1508,0
2016-06-22,15:45:00,4.911,4.9173,4.91,4.91,3300,0
2016-06-22,15:50:00,4.91,4.9118,4.91,4.9118,2200,0
2016-06-22,15:55:00,4.91,4.92,4.91,4.92,1000,0
2016-06-22,16:00:00,4.9172,4.92,4.91,4.91,18650,0
2016-06-22,16:05:00,4.915,4.915,4.91,4.91,500,0
2016-06-22,16:10:00,4.915,4.92,4.91,4.91,10800,0
2016-06-22,16:15:00,4.9183,4.93,4.91,4.92,3804,0
2016-06-22,16:20:00,4.9235,4.9273,4.92,4.92,5139,0
2016-06-22,16:25:00,4.925,4.93,4.92,4.92,8056,0
2016-06-22,16:30:00,4.925,4.925,4.925,4.925,100,0
2016-06-22,16:35:00,4.9233,4.93,4.9197,4.9197,16708,0
2016-06-22,16:40:00,4.925,4.925,4.92,4.92,2849,0
2016-06-22,16:45:00,4.92,4.92,4.92,4.92,100,0
2016-06-22,16:50:00,4.9236,4.93,4.92,4.93,1700,0
2016-06-22,16:55:00,4.9236,4.9236,4.92,4.92,2750,0
2016-06-22,17:00:00,4.92,4.92,4.92,4.92,1513,0
2016-06-22,17:05:00,4.9212,4.925,4.92,4.9238,3200,0
2016-06-22,17:10:00,4.925,4.93,4.925,4.93,1400,0
2016-06-22,17:15:00,4.925,4.93,4.9236,4.93,7640,0
2016-06-22,17:20:00,4.925,4.9299,4.92,4.92,4560,0
2016-06-22,17:25:00,4.925,4.93,4.92,4.925,13112,0
2016-06-22,17:30:00,4.925,4.925,4.925,4.925,100,0
2016-06-22,17:35:00,4.925,4.93,4.925,4.93,500,0
2016-06-22,17:40:00,4.92,4.93,4.91,4.915,12246,0
2016-06-22,17:45:00,4.9183,4.9183,4.9,4.9096,11300,0
2016-06-22,17:50:00,4.91,4.91,4.9001,4.91,2437,0
2016-06-22,17:55:00,4.91,4.91,4.9,4.91,1600,0
2016-06-22,18:00:00,4.91,4.91,4.905,4.905,500,0
2016-06-22,18:05:00,4.91,4.91,4.9,4.9,1000,0
2016-06-22,18:10:00,4.9,4.9,4.9,4.9,500,0
2016-06-22,18:15:00,4.9,4.91,4.9,4.905,700,0
2016-06-22,18:20:00,4.905,4.905,4.9,4.9,1200,0
2016-06-22,18:25:00,4.9,4.91,4.88,4.88,21826,0
2016-06-22,18:30:00,4.885,4.89,4.8802,4.8826,600,0
2016-06-22,18:35:00,4.88,4.8899,4.88,4.8899,2900,0
2016-06-22,18:40:00,4.89,4.89,4.89,4.89,2600,0
2016-06-22,18:45:00,4.9,4.9,4.895,4.8968,554,0
2016-06-22,18:50:00,4.89,4.89,4.88,4.88,15480,0
2016-06-22,18:55:00,4.8884,4.8884,4.88,4.88,9600,0
2016-06-22,19:00:00,4.89,4.89,4.88,4.88,200,0
2016-06-22,19:05:00,4.88,4.88,4.88,4.88,100,0
2016-06-22,19:10:00,4.89,4.89,4.88,4.8894,1355,0
2016-06-22,19:15:00,4.88,4.885,4.88,4.885,6340,0
2016-06-22,19:20:00,4.885,4.885,4.885,4.885,100,0
2016-06-22,19:25:00,4.8871,4.89,4.8871,4.89,336,0
2016-06-22,19:30:00,4.8899,4.8899,4.88,4.88,1200,0
2016-06-22,19:35:00,4.8801,4.89,4.8801,4.89,550,0
2016-06-22,19:40:00,4.89,4.89,4.88,4.8801,2006,0
2016-06-22,19:45:00,4.8801,4.89,4.88,4.885,3506,0
2016-06-22,19:50:00,4.88,4.88,4.88,4.88,100,0
2016-06-22,19:55:00,4.88,4.89,4.88,4.8861,2392,0
2016-06-22,20:00:00,4.8894,4.8899,4.8894,4.8899,2275,0
2016-06-22,20:05:00,4.8899,4.8899,4.8899,4.8899,4040,0
2016-06-22,20:10:00,4.88,4.89,4.88,4.88,3375,0
2016-06-22,20:15:00,4.88,4.9,4.88,4.9,12617,0
2016-06-22,20:20:00,4.9,4.9,4.9,4.9,400,0
2016-06-22,20:25:00,4.8964,4.9,4.89,4.8915,3939,0
2016-06-22,20:30:00,4.9,4.9,4.893,4.9,1167,0
2016-06-22,20:35:00,4.9,4.9,4.89,4.9,19710,0
2016-06-22,20:40:00,4.9,4.9,4.89,4.89,760,0
2016-06-22,20:45:00,4.9,4.9,4.89,4.895,4547,0
2016-06-22,20:50:00,4.9,4.9,4.89,4.9,2600,0
2016-06-22,20:55:00,4.8936,4.9,4.89,4.9,3222,0
2016-06-22,21:00:00,4.891,4.9,4.89,4.895,5200,0
2016-06-22,21:05:00,4.9,4.9,4.8968,4.8968,450,0
2016-06-22,21:10:00,4.9,4.9,4.9,4.9,7800,0
2016-06-22,21:15:00,4.8984,4.9,4.895,4.9,9760,0
2016-06-22,21:20:00,4.9,4.9,4.9,4.9,1100,0
2016-06-22,21:25:00,4.9,4.905,4.895,4.9,12350,0
2016-06-22,21:30:00,4.9,4.9,4.895,4.9,14785,0
2016-06-22,21:35:00,4.89,4.89,4.89,4.89,200,0
2016-06-22,21:40:00,4.899,4.9,4.8978,4.9,5700,0
2016-06-22,21:45:00,4.8968,4.9,4.895,4.9,2000,0
2016-06-22,21:50:00,4.895,4.91,4.895,4.9,12933,0
2016-06-22,21:55:00,4.9,4.91,4.89,4.91,9244,0
2016-06-22,22:00:00,4.9,4.91,4.9,4.9,27000,0
2016-06-23,15:35:00,4.95,4.9693,4.92,4.96,21397,0
2016-06-23,15:40:00,4.96,4.96,4.95,4.95,811,0
2016-06-23,15:45:00,4.95,4.9599,4.94,4.95,3140,0
2016-06-23,15:50:00,4.955,4.955,4.952,4.954,9100,0
2016-06-23,15:55:00,4.95,4.95,4.95,4.95,1879,0
2016-06-23,16:00:00,4.9462,4.955,4.9438,4.955,4156,0
2016-06-23,16:05:00,4.96,4.97,4.94,4.945,36450,0
2016-06-23,16:10:00,4.94,4.945,4.94,4.945,4900,0
2016-06-23,16:15:00,4.945,4.95,4.94,4.945,3100,0
2016-06-23,16:20:00,4.945,4.95,4.94,4.9499,7400,0
2016-06-23,16:25:00,4.945,4.945,4.94,4.94,3100,0
2016-06-23,16:30:00,4.945,4.95,4.94,4.94,4695,0
2016-06-23,16:35:00,4.945,4.95,4.945,4.945,1000,0
2016-06-23,16:40:00,4.95,4.95,4.94,4.945,1507,0
2016-06-23,16:45:00,4.94,4.945,4.94,4.94,1070,0
2016-06-23,16:50:00,4.9412,4.9499,4.935,4.935,11750,0
2016-06-23,16:55:00,4.935,4.9364,4.93,4.935,1800,0
2016-06-23,17:00:00,4.935,4.94,4.93,4.935,4450,0
2016-06-23,17:05:00,4.935,4.94,4.935,4.9358,1750,0
2016-06-23,17:10:00,4.935,4.94,4.935,4.935,1050,0
2016-06-23,17:15:00,4.935,4.94,4.9301,4.935,3927,0
2016-06-23,17:20:00,4.935,4.9399,4.935,4.935,1785,0
2016-06-23,17:25:00,4.935,4.935,4.93,4.935,1200,0
2016-06-23,17:30:00,4.935,4.94,4.935,4.94,4300,0
2016-06-23,17:35:00,4.94,4.94,4.93,4.9399,5241,0
2016-06-23,17:40:00,4.935,4.935,4.915,4.915,10597,0
2016-06-23,17:45:00,4.915,4.93,4.915,4.925,3400,0
2016-06-23,17:50:00,4.92,4.93,4.92,4.93,3028,0
2016-06-23,17:55:00,4.925,4.927,4.92,4.925,1100,0
2016-06-23,18:00:00,4.925,4.93,4.915,4.92,4850,0
2016-06-23,18:05:00,4.92,4.92,4.915,4.915,1000,0
2016-06-23,18:10:00,4.9124,4.92,4.91,4.915,2727,0
2016-06-23,18:15:00,4.919,4.92,4.91,4.91,3840,0
2016-06-23,18:20:00,4.915,4.915,4.91,4.91,1300,0
2016-06-23,18:25:00,4.91,4.91,4.91,4.91,700,0
2016-06-23,18:30:00,4.91,4.9138,4.91,4.91,2300,0
2016-06-23,18:35:00,4.92,4.92,4.91,4.91,1172,0
2016-06-23,18:40:00,4.91,4.91,4.91,4.91,628,0
2016-06-23,18:45:00,4.92,4.92,4.91,4.91,2592,0
2016-06-23,18:50:00,4.915,4.915,4.91,4.915,3272,0
2016-06-23,18:55:00,4.91,4.9199,4.91,4.915,1800,0
2016-06-23,19:00:00,4.9199,4.9199,4.91,4.91,1900,0
2016-06-23,19:05:00,4.92,4.92,4.91,4.915,5698,0
2016-06-23,19:10:00,4.915,4.915,4.91,4.91,7610,0
2016-06-23,19:15:00,4.91,4.91,4.9,4.91,1462,0
2016-06-23,19:20:00,4.905,4.91,4.9,4.91,8210,0
2016-06-23,19:25:00,4.905,4.92,4.9,4.92,19943,0
2016-06-23,19:30:00,4.915,4.92,4.91,4.92,1300,0
2016-06-23,19:35:00,4.92,4.92,4.91,4.915,5750,0
2016-06-23,19:40:00,4.915,4.915,4.91,4.91,1600,0
2016-06-23,19:45:00,4.91,4.915,4.91,4.915,2500,0
2016-06-23,19:50:00,4.91,4.92,4.91,4.913,2200,0
2016-06-23,19:55:00,4.9138,4.9199,4.91,4.9199,4154,0
2016-06-23,20:00:00,4.91,4.9199,4.91,4.91,2274,0
2016-06-23,20:05:00,4.92,4.93,4.91,4.93,11170,0
2016-06-23,20:10:00,4.92,4.9276,4.92,4.925,1869,0
2016-06-23,20:15:00,4.925,4.935,4.92,4.92,12463,0
2016-06-23,20:20:00,4.925,4.925,4.92,4.925,1250,0
2016-06-23,20:25:00,4.9229,4.93,4.92,4.92,10784,0
2016-06-23,20:30:00,4.92,4.92,4.9124,4.92,3000,0
2016-06-23,20:35:00,4.92,4.93,4.9199,4.92,4800,0
2016-06-23,20:40:00,4.92,4.94,4.92,4.935,14572,0
2016-06-23,20:45:00,4.94,4.94,4.93,4.935,3289,0
2016-06-23,20:50:00,4.94,4.94,4.93,4.935,400,0
2016-06-23,20:55:00,4.93,4.935,4.93,4.935,1044,0
2016-06-23,21:00:00,4.93,4.94,4.93,4.93,3960,0
2016-06-23,21:05:00,4.94,4.94,4.93,4.93,637,0
2016-06-23,21:10:00,4.93,4.94,4.93,4.93,8300,0
2016-06-23,21:15:00,4.93,4.94,4.93,4.93,3835,0
2016-06-23,21:20:00,4.9316,4.9399,4.93,4.93,4100,0
2016-06-23,21:25:00,4.93,4.94,4.925,4.93,10516,0
2016-06-23,21:30:00,4.9265,4.9265,4.92,4.925,824,0
2016-06-23,21:35:00,4.92,4.93,4.92,4.925,11400,0
2016-06-23,21:40:00,4.9216,4.93,4.92,4.925,14700,0
2016-06-23,21:45:00,4.93,4.93,4.92,4.925,2790,0
2016-06-23,21:50:00,4.92,4.93,4.92,4.925,3690,0
2016-06-23,21:55:00,4.93,4.94,4.92,4.9316,38722,0
2016-06-23,22:00:00,4.94,4.94,4.93,4.94,31703,0
2016-06-24,15:35:00,4.82,4.85,4.79,4.84,110833,0
2016-06-24,15:40:00,4.84,4.87,4.84,4.87,5734,0
2016-06-24,15:45:00,4.87,4.87,4.85,4.865,9561,0
2016-06-24,15:50:00,4.88,4.9,4.875,4.89,28475,0
2016-06-24,15:55:00,4.9,4.9,4.89,4.9,4690,0
2016-06-24,16:00:00,4.92,4.93,4.9,4.92,9762,0
2016-06-24,16:05:00,4.91,4.93,4.9048,4.92,11500,0
2016-06-24,16:10:00,4.925,4.96,4.92,4.96,13580,0
2016-06-24,16:15:00,4.96,4.96,4.95,4.96,19200,0
2016-06-24,16:20:00,4.97,4.97,4.961,4.97,9100,0
2016-06-24,16:25:00,4.97,4.97,4.936,4.94,11145,0
2016-06-24,16:30:00,4.94,4.97,4.9301,4.97,5700,0
2016-06-24,16:35:00,4.96,4.96,4.93,4.935,7075,0
2016-06-24,16:40:00,4.94,4.95,4.94,4.95,800,0
2016-06-24,16:45:00,4.95,4.95,4.94,4.9401,3650,0
2016-06-24,16:50:00,4.95,4.95,4.945,4.95,1800,0
2016-06-24,16:55:00,4.94,4.95,4.94,4.945,1300,0
2016-06-24,17:00:00,4.94,4.94,4.93,4.93,7138,0
2016-06-24,17:05:00,4.93,4.93,4.91,4.91,5338,0
2016-06-24,17:10:00,4.92,4.93,4.915,4.93,7400,0
2016-06-24,17:15:00,4.93,4.93,4.92,4.925,2800,0
2016-06-24,17:20:00,4.93,4.93,4.925,4.9299,600,0
2016-06-24,17:25:00,4.93,4.93,4.92,4.93,5000,0
2016-06-24,17:30:00,4.9264,4.93,4.92,4.92,1034,0
2016-06-24,17:35:00,4.92,4.93,4.92,4.925,1640,0
2016-06-24,17:40:00,4.92,4.93,4.92,4.93,5560,0
2016-06-24,17:45:00,4.9201,4.93,4.92,4.93,2400,0
2016-06-24,17:50:00,4.93,4.93,4.92,4.93,2300,0
2016-06-24,17:55:00,4.925,4.925,4.91,4.91,9331,0
2016-06-24,18:00:00,4.92,4.93,4.912,4.925,4338,0
2016-06-24,18:05:00,4.9254,4.93,4.91,4.91,5598,0
2016-06-24,18:10:00,4.914,4.92,4.914,4.915,650,0
2016-06-24,18:15:00,4.91,4.91,4.9,4.9,1600,0
2016-06-24,18:20:00,4.9075,4.9075,4.9,4.9,1200,0
2016-06-24,18:25:00,4.91,4.91,4.9033,4.9033,5300,0
2016-06-24,18:30:00,4.91,4.91,4.91,4.91,200,0
2016-06-24,18:35:00,4.9,4.91,4.9,4.9,8346,0
2016-06-24,18:40:00,4.9061,4.9061,4.9061,4.9061,150,0
2016-06-24,18:45:00,4.905,4.905,4.9,4.9,1900,0
2016-06-24,18:50:00,4.91,4.91,4.9,4.9,400,0
2016-06-24,18:55:00,4.905,4.905,4.905,4.905,1000,0
2016-06-24,19:00:00,4.91,4.91,4.9,4.9,200,0
2016-06-24,19:05:00,4.9,4.91,4.9,4.91,7352,0
2016-06-24,19:10:00,4.91,4.91,4.9,4.9,8096,0
2016-06-24,19:15:00,4.9,4.91,4.9,4.9065,9945,0
2016-06-24,19:20:00,4.91,4.91,4.91,4.91,100,0
2016-06-24,19:25:00,4.91,4.91,4.9,4.9,1312,0
2016-06-24,19:30:00,4.908,4.908,4.9,4.9,1700,0
2016-06-24,19:35:00,4.9,4.91,4.9,4.91,1419,0
2016-06-24,19:40:00,4.91,4.91,4.9,4.91,8436,0
2016-06-24,19:45:00,4.9,4.91,4.9,4.9,1400,0
2016-06-24,19:50:00,4.905,4.905,4.905,4.905,200,0
2016-06-24,19:55:00,4.91,4.91,4.9,4.905,5664,0
2016-06-24,20:00:00,4.9,4.91,4.885,4.89,10002,0
2016-06-24,20:05:00,4.897,4.9,4.89,4.9,2500,0
2016-06-24,20:10:00,4.9,4.92,4.9,4.92,38271,0
2016-06-24,20:15:00,4.92,4.92,4.91,4.92,8300,0
2016-06-24,20:20:00,4.915,4.92,4.91,4.92,1900,0
2016-06-24,20:25:00,4.91,4.92,4.91,4.92,650,0
2016-06-24,20:30:00,4.92,4.92,4.9,4.905,4276,0
2016-06-24,20:35:00,4.905,4.9075,4.9,4.9075,900,0
2016-06-24,20:40:00,4.9075,4.91,4.905,4.905,1400,0
2016-06-24,20:45:00,4.9075,4.9099,4.9,4.9099,4685,0
2016-06-24,20:50:00,4.9,4.91,4.9,4.905,3353,0
2016-06-24,20:55:00,4.905,4.91,4.9,4.905,13501,0
2016-06-24,21:00:00,4.9075,4.91,4.9,4.9,10197,0
2016-06-24,21:05:00,4.9,4.91,4.9,4.9075,300,0
2016-06-24,21:10:00,4.91,4.91,4.9,4.91,4300,0
2016-06-24,21:15:00,4.9,4.91,4.9,4.91,700,0
2016-06-24,21:20:00,4.91,4.91,4.905,4.9075,700,0
2016-06-24,21:25:00,4.9,4.9016,4.9,4.9016,6689,0
2016-06-24,21:30:00,4.9,4.9,4.88,4.89,18009,0
2016-06-24,21:35:00,4.89,4.89,4.88,4.885,12646,0
2016-06-24,21:40:00,4.89,4.89,4.8816,4.8853,2950,0
2016-06-24,21:45:00,4.89,4.89,4.88,4.89,4539,0
2016-06-24,21:50:00,4.89,4.89,4.88,4.885,3250,0
2016-06-24,21:55:00,4.88,4.89,4.88,4.88,13078,0
2016-06-24,22:00:00,4.88,4.89,4.87,4.88,21910,0
2016-06-27,15:35:00,4.85,4.8614,4.81,4.8399,32655,0
2016-06-27,15:40:00,4.8283,4.85,4.8283,4.83,2324,0
2016-06-27,15:45:00,4.83,4.83,4.8,4.8,24200,0
2016-06-27,15:50:00,4.805,4.81,4.79,4.79,7005,0
2016-06-27,15:55:00,4.795,4.8264,4.79,4.81,24398,0
2016-06-27,16:00:00,4.81,4.8199,4.8,4.8,8724,0
2016-06-27,16:05:00,4.7901,4.82,4.79,4.8,5005,0
2016-06-27,16:10:00,4.8,4.8,4.78,4.7807,10500,0
2016-06-27,16:15:00,4.79,4.7999,4.787,4.787,14300,0
2016-06-27,16:20:00,4.79,4.8,4.7899,4.8,7700,0
2016-06-27,16:25:00,4.795,4.8065,4.79,4.8,6400,0
2016-06-27,16:30:00,4.79,4.8,4.76,4.76,34760,0
2016-06-27,16:35:00,4.75,4.77,4.75,4.76,8153,0
2016-06-27,16:40:00,4.765,4.7699,4.76,4.7635,18100,0
2016-06-27,16:45:00,4.76,4.7692,4.76,4.7692,3100,0
2016-06-27,16:50:00,4.76,4.76,4.75,4.75,12023,0
2016-06-27,16:55:00,4.7575,4.76,4.75,4.7501,19701,0
2016-06-27,17:00:00,4.7599,4.7599,4.75,4.75,13950,0
2016-06-27,17:05:00,4.755,4.76,4.75,4.755,4400,0
2016-06-27,17:10:00,4.7599,4.76,4.75,4.75,1621,0
2016-06-27,17:15:00,4.76,4.76,4.72,4.7207,33550,0
2016-06-27,17:20:00,4.73,4.73,4.72,4.7299,3032,0
2016-06-27,17:25:00,4.7217,4.7301,4.7217,4.73,5020,0
2016-06-27,17:30:00,4.73,4.74,4.73,4.74,6410,0
2016-06-27,17:35:00,4.745,4.75,4.74,4.75,9785,0
2016-06-27,17:40:00,4.7465,4.75,4.745,4.75,15095,0
2016-06-27,17:45:00,4.75,4.76,4.74,4.76,9148,0
2016-06-27,17:50:00,4.7507,4.7507,4.75,4.75,1300,0
2016-06-27,17:55:00,4.74,4.75,4.74,4.748,2545,0
2016-06-27,18:00:00,4.75,4.75,4.745,4.75,5000,0
2016-06-27,18:05:00,4.745,4.75,4.74,4.745,3238,0
2016-06-27,18:10:00,4.745,4.745,4.745,4.745,100,0
2016-06-27,18:15:00,4.7485,4.7485,4.7485,4.7485,1000,0
2016-06-27,18:20:00,4.745,4.7499,4.745,4.7499,1900,0
2016-06-27,18:25:00,4.74,4.7401,4.74,4.7401,1132,0
2016-06-27,18:30:00,4.75,4.75,4.75,4.75,100,0
2016-06-27,18:35:00,4.75,4.75,4.7438,4.745,1200,0
2016-06-27,18:40:00,4.7485,4.75,4.74,4.7462,1100,0
2016-06-27,18:45:00,4.74,4.747,4.74,4.74,11920,0
2016-06-27,18:50:00,4.74,4.7482,4.74,4.7482,6300,0
2016-06-27,18:55:00,4.74,4.75,4.74,4.75,6000,0
2016-06-27,19:00:00,4.75,4.75,4.75,4.75,100,0
2016-06-27,19:05:00,4.755,4.7599,4.75,4.755,4725,0
2016-06-27,19:10:00,4.753,4.76,4.75,4.75,2059,0
2016-06-27,19:15:00,4.7564,4.76,4.75,4.75,3435,0
2016-06-27,19:20:00,4.753,4.76,4.75,4.76,2105,0
2016-06-27,19:25:00,4.753,4.753,4.743,4.743,8750,0
2016-06-27,19:30:00,4.745,4.7499,4.74,4.743,1925,0
2016-06-27,19:35:00,4.74,4.74,4.73,4.7318,11225,0
2016-06-27,19:40:00,4.74,4.76,4.7336,4.75,32887,0
2016-06-27,19:45:00,4.75,4.76,4.75,4.76,26094,0
2016-06-27,19:50:00,4.76,4.78,4.76,4.78,16010,0
2016-06-27,19:55:00,4.78,4.78,4.77,4.78,15840,0
2016-06-27,20:00:00,4.78,4.79,4.78,4.79,5900,0
2016-06-27,20:05:00,4.782,4.79,4.78,4.79,10901,0
2016-06-27,20:10:00,4.79,4.79,4.78,4.79,3600,0
2016-06-27,20:15:00,4.79,4.79,4.78,4.79,5300,0
2016-06-27,20:20:00,4.7899,4.79,4.78,4.79,1720,0
2016-06-27,20:25:00,4.7899,4.79,4.78,4.79,4611,0
2016-06-27,20:30:00,4.79,4.79,4.78,4.7864,4890,0
2016-06-27,20:35:00,4.79,4.79,4.77,4.78,15125,0
2016-06-27,20:40:00,4.77,4.77,4.76,4.765,2485,0
2016-06-27,20:45:00,4.76,4.768,4.76,4.7613,8303,0
2016-06-27,20:50:00,4.765,4.77,4.7601,4.765,1620,0
2016-06-27,20:55:00,4.77,4.77,4.765,4.765,3300,0
2016-06-27,21:00:00,4.77,4.77,4.76,4.77,2985,0
2016-06-27,21:05:00,4.77,4.77,4.763,4.77,2826,0
2016-06-27,21:10:00,4.77,4.77,4.75,4.7535,12089,0
2016-06-27,21:15:00,4.7535,4.76,4.75,4.755,2044,0
2016-06-27,21:20:00,4.75,4.75,4.74,4.74,14050,0
2016-06-27,21:25:00,4.7425,4.7463,4.74,4.745,5900,0
2016-06-27,21:30:00,4.74,4.75,4.74,4.75,2000,0
2016-06-27,21:35:00,4.745,4.75,4.74,4.745,2245,0
2016-06-27,21:40:00,4.75,4.75,4.74,4.75,3769,0
2016-06-27,21:45:00,4.7422,4.75,4.74,4.75,8093,0
2016-06-27,21:50:00,4.745,4.7534,4.74,4.75,20546,0
2016-06-27,21:55:00,4.75,4.755,4.75,4.75,5299,0
2016-06-27,22:00:00,4.75,4.76,4.75,4.75,27582,0
2016-06-28,15:35:00,4.81,4.84,4.81,4.81,26218,0
2016-06-28,15:40:00,4.81,4.81,4.78,4.7937,4209,0
2016-06-28,15:45:00,4.8,4.8199,4.79,4.8,26140,0
2016-06-28,15:50:00,4.81,4.815,4.8,4.8138,17326,0
2016-06-28,15:55:00,4.81,4.83,4.81,4.82,9500,0
2016-06-28,16:00:00,4.815,4.82,4.81,4.81,14075,0
2016-06-28,16:05:00,4.81,4.81,4.8,4.805,1010,0
2016-06-28,16:10:00,4.805,4.81,4.8,4.801,11396,0
2016-06-28,16:15:00,4.8,4.81,4.8,4.8,2300,0
2016-06-28,16:20:00,4.805,4.805,4.8,4.8,1500,0
2016-06-28,16:25:00,4.805,4.81,4.8,4.803,17800,0
2016-06-28,16:30:00,4.81,4.81,4.8,4.81,3591,0
2016-06-28,16:35:00,4.805,4.8065,4.795,4.795,11019,0
2016-06-28,16:40:00,4.79,4.795,4.79,4.79,1700,0
2016-06-28,16:45:00,4.79,4.79,4.79,4.79,2458,0
2016-06-28,16:50:00,4.795,4.8,4.79,4.79,1100,0
2016-06-28,16:55:00,4.79,4.8,4.79,4.8,4500,0
2016-06-28,17:00:00,4.79,4.79,4.78,4.78,10008,0
2016-06-28,17:05:00,4.78,4.79,4.78,4.785,4400,0
2016-06-28,17:10:00,4.785,4.79,4.78,4.785,6800,0
2016-06-28,17:15:00,4.7892,4.7892,4.78,4.78,1929,0
2016-06-28,17:20:00,4.78,4.787,4.78,4.787,3500,0
2016-06-28,17:25:00,4.78,4.7801,4.78,4.78,800,0
2016-06-28,17:30:00,4.77,4.77,4.77,4.77,400,0
2016-06-28,17:35:00,4.77,4.77,4.77,4.77,500,0
2016-06-28,17:40:00,4.77,4.7765,4.77,4.7765,1099,0
2016-06-28,17:45:00,4.7799,4.7799,4.77,4.77,1300,0
2016-06-28,17:50:00,4.78,4.78,4.77,4.775,4700,0
2016-06-28,17:55:00,4.77,4.775,4.77,4.775,1000,0
2016-06-28,18:00:00,4.7799,4.78,4.77,4.77,6180,0
2016-06-28,18:05:00,4.77,4.7766,4.77,4.7726,1651,0
2016-06-28,18:10:00,4.77,4.77,4.77,4.77,100,0
2016-06-28,18:15:00,4.7701,4.78,4.77,4.77,1400,0
2016-06-28,18:20:00,4.77,4.775,4.77,4.77,5290,0
2016-06-28,18:25:00,4.7799,4.7799,4.77,4.7765,1500,0
2016-06-28,18:30:00,4.77,4.77,4.77,4.77,300,0
2016-06-28,18:35:00,4.77,4.77,4.76,4.76,8809,0
2016-06-28,18:40:00,4.765,4.77,4.76,4.77,6683,0
2016-06-28,18:45:00,4.765,4.77,4.765,4.77,5715,0
2016-06-28,18:50:00,4.77,4.7765,4.77,4.7765,3100,0
2016-06-28,18:55:00,4.7765,4.78,4.77,4.77,800,0
2016-06-28,19:00:00,4.775,4.78,4.775,4.779,13366,0
2016-06-28,19:05:00,4.775,4.78,4.77,4.7799,950,0
2016-06-28,19:10:00,4.776,4.78,4.77,4.7799,8434,0
2016-06-28,19:15:00,4.7738,4.777,4.7735,4.777,1251,0
2016-06-28,19:20:00,4.779,4.78,4.77,4.775,10018,0
2016-06-28,19:25:00,4.7733,4.78,4.77,4.77,5058,0
2016-06-28,19:30:00,4.775,4.78,4.775,4.78,400,0
2016-06-28,19:35:00,4.7799,4.78,4.77,4.77,2929,0
2016-06-28,19:40:00,4.7765,4.7765,4.7765,4.7765,1100,0
2016-06-28,19:45:00,4.775,4.78,4.775,4.78,200,0
2016-06-28,19:50:00,4.775,4.779,4.77,4.77,3300,0
2016-06-28,19:55:00,4.775,4.8,4.775,4.79,9687,0
2016-06-28,20:00:00,4.7901,4.805,4.7901,4.8,14452,0
2016-06-28,20:05:00,4.8,4.81,4.8,4.81,3100,0
2016-06-28,20:10:00,4.805,4.81,4.8,4.8,2400,0
2016-06-28,20:15:00,4.8033,4.8033,4.79,4.7999,5000,0
2016-06-28,20:20:00,4.8,4.8,4.79,4.79,2850,0
2016-06-28,20:25:00,4.79,4.8,4.79,4.79,12550,0
2016-06-28,20:30:00,4.79,4.7915,4.79,4.79,5500,0
2016-06-28,20:35:00,4.7936,4.81,4.79,4.81,17260,0
2016-06-28,20:40:00,4.8,4.81,4.8,4.8,3380,0
2016-06-28,20:45:00,4.81,4.81,4.8,4.8,873,0
2016-06-28,20:50:00,4.8041,4.81,4.8,4.8,1211,0
2016-06-28,20:55:00,4.8,4.8035,4.8,4.8,1768,0
2016-06-28,21:00:00,4.8,4.81,4.8,4.805,2991,0
2016-06-28,21:05:00,4.8,4.805,4.8,4.8,1858,0
2016-06-28,21:10:00,4.81,4.81,4.8,4.8,4805,0
2016-06-28,21:15:00,4.8,4.82,4.8,4.815,38287,0
2016-06-28,21:20:00,4.82,4.8299,4.81,4.825,23957,0
2016-06-28,21:25:00,4.82,4.83,4.81,4.82,17364,0
2016-06-28,21:30:00,4.82,4.823,4.81,4.82,6435,0
2016-06-28,21:35:00,4.82,4.82,4.81,4.81,8884,0
2016-06-28,21:40:00,4.81,4.81,4.8,4.81,23815,0
2016-06-28,21:45:00,4.81,4.82,4.81,4.81,7007,0
2016-06-28,21:50:00,4.815,4.82,4.81,4.815,25760,0
2016-06-28,21:55:00,4.815,4.82,4.81,4.815,9278,0
2016-06-28,22:00:00,4.815,4.82,4.81,4.815,10291,0
2016-06-29,15:35:00,4.85,4.8546,4.85,4.8546,13275,0
2016-06-29,15:40:00,4.84,4.84,4.82,4.825,700,0
2016-06-29,15:45:00,4.825,4.83,4.82,4.82,800,0
2016-06-29,15:50:00,4.825,4.8299,4.82,4.82,5206,0
2016-06-29,15:55:00,4.82,4.83,4.81,4.81,4072,0
2016-06-29,16:00:00,4.815,4.82,4.81,4.81,4520,0
2016-06-29,16:05:00,4.815,4.85,4.815,4.83,6189,0
2016-06-29,16:10:00,4.835,4.86,4.835,4.86,7750,0
2016-06-29,16:15:00,4.86,4.86,4.8501,4.86,3060,0
2016-06-29,16:20:00,4.86,4.86,4.86,4.86,200,0
2016-06-29,16:25:00,4.85,4.86,4.85,4.85,5000,0
2016-06-29,16:30:00,4.85,4.85,4.85,4.85,700,0
2016-06-29,16:35:00,4.85,4.85,4.85,4.85,700,0
2016-06-29,16:40:00,4.85,4.86,4.85,4.85,1300,0
2016-06-29,16:45:00,4.85,4.8599,4.85,4.85,4719,0
2016-06-29,16:50:00,4.85,4.86,4.85,4.85,11321,0
2016-06-29,16:55:00,4.85,4.85,4.85,4.85,400,0
2016-06-29,17:00:00,4.86,4.86,4.85,4.85,8897,0
2016-06-29,17:05:00,4.85,4.8701,4.85,4.8701,32127,0
2016-06-29,17:10:00,4.88,4.88,4.86,4.87,15472,0
2016-06-29,17:15:00,4.86,4.865,4.86,4.863,1340,0
2016-06-29,17:20:00,4.865,4.865,4.86,4.86,1043,0
2016-06-29,17:25:00,4.86,4.8645,4.86,4.86,2900,0
2016-06-29,17:30:00,4.86,4.865,4.86,4.865,5557,0
2016-06-29,17:35:00,4.87,4.87,4.86,4.86,5800,0
2016-06-29,17:40:00,4.86,4.86,4.86,4.86,600,0
2016-06-29,17:45:00,4.86,4.86,4.86,4.86,843,0
2016-06-29,17:50:00,4.8601,4.865,4.86,4.865,3825,0
2016-06-29,17:55:00,4.86,4.8666,4.86,4.86,7500,0
2016-06-29,18:00:00,4.8645,4.865,4.86,4.86,675,0
2016-06-29,18:05:00,4.86,4.87,4.86,4.865,7749,0
2016-06-29,18:10:00,4.865,4.87,4.865,4.865,4500,0
2016-06-29,18:15:00,4.8628,4.865,4.86,4.86,5005,0
2016-06-29,18:20:00,4.8693,4.8693,4.86,4.86,1684,0
2016-06-29,18:25:00,4.865,4.865,4.86,4.86,6200,0
2016-06-29,18:30:00,4.87,4.87,4.86,4.8642,3110,0
2016-06-29,18:35:00,4.865,4.865,4.86,4.86,500,0
2016-06-29,18:40:00,4.86,4.8633,4.86,4.86,4700,0
2016-06-29,18:45:00,4.86,4.8601,4.86,4.86,5247,0
2016-06-29,18:50:00,4.855,4.855,4.85,4.85,2100,0
2016-06-29,18:55:00,4.8565,4.86,4.85,4.857,13400,0
2016-06-29,19:00:00,4.855,4.86,4.855,4.855,15113,0
2016-06-29,19:05:00,4.855,4.855,4.855,4.855,100,0
2016-06-29,19:10:00,4.851,4.86,4.85,4.85,7876,0
2016-06-29,19:15:00,4.85,4.86,4.85,4.85,4500,0
2016-06-29,19:20:00,4.85,4.86,4.85,4.86,2873,0
2016-06-29,19:25:00,4.85,4.86,4.85,4.85,2150,0
2016-06-29,19:30:00,4.8598,4.8598,4.85,4.85,5945,0
2016-06-29,19:35:00,4.8565,4.8576,4.85,4.857,7713,0
2016-06-29,19:40:00,4.8576,4.8576,4.85,4.8563,1530,0
2016-06-29,19:45:00,4.85,4.85,4.85,4.85,200,0
2016-06-29,19:50:00,4.85,4.855,4.85,4.85,400,0
2016-06-29,19:55:00,4.85,4.85,4.85,4.85,500,0
2016-06-29,20:00:00,4.85,4.86,4.85,4.855,1600,0
2016-06-29,20:05:00,4.8535,4.856,4.85,4.85,1850,0
2016-06-29,20:10:00,4.8599,4.8599,4.85,4.85,2000,0
2016-06-29,20:15:00,4.856,4.86,4.85,4.86,12055,0
2016-06-29,20:20:00,4.85,4.855,4.85,4.85,377,0
2016-06-29,20:25:00,4.85,4.85,4.85,4.85,100,0
2016-06-29,20:30:00,4.855,4.87,4.85,4.86,23248,0
2016-06-29,20:35:00,4.86,4.87,4.86,4.87,2480,0
2016-06-29,20:40:00,4.865,4.87,4.865,4.865,1600,0
2016-06-29,20:45:00,4.86,4.87,4.86,4.86,1100,0
2016-06-29,20:50:00,4.865,4.865,4.86,4.86,400,0
2016-06-29,20:55:00,4.865,4.865,4.86,4.863,900,0
2016-06-29,21:00:00,4.86,4.865,4.86,4.86,2100,0
2016-06-29,21:05:00,4.865,4.865,4.86,4.86,6900,0
2016-06-29,21:10:00,4.86,4.8665,4.86,4.865,3300,0
2016-06-29,21:15:00,4.86,4.87,4.86,4.86,1400,0
2016-06-29,21:20:00,4.86,4.8665,4.86,4.86,3443,0
2016-06-29,21:25:00,4.86,4.8601,4.855,4.855,28560,0
2016-06-29,21:30:00,4.851,4.855,4.85,4.855,2710,0
2016-06-29,21:35:00,4.86,4.86,4.855,4.855,3353,0
2016-06-29,21:40:00,4.86,4.86,4.855,4.855,800,0
2016-06-29,21:45:00,4.855,4.86,4.85,4.85,2106,0
2016-06-29,21:50:00,4.855,4.86,4.85,4.85,7771,0
2016-06-29,21:55:00,4.86,4.86,4.85,4.85,10457,0
2016-06-29,22:00:00,4.85,4.86,4.85,4.85,21668,0
2016-06-30,15:35:00,4.88,4.88,4.86,4.87,32145,0
2016-06-30,15:40:00,4.865,4.865,4.84,4.858,4673,0
2016-06-30,15:45:00,4.85,4.8699,4.84,4.84,8001,0
2016-06-30,15:50:00,4.85,4.86,4.84,4.855,2400,0
2016-06-30,15:55:00,4.85,4.87,4.847,4.85,11089,0
2016-06-30,16:00:00,4.845,4.86,4.8401,4.849,20070,0
2016-06-30,16:05:00,4.85,4.85,4.8486,4.85,3377,0
2016-06-30,16:10:00,4.8465,4.85,4.8465,4.85,1486,0
2016-06-30,16:15:00,4.86,4.865,4.85,4.85,1845,0
2016-06-30,16:20:00,4.855,4.875,4.855,4.8679,14991,0
2016-06-30,16:25:00,4.865,4.865,4.8562,4.8599,11815,0
2016-06-30,16:35:00,4.85,4.8591,4.85,4.85,4276,0
2016-06-30,16:40:00,4.85,4.86,4.85,4.86,300,0
2016-06-30,16:45:00,4.8536,4.855,4.85,4.855,1450,0
2016-06-30,16:50:00,4.855,4.855,4.85,4.85,1604,0
2016-06-30,16:55:00,4.852,4.86,4.85,4.855,1907,0
2016-06-30,17:00:00,4.86,4.86,4.855,4.855,600,0
2016-06-30,17:05:00,4.855,4.86,4.85,4.85,700,0
2016-06-30,17:10:00,4.855,4.86,4.855,4.855,500,0
2016-06-30,17:15:00,4.8524,4.87,4.8524,4.86,6200,0
2016-06-30,17:20:00,4.865,4.865,4.85,4.85,3400,0
2016-06-30,17:25:00,4.855,4.855,4.85,4.85,1400,0
2016-06-30,17:30:00,4.85,4.8501,4.84,4.845,8904,0
2016-06-30,17:35:00,4.85,4.86,4.85,4.85,4100,0
2016-06-30,17:40:00,4.86,4.86,4.85,4.85,626,0
2016-06-30,17:45:00,4.85,4.85,4.85,4.85,200,0
2016-06-30,17:50:00,4.855,4.86,4.85,4.86,12000,0
2016-06-30,17:55:00,4.86,4.86,4.85,4.85,200,0
2016-06-30,18:00:00,4.86,4.86,4.85,4.85,500,0
2016-06-30,18:05:00,4.86,4.87,4.855,4.855,6073,0
2016-06-30,18:10:00,4.85,4.86,4.85,4.86,5102,0
2016-06-30,18:15:00,4.8501,4.87,4.8501,4.855,2521,0
2016-06-30,18:20:00,4.8584,4.86,4.85,4.86,6300,0
2016-06-30,18:25:00,4.855,4.855,4.855,4.855,100,0
2016-06-30,18:30:00,4.86,4.86,4.85,4.85,5200,0
2016-06-30,18:35:00,4.855,4.86,4.855,4.86,300,0
2016-06-30,18:40:00,4.86,4.86,4.855,4.86,3900,0
2016-06-30,18:45:00,4.865,4.865,4.865,4.865,200,0
2016-06-30,18:50:00,4.865,4.87,4.86,4.86,1630,0
2016-06-30,18:55:00,4.865,4.8699,4.86,4.86,2900,0
2016-06-30,19:00:00,4.8638,4.867,4.86,4.8637,8477,0
2016-06-30,19:05:00,4.865,4.8699,4.86,4.86,4468,0
2016-06-30,19:10:00,4.86,4.86,4.86,4.86,200,0
2016-06-30,19:15:00,4.8688,4.8688,4.86,4.86,3500,0
2016-06-30,19:20:00,4.865,4.8664,4.86,4.865,3615,0
2016-06-30,19:25:00,4.865,4.87,4.86,4.87,11200,0
2016-06-30,19:30:00,4.861,4.87,4.861,4.87,5585,0
2016-06-30,19:35:00,4.865,4.88,4.863,4.88,5300,0
2016-06-30,19:40:00,4.88,4.88,4.875,4.88,400,0
2016-06-30,19:45:00,4.88,4.88,4.875,4.88,3194,0
2016-06-30,19:50:00,4.8733,4.88,4.87,4.87,3423,0
2016-06-30,19:55:00,4.8799,4.88,4.8799,4.88,1200,0
2016-06-30,20:00:00,4.88,4.88,4.87,4.87,1600,0
2016-06-30,20:05:00,4.88,4.88,4.875,4.875,5530,0
2016-06-30,20:10:00,4.88,4.88,4.87,4.8799,2089,0
2016-06-30,20:15:00,4.8701,4.88,4.87,4.875,1928,0
2016-06-30,20:20:00,4.875,4.88,4.875,4.88,400,0
2016-06-30,20:25:00,4.87,4.88,4.87,4.88,4450,0
2016-06-30,20:30:00,4.88,4.88,4.86,4.87,50959,0
2016-06-30,20:35:00,4.88,4.88,4.8701,4.875,11276,0
2016-06-30,20:40:00,4.875,4.88,4.875,4.875,400,0
2016-06-30,20:45:00,4.88,4.88,4.875,4.88,700,0
2016-06-30,20:50:00,4.875,4.88,4.875,4.875,2100,0
2016-06-30,20:55:00,4.875,4.88,4.875,4.88,1300,0
2016-06-30,21:00:00,4.875,4.88,4.875,4.88,300,0
2016-06-30,21:05:00,4.88,4.88,4.8729,4.88,1307,0
2016-06-30,21:10:00,4.875,4.88,4.8724,4.88,1850,0
2016-06-30,21:15:00,4.88,4.885,4.875,4.875,7600,0
2016-06-30,21:20:00,4.875,4.88,4.87,4.88,300,0
2016-06-30,21:25:00,4.87,4.879,4.87,4.87,6775,0
2016-06-30,21:30:00,4.875,4.8765,4.87,4.87,1253,0
2016-06-30,21:35:00,4.87,4.88,4.87,4.87,2450,0
2016-06-30,21:40:00,4.87,4.8799,4.87,4.87,3200,0
2016-06-30,21:45:00,4.87,4.88,4.87,4.875,1910,0
2016-06-30,21:50:00,4.875,4.88,4.87,4.87,1100,0
2016-06-30,21:55:00,4.87,4.87,4.86,4.86,33828,0
2016-06-30,22:00:00,4.865,4.87,4.86,4.87,12866,0
2016-07-01,15:35:00,4.88,4.8972,4.86,4.8972,14932,0
2016-07-01,15:40:00,4.86,4.89,4.86,4.88,6729,0
2016-07-01,15:45:00,4.8759,4.88,4.87,4.88,3839,0
2016-07-01,15:50:00,4.8799,4.9,4.87,4.9,14555,0
2016-07-01,15:55:00,4.8985,4.9,4.89,4.89,15936,0
2016-07-01,16:00:00,4.9,4.91,4.895,4.9099,6710,0
2016-07-01,16:05:00,4.909,4.92,4.905,4.91,31038,0
2016-07-01,16:10:00,4.91,4.92,4.9099,4.9199,15145,0
2016-07-01,16:15:00,4.912,4.935,4.91,4.93,12842,0
2016-07-01,16:20:00,4.925,4.94,4.925,4.94,2260,0
2016-07-01,16:25:00,4.933,4.94,4.93,4.9311,3000,0
2016-07-01,16:30:00,4.9366,4.9399,4.935,4.9399,2600,0
2016-07-01,16:35:00,4.94,4.94,4.93,4.93,3612,0
2016-07-01,16:40:00,4.9332,4.97,4.9332,4.97,26227,0
2016-07-01,16:45:00,4.98,4.98,4.97,4.975,18719,0
2016-07-01,16:50:00,4.9763,4.9763,4.975,4.975,200,0
2016-07-01,16:55:00,4.979,4.98,4.97,4.9718,27332,0
2016-07-01,17:00:00,4.979,4.979,4.97,4.9765,15687,0
2016-07-01,17:05:00,4.975,4.98,4.97,4.9701,6900,0
2016-07-01,17:10:00,4.97,4.9701,4.96,4.96,5525,0
2016-07-01,17:15:00,4.96,4.97,4.96,4.964,10400,0
2016-07-01,17:20:00,4.97,4.98,4.963,4.98,13172,0
2016-07-01,17:25:00,4.973,4.98,4.97,4.97,16553,0
2016-07-01,17:30:00,4.97,4.97,4.97,4.97,100,0
2016-07-01,17:35:00,4.965,4.97,4.96,4.9689,5100,0
2016-07-01,17:40:00,4.9663,4.97,4.9663,4.9669,3605,0
2016-07-01,17:45:00,4.97,4.98,4.9638,4.97,4384,0
2016-07-01,17:50:00,4.98,4.98,4.976,4.98,7200,0
2016-07-01,17:55:00,4.98,4.98,4.9737,4.98,3000,0
2016-07-01,18:00:00,4.98,4.99,4.9701,4.983,18377,0
2016-07-01,18:05:00,4.9807,4.99,4.9807,4.99,5955,0
2016-07-01,18:10:00,4.99,4.99,4.99,4.99,100,0
2016-07-01,18:15:00,4.981,4.985,4.9801,4.985,7300,0
2016-07-01,18:20:00,4.985,4.9871,4.9801,4.9801,1740,0
2016-07-01,18:25:00,4.9873,4.99,4.9873,4.99,1154,0
2016-07-01,18:30:00,4.985,4.9863,4.984,4.9863,2700,0
2016-07-01,18:35:00,4.9814,4.99,4.9814,4.99,1900,0
2016-07-01,18:40:00,4.99,4.99,4.985,4.9899,4716,0
2016-07-01,18:45:00,4.99,4.99,4.985,4.99,900,0
2016-07-01,18:50:00,4.99,4.99,4.99,4.99,100,0
2016-07-01,18:55:00,4.9889,5,4.9801,4.998,16918,0
2016-07-01,19:00:00,4.991,4.995,4.99,4.995,3300,0
2016-07-01,19:05:00,4.995,5,4.995,4.9975,2300,0
2016-07-01,19:10:00,4.9996,5,4.99,5,12137,0
2016-07-01,19:15:00,4.9983,5,4.9983,5,2640,0
2016-07-01,19:20:00,5,5,4.9967,4.9999,2928,0
2016-07-01,19:25:00,5,5,4.9945,5,18849,0
2016-07-01,19:30:00,5,5.01,4.993,5.005,13183,0
2016-07-01,19:35:00,5.005,5.0062,5.005,5.0056,506,0
2016-07-01,19:40:00,5.005,5.01,5.001,5.01,2200,0
2016-07-01,19:45:00,5.0022,5.01,5,5.0084,1400,0
2016-07-01,19:50:00,5.01,5.01,5.003,5.0038,3098,0
2016-07-01,19:55:00,5,5.03,5,5.0203,21829,0
2016-07-01,20:00:00,5.0201,5.0299,5.02,5.025,11929,0
2016-07-01,20:05:00,5.0227,5.03,5.0207,5.03,3931,0
2016-07-01,20:10:00,5.03,5.03,5.0165,5.0165,16512,0
2016-07-01,20:15:00,5.02,5.03,5.0161,5.03,28426,0
2016-07-01,20:20:00,5.03,5.04,5.03,5.04,12818,0
2016-07-01,20:25:00,5.03,5.04,5.03,5.0301,11516,0
2016-07-01,20:30:00,5.0322,5.04,5.03,5.035,7213,0
2016-07-01,20:35:00,5.035,5.035,5.03,5.035,2000,0
2016-07-01,20:40:00,5.0365,5.0375,5.03,5.0301,10950,0
2016-07-01,20:45:00,5.035,5.0399,5.035,5.0399,1300,0
2016-07-01,20:50:00,5.035,5.035,5.0244,5.03,10212,0
2016-07-01,20:55:00,5.03,5.04,5.0299,5.04,4900,0
2016-07-01,21:00:00,5.04,5.04,5.0368,5.0399,19600,0
2016-07-01,21:05:00,5.035,5.035,5.03,5.03,300,0
2016-07-01,21:10:00,5.035,5.04,5.035,5.04,15399,0
2016-07-01,21:15:00,5.0492,5.05,5.042,5.045,22958,0
2016-07-01,21:20:00,5.045,5.05,5.04,5.05,20948,0
2016-07-01,21:25:00,5.05,5.05,5.0415,5.045,3923,0
2016-07-01,21:30:00,5.05,5.05,5.045,5.05,13519,0
2016-07-01,21:35:00,5.05,5.06,5.05,5.055,17342,0
2016-07-01,21:40:00,5.06,5.07,5.06,5.065,26247,0
2016-07-01,21:45:00,5.065,5.07,5.06,5.065,5400,0
2016-07-01,21:50:00,5.0658,5.07,5.06,5.065,26837,0
2016-07-01,21:55:00,5.0619,5.07,5.06,5.065,9324,0
2016-07-01,22:00:00,5.07,5.09,5.065,5.09,93597,0
