Date,Time,Open,High,Low,Close,Volume,OpenInt
2016-06-14,15:35:00,11.77,11.77,11.59,11.59,620,0
2016-06-14,15:45:00,12,12,12,12,100,0
2016-06-14,15:50:00,11.88,12.1,11.85,12.1,300,0
2016-06-14,15:55:00,11.86,11.86,11.86,11.86,100,0
2016-06-14,16:00:00,12,12,11.93,11.96,1500,0
2016-06-14,16:05:00,12.14,12.22,12.07,12.08,800,0
2016-06-14,16:10:00,12.06,12.06,12.03,12.03,600,0
2016-06-14,16:15:00,11.93,11.94,11.83,11.94,700,0
2016-06-14,16:20:00,11.92,11.92,11.92,11.92,100,0
2016-06-14,16:25:00,11.88,11.9,11.88,11.9,900,0
2016-06-14,16:30:00,11.84,11.84,11.84,11.84,100,0
2016-06-14,16:35:00,11.93,11.93,11.89,11.89,600,0
2016-06-14,16:40:00,11.84,11.86,11.84,11.86,400,0
2016-06-14,16:45:00,11.91,11.91,11.91,11.91,200,0
2016-06-14,16:50:00,11.88,11.88,11.79,11.82,1000,0
2016-06-14,16:55:00,11.83,11.83,11.8,11.8,500,0
2016-06-14,17:00:00,11.75,11.78,11.67,11.77,700,0
2016-06-14,17:05:00,11.78,11.78,11.78,11.78,300,0
2016-06-14,17:10:00,11.82,11.94,11.82,11.94,1200,0
2016-06-14,17:15:00,11.85,11.85,11.8,11.8,900,0
2016-06-14,17:25:00,11.7501,11.7501,11.7,11.71,1900,0
2016-06-14,17:30:00,11.69,11.69,11.66,11.67,700,0
2016-06-14,17:35:00,11.68,11.68,11.6,11.6,300,0
2016-06-14,17:45:00,11.68,11.69,11.68,11.69,422,0
2016-06-14,17:50:00,11.75,11.75,11.75,11.75,100,0
2016-06-14,18:00:00,11.74,11.81,11.74,11.81,7675,0
2016-06-14,18:05:00,11.79,11.79,11.79,11.79,100,0
2016-06-14,18:10:00,11.79,11.8,11.7499,11.7499,2900,0
2016-06-14,18:20:00,11.75,11.75,11.75,11.75,400,0
2016-06-14,18:25:00,11.77,11.82,11.77,11.8101,1106,0
2016-06-14,18:30:00,11.82,11.82,11.8,11.8,2300,0
2016-06-14,18:35:00,11.8,11.8,11.79,11.79,400,0
2016-06-14,18:40:00,11.75,11.75,11.74,11.74,300,0
2016-06-14,18:55:00,11.65,11.7,11.65,11.7,300,0
2016-06-14,19:05:00,11.62,11.69,11.62,11.6701,400,0
2016-06-14,19:10:00,11.71,11.71,11.68,11.68,600,0
2016-06-14,19:15:00,11.67,11.67,11.63,11.63,500,0
2016-06-14,19:20:00,11.64,11.64,11.57,11.57,400,0
2016-06-14,19:30:00,11.63,11.69,11.63,11.69,900,0
2016-06-14,19:35:00,11.68,11.68,11.66,11.68,400,0
2016-06-14,19:40:00,11.72,11.72,11.685,11.71,300,0
2016-06-14,19:55:00,11.68,11.68,11.63,11.63,500,0
2016-06-14,20:10:00,11.61,11.61,11.54,11.57,15200,0
2016-06-14,20:15:00,11.56,11.56,11.56,11.56,300,0
2016-06-14,20:20:00,11.6,11.6,11.6,11.6,100,0
2016-06-14,20:25:00,11.6,11.6,11.58,11.595,400,0
2016-06-14,20:30:00,11.58,11.605,11.55,11.6,2300,0
2016-06-14,20:35:00,11.57,11.585,11.56,11.57,1400,0
2016-06-14,20:40:00,11.57,11.57,11.55,11.56,500,0
2016-06-14,20:45:00,11.57,11.58,11.49,11.49,7300,0
2016-06-14,20:50:00,11.5,11.5,11.5,11.5,573,0
2016-06-14,20:55:00,11.5,11.5,11.47,11.47,2264,0
2016-06-14,21:05:00,11.43,11.43,11.43,11.43,100,0
2016-06-14,21:10:00,11.48,11.5,11.47,11.5,1000,0
2016-06-14,21:15:00,11.5,11.5,11.48,11.48,200,0
2016-06-14,21:20:00,11.5,11.52,11.49,11.52,600,0
2016-06-14,21:25:00,11.57,11.59,11.5,11.55,3979,0
2016-06-14,21:30:00,11.56,11.62,11.56,11.62,581,0
2016-06-14,21:35:00,11.6,11.6,11.59,11.59,600,0
2016-06-14,21:40:00,11.59,11.595,11.56,11.56,1600,0
2016-06-14,21:45:00,11.57,11.6,11.56,11.59,3142,0
2016-06-14,21:50:00,11.58,11.58,11.51,11.51,1126,0
2016-06-14,21:55:00,11.53,11.54,11.52,11.52,1000,0
2016-06-14,22:00:00,11.54,11.57,11.53,11.54,5535,0
2016-06-15,15:35:00,11.6,11.8501,11.6,11.85,1262,0
2016-06-15,15:40:00,11.87,11.87,11.58,11.58,3523,0
2016-06-15,15:45:00,11.61,11.63,11.58,11.58,2061,0
2016-06-15,15:50:00,11.71,11.71,11.48,11.59,400,0
2016-06-15,15:55:00,11.59,11.81,11.59,11.81,1400,0
2016-06-15,16:00:00,11.68,11.69,11.68,11.69,200,0
2016-06-15,16:25:00,11.86,11.87,11.83,11.83,300,0
2016-06-15,16:35:00,11.87,11.94,11.87,11.94,700,0
2016-06-15,16:40:00,11.95,12,11.95,12,1200,0
2016-06-15,16:45:00,11.96,11.96,11.96,11.96,100,0
2016-06-15,16:50:00,11.96,12,11.96,12,1400,0
2016-06-15,16:55:00,12,12.165,11.96,12.165,6705,0
2016-06-15,17:00:00,12.16,12.18,12.11,12.11,730,0
2016-06-15,17:05:00,12.04,12.04,12.04,12.04,100,0
2016-06-15,17:10:00,12.04,12.08,12.02,12.06,2400,0
2016-06-15,17:15:00,12.04,12.04,12.04,12.04,200,0
2016-06-15,17:20:00,12.06,12.06,12.035,12.04,1400,0
2016-06-15,17:25:00,12.02,12.045,12.01,12.01,800,0
2016-06-15,17:30:00,12.01,12.01,11.95,11.95,1000,0
2016-06-15,17:35:00,11.89,11.89,11.89,11.89,100,0
2016-06-15,17:40:00,11.92,11.93,11.915,11.93,300,0
2016-06-15,17:45:00,11.99,11.99,11.95,11.95,400,0
2016-06-15,17:50:00,11.92,11.92,11.92,11.92,100,0
2016-06-15,17:55:00,11.92,11.97,11.9,11.97,1100,0
2016-06-15,18:05:00,12.005,12.04,11.97,11.97,1200,0
2016-06-15,18:10:00,12.005,12.03,11.98,12.01,400,0
2016-06-15,18:15:00,12.01,12.01,12.01,12.01,100,0
2016-06-15,18:20:00,12.025,12.025,11.97,11.97,600,0
2016-06-15,18:25:00,11.98,11.98,11.92,11.94,1100,0
2016-06-15,18:35:00,11.93,11.93,11.92,11.92,500,0
2016-06-15,18:40:00,11.93,11.93,11.92,11.93,900,0
2016-06-15,18:45:00,11.93,11.93,11.91,11.91,600,0
2016-06-15,18:55:00,11.94,11.94,11.94,11.94,100,0
2016-06-15,19:05:00,11.94,11.94,11.88,11.885,2800,0
2016-06-15,19:10:00,11.88,11.88,11.8,11.82,1200,0
2016-06-15,19:20:00,11.825,11.825,11.825,11.825,100,0
2016-06-15,19:25:00,11.84,11.85,11.83,11.83,1000,0
2016-06-15,19:35:00,11.8,11.8,11.8,11.8,100,0
2016-06-15,19:40:00,11.8,11.8,11.8,11.8,100,0
2016-06-15,19:50:00,11.82,11.86,11.82,11.86,300,0
2016-06-15,19:55:00,11.86,11.9,11.86,11.89,1200,0
2016-06-15,20:00:00,11.88,11.89,11.88,11.88,500,0
2016-06-15,20:05:00,11.88,11.904,11.85,11.85,1518,0
2016-06-15,20:10:00,11.84,11.84,11.83,11.83,700,0
2016-06-15,20:15:00,11.77,11.78,11.71,11.71,400,0
2016-06-15,20:20:00,11.7,11.8,11.7,11.8,1200,0
2016-06-15,20:25:00,11.75,11.77,11.74,11.74,1000,0
2016-06-15,20:35:00,11.7,11.7,11.68,11.68,300,0
2016-06-15,20:45:00,11.64,11.64,11.64,11.64,200,0
2016-06-15,20:50:00,11.66,11.69,11.66,11.69,1100,0
2016-06-15,20:55:00,11.65,11.67,11.65,11.65,300,0
2016-06-15,21:00:00,11.67,11.67,11.67,11.67,100,0
2016-06-15,21:10:00,11.71,11.71,11.71,11.71,300,0
2016-06-15,21:15:00,11.71,11.71,11.71,11.71,200,0
2016-06-15,21:20:00,11.75,11.75,11.66,11.66,1200,0
2016-06-15,21:25:00,11.67,11.71,11.67,11.71,300,0
2016-06-15,21:30:00,11.66,11.73,11.66,11.73,1400,0
2016-06-15,21:35:00,11.71,11.71,11.7,11.7,700,0
2016-06-15,21:40:00,11.66,11.66,11.63,11.63,700,0
2016-06-15,21:45:00,11.63,11.63,11.61,11.61,600,0
2016-06-15,21:50:00,11.57,11.65,11.54,11.65,1800,0
2016-06-15,21:55:00,11.58,11.61,11.57,11.57,700,0
2016-06-15,22:00:00,11.58,11.59,11.57,11.57,5564,0
2016-06-16,15:35:00,11.4,11.4,11.4,11.4,189,0
2016-06-16,15:45:00,11.38,11.38,11.23,11.23,5400,0
2016-06-16,15:50:00,11.1,11.22,11.1,11.22,500,0
2016-06-16,15:55:00,11.15,11.15,11.14,11.14,200,0
2016-06-16,16:00:00,11.13,11.26,11.12,11.15,6800,0
2016-06-16,16:05:00,11.19,11.19,11.15,11.15,689,0
2016-06-16,16:10:00,11.2,11.2,11.2,11.2,100,0
2016-06-16,16:15:00,11.16,11.21,11.14,11.17,3100,0
2016-06-16,16:20:00,11.2,11.2,11.15,11.15,300,0
2016-06-16,16:25:00,11.12,11.1298,11.05,11.05,1700,0
2016-06-16,16:30:00,11.06,11.11,11.06,11.11,500,0
2016-06-16,16:35:00,11.14,11.14,11.1,11.1,450,0
2016-06-16,16:40:00,11.06,11.06,10.97,10.97,1300,0
2016-06-16,16:45:00,10.98,11.01,10.98,11.01,2100,0
2016-06-16,16:50:00,11.05,11.089,11.05,11.07,1200,0
2016-06-16,16:55:00,11.03,11.03,11.02,11.02,500,0
2016-06-16,17:00:00,11.03,11.03,11.03,11.03,100,0
2016-06-16,17:05:00,11.0101,11.0101,11.01,11.01,700,0
2016-06-16,17:10:00,11.05,11.06,11.05,11.06,1000,0
2016-06-16,17:15:00,11.03,11.0825,11.03,11.0825,500,0
2016-06-16,17:25:00,11.08,11.09,11.06,11.07,400,0
2016-06-16,17:30:00,11.1,11.21,11.1,11.21,900,0
2016-06-16,17:35:00,11.2425,11.3,11.2425,11.3,900,0
2016-06-16,17:40:00,11.29,11.29,11.29,11.29,100,0
2016-06-16,17:50:00,11.3,11.3,11.24,11.24,1100,0
2016-06-16,18:00:00,11.18,11.18,11.18,11.18,100,0
2016-06-16,18:05:00,11.11,11.11,11.1,11.1,200,0
2016-06-16,18:10:00,11.11,11.11,11.11,11.11,100,0
2016-06-16,18:15:00,11.11,11.11,11.11,11.11,100,0
2016-06-16,18:20:00,11.16,11.17,11.16,11.17,700,0
2016-06-16,18:25:00,11.22,11.225,11.19,11.21,1000,0
2016-06-16,18:30:00,11.17,11.2,11.17,11.19,300,0
2016-06-16,18:35:00,11.17,11.17,11.17,11.17,100,0
2016-06-16,18:40:00,11.12,11.19,11.12,11.18,1100,0
2016-06-16,18:45:00,11.25,11.25,11.24,11.24,300,0
2016-06-16,18:50:00,11.24,11.24,11.22,11.22,200,0
2016-06-16,18:55:00,11.17,11.19,11.17,11.19,300,0
2016-06-16,19:00:00,11.16,11.16,11.08,11.1,1100,0
2016-06-16,19:05:00,11.16,11.23,11.16,11.19,700,0
2016-06-16,19:15:00,11.23,11.23,11.23,11.23,700,0
2016-06-16,19:20:00,11.21,11.21,11.18,11.18,200,0
2016-06-16,19:25:00,11.19,11.24,11.19,11.24,800,0
2016-06-16,19:30:00,11.24,11.24,11.24,11.24,100,0
2016-06-16,19:40:00,11.1675,11.1675,11.1,11.12,1700,0
2016-06-16,19:45:00,11.125,11.15,11.11,11.14,2500,0
2016-06-16,19:50:00,11.12,11.125,11.09,11.1,1200,0
2016-06-16,19:55:00,11.08,11.08,11.08,11.08,100,0
2016-06-16,20:00:00,11.15,11.15,11.15,11.15,100,0
2016-06-16,20:05:00,11.08,11.12,11.08,11.12,200,0
2016-06-16,20:10:00,11.09,11.115,11.08,11.08,400,0
2016-06-16,20:15:00,11.08,11.14,11.08,11.13,1495,0
2016-06-16,20:20:00,11.15,11.24,11.15,11.18,1350,0
2016-06-16,20:25:00,11.21,11.25,11.21,11.23,1300,0
2016-06-16,20:30:00,11.19,11.19,11.17,11.17,200,0
2016-06-16,20:35:00,11.14,11.2,11.14,11.18,1367,0
2016-06-16,20:40:00,11.1675,11.21,11.1675,11.19,300,0
2016-06-16,20:45:00,11.23,11.28,11.22,11.28,700,0
2016-06-16,20:50:00,11.32,11.32,11.2475,11.2475,1095,0
2016-06-16,20:55:00,11.3,11.3,11.26,11.28,300,0
2016-06-16,21:00:00,11.32,11.35,11.32,11.35,600,0
2016-06-16,21:05:00,11.33,11.35,11.33,11.35,1000,0
2016-06-16,21:10:00,11.34,11.34,11.32,11.32,800,0
2016-06-16,21:15:00,11.335,11.34,11.31,11.33,1100,0
2016-06-16,21:20:00,11.31,11.33,11.31,11.32,900,0
2016-06-16,21:25:00,11.31,11.3599,11.3,11.3599,2276,0
2016-06-16,21:30:00,11.39,11.39,11.39,11.39,400,0
2016-06-16,21:35:00,11.43,11.47,11.43,11.47,1000,0
2016-06-16,21:40:00,11.49,11.5,11.43,11.43,1600,0
2016-06-16,21:45:00,11.45,11.46,11.43,11.45,1500,0
2016-06-16,21:50:00,11.48,11.48,11.41,11.43,1821,0
2016-06-16,21:55:00,11.41,11.42,11.4,11.42,1483,0
2016-06-16,22:00:00,11.41,11.47,11.41,11.44,7536,0
2016-06-17,15:35:00,11.48,11.48,11.48,11.48,22367,0
2016-06-17,15:40:00,11.31,11.31,11.31,11.31,100,0
2016-06-17,15:45:00,11.324,11.55,11.32,11.35,1100,0
2016-06-17,15:50:00,11.565,11.7,11.528,11.7,1198,0
2016-06-17,15:55:00,11.71,11.71,11.7,11.7,200,0
2016-06-17,16:00:00,11.97,11.97,11.82,11.93,2360,0
2016-06-17,16:05:00,11.9,11.93,11.9,11.93,300,0
2016-06-17,16:10:00,11.96,11.96,11.96,11.96,100,0
2016-06-17,16:15:00,11.921,11.975,11.89,11.9203,7350,0
2016-06-17,16:25:00,11.86,11.87,11.82,11.82,1000,0
2016-06-17,16:30:00,11.86,11.86,11.86,11.86,100,0
2016-06-17,16:35:00,11.84,11.85,11.84,11.85,400,0
2016-06-17,16:40:00,11.87,11.96,11.87,11.96,700,0
2016-06-17,16:45:00,11.95,12.06,11.95,12.06,3573,0
2016-06-17,16:55:00,12.07,12.09,12.04,12.04,1300,0
2016-06-17,17:00:00,12.05,12.05,12.04,12.04,200,0
2016-06-17,17:05:00,12,12,11.8541,11.8541,500,0
2016-06-17,17:10:00,11.908,11.908,11.908,11.908,200,0
2016-06-17,17:15:00,11.86,11.88,11.85,11.85,500,0
2016-06-17,17:20:00,11.855,11.855,11.82,11.82,1300,0
2016-06-17,17:25:00,11.8,11.86,11.8,11.86,400,0
2016-06-17,17:30:00,11.86,11.86,11.785,11.785,700,0
2016-06-17,17:40:00,11.79,11.83,11.79,11.81,600,0
2016-06-17,17:45:00,11.83,11.88,11.83,11.88,1100,0
2016-06-17,17:50:00,11.86,11.86,11.86,11.86,200,0
2016-06-17,17:55:00,11.85,11.85,11.81,11.81,300,0
2016-06-17,18:00:00,11.8336,11.8336,11.81,11.83,550,0
2016-06-17,18:05:00,11.81,11.86,11.81,11.86,450,0
2016-06-17,18:10:00,11.81,11.81,11.81,11.81,200,0
2016-06-17,18:20:00,11.8,11.82,11.8,11.8,2900,0
2016-06-17,18:25:00,11.76,11.76,11.721,11.725,1058,0
2016-06-17,18:30:00,11.71,11.71,11.71,11.71,100,0
2016-06-17,18:40:00,11.75,11.8,11.71,11.73,3000,0
2016-06-17,18:45:00,11.75,11.75,11.75,11.75,100,0
2016-06-17,18:50:00,11.755,11.755,11.72,11.72,200,0
2016-06-17,18:55:00,11.72,11.72,11.72,11.72,100,0
2016-06-17,19:00:00,11.75,11.77,11.71,11.74,936,0
2016-06-17,19:05:00,11.72,11.73,11.71,11.71,1300,0
2016-06-17,19:10:00,11.63,11.66,11.59,11.62,1665,0
2016-06-17,19:15:00,11.65,11.65,11.65,11.65,100,0
2016-06-17,19:20:00,11.64,11.64,11.61,11.61,600,0
2016-06-17,19:30:00,11.63,11.67,11.51,11.52,2900,0
2016-06-17,19:40:00,11.52,11.53,11.46,11.46,1600,0
2016-06-17,19:45:00,11.54,11.54,11.48,11.5,800,0
2016-06-17,19:50:00,11.53,11.53,11.53,11.53,100,0
2016-06-17,19:55:00,11.59,11.59,11.56,11.56,300,0
2016-06-17,20:00:00,11.59,11.59,11.535,11.535,300,0
2016-06-17,20:05:00,11.59,11.62,11.53,11.53,1200,0
2016-06-17,20:10:00,11.54,11.54,11.52,11.52,400,0
2016-06-17,20:15:00,11.54,11.55,11.52,11.52,500,0
2016-06-17,20:20:00,11.55,11.6,11.55,11.6,1500,0
2016-06-17,20:25:00,11.58,11.6,11.58,11.6,500,0
2016-06-17,20:35:00,11.68,11.68,11.62,11.62,800,0
2016-06-17,20:40:00,11.66,11.66,11.64,11.64,400,0
2016-06-17,20:45:00,11.64,11.66,11.62,11.66,1300,0
2016-06-17,20:50:00,11.72,11.74,11.66,11.74,600,0
2016-06-17,20:55:00,11.72,11.72,11.67,11.67,600,0
2016-06-17,21:00:00,11.68,11.68,11.68,11.68,200,0
2016-06-17,21:05:00,11.65,11.65,11.65,11.65,300,0
2016-06-17,21:10:00,11.65,11.65,11.6,11.6,500,0
2016-06-17,21:15:00,11.59,11.6,11.57,11.57,500,0
2016-06-17,21:20:00,11.62,11.63,11.58,11.615,600,0
2016-06-17,21:25:00,11.57,11.57,11.57,11.57,200,0
2016-06-17,21:30:00,11.57,11.67,11.57,11.67,2800,0
2016-06-17,21:35:00,11.63,11.63,11.6,11.6,400,0
2016-06-17,21:40:00,11.59,11.59,11.57,11.58,361,0
2016-06-17,21:45:00,11.61,11.73,11.56,11.725,1700,0
2016-06-17,21:50:00,11.69,11.76,11.68,11.735,2100,0
2016-06-17,21:55:00,11.78,11.79,11.71,11.74,3729,0
2016-06-17,22:00:00,11.77,11.81,11.69,11.78,26350,0
2016-06-20,15:35:00,11.96,11.96,11.96,11.96,360,0
2016-06-20,15:40:00,11.98,12,11.91,11.91,987,0
2016-06-20,15:50:00,11.91,11.91,11.9,11.9,700,0
2016-06-20,15:55:00,11.9,11.9,11.9,11.9,300,0
2016-06-20,16:05:00,11.91,12,11.91,12,2312,0
2016-06-20,16:15:00,12.07,12.09,12.04,12.04,500,0
2016-06-20,16:20:00,11.98,12.05,11.98,12.05,200,0
2016-06-20,16:25:00,12.09,12.09,12.05,12.08,600,0
2016-06-20,16:30:00,12.04,12.04,12.02,12.02,300,0
2016-06-20,16:35:00,12.03,12.03,12.02,12.02,300,0
2016-06-20,16:40:00,12.01,12.01,11.91,11.98,3700,0
2016-06-20,16:45:00,11.98,11.99,11.95,11.95,800,0
2016-06-20,16:50:00,12.03,12.03,11.98,11.98,300,0
2016-06-20,16:55:00,12.005,12.06,11.98,12.04,12400,0
2016-06-20,17:00:00,12.09,12.09,12.04,12.07,1100,0
2016-06-20,17:05:00,12.055,12.055,11.99,11.99,800,0
2016-06-20,17:10:00,12.04,12.05,12.02,12.02,500,0
2016-06-20,17:15:00,12.03,12.03,11.95,11.98,2640,0
2016-06-20,17:20:00,11.94,11.94,11.94,11.94,100,0
2016-06-20,17:25:00,11.96,11.96,11.93,11.93,12200,0
2016-06-20,17:30:00,11.94,12,11.92,11.97,1051,0
2016-06-20,17:35:00,11.96,11.98,11.96,11.98,500,0
2016-06-20,17:40:00,11.96,11.99,11.96,11.99,300,0
2016-06-20,17:45:00,11.99,12,11.93,11.93,1400,0
2016-06-20,17:55:00,11.97,11.97,11.93,11.952,1155,0
2016-06-20,18:00:00,11.96,11.99,11.94,11.96,1900,0
2016-06-20,18:05:00,11.98,11.99,11.96,11.99,700,0
2016-06-20,18:10:00,12,12.03,11.99,11.99,4100,0
2016-06-20,18:15:00,11.98,11.98,11.97,11.97,300,0
2016-06-20,18:20:00,11.95,11.95,11.95,11.95,1600,0
2016-06-20,18:25:00,11.95,11.96,11.95,11.96,400,0
2016-06-20,18:30:00,11.96,11.96,11.95,11.95,800,0
2016-06-20,18:35:00,11.95,11.96,11.92,11.92,900,0
2016-06-20,18:50:00,11.91,11.94,11.91,11.94,700,0
2016-06-20,18:55:00,11.93,11.93,11.91,11.912,697,0
2016-06-20,19:00:00,11.92,11.92,11.92,11.92,2293,0
2016-06-20,19:10:00,11.87,11.87,11.87,11.87,200,0
2016-06-20,19:15:00,11.87,11.87,11.82,11.82,800,0
2016-06-20,19:20:00,11.81,11.86,11.81,11.86,300,0
2016-06-20,19:25:00,11.85,11.88,11.85,11.88,700,0
2016-06-20,19:30:00,11.91,11.91,11.88,11.88,400,0
2016-06-20,19:40:00,11.88,11.88,11.88,11.88,100,0
2016-06-20,19:50:00,11.88,11.93,11.88,11.93,700,0
2016-06-20,19:55:00,11.91,11.975,11.91,11.975,500,0
2016-06-20,20:00:00,11.95,11.95,11.95,11.95,300,0
2016-06-20,20:05:00,11.93,11.94,11.92,11.94,300,0
2016-06-20,20:10:00,11.93,11.93,11.91,11.93,500,0
2016-06-20,20:15:00,11.89,11.89,11.83,11.83,500,0
2016-06-20,20:20:00,11.83,11.83,11.83,11.83,100,0
2016-06-20,20:25:00,11.85,11.87,11.85,11.86,800,0
2016-06-20,20:30:00,11.89,11.895,11.88,11.89,1100,0
2016-06-20,20:35:00,11.85,11.875,11.78,11.78,1423,0
2016-06-20,20:40:00,11.82,11.87,11.82,11.82,765,0
2016-06-20,20:45:00,11.815,11.84,11.815,11.84,300,0
2016-06-20,20:50:00,11.82,11.82,11.75,11.75,1600,0
2016-06-20,20:55:00,11.77,11.79,11.765,11.79,700,0
2016-06-20,21:00:00,11.79,11.79,11.77,11.775,500,0
2016-06-20,21:05:00,11.76,11.76,11.76,11.76,100,0
2016-06-20,21:10:00,11.75,11.775,11.74,11.74,800,0
2016-06-20,21:15:00,11.74,11.74,11.72,11.74,800,0
2016-06-20,21:20:00,11.735,11.76,11.71,11.71,400,0
2016-06-20,21:25:00,11.71,11.72,11.7,11.72,800,0
2016-06-20,21:30:00,11.72,11.74,11.69,11.696,1102,0
2016-06-20,21:35:00,11.7,11.7,11.67,11.69,500,0
2016-06-20,21:40:00,11.67,11.69,11.67,11.67,1100,0
2016-06-20,21:45:00,11.66,11.675,11.65,11.65,1100,0
2016-06-20,21:50:00,11.65,11.67,11.6,11.63,2902,0
2016-06-20,21:55:00,11.63,11.64,11.61,11.63,2939,0
2016-06-20,22:00:00,11.64,11.65,11.62,11.65,6328,0
2016-06-21,15:35:00,11.58,11.58,11.58,11.58,620,0
2016-06-21,15:45:00,11.45,11.46,11.38,11.42,1700,0
2016-06-21,15:50:00,11.44,11.44,11.38,11.38,200,0
2016-06-21,15:55:00,11.38,11.44,11.36,11.44,700,0
2016-06-21,16:05:00,11.4699,11.4699,11.35,11.35,900,0
2016-06-21,16:10:00,11.31,11.36,11.27,11.29,1500,0
2016-06-21,16:15:00,11.3,11.34,11.3,11.31,800,0
2016-06-21,16:20:00,11.3,11.3,11.25,11.25,400,0
2016-06-21,16:25:00,11.25,11.28,11.15,11.15,4200,0
2016-06-21,16:30:00,11.19,11.33,11.19,11.33,1100,0
2016-06-21,16:35:00,11.28,11.33,11.28,11.33,300,0
2016-06-21,16:45:00,11.37,11.37,11.26,11.26,1300,0
2016-06-21,16:50:00,11.27,11.3,11.26,11.26,1300,0
2016-06-21,16:55:00,11.25,11.27,11.25,11.27,200,0
2016-06-21,17:00:00,11.27,11.27,11.27,11.27,100,0
2016-06-21,17:05:00,11.25,11.25,11.22,11.24,1200,0
2016-06-21,17:10:00,11.24,11.24,11.09,11.18,5400,0
2016-06-21,17:15:00,11.14,11.16,11.08,11.12,8105,0
2016-06-21,17:20:00,11.16,11.27,11.15,11.245,7778,0
2016-06-21,17:25:00,11.246,11.37,11.24,11.37,6725,0
2016-06-21,17:30:00,11.36,11.38,11.33,11.37,2922,0
2016-06-21,17:35:00,11.35,11.3511,11.3,11.32,1100,0
2016-06-21,17:40:00,11.3,11.3,11.24,11.24,2000,0
2016-06-21,17:45:00,11.2499,11.34,11.23,11.32,1900,0
2016-06-21,17:50:00,11.31,11.41,11.3,11.41,2100,0
2016-06-21,17:55:00,11.44,11.45,11.39,11.45,3900,0
2016-06-21,18:00:00,11.47,11.6,11.42,11.6,2200,0
2016-06-21,18:05:00,11.58,11.73,11.58,11.64,5900,0
2016-06-21,18:10:00,11.65,11.71,11.59,11.71,11100,0
2016-06-21,18:15:00,11.73,11.8,11.69,11.75,4154,0
2016-06-21,18:20:00,11.75,11.81,11.68,11.7201,3300,0
2016-06-21,18:25:00,11.7,11.7275,11.6623,11.68,6300,0
2016-06-21,18:30:00,11.685,11.75,11.65,11.67,10700,0
2016-06-21,18:35:00,11.6825,11.69,11.68,11.6825,1600,0
2016-06-21,18:40:00,11.6825,11.6825,11.66,11.66,500,0
2016-06-21,18:45:00,11.6701,11.6701,11.6701,11.6701,100,0
2016-06-21,18:50:00,11.68,11.68,11.62,11.62,1800,0
2016-06-21,18:55:00,11.62,11.62,11.46,11.47,3600,0
2016-06-21,19:00:00,11.475,11.475,11.4242,11.4242,400,0
2016-06-21,19:05:00,11.42,11.42,11.42,11.42,200,0
2016-06-21,19:10:00,11.43,11.48,11.43,11.48,600,0
2016-06-21,19:15:00,11.53,11.568,11.47,11.568,3300,0
2016-06-21,19:20:00,11.54,11.54,11.39,11.39,2300,0
2016-06-21,19:30:00,11.39,11.39,11.39,11.39,100,0
2016-06-21,19:35:00,11.45,11.45,11.43,11.43,200,0
2016-06-21,19:40:00,11.41,11.46,11.41,11.43,800,0
2016-06-21,19:45:00,11.44,11.44,11.44,11.44,600,0
2016-06-21,19:50:00,11.465,11.48,11.44,11.44,500,0
2016-06-21,19:55:00,11.45,11.465,11.43,11.44,600,0
2016-06-21,20:00:00,11.44,11.49,11.44,11.465,1300,0
2016-06-21,20:05:00,11.43,11.445,11.41,11.42,1300,0
2016-06-21,20:10:00,11.39,11.43,11.39,11.4,700,0
2016-06-21,20:15:00,11.44,11.44,11.44,11.44,100,0
2016-06-21,20:20:00,11.45,11.45,11.43,11.45,1700,0
2016-06-21,20:25:00,11.42,11.42,11.38,11.4,700,0
2016-06-21,20:30:00,11.43,11.48,11.43,11.44,1000,0
2016-06-21,20:35:00,11.44,11.46,11.44,11.44,2500,0
2016-06-21,20:40:00,11.44,11.48,11.44,11.45,1700,0
2016-06-21,20:45:00,11.44,11.44,11.4,11.44,1200,0
2016-06-21,20:50:00,11.39,11.39,11.39,11.39,100,0
2016-06-21,20:55:00,11.39,11.44,11.39,11.43,1200,0
2016-06-21,21:00:00,11.43,11.445,11.43,11.445,500,0
2016-06-21,21:05:00,11.45,11.45,11.33,11.33,2200,0
2016-06-21,21:10:00,11.33,11.46,11.33,11.46,12550,0
2016-06-21,21:15:00,11.49,11.57,11.49,11.55,5300,0
2016-06-21,21:20:00,11.6,11.71,11.6,11.7,2343,0
2016-06-21,21:25:00,11.68,11.76,11.68,11.75,1700,0
2016-06-21,21:30:00,11.75,11.76,11.75,11.76,900,0
2016-06-21,21:35:00,11.755,11.76,11.64,11.64,1800,0
2016-06-21,21:40:00,11.61,11.63,11.595,11.6,1700,0
2016-06-21,21:45:00,11.595,11.6,11.58,11.58,2508,0
2016-06-21,21:50:00,11.59,11.7,11.59,11.7,2754,0
2016-06-21,21:55:00,11.68,11.71,11.67,11.71,2114,0
2016-06-21,22:00:00,11.71,11.715,11.6,11.63,7928,0
2016-06-22,15:35:00,11.52,11.52,11.52,11.52,276,0
2016-06-22,15:45:00,11.52,11.52,11.52,11.52,100,0
2016-06-22,15:50:00,11.715,11.73,11.715,11.73,400,0
2016-06-22,16:00:00,11.66,11.68,11.52,11.52,1600,0
2016-06-22,16:05:00,11.45,11.49,11.45,11.49,700,0
2016-06-22,16:10:00,11.5,11.5,11.36,11.36,611,0
2016-06-22,16:15:00,11.5,11.5,11.5,11.5,100,0
2016-06-22,16:20:00,11.45,11.45,11.45,11.45,200,0
2016-06-22,16:25:00,11.44,11.44,11.33,11.33,300,0
2016-06-22,16:30:00,11.34,11.34,11.3,11.3,400,0
2016-06-22,16:35:00,11.26,11.47,11.24,11.46,3915,0
2016-06-22,16:40:00,11.47,11.58,11.47,11.58,500,0
2016-06-22,16:45:00,11.55,11.55,11.55,11.55,200,0
2016-06-22,16:50:00,11.54,11.54,11.51,11.53,900,0
2016-06-22,17:00:00,11.59,11.59,11.59,11.59,500,0
2016-06-22,17:05:00,11.6,11.6,11.54,11.54,300,0
2016-06-22,17:10:00,11.53,11.53,11.53,11.53,100,0
2016-06-22,17:15:00,11.54,11.54,11.54,11.54,100,0
2016-06-22,17:20:00,11.54,11.57,11.53,11.57,1200,0
2016-06-22,17:25:00,11.57,11.57,11.57,11.57,200,0
2016-06-22,17:30:00,11.56,11.56,11.5,11.5,500,0
2016-06-22,17:35:00,11.48,11.48,11.43,11.43,400,0
2016-06-22,17:45:00,11.41,11.41,11.41,11.41,300,0
2016-06-22,17:55:00,11.37,11.4,11.3,11.39,1800,0
2016-06-22,18:05:00,11.41,11.41,11.38,11.38,300,0
2016-06-22,18:10:00,11.34,11.34,11.34,11.34,300,0
2016-06-22,18:15:00,11.36,11.36,11.36,11.36,400,0
2016-06-22,18:20:00,11.36,11.36,11.36,11.36,200,0
2016-06-22,18:25:00,11.31,11.31,11.26,11.26,450,0
2016-06-22,18:30:00,11.23,11.23,11.2,11.2,300,0
2016-06-22,18:35:00,11.25,11.3,11.25,11.25,600,0
2016-06-22,18:40:00,11.32,11.32,11.27,11.27,1011,0
2016-06-22,18:45:00,11.22,11.22,11.22,11.22,100,0
2016-06-22,18:50:00,11.24,11.24,11.24,11.24,300,0
2016-06-22,18:55:00,11.26,11.26,11.235,11.235,400,0
2016-06-22,19:05:00,11.21,11.21,11.21,11.21,200,0
2016-06-22,19:10:00,11.21,11.2299,11.16,11.2,3400,0
2016-06-22,19:15:00,11.2,11.21,11.17,11.21,1589,0
2016-06-22,19:20:00,11.21,11.23,11.21,11.23,302,0
2016-06-22,19:25:00,11.22,11.23,11.22,11.23,1828,0
2016-06-22,19:30:00,11.23,11.23,11.23,11.23,300,0
2016-06-22,19:35:00,11.23,11.33,11.2,11.2,11900,0
2016-06-22,19:40:00,11.23,11.23,11.23,11.23,800,0
2016-06-22,19:50:00,11.25,11.28,11.16,11.2,2266,0
2016-06-22,19:55:00,11.19,11.19,11.19,11.19,400,0
2016-06-22,20:00:00,11.23,11.26,11.22,11.22,900,0
2016-06-22,20:05:00,11.15,11.15,11.15,11.15,100,0
2016-06-22,20:10:00,11.14,11.14,11.14,11.14,100,0
2016-06-22,20:15:00,11.155,11.18,11.155,11.18,1000,0
2016-06-22,20:20:00,11.22,11.25,11.22,11.22,300,0
2016-06-22,20:25:00,11.21,11.21,11.19,11.195,500,0
2016-06-22,20:30:00,11.21,11.21,11.2,11.2,400,0
2016-06-22,20:35:00,11.23,11.23,11.2,11.2,200,0
2016-06-22,20:40:00,11.23,11.25,11.18,11.21,12943,0
2016-06-22,20:45:00,11.22,11.28,11.17,11.21,4100,0
2016-06-22,20:50:00,11.22,11.25,11.22,11.24,1200,0
2016-06-22,20:55:00,11.24,11.24,11.24,11.24,200,0
2016-06-22,21:00:00,11.26,11.3,11.22,11.3,4585,0
2016-06-22,21:05:00,11.2705,11.29,11.2705,11.29,445,0
2016-06-22,21:10:00,11.31,11.31,11.29,11.29,200,0
2016-06-22,21:15:00,11.28,11.28,11.28,11.28,200,0
2016-06-22,21:20:00,11.28,11.28,11.27,11.28,800,0
2016-06-22,21:25:00,11.26,11.26,11.24,11.25,1312,0
2016-06-22,21:30:00,11.23,11.23,11.17,11.21,1600,0
2016-06-22,21:35:00,11.23,11.24,11.23,11.23,600,0
2016-06-22,21:40:00,11.26,11.28,11.26,11.28,400,0
2016-06-22,21:45:00,11.29,11.29,11.26,11.26,1224,0
2016-06-22,21:50:00,11.25,11.27,11.25,11.27,1700,0
2016-06-22,21:55:00,11.26,11.27,11.21,11.22,2500,0
2016-06-22,22:00:00,11.23,11.23,11.21,11.22,2511,0
2016-06-23,15:35:00,11.47,11.764,11.28,11.764,3037,0
2016-06-23,15:40:00,11.75,11.75,11.62,11.67,1400,0
2016-06-23,15:45:00,11.78,11.795,11.67,11.68,2900,0
2016-06-23,15:50:00,11.83,11.83,11.69,11.69,600,0
2016-06-23,15:55:00,11.75,11.79,11.75,11.77,800,0
2016-06-23,16:00:00,11.72,11.76,11.54,11.55,3300,0
2016-06-23,16:05:00,11.65,11.66,11.65,11.66,1224,0
2016-06-23,16:15:00,11.74,11.76,11.68,11.68,1800,0
2016-06-23,16:20:00,11.68,11.74,11.675,11.675,1500,0
2016-06-23,16:25:00,11.65,11.7,11.65,11.7,2481,0
2016-06-23,16:30:00,11.75,11.76,11.72,11.73,1100,0
2016-06-23,16:35:00,11.7,11.7,11.56,11.57,4500,0
2016-06-23,16:40:00,11.55,11.55,11.55,11.55,100,0
2016-06-23,16:45:00,11.59,11.7,11.585,11.7,5819,0
2016-06-23,16:50:00,11.68,11.68,11.61,11.61,500,0
2016-06-23,17:00:00,11.63,11.63,11.63,11.63,100,0
2016-06-23,17:05:00,11.65,11.65,11.6,11.62,4030,0
2016-06-23,17:10:00,11.64,11.75,11.64,11.75,1300,0
2016-06-23,17:20:00,11.76,11.83,11.76,11.83,1000,0
2016-06-23,17:25:00,11.82,11.84,11.79,11.83,3200,0
2016-06-23,17:30:00,11.78,11.82,11.78,11.82,2200,0
2016-06-23,17:35:00,11.82,11.91,11.805,11.87,5700,0
2016-06-23,17:45:00,11.87,11.87,11.87,11.87,100,0
2016-06-23,17:50:00,11.885,11.885,11.82,11.83,1300,0
2016-06-23,17:55:00,11.85,11.91,11.82,11.91,3900,0
2016-06-23,18:00:00,11.9,11.91,11.84,11.88,1200,0
2016-06-23,18:05:00,11.83,11.89,11.83,11.83,300,0
2016-06-23,18:10:00,11.89,11.89,11.83,11.8701,725,0
2016-06-23,18:15:00,11.87,11.88,11.83,11.835,1300,0
2016-06-23,18:20:00,11.8,11.84,11.8,11.8,400,0
2016-06-23,18:25:00,11.81,11.81,11.78,11.78,300,0
2016-06-23,18:30:00,11.77,11.83,11.74,11.79,700,0
2016-06-23,18:35:00,11.75,11.75,11.67,11.72,1060,0
2016-06-23,18:40:00,11.72,11.82,11.71,11.82,1500,0
2016-06-23,18:45:00,11.83,11.83,11.8,11.83,500,0
2016-06-23,18:50:00,11.8,11.82,11.8,11.82,1500,0
2016-06-23,18:55:00,11.8,11.83,11.8,11.82,1200,0
2016-06-23,19:00:00,11.82,11.82,11.82,11.82,400,0
2016-06-23,19:05:00,11.79,11.79,11.79,11.79,100,0
2016-06-23,19:10:00,11.815,11.815,11.77,11.77,1000,0
2016-06-23,19:15:00,11.77,11.77,11.76,11.76,600,0
2016-06-23,19:20:00,11.74,11.74,11.73,11.74,300,0
2016-06-23,19:25:00,11.76,11.82,11.76,11.81,1800,0
2016-06-23,19:30:00,11.82,11.82,11.82,11.82,100,0
2016-06-23,19:35:00,11.82,11.82,11.82,11.82,100,0
2016-06-23,19:40:00,11.82,11.84,11.78,11.78,2500,0
2016-06-23,19:45:00,11.74,11.743,11.72,11.72,788,0
2016-06-23,19:50:00,11.73,11.74,11.73,11.735,700,0
2016-06-23,19:55:00,11.74,11.795,11.74,11.795,1600,0
2016-06-23,20:00:00,11.84,11.84,11.81,11.81,200,0
2016-06-23,20:05:00,11.81,11.81,11.81,11.81,100,0
2016-06-23,20:10:00,11.83,11.85,11.83,11.845,1750,0
2016-06-23,20:15:00,11.85,11.94,11.85,11.94,1243,0
2016-06-23,20:20:00,11.97,11.97,11.94,11.96,1600,0
2016-06-23,20:25:00,11.93,11.94,11.93,11.93,300,0
2016-06-23,20:30:00,11.9018,11.9018,11.88,11.88,300,0
2016-06-23,20:35:00,11.88,11.88,11.88,11.88,200,0
2016-06-23,20:40:00,11.88,11.88,11.88,11.88,900,0
2016-06-23,20:45:00,11.84,11.87,11.84,11.86,900,0
2016-06-23,20:50:00,11.875,11.92,11.863,11.92,3400,0
2016-06-23,20:55:00,11.92,11.935,11.92,11.935,200,0
2016-06-23,21:00:00,11.95,11.95,11.95,11.95,800,0
2016-06-23,21:05:00,11.99,12,11.95,12,1200,0
2016-06-23,21:10:00,11.97,12,11.97,12,400,0
2016-06-23,21:15:00,11.98,12.03,11.98,11.98,4856,0
2016-06-23,21:20:00,11.9501,11.9501,11.93,11.93,350,0
2016-06-23,21:25:00,11.94,11.97,11.94,11.97,700,0
2016-06-23,21:30:00,11.98,12.01,11.98,12,2032,0
2016-06-23,21:35:00,12.005,12.01,12.005,12.01,1100,0
2016-06-23,21:40:00,12,12.0001,11.99,12.0001,2694,0
2016-06-23,21:45:00,12,12.02,11.99,11.99,4000,0
2016-06-23,21:50:00,11.98,12,11.97,11.97,2229,0
2016-06-23,21:55:00,11.985,11.9999,11.98,11.99,1963,0
2016-06-23,22:00:00,11.9901,12,11.97,11.97,7111,0
2016-06-24,15:35:00,11.23,11.44,10.981,11.44,996,0
2016-06-24,15:40:00,11.31,11.31,11.17,11.22,699,0
2016-06-24,15:45:00,11.18,11.43,11.18,11.43,1200,0
2016-06-24,15:50:00,11.43,11.43,11.32,11.345,1400,0
2016-06-24,15:55:00,11.354,11.36,11.29,11.29,2900,0
2016-06-24,16:00:00,11.349,11.349,11.291,11.291,300,0
2016-06-24,16:05:00,11.29,11.41,11.29,11.41,400,0
2016-06-24,16:10:00,11.47,11.47,11.39,11.39,1208,0
2016-06-24,16:15:00,11.39,11.39,11.26,11.26,1000,0
2016-06-24,16:20:00,11.21,11.25,11.19,11.2,5500,0
2016-06-24,16:25:00,11.2,11.24,11.2,11.21,2300,0
2016-06-24,16:30:00,11.3044,11.32,11.27,11.32,1450,0
2016-06-24,16:35:00,11.35,11.36,11.31,11.36,600,0
2016-06-24,16:40:00,11.348,11.348,11.25,11.25,2030,0
2016-06-24,16:45:00,11.21,11.225,11.2,11.22,1400,0
2016-06-24,16:50:00,11.21,11.2468,11.2,11.2,5000,0
2016-06-24,16:55:00,11.2,11.304,11.195,11.304,2876,0
2016-06-24,17:00:00,11.27,11.27,11.25,11.25,1200,0
2016-06-24,17:05:00,11.25,11.26,11.2,11.2,2300,0
2016-06-24,17:10:00,11.2,11.22,11.2,11.22,800,0
2016-06-24,17:15:00,11.22,11.27,11.2,11.2,2223,0
2016-06-24,17:20:00,11.2,11.23,11.2,11.22,2500,0
2016-06-24,17:25:00,11.21,11.21,11.195,11.21,900,0
2016-06-24,17:30:00,11.21,11.3,11.21,11.24,500,0
2016-06-24,17:35:00,11.275,11.2799,11.27,11.2799,400,0
2016-06-24,17:40:00,11.27,11.27,11.24,11.24,1200,0
2016-06-24,17:45:00,11.23,11.24,11.21,11.21,600,0
2016-06-24,17:50:00,11.24,11.24,11.22,11.22,700,0
2016-06-24,17:55:00,11.2,11.2,11.2,11.2,600,0
2016-06-24,18:00:00,11.2,11.2,11.2,11.2,500,0
2016-06-24,18:05:00,11.21,11.21,11.2,11.2,600,0
2016-06-24,18:10:00,11.22,11.22,11.22,11.22,100,0
2016-06-24,18:15:00,11.2,11.25,11.185,11.2,3466,0
2016-06-24,18:20:00,11.2,11.21,11.2,11.21,200,0
2016-06-24,18:25:00,11.22,11.22,11.17,11.2,3200,0
2016-06-24,18:30:00,11.21,11.21,11.2,11.2,500,0
2016-06-24,18:35:00,11.2,11.2,11.2,11.2,700,0
2016-06-24,18:40:00,11.2,11.21,11.195,11.2,1200,0
2016-06-24,18:45:00,11.2,11.2168,11.2,11.2,1000,0
2016-06-24,18:50:00,11.205,11.24,11.205,11.24,925,0
2016-06-24,18:55:00,11.2101,11.24,11.2101,11.24,1100,0
2016-06-24,19:00:00,11.23,11.23,11.2,11.2,700,0
2016-06-24,19:05:00,11.21,11.21,11.195,11.2,1800,0
2016-06-24,19:10:00,11.2,11.205,11.1904,11.2,2714,0
2016-06-24,19:15:00,11.21,11.24,11.21,11.24,1299,0
2016-06-24,19:20:00,11.25,11.28,11.25,11.25,3700,0
2016-06-24,19:25:00,11.2475,11.2475,11.2,11.2,900,0
2016-06-24,19:30:00,11.21,11.24,11.195,11.24,1700,0
2016-06-24,19:35:00,11.245,11.26,11.23,11.26,400,0
2016-06-24,19:40:00,11.265,11.265,11.24,11.24,1200,0
2016-06-24,19:45:00,11.23,11.24,11.2,11.21,3130,0
2016-06-24,19:50:00,11.2,11.21,11.2,11.2,2589,0
2016-06-24,19:55:00,11.2,11.225,11.19,11.2201,2000,0
2016-06-24,20:00:00,11.235,11.235,11.22,11.22,1200,0
2016-06-24,20:05:00,11.24,11.24,11.24,11.24,300,0
2016-06-24,20:10:00,11.25,11.25,11.24,11.24,800,0
2016-06-24,20:20:00,11.24,11.24,11.21,11.21,1200,0
2016-06-24,20:25:00,11.2,11.21,11.19,11.2,4100,0
2016-06-24,20:30:00,11.2,11.22,11.2,11.21,1714,0
2016-06-24,20:35:00,11.21,11.24,11.21,11.24,800,0
2016-06-24,20:40:00,11.24,11.26,11.24,11.26,3900,0
2016-06-24,20:45:00,11.265,11.265,11.26,11.26,400,0
2016-06-24,20:50:00,11.26,11.27,11.26,11.265,2000,0
2016-06-24,20:55:00,11.26,11.265,11.24,11.24,400,0
2016-06-24,21:00:00,11.29,11.36,11.29,11.35,1600,0
2016-06-24,21:05:00,11.35,11.35,11.23,11.23,1500,0
2016-06-24,21:10:00,11.23,11.23,11.2,11.2,2100,0
2016-06-24,21:15:00,11.2,11.21,11.18,11.18,3788,0
2016-06-24,21:20:00,11.185,11.19,11.15,11.16,3354,0
2016-06-24,21:25:00,11.17,11.185,11.17,11.18,1200,0
2016-06-24,21:30:00,11.17,11.175,11.08,11.08,2400,0
2016-06-24,21:35:00,11.1,11.185,11.1,11.12,5938,0
2016-06-24,21:40:00,11.12,11.15,11.05,11.11,4500,0
2016-06-24,21:45:00,11.08,11.1,11.05,11.06,3376,0
2016-06-24,21:50:00,11.08,11.22,11.08,11.2,5338,0
2016-06-24,21:55:00,11.22,11.39,11.22,11.36,17104,0
2016-06-24,22:00:00,11.36,11.41,11.34,11.34,717336,0
2016-06-27,15:35:00,11.4,11.4,11.4,11.4,6515,0
2016-06-27,15:40:00,11.65,11.65,11.65,11.65,100,0
2016-06-27,15:45:00,11.5,11.51,11.18,11.24,3404,0
2016-06-27,15:50:00,11.16,11.16,11.16,11.16,100,0
2016-06-27,15:55:00,11.17,11.17,11.07,11.1,2661,0
2016-06-27,16:00:00,11.07,11.07,11.01,11.01,1655,0
2016-06-27,16:05:00,10.99,11.05,10.9783,11.03,3800,0
2016-06-27,16:10:00,11.03,11.03,10.95,10.95,2050,0
2016-06-27,16:15:00,10.94,10.94,10.9001,10.9249,1750,0
2016-06-27,16:20:00,10.92,10.93,10.83,10.83,4100,0
2016-06-27,16:25:00,10.84,10.84,10.78,10.78,800,0
2016-06-27,16:30:00,10.79,10.8542,10.77,10.81,2300,0
2016-06-27,16:35:00,10.84,10.84,10.76,10.8,1700,0
2016-06-27,16:40:00,10.8,10.8,10.75,10.75,600,0
2016-06-27,16:45:00,10.75,10.8,10.73,10.8,2700,0
2016-06-27,16:50:00,10.76,10.76,10.5748,10.58,1630,0
2016-06-27,16:55:00,10.59,10.64,10.56,10.57,2045,0
2016-06-27,17:00:00,10.55,10.57,10.531,10.55,1600,0
2016-06-27,17:05:00,10.559,10.64,10.559,10.63,900,0
2016-06-27,17:10:00,10.6103,10.665,10.61,10.61,2200,0
2016-06-27,17:15:00,10.58,10.61,10.56,10.61,400,0
2016-06-27,17:20:00,10.6007,10.63,10.57,10.57,2500,0
2016-06-27,17:25:00,10.56,10.58,10.56,10.57,1000,0
2016-06-27,17:30:00,10.5603,10.58,10.5603,10.57,2400,0
2016-06-27,17:35:00,10.58,10.75,10.58,10.75,2300,0
2016-06-27,17:40:00,10.72,10.79,10.72,10.775,907,0
2016-06-27,17:45:00,10.75,10.76,10.71,10.7172,1400,0
2016-06-27,17:50:00,10.71,10.735,10.6407,10.72,2200,0
2016-06-27,17:55:00,10.71,10.71,10.69,10.71,1200,0
2016-06-27,18:00:00,10.72,10.72,10.66,10.67,1100,0
2016-06-27,18:05:00,10.6712,10.68,10.66,10.68,700,0
2016-06-27,18:10:00,10.71,10.71,10.66,10.6608,2000,0
2016-06-27,18:15:00,10.66,10.67,10.655,10.655,5200,0
2016-06-27,18:20:00,10.64,10.64,10.6,10.61,1400,0
2016-06-27,18:25:00,10.62,10.62,10.57,10.59,900,0
2016-06-27,18:30:00,10.59,10.59,10.58,10.5815,500,0
2016-06-27,18:35:00,10.607,10.68,10.59,10.64,2200,0
2016-06-27,18:40:00,10.64,10.6527,10.63,10.6527,1300,0
2016-06-27,18:45:00,10.6642,10.67,10.63,10.63,600,0
2016-06-27,18:50:00,10.64,10.64,10.62,10.62,978,0
2016-06-27,18:55:00,10.63,10.67,10.61,10.61,3200,0
2016-06-27,19:00:00,10.62,10.62,10.62,10.62,100,0
2016-06-27,19:05:00,10.61,10.61,10.61,10.61,300,0
2016-06-27,19:10:00,10.6,10.6,10.575,10.575,1300,0
2016-06-27,19:15:00,10.59,10.6,10.56,10.57,1400,0
2016-06-27,19:20:00,10.58,10.58,10.58,10.58,700,0
2016-06-27,19:25:00,10.57,10.57,10.5089,10.54,4990,0
2016-06-27,19:30:00,10.56,10.58,10.56,10.58,400,0
2016-06-27,19:35:00,10.55,10.55,10.46,10.46,2500,0
2016-06-27,19:40:00,10.51,10.515,10.47,10.49,1440,0
2016-06-27,19:45:00,10.49,10.5,10.4,10.4,1653,0
2016-06-27,19:50:00,10.43,10.455,10.41,10.43,900,0
2016-06-27,19:55:00,10.43,10.46,10.41,10.43,1800,0
2016-06-27,20:00:00,10.44,10.44,10.44,10.44,700,0
2016-06-27,20:05:00,10.46,10.46,10.44,10.44,500,0
2016-06-27,20:10:00,10.41,10.41,10.35,10.4,3857,0
2016-06-27,20:15:00,10.38,10.38,10.31,10.31,3500,0
2016-06-27,20:20:00,10.31,10.31,10.3,10.3,400,0
2016-06-27,20:25:00,10.29,10.295,10.22,10.22,1600,0
2016-06-27,20:30:00,10.22,10.25,10.22,10.25,300,0
2016-06-27,20:35:00,10.25,10.3,10.25,10.3,1500,0
2016-06-27,20:40:00,10.25,10.29,10.16,10.29,3419,0
2016-06-27,20:45:00,10.3,10.32,10.24,10.3,3063,0
2016-06-27,20:50:00,10.29,10.29,10.21,10.24,1100,0
2016-06-27,20:55:00,10.25,10.25,10.2,10.22,1300,0
2016-06-27,21:00:00,10.22,10.27,10.22,10.27,600,0
2016-06-27,21:05:00,10.255,10.31,10.2502,10.31,2698,0
2016-06-27,21:10:00,10.29,10.29,10.23,10.29,2500,0
2016-06-27,21:15:00,10.29,10.32,10.29,10.32,700,0
2016-06-27,21:20:00,10.3,10.31,10.27,10.29,1809,0
2016-06-27,21:25:00,10.26,10.32,10.26,10.28,2600,0
2016-06-27,21:30:00,10.29,10.29,10.28,10.28,840,0
2016-06-27,21:35:00,10.28,10.29,10.24,10.25,3100,0
2016-06-27,21:40:00,10.28,10.28,10.21,10.27,2470,0
2016-06-27,21:45:00,10.27,10.31,10.27,10.295,2667,0
2016-06-27,21:50:00,10.31,10.34,10.305,10.34,3077,0
2016-06-27,21:55:00,10.33,10.33,10.32,10.32,5592,0
2016-06-27,22:00:00,10.325,10.35,10.32,10.35,7318,0
2016-06-28,15:35:00,10.62,10.62,10.3611,10.39,2400,0
2016-06-28,15:40:00,10.49,10.49,10.45,10.48,900,0
2016-06-28,15:45:00,10.4,10.41,10.37,10.37,600,0
2016-06-28,15:50:00,10.4,10.4,10.37,10.37,200,0
2016-06-28,15:55:00,10.39,10.43,10.39,10.43,300,0
2016-06-28,16:00:00,10.45,10.47,10.45,10.46,400,0
2016-06-28,16:05:00,10.45,10.45,10.43,10.43,700,0
2016-06-28,16:10:00,10.42,10.42,10.32,10.32,1651,0
2016-06-28,16:15:00,10.316,10.33,10.316,10.33,350,0
2016-06-28,16:20:00,10.38,10.4,10.38,10.4,231,0
2016-06-28,16:25:00,10.41,10.48,10.3,10.3,959,0
2016-06-28,16:30:00,10.3,10.35,10.3,10.34,700,0
2016-06-28,16:35:00,10.37,10.37,10.37,10.37,100,0
2016-06-28,16:40:00,10.31,10.31,10.22,10.27,1590,0
2016-06-28,16:45:00,10.3,10.3,10.25,10.25,700,0
2016-06-28,16:50:00,10.3,10.38,10.3,10.38,200,0
2016-06-28,16:55:00,10.39,10.39,10.39,10.39,200,0
2016-06-28,17:00:00,10.43,10.43,10.38,10.38,500,0
2016-06-28,17:05:00,10.38,10.38,10.25,10.26,1300,0
2016-06-28,17:10:00,10.26,10.27,10.26,10.27,500,0
2016-06-28,17:15:00,10.27,10.27,10.27,10.27,100,0
2016-06-28,17:20:00,10.28,10.3025,10.27,10.27,2700,0
2016-06-28,17:30:00,10.3,10.3,10.245,10.245,800,0
2016-06-28,17:35:00,10.25,10.25,10.21,10.22,800,0
2016-06-28,17:40:00,10.21,10.22,10.21,10.21,1000,0
2016-06-28,17:45:00,10.2,10.225,10.17,10.225,1600,0
2016-06-28,17:50:00,10.212,10.212,10.204,10.21,600,0
2016-06-28,17:55:00,10.24,10.37,10.24,10.37,1450,0
2016-06-28,18:00:00,10.41,10.41,10.35,10.35,1000,0
2016-06-28,18:05:00,10.34,10.34,10.32,10.34,400,0
2016-06-28,18:10:00,10.32,10.32,10.32,10.32,1200,0
2016-06-28,18:15:00,10.35,10.35,10.35,10.35,200,0
2016-06-28,18:20:00,10.3375,10.3375,10.3,10.3,600,0
2016-06-28,18:25:00,10.29,10.29,10.27,10.27,1551,0
2016-06-28,18:30:00,10.255,10.255,10.255,10.255,100,0
2016-06-28,18:35:00,10.24,10.24,10.2,10.2,1500,0
2016-06-28,18:40:00,10.19,10.2149,10.18,10.18,1800,0
2016-06-28,18:45:00,10.2,10.2299,10.19,10.19,1400,0
2016-06-28,18:50:00,10.19,10.25,10.19,10.229,3678,0
2016-06-28,18:55:00,10.27,10.33,10.27,10.2943,5900,0
2016-06-28,19:00:00,10.35,10.38,10.33,10.38,700,0
2016-06-28,19:05:00,10.38,10.38,10.38,10.38,200,0
2016-06-28,19:10:00,10.35,10.36,10.35,10.36,500,0
2016-06-28,19:15:00,10.36,10.36,10.35,10.35,200,0
2016-06-28,19:20:00,10.35,10.355,10.35,10.35,600,0
2016-06-28,19:25:00,10.34,10.345,10.29,10.29,700,0
2016-06-28,19:30:00,10.29,10.29,10.29,10.29,600,0
2016-06-28,19:35:00,10.3,10.35,10.3,10.35,700,0
2016-06-28,19:40:00,10.33,10.33,10.33,10.33,100,0
2016-06-28,19:45:00,10.33,10.33,10.33,10.33,700,0
2016-06-28,19:50:00,10.37,10.37,10.37,10.37,200,0
2016-06-28,19:55:00,10.37,10.37,10.34,10.34,700,0
2016-06-28,20:00:00,10.35,10.35,10.34,10.34,200,0
2016-06-28,20:05:00,10.35,10.35,10.34,10.34,300,0
2016-06-28,20:10:00,10.35,10.35,10.34,10.34,500,0
2016-06-28,20:15:00,10.34,10.34,10.34,10.34,200,0
2016-06-28,20:20:00,10.35,10.35,10.35,10.35,100,0
2016-06-28,20:25:00,10.34,10.34,10.33,10.33,1000,0
2016-06-28,20:30:00,10.34,10.34,10.34,10.34,200,0
2016-06-28,20:40:00,10.34,10.365,10.34,10.365,600,0
2016-06-28,20:45:00,10.36,10.36,10.36,10.36,200,0
2016-06-28,20:50:00,10.37,10.37,10.365,10.37,300,0
2016-06-28,20:55:00,10.365,10.37,10.36,10.37,700,0
2016-06-28,21:00:00,10.37,10.46,10.37,10.45,3497,0
2016-06-28,21:05:00,10.445,10.45,10.44,10.44,900,0
2016-06-28,21:10:00,10.45,10.45,10.44,10.44,200,0
2016-06-28,21:15:00,10.45,10.47,10.44,10.47,1000,0
2016-06-28,21:20:00,10.46,10.49,10.46,10.47,600,0
2016-06-28,21:25:00,10.47,10.47,10.46,10.47,900,0
2016-06-28,21:30:00,10.46,10.465,10.46,10.465,1347,0
2016-06-28,21:35:00,10.46,10.505,10.46,10.46,3511,0
2016-06-28,21:40:00,10.46,10.495,10.46,10.46,2897,0
2016-06-28,21:45:00,10.45,10.46,10.43,10.44,1000,0
2016-06-28,21:50:00,10.45,10.45,10.44,10.4428,1597,0
2016-06-28,21:55:00,10.445,10.445,10.44,10.44,600,0
2016-06-28,22:00:00,10.445,10.48,10.445,10.47,5500,0
2016-06-29,15:35:00,10.76,10.76,10.76,10.76,1198,0
2016-06-29,15:40:00,10.33,10.37,10.15,10.16,800,0
2016-06-29,15:45:00,10.15,10.27,10.15,10.27,1500,0
2016-06-29,15:50:00,10.295,10.32,10.295,10.32,200,0
2016-06-29,16:00:00,10.31,10.31,10.3,10.3,200,0
2016-06-29,16:05:00,10.3,10.44,10.3,10.44,1245,0
2016-06-29,16:15:00,10.37,10.38,10.366,10.38,700,0
2016-06-29,16:20:00,10.34,10.34,10.32,10.32,300,0
2016-06-29,16:25:00,10.3014,10.32,10.3,10.32,700,0
2016-06-29,16:35:00,10.26,10.29,10.23,10.29,2795,0
2016-06-29,16:40:00,10.2904,10.2904,10.19,10.19,400,0
2016-06-29,16:45:00,10.17,10.2,10.17,10.2,2670,0
2016-06-29,16:50:00,10.3,10.3,10.3,10.3,100,0
2016-06-29,16:55:00,10.32,10.37,10.32,10.37,857,0
2016-06-29,17:00:00,10.44,10.44,10.44,10.44,100,0
2016-06-29,17:05:00,10.4,10.4,10.4,10.4,100,0
2016-06-29,17:15:00,10.38,10.39,10.33,10.33,3000,0
2016-06-29,17:20:00,10.36,10.41,10.36,10.3601,985,0
2016-06-29,17:30:00,10.4,10.4,10.4,10.4,200,0
2016-06-29,17:35:00,10.41,10.42,10.41,10.41,700,0
2016-06-29,17:45:00,10.51,10.53,10.48,10.53,1200,0
2016-06-29,17:50:00,10.48,10.48,10.48,10.48,100,0
2016-06-29,18:00:00,10.51,10.51,10.49,10.49,300,0
2016-06-29,18:05:00,10.48,10.48,10.48,10.48,500,0
2016-06-29,18:15:00,10.47,10.4797,10.43,10.43,1507,0
2016-06-29,18:20:00,10.43,10.43,10.39,10.39,900,0
2016-06-29,18:25:00,10.4,10.41,10.4,10.4,400,0
2016-06-29,18:30:00,10.42,10.43,10.42,10.43,300,0
2016-06-29,18:35:00,10.44,10.44,10.44,10.44,100,0
2016-06-29,18:45:00,10.41,10.46,10.41,10.45,700,0
2016-06-29,18:50:00,10.42,10.42,10.42,10.42,100,0
2016-06-29,18:55:00,10.35,10.3599,10.35,10.35,800,0
2016-06-29,19:00:00,10.36,10.36,10.36,10.36,200,0
2016-06-29,19:10:00,10.36,10.36,10.3,10.3,1088,0
2016-06-29,19:15:00,10.29,10.29,10.29,10.29,100,0
2016-06-29,19:25:00,10.3,10.39,10.27,10.39,3300,0
2016-06-29,19:30:00,10.4,10.4,10.4,10.4,100,0
2016-06-29,19:35:00,10.37,10.41,10.37,10.41,300,0
2016-06-29,19:40:00,10.425,10.425,10.425,10.425,200,0
2016-06-29,19:45:00,10.44,10.46,10.44,10.46,400,0
2016-06-29,19:50:00,10.46,10.48,10.46,10.4644,1000,0
2016-06-29,19:55:00,10.46,10.5,10.42,10.42,1095,0
2016-06-29,20:00:00,10.44,10.45,10.44,10.45,300,0
2016-06-29,20:05:00,10.46,10.46,10.46,10.46,100,0
2016-06-29,20:10:00,10.4101,10.43,10.4101,10.43,390,0
2016-06-29,20:15:00,10.42,10.42,10.4,10.4,500,0
2016-06-29,20:20:00,10.4,10.4,10.4,10.4,700,0
2016-06-29,20:25:00,10.42,10.45,10.42,10.45,300,0
2016-06-29,20:30:00,10.4,10.4,10.4,10.4,100,0
2016-06-29,20:40:00,10.45,10.45,10.44,10.44,500,0
2016-06-29,20:50:00,10.43,10.48,10.43,10.48,500,0
2016-06-29,20:55:00,10.44,10.44,10.4,10.4001,1100,0
2016-06-29,21:05:00,10.415,10.43,10.4,10.42,878,0
2016-06-29,21:10:00,10.45,10.4989,10.45,10.49,1879,0
2016-06-29,21:15:00,10.48,10.49,10.48,10.49,300,0
2016-06-29,21:20:00,10.42,10.42,10.42,10.42,100,0
2016-06-29,21:25:00,10.4,10.4,10.4,10.4,1400,0
2016-06-29,21:30:00,10.4001,10.41,10.4,10.4,800,0
2016-06-29,21:35:00,10.4,10.42,10.4,10.42,800,0
2016-06-29,21:40:00,10.43,10.43,10.4001,10.4001,1531,0
2016-06-29,21:45:00,10.4,10.4,10.4,10.4,1600,0
2016-06-29,21:50:00,10.36,10.39,10.36,10.37,1300,0
2016-06-29,21:55:00,10.39,10.4,10.39,10.39,1800,0
2016-06-29,22:00:00,10.37,10.41,10.37,10.37,7415,0
2016-06-30,15:35:00,10.48,10.48,10.48,10.48,872,0
2016-06-30,15:50:00,10.25,10.25,10.25,10.25,100,0
2016-06-30,15:55:00,10.3628,10.3628,10.22,10.25,1650,0
2016-06-30,16:00:00,10.26,10.28,10.22,10.22,500,0
2016-06-30,16:05:00,10.3,10.31,10.3,10.31,200,0
2016-06-30,16:10:00,10.24,10.24,10.22,10.22,300,0
2016-06-30,16:15:00,10.22,10.23,10.16,10.23,500,0
2016-06-30,16:20:00,10.26,10.28,10.26,10.28,700,0
2016-06-30,16:25:00,10.27,10.27,10.19,10.2,1500,0
2016-06-30,16:30:00,10.18,10.18,10.12,10.16,3212,0
2016-06-30,16:40:00,10.16,10.26,10.16,10.26,1803,0
2016-06-30,16:45:00,10.25,10.26,10.17,10.18,1200,0
2016-06-30,16:55:00,10.18,10.2,10.18,10.2,600,0
2016-06-30,17:00:00,10.2,10.21,10.2,10.21,300,0
2016-06-30,17:05:00,10.31,10.31,10.3,10.3,800,0
2016-06-30,17:10:00,10.31,10.31,10.24,10.28,1200,0
2016-06-30,17:20:00,10.32,10.3601,10.31,10.35,1500,0
2016-06-30,17:25:00,10.24,10.36,10.24,10.35,6175,0
2016-06-30,17:30:00,10.35,10.35,10.325,10.325,300,0
2016-06-30,17:35:00,10.35,10.5,10.33,10.49,1100,0
2016-06-30,17:40:00,10.49,10.52,10.44,10.47,2400,0
2016-06-30,17:45:00,10.52,10.52,10.51,10.51,500,0
2016-06-30,17:50:00,10.53,10.53,10.49,10.52,1300,0
2016-06-30,17:55:00,10.52,10.55,10.46,10.46,800,0
2016-06-30,18:00:00,10.53,10.5301,10.45,10.51,2300,0
2016-06-30,18:05:00,10.51,10.56,10.51,10.53,500,0
2016-06-30,18:10:00,10.5,10.52,10.5,10.5,700,0
2016-06-30,18:15:00,10.49,10.54,10.49,10.54,600,0
2016-06-30,18:20:00,10.6,10.65,10.59,10.65,500,0
2016-06-30,18:25:00,10.68,10.73,10.66,10.7,1700,0
2016-06-30,18:30:00,10.72,10.73,10.72,10.73,300,0
2016-06-30,18:35:00,10.73,10.82,10.73,10.79,6356,0
2016-06-30,18:40:00,10.79,10.79,10.79,10.79,100,0
2016-06-30,18:45:00,10.79,10.79,10.79,10.79,300,0
2016-06-30,18:50:00,10.767,10.767,10.76,10.76,550,0
2016-06-30,18:55:00,10.7601,10.8,10.7601,10.8,2100,0
2016-06-30,19:00:00,10.78,10.78,10.78,10.78,100,0
2016-06-30,19:05:00,10.76,10.76,10.76,10.76,200,0
2016-06-30,19:10:00,10.74,10.74,10.74,10.74,100,0
2016-06-30,19:15:00,10.73,10.73,10.6931,10.6931,1250,0
2016-06-30,19:20:00,10.68,10.68,10.64,10.64,1350,0
2016-06-30,19:30:00,10.66,10.68,10.66,10.68,627,0
2016-06-30,19:35:00,10.671,10.671,10.66,10.665,900,0
2016-06-30,19:40:00,10.66,10.69,10.66,10.66,600,0
2016-06-30,19:50:00,10.66,10.66,10.64,10.64,700,0
2016-06-30,19:55:00,10.67,10.8,10.67,10.8,5200,0
2016-06-30,20:00:00,10.8,10.82,10.76,10.8,5900,0
2016-06-30,20:05:00,10.8,10.83,10.79,10.83,1200,0
2016-06-30,20:10:00,10.83,10.83,10.81,10.81,399,0
2016-06-30,20:20:00,10.81,10.85,10.78,10.78,1200,0
2016-06-30,20:25:00,10.8499,10.8499,10.8499,10.8499,400,0
2016-06-30,20:30:00,10.82,10.82,10.8,10.8,401,0
2016-06-30,20:35:00,10.82,10.84,10.82,10.82,800,0
2016-06-30,20:45:00,10.84,10.84,10.8101,10.8101,640,0
2016-06-30,20:50:00,10.81,10.86,10.81,10.86,1630,0
2016-06-30,20:55:00,10.88,10.88,10.8725,10.88,800,0
2016-06-30,21:00:00,10.95,10.95,10.85,10.85,1100,0
2016-06-30,21:05:00,10.87,10.885,10.87,10.885,391,0
2016-06-30,21:10:00,10.87,10.9,10.87,10.9,300,0
2016-06-30,21:15:00,10.89,10.91,10.8572,10.91,2094,0
2016-06-30,21:20:00,10.87,10.87,10.86,10.86,200,0
2016-06-30,21:25:00,10.83,10.86,10.83,10.86,400,0
2016-06-30,21:30:00,10.8201,10.83,10.8201,10.83,1900,0
2016-06-30,21:35:00,10.84,10.87,10.835,10.86,2427,0
2016-06-30,21:40:00,10.865,10.865,10.81,10.81,1200,0
2016-06-30,21:45:00,10.85,10.87,10.83,10.87,900,0
2016-06-30,21:50:00,10.87,10.89,10.87,10.89,404,0
2016-06-30,21:55:00,10.88,10.88,10.87,10.87,1900,0
2016-06-30,22:00:00,10.87,10.89,10.865,10.88,2593,0
2016-07-01,15:35:00,10.86,10.86,10.86,10.86,357,0
2016-07-01,15:40:00,10.89,11.43,10.89,11.43,1700,0
2016-07-01,15:45:00,11.29,11.4065,11.21,11.31,2280,0
2016-07-01,15:50:00,11.33,11.375,11.24,11.31,1368,0
2016-07-01,15:55:00,11.21,11.21,11.15,11.21,446,0
2016-07-01,16:00:00,11.2,11.2,11.13,11.155,500,0
2016-07-01,16:05:00,11.16,11.16,11.16,11.16,400,0
2016-07-01,16:10:00,11.16,11.16,11.16,11.16,100,0
2016-07-01,16:25:00,11.1979,11.1979,11.12,11.12,820,0
2016-07-01,16:30:00,11.17,11.27,11.17,11.27,526,0
2016-07-01,16:40:00,11.22,11.22,11.22,11.22,100,0
2016-07-01,16:45:00,11.26,11.26,11.26,11.26,100,0
2016-07-01,16:50:00,11.24,11.24,11.23,11.24,500,0
2016-07-01,17:00:00,11.21,11.22,11.07,11.07,4400,0
2016-07-01,17:05:00,11.16,11.21,11.16,11.21,200,0
2016-07-01,17:10:00,11.24,11.27,11.24,11.25,1300,0
2016-07-01,17:15:00,11.23,11.25,11.22,11.23,700,0
2016-07-01,17:20:00,11.18,11.18,11.18,11.18,100,0
2016-07-01,17:25:00,11.11,11.11,11.11,11.11,100,0
2016-07-01,17:30:00,11.15,11.15,11.03,11.03,900,0
2016-07-01,17:35:00,11.04,11.05,11.04,11.05,300,0
2016-07-01,17:40:00,11.045,11.045,10.99,11.02,800,0
2016-07-01,17:45:00,11,11,11,11,100,0
2016-07-01,17:50:00,10.9639,10.9639,10.9639,10.9639,150,0
2016-07-01,18:00:00,10.96,10.96,10.96,10.96,100,0
2016-07-01,18:05:00,11.03,11.13,11,11.045,5190,0
2016-07-01,18:10:00,11.13,11.22,11.08,11.1,8718,0
2016-07-01,18:15:00,11.08,11.1,11.07,11.1,700,0
2016-07-01,18:20:00,11.15,11.18,11.15,11.16,300,0
2016-07-01,18:25:00,11.2,11.2,11.17,11.17,500,0
2016-07-01,18:45:00,11.09,11.09,11.09,11.09,100,0
2016-07-01,18:55:00,11.16,11.16,11.16,11.16,100,0
2016-07-01,19:00:00,11.12,11.16,11.12,11.16,300,0
2016-07-01,19:05:00,11.14,11.14,11.14,11.14,100,0
2016-07-01,19:10:00,11.15,11.15,11.15,11.15,100,0
2016-07-01,19:20:00,11.12,11.12,11.095,11.095,400,0
2016-07-01,19:25:00,11.095,11.095,11.07,11.07,300,0
2016-07-01,19:30:00,11.09,11.09,11.03,11.03,500,0
2016-07-01,19:40:00,11.03,11.03,11.02,11.02,300,0
2016-07-01,19:45:00,11.01,11.04,11.01,11.04,200,0
2016-07-01,19:50:00,11.0175,11.05,11,11,1046,0
2016-07-01,20:05:00,11.04,11.05,11.02,11.02,352,0
2016-07-01,20:10:00,11.05,11.05,11.02,11.02,300,0
2016-07-01,20:15:00,11.01,11.01,10.99,10.99,600,0
2016-07-01,20:20:00,11.01,11.0199,11,11,600,0
2016-07-01,20:25:00,11.02,11.03,11.02,11.02,400,0
2016-07-01,20:30:00,11,11,11,11,400,0
2016-07-01,20:40:00,10.97,10.97,10.97,10.97,193,0
2016-07-01,20:50:00,10.92,10.92,10.92,10.92,200,0
2016-07-01,20:55:00,10.87,10.89,10.86,10.89,2200,0
2016-07-01,21:00:00,10.87,10.92,10.87,10.92,500,0
2016-07-01,21:05:00,10.94,10.94,10.94,10.94,100,0
2016-07-01,21:10:00,10.9,10.91,10.9,10.91,700,0
2016-07-01,21:15:00,10.89,10.89,10.88,10.88,200,0
2016-07-01,21:20:00,10.9,10.93,10.9,10.93,300,0
2016-07-01,21:25:00,10.91,10.91,10.91,10.91,100,0
2016-07-01,21:30:00,10.89,10.89,10.89,10.89,100,0
2016-07-01,21:35:00,10.86,10.88,10.86,10.87,1162,0
2016-07-01,21:40:00,10.86,10.88,10.85,10.85,600,0
2016-07-01,21:45:00,10.87,10.89,10.86,10.89,700,0
2016-07-01,21:50:00,10.88,10.91,10.88,10.91,1500,0
2016-07-01,21:55:00,10.9,10.92,10.84,10.89,2407,0
2016-07-01,22:00:00,10.91,10.93,10.9,10.9,2466,0
