Date,Time,Open,High,Low,Close,Volume,OpenInt
2016-06-16,15:35:00,4.84,4.89,4.84,4.88,285000,0
2016-06-16,15:40:00,4.87,4.88,4.85,4.855,190537,0
2016-06-16,15:45:00,4.85,4.91,4.85,4.875,804334,0
2016-06-16,15:50:00,4.87,4.89,4.87,4.89,132858,0
2016-06-16,15:55:00,4.89,4.89,4.87,4.875,106967,0
2016-06-16,16:00:00,4.875,4.88,4.86,4.875,94973,0
2016-06-16,16:05:00,4.875,4.88,4.86,4.875,133848,0
2016-06-16,16:10:00,4.875,4.88,4.87,4.875,49573,0
2016-06-16,16:15:00,4.87,4.89,4.87,4.885,117814,0
2016-06-16,16:20:00,4.885,4.89,4.88,4.89,95970,0
2016-06-16,16:25:00,4.885,4.9,4.885,4.89,150561,0
2016-06-16,16:30:00,4.895,4.91,4.89,4.91,116831,0
2016-06-16,16:35:00,4.905,4.92,4.9,4.9175,100220,0
2016-06-16,16:40:00,4.91,4.92,4.9,4.9,52546,0
2016-06-16,16:45:00,4.9,4.92,4.9,4.92,107644,0
2016-06-16,16:50:00,4.915,4.92,4.91,4.915,57256,0
2016-06-16,16:55:00,4.915,4.92,4.9,4.92,126456,0
2016-06-16,17:00:00,4.92,4.9262,4.9135,4.92,68548,0
2016-06-16,17:05:00,4.92,4.94,4.92,4.9325,126299,0
2016-06-16,17:10:00,4.94,4.94,4.93,4.935,86442,0
2016-06-16,17:15:00,4.9399,4.95,4.93,4.945,241820,0
2016-06-16,17:20:00,4.95,4.95,4.94,4.945,56266,0
2016-06-16,17:25:00,4.945,4.96,4.94,4.9562,160175,0
2016-06-16,17:30:00,4.96,4.97,4.951,4.97,136813,0
2016-06-16,17:35:00,4.97,4.98,4.96,4.965,168121,0
2016-06-16,17:40:00,4.97,4.97,4.96,4.965,51607,0
2016-06-16,17:45:00,4.9673,4.98,4.955,4.98,447038,0
2016-06-16,17:50:00,4.975,4.98,4.97,4.975,100528,0
2016-06-16,17:55:00,4.975,4.98,4.97,4.98,33980,0
2016-06-16,18:00:00,4.975,4.98,4.97,4.971,76480,0
2016-06-16,18:05:00,4.98,4.98,4.97,4.98,172486,0
2016-06-16,18:10:00,4.98,4.99,4.98,4.99,133193,0
2016-06-16,18:15:00,4.99,4.99,4.98,4.985,82142,0
2016-06-16,18:20:00,4.9869,4.99,4.98,4.99,124372,0
2016-06-16,18:25:00,4.985,5,4.98,4.995,99557,0
2016-06-16,18:30:00,5,5,4.99,4.995,162011,0
2016-06-16,18:35:00,4.995,5,4.99,4.99,109630,0
2016-06-16,18:40:00,4.995,5,4.98,4.995,256967,0
2016-06-16,18:45:00,4.995,5,4.99,4.995,74824,0
2016-06-16,18:50:00,4.995,5,4.99,5,43092,0
2016-06-16,18:55:00,4.995,5,4.99,4.995,67050,0
2016-06-16,19:00:00,5,5,4.99,5,49175,0
2016-06-16,19:05:00,5,5.01,4.99,5.005,461760,0
2016-06-16,19:10:00,5.005,5.01,5,5.01,31062,0
2016-06-16,19:15:00,5.01,5.01,5,5.005,90672,0
2016-06-16,19:20:00,5.01,5.01,5,5.01,125170,0
2016-06-16,19:25:00,5.01,5.01,5,5.005,139979,0
2016-06-16,19:30:00,5.005,5.01,5,5.01,72478,0
2016-06-16,19:35:00,5.01,5.01,4.99,4.9999,140772,0
2016-06-16,19:40:00,4.9901,5,4.99,4.995,89111,0
2016-06-16,19:45:00,5,5,4.98,4.98,139264,0
2016-06-16,19:50:00,4.985,5,4.98,4.995,283475,0
2016-06-16,19:55:00,4.995,5,4.99,4.995,57740,0
2016-06-16,20:00:00,5,5.01,4.9901,5.005,94579,0
2016-06-16,20:05:00,5.0099,5.02,5,5.02,130441,0
2016-06-16,20:10:00,5.02,5.02,5.01,5.02,74820,0
2016-06-16,20:15:00,5.02,5.03,5.01,5.025,88037,0
2016-06-16,20:20:00,5.03,5.05,5.02,5.05,967800,0
2016-06-16,20:25:00,5.05,5.07,5.04,5.05,260848,0
2016-06-16,20:30:00,5.05,5.06,5.03,5.035,172834,0
2016-06-16,20:35:00,5.035,5.04,5.03,5.04,94856,0
2016-06-16,20:40:00,5.035,5.04,5.03,5.04,56414,0
2016-06-16,20:45:00,5.035,5.04,5.03,5.035,68669,0
2016-06-16,20:50:00,5.04,5.04,5.02,5.03,248130,0
2016-06-16,20:55:00,5.03,5.04,5.02,5.04,321348,0
2016-06-16,21:00:00,5.04,5.05,5.04,5.045,100018,0
2016-06-16,21:05:00,5.045,5.05,5.04,5.045,54709,0
2016-06-16,21:10:00,5.045,5.05,5.03,5.035,352278,0
2016-06-16,21:15:00,5.035,5.04,5.03,5.03,118095,0
2016-06-16,21:20:00,5.035,5.04,5.03,5.039,105697,0
2016-06-16,21:25:00,5.03,5.035,5,5.015,950575,0
2016-06-16,21:30:00,5.015,5.02,5.01,5.015,92869,0
2016-06-16,21:35:00,5.02,5.03,5.015,5.025,172431,0
2016-06-16,21:40:00,5.02,5.03,5,5,323527,0
2016-06-16,21:45:00,5.005,5.01,5,5.005,128003,0
2016-06-16,21:50:00,5.005,5.02,5,5.01,698042,0
2016-06-16,21:55:00,5.02,5.03,5.015,5.03,926837,0
2016-06-16,22:00:00,5.02,5.04,5.02,5.04,2917384,0
2016-06-17,15:35:00,5.04,5.08,5.02,5.0201,1078903,0
2016-06-17,15:40:00,5.025,5.09,5.02,5.08,224972,0
2016-06-17,15:45:00,5.08,5.105,5.06,5.06,699748,0
2016-06-17,15:50:00,5.07,5.1,5.06,5.1,383048,0
2016-06-17,15:55:00,5.095,5.145,5.09,5.11,317780,0
2016-06-17,16:00:00,5.11,5.12,5.1,5.11,216129,0
2016-06-17,16:05:00,5.11,5.12,5.08,5.105,259279,0
2016-06-17,16:10:00,5.1,5.12,5.095,5.105,186828,0
2016-06-17,16:15:00,5.1061,5.13,5.105,5.11,178356,0
2016-06-17,16:20:00,5.11,5.12,5.1001,5.11,202315,0
2016-06-17,16:25:00,5.11,5.13,5.105,5.125,175847,0
2016-06-17,16:30:00,5.125,5.13,5.11,5.11,88864,0
2016-06-17,16:35:00,5.115,5.12,5.1,5.1101,109519,0
2016-06-17,16:40:00,5.12,5.13,5.115,5.13,206103,0
2016-06-17,16:45:00,5.125,5.13,5.12,5.125,47492,0
2016-06-17,16:50:00,5.125,5.13,5.11,5.11,192278,0
2016-06-17,16:55:00,5.11,5.12,5.1,5.1,93801,0
2016-06-17,17:00:00,5.105,5.12,5.1,5.12,96989,0
2016-06-17,17:05:00,5.12,5.12,5.11,5.11,37350,0
2016-06-17,17:10:00,5.115,5.12,5.1,5.1,288295,0
2016-06-17,17:15:00,5.105,5.11,5.1,5.11,88850,0
2016-06-17,17:20:00,5.11,5.12,5.1033,5.11,158236,0
2016-06-17,17:25:00,5.115,5.12,5.11,5.11,55946,0
2016-06-17,17:30:00,5.11,5.12,5.1,5.1,100773,0
2016-06-17,17:35:00,5.1,5.12,5.1,5.12,142398,0
2016-06-17,17:40:00,5.115,5.12,5.11,5.12,38875,0
2016-06-17,17:45:00,5.115,5.12,5.11,5.12,37039,0
2016-06-17,17:50:00,5.12,5.12,5.11,5.12,59053,0
2016-06-17,17:55:00,5.12,5.12,5.11,5.12,94527,0
2016-06-17,18:00:00,5.12,5.12,5.11,5.12,308511,0
2016-06-17,18:05:00,5.12,5.12,5.11,5.12,69189,0
2016-06-17,18:10:00,5.12,5.13,5.11,5.13,366935,0
2016-06-17,18:15:00,5.13,5.14,5.12,5.14,212542,0
2016-06-17,18:20:00,5.14,5.14,5.13,5.135,122871,0
2016-06-17,18:25:00,5.14,5.14,5.13,5.14,105784,0
2016-06-17,18:30:00,5.14,5.14,5.13,5.135,49794,0
2016-06-17,18:35:00,5.13,5.14,5.13,5.131,63915,0
2016-06-17,18:40:00,5.135,5.14,5.12,5.12,427350,0
2016-06-17,18:45:00,5.12,5.12,5.07,5.07,366857,0
2016-06-17,18:50:00,5.075,5.0765,5.07,5.07,86182,0
2016-06-17,18:55:00,5.07,5.08,5.05,5.08,263384,0
2016-06-17,19:00:00,5.08,5.09,5.075,5.09,73472,0
2016-06-17,19:05:00,5.09,5.09,5.065,5.08,203426,0
2016-06-17,19:10:00,5.08,5.1,5.07,5.1,60147,0
2016-06-17,19:15:00,5.1,5.1,5.09,5.1,58068,0
2016-06-17,19:20:00,5.1,5.1,5.09,5.095,28767,0
2016-06-17,19:25:00,5.1,5.1,5.09,5.09,15121,0
2016-06-17,19:30:00,5.095,5.1,5.09,5.1,53792,0
2016-06-17,19:35:00,5.09,5.1,5.09,5.1,41600,0
2016-06-17,19:40:00,5.09,5.1,5.09,5.095,53651,0
2016-06-17,19:45:00,5.1,5.1,5.09,5.09,71237,0
2016-06-17,19:50:00,5.09,5.1,5.09,5.09,34138,0
2016-06-17,19:55:00,5.1,5.1,5.09,5.1,93332,0
2016-06-17,20:00:00,5.1,5.1,5.09,5.095,31694,0
2016-06-17,20:05:00,5.1,5.1,5.09,5.1,42359,0
2016-06-17,20:10:00,5.1,5.1,5.06,5.0999,443442,0
2016-06-17,20:15:00,5.095,5.1,5.09,5.09,36998,0
2016-06-17,20:20:00,5.1,5.1,5.09,5.09,40146,0
2016-06-17,20:25:00,5.095,5.1,5.09,5.1,64252,0
2016-06-17,20:30:00,5.1,5.1,5.09,5.1,30474,0
2016-06-17,20:35:00,5.1,5.11,5.09,5.11,89768,0
2016-06-17,20:40:00,5.11,5.11,5.085,5.085,243116,0
2016-06-17,20:45:00,5.09,5.1,5.08,5.09,227946,0
2016-06-17,20:50:00,5.085,5.09,5.08,5.08,11536,0
2016-06-17,20:55:00,5.085,5.09,5.08,5.09,27060,0
2016-06-17,21:00:00,5.09,5.09,5.085,5.09,103741,0
2016-06-17,21:05:00,5.09,5.1,5.08,5.095,61794,0
2016-06-17,21:10:00,5.1,5.1,5.09,5.095,32041,0
2016-06-17,21:15:00,5.1,5.11,5.09,5.11,81291,0
2016-06-17,21:20:00,5.11,5.11,5.09,5.09,156535,0
2016-06-17,21:25:00,5.09,5.1,5.09,5.09,39021,0
2016-06-17,21:30:00,5.095,5.1,5.08,5.085,235232,0
2016-06-17,21:35:00,5.09,5.1,5.08,5.1,78505,0
2016-06-17,21:40:00,5.0927,5.1,5.09,5.1,47292,0
2016-06-17,21:45:00,5.1,5.1,5.09,5.095,225602,0
2016-06-17,21:50:00,5.095,5.1,5.08,5.08,417245,0
2016-06-17,21:55:00,5.085,5.11,5.085,5.11,748506,0
2016-06-17,22:00:00,5.11,5.11,5.1,5.11,3473739,0
2016-06-20,15:35:00,5.16,5.18,5.14,5.18,395141,0
2016-06-20,15:40:00,5.175,5.19,5.165,5.185,209784,0
2016-06-20,15:45:00,5.19,5.19,5.18,5.19,245220,0
2016-06-20,15:50:00,5.18,5.19,5.17,5.185,401613,0
2016-06-20,15:55:00,5.19,5.2,5.18,5.185,358029,0
2016-06-20,16:00:00,5.185,5.19,5.16,5.16,271832,0
2016-06-20,16:05:00,5.165,5.18,5.16,5.18,264716,0
2016-06-20,16:10:00,5.18,5.19,5.1741,5.18,123427,0
2016-06-20,16:15:00,5.18,5.19,5.17,5.17,193668,0
2016-06-20,16:20:00,5.17,5.1789,5.16,5.16,191442,0
2016-06-20,16:25:00,5.16,5.17,5.16,5.16,53172,0
2016-06-20,16:30:00,5.165,5.17,5.16,5.165,51863,0
2016-06-20,16:35:00,5.165,5.17,5.16,5.165,65011,0
2016-06-20,16:40:00,5.1664,5.17,5.14,5.14,277394,0
2016-06-20,16:45:00,5.145,5.16,5.14,5.16,139300,0
2016-06-20,16:50:00,5.16,5.16,5.15,5.16,59250,0
2016-06-20,16:55:00,5.16,5.16,5.14,5.15,355432,0
2016-06-20,17:00:00,5.1562,5.16,5.15,5.15,36492,0
2016-06-20,17:05:00,5.15,5.16,5.15,5.15,216366,0
2016-06-20,17:10:00,5.15,5.155,5.14,5.145,86791,0
2016-06-20,17:15:00,5.145,5.15,5.14,5.145,70368,0
2016-06-20,17:20:00,5.14,5.16,5.14,5.155,340807,0
2016-06-20,17:25:00,5.16,5.18,5.15,5.18,221725,0
2016-06-20,17:30:00,5.18,5.18,5.17,5.18,47540,0
2016-06-20,17:35:00,5.18,5.18,5.17,5.175,88933,0
2016-06-20,17:40:00,5.18,5.18,5.17,5.175,92869,0
2016-06-20,17:45:00,5.175,5.19,5.175,5.19,80847,0
2016-06-20,17:50:00,5.19,5.19,5.18,5.19,55972,0
2016-06-20,17:55:00,5.185,5.19,5.18,5.185,154783,0
2016-06-20,18:00:00,5.18,5.19,5.18,5.18,98993,0
2016-06-20,18:05:00,5.1899,5.19,5.18,5.185,84340,0
2016-06-20,18:10:00,5.185,5.2,5.18,5.2,267934,0
2016-06-20,18:15:00,5.2,5.2,5.19,5.195,34695,0
2016-06-20,18:20:00,5.2,5.2,5.19,5.195,60122,0
2016-06-20,18:25:00,5.195,5.2,5.19,5.2,49525,0
2016-06-20,18:30:00,5.2,5.2,5.19,5.2,1300982,0
2016-06-20,18:35:00,5.195,5.2,5.19,5.195,60992,0
2016-06-20,18:40:00,5.195,5.2,5.18,5.19,514507,0
2016-06-20,18:45:00,5.195,5.195,5.17,5.17,1039777,0
2016-06-20,18:50:00,5.175,5.1866,5.16,5.175,353998,0
2016-06-20,18:55:00,5.18,5.18,5.17,5.18,33285,0
2016-06-20,19:00:00,5.18,5.18,5.172,5.18,24325,0
2016-06-20,19:05:00,5.18,5.185,5.17,5.179,163046,0
2016-06-20,19:10:00,5.18,5.18,5.17,5.175,54906,0
2016-06-20,19:15:00,5.18,5.19,5.171,5.185,147392,0
2016-06-20,19:20:00,5.185,5.19,5.18,5.185,42114,0
2016-06-20,19:25:00,5.19,5.19,5.18,5.19,172677,0
2016-06-20,19:30:00,5.19,5.19,5.16,5.17,315895,0
2016-06-20,19:35:00,5.17,5.19,5.165,5.19,139531,0
2016-06-20,19:40:00,5.19,5.19,5.18,5.19,27901,0
2016-06-20,19:45:00,5.19,5.19,5.185,5.185,30831,0
2016-06-20,19:50:00,5.185,5.19,5.18,5.19,35085,0
2016-06-20,19:55:00,5.185,5.19,5.18,5.185,66424,0
2016-06-20,20:00:00,5.185,5.19,5.18,5.19,95115,0
2016-06-20,20:05:00,5.19,5.19,5.18,5.18,56787,0
2016-06-20,20:10:00,5.18,5.19,5.18,5.19,39297,0
2016-06-20,20:15:00,5.185,5.19,5.18,5.185,54737,0
2016-06-20,20:20:00,5.18,5.19,5.18,5.19,36021,0
2016-06-20,20:25:00,5.185,5.19,5.17,5.175,290236,0
2016-06-20,20:30:00,5.175,5.18,5.17,5.175,69017,0
2016-06-20,20:35:00,5.18,5.18,5.17,5.17,43340,0
2016-06-20,20:40:00,5.18,5.18,5.17,5.1735,56172,0
2016-06-20,20:45:00,5.18,5.18,5.17,5.175,40663,0
2016-06-20,20:50:00,5.1724,5.18,5.17,5.175,48718,0
2016-06-20,20:55:00,5.18,5.18,5.17,5.175,90625,0
2016-06-20,21:00:00,5.18,5.18,5.17,5.18,61510,0
2016-06-20,21:05:00,5.175,5.18,5.17,5.175,51734,0
2016-06-20,21:10:00,5.18,5.18,5.17,5.175,54927,0
2016-06-20,21:15:00,5.175,5.18,5.17,5.17,94108,0
2016-06-20,21:20:00,5.175,5.18,5.17,5.1775,195744,0
2016-06-20,21:25:00,5.17,5.18,5.17,5.17,128266,0
2016-06-20,21:30:00,5.17,5.18,5.17,5.17,57813,0
2016-06-20,21:35:00,5.17,5.18,5.17,5.17,86339,0
2016-06-20,21:40:00,5.17,5.18,5.17,5.17,94610,0
2016-06-20,21:45:00,5.17,5.18,5.17,5.175,119449,0
2016-06-20,21:50:00,5.17,5.18,5.17,5.17,176194,0
2016-06-20,21:55:00,5.17,5.18,5.17,5.175,428622,0
2016-06-20,22:00:00,5.175,5.18,5.17,5.18,996982,0
2016-06-21,15:35:00,5.17,5.19,5.12,5.12,277587,0
2016-06-21,15:40:00,5.12,5.15,5.12,5.135,242868,0
2016-06-21,15:45:00,5.135,5.14,5.12,5.1264,99497,0
2016-06-21,15:50:00,5.125,5.13,5.09,5.0962,738958,0
2016-06-21,15:55:00,5.095,5.11,5.09,5.1061,112522,0
2016-06-21,16:00:00,5.1,5.12,5.1,5.12,84391,0
2016-06-21,16:05:00,5.12,5.12,5.11,5.11,45178,0
2016-06-21,16:10:00,5.11,5.12,5.11,5.12,43200,0
2016-06-21,16:15:00,5.11,5.13,5.11,5.13,32140,0
2016-06-21,16:20:00,5.125,5.13,5.11,5.12,71889,0
2016-06-21,16:25:00,5.115,5.12,5.1,5.1191,192850,0
2016-06-21,16:30:00,5.12,5.13,5.11,5.13,34344,0
2016-06-21,16:35:00,5.13,5.13,5.12,5.13,21200,0
2016-06-21,16:40:00,5.13,5.13,5.12,5.13,22025,0
2016-06-21,16:45:00,5.125,5.13,5.12,5.13,58655,0
2016-06-21,16:50:00,5.125,5.13,5.12,5.13,20362,0
2016-06-21,16:55:00,5.13,5.13,5.1201,5.13,27646,0
2016-06-21,17:00:00,5.125,5.13,5.12,5.12,173901,0
2016-06-21,17:05:00,5.12,5.13,5.12,5.13,48715,0
2016-06-21,17:10:00,5.125,5.14,5.12,5.135,98887,0
2016-06-21,17:15:00,5.14,5.14,5.13,5.1361,63537,0
2016-06-21,17:20:00,5.14,5.14,5.13,5.14,50441,0
2016-06-21,17:25:00,5.14,5.14,5.13,5.14,30103,0
2016-06-21,17:30:00,5.13,5.14,5.13,5.13,57350,0
2016-06-21,17:35:00,5.13,5.135,5.12,5.12,107561,0
2016-06-21,17:40:00,5.12,5.14,5.12,5.135,64815,0
2016-06-21,17:45:00,5.14,5.14,5.13,5.14,23928,0
2016-06-21,17:50:00,5.135,5.14,5.1348,5.14,9200,0
2016-06-21,17:55:00,5.14,5.14,5.13,5.14,121073,0
2016-06-21,18:00:00,5.13,5.16,5.13,5.15,166850,0
2016-06-21,18:05:00,5.1448,5.15,5.14,5.15,14103,0
2016-06-21,18:10:00,5.15,5.15,5.14,5.15,15453,0
2016-06-21,18:15:00,5.145,5.15,5.13,5.15,99182,0
2016-06-21,18:20:00,5.1481,5.16,5.145,5.155,48551,0
2016-06-21,18:25:00,5.155,5.17,5.15,5.165,58255,0
2016-06-21,18:30:00,5.165,5.17,5.15,5.155,164448,0
2016-06-21,18:35:00,5.16,5.17,5.15,5.15,167913,0
2016-06-21,18:40:00,5.16,5.16,5.15,5.16,32673,0
2016-06-21,18:45:00,5.155,5.16,5.15,5.15,10747,0
2016-06-21,18:50:00,5.16,5.16,5.15,5.155,19812,0
2016-06-21,18:55:00,5.16,5.16,5.15,5.155,26277,0
2016-06-21,19:00:00,5.16,5.16,5.15,5.155,15748,0
2016-06-21,19:05:00,5.1567,5.16,5.15,5.16,55807,0
2016-06-21,19:10:00,5.16,5.16,5.15,5.155,28880,0
2016-06-21,19:15:00,5.155,5.16,5.15,5.15,47210,0
2016-06-21,19:20:00,5.155,5.16,5.15,5.15,24145,0
2016-06-21,19:25:00,5.155,5.16,5.15,5.15,15967,0
2016-06-21,19:30:00,5.15,5.17,5.15,5.17,175468,0
2016-06-21,19:35:00,5.17,5.18,5.16,5.175,325622,0
2016-06-21,19:40:00,5.1701,5.18,5.17,5.175,31283,0
2016-06-21,19:45:00,5.18,5.18,5.17,5.18,50044,0
2016-06-21,19:50:00,5.18,5.18,5.17,5.18,119467,0
2016-06-21,19:55:00,5.17,5.18,5.16,5.175,548560,0
2016-06-21,20:00:00,5.18,5.19,5.17,5.185,69102,0
2016-06-21,20:05:00,5.185,5.19,5.18,5.185,28414,0
2016-06-21,20:10:00,5.19,5.2,5.18,5.2,111335,0
2016-06-21,20:15:00,5.195,5.2,5.18,5.1801,136932,0
2016-06-21,20:20:00,5.18,5.19,5.18,5.19,21002,0
2016-06-21,20:25:00,5.19,5.19,5.18,5.1841,71924,0
2016-06-21,20:30:00,5.18,5.19,5.18,5.185,37411,0
2016-06-21,20:35:00,5.19,5.19,5.18,5.1847,158561,0
2016-06-21,20:40:00,5.18,5.2,5.18,5.195,79928,0
2016-06-21,20:45:00,5.195,5.1971,5.18,5.18,77833,0
2016-06-21,20:50:00,5.18,5.19,5.18,5.18,49971,0
2016-06-21,20:55:00,5.18,5.19,5.18,5.185,38950,0
2016-06-21,21:00:00,5.18,5.19,5.18,5.18,65476,0
2016-06-21,21:05:00,5.18,5.19,5.18,5.185,16502,0
2016-06-21,21:10:00,5.185,5.19,5.18,5.18,43040,0
2016-06-21,21:15:00,5.185,5.19,5.18,5.18,104535,0
2016-06-21,21:20:00,5.18,5.19,5.18,5.18,52309,0
2016-06-21,21:25:00,5.19,5.19,5.18,5.19,110669,0
2016-06-21,21:30:00,5.19,5.2,5.18,5.19,149487,0
2016-06-21,21:35:00,5.195,5.2,5.19,5.19,83031,0
2016-06-21,21:40:00,5.195,5.2,5.19,5.195,291672,0
2016-06-21,21:45:00,5.195,5.2,5.19,5.195,194886,0
2016-06-21,21:50:00,5.195,5.2,5.19,5.195,398402,0
2016-06-21,21:55:00,5.195,5.2,5.19,5.195,644434,0
2016-06-21,22:00:00,5.195,5.21,5.19,5.21,1650555,0
2016-06-22,15:35:00,5.19,5.21,5.17,5.195,1689256,0
2016-06-22,15:40:00,5.19,5.21,5.18,5.195,596912,0
2016-06-22,15:45:00,5.2,5.215,5.195,5.205,1155821,0
2016-06-22,15:50:00,5.209,5.209,5.16,5.17,513102,0
2016-06-22,15:55:00,5.17,5.185,5.15,5.16,478737,0
2016-06-22,16:00:00,5.163,5.17,5.14,5.145,110306,0
2016-06-22,16:05:00,5.1405,5.165,5.13,5.15,581939,0
2016-06-22,16:10:00,5.15,5.165,5.14,5.15,190916,0
2016-06-22,16:15:00,5.16,5.16,5.15,5.155,40681,0
2016-06-22,16:20:00,5.15,5.16,5.15,5.155,32597,0
2016-06-22,16:25:00,5.155,5.2,5.15,5.2,301060,0
2016-06-22,16:30:00,5.195,5.22,5.194,5.215,835619,0
2016-06-22,16:35:00,5.21,5.215,5.16,5.16,532582,0
2016-06-22,16:40:00,5.165,5.17,5.15,5.15,52949,0
2016-06-22,16:45:00,5.15,5.165,5.15,5.16,133080,0
2016-06-22,16:50:00,5.165,5.175,5.14,5.15,664072,0
2016-06-22,16:55:00,5.15,5.16,5.15,5.15,66439,0
2016-06-22,17:00:00,5.15,5.16,5.1,5.1,762684,0
2016-06-22,17:05:00,5.1,5.12,5.08,5.1,519398,0
2016-06-22,17:10:00,5.106,5.11,5.07,5.0999,477436,0
2016-06-22,17:15:00,5.09,5.1,5.07,5.075,146725,0
2016-06-22,17:20:00,5.075,5.09,5.07,5.085,603422,0
2016-06-22,17:25:00,5.085,5.0865,5.07,5.07,461126,0
2016-06-22,17:30:00,5.0707,5.1,5.07,5.0968,398756,0
2016-06-22,17:35:00,5.095,5.095,5.07,5.07,136850,0
2016-06-22,17:40:00,5.07,5.08,5.07,5.07,115259,0
2016-06-22,17:45:00,5.075,5.08,5.07,5.07,64087,0
2016-06-22,17:50:00,5.075,5.105,5.07,5.1,277796,0
2016-06-22,17:55:00,5.105,5.105,5.08,5.085,186101,0
2016-06-22,18:00:00,5.085,5.1,5.08,5.095,127458,0
2016-06-22,18:05:00,5.095,5.105,5.09,5.095,490849,0
2016-06-22,18:10:00,5.095,5.1,5.08,5.1,128583,0
2016-06-22,18:15:00,5.1,5.1,5.09,5.1,34388,0
2016-06-22,18:20:00,5.095,5.1,5.09,5.1,128483,0
2016-06-22,18:25:00,5.1,5.12,5.1,5.1,313363,0
2016-06-22,18:30:00,5.1,5.11,5.08,5.095,292059,0
2016-06-22,18:35:00,5.09,5.1,5.08,5.09,140713,0
2016-06-22,18:40:00,5.095,5.0986,5.08,5.09,88918,0
2016-06-22,18:45:00,5.085,5.09,5.08,5.09,326525,0
2016-06-22,18:50:00,5.085,5.09,5.08,5.09,34297,0
2016-06-22,18:55:00,5.09,5.1,5.08,5.09,143575,0
2016-06-22,19:00:00,5.085,5.09,5.08,5.09,57278,0
2016-06-22,19:05:00,5.0863,5.09,5.08,5.09,15311,0
2016-06-22,19:10:00,5.085,5.09,5.08,5.09,40190,0
2016-06-22,19:15:00,5.09,5.09,5.08,5.09,52670,0
2016-06-22,19:20:00,5.09,5.1,5.08,5.1,129183,0
2016-06-22,19:25:00,5.095,5.1,5.08,5.08,77616,0
2016-06-22,19:30:00,5.085,5.09,5.08,5.09,31722,0
2016-06-22,19:35:00,5.09,5.11,5.085,5.11,156892,0
2016-06-22,19:40:00,5.105,5.11,5.1,5.11,30103,0
2016-06-22,19:45:00,5.11,5.11,5.1,5.11,28500,0
2016-06-22,19:50:00,5.11,5.11,5.1,5.11,28431,0
2016-06-22,19:55:00,5.11,5.11,5.1,5.11,19418,0
2016-06-22,20:00:00,5.11,5.11,5.1025,5.11,31320,0
2016-06-22,20:05:00,5.11,5.12,5.1,5.12,112239,0
2016-06-22,20:10:00,5.1197,5.13,5.11,5.11,173673,0
2016-06-22,20:15:00,5.115,5.116,5.09,5.095,142453,0
2016-06-22,20:20:00,5.093,5.11,5.09,5.095,131057,0
2016-06-22,20:25:00,5.11,5.11,5.1,5.105,76348,0
2016-06-22,20:30:00,5.105,5.11,5.1,5.1056,31562,0
2016-06-22,20:35:00,5.11,5.12,5.1,5.1108,116981,0
2016-06-22,20:40:00,5.12,5.12,5.11,5.115,32002,0
2016-06-22,20:45:00,5.12,5.13,5.113,5.13,128337,0
2016-06-22,20:50:00,5.13,5.13,5.115,5.115,465917,0
2016-06-22,20:55:00,5.1125,5.12,5.11,5.115,32417,0
2016-06-22,21:00:00,5.12,5.14,5.11,5.14,152414,0
2016-06-22,21:05:00,5.14,5.14,5.13,5.13,213951,0
2016-06-22,21:10:00,5.14,5.14,5.11,5.115,245477,0
2016-06-22,21:15:00,5.12,5.12,5.11,5.12,17583,0
2016-06-22,21:20:00,5.12,5.13,5.11,5.125,134627,0
2016-06-22,21:25:00,5.125,5.13,5.11,5.12,223961,0
2016-06-22,21:30:00,5.115,5.12,5.11,5.11,117702,0
2016-06-22,21:35:00,5.11,5.12,5.11,5.115,60102,0
2016-06-22,21:40:00,5.115,5.12,5.11,5.12,267185,0
2016-06-22,21:45:00,5.11,5.12,5.1,5.1,339814,0
2016-06-22,21:50:00,5.1,5.11,5.1,5.105,129346,0
2016-06-22,21:55:00,5.105,5.11,5.09,5.09,626777,0
2016-06-22,22:00:00,5.09,5.1,5.08,5.085,1222432,0
2016-06-23,15:35:00,5.17,5.17,5.13,5.14,229505,0
2016-06-23,15:40:00,5.145,5.15,5.14,5.15,64951,0
2016-06-23,15:45:00,5.145,5.17,5.14,5.17,93832,0
2016-06-23,15:50:00,5.17,5.18,5.15,5.15,194491,0
2016-06-23,15:55:00,5.155,5.16,5.15,5.16,26470,0
2016-06-23,16:00:00,5.155,5.17,5.15,5.15,82052,0
2016-06-23,16:05:00,5.15,5.155,5.14,5.15,86508,0
2016-06-23,16:10:00,5.15,5.155,5.13,5.135,87264,0
2016-06-23,16:15:00,5.13,5.14,5.13,5.135,36507,0
2016-06-23,16:20:00,5.13,5.14,5.12,5.125,95452,0
2016-06-23,16:25:00,5.12,5.14,5.12,5.14,145711,0
2016-06-23,16:30:00,5.135,5.14,5.12,5.12,119374,0
2016-06-23,16:35:00,5.12,5.1278,5.1,5.105,107425,0
2016-06-23,16:40:00,5.1,5.12,5.1,5.12,52538,0
2016-06-23,16:45:00,5.115,5.12,5.11,5.11,52257,0
2016-06-23,16:50:00,5.115,5.12,5.11,5.115,21109,0
2016-06-23,16:55:00,5.113,5.12,5.11,5.12,32594,0
2016-06-23,17:00:00,5.12,5.13,5.11,5.125,86341,0
2016-06-23,17:05:00,5.13,5.15,5.13,5.145,54251,0
2016-06-23,17:10:00,5.15,5.15,5.14,5.15,37644,0
2016-06-23,17:15:00,5.15,5.15,5.14,5.145,26782,0
2016-06-23,17:20:00,5.15,5.15,5.135,5.135,91710,0
2016-06-23,17:25:00,5.14,5.14,5.13,5.1367,28342,0
2016-06-23,17:30:00,5.14,5.15,5.13,5.145,46626,0
2016-06-23,17:35:00,5.15,5.15,5.14,5.15,78446,0
2016-06-23,17:40:00,5.15,5.155,5.14,5.14,172291,0
2016-06-23,17:45:00,5.145,5.15,5.13,5.14,57608,0
2016-06-23,17:50:00,5.14,5.14,5.13,5.135,33599,0
2016-06-23,17:55:00,5.135,5.14,5.13,5.135,58587,0
2016-06-23,18:00:00,5.14,5.14,5.13,5.14,19590,0
2016-06-23,18:05:00,5.14,5.14,5.1301,5.14,19655,0
2016-06-23,18:10:00,5.14,5.15,5.13,5.15,59548,0
2016-06-23,18:15:00,5.15,5.15,5.14,5.15,13118,0
2016-06-23,18:20:00,5.146,5.15,5.14,5.145,25075,0
2016-06-23,18:25:00,5.15,5.15,5.13,5.135,282653,0
2016-06-23,18:30:00,5.13,5.14,5.11,5.12,220878,0
2016-06-23,18:35:00,5.125,5.13,5.12,5.125,20199,0
2016-06-23,18:40:00,5.12,5.13,5.12,5.13,11951,0
2016-06-23,18:45:00,5.125,5.13,5.12,5.12,24571,0
2016-06-23,18:50:00,5.125,5.13,5.12,5.12,181873,0
2016-06-23,18:55:00,5.125,5.13,5.11,5.115,85071,0
2016-06-23,19:00:00,5.12,5.12,5.11,5.1125,47870,0
2016-06-23,19:05:00,5.12,5.12,5.11,5.115,75833,0
2016-06-23,19:10:00,5.115,5.115,5.1,5.1,99697,0
2016-06-23,19:15:00,5.1063,5.11,5.1,5.1,21204,0
2016-06-23,19:20:00,5.105,5.11,5.1,5.11,16483,0
2016-06-23,19:25:00,5.105,5.11,5.1,5.105,54691,0
2016-06-23,19:30:00,5.105,5.11,5.1,5.105,37760,0
2016-06-23,19:35:00,5.105,5.11,5.09,5.095,218751,0
2016-06-23,19:40:00,5.095,5.1,5.09,5.095,23041,0
2016-06-23,19:45:00,5.095,5.105,5.09,5.09,283298,0
2016-06-23,19:50:00,5.095,5.0999,5.08,5.08,54146,0
2016-06-23,19:55:00,5.08,5.09,5.08,5.0885,41504,0
2016-06-23,20:00:00,5.09,5.09,5.08,5.089,30658,0
2016-06-23,20:05:00,5.085,5.09,5.08,5.085,44880,0
2016-06-23,20:10:00,5.085,5.0869,5.07,5.08,142196,0
2016-06-23,20:15:00,5.075,5.08,5.045,5.055,1431968,0
2016-06-23,20:20:00,5.05,5.06,5.05,5.06,31342,0
2016-06-23,20:25:00,5.06,5.07,5.05,5.0662,217488,0
2016-06-23,20:30:00,5.065,5.07,5.06,5.0625,126439,0
2016-06-23,20:35:00,5.065,5.07,5.05,5.05,174912,0
2016-06-23,20:40:00,5.055,5.06,5.05,5.055,880534,0
2016-06-23,20:45:00,5.055,5.06,5.05,5.055,227775,0
2016-06-23,20:50:00,5.055,5.07,5.05,5.065,412947,0
2016-06-23,20:55:00,5.06,5.07,5.035,5.04,304286,0
2016-06-23,21:00:00,5.045,5.07,5.045,5.07,191633,0
2016-06-23,21:05:00,5.07,5.08,5.065,5.077,78701,0
2016-06-23,21:10:00,5.08,5.08,5.0701,5.08,39502,0
2016-06-23,21:15:00,5.08,5.08,5.072,5.08,73051,0
2016-06-23,21:20:00,5.08,5.08,5.07,5.08,50938,0
2016-06-23,21:25:00,5.075,5.08,5.07,5.08,77821,0
2016-06-23,21:30:00,5.08,5.08,5.07,5.08,205410,0
2016-06-23,21:35:00,5.08,5.09,5.07,5.09,98143,0
2016-06-23,21:40:00,5.085,5.1,5.08,5.095,101534,0
2016-06-23,21:45:00,5.09,5.1,5.07,5.09,505928,0
2016-06-23,21:50:00,5.09,5.1,5.08,5.095,181102,0
2016-06-23,21:55:00,5.095,5.11,5.09,5.095,732211,0
2016-06-23,22:00:00,5.095,5.1,5.09,5.1,1223031,0
2016-06-24,15:35:00,4.92,4.95,4.88,4.9499,691687,0
2016-06-24,15:40:00,4.95,5.03,4.9201,5.0101,476377,0
2016-06-24,15:45:00,5.0199,5.05,5,5.05,283200,0
2016-06-24,15:50:00,5.047,5.05,5.01,5.025,281177,0
2016-06-24,15:55:00,5.02,5.0203,5,5.01,219086,0
2016-06-24,16:00:00,5.015,5.025,5,5.02,197601,0
2016-06-24,16:05:00,5.01,5.03,5.01,5.01,228662,0
2016-06-24,16:10:00,5.015,5.02,5.01,5.0101,89002,0
2016-06-24,16:15:00,5.01,5.025,5.01,5.02,256313,0
2016-06-24,16:20:00,5.01,5.02,5,5.005,418153,0
2016-06-24,16:25:00,5,5.01,4.99,4.99,149422,0
2016-06-24,16:30:00,4.99,5,4.98,4.985,793105,0
2016-06-24,16:35:00,4.9801,4.99,4.98,4.98,153273,0
2016-06-24,16:40:00,4.98,4.99,4.95,4.96,357040,0
2016-06-24,16:45:00,4.96,4.97,4.93,4.93,775947,0
2016-06-24,16:50:00,4.93,4.95,4.92,4.92,451334,0
2016-06-24,16:55:00,4.92,4.94,4.92,4.935,287063,0
2016-06-24,17:00:00,4.935,4.94,4.9,4.91,711114,0
2016-06-24,17:05:00,4.91,4.92,4.905,4.91,165874,0
2016-06-24,17:10:00,4.91,4.93,4.91,4.93,177869,0
2016-06-24,17:15:00,4.925,4.94,4.91,4.935,235652,0
2016-06-24,17:20:00,4.93,4.935,4.92,4.9283,175036,0
2016-06-24,17:25:00,4.925,4.9299,4.91,4.915,127653,0
2016-06-24,17:30:00,4.915,4.93,4.91,4.915,263034,0
2016-06-24,17:35:00,4.92,4.94,4.92,4.939,91772,0
2016-06-24,17:40:00,4.935,4.94,4.93,4.935,52588,0
2016-06-24,17:45:00,4.935,4.94,4.93,4.935,114081,0
2016-06-24,17:50:00,4.9367,4.95,4.93,4.93,203764,0
2016-06-24,17:55:00,4.935,4.94,4.91,4.915,220987,0
2016-06-24,18:00:00,4.915,4.93,4.91,4.925,101082,0
2016-06-24,18:05:00,4.9201,4.9201,4.91,4.92,109853,0
2016-06-24,18:10:00,4.915,4.92,4.91,4.9174,122531,0
2016-06-24,18:15:00,4.92,4.92,4.9,4.91,188476,0
2016-06-24,18:20:00,4.9025,4.91,4.9,4.905,116213,0
2016-06-24,18:25:00,4.91,4.92,4.9,4.91,313591,0
2016-06-24,18:30:00,4.9007,4.91,4.9,4.9001,89886,0
2016-06-24,18:35:00,4.91,4.91,4.9,4.9,57581,0
2016-06-24,18:40:00,4.9,4.91,4.9,4.905,353204,0
2016-06-24,18:45:00,4.905,4.91,4.9,4.905,122545,0
2016-06-24,18:50:00,4.91,4.91,4.86,4.875,785850,0
2016-06-24,18:55:00,4.875,4.88,4.86,4.869,131736,0
2016-06-24,19:00:00,4.87,4.88,4.86,4.88,161291,0
2016-06-24,19:05:00,4.875,4.88,4.87,4.875,113767,0
2016-06-24,19:10:00,4.87,4.88,4.87,4.87,130873,0
2016-06-24,19:15:00,4.87,4.88,4.87,4.875,48415,0
2016-06-24,19:20:00,4.875,4.88,4.86,4.86,171110,0
2016-06-24,19:25:00,4.865,4.87,4.86,4.868,110415,0
2016-06-24,19:30:00,4.86,4.87,4.86,4.8625,652166,0
2016-06-24,19:35:00,4.865,4.87,4.86,4.87,266918,0
2016-06-24,19:40:00,4.87,4.87,4.86,4.87,184350,0
2016-06-24,19:45:00,4.865,4.87,4.86,4.865,178865,0
2016-06-24,19:50:00,4.865,4.87,4.86,4.865,100264,0
2016-06-24,19:55:00,4.865,4.87,4.86,4.87,193895,0
2016-06-24,20:00:00,4.87,4.8799,4.86,4.87,294536,0
2016-06-24,20:05:00,4.87,4.87,4.86,4.87,124966,0
2016-06-24,20:10:00,4.87,4.87,4.86,4.87,99746,0
2016-06-24,20:15:00,4.8699,4.87,4.86,4.87,270147,0
2016-06-24,20:20:00,4.87,4.87,4.85,4.855,192428,0
2016-06-24,20:25:00,4.855,4.86,4.85,4.855,63218,0
2016-06-24,20:30:00,4.855,4.86,4.85,4.855,106054,0
2016-06-24,20:35:00,4.856,4.86,4.83,4.835,410533,0
2016-06-24,20:40:00,4.84,4.85,4.83,4.85,744940,0
2016-06-24,20:45:00,4.85,4.85,4.84,4.8475,453738,0
2016-06-24,20:50:00,4.845,4.86,4.84,4.855,345743,0
2016-06-24,20:55:00,4.8599,4.86,4.84,4.845,270107,0
2016-06-24,21:00:00,4.84,4.86,4.84,4.8567,214782,0
2016-06-24,21:05:00,4.855,4.87,4.85,4.87,337074,0
2016-06-24,21:10:00,4.87,4.87,4.86,4.86,238482,0
2016-06-24,21:15:00,4.86,4.86,4.84,4.845,263437,0
2016-06-24,21:20:00,4.85,4.85,4.84,4.84,172900,0
2016-06-24,21:25:00,4.84,4.86,4.84,4.855,184493,0
2016-06-24,21:30:00,4.85,4.86,4.85,4.855,235006,0
2016-06-24,21:35:00,4.855,4.88,4.85,4.88,644662,0
2016-06-24,21:40:00,4.88,4.89,4.87,4.875,449200,0
2016-06-24,21:45:00,4.875,4.89,4.87,4.88,476167,0
2016-06-24,21:50:00,4.885,4.89,4.87,4.875,791043,0
2016-06-24,21:55:00,4.88,4.89,4.875,4.89,1520885,0
2016-06-24,22:00:00,4.89,4.89,4.86,4.87,1275367,0
2016-06-27,15:35:00,4.88,4.9,4.86,4.895,458241,0
2016-06-27,15:40:00,4.9,4.91,4.88,4.895,250622,0
2016-06-27,15:45:00,4.8958,4.9,4.85,4.85,294019,0
2016-06-27,15:50:00,4.855,4.88,4.85,4.86,168462,0
2016-06-27,15:55:00,4.855,4.86,4.8,4.805,565943,0
2016-06-27,16:00:00,4.8,4.805,4.78,4.795,519669,0
2016-06-27,16:05:00,4.795,4.82,4.79,4.815,222912,0
2016-06-27,16:10:00,4.8185,4.82,4.785,4.795,455650,0
2016-06-27,16:15:00,4.795,4.8,4.79,4.795,91165,0
2016-06-27,16:20:00,4.7975,4.8,4.77,4.775,366259,0
2016-06-27,16:25:00,4.78,4.79,4.75,4.76,713081,0
2016-06-27,16:30:00,4.76,4.76,4.75,4.76,195254,0
2016-06-27,16:35:00,4.75,4.76,4.71,4.73,801335,0
2016-06-27,16:40:00,4.725,4.74,4.725,4.735,98128,0
2016-06-27,16:45:00,4.735,4.76,4.73,4.755,244760,0
2016-06-27,16:50:00,4.755,4.76,4.74,4.745,105098,0
2016-06-27,16:55:00,4.745,4.75,4.7,4.7163,329484,0
2016-06-27,17:00:00,4.71,4.72,4.7,4.7,271333,0
2016-06-27,17:05:00,4.71,4.71,4.7,4.705,155540,0
2016-06-27,17:10:00,4.71,4.71,4.7,4.705,72193,0
2016-06-27,17:15:00,4.705,4.71,4.65,4.6637,599121,0
2016-06-27,17:20:00,4.67,4.68,4.65,4.65,248523,0
2016-06-27,17:25:00,4.65,4.66,4.65,4.65,255776,0
2016-06-27,17:30:00,4.655,4.67,4.65,4.65,491913,0
2016-06-27,17:35:00,4.65,4.66,4.6,4.62,706809,0
2016-06-27,17:40:00,4.62,4.66,4.62,4.6375,847640,0
2016-06-27,17:45:00,4.63,4.64,4.63,4.635,197210,0
2016-06-27,17:50:00,4.635,4.66,4.62,4.62,784707,0
2016-06-27,17:55:00,4.62,4.63,4.59,4.615,672540,0
2016-06-27,18:00:00,4.6175,4.64,4.61,4.625,393317,0
2016-06-27,18:05:00,4.62,4.64,4.605,4.635,262798,0
2016-06-27,18:10:00,4.635,4.66,4.63,4.66,109354,0
2016-06-27,18:15:00,4.66,4.66,4.64,4.64,146801,0
2016-06-27,18:20:00,4.645,4.68,4.64,4.667,332723,0
2016-06-27,18:25:00,4.665,4.67,4.65,4.655,71936,0
2016-06-27,18:30:00,4.66,4.66,4.65,4.655,92085,0
2016-06-27,18:35:00,4.66,4.66,4.65,4.65,133107,0
2016-06-27,18:40:00,4.65,4.67,4.65,4.66,82779,0
2016-06-27,18:45:00,4.67,4.67,4.66,4.6661,79564,0
2016-06-27,18:50:00,4.66,4.68,4.66,4.675,162580,0
2016-06-27,18:55:00,4.675,4.68,4.66,4.665,120823,0
2016-06-27,19:00:00,4.66,4.68,4.66,4.675,250260,0
2016-06-27,19:05:00,4.68,4.69,4.6701,4.685,99327,0
2016-06-27,19:10:00,4.6899,4.6899,4.67,4.67,105902,0
2016-06-27,19:15:00,4.675,4.68,4.67,4.675,68567,0
2016-06-27,19:20:00,4.675,4.69,4.67,4.685,187514,0
2016-06-27,19:25:00,4.69,4.69,4.68,4.68,83121,0
2016-06-27,19:30:00,4.69,4.69,4.68,4.685,76706,0
2016-06-27,19:35:00,4.685,4.69,4.68,4.68,60155,0
2016-06-27,19:40:00,4.6899,4.69,4.68,4.685,59367,0
2016-06-27,19:45:00,4.69,4.69,4.68,4.685,57602,0
2016-06-27,19:50:00,4.68,4.69,4.68,4.69,87778,0
2016-06-27,19:55:00,4.69,4.69,4.68,4.69,126046,0
2016-06-27,20:00:00,4.685,4.695,4.65,4.66,720620,0
2016-06-27,20:05:00,4.655,4.66,4.65,4.66,102972,0
2016-06-27,20:10:00,4.66,4.66,4.65,4.66,56807,0
2016-06-27,20:15:00,4.655,4.66,4.63,4.635,416662,0
2016-06-27,20:20:00,4.635,4.635,4.62,4.625,96990,0
2016-06-27,20:25:00,4.62,4.64,4.62,4.635,148260,0
2016-06-27,20:30:00,4.635,4.655,4.62,4.63,445227,0
2016-06-27,20:35:00,4.63,4.65,4.62,4.6375,242407,0
2016-06-27,20:40:00,4.63,4.64,4.63,4.635,94746,0
2016-06-27,20:45:00,4.63,4.64,4.61,4.6185,317704,0
2016-06-27,20:50:00,4.615,4.62,4.61,4.616,115934,0
2016-06-27,20:55:00,4.616,4.63,4.6,4.605,481487,0
2016-06-27,21:00:00,4.6,4.61,4.6,4.6,97371,0
2016-06-27,21:05:00,4.61,4.62,4.61,4.615,248675,0
2016-06-27,21:10:00,4.615,4.62,4.61,4.615,195631,0
2016-06-27,21:15:00,4.62,4.62,4.61,4.615,583347,0
2016-06-27,21:20:00,4.61,4.62,4.6,4.605,168010,0
2016-06-27,21:25:00,4.605,4.605,4.58,4.5801,503814,0
2016-06-27,21:30:00,4.585,4.59,4.57,4.575,223460,0
2016-06-27,21:35:00,4.575,4.58,4.57,4.575,246653,0
2016-06-27,21:40:00,4.575,4.59,4.57,4.585,584607,0
2016-06-27,21:45:00,4.59,4.59,4.58,4.58,286893,0
2016-06-27,21:50:00,4.585,4.59,4.58,4.59,390247,0
2016-06-27,21:55:00,4.58,4.6,4.58,4.5999,760984,0
2016-06-27,22:00:00,4.595,4.6,4.59,4.6,1973267,0
2016-06-28,15:35:00,4.7,4.73,4.67,4.705,657292,0
2016-06-28,15:40:00,4.705,4.71,4.67,4.69,357900,0
2016-06-28,15:45:00,4.699,4.72,4.69,4.695,220739,0
2016-06-28,15:50:00,4.695,4.74,4.695,4.735,474734,0
2016-06-28,15:55:00,4.735,4.76,4.73,4.755,176721,0
2016-06-28,16:00:00,4.76,4.76,4.73,4.73,379381,0
2016-06-28,16:05:00,4.735,4.74,4.72,4.74,120920,0
2016-06-28,16:10:00,4.735,4.75,4.7301,4.74,202978,0
2016-06-28,16:15:00,4.75,4.75,4.74,4.75,158725,0
2016-06-28,16:20:00,4.75,4.76,4.73,4.74,538684,0
2016-06-28,16:25:00,4.74,4.75,4.73,4.73,264369,0
2016-06-28,16:30:00,4.74,4.74,4.72,4.72,136060,0
2016-06-28,16:35:00,4.72,4.73,4.71,4.73,144687,0
2016-06-28,16:40:00,4.7237,4.74,4.7237,4.74,50941,0
2016-06-28,16:45:00,4.739,4.74,4.72,4.725,193298,0
2016-06-28,16:50:00,4.73,4.73,4.72,4.725,113377,0
2016-06-28,16:55:00,4.725,4.73,4.715,4.715,332507,0
2016-06-28,17:00:00,4.715,4.7199,4.7,4.705,157252,0
2016-06-28,17:05:00,4.7062,4.72,4.7,4.71,190297,0
2016-06-28,17:10:00,4.7095,4.71,4.7,4.71,68586,0
2016-06-28,17:15:00,4.705,4.71,4.69,4.695,608948,0
2016-06-28,17:20:00,4.7,4.72,4.69,4.72,137865,0
2016-06-28,17:25:00,4.72,4.73,4.715,4.725,93592,0
2016-06-28,17:30:00,4.73,4.73,4.72,4.73,81735,0
2016-06-28,17:35:00,4.73,4.74,4.7225,4.74,137409,0
2016-06-28,17:40:00,4.74,4.74,4.73,4.74,37194,0
2016-06-28,17:45:00,4.74,4.74,4.71,4.7165,379729,0
2016-06-28,17:50:00,4.715,4.73,4.715,4.73,98049,0
2016-06-28,17:55:00,4.725,4.74,4.72,4.7301,159626,0
2016-06-28,18:00:00,4.735,4.74,4.73,4.73,87699,0
2016-06-28,18:05:00,4.73,4.74,4.73,4.73,30604,0
2016-06-28,18:10:00,4.73,4.74,4.73,4.73,24697,0
2016-06-28,18:15:00,4.7399,4.74,4.73,4.735,66434,0
2016-06-28,18:20:00,4.735,4.74,4.73,4.735,62714,0
2016-06-28,18:25:00,4.735,4.74,4.73,4.73,114244,0
2016-06-28,18:30:00,4.735,4.74,4.73,4.735,30211,0
2016-06-28,18:35:00,4.735,4.74,4.73,4.74,59028,0
2016-06-28,18:40:00,4.735,4.74,4.73,4.735,53438,0
2016-06-28,18:45:00,4.735,4.74,4.73,4.735,82321,0
2016-06-28,18:50:00,4.735,4.74,4.73,4.735,100610,0
2016-06-28,18:55:00,4.73,4.74,4.73,4.735,45574,0
2016-06-28,19:00:00,4.73,4.74,4.72,4.727,212518,0
2016-06-28,19:05:00,4.725,4.73,4.72,4.72,38097,0
2016-06-28,19:10:00,4.725,4.73,4.72,4.72,47823,0
2016-06-28,19:15:00,4.725,4.73,4.72,4.725,56216,0
2016-06-28,19:20:00,4.72,4.73,4.72,4.72,56838,0
2016-06-28,19:25:00,4.72,4.73,4.72,4.72,50820,0
2016-06-28,19:30:00,4.725,4.73,4.72,4.725,70422,0
2016-06-28,19:35:00,4.72,4.73,4.72,4.72,27858,0
2016-06-28,19:40:00,4.725,4.7265,4.71,4.715,183954,0
2016-06-28,19:45:00,4.71,4.73,4.71,4.725,299930,0
2016-06-28,19:50:00,4.725,4.73,4.72,4.725,55482,0
2016-06-28,19:55:00,4.721,4.73,4.72,4.725,87780,0
2016-06-28,20:00:00,4.725,4.73,4.72,4.725,37485,0
2016-06-28,20:05:00,4.73,4.73,4.72,4.72,133599,0
2016-06-28,20:10:00,4.72,4.7299,4.71,4.715,128951,0
2016-06-28,20:15:00,4.715,4.73,4.71,4.73,512551,0
2016-06-28,20:20:00,4.725,4.735,4.72,4.725,684519,0
2016-06-28,20:25:00,4.725,4.73,4.72,4.73,118437,0
2016-06-28,20:30:00,4.7225,4.73,4.7201,4.73,74485,0
2016-06-28,20:35:00,4.7225,4.74,4.72,4.74,150372,0
2016-06-28,20:40:00,4.74,4.75,4.73,4.75,160458,0
2016-06-28,20:45:00,4.745,4.75,4.74,4.75,163239,0
2016-06-28,20:50:00,4.75,4.75,4.74,4.75,58432,0
2016-06-28,20:55:00,4.75,4.76,4.74,4.76,298130,0
2016-06-28,21:00:00,4.76,4.76,4.73,4.75,794536,0
2016-06-28,21:05:00,4.745,4.75,4.74,4.74,247885,0
2016-06-28,21:10:00,4.74,4.75,4.74,4.745,57178,0
2016-06-28,21:15:00,4.745,4.75,4.74,4.745,88774,0
2016-06-28,21:20:00,4.74,4.75,4.73,4.735,277900,0
2016-06-28,21:25:00,4.74,4.74,4.72,4.73,183422,0
2016-06-28,21:30:00,4.725,4.73,4.72,4.73,149774,0
2016-06-28,21:35:00,4.73,4.75,4.72,4.7456,438944,0
2016-06-28,21:40:00,4.75,4.75,4.74,4.745,112218,0
2016-06-28,21:45:00,4.75,4.75,4.74,4.75,149013,0
2016-06-28,21:50:00,4.75,4.75,4.74,4.745,162326,0
2016-06-28,21:55:00,4.745,4.75,4.74,4.745,561226,0
2016-06-28,22:00:00,4.75,4.75,4.73,4.74,1239752,0
2016-06-29,15:35:00,4.89,4.89,4.8201,4.84,453536,0
2016-06-29,15:40:00,4.8301,4.84,4.78,4.827,347487,0
2016-06-29,15:45:00,4.83,4.86,4.82,4.855,260949,0
2016-06-29,15:50:00,4.855,4.86,4.84,4.845,128131,0
2016-06-29,15:55:00,4.84,4.85,4.83,4.83,137849,0
2016-06-29,16:00:00,4.83,4.84,4.83,4.83,42104,0
2016-06-29,16:05:00,4.83,4.86,4.83,4.845,246827,0
2016-06-29,16:10:00,4.845,4.85,4.815,4.825,324878,0
2016-06-29,16:15:00,4.825,4.84,4.82,4.83,106831,0
2016-06-29,16:20:00,4.83,4.84,4.83,4.83,129885,0
2016-06-29,16:25:00,4.83,4.84,4.83,4.835,85906,0
2016-06-29,16:30:00,4.835,4.85,4.83,4.83,148111,0
2016-06-29,16:35:00,4.835,4.85,4.83,4.845,114132,0
2016-06-29,16:40:00,4.845,4.85,4.84,4.85,65070,0
2016-06-29,16:45:00,4.85,4.85,4.82,4.83,294143,0
2016-06-29,16:50:00,4.84,4.84,4.83,4.835,107252,0
2016-06-29,16:55:00,4.835,4.84,4.83,4.835,101889,0
2016-06-29,17:00:00,4.84,4.84,4.83,4.835,315635,0
2016-06-29,17:05:00,4.84,4.845,4.83,4.84,196470,0
2016-06-29,17:10:00,4.835,4.84,4.825,4.84,94877,0
2016-06-29,17:15:00,4.835,4.85,4.835,4.85,200507,0
2016-06-29,17:20:00,4.85,4.85,4.84,4.8463,29554,0
2016-06-29,17:25:00,4.85,4.85,4.84,4.845,51162,0
2016-06-29,17:30:00,4.85,4.85,4.84,4.8439,44920,0
2016-06-29,17:35:00,4.845,4.85,4.84,4.84,36206,0
2016-06-29,17:40:00,4.84,4.85,4.83,4.85,284748,0
2016-06-29,17:45:00,4.85,4.85,4.84,4.84,333249,0
2016-06-29,17:50:00,4.84,4.85,4.84,4.845,30777,0
2016-06-29,17:55:00,4.845,4.85,4.84,4.85,56980,0
2016-06-29,18:00:00,4.845,4.86,4.84,4.855,245667,0
2016-06-29,18:05:00,4.853,4.86,4.85,4.855,40424,0
2016-06-29,18:10:00,4.85,4.86,4.85,4.8565,76901,0
2016-06-29,18:15:00,4.855,4.86,4.85,4.855,126113,0
2016-06-29,18:20:00,4.86,4.86,4.85,4.855,61809,0
2016-06-29,18:25:00,4.855,4.86,4.85,4.851,43773,0
2016-06-29,18:30:00,4.85,4.86,4.85,4.86,157260,0
2016-06-29,18:35:00,4.855,4.86,4.85,4.86,41633,0
2016-06-29,18:40:00,4.85,4.86,4.85,4.86,39218,0
2016-06-29,18:45:00,4.86,4.86,4.84,4.845,351241,0
2016-06-29,18:50:00,4.845,4.85,4.835,4.841,268565,0
2016-06-29,18:55:00,4.85,4.85,4.83,4.835,200864,0
2016-06-29,19:00:00,4.84,4.84,4.83,4.835,35852,0
2016-06-29,19:05:00,4.84,4.84,4.83,4.83,57072,0
2016-06-29,19:10:00,4.835,4.84,4.83,4.835,51693,0
2016-06-29,19:15:00,4.835,4.84,4.83,4.835,35450,0
2016-06-29,19:20:00,4.84,4.84,4.83,4.84,81134,0
2016-06-29,19:25:00,4.8369,4.84,4.83,4.84,87580,0
2016-06-29,19:30:00,4.84,4.84,4.83,4.84,43584,0
2016-06-29,19:35:00,4.84,4.84,4.83,4.84,38040,0
2016-06-29,19:40:00,4.84,4.84,4.83,4.835,45976,0
2016-06-29,19:45:00,4.835,4.84,4.83,4.84,37913,0
2016-06-29,19:50:00,4.83,4.84,4.83,4.835,44750,0
2016-06-29,19:55:00,4.835,4.84,4.83,4.84,48293,0
2016-06-29,20:00:00,4.835,4.84,4.83,4.84,80785,0
2016-06-29,20:05:00,4.835,4.85,4.833,4.85,178569,0
2016-06-29,20:10:00,4.8465,4.85,4.84,4.847,167705,0
2016-06-29,20:15:00,4.845,4.85,4.84,4.85,229148,0
2016-06-29,20:20:00,4.85,4.85,4.84,4.85,49106,0
2016-06-29,20:25:00,4.845,4.86,4.845,4.86,198964,0
2016-06-29,20:30:00,4.855,4.86,4.85,4.855,71166,0
2016-06-29,20:35:00,4.855,4.86,4.85,4.855,41852,0
2016-06-29,20:40:00,4.86,4.86,4.85,4.85,60212,0
2016-06-29,20:45:00,4.855,4.86,4.85,4.85,69525,0
2016-06-29,20:50:00,4.855,4.88,4.85,4.875,427011,0
2016-06-29,20:55:00,4.875,4.88,4.87,4.8799,39004,0
2016-06-29,21:00:00,4.88,4.88,4.86,4.865,321881,0
2016-06-29,21:05:00,4.865,4.87,4.86,4.865,484800,0
2016-06-29,21:10:00,4.865,4.88,4.85,4.88,535751,0
2016-06-29,21:15:00,4.88,4.89,4.87,4.89,448990,0
2016-06-29,21:20:00,4.89,4.89,4.8801,4.89,78115,0
2016-06-29,21:25:00,4.89,4.89,4.88,4.885,208726,0
2016-06-29,21:30:00,4.885,4.89,4.87,4.87,464335,0
2016-06-29,21:35:00,4.875,4.88,4.86,4.87,382184,0
2016-06-29,21:40:00,4.865,4.87,4.84,4.845,558620,0
2016-06-29,21:45:00,4.84,4.85,4.82,4.835,878832,0
2016-06-29,21:50:00,4.835,4.835,4.82,4.83,547095,0
2016-06-29,21:55:00,4.83,4.85,4.83,4.845,781528,0
2016-06-29,22:00:00,4.845,4.85,4.84,4.85,1638511,0
2016-06-30,15:35:00,4.94,4.94,4.86,4.88,751468,0
2016-06-30,15:40:00,4.875,4.9,4.85,4.86,409128,0
2016-06-30,15:45:00,4.87,4.87,4.85,4.86,173857,0
2016-06-30,15:50:00,4.86,4.86,4.84,4.85,123528,0
2016-06-30,15:55:00,4.845,4.85,4.81,4.81,207130,0
2016-06-30,16:00:00,4.81,4.82,4.8,4.81,177135,0
2016-06-30,16:05:00,4.81,4.84,4.81,4.835,127485,0
2016-06-30,16:10:00,4.835,4.85,4.83,4.85,74524,0
2016-06-30,16:15:00,4.85,4.85,4.84,4.85,56859,0
2016-06-30,16:20:00,4.845,4.87,4.84,4.845,298648,0
2016-06-30,16:25:00,4.845,4.85,4.82,4.83,230508,0
2016-06-30,16:30:00,4.83,4.84,4.83,4.84,60027,0
2016-06-30,16:35:00,4.84,4.85,4.83,4.85,74730,0
2016-06-30,16:40:00,4.85,4.87,4.845,4.87,70692,0
2016-06-30,16:45:00,4.865,4.87,4.86,4.87,124104,0
2016-06-30,16:50:00,4.865,4.88,4.86,4.88,62410,0
2016-06-30,16:55:00,4.88,4.9,4.875,4.9,107266,0
2016-06-30,17:00:00,4.9,4.9,4.89,4.9,53672,0
2016-06-30,17:05:00,4.895,4.9,4.8901,4.9,105020,0
2016-06-30,17:10:00,4.895,4.91,4.892,4.91,152389,0
2016-06-30,17:15:00,4.905,4.92,4.905,4.92,289645,0
2016-06-30,17:20:00,4.915,4.92,4.89,4.895,177457,0
2016-06-30,17:25:00,4.89,4.9,4.8803,4.885,83913,0
2016-06-30,17:30:00,4.88,4.91,4.88,4.91,72325,0
2016-06-30,17:35:00,4.905,4.93,4.9,4.9,143894,0
2016-06-30,17:40:00,4.9,4.91,4.9,4.9,33590,0
2016-06-30,17:45:00,4.9,4.91,4.9,4.905,33818,0
2016-06-30,17:50:00,4.91,4.91,4.9,4.905,40594,0
2016-06-30,17:55:00,4.905,4.91,4.9,4.91,43284,0
2016-06-30,18:00:00,4.9099,4.91,4.9,4.91,28869,0
2016-06-30,18:05:00,4.91,4.92,4.9,4.905,103649,0
2016-06-30,18:10:00,4.905,4.92,4.9,4.905,70293,0
2016-06-30,18:15:00,4.905,4.91,4.9,4.91,38719,0
2016-06-30,18:20:00,4.91,4.92,4.9,4.915,35835,0
2016-06-30,18:25:00,4.915,4.92,4.915,4.92,33314,0
2016-06-30,18:30:00,4.92,4.92,4.91,4.92,81241,0
2016-06-30,18:35:00,4.915,4.92,4.91,4.9152,75730,0
2016-06-30,18:40:00,4.92,4.92,4.91,4.915,69738,0
2016-06-30,18:45:00,4.915,4.92,4.91,4.92,42915,0
2016-06-30,18:50:00,4.92,4.92,4.91,4.915,38453,0
2016-06-30,18:55:00,4.92,4.92,4.9,4.9061,173933,0
2016-06-30,19:00:00,4.9,4.91,4.9,4.9,72660,0
2016-06-30,19:05:00,4.91,4.91,4.9,4.905,45846,0
2016-06-30,19:10:00,4.905,4.91,4.9,4.905,56476,0
2016-06-30,19:15:00,4.905,4.91,4.9,4.905,48096,0
2016-06-30,19:20:00,4.905,4.91,4.9,4.91,27325,0
2016-06-30,19:25:00,4.91,4.91,4.9,4.9,54159,0
2016-06-30,19:30:00,4.91,4.91,4.9,4.91,53588,0
2016-06-30,19:35:00,4.905,4.91,4.9,4.9,27809,0
2016-06-30,19:40:00,4.91,4.91,4.9,4.905,72295,0
2016-06-30,19:45:00,4.9,4.91,4.9,4.91,74175,0
2016-06-30,19:50:00,4.91,4.91,4.9,4.91,55940,0
2016-06-30,19:55:00,4.91,4.91,4.9,4.905,76445,0
2016-06-30,20:00:00,4.91,4.92,4.9,4.915,139594,0
2016-06-30,20:05:00,4.92,4.93,4.915,4.93,133838,0
2016-06-30,20:10:00,4.93,4.93,4.92,4.925,67124,0
2016-06-30,20:15:00,4.93,4.935,4.92,4.925,138822,0
2016-06-30,20:20:00,4.925,4.93,4.92,4.93,82421,0
2016-06-30,20:25:00,4.93,4.93,4.92,4.93,81810,0
2016-06-30,20:30:00,4.921,4.93,4.91,4.915,230317,0
2016-06-30,20:35:00,4.915,4.92,4.91,4.915,99360,0
2016-06-30,20:40:00,4.92,4.92,4.9101,4.92,40138,0
2016-06-30,20:45:00,4.92,4.93,4.9,4.915,556904,0
2016-06-30,20:50:00,4.915,4.93,4.91,4.92,423776,0
2016-06-30,20:55:00,4.92,4.92,4.91,4.92,117107,0
2016-06-30,21:00:00,4.92,4.92,4.91,4.915,120174,0
2016-06-30,21:05:00,4.92,4.92,4.91,4.92,112477,0
2016-06-30,21:10:00,4.92,4.92,4.91,4.92,47208,0
2016-06-30,21:15:00,4.92,4.92,4.91,4.91,98001,0
2016-06-30,21:20:00,4.91,4.92,4.91,4.91,146164,0
2016-06-30,21:25:00,4.915,4.92,4.91,4.91,73328,0
2016-06-30,21:30:00,4.915,4.92,4.91,4.92,92058,0
2016-06-30,21:35:00,4.91,4.92,4.91,4.92,128721,0
2016-06-30,21:40:00,4.91,4.93,4.91,4.925,316020,0
2016-06-30,21:45:00,4.925,4.93,4.91,4.915,240554,0
2016-06-30,21:50:00,4.91,4.915,4.9,4.905,148326,0
2016-06-30,21:55:00,4.905,4.92,4.905,4.915,715532,0
2016-06-30,22:00:00,4.92,4.94,4.91,4.94,2387459,0
2016-07-01,15:35:00,4.94,4.94,4.905,4.93,292369,0
2016-07-01,15:40:00,4.925,4.94,4.91,4.9235,111289,0
2016-07-01,15:45:00,4.92,4.93,4.91,4.91,34973,0
2016-07-01,15:50:00,4.915,4.92,4.91,4.915,58631,0
2016-07-01,15:55:00,4.91,4.92,4.9,4.9,93570,0
2016-07-01,16:00:00,4.9,4.905,4.885,4.895,168850,0
2016-07-01,16:05:00,4.9,4.925,4.895,4.915,407460,0
2016-07-01,16:10:00,4.92,4.93,4.915,4.92,90925,0
2016-07-01,16:15:00,4.93,4.93,4.92,4.93,67402,0
2016-07-01,16:20:00,4.925,4.93,4.92,4.93,87674,0
2016-07-01,16:25:00,4.925,4.94,4.925,4.935,154281,0
2016-07-01,16:30:00,4.9399,4.94,4.92,4.92,122977,0
2016-07-01,16:35:00,4.925,4.93,4.92,4.92,67226,0
2016-07-01,16:40:00,4.92,4.93,4.92,4.925,44394,0
2016-07-01,16:45:00,4.92,4.93,4.92,4.925,30969,0
2016-07-01,16:50:00,4.9263,4.93,4.92,4.925,55579,0
2016-07-01,16:55:00,4.925,4.93,4.92,4.925,42046,0
2016-07-01,17:00:00,4.92,4.935,4.92,4.935,269683,0
2016-07-01,17:05:00,4.935,4.95,4.93,4.94,132330,0
2016-07-01,17:10:00,4.945,4.95,4.93,4.93,188224,0
2016-07-01,17:15:00,4.935,4.938,4.92,4.92,95337,0
2016-07-01,17:20:00,4.925,4.93,4.92,4.92,33714,0
2016-07-01,17:25:00,4.925,4.93,4.91,4.91,158255,0
2016-07-01,17:30:00,4.91,4.92,4.91,4.915,55051,0
2016-07-01,17:35:00,4.915,4.92,4.91,4.91,68459,0
2016-07-01,17:40:00,4.91,4.92,4.91,4.92,105635,0
2016-07-01,17:45:00,4.92,4.92,4.91,4.915,29190,0
2016-07-01,17:50:00,4.92,4.92,4.91,4.9125,44261,0
2016-07-01,17:55:00,4.915,4.92,4.91,4.915,62169,0
2016-07-01,18:00:00,4.91,4.92,4.91,4.9125,86137,0
2016-07-01,18:05:00,4.9125,4.92,4.91,4.915,52968,0
2016-07-01,18:10:00,4.91,4.93,4.91,4.93,208241,0
2016-07-01,18:15:00,4.93,4.93,4.92,4.93,24960,0
2016-07-01,18:20:00,4.9225,4.93,4.92,4.925,33383,0
2016-07-01,18:25:00,4.92,4.93,4.92,4.925,47902,0
2016-07-01,18:30:00,4.93,4.93,4.92,4.925,13347,0
2016-07-01,18:35:00,4.925,4.93,4.92,4.92,55898,0
2016-07-01,18:40:00,4.925,4.93,4.92,4.925,19047,0
2016-07-01,18:45:00,4.92,4.93,4.92,4.925,23654,0
2016-07-01,18:50:00,4.925,4.93,4.92,4.92,116712,0
2016-07-01,18:55:00,4.925,4.93,4.92,4.93,28164,0
2016-07-01,19:00:00,4.93,4.93,4.92,4.92,37456,0
2016-07-01,19:05:00,4.92,4.93,4.92,4.93,70506,0
2016-07-01,19:10:00,4.9225,4.95,4.9225,4.945,147675,0
2016-07-01,19:15:00,4.95,4.95,4.94,4.94,26653,0
2016-07-01,19:20:00,4.94,4.95,4.94,4.94,21387,0
2016-07-01,19:25:00,4.945,4.95,4.94,4.945,31405,0
2016-07-01,19:30:00,4.945,4.95,4.94,4.945,18281,0
2016-07-01,19:35:00,4.945,4.95,4.94,4.9425,67850,0
2016-07-01,19:40:00,4.945,4.96,4.9425,4.95,118285,0
2016-07-01,19:45:00,4.955,4.96,4.95,4.955,24664,0
2016-07-01,19:50:00,4.96,4.96,4.95,4.955,55185,0
2016-07-01,19:55:00,4.95,4.96,4.95,4.95,30981,0
2016-07-01,20:00:00,4.96,4.96,4.95,4.95,23857,0
2016-07-01,20:05:00,4.96,4.96,4.95,4.955,162244,0
2016-07-01,20:10:00,4.9532,4.96,4.94,4.96,94921,0
2016-07-01,20:15:00,4.955,4.96,4.95,4.955,41856,0
2016-07-01,20:20:00,4.96,4.96,4.95,4.955,40245,0
2016-07-01,20:25:00,4.955,4.96,4.95,4.9528,50491,0
2016-07-01,20:30:00,4.95,4.96,4.95,4.955,43738,0
2016-07-01,20:35:00,4.955,4.96,4.95,4.955,24324,0
2016-07-01,20:40:00,4.9501,4.96,4.95,4.955,31332,0
2016-07-01,20:45:00,4.95,4.96,4.94,4.945,185381,0
2016-07-01,20:50:00,4.945,4.95,4.94,4.94,33417,0
2016-07-01,20:55:00,4.945,4.95,4.94,4.94,49580,0
2016-07-01,21:00:00,4.945,4.95,4.94,4.945,41017,0
2016-07-01,21:05:00,4.945,4.96,4.94,4.955,148195,0
2016-07-01,21:10:00,4.955,4.96,4.95,4.95,111415,0
2016-07-01,21:15:00,4.95,4.96,4.95,4.95,64002,0
2016-07-01,21:20:00,4.95,4.96,4.95,4.95,34120,0
2016-07-01,21:25:00,4.95,4.96,4.94,4.955,342871,0
2016-07-01,21:30:00,4.95,4.96,4.95,4.955,34510,0
2016-07-01,21:35:00,4.95,4.96,4.95,4.955,40568,0
2016-07-01,21:40:00,4.96,4.96,4.94,4.945,227837,0
2016-07-01,21:45:00,4.945,4.95,4.94,4.94,46460,0
2016-07-01,21:50:00,4.945,4.95,4.94,4.945,74751,0
2016-07-01,21:55:00,4.95,4.95,4.94,4.945,282236,0
2016-07-01,22:00:00,4.95,4.96,4.94,4.96,1169982,0
