Date,Time,Open,High,Low,Close,Volume,OpenInt
2016-05-18,15:35:00,2.17,2.17,2.17,2.17,800,0
2016-05-18,15:40:00,2.16,2.16,2.16,2.16,300,0
2016-05-18,15:50:00,2.16,2.1603,2.16,2.1603,1800,0
2016-05-18,15:55:00,2.16,2.16,2.16,2.16,600,0
2016-05-18,16:10:00,2.16,2.1611,2.16,2.1611,2600,0
2016-05-18,16:15:00,2.16,2.16,2.16,2.16,3400,0
2016-05-18,16:20:00,2.16,2.16,2.16,2.16,500,0
2016-05-18,16:30:00,2.16,2.16,2.16,2.16,600,0
2016-05-18,16:35:00,2.16,2.16,2.16,2.16,300,0
2016-05-18,16:40:00,2.17,2.17,2.17,2.17,100,0
2016-05-18,16:55:00,2.16,2.16,2.16,2.16,100,0
2016-05-18,17:05:00,2.16,2.16,2.16,2.16,1000,0
2016-05-18,17:20:00,2.16,2.16,2.16,2.16,300,0
2016-05-18,17:30:00,2.17,2.17,2.17,2.17,100,0
2016-05-18,18:20:00,2.16,2.16,2.16,2.16,500,0
2016-05-18,18:35:00,2.16,2.17,2.16,2.17,6200,0
2016-05-18,18:40:00,2.16,2.16,2.16,2.16,700,0
2016-05-18,18:45:00,2.16,2.16,2.16,2.16,900,0
2016-05-18,18:50:00,2.16,2.16,2.16,2.16,100,0
2016-05-18,18:55:00,2.16,2.16,2.16,2.16,100,0
2016-05-18,19:00:00,2.16,2.16,2.16,2.16,100,0
2016-05-18,19:30:00,2.165,2.165,2.165,2.165,100,0
2016-05-18,19:40:00,2.16,2.16,2.16,2.16,100,0
2016-05-18,19:50:00,2.16,2.16,2.16,2.16,4400,0
2016-05-18,19:55:00,2.16,2.16,2.13,2.13,4283,0
2016-05-18,20:00:00,2.1201,2.1201,2.1201,2.1201,1000,0
2016-05-18,20:05:00,2.13,2.13,2.12,2.12,200,0
2016-05-18,20:10:00,2.125,2.125,2.12,2.12,200,0
2016-05-18,20:25:00,2.12,2.12,2.12,2.12,100,0
2016-05-18,20:50:00,2.12,2.13,2.07,2.07,5100,0
2016-05-18,20:55:00,2.07,2.0993,2.03,2.0699,10000,0
2016-05-18,21:00:00,2.05,2.05,2.05,2.05,2500,0
2016-05-18,21:05:00,2.05,2.05,2.01,2.01,2600,0
2016-05-18,21:10:00,2,2.04,2,2.0352,12200,0
2016-05-18,21:20:00,2.03,2.06,2.03,2.06,1900,0
2016-05-18,21:30:00,2.05,2.05,2,2,18500,0
2016-05-18,21:35:00,2.02,2.02,2,2,300,0
2016-05-18,21:40:00,2.01,2.01,2,2.01,400,0
2016-05-18,21:45:00,2.01,2.01,2.01,2.01,300,0
2016-05-18,21:50:00,2.01,2.01,2,2,1300,0
2016-05-18,21:55:00,2.01,2.01,2,2,10500,0
2016-05-18,22:00:00,2,2.01,2,2,2700,0
2016-05-19,16:10:00,2.03,2.0339,2.01,2.01,3025,0
2016-05-19,16:15:00,2,2,1.97,1.97,3800,0
2016-05-19,16:20:00,1.97,1.97,1.97,1.97,100,0
2016-05-19,16:25:00,1.96,2,1.96,2,600,0
2016-05-19,16:30:00,1.97,1.97,1.95,1.95,200,0
2016-05-19,16:40:00,1.97,1.99,1.97,1.99,1100,0
2016-05-19,16:45:00,1.97,1.97,1.91,1.92,4300,0
2016-05-19,16:50:00,1.933,1.933,1.92,1.92,790,0
2016-05-19,17:10:00,1.9,1.92,1.9,1.92,2700,0
2016-05-19,17:35:00,1.9,1.9,1.9,1.9,100,0
2016-05-19,17:50:00,1.905,1.91,1.905,1.91,210,0
2016-05-19,18:00:00,1.9,1.9,1.9,1.9,100,0
2016-05-19,18:05:00,1.9099,1.9099,1.9099,1.9099,100,0
2016-05-19,18:15:00,1.906,1.906,1.906,1.906,100,0
2016-05-19,18:30:00,1.9066,1.91,1.9063,1.9063,700,0
2016-05-19,18:40:00,1.9,1.9,1.9,1.9,700,0
2016-05-19,18:45:00,1.9,1.9,1.88,1.88,856,0
2016-05-19,18:55:00,1.86,1.86,1.86,1.86,200,0
2016-05-19,19:15:00,1.87,1.87,1.87,1.87,1000,0
2016-05-19,19:20:00,1.86,1.86,1.85,1.85,800,0
2016-05-19,19:25:00,1.82,1.83,1.82,1.83,300,0
2016-05-19,19:35:00,1.84,1.84,1.84,1.84,266,0
2016-05-19,19:40:00,1.88,1.88,1.88,1.88,100,0
2016-05-19,19:45:00,1.84,1.84,1.84,1.84,200,0
2016-05-19,19:50:00,1.84,1.86,1.84,1.86,500,0
2016-05-19,20:00:00,1.86,1.86,1.86,1.86,100,0
2016-05-19,20:25:00,1.83,1.83,1.83,1.83,100,0
2016-05-19,20:40:00,1.86,1.86,1.86,1.86,1100,0
2016-05-19,20:45:00,1.85,1.86,1.85,1.86,500,0
2016-05-19,21:00:00,1.87,1.9,1.87,1.887,3600,0
2016-05-19,21:05:00,1.875,1.89,1.875,1.8899,2438,0
2016-05-19,21:15:00,1.8899,1.8899,1.8899,1.8899,100,0
2016-05-19,21:25:00,1.89,1.89,1.89,1.89,100,0
2016-05-19,21:30:00,1.89,1.89,1.89,1.89,200,0
2016-05-19,21:35:00,1.86,1.86,1.86,1.86,6000,0
2016-05-19,21:40:00,1.87,1.87,1.87,1.87,100,0
2016-05-19,21:45:00,1.8987,1.9,1.87,1.9,9250,0
2016-05-19,21:50:00,1.9,1.905,1.9,1.9,800,0
2016-05-19,21:55:00,1.9099,1.9099,1.9,1.9,1650,0
2016-05-19,22:00:00,1.88,1.8999,1.86,1.86,3060,0
2016-05-20,15:35:00,1.81,1.81,1.81,1.81,762,0
2016-05-20,15:55:00,1.86,1.86,1.8001,1.8001,550,0
2016-05-20,16:00:00,1.8399,1.8399,1.8,1.82,3900,0
2016-05-20,16:10:00,1.8,1.81,1.8,1.8,700,0
2016-05-20,16:15:00,1.805,1.8099,1.8,1.8099,1200,0
2016-05-20,16:20:00,1.8011,1.8011,1.8,1.8,1500,0
2016-05-20,16:25:00,1.8025,1.809,1.8025,1.809,2100,0
2016-05-20,16:35:00,1.81,1.81,1.81,1.81,200,0
2016-05-20,16:45:00,1.805,1.81,1.805,1.81,500,0
2016-05-20,16:50:00,1.82,1.85,1.82,1.85,1250,0
2016-05-20,16:55:00,1.865,1.865,1.85,1.85,900,0
2016-05-20,17:00:00,1.94,1.94,1.92,1.92,700,0
2016-05-20,17:05:00,1.92,1.92,1.92,1.92,400,0
2016-05-20,17:10:00,1.92,1.97,1.92,1.94,900,0
2016-05-20,17:35:00,1.94,1.94,1.94,1.94,100,0
2016-05-20,18:05:00,1.92,1.92,1.89,1.89,300,0
2016-05-20,18:20:00,1.91,1.91,1.91,1.91,500,0
2016-05-20,18:25:00,1.91,1.91,1.907,1.91,2000,0
2016-05-20,18:40:00,1.91,1.91,1.91,1.91,675,0
2016-05-20,19:00:00,1.95,1.95,1.95,1.95,100,0
2016-05-20,19:10:00,1.94,1.94,1.94,1.94,100,0
2016-05-20,19:30:00,1.94,1.94,1.94,1.94,100,0
2016-05-20,19:45:00,1.94,1.94,1.94,1.94,100,0
2016-05-20,20:00:00,1.92,1.93,1.92,1.93,500,0
2016-05-20,20:50:00,1.92,1.92,1.92,1.92,100,0
2016-05-20,20:55:00,1.9465,1.9465,1.9465,1.9465,500,0
2016-05-20,21:05:00,1.92,1.92,1.92,1.92,300,0
2016-05-20,21:10:00,1.9131,1.915,1.9131,1.915,600,0
2016-05-20,21:15:00,1.915,1.9185,1.915,1.915,500,0
2016-05-20,21:20:00,1.9185,1.9185,1.9185,1.9185,100,0
2016-05-20,21:25:00,1.92,1.92,1.9,1.91,1500,0
2016-05-20,21:35:00,1.907,1.907,1.907,1.907,100,0
2016-05-20,21:40:00,1.91,1.91,1.91,1.91,200,0
2016-05-20,21:45:00,1.8962,1.92,1.8962,1.9155,3500,0
2016-05-20,21:50:00,1.9155,1.92,1.9,1.92,400,0
2016-05-20,21:55:00,1.91,1.91,1.91,1.91,300,0
2016-05-20,22:00:00,1.9,1.91,1.88,1.88,1185,0
2016-05-23,15:35:00,1.87,2.062,1.87,1.91,920,0
2016-05-23,15:40:00,1.93,1.93,1.93,1.93,100,0
2016-05-23,16:20:00,1.93,1.93,1.93,1.93,300,0
2016-05-23,16:30:00,1.93,1.93,1.93,1.93,700,0
2016-05-23,16:35:00,1.9,1.9,1.9,1.9,100,0
2016-05-23,17:20:00,1.9055,1.9055,1.9,1.9,2200,0
2016-05-23,17:30:00,1.93,1.93,1.9,1.9,400,0
2016-05-23,17:35:00,1.9,1.9,1.9,1.9,100,0
2016-05-23,17:40:00,1.9,1.9,1.9,1.9,300,0
2016-05-23,17:45:00,1.91,1.91,1.91,1.91,100,0
2016-05-23,19:00:00,1.9001,1.92,1.9001,1.92,1800,0
2016-05-23,19:35:00,1.9,1.9,1.9,1.9,400,0
2016-05-23,19:50:00,1.91,1.91,1.91,1.91,500,0
2016-05-23,19:55:00,1.9299,1.9299,1.9299,1.9299,1000,0
2016-05-23,20:00:00,1.91,1.91,1.91,1.91,100,0
2016-05-23,20:10:00,1.906,1.906,1.906,1.906,340,0
2016-05-23,20:15:00,1.91,1.91,1.91,1.91,200,0
2016-05-23,20:30:00,1.91,1.92,1.91,1.91,1500,0
2016-05-23,20:40:00,1.91,1.91,1.91,1.91,300,0
2016-05-23,20:45:00,1.91,1.91,1.91,1.91,600,0
2016-05-23,21:05:00,1.91,1.92,1.91,1.92,300,0
2016-05-23,21:10:00,1.91,1.91,1.91,1.91,100,0
2016-05-23,21:45:00,1.91,1.91,1.91,1.91,100,0
2016-05-23,21:55:00,1.9014,1.91,1.9005,1.9008,2600,0
2016-05-23,22:00:00,1.91,1.91,1.9,1.9,300,0
2016-05-24,15:35:00,1.93,1.93,1.93,1.93,100,0
2016-05-24,15:55:00,1.88,1.91,1.88,1.91,200,0
2016-05-24,16:30:00,1.91,1.91,1.91,1.91,100,0
2016-05-24,16:45:00,1.9097,1.92,1.9093,1.92,1800,0
2016-05-24,18:30:00,1.93,1.93,1.93,1.93,1100,0
2016-05-24,19:05:00,1.9522,1.9522,1.9522,1.9522,500,0
2016-05-24,19:20:00,1.94,1.94,1.94,1.94,200,0
2016-05-24,20:30:00,1.95,1.95,1.95,1.95,400,0
2016-05-24,20:40:00,1.95,1.95,1.94,1.94,2400,0
2016-05-24,20:50:00,1.95,1.95,1.95,1.95,100,0
2016-05-24,21:10:00,1.93,1.93,1.93,1.93,100,0
2016-05-24,21:15:00,1.92,1.95,1.92,1.95,1000,0
2016-05-24,21:20:00,1.95,1.95,1.92,1.92,600,0
2016-05-24,21:25:00,1.95,1.95,1.91,1.95,3300,0
2016-05-24,21:30:00,1.92,1.95,1.91,1.92,600,0
2016-05-24,21:35:00,1.91,1.95,1.91,1.91,3000,0
2016-05-24,21:40:00,1.91,1.95,1.91,1.91,1100,0
2016-05-24,21:45:00,1.91,1.91,1.91,1.91,1200,0
2016-05-24,21:50:00,1.91,1.91,1.9,1.9,1500,0
2016-05-24,21:55:00,1.9,1.91,1.89,1.89,4000,0
2016-05-24,22:00:00,1.91,1.91,1.89,1.89,6585,0
2016-05-25,16:05:00,2,2,1.9976,1.9976,5327,0
2016-05-25,16:35:00,1.95,1.95,1.95,1.95,100,0
2016-05-25,16:45:00,1.95,1.95,1.95,1.95,500,0
2016-05-25,16:50:00,1.95,1.95,1.95,1.95,100,0
2016-05-25,16:55:00,1.95,1.95,1.95,1.95,100,0
2016-05-25,17:35:00,1.95,1.95,1.95,1.95,400,0
2016-05-25,18:25:00,1.95,1.95,1.95,1.95,200,0
2016-05-25,18:30:00,1.95,1.96,1.95,1.96,400,0
2016-05-25,18:55:00,1.9599,1.9599,1.9599,1.9599,100,0
2016-05-25,19:00:00,1.945,1.945,1.945,1.945,100,0
2016-05-25,19:15:00,1.95,1.95,1.95,1.95,100,0
2016-05-25,19:35:00,1.95,1.95,1.945,1.945,300,0
2016-05-25,19:40:00,1.96,1.96,1.96,1.96,200,0
2016-05-25,19:45:00,1.99,1.99,1.99,1.99,100,0
2016-05-25,20:10:00,1.98,1.99,1.98,1.99,3400,0
2016-05-25,20:35:00,1.97,1.97,1.97,1.97,100,0
2016-05-25,20:40:00,1.97,1.97,1.97,1.97,100,0
2016-05-25,20:45:00,1.97,1.97,1.95,1.95,200,0
2016-05-25,20:50:00,2,2,1.96,1.96,200,0
2016-05-25,21:00:00,1.9864,1.9864,1.9864,1.9864,700,0
2016-05-25,21:40:00,1.97,1.97,1.97,1.97,100,0
2016-05-25,21:45:00,2,2,2,2,100,0
2016-05-25,21:50:00,1.97,1.97,1.97,1.97,100,0
2016-05-25,21:55:00,2,2,2,2,100,0
2016-05-25,22:00:00,1.9801,1.9801,1.96,1.96,2700,0
2016-05-26,15:35:00,1.907,1.99,1.907,1.99,1400,0
2016-05-26,16:00:00,1.9535,1.9535,1.9535,1.9535,1000,0
2016-05-26,16:25:00,1.94,1.94,1.94,1.94,100,0
2016-05-26,17:00:00,1.94,1.94,1.94,1.94,200,0
2016-05-26,17:40:00,1.94,1.94,1.94,1.94,300,0
2016-05-26,17:45:00,1.94,1.94,1.94,1.94,100,0
2016-05-26,19:00:00,1.94,1.95,1.94,1.95,892,0
2016-05-26,19:35:00,1.97,1.97,1.97,1.97,100,0
2016-05-26,20:00:00,1.99,1.99,1.99,1.99,100,0
2016-05-26,20:20:00,1.99,1.99,1.98,1.98,200,0
2016-05-26,21:10:00,2,2,1.97,1.97,5071,0
2016-05-26,21:15:00,1.97,1.97,1.92,1.96,6554,0
2016-05-26,21:20:00,1.935,1.94,1.92,1.92,2628,0
2016-05-26,21:25:00,1.89,1.89,1.81,1.8421,5731,0
2016-05-26,21:30:00,1.83,1.83,1.76,1.7601,8124,0
2016-05-26,21:35:00,1.79,1.81,1.7,1.75,41033,0
2016-05-26,21:40:00,1.8,1.8,1.8,1.8,200,0
2016-05-26,21:45:00,1.81,1.81,1.81,1.81,100,0
2016-05-26,21:50:00,1.8111,1.84,1.81,1.81,1600,0
2016-05-26,21:55:00,1.8,1.8,1.79,1.79,2800,0
2016-05-26,22:00:00,1.8199,1.8199,1.77,1.77,2500,0
2016-05-27,15:35:00,1.84,1.84,1.84,1.84,1054,0
2016-05-27,15:45:00,1.88,1.9,1.85,1.9,2700,0
2016-05-27,16:20:00,1.87,1.87,1.87,1.87,200,0
2016-05-27,16:25:00,1.89,1.89,1.89,1.89,200,0
2016-05-27,16:45:00,1.87,1.87,1.81,1.81,500,0
2016-05-27,17:05:00,1.86,1.86,1.86,1.86,100,0
2016-05-27,17:10:00,1.86,1.86,1.86,1.86,200,0
2016-05-27,17:15:00,1.86,1.89,1.86,1.89,348,0
2016-05-27,17:20:00,1.8501,1.8501,1.85,1.85,700,0
2016-05-27,18:35:00,1.86,1.86,1.86,1.86,700,0
2016-05-27,19:30:00,1.8599,1.8599,1.8599,1.8599,100,0
2016-05-27,19:35:00,1.83,1.83,1.76,1.77,1500,0
2016-05-27,19:40:00,1.76,1.77,1.76,1.77,300,0
2016-05-27,20:05:00,1.82,1.82,1.81,1.81,591,0
2016-05-27,20:20:00,1.78,1.78,1.78,1.78,100,0
2016-05-27,20:25:00,1.82,1.82,1.82,1.82,100,0
2016-05-27,20:40:00,1.83,1.83,1.83,1.83,100,0
2016-05-27,21:00:00,1.78,1.81,1.78,1.81,300,0
2016-05-27,21:15:00,1.84,1.84,1.84,1.84,100,0
2016-05-27,21:45:00,1.8,1.8,1.79,1.79,490,0
2016-05-27,21:50:00,1.79,1.79,1.79,1.79,200,0
2016-05-27,21:55:00,1.78,1.78,1.78,1.78,300,0
2016-05-27,22:00:00,1.78,1.78,1.77,1.78,1400,0
2016-05-31,15:50:00,1.94,1.94,1.94,1.94,100,0
2016-05-31,16:00:00,1.7985,1.8,1.79,1.8,500,0
2016-05-31,16:05:00,1.85,1.85,1.85,1.85,100,0
2016-05-31,17:00:00,1.82,1.82,1.79,1.79,200,0
2016-05-31,17:10:00,1.84,1.84,1.8,1.84,3700,0
2016-05-31,17:15:00,1.85,1.85,1.85,1.85,200,0
2016-05-31,17:25:00,1.85,1.85,1.84,1.84,1400,0
2016-05-31,17:30:00,1.84,1.84,1.84,1.84,899,0
2016-05-31,17:40:00,1.84,1.84,1.81,1.84,2101,0
2016-05-31,17:45:00,1.79,1.79,1.79,1.79,100,0
2016-05-31,18:05:00,1.76,1.76,1.76,1.76,100,0
2016-05-31,18:35:00,1.75,1.75,1.75,1.75,500,0
2016-05-31,19:25:00,1.75,1.75,1.75,1.75,400,0
2016-05-31,19:30:00,1.75,1.75,1.74,1.75,5230,0
2016-05-31,19:40:00,1.75,1.75,1.75,1.75,1000,0
2016-05-31,19:50:00,1.755,1.77,1.755,1.755,400,0
2016-05-31,19:55:00,1.74,1.74,1.74,1.74,200,0
2016-05-31,20:00:00,1.74,1.74,1.74,1.74,100,0
2016-05-31,20:05:00,1.74,1.74,1.71,1.73,2201,0
2016-05-31,20:10:00,1.73,1.73,1.73,1.73,200,0
2016-05-31,20:20:00,1.73,1.75,1.73,1.75,700,0
2016-05-31,20:40:00,1.71,1.73,1.71,1.73,200,0
2016-05-31,21:10:00,1.73,1.73,1.73,1.73,100,0
2016-05-31,21:20:00,1.7114,1.7114,1.71,1.71,800,0
2016-05-31,21:25:00,1.7001,1.7001,1.7,1.7,300,0
2016-05-31,21:30:00,1.71,1.71,1.71,1.71,100,0
2016-05-31,21:45:00,1.71,1.71,1.7,1.7,1070,0
2016-05-31,21:55:00,1.7,1.7,1.7,1.7,100,0
2016-05-31,22:00:00,1.71,1.71,1.71,1.71,300,0
2016-06-01,15:35:00,1.72,1.84,1.72,1.84,400,0
2016-06-01,15:40:00,1.75,1.75,1.75,1.75,100,0
2016-06-01,15:55:00,1.739,1.739,1.739,1.739,500,0
2016-06-01,16:30:00,1.74,1.74,1.74,1.74,100,0
2016-06-01,17:15:00,1.71,1.7114,1.71,1.71,657,0
2016-06-01,17:55:00,1.72,1.72,1.7185,1.7185,400,0
2016-06-01,18:05:00,1.71,1.71,1.71,1.71,100,0
2016-06-01,18:15:00,1.72,1.72,1.72,1.72,100,0
2016-06-01,19:05:00,1.72,1.72,1.72,1.72,100,0
2016-06-01,19:40:00,1.7101,1.7101,1.7101,1.7101,100,0
2016-06-01,19:50:00,1.72,1.72,1.71,1.71,716,0
2016-06-01,20:10:00,1.727,1.727,1.727,1.727,600,0
2016-06-01,20:15:00,1.74,1.74,1.74,1.74,100,0
2016-06-01,20:50:00,1.7101,1.7101,1.7101,1.7101,100,0
2016-06-01,20:55:00,1.71,1.71,1.71,1.71,100,0
2016-06-01,21:00:00,1.71,1.71,1.71,1.71,100,0
2016-06-01,21:30:00,1.73,1.73,1.73,1.73,100,0
2016-06-01,21:40:00,1.73,1.73,1.73,1.73,200,0
2016-06-01,21:45:00,1.76,1.7799,1.75,1.75,600,0
2016-06-01,21:50:00,1.75,1.75,1.75,1.75,200,0
2016-06-01,21:55:00,1.75,1.75,1.75,1.75,200,0
2016-06-01,22:00:00,1.72,1.7201,1.72,1.72,300,0
2016-06-02,15:35:00,1.73,1.73,1.73,1.73,200,0
2016-06-02,17:00:00,1.7441,1.7441,1.73,1.744,2100,0
2016-06-02,17:35:00,1.74,1.74,1.74,1.74,600,0
2016-06-02,18:20:00,1.7481,1.7481,1.7481,1.7481,112,0
2016-06-02,18:55:00,1.7351,1.7351,1.7351,1.7351,285,0
2016-06-02,19:10:00,1.73,1.73,1.73,1.73,400,0
2016-06-02,20:20:00,1.71,1.71,1.71,1.71,100,0
2016-06-02,20:35:00,1.73,1.75,1.73,1.75,5000,0
2016-06-02,20:40:00,1.74,1.75,1.7302,1.7302,660,0
2016-06-02,21:15:00,1.74,1.74,1.74,1.74,100,0
2016-06-02,21:30:00,1.725,1.73,1.724,1.73,1300,0
2016-06-02,21:35:00,1.73,1.73,1.73,1.73,100,0
2016-06-02,21:45:00,1.74,1.74,1.74,1.74,200,0
2016-06-02,21:50:00,1.74,1.74,1.74,1.74,100,0
2016-06-02,22:00:00,1.7499,1.75,1.71,1.71,2019,0
2016-06-03,15:35:00,1.72,1.812,1.7,1.812,1640,0
2016-06-03,15:40:00,1.72,1.725,1.72,1.7225,2530,0
2016-06-03,15:55:00,1.725,1.73,1.725,1.73,300,0
2016-06-03,16:05:00,1.73,1.73,1.7272,1.73,3002,0
2016-06-03,16:10:00,1.74,1.74,1.74,1.74,200,0
2016-06-03,16:20:00,1.75,1.75,1.75,1.75,100,0
2016-06-03,16:30:00,1.74,1.74,1.74,1.74,100,0
2016-06-03,17:05:00,1.725,1.725,1.725,1.725,200,0
2016-06-03,18:25:00,1.725,1.725,1.725,1.725,200,0
2016-06-03,18:50:00,1.74,1.74,1.74,1.74,100,0
2016-06-03,19:45:00,1.7285,1.7285,1.725,1.725,1200,0
2016-06-03,20:05:00,1.72,1.72,1.72,1.72,200,0
2016-06-03,20:25:00,1.72,1.72,1.72,1.72,100,0
2016-06-03,21:10:00,1.73,1.73,1.73,1.73,100,0
2016-06-03,21:30:00,1.74,1.74,1.73,1.73,2900,0
2016-06-03,21:35:00,1.73,1.73,1.73,1.73,1000,0
2016-06-03,21:40:00,1.73,1.73,1.73,1.73,100,0
2016-06-03,21:45:00,1.72,1.72,1.72,1.72,300,0
2016-06-03,21:55:00,1.73,1.73,1.73,1.73,100,0
2016-06-03,22:00:00,1.73,1.74,1.73,1.73,400,0
2016-06-06,15:35:00,1.72,1.73,1.72,1.73,6037,0
2016-06-06,15:40:00,1.73,1.73,1.73,1.73,100,0
2016-06-06,15:45:00,1.75,1.75,1.73,1.73,300,0
2016-06-06,15:55:00,1.73,1.73,1.73,1.73,100,0
2016-06-06,16:00:00,1.73,1.73,1.73,1.73,100,0
2016-06-06,16:15:00,1.73,1.73,1.73,1.73,200,0
2016-06-06,16:30:00,1.73,1.73,1.73,1.73,500,0
2016-06-06,16:40:00,1.75,1.75,1.75,1.75,100,0
2016-06-06,16:50:00,1.73,1.73,1.73,1.73,1000,0
2016-06-06,17:10:00,1.73,1.73,1.73,1.73,200,0
2016-06-06,17:25:00,1.74,1.74,1.74,1.74,400,0
2016-06-06,17:35:00,1.73,1.73,1.73,1.73,400,0
2016-06-06,17:45:00,1.73,1.73,1.73,1.73,300,0
2016-06-06,18:00:00,1.73,1.74,1.73,1.74,300,0
2016-06-06,18:10:00,1.73,1.73,1.73,1.73,200,0
2016-06-06,18:20:00,1.73,1.73,1.73,1.73,200,0
2016-06-06,18:25:00,1.74,1.74,1.73,1.73,400,0
2016-06-06,18:30:00,1.73,1.73,1.73,1.73,4656,0
2016-06-06,18:55:00,1.73,1.73,1.73,1.73,900,0
2016-06-06,19:05:00,1.73,1.73,1.73,1.73,100,0
2016-06-06,19:20:00,1.73,1.73,1.73,1.73,200,0
2016-06-06,19:25:00,1.73,1.73,1.73,1.73,800,0
2016-06-06,19:30:00,1.73,1.73,1.73,1.73,200,0
2016-06-06,19:40:00,1.73,1.73,1.73,1.73,100,0
2016-06-06,19:45:00,1.73,1.73,1.73,1.73,100,0
2016-06-06,19:50:00,1.73,1.73,1.73,1.73,200,0
2016-06-06,20:00:00,1.73,1.73,1.73,1.73,100,0
2016-06-06,20:05:00,1.735,1.735,1.735,1.735,100,0
2016-06-06,20:15:00,1.73,1.73,1.73,1.73,400,0
2016-06-06,20:20:00,1.73,1.73,1.73,1.73,300,0
2016-06-06,20:40:00,1.73,1.73,1.73,1.73,400,0
2016-06-06,20:45:00,1.73,1.7384,1.73,1.7384,300,0
2016-06-06,20:50:00,1.73,1.73,1.73,1.73,100,0
2016-06-06,20:55:00,1.74,1.74,1.74,1.74,100,0
2016-06-06,21:00:00,1.73,1.73,1.73,1.73,300,0
2016-06-06,21:05:00,1.73,1.7384,1.73,1.7384,1147,0
2016-06-06,21:10:00,1.7384,1.7384,1.7384,1.7384,200,0
2016-06-06,21:15:00,1.73,1.73,1.73,1.73,200,0
2016-06-06,21:20:00,1.73,1.73,1.73,1.73,300,0
2016-06-06,21:25:00,1.73,1.73,1.73,1.73,200,0
2016-06-06,21:30:00,1.73,1.73,1.73,1.73,100,0
2016-06-06,21:40:00,1.73,1.73,1.73,1.73,400,0
2016-06-06,21:45:00,1.73,1.73,1.73,1.73,100,0
2016-06-06,21:50:00,1.73,1.73,1.73,1.73,500,0
2016-06-06,21:55:00,1.73,1.73,1.73,1.73,1453,0
2016-06-06,22:00:00,1.73,1.73,1.68,1.68,2900,0
2016-06-07,15:35:00,1.65,1.65,1.65,1.65,5922,0
2016-06-07,16:05:00,1.6601,1.6601,1.66,1.66,1100,0
2016-06-07,16:25:00,1.67,1.67,1.67,1.67,100,0
2016-06-07,16:45:00,1.68,1.68,1.66,1.66,200,0
2016-06-07,16:50:00,1.6773,1.6773,1.63,1.66,5290,0
2016-06-07,16:55:00,1.65,1.65,1.65,1.65,200,0
2016-06-07,17:00:00,1.65,1.6511,1.65,1.6511,500,0
2016-06-07,17:05:00,1.65,1.65,1.65,1.65,300,0
2016-06-07,17:10:00,1.65,1.65,1.65,1.65,100,0
2016-06-07,17:20:00,1.65,1.65,1.65,1.65,200,0
2016-06-07,17:25:00,1.6499,1.6499,1.6499,1.6499,259,0
2016-06-07,17:35:00,1.6385,1.64,1.63,1.64,2145,0
2016-06-07,17:40:00,1.63,1.63,1.63,1.63,100,0
2016-06-07,17:50:00,1.65,1.65,1.65,1.65,500,0
2016-06-07,17:55:00,1.65,1.66,1.64,1.6599,16240,0
2016-06-07,18:00:00,1.66,1.66,1.6599,1.6599,5000,0
2016-06-07,18:10:00,1.65,1.65,1.65,1.65,100,0
2016-06-07,18:15:00,1.64,1.64,1.64,1.64,100,0
2016-06-07,18:25:00,1.64,1.65,1.64,1.65,520,0
2016-06-07,18:35:00,1.64,1.64,1.64,1.64,100,0
2016-06-07,18:45:00,1.64,1.64,1.64,1.64,100,0
2016-06-07,18:55:00,1.64,1.64,1.64,1.64,200,0
2016-06-07,19:05:00,1.65,1.65,1.63,1.63,200,0
2016-06-07,19:10:00,1.63,1.63,1.63,1.63,100,0
2016-06-07,19:25:00,1.63,1.63,1.63,1.63,300,0
2016-06-07,19:30:00,1.64,1.643,1.64,1.643,720,0
2016-06-07,19:45:00,1.65,1.65,1.64,1.64,300,0
2016-06-07,19:50:00,1.64,1.64,1.64,1.64,100,0
2016-06-07,20:15:00,1.64,1.65,1.64,1.65,200,0
2016-06-07,20:20:00,1.64,1.64,1.64,1.64,100,0
2016-06-07,20:30:00,1.64,1.64,1.64,1.64,200,0
2016-06-07,20:35:00,1.64,1.64,1.64,1.64,300,0
2016-06-07,20:40:00,1.64,1.65,1.63,1.63,5750,0
2016-06-07,20:50:00,1.63,1.63,1.63,1.63,500,0
2016-06-07,20:55:00,1.63,1.63,1.63,1.63,100,0
2016-06-07,21:10:00,1.63,1.63,1.63,1.63,256,0
2016-06-07,21:15:00,1.63,1.63,1.63,1.63,500,0
2016-06-07,21:20:00,1.63,1.63,1.63,1.63,408,0
2016-06-07,21:25:00,1.63,1.63,1.63,1.63,200,0
2016-06-07,21:30:00,1.63,1.63,1.63,1.63,100,0
2016-06-07,21:35:00,1.63,1.63,1.63,1.63,200,0
2016-06-07,21:40:00,1.63,1.63,1.63,1.63,400,0
2016-06-07,21:45:00,1.63,1.63,1.63,1.63,300,0
2016-06-07,21:50:00,1.63,1.63,1.63,1.63,330,0
2016-06-07,21:55:00,1.635,1.635,1.63,1.63,400,0
2016-06-07,22:00:00,1.63,1.64,1.63,1.63,1892,0
2016-06-08,15:35:00,1.61,1.66,1.61,1.65,1094,0
2016-06-08,15:50:00,1.75,1.76,1.75,1.76,200,0
2016-06-08,16:00:00,1.64,1.64,1.64,1.64,1000,0
2016-06-08,16:15:00,1.64,1.64,1.64,1.64,100,0
2016-06-08,16:20:00,1.6214,1.6214,1.61,1.61,1000,0
2016-06-08,16:35:00,1.62,1.62,1.61,1.61,1400,0
2016-06-08,17:00:00,1.64,1.64,1.64,1.64,100,0
2016-06-08,17:10:00,1.64,1.64,1.625,1.625,200,0
2016-06-08,17:20:00,1.6355,1.6355,1.6355,1.6355,100,0
2016-06-08,17:25:00,1.64,1.64,1.64,1.64,100,0
2016-06-08,17:35:00,1.64,1.64,1.64,1.64,100,0
2016-06-08,17:40:00,1.64,1.64,1.64,1.64,100,0
2016-06-08,17:45:00,1.64,1.64,1.64,1.64,100,0
2016-06-08,17:55:00,1.64,1.64,1.64,1.64,200,0
2016-06-08,18:05:00,1.64,1.64,1.64,1.64,100,0
2016-06-08,18:25:00,1.64,1.64,1.64,1.64,100,0
2016-06-08,18:30:00,1.645,1.645,1.645,1.645,2300,0
2016-06-08,18:35:00,1.65,1.65,1.6475,1.6475,200,0
2016-06-08,18:40:00,1.65,1.65,1.64,1.65,3875,0
2016-06-08,18:45:00,1.64,1.64,1.64,1.64,200,0
2016-06-08,18:55:00,1.64,1.64,1.64,1.64,100,0
2016-06-08,19:00:00,1.64,1.64,1.64,1.64,200,0
2016-06-08,19:05:00,1.64,1.64,1.64,1.64,100,0
2016-06-08,19:15:00,1.6498,1.65,1.635,1.635,9600,0
2016-06-08,19:25:00,1.64,1.65,1.63,1.63,300,0
2016-06-08,19:30:00,1.64,1.64,1.64,1.64,300,0
2016-06-08,19:35:00,1.65,1.65,1.65,1.65,200,0
2016-06-08,19:45:00,1.65,1.65,1.65,1.65,300,0
2016-06-08,19:55:00,1.65,1.65,1.65,1.65,400,0
2016-06-08,20:00:00,1.65,1.65,1.65,1.65,200,0
2016-06-08,20:20:00,1.63,1.63,1.63,1.63,200,0
2016-06-08,20:25:00,1.64,1.64,1.64,1.64,100,0
2016-06-08,20:35:00,1.64,1.64,1.64,1.64,200,0
2016-06-08,20:45:00,1.63,1.64,1.63,1.64,500,0
2016-06-08,20:50:00,1.64,1.64,1.635,1.64,500,0
2016-06-08,20:55:00,1.64,1.64,1.64,1.64,200,0
2016-06-08,21:00:00,1.63,1.635,1.63,1.635,300,0
2016-06-08,21:05:00,1.64,1.64,1.64,1.64,200,0
2016-06-08,21:10:00,1.64,1.65,1.64,1.65,800,0
2016-06-08,21:15:00,1.6376,1.65,1.6376,1.65,1000,0
2016-06-08,21:25:00,1.6307,1.64,1.6307,1.64,1320,0
2016-06-08,21:30:00,1.6499,1.65,1.64,1.65,3710,0
2016-06-08,21:35:00,1.65,1.65,1.65,1.65,100,0
2016-06-08,21:40:00,1.75,1.75,1.65,1.65,200,0
2016-06-08,21:45:00,1.7265,1.7265,1.7265,1.7265,100,0
2016-06-08,21:50:00,1.65,1.74,1.65,1.65,450,0
2016-06-08,21:55:00,1.74,1.74,1.69,1.69,200,0
2016-06-08,22:00:00,1.68,1.73,1.64,1.64,1200,0
2016-06-09,15:35:00,1.63,1.63,1.63,1.63,100,0
2016-06-09,15:45:00,1.7101,1.7101,1.7101,1.7101,1000,0
2016-06-09,15:50:00,1.71,1.71,1.71,1.71,100,0
2016-06-09,15:55:00,1.71,1.71,1.71,1.71,1200,0
2016-06-09,16:00:00,1.71,1.71,1.71,1.71,500,0
2016-06-09,16:05:00,1.6511,1.66,1.65,1.65,2200,0
2016-06-09,16:10:00,1.6511,1.6511,1.65,1.65,1500,0
2016-06-09,16:25:00,1.7,1.7,1.7,1.7,100,0
2016-06-09,16:35:00,1.7399,1.7399,1.7,1.7,1100,0
2016-06-09,16:55:00,1.68,1.68,1.68,1.68,200,0
2016-06-09,17:00:00,1.69,1.69,1.69,1.69,300,0
2016-06-09,17:05:00,1.69,1.69,1.64,1.64,4939,0
2016-06-09,17:20:00,1.64,1.64,1.64,1.64,250,0
2016-06-09,17:45:00,1.65,1.65,1.65,1.65,500,0
2016-06-09,18:20:00,1.64,1.64,1.64,1.64,1050,0
2016-06-09,18:30:00,1.63,1.63,1.63,1.63,200,0
2016-06-09,19:15:00,1.63,1.63,1.63,1.63,100,0
2016-06-09,19:50:00,1.63,1.63,1.63,1.63,700,0
2016-06-09,20:05:00,1.63,1.63,1.63,1.63,200,0
2016-06-09,20:35:00,1.65,1.65,1.65,1.65,100,0
2016-06-09,20:45:00,1.63,1.63,1.63,1.63,2100,0
2016-06-09,20:50:00,1.62,1.62,1.62,1.62,200,0
2016-06-09,20:55:00,1.62,1.6201,1.6,1.6,4778,0
2016-06-09,21:05:00,1.61,1.61,1.61,1.61,400,0
2016-06-09,21:10:00,1.61,1.61,1.61,1.61,200,0
2016-06-09,21:30:00,1.61,1.65,1.61,1.65,500,0
2016-06-09,21:45:00,1.62,1.62,1.62,1.62,300,0
2016-06-09,21:50:00,1.6211,1.6211,1.62,1.62,300,0
2016-06-09,21:55:00,1.62,1.62,1.61,1.61,700,0
2016-06-09,22:00:00,1.61,1.615,1.61,1.615,400,0
2016-06-10,15:35:00,1.6,1.61,1.6,1.61,800,0
2016-06-10,16:10:00,1.6,1.6,1.6,1.6,100,0
2016-06-10,17:20:00,1.61,1.61,1.61,1.61,100,0
2016-06-10,17:40:00,1.6011,1.6011,1.6,1.6,1200,0
2016-06-10,17:45:00,1.62,1.62,1.6,1.6,300,0
2016-06-10,18:40:00,1.6078,1.6078,1.6078,1.6078,353,0
2016-06-10,19:20:00,1.6,1.6,1.6,1.6,400,0
2016-06-10,19:25:00,1.6,1.61,1.6,1.61,300,0
2016-06-10,20:10:00,1.6,1.6004,1.6,1.6004,500,0
2016-06-10,20:20:00,1.6,1.6,1.6,1.6,200,0
2016-06-10,20:25:00,1.6,1.61,1.6,1.61,200,0
2016-06-10,20:55:00,1.6,1.6,1.6,1.6,200,0
2016-06-10,21:10:00,1.6,1.6,1.6,1.6,200,0
2016-06-10,21:25:00,1.6,1.6,1.6,1.6,200,0
2016-06-10,21:35:00,1.6,1.6,1.6,1.6,200,0
2016-06-10,21:40:00,1.6,1.6,1.6,1.6,200,0
2016-06-10,21:50:00,1.6,1.6,1.6,1.6,200,0
2016-06-10,21:55:00,1.6,1.6,1.6,1.6,200,0
2016-06-10,22:00:00,1.6,1.6,1.6,1.6,905,0
2016-06-13,15:35:00,1.6,1.6,1.55,1.55,1100,0
2016-06-13,16:15:00,1.59,1.59,1.56,1.56,899,0
2016-06-13,16:25:00,1.56,1.56,1.56,1.56,1400,0
2016-06-13,16:35:00,1.57,1.57,1.57,1.57,200,0
2016-06-13,17:05:00,1.57,1.57,1.57,1.57,100,0
2016-06-13,17:40:00,1.56,1.57,1.55,1.55,2203,0
2016-06-13,17:50:00,1.565,1.565,1.56,1.56,800,0
2016-06-13,18:45:00,1.5693,1.5693,1.5693,1.5693,100,0
2016-06-13,19:30:00,1.57,1.57,1.56,1.56,800,0
2016-06-13,20:10:00,1.5626,1.565,1.56,1.56,2200,0
2016-06-13,20:15:00,1.57,1.57,1.57,1.57,100,0
2016-06-13,20:40:00,1.57,1.57,1.57,1.57,100,0
2016-06-13,20:55:00,1.57,1.61,1.57,1.61,600,0
2016-06-13,21:15:00,1.615,1.615,1.61,1.61,200,0
2016-06-13,21:30:00,1.61,1.61,1.61,1.61,600,0
2016-06-13,21:40:00,1.59,1.59,1.58,1.58,300,0
2016-06-13,21:45:00,1.58,1.5827,1.58,1.58,5600,0
2016-06-13,21:50:00,1.56,1.56,1.56,1.56,100,0
2016-06-13,21:55:00,1.57,1.57,1.57,1.57,1100,0
2016-06-13,22:00:00,1.57,1.57,1.57,1.57,852,0
2016-06-14,15:35:00,1.58,1.58,1.58,1.58,139,0
2016-06-14,15:40:00,1.565,1.565,1.565,1.565,1000,0
2016-06-14,15:45:00,1.57,1.57,1.57,1.57,100,0
2016-06-14,15:55:00,1.56,1.56,1.55,1.55,1000,0
2016-06-14,16:00:00,1.55,1.55,1.55,1.55,2000,0
2016-06-14,16:05:00,1.56,1.56,1.56,1.56,100,0
2016-06-14,16:20:00,1.565,1.57,1.56,1.57,800,0
2016-06-14,16:25:00,1.5792,1.5792,1.5792,1.5792,400,0
2016-06-14,17:35:00,1.55,1.55,1.53,1.53,29686,0
2016-06-14,17:40:00,1.54,1.54,1.54,1.54,100,0
2016-06-14,17:45:00,1.53,1.53,1.53,1.53,100,0
2016-06-14,18:05:00,1.54,1.54,1.54,1.54,200,0
2016-06-14,18:10:00,1.535,1.54,1.535,1.54,400,0
2016-06-14,18:20:00,1.55,1.55,1.55,1.55,200,0
2016-06-14,19:30:00,1.54,1.545,1.54,1.545,400,0
2016-06-14,19:35:00,1.54,1.54,1.54,1.54,2600,0
2016-06-14,19:45:00,1.5499,1.5499,1.5499,1.5499,1000,0
2016-06-14,19:50:00,1.5499,1.6,1.545,1.6,3200,0
2016-06-14,20:10:00,1.65,1.65,1.65,1.65,600,0
2016-06-14,20:15:00,1.65,1.65,1.65,1.65,5400,0
2016-06-14,20:20:00,1.635,1.64,1.63,1.63,300,0
2016-06-14,20:50:00,1.61,1.61,1.61,1.61,200,0
2016-06-14,20:55:00,1.61,1.61,1.61,1.61,500,0
2016-06-14,21:15:00,1.57,1.59,1.57,1.59,300,0
2016-06-14,21:25:00,1.57,1.57,1.57,1.57,100,0
2016-06-14,21:30:00,1.56,1.56,1.56,1.56,600,0
2016-06-14,21:35:00,1.56,1.56,1.56,1.56,700,0
2016-06-14,21:40:00,1.55,1.55,1.55,1.55,200,0
2016-06-14,21:45:00,1.55,1.55,1.55,1.55,200,0
2016-06-14,21:50:00,1.55,1.55,1.55,1.55,100,0
2016-06-14,21:55:00,1.55,1.55,1.55,1.55,200,0
2016-06-14,22:00:00,1.55,1.55,1.55,1.55,541,0
2016-06-15,15:35:00,1.54,1.54,1.54,1.54,200,0
2016-06-15,16:00:00,1.54,1.54,1.52,1.52,1000,0
2016-06-15,16:25:00,1.54,1.54,1.52,1.52,500,0
2016-06-15,16:30:00,1.555,1.555,1.53,1.53,200,0
2016-06-15,16:35:00,1.53,1.53,1.53,1.53,100,0
2016-06-15,16:45:00,1.54,1.54,1.54,1.54,600,0
2016-06-15,16:55:00,1.54,1.555,1.54,1.555,200,0
2016-06-15,17:10:00,1.53,1.53,1.53,1.53,300,0
2016-06-15,17:35:00,1.535,1.535,1.53,1.53,1000,0
2016-06-15,17:40:00,1.54,1.54,1.53,1.53,2000,0
2016-06-15,17:45:00,1.54,1.54,1.54,1.54,100,0
2016-06-15,17:55:00,1.55,1.55,1.52,1.52,1700,0
2016-06-15,18:05:00,1.555,1.555,1.52,1.52,2800,0
2016-06-15,18:10:00,1.53,1.5462,1.53,1.5462,200,0
2016-06-15,18:20:00,1.54,1.55,1.54,1.55,200,0
2016-06-15,18:25:00,1.5396,1.5396,1.52,1.52,700,0
2016-06-15,18:30:00,1.53,1.55,1.52,1.55,500,0
2016-06-15,18:45:00,1.5799,1.5799,1.54,1.54,2100,0
2016-06-15,18:50:00,1.5799,1.5799,1.53,1.53,2900,0
2016-06-15,18:55:00,1.53,1.53,1.53,1.53,100,0
2016-06-15,19:05:00,1.53,1.53,1.53,1.53,100,0
2016-06-15,19:10:00,1.53,1.53,1.52,1.52,3500,0
2016-06-15,19:15:00,1.52,1.52,1.52,1.52,2600,0
2016-06-15,19:25:00,1.52,1.52,1.52,1.52,400,0
2016-06-15,19:35:00,1.52,1.5269,1.52,1.5269,600,0
2016-06-15,19:45:00,1.52,1.5201,1.52,1.52,1700,0
2016-06-15,19:55:00,1.54,1.54,1.52,1.52,3200,0
2016-06-15,20:00:00,1.53,1.5301,1.53,1.53,4000,0
2016-06-15,20:05:00,1.53,1.54,1.53,1.5399,3459,0
2016-06-15,20:40:00,1.525,1.525,1.525,1.525,500,0
2016-06-15,20:55:00,1.52,1.52,1.52,1.52,100,0
2016-06-15,21:00:00,1.52,1.525,1.52,1.52,600,0
2016-06-15,21:05:00,1.52,1.52,1.52,1.52,300,0
2016-06-15,21:10:00,1.5201,1.5201,1.52,1.52,200,0
2016-06-15,21:20:00,1.52,1.52,1.52,1.52,100,0
2016-06-15,21:25:00,1.525,1.5299,1.51,1.52,4087,0
2016-06-15,21:30:00,1.51,1.51,1.5,1.5,1200,0
2016-06-15,21:35:00,1.5,1.5,1.5,1.5,400,0
2016-06-15,21:40:00,1.5,1.5,1.5,1.5,1400,0
2016-06-15,21:45:00,1.4801,1.4801,1.48,1.48,887,0
2016-06-15,21:50:00,1.44,1.4599,1.44,1.4599,2700,0
2016-06-15,21:55:00,1.44,1.46,1.44,1.45,1100,0
2016-06-15,22:00:00,1.45,1.45,1.41,1.42,3548,0
2016-06-16,15:35:00,1.42,1.52,1.42,1.52,2548,0
2016-06-16,15:40:00,1.4201,1.4201,1.4201,1.4201,630,0
2016-06-16,15:45:00,1.42,1.4475,1.42,1.4475,3920,0
2016-06-16,15:50:00,1.42,1.47,1.42,1.45,5190,0
2016-06-16,15:55:00,1.42,1.42,1.42,1.42,400,0
2016-06-16,16:05:00,1.4599,1.4599,1.43,1.43,200,0
2016-06-16,16:10:00,1.43,1.43,1.43,1.43,200,0
2016-06-16,16:20:00,1.43,1.43,1.43,1.43,100,0
2016-06-16,16:30:00,1.42,1.42,1.42,1.42,100,0
2016-06-16,16:45:00,1.43,1.43,1.375,1.4,56196,0
2016-06-16,17:25:00,1.4,1.4,1.4,1.4,100,0
2016-06-16,17:30:00,1.4,1.4,1.4,1.4,100,0
2016-06-16,17:40:00,1.4,1.4,1.4,1.4,200,0
2016-06-16,17:45:00,1.37,1.37,1.36,1.36,260,0
2016-06-16,17:50:00,1.345,1.42,1.345,1.42,200,0
2016-06-16,17:55:00,1.39,1.39,1.39,1.39,100,0
2016-06-16,18:05:00,1.39,1.39,1.39,1.39,300,0
2016-06-16,18:20:00,1.4,1.4,1.39,1.39,200,0
2016-06-16,18:45:00,1.4,1.4,1.39,1.39,500,0
2016-06-16,18:55:00,1.43,1.43,1.43,1.43,200,0
2016-06-16,19:15:00,1.39,1.39,1.39,1.39,400,0
2016-06-16,19:35:00,1.42,1.42,1.42,1.42,100,0
2016-06-16,19:40:00,1.4299,1.43,1.415,1.43,9398,0
2016-06-16,20:30:00,1.43,1.43,1.43,1.43,100,0
2016-06-16,20:35:00,1.43,1.43,1.43,1.43,2100,0
2016-06-16,20:40:00,1.43,1.43,1.43,1.43,300,0
2016-06-16,20:50:00,1.43,1.43,1.43,1.43,100,0
2016-06-16,20:55:00,1.43,1.43,1.43,1.43,100,0
2016-06-16,21:00:00,1.41,1.41,1.39,1.39,1100,0
2016-06-16,21:05:00,1.39,1.39,1.39,1.39,400,0
2016-06-16,21:10:00,1.3975,1.3975,1.39,1.39,500,0
2016-06-16,21:25:00,1.39,1.39,1.39,1.39,200,0
2016-06-16,21:30:00,1.39,1.39,1.39,1.39,400,0
2016-06-16,21:35:00,1.4299,1.4299,1.39,1.4299,3400,0
2016-06-16,21:40:00,1.42,1.42,1.41,1.41,200,0
2016-06-16,21:45:00,1.43,1.43,1.41,1.41,300,0
2016-06-16,21:50:00,1.41,1.41,1.38,1.39,1400,0
2016-06-16,21:55:00,1.39,1.39,1.37,1.37,1000,0
2016-06-16,22:00:00,1.37,1.41,1.36,1.39,1636,0
2016-06-17,15:35:00,1.39,1.39,1.39,1.39,10300,0
2016-06-17,15:40:00,1.44,1.44,1.39,1.39,550,0
2016-06-17,15:45:00,1.41,1.41,1.4,1.4,600,0
2016-06-17,15:50:00,1.4,1.4,1.4,1.4,600,0
2016-06-17,15:55:00,1.4,1.4003,1.39,1.39,3300,0
2016-06-17,16:00:00,1.39,1.39,1.34,1.34,1600,0
2016-06-17,16:05:00,1.34,1.38,1.34,1.36,700,0
2016-06-17,16:10:00,1.37,1.37,1.37,1.37,400,0
2016-06-17,16:15:00,1.37,1.37,1.37,1.37,1600,0
2016-06-17,16:20:00,1.3849,1.3849,1.37,1.37,900,0
2016-06-17,16:25:00,1.37,1.39,1.37,1.39,500,0
2016-06-17,16:30:00,1.38,1.38,1.38,1.38,1161,0
2016-06-17,16:35:00,1.38,1.38,1.38,1.38,561,0
2016-06-17,16:40:00,1.39,1.4,1.385,1.4,2000,0
2016-06-17,16:45:00,1.39,1.3907,1.39,1.3907,500,0
2016-06-17,16:50:00,1.39,1.39,1.38,1.39,400,0
2016-06-17,16:55:00,1.39,1.39,1.38,1.39,1029,0
2016-06-17,17:00:00,1.39,1.39,1.39,1.39,400,0
2016-06-17,17:05:00,1.38,1.38,1.38,1.38,400,0
2016-06-17,17:10:00,1.38,1.38,1.38,1.38,200,0
2016-06-17,17:15:00,1.38,1.4,1.38,1.38,332,0
2016-06-17,17:20:00,1.38,1.38,1.38,1.38,400,0
2016-06-17,17:25:00,1.39,1.39,1.38,1.38,400,0
2016-06-17,17:30:00,1.39,1.39,1.38,1.39,300,0
2016-06-17,17:35:00,1.39,1.39,1.38,1.38,400,0
2016-06-17,17:40:00,1.39,1.39,1.37,1.37,15000,0
2016-06-17,17:45:00,1.3786,1.38,1.375,1.3797,4000,0
2016-06-17,17:50:00,1.3874,1.39,1.3874,1.39,670,0
2016-06-17,17:55:00,1.38,1.39,1.38,1.39,46600,0
2016-06-17,18:00:00,1.38,1.38,1.38,1.38,100,0
2016-06-17,18:05:00,1.38,1.38,1.38,1.38,300,0
2016-06-17,18:10:00,1.37,1.37,1.36,1.37,600,0
2016-06-17,18:15:00,1.36,1.36,1.36,1.36,200,0
2016-06-17,18:20:00,1.36,1.36,1.36,1.36,400,0
2016-06-17,18:25:00,1.37,1.37,1.365,1.37,3900,0
2016-06-17,18:40:00,1.38,1.4,1.38,1.4,500,0
2016-06-17,18:45:00,1.3999,1.4,1.3999,1.4,7000,0
2016-06-17,19:00:00,1.43,1.43,1.43,1.43,300,0
2016-06-17,19:05:00,1.41,1.41,1.38,1.38,790,0
2016-06-17,19:20:00,1.39,1.39,1.39,1.39,200,0
2016-06-17,19:25:00,1.39,1.39,1.39,1.39,200,0
2016-06-17,19:30:00,1.39,1.39,1.39,1.39,200,0
2016-06-17,19:35:00,1.39,1.39,1.38,1.38,200,0
2016-06-17,19:40:00,1.38,1.38,1.38,1.38,400,0
2016-06-17,19:50:00,1.38,1.38,1.37,1.37,390,0
2016-06-17,19:55:00,1.37,1.37,1.37,1.37,200,0
2016-06-17,20:00:00,1.38,1.38,1.37,1.37,900,0
2016-06-17,20:05:00,1.37,1.39,1.37,1.39,2300,0
2016-06-17,20:10:00,1.37,1.37,1.37,1.37,100,0
2016-06-17,20:15:00,1.37,1.37,1.37,1.37,200,0
2016-06-17,20:20:00,1.37,1.37,1.36,1.36,309,0
2016-06-17,20:25:00,1.365,1.37,1.36,1.36,507,0
2016-06-17,20:30:00,1.36,1.36,1.36,1.36,400,0
2016-06-17,20:35:00,1.36,1.37,1.36,1.36,400,0
2016-06-17,20:40:00,1.37,1.37,1.365,1.37,700,0
2016-06-17,20:45:00,1.365,1.365,1.36,1.36,400,0
2016-06-17,20:50:00,1.36,1.37,1.36,1.37,505,0
2016-06-17,20:55:00,1.36,1.36,1.36,1.36,200,0
2016-06-17,21:00:00,1.36,1.36,1.36,1.36,400,0
2016-06-17,21:05:00,1.36,1.37,1.36,1.37,900,0
2016-06-17,21:10:00,1.36,1.365,1.36,1.36,300,0
2016-06-17,21:15:00,1.36,1.36,1.36,1.36,400,0
2016-06-17,21:20:00,1.36,1.37,1.36,1.36,500,0
2016-06-17,21:25:00,1.37,1.37,1.37,1.37,500,0
2016-06-17,21:30:00,1.36,1.41,1.36,1.37,1505,0
2016-06-17,21:35:00,1.37,1.37,1.36,1.36,300,0
2016-06-17,21:40:00,1.37,1.38,1.36,1.37,900,0
2016-06-17,21:45:00,1.36,1.37,1.36,1.37,2468,0
2016-06-17,21:50:00,1.36,1.36,1.36,1.36,100,0
2016-06-17,21:55:00,1.365,1.37,1.365,1.37,200,0
2016-06-17,22:00:00,1.39,1.41,1.39,1.41,400,0
2016-06-20,15:35:00,1.42,1.42,1.42,1.42,137,0
2016-06-20,15:55:00,1.52,1.52,1.394,1.394,248,0
2016-06-20,16:00:00,1.412,1.46,1.412,1.46,1100,0
2016-06-20,16:05:00,1.49,1.52,1.49,1.52,300,0
2016-06-20,16:10:00,1.52,1.52,1.52,1.52,200,0
2016-06-20,16:15:00,1.5399,1.5399,1.42,1.42,1100,0
2016-06-20,16:20:00,1.4868,1.4868,1.42,1.42,275,0
2016-06-20,16:35:00,1.43,1.43,1.42,1.42,300,0
2016-06-20,16:45:00,1.43,1.43,1.43,1.43,1200,0
2016-06-20,17:00:00,1.4401,1.4401,1.44,1.44,205,0
2016-06-20,17:20:00,1.45,1.45,1.45,1.45,300,0
2016-06-20,17:25:00,1.46,1.46,1.41,1.41,800,0
2016-06-20,17:35:00,1.4452,1.4452,1.4452,1.4452,175,0
2016-06-20,17:50:00,1.41,1.41,1.41,1.41,100,0
2016-06-20,17:55:00,1.48,1.48,1.45,1.45,2100,0
2016-06-20,18:00:00,1.45,1.465,1.45,1.45,400,0
2016-06-20,18:10:00,1.45,1.45,1.45,1.45,100,0
2016-06-20,18:25:00,1.45,1.45,1.45,1.45,100,0
2016-06-20,18:30:00,1.5,1.5,1.5,1.5,100,0
2016-06-20,18:35:00,1.42,1.42,1.42,1.42,100,0
2016-06-20,18:55:00,1.42,1.42,1.42,1.42,100,0
2016-06-20,19:10:00,1.45,1.45,1.43,1.43,200,0
2016-06-20,19:15:00,1.43,1.43,1.43,1.43,100,0
2016-06-20,19:25:00,1.46,1.46,1.46,1.46,100,0
2016-06-20,19:35:00,1.46,1.48,1.46,1.48,300,0
2016-06-20,19:40:00,1.47,1.47,1.47,1.47,200,0
2016-06-20,19:50:00,1.45,1.45,1.45,1.45,100,0
2016-06-20,19:55:00,1.48,1.48,1.46,1.46,200,0
2016-06-20,20:00:00,1.46,1.46,1.46,1.46,100,0
2016-06-20,20:05:00,1.48,1.48,1.48,1.48,400,0
2016-06-20,20:10:00,1.48,1.48,1.4701,1.4701,1300,0
2016-06-20,20:15:00,1.49,1.49,1.49,1.49,100,0
2016-06-20,20:20:00,1.49,1.49,1.49,1.49,100,0
2016-06-20,20:25:00,1.49,1.49,1.485,1.49,1600,0
2016-06-20,20:30:00,1.4801,1.51,1.4801,1.51,4200,0
2016-06-20,20:35:00,1.5,1.5,1.45,1.4808,1200,0
2016-06-20,20:50:00,1.44,1.44,1.44,1.44,100,0
2016-06-20,21:05:00,1.42,1.42,1.42,1.42,100,0
2016-06-20,21:20:00,1.46,1.46,1.46,1.46,200,0
2016-06-20,21:25:00,1.47,1.48,1.46,1.46,300,0
2016-06-20,21:45:00,1.47,1.48,1.46,1.48,900,0
2016-06-20,21:50:00,1.48,1.48,1.47,1.47,200,0
2016-06-20,21:55:00,1.48,1.48,1.48,1.48,200,0
2016-06-20,22:00:00,1.48,1.5,1.47,1.47,417,0
2016-06-21,15:35:00,1.47,1.47,1.47,1.47,160,0
2016-06-21,16:00:00,1.45,1.45,1.45,1.45,200,0
2016-06-21,16:05:00,1.4501,1.4501,1.4501,1.4501,1000,0
2016-06-21,16:15:00,1.475,1.48,1.475,1.48,1300,0
2016-06-21,16:25:00,1.51,1.51,1.51,1.51,100,0
2016-06-21,16:30:00,1.5099,1.51,1.5,1.51,3200,0
2016-06-21,16:40:00,1.49,1.49,1.49,1.49,100,0
2016-06-21,17:50:00,1.4801,1.4801,1.4801,1.4801,730,0
2016-06-21,18:00:00,1.49,1.49,1.49,1.49,100,0
2016-06-21,18:15:00,1.5,1.5,1.5,1.5,100,0
2016-06-21,18:30:00,1.5199,1.5199,1.5,1.51,1283,0
2016-06-21,18:50:00,1.51,1.51,1.51,1.51,100,0
2016-06-21,19:40:00,1.51,1.51,1.51,1.51,100,0
2016-06-21,20:10:00,1.52,1.52,1.52,1.52,100,0
2016-06-21,20:20:00,1.52,1.52,1.52,1.52,100,0
2016-06-21,20:35:00,1.52,1.52,1.52,1.52,100,0
2016-06-21,21:00:00,1.52,1.52,1.52,1.52,100,0
2016-06-21,21:10:00,1.535,1.535,1.535,1.535,198,0
2016-06-21,21:30:00,1.49,1.49,1.48,1.48,800,0
2016-06-21,21:40:00,1.42,1.43,1.41,1.41,16800,0
2016-06-21,21:55:00,1.4599,1.49,1.45,1.49,1256,0
2016-06-22,15:35:00,1.46,1.46,1.46,1.46,251,0
2016-06-22,15:45:00,1.45,1.4501,1.45,1.4501,1000,0
2016-06-22,16:25:00,1.48,1.48,1.48,1.48,100,0
2016-06-22,16:30:00,1.4511,1.4511,1.4511,1.4511,100,0
2016-06-22,16:35:00,1.45,1.45,1.45,1.45,100,0
2016-06-22,16:40:00,1.48,1.48,1.48,1.48,100,0
2016-06-22,16:50:00,1.49,1.49,1.48,1.48,300,0
2016-06-22,17:15:00,1.48,1.48,1.48,1.48,100,0
2016-06-22,17:45:00,1.5,1.5,1.5,1.5,200,0
2016-06-22,18:05:00,1.4805,1.4805,1.4805,1.4805,1200,0
2016-06-22,18:40:00,1.505,1.505,1.505,1.505,100,0
2016-06-22,19:15:00,1.49,1.49,1.49,1.49,100,0
2016-06-22,19:20:00,1.49,1.49,1.49,1.49,100,0
2016-06-22,19:45:00,1.505,1.505,1.505,1.505,100,0
2016-06-22,19:55:00,1.505,1.505,1.505,1.505,100,0
2016-06-22,20:00:00,1.49,1.49,1.49,1.49,100,0
2016-06-22,20:30:00,1.5,1.505,1.4905,1.4905,300,0
2016-06-22,20:50:00,1.49,1.49,1.49,1.49,100,0
2016-06-22,20:55:00,1.5,1.5,1.5,1.5,100,0
2016-06-22,21:15:00,1.47,1.47,1.47,1.47,100,0
2016-06-22,21:45:00,1.46,1.46,1.46,1.46,100,0
2016-06-22,21:50:00,1.46,1.46,1.46,1.46,100,0
2016-06-22,21:55:00,1.45,1.45,1.45,1.45,100,0
2016-06-23,15:35:00,1.45,1.45,1.45,1.45,100,0
2016-06-23,15:40:00,1.45,1.45,1.45,1.45,100,0
2016-06-23,15:55:00,1.5,1.5,1.5,1.5,100,0
2016-06-23,16:05:00,1.48,1.48,1.48,1.48,1385,0
2016-06-23,16:15:00,1.47,1.47,1.47,1.47,100,0
2016-06-23,16:30:00,1.47,1.47,1.47,1.47,100,0
2016-06-23,16:45:00,1.5,1.5,1.5,1.5,100,0
2016-06-23,17:00:00,1.5,1.5,1.5,1.5,100,0
2016-06-23,17:30:00,1.48,1.48,1.48,1.48,100,0
2016-06-23,18:15:00,1.4892,1.4892,1.4892,1.4892,4005,0
2016-06-23,18:50:00,1.5,1.5,1.5,1.5,100,0
2016-06-23,18:55:00,1.5,1.5,1.5,1.5,100,0
2016-06-23,19:10:00,1.49,1.49,1.49,1.49,100,0
2016-06-23,19:15:00,1.48,1.5,1.48,1.5,500,0
2016-06-23,19:20:00,1.5,1.5,1.5,1.5,293,0
2016-06-23,19:25:00,1.495,1.495,1.46,1.46,1400,0
2016-06-23,20:05:00,1.47,1.47,1.47,1.47,100,0
2016-06-23,20:25:00,1.47,1.47,1.47,1.47,200,0
2016-06-23,20:30:00,1.47,1.47,1.47,1.47,200,0
2016-06-23,20:40:00,1.46,1.47,1.41,1.41,1781,0
2016-06-23,20:50:00,1.47,1.47,1.47,1.47,100,0
2016-06-23,21:55:00,1.46,1.46,1.46,1.46,200,0
2016-06-23,22:00:00,1.46,1.46,1.36,1.39,7400,0
2016-06-24,15:35:00,1.37,1.52,1.37,1.3701,670,0
2016-06-24,15:55:00,1.4999,1.4999,1.4999,1.4999,1000,0
2016-06-24,16:15:00,1.3965,1.3965,1.3965,1.3965,2000,0
2016-06-24,16:20:00,1.37,1.3918,1.37,1.3918,1300,0
2016-06-24,16:30:00,1.39,1.39,1.39,1.39,100,0
2016-06-24,17:00:00,1.37,1.37,1.37,1.37,200,0
2016-06-24,17:20:00,1.37,1.37,1.37,1.37,300,0
2016-06-24,17:30:00,1.37,1.37,1.363,1.363,1605,0
2016-06-24,17:45:00,1.37,1.37,1.37,1.37,500,0
2016-06-24,18:45:00,1.38,1.38,1.38,1.38,100,0
2016-06-24,19:05:00,1.37,1.37,1.37,1.37,100,0
2016-06-24,19:10:00,1.38,1.38,1.38,1.38,200,0
2016-06-24,19:15:00,1.37,1.37,1.37,1.37,100,0
2016-06-24,19:40:00,1.39,1.39,1.39,1.39,100,0
2016-06-24,20:10:00,1.3794,1.39,1.37,1.37,4689,0
2016-06-24,20:30:00,1.3707,1.3707,1.36,1.36,1500,0
2016-06-24,20:35:00,1.3611,1.3678,1.36,1.3678,1120,0
2016-06-24,21:00:00,1.37,1.37,1.37,1.37,100,0
2016-06-24,21:35:00,1.3601,1.3601,1.36,1.36,1000,0
2016-06-24,21:45:00,1.37,1.37,1.37,1.37,100,0
2016-06-24,22:00:00,1.3614,1.38,1.36,1.36,1797,0
2016-06-27,15:50:00,1.37,1.37,1.36,1.36,1000,0
2016-06-27,16:25:00,1.38,1.38,1.3507,1.3507,1000,0
2016-06-27,16:30:00,1.35,1.35,1.34,1.34,1851,0
2016-06-27,16:35:00,1.3401,1.35,1.3401,1.35,800,0
2016-06-27,16:45:00,1.36,1.36,1.36,1.36,100,0
2016-06-27,16:50:00,1.353,1.3586,1.353,1.3586,622,0
2016-06-27,16:55:00,1.35,1.35,1.35,1.35,100,0
2016-06-27,17:05:00,1.35,1.35,1.35,1.35,400,0
2016-06-27,17:30:00,1.355,1.355,1.35,1.351,1800,0
2016-06-27,17:35:00,1.35,1.35,1.35,1.35,100,0
2016-06-27,17:40:00,1.3538,1.3538,1.35,1.35,2886,0
2016-06-27,17:55:00,1.35,1.35,1.35,1.35,300,0
2016-06-27,18:10:00,1.35,1.35,1.34,1.34,61049,0
2016-06-27,18:15:00,1.32,1.32,1.32,1.32,300,0
2016-06-27,18:30:00,1.35,1.35,1.35,1.35,100,0
2016-06-27,19:20:00,1.32,1.32,1.31,1.31,2089,0
2016-06-27,19:25:00,1.31,1.31,1.31,1.31,400,0
2016-06-27,20:15:00,1.32,1.32,1.32,1.32,100,0
2016-06-27,20:35:00,1.3,1.3,1.3,1.3,400,0
2016-06-27,20:45:00,1.3,1.301,1.3,1.301,1200,0
2016-06-27,20:55:00,1.3,1.3,1.3,1.3,100,0
2016-06-27,21:00:00,1.3,1.3,1.3,1.3,100,0
2016-06-27,21:05:00,1.31,1.31,1.31,1.31,200,0
2016-06-27,21:20:00,1.3099,1.3099,1.3099,1.3099,300,0
2016-06-27,21:25:00,1.3,1.3,1.3,1.3,1200,0
2016-06-27,21:30:00,1.31,1.31,1.31,1.31,100,0
2016-06-27,21:40:00,1.3084,1.3099,1.3084,1.3099,3200,0
2016-06-27,21:50:00,1.3,1.3,1.3,1.3,400,0
2016-06-27,21:55:00,1.3,1.3,1.3,1.3,400,0
2016-06-27,22:00:00,1.3,1.3,1.3,1.3,600,0
2016-06-28,15:35:00,1.31,1.33,1.31,1.31,4160,0
2016-06-28,15:50:00,1.32,1.33,1.32,1.33,1000,0
2016-06-28,15:55:00,1.45,1.45,1.421,1.421,460,0
2016-06-28,16:10:00,1.35,1.35,1.35,1.35,200,0
2016-06-28,16:35:00,1.36,1.36,1.36,1.36,200,0
2016-06-28,16:40:00,1.33,1.33,1.33,1.33,100,0
2016-06-28,16:50:00,1.332,1.332,1.332,1.332,1500,0
2016-06-28,17:40:00,1.32,1.32,1.32,1.32,400,0
2016-06-28,18:30:00,1.32,1.32,1.32,1.32,500,0
2016-06-28,19:05:00,1.3453,1.3453,1.32,1.32,600,0
2016-06-28,19:25:00,1.36,1.36,1.36,1.36,100,0
2016-06-28,19:35:00,1.38,1.4,1.38,1.39,500,0
2016-06-28,19:55:00,1.39,1.39,1.33,1.33,200,0
2016-06-28,20:10:00,1.37,1.37,1.33,1.33,500,0
2016-06-28,20:15:00,1.33,1.33,1.33,1.33,300,0
2016-06-28,20:25:00,1.32,1.33,1.32,1.33,800,0
2016-06-28,20:35:00,1.36,1.38,1.33,1.33,400,0
2016-06-28,20:50:00,1.3301,1.3301,1.33,1.33,1100,0
2016-06-28,20:55:00,1.3301,1.3301,1.31,1.31,1500,0
2016-06-28,21:00:00,1.318,1.318,1.31,1.31,1700,0
2016-06-28,21:30:00,1.3766,1.3766,1.31,1.32,2400,0
2016-06-28,22:00:00,1.34,1.34,1.33,1.34,1500,0
2016-06-29,15:35:00,1.35,1.35,1.3461,1.3461,230,0
2016-06-29,15:40:00,1.44,1.44,1.44,1.44,100,0
2016-06-29,16:05:00,1.3854,1.3854,1.3854,1.3854,350,0
2016-06-29,16:25:00,1.39,1.39,1.39,1.39,100,0
2016-06-29,17:15:00,1.382,1.382,1.37,1.37,1536,0
2016-06-29,17:30:00,1.38,1.38,1.38,1.38,100,0
2016-06-29,18:25:00,1.38,1.38,1.38,1.38,100,0
2016-06-29,18:30:00,1.38,1.39,1.38,1.38,500,0
2016-06-29,18:40:00,1.39,1.39,1.35,1.35,300,0
2016-06-29,18:55:00,1.37,1.37,1.37,1.37,100,0
2016-06-29,19:05:00,1.37,1.37,1.345,1.35,900,0
2016-06-29,19:10:00,1.35,1.35,1.35,1.35,200,0
2016-06-29,20:05:00,1.343,1.38,1.343,1.38,1600,0
2016-06-29,20:25:00,1.36,1.36,1.36,1.36,100,0
2016-06-29,20:30:00,1.35,1.35,1.35,1.35,100,0
2016-06-29,20:55:00,1.35,1.35,1.35,1.35,100,0
2016-06-29,21:30:00,1.3265,1.3265,1.32,1.32,790,0
2016-06-29,21:35:00,1.3201,1.335,1.15,1.31,12937,0
2016-06-29,21:40:00,1.24,1.27,1.24,1.27,900,0
2016-06-29,21:45:00,1.27,1.27,1.26,1.27,300,0
2016-06-29,21:55:00,1.31,1.31,1.3,1.3,400,0
2016-06-29,22:00:00,1.31,1.31,1.25,1.27,13460,0
2016-06-30,15:35:00,1.26,1.26,1.26,1.26,800,0
2016-06-30,16:50:00,1.25,1.25,1.25,1.25,100,0
2016-06-30,17:30:00,1.23,1.25,1.23,1.25,1536,0
2016-06-30,17:40:00,1.2501,1.26,1.2501,1.26,200,0
2016-06-30,18:20:00,1.255,1.26,1.255,1.26,330,0
2016-06-30,18:30:00,1.26,1.26,1.26,1.26,100,0
2016-06-30,18:40:00,1.28,1.28,1.28,1.28,100,0
2016-06-30,18:50:00,1.28,1.28,1.28,1.28,100,0
2016-06-30,18:55:00,1.3,1.3,1.3,1.3,100,0
2016-06-30,19:20:00,1.31,1.3195,1.31,1.31,300,0
2016-06-30,19:25:00,1.32,1.32,1.32,1.32,200,0
2016-06-30,19:45:00,1.34,1.34,1.2924,1.2924,305,0
2016-06-30,20:30:00,1.315,1.315,1.3,1.3,500,0
2016-06-30,20:40:00,1.32,1.32,1.32,1.32,100,0
2016-06-30,20:55:00,1.32,1.32,1.32,1.32,100,0
2016-06-30,21:00:00,1.33,1.33,1.33,1.33,100,0
2016-06-30,21:05:00,1.31,1.31,1.31,1.31,200,0
2016-06-30,21:10:00,1.33,1.33,1.33,1.33,100,0
2016-06-30,21:20:00,1.335,1.335,1.33,1.33,1132,0
2016-06-30,21:30:00,1.32,1.32,1.32,1.32,100,0
2016-06-30,21:35:00,1.33,1.34,1.3,1.3,700,0
2016-06-30,21:40:00,1.3,1.33,1.295,1.31,4015,0
2016-06-30,21:45:00,1.3,1.3,1.2997,1.2997,1570,0
2016-06-30,21:55:00,1.3,1.31,1.3,1.31,500,0
2016-06-30,22:00:00,1.31,1.31,1.29,1.29,569,0
2016-07-01,15:35:00,1.3,1.34,1.3,1.34,301,0
2016-07-01,16:25:00,1.31,1.31,1.31,1.31,100,0
2016-07-01,16:45:00,1.3,1.31,1.3,1.3,1778,0
2016-07-01,16:50:00,1.3,1.3,1.3,1.3,200,0
2016-07-01,17:05:00,1.31,1.31,1.31,1.31,100,0
2016-07-01,17:10:00,1.32,1.32,1.31,1.31,200,0
2016-07-01,17:25:00,1.31,1.31,1.3,1.3,1300,0
2016-07-01,17:40:00,1.31,1.31,1.31,1.31,100,0
2016-07-01,17:45:00,1.3,1.3,1.3,1.3,200,0
2016-07-01,18:35:00,1.306,1.306,1.306,1.306,250,0
2016-07-01,18:50:00,1.32,1.32,1.3,1.3,1195,0
2016-07-01,18:55:00,1.32,1.32,1.32,1.32,200,0
2016-07-01,20:15:00,1.32,1.32,1.32,1.32,100,0
2016-07-01,20:20:00,1.31,1.31,1.3,1.3,200,0
2016-07-01,20:35:00,1.32,1.3275,1.27,1.27,10800,0
2016-07-01,20:50:00,1.27,1.27,1.27,1.27,100,0
2016-07-01,21:05:00,1.29,1.29,1.28,1.28,500,0
2016-07-01,21:25:00,1.29,1.29,1.28,1.28,1300,0
2016-07-01,21:45:00,1.27,1.27,1.27,1.27,100,0
2016-07-01,21:55:00,1.27,1.28,1.27,1.28,200,0
