Date,Time,Open,High,Low,Close,Volume,OpenInt
2016-06-16,15:35:00,34.21,34.27,34.205,34.2375,1876,0
2016-06-16,15:40:00,34.22,34.22,33.89,33.89,1100,0
2016-06-16,15:45:00,33.93,34.06,33.93,34.01,1000,0
2016-06-16,15:50:00,34.095,34.17,34.06,34.06,5005,0
2016-06-16,15:55:00,34.06,34.15,33.98,34.15,1900,0
2016-06-16,16:00:00,34.12,34.12,34.06,34.06,1100,0
2016-06-16,16:05:00,34.04,34.04,33.96,33.96,400,0
2016-06-16,16:10:00,34.04,34.09,34.01,34.09,500,0
2016-06-16,16:15:00,34.04,34.2,34.04,34.2,200,0
2016-06-16,16:20:00,34.26,34.33,34.17,34.17,3944,0
2016-06-16,16:25:00,34.09,34.09,33.95,33.95,1000,0
2016-06-16,16:30:00,33.95,34.06,33.95,34.06,500,0
2016-06-16,16:35:00,34.02,34.02,33.89,33.89,300,0
2016-06-16,16:40:00,33.92,33.97,33.8706,33.95,1139,0
2016-06-16,16:45:00,33.95,33.98,33.95,33.95,1100,0
2016-06-16,16:50:00,33.98,34.05,33.98,34.05,500,0
2016-06-16,16:55:00,34.05,34.05,33.99,34.02,1000,0
2016-06-16,17:00:00,34.04,34.05,34.02,34.05,1000,0
2016-06-16,17:05:00,34.04,34.05,34.01,34.05,900,0
2016-06-16,17:10:00,34.07,34.07,34.05,34.07,800,0
2016-06-16,17:15:00,34.08,34.2,34.08,34.18,900,0
2016-06-16,17:20:00,34.18,34.18,34.17,34.17,1000,0
2016-06-16,17:25:00,34.16,34.26,34.16,34.26,1100,0
2016-06-16,17:30:00,34.32,34.42,34.32,34.42,1125,0
2016-06-16,17:35:00,34.42,34.42,34.3,34.325,900,0
2016-06-16,17:40:00,34.3,34.34,34.3,34.34,400,0
2016-06-16,17:45:00,34.37,34.39,34.3,34.3,900,0
2016-06-16,17:50:00,34.31,34.31,34.29,34.3,600,0
2016-06-16,17:55:00,34.28,34.28,34.25,34.25,200,0
2016-06-16,18:00:00,34.2,34.24,34.2,34.24,500,0
2016-06-16,18:05:00,34.22,34.22,34.22,34.22,100,0
2016-06-16,18:10:00,34.19,34.2,34.19,34.2,400,0
2016-06-16,18:15:00,34.21,34.21,34.18,34.18,400,0
2016-06-16,18:20:00,34.18,34.19,34.18,34.19,300,0
2016-06-16,18:25:00,34.21,34.29,34.19,34.29,1600,0
2016-06-16,18:30:00,34.3,34.36,34.3,34.33,600,0
2016-06-16,18:35:00,34.33,34.33,34.28,34.28,700,0
2016-06-16,18:40:00,34.28,34.28,34.28,34.28,100,0
2016-06-16,18:45:00,34.365,34.365,34.3,34.34,400,0
2016-06-16,18:50:00,34.34,34.38,34.3,34.3,1200,0
2016-06-16,18:55:00,34.24,34.24,34.23,34.23,200,0
2016-06-16,19:00:00,34.21,34.24,34.21,34.24,400,0
2016-06-16,19:05:00,34.28,34.305,34.28,34.29,600,0
2016-06-16,19:10:00,34.26,34.28,34.24,34.26,700,0
2016-06-16,19:15:00,34.28,34.31,34.2798,34.28,925,0
2016-06-16,19:20:00,34.21,34.21,34.21,34.21,800,0
2016-06-16,19:25:00,34.21,34.21,34.17,34.2,400,0
2016-06-16,19:30:00,34.19,34.19,34.14,34.16,666,0
2016-06-16,19:35:00,34.17,34.19,34.0434,34.06,2240,0
2016-06-16,19:40:00,34.07,34.12,34.05,34.12,600,0
2016-06-16,19:45:00,34.13,34.13,34.1,34.1,900,0
2016-06-16,19:50:00,34.08,34.08,34.08,34.08,200,0
2016-06-16,20:00:00,34.13,34.16,34.1,34.1,1800,0
2016-06-16,20:05:00,34.14,34.14,34.13,34.13,600,0
2016-06-16,20:10:00,34.15,34.15,34.1283,34.14,717,0
2016-06-16,20:15:00,34.19,34.24,34.19,34.24,1500,0
2016-06-16,20:20:00,34.28,34.36,34.26,34.33,1000,0
2016-06-16,20:25:00,34.3,34.3,34.3,34.3,300,0
2016-06-16,20:30:00,34.3,34.3,34.25,34.26,1300,0
2016-06-16,20:35:00,34.22,34.225,34.22,34.225,400,0
2016-06-16,20:40:00,34.22,34.23,34.185,34.2,1000,0
2016-06-16,20:45:00,34.25,34.27,34.25,34.25,800,0
2016-06-16,20:50:00,34.25,34.29,34.24,34.25,2181,0
2016-06-16,20:55:00,34.275,34.37,34.26,34.37,1300,0
2016-06-16,21:00:00,34.3,34.33,34.29,34.29,2023,0
2016-06-16,21:05:00,34.3,34.3,34.28,34.28,373,0
2016-06-16,21:10:00,34.28,34.33,34.26,34.33,1295,0
2016-06-16,21:15:00,34.28,34.35,34.28,34.35,1800,0
2016-06-16,21:20:00,34.3,34.31,34.27,34.29,1777,0
2016-06-16,21:25:00,34.29,34.35,34.25,34.35,1623,0
2016-06-16,21:30:00,34.33,34.42,34.3,34.385,2700,0
2016-06-16,21:35:00,34.39,34.43,34.39,34.41,2365,0
2016-06-16,21:40:00,34.4,34.4,34.25,34.25,3200,0
2016-06-16,21:45:00,34.29,34.31,34.27,34.29,2719,0
2016-06-16,21:50:00,34.29,34.32,34.21,34.29,16287,0
2016-06-16,21:55:00,34.27,34.39,34.26,34.32,10920,0
2016-06-16,22:00:00,34.32,34.37,34.27,34.3,22670,0
2016-06-17,15:35:00,34.29,34.6,34.29,34.6,50776,0
2016-06-17,15:40:00,34.47,34.6,34.43,34.59,1753,0
2016-06-17,15:45:00,34.7,34.75,34.7,34.74,600,0
2016-06-17,15:50:00,34.86,34.91,34.81,34.825,4300,0
2016-06-17,15:55:00,34.83,34.84,34.77,34.82,800,0
2016-06-17,16:00:00,34.85,34.85,34.83,34.83,200,0
2016-06-17,16:05:00,34.99,35.08,34.987,35.01,1586,0
2016-06-17,16:10:00,35.03,35.03,34.98,34.99,800,0
2016-06-17,16:15:00,35.01,35.16,35.01,35.11,500,0
2016-06-17,16:20:00,35.17,35.17,35,35,1200,0
2016-06-17,16:25:00,35.05,35.13,35.05,35.06,590,0
2016-06-17,16:30:00,35.09,35.15,35,35.15,800,0
2016-06-17,16:35:00,35.09,35.09,34.99,35.06,1400,0
2016-06-17,16:40:00,35.05,35.06,35.04,35.05,800,0
2016-06-17,16:45:00,35.05,35.1,35.05,35.08,1400,0
2016-06-17,16:50:00,35.09,35.16,35.09,35.15,700,0
2016-06-17,16:55:00,35.12,35.13,35.08,35.12,800,0
2016-06-17,17:00:00,35.13,35.18,35.13,35.13,700,0
2016-06-17,17:05:00,35.09,35.09,34.96,34.98,1200,0
2016-06-17,17:10:00,34.98,35.06,34.98,34.98,1200,0
2016-06-17,17:15:00,34.98,35,34.96,34.98,1800,0
2016-06-17,17:20:00,34.96,35,34.93,35,1500,0
2016-06-17,17:25:00,35.02,35.09,35.02,35.08,1000,0
2016-06-17,17:30:00,35.03,35.05,34.98,34.98,2700,0
2016-06-17,17:35:00,34.98,34.99,34.96,34.96,2300,0
2016-06-17,17:40:00,34.92,34.92,34.86,34.9,1096,0
2016-06-17,17:45:00,34.96,34.98,34.96,34.98,500,0
2016-06-17,17:50:00,34.94,35.01,34.94,34.96,1000,0
2016-06-17,17:55:00,34.96,34.96,34.91,34.91,1070,0
2016-06-17,18:00:00,34.88,34.88,34.86,34.87,800,0
2016-06-17,18:05:00,34.89,34.9,34.89,34.9,426,0
2016-06-17,18:10:00,34.9,34.98,34.9,34.98,885,0
2016-06-17,18:15:00,35.02,35.04,34.99,34.99,800,0
2016-06-17,18:20:00,34.97,34.97,34.92,34.93,600,0
2016-06-17,18:25:00,34.94,34.94,34.93,34.93,300,0
2016-06-17,18:30:00,34.87,34.87,34.87,34.87,300,0
2016-06-17,18:35:00,34.87,34.87,34.87,34.87,100,0
2016-06-17,18:40:00,34.91,34.91,34.91,34.91,500,0
2016-06-17,18:45:00,34.91,34.91,34.91,34.91,100,0
2016-06-17,18:50:00,34.89,34.89,34.79,34.79,800,0
2016-06-17,18:55:00,34.73,34.74,34.72,34.72,300,0
2016-06-17,19:00:00,34.73,34.73,34.73,34.73,400,0
2016-06-17,19:05:00,34.7,34.7,34.64,34.67,700,0
2016-06-17,19:10:00,34.65,34.72,34.65,34.72,500,0
2016-06-17,19:15:00,34.72,34.72,34.72,34.72,100,0
2016-06-17,19:20:00,34.72,34.72,34.7,34.7,600,0
2016-06-17,19:25:00,34.71,34.73,34.71,34.73,600,0
2016-06-17,19:30:00,34.78,34.78,34.77,34.77,500,0
2016-06-17,19:35:00,34.77,34.77,34.77,34.77,120,0
2016-06-17,19:40:00,34.82,34.82,34.76,34.76,1200,0
2016-06-17,19:45:00,34.76,34.77,34.76,34.76,300,0
2016-06-17,19:50:00,34.76,34.76,34.76,34.76,100,0
2016-06-17,19:55:00,34.76,34.76,34.73,34.73,400,0
2016-06-17,20:00:00,34.735,34.75,34.73,34.75,900,0
2016-06-17,20:05:00,34.75,34.76,34.75,34.76,400,0
2016-06-17,20:10:00,34.73,34.73,34.72,34.73,400,0
2016-06-17,20:15:00,34.77,34.83,34.77,34.83,200,0
2016-06-17,20:20:00,34.82,34.83,34.82,34.83,400,0
2016-06-17,20:25:00,34.82,34.86,34.82,34.86,400,0
2016-06-17,20:30:00,34.89,34.9,34.87,34.87,600,0
2016-06-17,20:35:00,34.87,34.89,34.87,34.87,700,0
2016-06-17,20:40:00,34.875,34.89,34.875,34.88,400,0
2016-06-17,20:45:00,34.88,34.9,34.85,34.9,1000,0
2016-06-17,20:50:00,34.85,34.85,34.81,34.81,2400,0
2016-06-17,20:55:00,34.83,34.83,34.8,34.8,3921,0
2016-06-17,21:00:00,34.8,34.81,34.795,34.8,4256,0
2016-06-17,21:05:00,34.81,34.81,34.71,34.72,7769,0
2016-06-17,21:10:00,34.7101,34.73,34.7,34.7,4100,0
2016-06-17,21:20:00,34.7,34.7,34.63,34.63,1900,0
2016-06-17,21:25:00,34.65,34.66,34.62,34.64,3400,0
2016-06-17,21:30:00,34.62,34.66,34.62,34.645,700,0
2016-06-17,21:35:00,34.68,34.74,34.68,34.7,1400,0
2016-06-17,21:40:00,34.7,34.7,34.61,34.61,11186,0
2016-06-17,21:45:00,34.61,34.64,34.58,34.64,3379,0
2016-06-17,21:50:00,34.65,34.67,34.62,34.67,2602,0
2016-06-17,21:55:00,34.7,34.7,34.64,34.67,2608,0
2016-06-17,22:00:00,34.68,34.74,34.68,34.72,41070,0
2016-06-20,15:35:00,35.13,35.54,35.02,35.02,1262,0
2016-06-20,15:40:00,35.04,35.31,35.03,35.19,1400,0
2016-06-20,15:45:00,35.15,35.41,35.05,35.41,2100,0
2016-06-20,15:50:00,35.46,35.46,35.19,35.35,1900,0
2016-06-20,15:55:00,35.31,35.31,35.17,35.21,1200,0
2016-06-20,16:00:00,35.32,35.32,35.17,35.17,1200,0
2016-06-20,16:05:00,35.14,35.47,35.14,35.47,700,0
2016-06-20,16:10:00,35.47,35.63,35.46,35.57,3800,0
2016-06-20,16:15:00,35.58,35.59,35.48,35.48,6000,0
2016-06-20,16:20:00,35.46,35.55,35.43,35.55,1500,0
2016-06-20,16:25:00,35.643,35.643,35.44,35.46,1851,0
2016-06-20,16:30:00,35.47,35.47,35.47,35.47,200,0
2016-06-20,16:35:00,35.54,35.5725,35.49,35.555,3000,0
2016-06-20,16:40:00,35.555,35.555,35.5,35.52,1200,0
2016-06-20,16:45:00,35.565,35.61,35.56,35.57,2500,0
2016-06-20,16:50:00,35.55,35.55,35.55,35.55,300,0
2016-06-20,16:55:00,35.585,35.61,35.57,35.58,1757,0
2016-06-20,17:00:00,35.585,35.61,35.585,35.61,300,0
2016-06-20,17:05:00,35.61,35.61,35.56,35.56,1100,0
2016-06-20,17:10:00,35.57,35.65,35.57,35.63,1500,0
2016-06-20,17:15:00,35.66,35.66,35.57,35.605,2300,0
2016-06-20,17:20:00,35.61,35.61,35.54,35.57,1300,0
2016-06-20,17:25:00,35.58,35.58,35.46,35.46,1700,0
2016-06-20,17:30:00,35.48,35.55,35.48,35.52,1300,0
2016-06-20,17:35:00,35.49,35.49,35.44,35.46,1200,0
2016-06-20,17:40:00,35.42,35.42,35.32,35.38,2237,0
2016-06-20,17:45:00,35.42,35.42,35.42,35.42,500,0
2016-06-20,17:50:00,35.42,35.42,35.36,35.36,800,0
2016-06-20,17:55:00,35.37,35.39,35.37,35.39,600,0
2016-06-20,18:00:00,35.37,35.43,35.36,35.43,713,0
2016-06-20,18:05:00,35.48,35.48,35.38,35.4,3400,0
2016-06-20,18:10:00,35.39,35.46,35.39,35.44,1600,0
2016-06-20,18:15:00,35.49,35.49,35.32,35.32,1000,0
2016-06-20,18:20:00,35.33,35.39,35.33,35.39,1000,0
2016-06-20,18:25:00,35.39,35.39,35.34,35.35,1300,0
2016-06-20,18:30:00,35.36,35.37,35.35,35.36,1100,0
2016-06-20,18:35:00,35.36,35.36,35.3075,35.32,1600,0
2016-06-20,18:40:00,35.33,35.33,35.31,35.31,1400,0
2016-06-20,18:45:00,35.3,35.3,35.25,35.25,1000,0
2016-06-20,18:50:00,35.23,35.23,35.18,35.22,1800,0
2016-06-20,18:55:00,35.18,35.18,35.18,35.18,100,0
2016-06-20,19:00:00,35.21,35.21,35.18,35.18,700,0
2016-06-20,19:05:00,35.19,35.2,35.19,35.2,400,0
2016-06-20,19:10:00,35.23,35.29,35.23,35.26,1100,0
2016-06-20,19:15:00,35.26,35.26,35.19,35.19,2100,0
2016-06-20,19:20:00,35.18,35.22,35.18,35.21,1800,0
2016-06-20,19:25:00,35.24,35.315,35.23,35.315,1700,0
2016-06-20,19:30:00,35.32,35.34,35.25,35.25,1200,0
2016-06-20,19:35:00,35.25,35.34,35.25,35.34,2453,0
2016-06-20,19:40:00,35.36,35.36,35.3,35.3,1450,0
2016-06-20,19:45:00,35.29,35.29,35.25,35.25,1400,0
2016-06-20,19:50:00,35.23,35.25,35.22,35.25,600,0
2016-06-20,19:55:00,35.25,35.25,35.25,35.25,100,0
2016-06-20,20:00:00,35.25,35.26,35.2,35.23,2000,0
2016-06-20,20:05:00,35.25,35.25,35.22,35.22,1800,0
2016-06-20,20:10:00,35.19,35.19,35.16,35.17,900,0
2016-06-20,20:15:00,35.15,35.21,35.15,35.21,2100,0
2016-06-20,20:20:00,35.195,35.195,35.16,35.16,300,0
2016-06-20,20:25:00,35.16,35.17,35.12,35.17,1366,0
2016-06-20,20:30:00,35.15,35.15,35.12,35.12,900,0
2016-06-20,20:35:00,35.065,35.065,35.065,35.065,100,0
2016-06-20,20:40:00,35.09,35.1,35.07,35.07,1800,0
2016-06-20,20:45:00,35.08,35.08,35.07,35.07,700,0
2016-06-20,20:50:00,35.05,35.115,35.05,35.115,3300,0
2016-06-20,20:55:00,35.1,35.115,35.08,35.11,3345,0
2016-06-20,21:00:00,35.08,35.16,35.07,35.16,2400,0
2016-06-20,21:05:00,35.15,35.17,35.1,35.17,1200,0
2016-06-20,21:10:00,35.1617,35.1617,35.11,35.11,400,0
2016-06-20,21:15:00,35.16,35.16,35.12,35.12,1292,0
2016-06-20,21:20:00,35.13,35.13,35.1,35.12,900,0
2016-06-20,21:25:00,35.12,35.17,35.1,35.1,2100,0
2016-06-20,21:30:00,35.12,35.13,35.08,35.08,1900,0
2016-06-20,21:35:00,35.06,35.06,34.96,35.04,11400,0
2016-06-20,21:40:00,35.04,35.09,35.04,35.09,3638,0
2016-06-20,21:45:00,35.1,35.14,35.1,35.13,2200,0
2016-06-20,21:50:00,35.12,35.12,35.07,35.09,3100,0
2016-06-20,21:55:00,35.07,35.07,35,35,4700,0
2016-06-20,22:00:00,34.983,35.03,34.97,35.01,12981,0
2016-06-21,15:35:00,34.93,34.93,34.93,34.93,1970,0
2016-06-21,15:40:00,34.93,34.95,34.725,34.725,1100,0
2016-06-21,15:45:00,34.72,34.76,34.65,34.65,800,0
2016-06-21,15:50:00,34.65,34.71,34.62,34.62,2300,0
2016-06-21,15:55:00,34.71,34.86,34.71,34.74,1000,0
2016-06-21,16:00:00,34.72,34.72,34.69,34.72,300,0
2016-06-21,16:05:00,34.75,34.75,34.6,34.6,1400,0
2016-06-21,16:10:00,34.55,34.72,34.55,34.68,500,0
2016-06-21,16:15:00,34.77,34.77,34.77,34.77,200,0
2016-06-21,16:20:00,34.81,34.81,34.72,34.73,1000,0
2016-06-21,16:25:00,34.69,34.69,34.6,34.6,600,0
2016-06-21,16:30:00,34.7,34.7,34.7,34.7,100,0
2016-06-21,16:35:00,34.74,34.76,34.73,34.73,1900,0
2016-06-21,16:40:00,34.75,34.77,34.6301,34.6301,1858,0
2016-06-21,16:45:00,34.63,34.64,34.55,34.56,1300,0
2016-06-21,16:50:00,34.56,34.57,34.56,34.57,311,0
2016-06-21,16:55:00,34.57,34.6,34.57,34.57,400,0
2016-06-21,17:00:00,34.63,34.66,34.62,34.64,900,0
2016-06-21,17:05:00,34.63,34.8,34.63,34.74,1700,0
2016-06-21,17:10:00,34.76,34.79,34.76,34.77,900,0
2016-06-21,17:15:00,34.77,34.77,34.73,34.75,500,0
2016-06-21,17:20:00,34.8,34.87,34.8,34.83,900,0
2016-06-21,17:25:00,34.87,34.87,34.87,34.87,100,0
2016-06-21,17:30:00,34.84,34.96,34.83,34.95,900,0
2016-06-21,17:35:00,34.87,34.87,34.7,34.7,680,0
2016-06-21,17:40:00,34.71,34.71,34.69,34.69,300,0
2016-06-21,17:45:00,34.71,34.81,34.71,34.77,1000,0
2016-06-21,17:50:00,34.74,34.74,34.64,34.64,400,0
2016-06-21,17:55:00,34.64,34.64,34.55,34.58,600,0
2016-06-21,18:00:00,34.55,34.595,34.53,34.595,700,0
2016-06-21,18:05:00,34.59,34.6,34.54,34.54,1200,0
2016-06-21,18:10:00,34.52,34.55,34.48,34.55,2774,0
2016-06-21,18:15:00,34.5573,34.59,34.55,34.59,988,0
2016-06-21,18:20:00,34.61,34.62,34.61,34.62,500,0
2016-06-21,18:25:00,34.66,34.66,34.66,34.66,200,0
2016-06-21,18:30:00,34.66,34.66,34.66,34.66,670,0
2016-06-21,18:40:00,34.69,34.73,34.67,34.67,1700,0
2016-06-21,18:45:00,34.69,34.69,34.63,34.63,500,0
2016-06-21,18:50:00,34.62,34.62,34.62,34.62,100,0
2016-06-21,19:00:00,34.59,34.63,34.59,34.63,1500,0
2016-06-21,19:05:00,34.62,34.62,34.61,34.61,400,0
2016-06-21,19:10:00,34.61,34.65,34.61,34.65,600,0
2016-06-21,19:15:00,34.69,34.69,34.68,34.68,1000,0
2016-06-21,19:20:00,34.68,34.73,34.68,34.71,2128,0
2016-06-21,19:25:00,34.68,34.68,34.6,34.6,1000,0
2016-06-21,19:30:00,34.63,34.63,34.62,34.62,400,0
2016-06-21,19:35:00,34.62,34.66,34.57,34.655,600,0
2016-06-21,19:40:00,34.65,34.65,34.56,34.56,1000,0
2016-06-21,19:45:00,34.56,34.585,34.55,34.585,400,0
2016-06-21,19:50:00,34.58,34.58,34.58,34.58,600,0
2016-06-21,19:55:00,34.6,34.64,34.58,34.58,1300,0
2016-06-21,20:00:00,34.59,34.61,34.56,34.56,3600,0
2016-06-21,20:05:00,34.53,34.53,34.43,34.475,2700,0
2016-06-21,20:10:00,34.47,34.47,34.42,34.465,1300,0
2016-06-21,20:15:00,34.49,34.49,34.43,34.44,1300,0
2016-06-21,20:20:00,34.4465,34.4465,34.39,34.43,1603,0
2016-06-21,20:25:00,34.41,34.43,34.39,34.43,1500,0
2016-06-21,20:30:00,34.44,34.48,34.42,34.43,1500,0
2016-06-21,20:35:00,34.47,34.56,34.45,34.56,1533,0
2016-06-21,20:40:00,34.5799,34.63,34.54,34.61,2090,0
2016-06-21,20:45:00,34.59,34.62,34.57,34.59,1400,0
2016-06-21,20:50:00,34.57,34.59,34.54,34.58,1500,0
2016-06-21,20:55:00,34.56,34.56,34.53,34.54,1688,0
2016-06-21,21:00:00,34.54,34.54,34.48,34.5,1500,0
2016-06-21,21:05:00,34.47,34.47,34.42,34.42,1500,0
2016-06-21,21:10:00,34.42,34.45,34.42,34.44,1000,0
2016-06-21,21:15:00,34.47,34.53,34.47,34.527,1300,0
2016-06-21,21:20:00,34.54,34.6,34.54,34.58,1705,0
2016-06-21,21:25:00,34.58,34.58,34.57,34.57,1000,0
2016-06-21,21:30:00,34.58,34.61,34.57,34.58,3760,0
2016-06-21,21:35:00,34.605,34.605,34.53,34.54,2800,0
2016-06-21,21:40:00,34.53,34.54,34.52,34.53,4500,0
2016-06-21,21:45:00,34.52,34.52,34.45,34.5,15878,0
2016-06-21,21:50:00,34.53,34.62,34.53,34.58,3700,0
2016-06-21,21:55:00,34.59,34.62,34.56,34.58,7647,0
2016-06-21,22:00:00,34.6,34.6,34.49,34.49,22400,0
2016-06-22,15:35:00,34.46,34.46,34.3501,34.3501,774,0
2016-06-22,15:40:00,34.51,34.51,34.51,34.51,100,0
2016-06-22,15:45:00,34.77,34.77,34.77,34.77,200,0
2016-06-22,15:50:00,34.77,34.77,34.69,34.69,1413,0
2016-06-22,16:00:00,34.7,34.77,34.61,34.61,2100,0
2016-06-22,16:05:00,34.58,34.66,34.58,34.63,1500,0
2016-06-22,16:10:00,34.6,34.69,34.6,34.69,1300,0
2016-06-22,16:15:00,34.71,34.71,34.71,34.71,200,0
2016-06-22,16:20:00,34.68,34.75,34.68,34.68,2800,0
2016-06-22,16:25:00,34.71,34.71,34.71,34.71,100,0
2016-06-22,16:30:00,34.76,34.76,34.71,34.72,1300,0
2016-06-22,16:35:00,34.71,34.71,34.68,34.68,600,0
2016-06-22,16:40:00,34.65,34.65,34.63,34.63,800,0
2016-06-22,16:45:00,34.63,34.65,34.63,34.64,1000,0
2016-06-22,16:50:00,34.64,34.77,34.6,34.7,2400,0
2016-06-22,16:55:00,34.7,34.76,34.68,34.68,1700,0
2016-06-22,17:00:00,34.72,34.73,34.69,34.69,1000,0
2016-06-22,17:05:00,34.69,34.75,34.69,34.73,500,0
2016-06-22,17:10:00,34.74,34.74,34.65,34.65,3100,0
2016-06-22,17:15:00,34.68,34.765,34.68,34.7,1200,0
2016-06-22,17:20:00,34.73,34.78,34.73,34.77,1400,0
2016-06-22,17:25:00,34.75,34.79,34.68,34.68,1100,0
2016-06-22,17:30:00,34.7219,34.74,34.72,34.73,1112,0
2016-06-22,17:35:00,34.72,34.72,34.62,34.64,1485,0
2016-06-22,17:40:00,34.65,34.74,34.65,34.72,1868,0
2016-06-22,17:45:00,34.69,34.74,34.69,34.69,1200,0
2016-06-22,17:50:00,34.74,34.74,34.73,34.73,1100,0
2016-06-22,17:55:00,34.7,34.73,34.68,34.73,400,0
2016-06-22,18:00:00,34.74,34.77,34.67,34.67,1100,0
2016-06-22,18:05:00,34.69,34.69,34.63,34.63,600,0
2016-06-22,18:10:00,34.62,34.62,34.58,34.58,400,0
2016-06-22,18:20:00,34.6181,34.6181,34.595,34.595,1278,0
2016-06-22,18:25:00,34.57,34.57,34.4,34.4,1602,0
2016-06-22,18:30:00,34.415,34.43,34.4,34.43,1200,0
2016-06-22,18:35:00,34.46,34.47,34.46,34.47,200,0
2016-06-22,18:40:00,34.48,34.49,34.48,34.48,1100,0
2016-06-22,18:45:00,34.45,34.45,34.4,34.4,200,0
2016-06-22,18:50:00,34.4,34.4,34.35,34.38,1700,0
2016-06-22,18:55:00,34.39,34.39,34.39,34.39,200,0
2016-06-22,19:05:00,34.41,34.41,34.34,34.34,600,0
2016-06-22,19:10:00,34.35,34.36,34.33,34.33,720,0
2016-06-22,19:15:00,34.29,34.3,34.24,34.3,1419,0
2016-06-22,19:20:00,34.31,34.325,34.21,34.21,1900,0
2016-06-22,19:25:00,34.21,34.24,34.2,34.21,1242,0
2016-06-22,19:30:00,34.22,34.22,34.22,34.22,200,0
2016-06-22,19:35:00,34.2,34.235,34.2,34.23,1000,0
2016-06-22,19:40:00,34.26,34.32,34.2525,34.32,970,0
2016-06-22,19:45:00,34.37,34.43,34.37,34.39,700,0
2016-06-22,19:50:00,34.38,34.38,34.37,34.38,794,0
2016-06-22,19:55:00,34.41,34.41,34.38,34.38,1300,0
2016-06-22,20:00:00,34.4,34.4,34.4,34.4,200,0
2016-06-22,20:05:00,34.4,34.4,34.37,34.37,600,0
2016-06-22,20:10:00,34.37,34.37,34.35,34.35,1400,0
2016-06-22,20:15:00,34.37,34.37,34.35,34.35,400,0
2016-06-22,20:20:00,34.36,34.36,34.36,34.36,100,0
2016-06-22,20:25:00,34.36,34.36,34.25,34.25,1500,0
2016-06-22,20:35:00,34.29,34.32,34.24,34.26,2900,0
2016-06-22,20:40:00,34.24,34.25,34.24,34.24,800,0
2016-06-22,20:45:00,34.28,34.28,34.25,34.25,500,0
2016-06-22,20:50:00,34.245,34.245,34.21,34.21,600,0
2016-06-22,20:55:00,34.22,34.25,34.12,34.12,3300,0
2016-06-22,21:00:00,34.14,34.19,34.14,34.19,2400,0
2016-06-22,21:05:00,34.17,34.22,34.16,34.22,1000,0
2016-06-22,21:10:00,34.24,34.27,34.22,34.22,2231,0
2016-06-22,21:15:00,34.23,34.24,34.22,34.24,1310,0
2016-06-22,21:20:00,34.24,34.265,34.23,34.23,2600,0
2016-06-22,21:25:00,34.24,34.25,34.22,34.2325,2168,0
2016-06-22,21:30:00,34.23,34.24,34.2299,34.23,1791,0
2016-06-22,21:35:00,34.24,34.28,34.24,34.27,2196,0
2016-06-22,21:40:00,34.28,34.31,34.27,34.31,4400,0
2016-06-22,21:45:00,34.33,34.3535,34.3,34.315,8191,0
2016-06-22,21:50:00,34.31,34.325,34.28,34.3,3429,0
2016-06-22,21:55:00,34.27,34.28,34.2,34.24,6413,0
2016-06-22,22:00:00,34.22,34.24,34.16,34.19,12617,0
2016-06-23,15:35:00,34.58,34.77,34.36,34.77,1402,0
2016-06-23,15:40:00,34.82,34.82,34.82,34.82,100,0
2016-06-23,15:45:00,34.79,34.8,34.74,34.8,1500,0
2016-06-23,15:50:00,34.78,34.82,34.69,34.69,4500,0
2016-06-23,15:55:00,34.61,34.68,34.61,34.67,400,0
2016-06-23,16:00:00,34.71,34.71,34.52,34.53,3395,0
2016-06-23,16:10:00,34.75,34.77,34.73,34.73,700,0
2016-06-23,16:15:00,34.72,34.77,34.72,34.73,500,0
2016-06-23,16:20:00,34.79,34.81,34.76,34.81,1000,0
2016-06-23,16:25:00,34.81,34.81,34.77,34.77,2896,0
2016-06-23,16:30:00,34.79,34.79,34.69,34.705,1100,0
2016-06-23,16:35:00,34.67,34.675,34.59,34.63,1800,0
2016-06-23,16:40:00,34.66,34.66,34.645,34.66,400,0
2016-06-23,16:45:00,34.67,34.7,34.67,34.7,200,0
2016-06-23,16:50:00,34.67,34.67,34.62,34.62,1687,0
2016-06-23,16:55:00,34.63,34.64,34.61,34.63,1100,0
2016-06-23,17:00:00,34.65,34.65,34.64,34.65,300,0
2016-06-23,17:05:00,34.66,34.67,34.65,34.65,500,0
2016-06-23,17:10:00,34.72,34.73,34.67,34.68,1200,0
2016-06-23,17:15:00,34.72,34.73,34.7,34.73,700,0
2016-06-23,17:20:00,34.74,34.8,34.74,34.77,900,0
2016-06-23,17:25:00,34.825,34.86,34.79,34.82,2200,0
2016-06-23,17:30:00,34.88,34.92,34.87,34.92,1200,0
2016-06-23,17:35:00,34.93,34.96,34.93,34.95,3700,0
2016-06-23,17:40:00,34.97,34.97,34.91,34.95,400,0
2016-06-23,17:45:00,34.95,34.96,34.89,34.92,2200,0
2016-06-23,17:50:00,34.85,34.93,34.85,34.93,400,0
2016-06-23,17:55:00,34.93,34.97,34.93,34.93,700,0
2016-06-23,18:00:00,34.93,34.94,34.89,34.89,2100,0
2016-06-23,18:05:00,34.915,34.915,34.85,34.85,5000,0
2016-06-23,18:10:00,34.89,34.895,34.88,34.88,1000,0
2016-06-23,18:15:00,34.895,34.895,34.87,34.87,200,0
2016-06-23,18:20:00,34.89,34.9,34.88,34.89,800,0
2016-06-23,18:25:00,34.89,34.89,34.815,34.815,1400,0
2016-06-23,18:30:00,34.72,34.7725,34.72,34.7725,300,0
2016-06-23,18:35:00,34.74,34.76,34.74,34.76,300,0
2016-06-23,18:40:00,34.74,34.74,34.66,34.67,1229,0
2016-06-23,18:45:00,34.67,34.67,34.61,34.61,1400,0
2016-06-23,18:50:00,34.56,34.61,34.56,34.6,1600,0
2016-06-23,18:55:00,34.57,34.57,34.57,34.57,100,0
2016-06-23,19:00:00,34.59,34.6,34.55,34.56,2200,0
2016-06-23,19:05:00,34.54,34.54,34.5301,34.5301,300,0
2016-06-23,19:10:00,34.53,34.53,34.53,34.53,300,0
2016-06-23,19:15:00,34.52,34.58,34.52,34.57,1300,0
2016-06-23,19:20:00,34.575,34.6,34.55,34.6,600,0
2016-06-23,19:25:00,34.59,34.6,34.55,34.55,1024,0
2016-06-23,19:30:00,34.55,34.58,34.55,34.58,1100,0
2016-06-23,19:35:00,34.57,34.62,34.57,34.62,1000,0
2016-06-23,19:40:00,34.59,34.61,34.57,34.57,1676,0
2016-06-23,19:45:00,34.56,34.59,34.54,34.59,600,0
2016-06-23,19:50:00,34.56,34.56,34.51,34.53,710,0
2016-06-23,19:55:00,34.4985,34.4985,34.42,34.46,1390,0
2016-06-23,20:00:00,34.46,34.475,34.38,34.38,1700,0
2016-06-23,20:05:00,34.37,34.42,34.37,34.42,900,0
2016-06-23,20:10:00,34.42,34.43,34.4001,34.4001,700,0
2016-06-23,20:15:00,34.445,34.505,34.445,34.47,2291,0
2016-06-23,20:20:00,34.47,34.47,34.46,34.46,1000,0
2016-06-23,20:25:00,34.45,34.48,34.45,34.455,1000,0
2016-06-23,20:30:00,34.48,34.5,34.47,34.49,600,0
2016-06-23,20:35:00,34.49,34.53,34.49,34.51,3000,0
2016-06-23,20:40:00,34.52,34.54,34.5,34.52,1300,0
2016-06-23,20:45:00,34.505,34.505,34.46,34.46,1513,0
2016-06-23,20:50:00,34.47,34.49,34.38,34.39,9004,0
2016-06-23,20:55:00,34.4,34.41,34.38,34.4,800,0
2016-06-23,21:05:00,34.42,34.46,34.42,34.42,2200,0
2016-06-23,21:10:00,34.41,34.425,34.37,34.42,1600,0
2016-06-23,21:15:00,34.4081,34.415,34.4,34.4,1520,0
2016-06-23,21:20:00,34.41,34.41,34.36,34.36,3875,0
2016-06-23,21:25:00,34.36,34.38,34.35,34.38,1700,0
2016-06-23,21:30:00,34.4,34.4,34.38,34.38,800,0
2016-06-23,21:35:00,34.3701,34.42,34.3701,34.42,1350,0
2016-06-23,21:40:00,34.43,34.45,34.35,34.36,3300,0
2016-06-23,21:45:00,34.35,34.44,34.34,34.43,1700,0
2016-06-23,21:50:00,34.44,34.44,34.33,34.36,7600,0
2016-06-23,21:55:00,34.37,34.39,34.33,34.36,7206,0
2016-06-23,22:00:00,34.35,34.42,34.33,34.39,16396,0
2016-06-24,15:35:00,33.48,33.97,33.48,33.82,11654,0
2016-06-24,15:40:00,33.82,33.9,33.635,33.7,5056,0
2016-06-24,15:45:00,33.77,33.94,33.75,33.9,2500,0
2016-06-24,15:50:00,33.93,33.93,33.83,33.83,1800,0
2016-06-24,15:55:00,33.89,33.9,33.78,33.83,1855,0
2016-06-24,16:00:00,33.88,33.98,33.88,33.9,1881,0
2016-06-24,16:05:00,34,34.04,33.98,34.04,1100,0
2016-06-24,16:10:00,34.09,34.28,34.03,34.26,2800,0
2016-06-24,16:15:00,34.26,34.42,34.25,34.32,5292,0
2016-06-24,16:20:00,34.34,34.43,34.24,34.26,3100,0
2016-06-24,16:25:00,34.27,34.37,34.25,34.35,9500,0
2016-06-24,16:30:00,34.34,34.4,34.34,34.4,700,0
2016-06-24,16:35:00,34.37,34.37,34.3,34.3,4292,0
2016-06-24,16:40:00,34.3,34.47,34.3,34.47,4755,0
2016-06-24,16:45:00,34.49,34.49,34.4112,34.45,3315,0
2016-06-24,16:50:00,34.41,34.48,34.4,34.46,2731,0
2016-06-24,16:55:00,34.46,34.55,34.46,34.55,4224,0
2016-06-24,17:00:00,34.57,34.64,34.57,34.59,1100,0
2016-06-24,17:05:00,34.6,34.61,34.49,34.49,980,0
2016-06-24,17:10:00,34.51,34.57,34.51,34.57,600,0
2016-06-24,17:15:00,34.57,34.57,34.55,34.56,600,0
2016-06-24,17:20:00,34.55,34.63,34.55,34.63,1400,0
2016-06-24,17:25:00,34.64,34.64,34.62,34.62,600,0
2016-06-24,17:30:00,34.64,34.66,34.56,34.6,1600,0
2016-06-24,17:35:00,34.65,34.65,34.59,34.6,1500,0
2016-06-24,17:40:00,34.65,34.66,34.62,34.64,1300,0
2016-06-24,17:45:00,34.62,34.64,34.62,34.63,700,0
2016-06-24,17:50:00,34.67,34.72,34.67,34.68,400,0
2016-06-24,17:55:00,34.74,34.76,34.74,34.76,200,0
2016-06-24,18:00:00,34.76,34.79,34.72,34.79,2100,0
2016-06-24,18:05:00,34.79,34.85,34.76,34.79,1200,0
2016-06-24,18:10:00,34.82,34.84,34.6974,34.75,1100,0
2016-06-24,18:15:00,34.76,34.76,34.67,34.7,1300,0
2016-06-24,18:20:00,34.72,34.74,34.69,34.73,800,0
2016-06-24,18:25:00,34.74,34.79,34.72,34.79,700,0
2016-06-24,18:30:00,34.79,34.83,34.7899,34.83,4500,0
2016-06-24,18:35:00,34.8,34.82,34.8,34.8,1300,0
2016-06-24,18:40:00,34.81,34.91,34.81,34.9,2309,0
2016-06-24,18:45:00,34.87,34.9,34.82,34.86,1266,0
2016-06-24,18:50:00,34.8,34.84,34.8,34.84,400,0
2016-06-24,18:55:00,34.815,34.84,34.81,34.83,700,0
2016-06-24,19:00:00,34.84,34.87,34.74,34.79,1800,0
2016-06-24,19:05:00,34.76,34.82,34.76,34.8,600,0
2016-06-24,19:10:00,34.76,34.78,34.7,34.76,2190,0
2016-06-24,19:15:00,34.78,34.86,34.78,34.86,1300,0
2016-06-24,19:20:00,34.85,34.88,34.83,34.88,400,0
2016-06-24,19:25:00,34.9,34.9,34.86,34.86,400,0
2016-06-24,19:30:00,34.85,34.87,34.85,34.87,500,0
2016-06-24,19:35:00,34.83,34.83,34.79,34.83,500,0
2016-06-24,19:40:00,34.86,34.9,34.85,34.85,1200,0
2016-06-24,19:45:00,34.88,34.88,34.86,34.875,600,0
2016-06-24,19:50:00,34.82,34.84,34.77,34.77,2000,0
2016-06-24,19:55:00,34.78,34.83,34.78,34.83,661,0
2016-06-24,20:00:00,34.82,34.85,34.82,34.83,400,0
2016-06-24,20:05:00,34.88,34.895,34.88,34.89,1000,0
2016-06-24,20:10:00,34.895,34.95,34.8934,34.94,3416,0
2016-06-24,20:15:00,34.953,34.96,34.93,34.96,2000,0
2016-06-24,20:20:00,34.95,34.95,34.93,34.93,200,0
2016-06-24,20:25:00,34.93,34.94,34.865,34.865,3411,0
2016-06-24,20:30:00,34.86,34.95,34.86,34.89,3083,0
2016-06-24,20:35:00,34.88,34.89,34.81,34.88,4500,0
2016-06-24,20:40:00,34.85,34.94,34.81,34.925,5000,0
2016-06-24,20:45:00,34.92,34.92,34.89,34.92,1900,0
2016-06-24,20:50:00,34.91,34.91,34.8,34.87,9511,0
2016-06-24,20:55:00,34.88,34.94,34.87,34.94,3744,0
2016-06-24,21:00:00,34.99,35.01,34.975,35,3033,0
2016-06-24,21:05:00,35,35.01,34.97,34.99,3800,0
2016-06-24,21:10:00,35,35.06,34.99,35.04,2500,0
2016-06-24,21:15:00,35.03,35.03,34.91,35.01,7346,0
2016-06-24,21:20:00,34.99,35.0199,34.98,34.98,4156,0
2016-06-24,21:25:00,34.98,35.04,34.98,35,5795,0
2016-06-24,21:30:00,34.99,35.03,34.98,35.01,5586,0
2016-06-24,21:35:00,35.02,35.13,35,35.13,12786,0
2016-06-24,21:40:00,35.13,35.18,35.04,35.05,2816,0
2016-06-24,21:45:00,35.06,35.18,35.04,35.18,3138,0
2016-06-24,21:50:00,35.13,35.17,35.1,35.13,2745,0
2016-06-24,21:55:00,35.115,35.2,35.06,35.12,11220,0
2016-06-24,22:00:00,35.12,35.19,35,35,17414,0
2016-06-27,15:35:00,34.7,34.7,34.49,34.56,1609,0
2016-06-27,15:40:00,34.39,34.485,34.36,34.485,1060,0
2016-06-27,15:45:00,34.38,34.42,34.2,34.32,4900,0
2016-06-27,15:50:00,34.3,34.3,34.07,34.11,6600,0
2016-06-27,15:55:00,34.13,34.19,34.06,34.1,7686,0
2016-06-27,16:00:00,34.08,34.12,33.88,33.88,14401,0
2016-06-27,16:05:00,33.855,34.115,33.8,34,6000,0
2016-06-27,16:10:00,33.955,33.99,33.87,33.87,1999,0
2016-06-27,16:15:00,33.83,33.84,33.75,33.75,3400,0
2016-06-27,16:20:00,33.755,34.03,33.75,33.99,6602,0
2016-06-27,16:25:00,33.99,33.995,33.72,33.77,3100,0
2016-06-27,16:30:00,33.81,33.83,33.71,33.72,4100,0
2016-06-27,16:35:00,33.71,33.71,33.57,33.61,5000,0
2016-06-27,16:40:00,33.615,33.62,33.58,33.59,2000,0
2016-06-27,16:45:00,33.58,33.69,33.58,33.64,5497,0
2016-06-27,16:50:00,33.6,33.625,33.51,33.51,3200,0
2016-06-27,16:55:00,33.48,33.485,33.34,33.39,5600,0
2016-06-27,17:00:00,33.41,33.41,33.285,33.285,3587,0
2016-06-27,17:05:00,33.32,33.45,33.32,33.37,5156,0
2016-06-27,17:10:00,33.38,33.41,33.33,33.33,3300,0
2016-06-27,17:15:00,33.34,33.37,33.3,33.3,1656,0
2016-06-27,17:20:00,33.26,33.3175,33.24,33.25,4002,0
2016-06-27,17:25:00,33.245,33.245,33.12,33.12,807,0
2016-06-27,17:30:00,33.14,33.27,33.09,33.27,1400,0
2016-06-27,17:35:00,33.28,33.425,33.28,33.425,3000,0
2016-06-27,17:40:00,33.44,33.595,33.44,33.595,5400,0
2016-06-27,17:45:00,33.605,33.66,33.57,33.6,12341,0
2016-06-27,17:50:00,33.59,33.61,33.53,33.53,1800,0
2016-06-27,17:55:00,33.53,33.53,33.42,33.46,3100,0
2016-06-27,18:00:00,33.46,33.49,33.3589,33.42,3800,0
2016-06-27,18:05:00,33.425,33.44,33.38,33.43,1600,0
2016-06-27,18:10:00,33.41,33.41,33.33,33.33,1300,0
2016-06-27,18:15:00,33.33,33.35,33.2873,33.34,1361,0
2016-06-27,18:20:00,33.33,33.5,33.33,33.41,7800,0
2016-06-27,18:25:00,33.4,33.49,33.4,33.49,5031,0
2016-06-27,18:30:00,33.4925,33.68,33.4925,33.6799,5920,0
2016-06-27,18:35:00,33.655,33.67,33.59,33.59,2400,0
2016-06-27,18:40:00,33.54,33.54,33.49,33.51,700,0
2016-06-27,18:45:00,33.49,33.5,33.41,33.41,2200,0
2016-06-27,18:50:00,33.35,33.45,33.35,33.43,1500,0
2016-06-27,18:55:00,33.43,33.46,33.37,33.37,4114,0
2016-06-27,19:00:00,33.41,33.46,33.37,33.4,9901,0
2016-06-27,19:05:00,33.42,33.4399,33.37,33.43,2800,0
2016-06-27,19:10:00,33.445,33.51,33.4,33.51,3400,0
2016-06-27,19:15:00,33.48,33.57,33.48,33.525,500,0
2016-06-27,19:20:00,33.51,33.72,33.49,33.72,5033,0
2016-06-27,19:25:00,33.7,33.75,33.67,33.7052,2065,0
2016-06-27,19:30:00,33.69,33.69,33.58,33.6,1665,0
2016-06-27,19:35:00,33.54,33.6,33.54,33.55,1973,0
2016-06-27,19:40:00,33.54,33.6,33.5,33.53,3200,0
2016-06-27,19:45:00,33.49,33.51,33.4,33.45,2588,0
2016-06-27,19:50:00,33.43,33.5,33.39,33.48,1700,0
2016-06-27,19:55:00,33.45,33.47,33.37,33.46,2600,0
2016-06-27,20:00:00,33.46,33.54,33.42,33.5,3127,0
2016-06-27,20:05:00,33.5,33.54,33.47,33.51,3577,0
2016-06-27,20:10:00,33.47,33.49,33.38,33.38,2600,0
2016-06-27,20:15:00,33.37,33.38,33.29,33.29,6700,0
2016-06-27,20:20:00,33.29,33.36,33.24,33.28,4336,0
2016-06-27,20:25:00,33.22,33.29,33.22,33.2665,4238,0
2016-06-27,20:30:00,33.24,33.31,33.22,33.3,5352,0
2016-06-27,20:35:00,33.32,33.33,33.24,33.32,4820,0
2016-06-27,20:40:00,33.29,33.32,33.25,33.27,2700,0
2016-06-27,20:45:00,33.23,33.3,33.22,33.285,6100,0
2016-06-27,20:50:00,33.27,33.28,33.18,33.225,6890,0
2016-06-27,20:55:00,33.2,33.22,33.155,33.16,7893,0
2016-06-27,21:00:00,33.155,33.27,33.15,33.26,5564,0
2016-06-27,21:05:00,33.27,33.38,33.27,33.38,6824,0
2016-06-27,21:10:00,33.37,33.5,33.35,33.485,9538,0
2016-06-27,21:15:00,33.485,33.5727,33.485,33.57,3404,0
2016-06-27,21:20:00,33.57,33.58,33.461,33.48,9528,0
2016-06-27,21:25:00,33.49,33.52,33.39,33.42,3800,0
2016-06-27,21:30:00,33.42,33.52,33.42,33.52,7530,0
2016-06-27,21:35:00,33.52,33.55,33.5,33.55,6500,0
2016-06-27,21:40:00,33.54,33.56,33.5,33.56,5967,0
2016-06-27,21:45:00,33.6,33.62,33.5,33.54,6926,0
2016-06-27,21:50:00,33.55,33.56,33.5,33.53,6200,0
2016-06-27,21:55:00,33.53,33.545,33.48,33.53,7607,0
2016-06-27,22:00:00,33.53,33.545,33.48,33.52,30637,0
2016-06-28,15:35:00,33.72,34.06,33.72,33.77,2359,0
2016-06-28,15:40:00,33.85,34.37,33.85,34.37,2200,0
2016-06-28,15:45:00,34.48,34.53,34.24,34.3,5640,0
2016-06-28,15:50:00,34.21,34.21,34.14,34.17,1000,0
2016-06-28,15:55:00,34.21,34.27,33.96,34.04,5301,0
2016-06-28,16:00:00,34.04,34.065,33.92,34.065,3104,0
2016-06-28,16:05:00,34,34,33.95,33.95,800,0
2016-06-28,16:10:00,33.96,34,33.62,33.68,3100,0
2016-06-28,16:15:00,33.75,33.755,33.7,33.755,1700,0
2016-06-28,16:20:00,33.78,33.91,33.78,33.87,3000,0
2016-06-28,16:25:00,33.88,33.88,33.69,33.69,1700,0
2016-06-28,16:30:00,33.69,33.7,33.6,33.7,1900,0
2016-06-28,16:35:00,33.7,33.8,33.7,33.7,2900,0
2016-06-28,16:40:00,33.71,33.81,33.66,33.66,2300,0
2016-06-28,16:45:00,33.63,33.73,33.63,33.73,3100,0
2016-06-28,16:50:00,33.78,33.9,33.78,33.9,1600,0
2016-06-28,16:55:00,33.92,33.92,33.84,33.84,1200,0
2016-06-28,17:00:00,33.81,33.82,33.8,33.8,1530,0
2016-06-28,17:05:00,33.82,33.86,33.63,33.63,3000,0
2016-06-28,17:10:00,33.62,33.75,33.62,33.62,2800,0
2016-06-28,17:15:00,33.58,33.62,33.58,33.61,1923,0
2016-06-28,17:20:00,33.57,33.66,33.57,33.61,1900,0
2016-06-28,17:25:00,33.58,33.67,33.55,33.55,1200,0
2016-06-28,17:30:00,33.55,33.55,33.5,33.5,3162,0
2016-06-28,17:35:00,33.55,33.61,33.54,33.54,1195,0
2016-06-28,17:40:00,33.53,33.53,33.45,33.46,2613,0
2016-06-28,17:45:00,33.41,33.47,33.41,33.46,1400,0
2016-06-28,17:50:00,33.48,33.61,33.48,33.61,1600,0
2016-06-28,17:55:00,33.62,33.645,33.58,33.59,2200,0
2016-06-28,18:00:00,33.57,33.61,33.57,33.57,1800,0
2016-06-28,18:05:00,33.52,33.55,33.52,33.53,1000,0
2016-06-28,18:10:00,33.55,33.59,33.52,33.52,2200,0
2016-06-28,18:15:00,33.5,33.53,33.5,33.52,1200,0
2016-06-28,18:20:00,33.515,33.5272,33.47,33.47,720,0
2016-06-28,18:25:00,33.465,33.465,33.42,33.44,3200,0
2016-06-28,18:30:00,33.43,33.49,33.42,33.49,3679,0
2016-06-28,18:35:00,33.52,33.61,33.5,33.61,1200,0
2016-06-28,18:40:00,33.59,33.64,33.56,33.56,2600,0
2016-06-28,18:45:00,33.62,33.64,33.56,33.56,1500,0
2016-06-28,18:50:00,33.56,33.56,33.5,33.5,1000,0
2016-06-28,18:55:00,33.51,33.54,33.46,33.46,1890,0
2016-06-28,19:00:00,33.48,33.53,33.47,33.49,3800,0
2016-06-28,19:05:00,33.49,33.49,33.47,33.48,900,0
2016-06-28,19:10:00,33.5,33.5,33.43,33.43,1700,0
2016-06-28,19:15:00,33.44,33.45,33.44,33.45,1100,0
2016-06-28,19:20:00,33.5,33.5,33.36,33.37,2700,0
2016-06-28,19:25:00,33.37,33.4,33.36,33.38,2400,0
2016-06-28,19:30:00,33.39,33.42,33.36,33.39,2300,0
2016-06-28,19:35:00,33.39,33.43,33.38,33.43,1900,0
2016-06-28,19:40:00,33.41,33.44,33.41,33.44,600,0
2016-06-28,19:45:00,33.47,33.57,33.47,33.54,2600,0
2016-06-28,19:50:00,33.54,33.54,33.46,33.46,1600,0
2016-06-28,19:55:00,33.48,33.49,33.47,33.48,2000,0
2016-06-28,20:00:00,33.48,33.48,33.46,33.48,1410,0
2016-06-28,20:05:00,33.48,33.55,33.46,33.55,4200,0
2016-06-28,20:10:00,33.54,33.54,33.5,33.52,7250,0
2016-06-28,20:15:00,33.54,33.55,33.5,33.52,1680,0
2016-06-28,20:20:00,33.53,33.56,33.5175,33.5175,4700,0
2016-06-28,20:25:00,33.515,33.53,33.5,33.5,3835,0
2016-06-28,20:30:00,33.5,33.53,33.5,33.53,5307,0
2016-06-28,20:35:00,33.53,33.63,33.52,33.62,2856,0
2016-06-28,20:40:00,33.6207,33.68,33.62,33.68,1856,0
2016-06-28,20:45:00,33.68,33.71,33.68,33.71,700,0
2016-06-28,20:50:00,33.725,33.8,33.71,33.71,2800,0
2016-06-28,20:55:00,33.7397,33.8111,33.7397,33.8,2963,0
2016-06-28,21:00:00,33.82,33.87,33.78,33.78,2300,0
2016-06-28,21:05:00,33.79,33.79,33.71,33.72,4680,0
2016-06-28,21:10:00,33.7,33.745,33.69,33.745,3000,0
2016-06-28,21:15:00,33.745,33.78,33.71,33.73,8295,0
2016-06-28,21:20:00,33.73,33.73,33.57,33.61,5240,0
2016-06-28,21:25:00,33.57,33.635,33.57,33.59,1860,0
2016-06-28,21:30:00,33.55,33.56,33.5,33.54,2773,0
2016-06-28,21:35:00,33.54,33.55,33.44,33.44,7127,0
2016-06-28,21:40:00,33.43,33.53,33.41,33.53,4714,0
2016-06-28,21:45:00,33.57,33.585,33.53,33.53,2500,0
2016-06-28,21:50:00,33.52,33.55,33.52,33.535,3700,0
2016-06-28,21:55:00,33.56,33.6,33.51,33.54,5409,0
2016-06-28,22:00:00,33.54,33.565,33.49,33.52,12562,0
2016-06-29,15:35:00,33.7,34.24,33.7,34.24,2106,0
2016-06-29,15:40:00,34.01,34.05,33.83,33.83,900,0
2016-06-29,15:45:00,34.02,34.02,33.95,33.95,1897,0
2016-06-29,15:50:00,34.04,34.29,34.04,34.28,2700,0
2016-06-29,15:55:00,34.33,34.4,34.33,34.4,300,0
2016-06-29,16:00:00,34.38,34.46,34.38,34.45,1100,0
2016-06-29,16:05:00,34.45,34.57,34.45,34.47,5200,0
2016-06-29,16:10:00,34.5,34.52,34.37,34.46,3391,0
2016-06-29,16:15:00,34.46,34.47,34.36,34.36,3968,0
2016-06-29,16:20:00,34.4,34.435,34.37,34.38,3723,0
2016-06-29,16:25:00,34.405,34.41,34.32,34.32,5253,0
2016-06-29,16:30:00,34.367,34.37,34.32,34.3479,3014,0
2016-06-29,16:35:00,34.33,34.365,34.315,34.33,5813,0
2016-06-29,16:40:00,34.315,34.34,34.27,34.27,800,0
2016-06-29,16:45:00,34.255,34.27,34.17,34.17,1500,0
2016-06-29,16:50:00,34.16,34.22,34.135,34.22,7344,0
2016-06-29,16:55:00,34.24,34.25,34.18,34.19,2800,0
2016-06-29,17:00:00,34.2,34.21,34.18,34.185,1000,0
2016-06-29,17:05:00,34.19,34.225,34.16,34.225,3500,0
2016-06-29,17:10:00,34.22,34.22,33.99,34.02,13161,0
2016-06-29,17:15:00,34.03,34.11,34.01,34.11,6800,0
2016-06-29,17:20:00,34.16,34.235,34.16,34.235,2100,0
2016-06-29,17:25:00,34.28,34.32,34.265,34.265,3100,0
2016-06-29,17:30:00,34.28,34.38,34.28,34.3,3600,0
2016-06-29,17:35:00,34.31,34.31,34.25,34.29,5429,0
2016-06-29,17:40:00,34.265,34.32,34.26,34.3,4800,0
2016-06-29,17:45:00,34.295,34.35,34.27,34.27,2500,0
2016-06-29,17:50:00,34.26,34.26,34.21,34.22,1000,0
2016-06-29,17:55:00,34.28,34.368,34.28,34.36,2400,0
2016-06-29,18:00:00,34.3425,34.35,34.3,34.33,2200,0
2016-06-29,18:05:00,34.35,34.37,34.32,34.36,5000,0
2016-06-29,18:10:00,34.41,34.44,34.39,34.4,1400,0
2016-06-29,18:15:00,34.3945,34.4,34.36,34.37,2200,0
2016-06-29,18:20:00,34.35,34.35,34.335,34.335,300,0
2016-06-29,18:25:00,34.36,34.4,34.36,34.4,2700,0
2016-06-29,18:30:00,34.3975,34.44,34.395,34.44,500,0
2016-06-29,18:35:00,34.445,34.445,34.4,34.4375,1000,0
2016-06-29,18:40:00,34.42,34.42,34.38,34.395,800,0
2016-06-29,18:45:00,34.4,34.42,34.4,34.42,1200,0
2016-06-29,18:50:00,34.4,34.4,34.38,34.38,300,0
2016-06-29,18:55:00,34.38,34.39,34.37,34.37,1100,0
2016-06-29,19:00:00,34.366,34.4,34.36,34.37,858,0
2016-06-29,19:05:00,34.365,34.39,34.365,34.39,1200,0
2016-06-29,19:10:00,34.39,34.39,34.35,34.35,1600,0
2016-06-29,19:15:00,34.32,34.33,34.315,34.315,400,0
2016-06-29,19:20:00,34.33,34.38,34.33,34.38,900,0
2016-06-29,19:25:00,34.385,34.41,34.38,34.41,1500,0
2016-06-29,19:30:00,34.43,34.435,34.42,34.42,1700,0
2016-06-29,19:35:00,34.43,34.445,34.42,34.43,2347,0
2016-06-29,19:40:00,34.44,34.5,34.44,34.47,600,0
2016-06-29,19:45:00,34.5,34.51,34.475,34.49,800,0
2016-06-29,19:50:00,34.53,34.53,34.515,34.515,300,0
2016-06-29,19:55:00,34.53,34.54,34.51,34.52,4082,0
2016-06-29,20:00:00,34.53,34.5928,34.53,34.5928,1345,0
2016-06-29,20:05:00,34.62,34.63,34.58,34.6,1800,0
2016-06-29,20:10:00,34.61,34.62,34.61,34.61,700,0
2016-06-29,20:15:00,34.61,34.67,34.61,34.67,1200,0
2016-06-29,20:20:00,34.66,34.67,34.63,34.63,2100,0
2016-06-29,20:25:00,34.62,34.64,34.62,34.63,1700,0
2016-06-29,20:30:00,34.64,34.68,34.64,34.67,1885,0
2016-06-29,20:35:00,34.68,34.71,34.68,34.71,700,0
2016-06-29,20:40:00,34.73,34.75,34.7,34.75,1000,0
2016-06-29,20:45:00,34.76,34.76,34.7303,34.75,2745,0
2016-06-29,20:50:00,34.75,34.775,34.735,34.735,2700,0
2016-06-29,20:55:00,34.72,34.72,34.64,34.64,1800,0
2016-06-29,21:00:00,34.67,34.76,34.67,34.745,2265,0
2016-06-29,21:05:00,34.76,34.76,34.74,34.75,1200,0
2016-06-29,21:10:00,34.75,34.75,34.73,34.73,900,0
2016-06-29,21:15:00,34.74,34.77,34.74,34.76,1000,0
2016-06-29,21:20:00,34.76,34.81,34.745,34.79,3500,0
2016-06-29,21:25:00,34.78,34.79,34.75,34.77,2400,0
2016-06-29,21:30:00,34.76,34.77,34.76,34.77,1589,0
2016-06-29,21:35:00,34.77,34.77,34.7,34.72,3700,0
2016-06-29,21:40:00,34.74,34.74,34.69,34.69,4173,0
2016-06-29,21:45:00,34.68,34.7,34.64,34.67,4600,0
2016-06-29,21:50:00,34.69,34.74,34.69,34.71,4425,0
2016-06-29,21:55:00,34.71,34.72,34.63,34.68,8779,0
2016-06-29,22:00:00,34.685,34.71,34.62,34.7,43746,0
2016-06-30,15:35:00,34.8,34.81,34.63,34.81,561,0
2016-06-30,15:40:00,34.465,34.75,34.465,34.75,200,0
2016-06-30,15:45:00,34.61,34.69,34.23,34.23,3096,0
2016-06-30,15:50:00,34.22,34.35,34.21,34.35,1600,0
2016-06-30,15:55:00,34.1889,34.24,34.1889,34.24,888,0
2016-06-30,16:00:00,34.24,34.25,34.21,34.21,500,0
2016-06-30,16:05:00,34.27,34.27,34.19,34.19,911,0
2016-06-30,16:10:00,34.18,34.31,34.11,34.31,2300,0
2016-06-30,16:15:00,34.3,34.39,34.27,34.39,5100,0
2016-06-30,16:20:00,34.4228,34.53,34.33,34.33,4392,0
2016-06-30,16:25:00,34.34,34.4,34.3,34.35,3800,0
2016-06-30,16:30:00,34.37,34.37,34.28,34.36,6800,0
2016-06-30,16:35:00,34.35,34.35,34.29,34.3,3700,0
2016-06-30,16:40:00,34.29,34.32,34.27,34.31,3000,0
2016-06-30,16:45:00,34.31,34.315,34.25,34.25,3300,0
2016-06-30,16:50:00,34.28,34.495,34.28,34.47,1500,0
2016-06-30,16:55:00,34.48,34.575,34.44,34.51,1680,0
2016-06-30,17:00:00,34.47,34.67,34.47,34.66,1600,0
2016-06-30,17:05:00,34.65,34.71,34.59,34.71,5708,0
2016-06-30,17:10:00,34.71,34.715,34.69,34.69,1100,0
2016-06-30,17:15:00,34.72,34.73,34.66,34.68,2107,0
2016-06-30,17:20:00,34.68,34.68,34.595,34.62,2247,0
2016-06-30,17:25:00,34.62,34.73,34.56,34.73,3126,0
2016-06-30,17:30:00,34.73,34.775,34.73,34.76,700,0
2016-06-30,17:35:00,34.795,34.81,34.73,34.77,1700,0
2016-06-30,17:40:00,34.71,34.71,34.6,34.6,1100,0
2016-06-30,17:45:00,34.6,34.65,34.56,34.56,1600,0
2016-06-30,17:50:00,34.57,34.7,34.55,34.68,6531,0
2016-06-30,17:55:00,34.6999,34.71,34.61,34.69,5699,0
2016-06-30,18:00:00,34.7,34.72,34.69,34.69,1600,0
2016-06-30,18:05:00,34.72,34.72,34.67,34.67,1090,0
2016-06-30,18:10:00,34.69,34.69,34.63,34.66,3584,0
2016-06-30,18:15:00,34.66,34.75,34.66,34.75,1300,0
2016-06-30,18:20:00,34.79,34.82,34.76,34.8,1600,0
2016-06-30,18:25:00,34.79,34.86,34.79,34.86,700,0
2016-06-30,18:30:00,34.85,34.85,34.83,34.83,2700,0
2016-06-30,18:35:00,34.83,34.855,34.78,34.79,4883,0
2016-06-30,18:40:00,34.8,34.8125,34.8,34.8,1100,0
2016-06-30,18:45:00,34.8,34.81,34.79,34.8,1700,0
2016-06-30,18:50:00,34.81,34.83,34.79,34.83,855,0
2016-06-30,18:55:00,34.84,34.85,34.79,34.81,3026,0
2016-06-30,19:00:00,34.81,34.81,34.78,34.78,1265,0
2016-06-30,19:05:00,34.79,34.8,34.76,34.79,900,0
2016-06-30,19:10:00,34.78,34.785,34.74,34.76,1450,0
2016-06-30,19:15:00,34.75,34.75,34.63,34.63,4189,0
2016-06-30,19:20:00,34.6301,34.74,34.62,34.7,2632,0
2016-06-30,19:25:00,34.73,34.73,34.72,34.72,800,0
2016-06-30,19:30:00,34.72,34.72,34.65,34.66,500,0
2016-06-30,19:35:00,34.67,34.68,34.6,34.68,3200,0
2016-06-30,19:40:00,34.72,34.72,34.68,34.68,1200,0
2016-06-30,19:45:00,34.69,34.74,34.69,34.74,1300,0
2016-06-30,19:50:00,34.82,34.82,34.78,34.82,1600,0
2016-06-30,19:55:00,34.85,34.9299,34.82,34.89,3000,0
2016-06-30,20:00:00,34.88,34.91,34.83,34.905,1655,0
2016-06-30,20:05:00,34.88,34.93,34.85,34.93,2124,0
2016-06-30,20:10:00,34.96,35.06,34.96,35.035,4658,0
2016-06-30,20:15:00,35.02,35.02,34.91,34.91,1500,0
2016-06-30,20:20:00,34.905,34.9599,34.88,34.88,1505,0
2016-06-30,20:25:00,34.88,34.915,34.87,34.88,6958,0
2016-06-30,20:30:00,34.88,34.88,34.84,34.875,5603,0
2016-06-30,20:35:00,34.87,34.87,34.82,34.82,3934,0
2016-06-30,20:40:00,34.83,34.85,34.76,34.78,3806,0
2016-06-30,20:45:00,34.8,34.81,34.79,34.8,4160,0
2016-06-30,20:50:00,34.78,34.8,34.78,34.79,1912,0
2016-06-30,20:55:00,34.8,34.8,34.79,34.7901,2300,0
2016-06-30,21:00:00,34.8,34.8,34.75,34.78,4100,0
2016-06-30,21:05:00,34.805,34.805,34.75,34.75,4481,0
2016-06-30,21:10:00,34.74,34.76,34.72,34.72,700,0
2016-06-30,21:15:00,34.73,34.73,34.72,34.72,2200,0
2016-06-30,21:20:00,34.72,34.73,34.67,34.68,5008,0
2016-06-30,21:25:00,34.68,34.69,34.65,34.69,5477,0
2016-06-30,21:30:00,34.69,34.8,34.685,34.8,5376,0
2016-06-30,21:35:00,34.8,34.84,34.77,34.83,5400,0
2016-06-30,21:40:00,34.83,34.83,34.75,34.77,7370,0
2016-06-30,21:45:00,34.765,34.77,34.73,34.73,8539,0
2016-06-30,21:50:00,34.72,34.73,34.69,34.71,10053,0
2016-06-30,21:55:00,34.71,34.73,34.68,34.7,31577,0
2016-06-30,22:00:00,34.695,34.79,34.68,34.79,87042,0
2016-07-01,15:35:00,34.73,35.05,34.73,34.85,3146,0
2016-07-01,15:40:00,34.88,35.08,34.87,34.9,5148,0
2016-07-01,15:45:00,34.92,34.92,34.75,34.81,3400,0
2016-07-01,15:50:00,34.82,34.97,34.805,34.89,4100,0
2016-07-01,15:55:00,34.97,35.16,34.955,35.02,2279,0
2016-07-01,16:00:00,35.01,35.01,34.89,34.97,4000,0
2016-07-01,16:05:00,34.95,35.08,34.92,34.95,5389,0
2016-07-01,16:10:00,34.96,34.96,34.84,34.84,4590,0
2016-07-01,16:15:00,34.83,34.88,34.76,34.78,3100,0
2016-07-01,16:20:00,34.81,35.015,34.8075,34.97,7100,0
2016-07-01,16:25:00,35,35.02,34.915,34.92,5000,0
2016-07-01,16:30:00,34.9,34.973,34.9,34.95,4500,0
2016-07-01,16:35:00,34.955,34.955,34.89,34.89,1300,0
2016-07-01,16:40:00,34.91,34.98,34.88,34.88,4347,0
2016-07-01,16:45:00,34.88,34.93,34.86,34.93,3100,0
2016-07-01,16:50:00,34.96,34.96,34.72,34.72,3600,0
2016-07-01,16:55:00,34.75,34.7799,34.69,34.7,6300,0
2016-07-01,17:00:00,34.69,34.72,34.67,34.695,5635,0
2016-07-01,17:05:00,34.6925,34.71,34.625,34.655,4500,0
2016-07-01,17:10:00,34.655,34.6602,34.56,34.56,1902,0
2016-07-01,17:15:00,34.56,34.58,34.48,34.57,6808,0
2016-07-01,17:20:00,34.58,34.67,34.5775,34.64,3307,0
2016-07-01,17:25:00,34.67,34.73,34.62,34.63,2232,0
2016-07-01,17:30:00,34.65,34.74,34.645,34.74,2200,0
2016-07-01,17:35:00,34.74,34.83,34.74,34.79,4400,0
2016-07-01,17:40:00,34.79,34.79,34.69,34.69,3600,0
2016-07-01,17:45:00,34.69,34.71,34.66,34.69,3500,0
2016-07-01,17:50:00,34.68,34.68,34.61,34.61,1768,0
2016-07-01,17:55:00,34.63,34.67,34.62,34.67,4165,0
2016-07-01,18:00:00,34.67,34.67,34.6,34.6,2898,0
2016-07-01,18:05:00,34.58,34.64,34.58,34.59,4988,0
2016-07-01,18:10:00,34.59,34.59,34.56,34.585,4100,0
2016-07-01,18:15:00,34.585,34.7,34.54,34.7,6800,0
2016-07-01,18:20:00,34.7225,34.78,34.71,34.75,2700,0
2016-07-01,18:25:00,34.75,34.79,34.73,34.73,3000,0
2016-07-01,18:30:00,34.73,34.74,34.58,34.615,9201,0
2016-07-01,18:35:00,34.55,34.575,34.5,34.52,2485,0
2016-07-01,18:40:00,34.51,34.57,34.46,34.46,4848,0
2016-07-01,18:45:00,34.47,34.54,34.43,34.53,3958,0
2016-07-01,18:50:00,34.54,34.54,34.44,34.44,2300,0
2016-07-01,18:55:00,34.44,34.49,34.41,34.47,2600,0
2016-07-01,19:00:00,34.46,34.51,34.41,34.49,3400,0
2016-07-01,19:05:00,34.49,34.59,34.4825,34.56,2659,0
2016-07-01,19:10:00,34.56,34.56,34.48,34.48,1400,0
2016-07-01,19:15:00,34.48,34.54,34.48,34.53,4221,0
2016-07-01,19:20:00,34.53,34.58,34.53,34.56,2800,0
2016-07-01,19:25:00,34.55,34.56,34.49,34.52,4200,0
2016-07-01,19:30:00,34.51,34.51,34.42,34.42,1600,0
2016-07-01,19:35:00,34.41,34.48,34.38,34.48,3455,0
2016-07-01,19:40:00,34.49,34.56,34.46,34.4747,3800,0
2016-07-01,19:45:00,34.5,34.534,34.4975,34.5,4600,0
2016-07-01,19:50:00,34.48,34.49,34.415,34.47,3400,0
2016-07-01,19:55:00,34.49,34.5,34.48,34.485,3694,0
2016-07-01,20:00:00,34.49,34.51,34.41,34.435,5900,0
2016-07-01,20:05:00,34.46,34.49,34.43,34.435,3750,0
2016-07-01,20:10:00,34.42,34.425,34.36,34.36,3700,0
2016-07-01,20:15:00,34.39,34.42,34.38,34.38,3891,0
2016-07-01,20:20:00,34.38,34.38,34.32,34.32,1600,0
2016-07-01,20:25:00,34.3599,34.36,34.27,34.27,8827,0
2016-07-01,20:30:00,34.25,34.28,34.21,34.27,3400,0
2016-07-01,20:35:00,34.29,34.35,34.28,34.31,5952,0
2016-07-01,20:40:00,34.3,34.3,34.21,34.22,2900,0
2016-07-01,20:45:00,34.2,34.22,34.17,34.17,1723,0
2016-07-01,20:50:00,34.22,34.25,34.21,34.25,1922,0
2016-07-01,20:55:00,34.26,34.34,34.26,34.29,4800,0
2016-07-01,21:00:00,34.31,34.405,34.31,34.39,3882,0
2016-07-01,21:05:00,34.4,34.41,34.38,34.38,3600,0
2016-07-01,21:10:00,34.38,34.521,34.38,34.51,5482,0
2016-07-01,21:15:00,34.52,34.575,34.5,34.505,6600,0
2016-07-01,21:20:00,34.51,34.51,34.46,34.495,4500,0
2016-07-01,21:25:00,34.51,34.51,34.44,34.45,4400,0
2016-07-01,21:30:00,34.45,34.49,34.44,34.45,9631,0
2016-07-01,21:35:00,34.44,34.5,34.435,34.49,2050,0
2016-07-01,21:40:00,34.485,34.51,34.35,34.376,10800,0
2016-07-01,21:45:00,34.37,34.53,34.37,34.51,4683,0
2016-07-01,21:50:00,34.5,34.53,34.485,34.49,8849,0
2016-07-01,21:55:00,34.51,34.51,34.42,34.45,21519,0
2016-07-01,22:00:00,34.46,34.5,34.425,34.46,44965,0
