Date,Time,Open,High,Low,Close,Volume,OpenInt
2016-06-16,15:35:00,1.43,1.44,1.4178,1.4178,7623,0
2016-06-16,15:40:00,1.4212,1.43,1.42,1.42,1400,0
2016-06-16,15:45:00,1.43,1.43,1.43,1.43,200,0
2016-06-16,15:50:00,1.425,1.43,1.42,1.425,9700,0
2016-06-16,15:55:00,1.424,1.43,1.424,1.425,1200,0
2016-06-16,16:00:00,1.425,1.425,1.42,1.425,2400,0
2016-06-16,16:05:00,1.425,1.43,1.4101,1.415,2904,0
2016-06-16,16:10:00,1.417,1.43,1.417,1.425,6200,0
2016-06-16,16:15:00,1.4299,1.4499,1.4299,1.4499,1918,0
2016-06-16,16:20:00,1.45,1.45,1.44,1.45,19165,0
2016-06-16,16:25:00,1.4499,1.45,1.43,1.44,3600,0
2016-06-16,16:30:00,1.44,1.45,1.4399,1.45,7456,0
2016-06-16,16:35:00,1.45,1.45,1.45,1.45,400,0
2016-06-16,16:40:00,1.45,1.455,1.44,1.45,3790,0
2016-06-16,16:45:00,1.45,1.45,1.4499,1.4499,800,0
2016-06-16,16:50:00,1.45,1.47,1.44,1.4601,7700,0
2016-06-16,16:55:00,1.47,1.52,1.467,1.52,37726,0
2016-06-16,17:00:00,1.51,1.57,1.49,1.56,62200,0
2016-06-16,17:05:00,1.56,1.7199,1.55,1.68,346849,0
2016-06-16,17:10:00,1.66,1.67,1.58,1.61,109753,0
2016-06-16,17:15:00,1.6,1.63,1.59,1.59,67785,0
2016-06-16,17:20:00,1.59,1.59,1.56,1.5797,49318,0
2016-06-16,17:25:00,1.58,1.59,1.565,1.57,17981,0
2016-06-16,17:30:00,1.575,1.58,1.56,1.58,39222,0
2016-06-16,17:35:00,1.59,1.6,1.56,1.56,34992,0
2016-06-16,17:40:00,1.56,1.64,1.56,1.58,123271,0
2016-06-16,17:45:00,1.5725,1.59,1.5725,1.585,9566,0
2016-06-16,17:50:00,1.58,1.595,1.575,1.58,10632,0
2016-06-16,17:55:00,1.575,1.6,1.575,1.58,13155,0
2016-06-16,18:00:00,1.59,1.59,1.58,1.585,20833,0
2016-06-16,18:05:00,1.58,1.59,1.58,1.586,13657,0
2016-06-16,18:10:00,1.58,1.65,1.58,1.62,96534,0
2016-06-16,18:15:00,1.63,1.65,1.62,1.64,82419,0
2016-06-16,18:20:00,1.64,1.64,1.615,1.6274,76250,0
2016-06-16,18:25:00,1.62,1.63,1.61,1.61,8973,0
2016-06-16,18:30:00,1.61,1.61,1.6,1.61,2814,0
2016-06-16,18:35:00,1.6099,1.61,1.595,1.595,4473,0
2016-06-16,18:40:00,1.59,1.605,1.59,1.595,13427,0
2016-06-16,18:45:00,1.6,1.6,1.59,1.595,4900,0
2016-06-16,18:50:00,1.595,1.61,1.595,1.595,15973,0
2016-06-16,18:55:00,1.595,1.6099,1.595,1.595,4474,0
2016-06-16,19:00:00,1.6,1.6,1.59,1.6,3400,0
2016-06-16,19:05:00,1.595,1.61,1.5925,1.61,5700,0
2016-06-16,19:10:00,1.61,1.64,1.605,1.63,11034,0
2016-06-16,19:15:00,1.63,1.65,1.62,1.62,85578,0
2016-06-16,19:20:00,1.625,1.63,1.625,1.625,2675,0
2016-06-16,19:25:00,1.63,1.63,1.6201,1.625,1600,0
2016-06-16,19:30:00,1.63,1.64,1.62,1.625,15422,0
2016-06-16,19:35:00,1.625,1.63,1.62,1.6299,2200,0
2016-06-16,19:40:00,1.63,1.649,1.59,1.59,148334,0
2016-06-16,19:45:00,1.5899,1.5899,1.5801,1.585,2400,0
2016-06-16,19:50:00,1.5801,1.59,1.5801,1.585,8275,0
2016-06-16,19:55:00,1.58,1.58,1.58,1.58,300,0
2016-06-16,20:00:00,1.58,1.58,1.58,1.58,100,0
2016-06-16,20:05:00,1.58,1.585,1.58,1.58,1700,0
2016-06-16,20:10:00,1.59,1.59,1.585,1.59,2100,0
2016-06-16,20:15:00,1.59,1.59,1.58,1.58,900,0
2016-06-16,20:20:00,1.59,1.59,1.58,1.59,2950,0
2016-06-16,20:25:00,1.59,1.59,1.58,1.59,2600,0
2016-06-16,20:30:00,1.59,1.59,1.58,1.58,2100,0
2016-06-16,20:35:00,1.58,1.59,1.58,1.5801,2700,0
2016-06-16,20:40:00,1.59,1.6,1.585,1.5901,9285,0
2016-06-16,20:45:00,1.6,1.6,1.59,1.595,13698,0
2016-06-16,20:50:00,1.6,1.6,1.595,1.595,6100,0
2016-06-16,20:55:00,1.6,1.615,1.59,1.6,21400,0
2016-06-16,21:00:00,1.6,1.62,1.595,1.62,9400,0
2016-06-16,21:05:00,1.6101,1.62,1.61,1.61,23200,0
2016-06-16,21:10:00,1.62,1.62,1.59,1.59,10800,0
2016-06-16,21:15:00,1.593,1.6,1.58,1.58,11702,0
2016-06-16,21:20:00,1.58,1.585,1.55,1.555,60178,0
2016-06-16,21:25:00,1.56,1.56,1.55,1.56,18528,0
2016-06-16,21:30:00,1.55,1.57,1.55,1.56,17025,0
2016-06-16,21:35:00,1.56,1.57,1.555,1.5669,15567,0
2016-06-16,21:40:00,1.57,1.57,1.55,1.565,41500,0
2016-06-16,21:45:00,1.57,1.57,1.55,1.55,22200,0
2016-06-16,21:50:00,1.55,1.57,1.55,1.56,25593,0
2016-06-16,21:55:00,1.56,1.565,1.55,1.55,21586,0
2016-06-16,22:00:00,1.55,1.56,1.55,1.56,87310,0
2016-06-17,15:35:00,1.57,1.6,1.56,1.599,229673,0
2016-06-17,15:40:00,1.5999,1.61,1.58,1.58,19025,0
2016-06-17,15:45:00,1.59,1.595,1.59,1.5926,1850,0
2016-06-17,15:50:00,1.6,1.6,1.5801,1.5801,9225,0
2016-06-17,15:55:00,1.59,1.59,1.58,1.58,9780,0
2016-06-17,16:00:00,1.58,1.5801,1.5601,1.57,8818,0
2016-06-17,16:05:00,1.57,1.57,1.55,1.56,54860,0
2016-06-17,16:10:00,1.57,1.57,1.5699,1.5699,1200,0
2016-06-17,16:15:00,1.56,1.5699,1.56,1.56,7130,0
2016-06-17,16:20:00,1.562,1.57,1.56,1.565,9300,0
2016-06-17,16:25:00,1.57,1.57,1.55,1.555,12500,0
2016-06-17,16:30:00,1.5573,1.56,1.55,1.555,4334,0
2016-06-17,16:35:00,1.55,1.56,1.55,1.555,2800,0
2016-06-17,16:40:00,1.551,1.56,1.55,1.555,1700,0
2016-06-17,16:45:00,1.55,1.56,1.55,1.555,1400,0
2016-06-17,16:50:00,1.5599,1.57,1.5599,1.565,4450,0
2016-06-17,16:55:00,1.57,1.58,1.56,1.56,17764,0
2016-06-17,17:00:00,1.565,1.57,1.56,1.57,1600,0
2016-06-17,17:05:00,1.565,1.57,1.56,1.56,1500,0
2016-06-17,17:10:00,1.57,1.57,1.56,1.565,800,0
2016-06-17,17:15:00,1.565,1.57,1.54,1.54,40208,0
2016-06-17,17:20:00,1.534,1.55,1.53,1.55,33600,0
2016-06-17,17:25:00,1.55,1.56,1.54,1.56,7300,0
2016-06-17,17:30:00,1.56,1.56,1.555,1.56,7700,0
2016-06-17,17:35:00,1.56,1.56,1.555,1.56,600,0
2016-06-17,17:40:00,1.56,1.56,1.555,1.56,900,0
2016-06-17,17:45:00,1.56,1.57,1.555,1.57,4879,0
2016-06-17,17:50:00,1.57,1.575,1.565,1.575,9168,0
2016-06-17,17:55:00,1.58,1.58,1.575,1.58,1400,0
2016-06-17,18:00:00,1.57,1.58,1.56,1.57,5715,0
2016-06-17,18:05:00,1.57,1.58,1.57,1.575,1100,0
2016-06-17,18:10:00,1.58,1.58,1.575,1.575,700,0
2016-06-17,18:15:00,1.5799,1.58,1.57,1.58,4380,0
2016-06-17,18:20:00,1.58,1.58,1.57,1.57,2700,0
2016-06-17,18:25:00,1.58,1.58,1.57,1.575,1500,0
2016-06-17,18:30:00,1.57,1.57,1.565,1.57,8420,0
2016-06-17,18:35:00,1.57,1.57,1.56,1.56,2993,0
2016-06-17,18:40:00,1.56,1.57,1.56,1.565,3500,0
2016-06-17,18:45:00,1.561,1.57,1.56,1.57,1600,0
2016-06-17,18:50:00,1.565,1.57,1.55,1.55,1509,0
2016-06-17,18:55:00,1.56,1.56,1.55,1.56,400,0
2016-06-17,19:00:00,1.555,1.56,1.55,1.555,5900,0
2016-06-17,19:05:00,1.56,1.565,1.555,1.555,14300,0
2016-06-17,19:10:00,1.56,1.56,1.55,1.555,2000,0
2016-06-17,19:15:00,1.56,1.56,1.555,1.56,1200,0
2016-06-17,19:20:00,1.56,1.56,1.555,1.555,1900,0
2016-06-17,19:25:00,1.555,1.56,1.555,1.56,900,0
2016-06-17,19:30:00,1.555,1.56,1.55,1.56,1100,0
2016-06-17,19:35:00,1.56,1.56,1.555,1.555,600,0
2016-06-17,19:40:00,1.555,1.56,1.555,1.555,1300,0
2016-06-17,19:45:00,1.56,1.56,1.554,1.56,8400,0
2016-06-17,19:50:00,1.56,1.56,1.55,1.55,2200,0
2016-06-17,19:55:00,1.55,1.555,1.53,1.53,45510,0
2016-06-17,20:00:00,1.53,1.53,1.52,1.52,2611,0
2016-06-17,20:05:00,1.525,1.53,1.51,1.52,2980,0
2016-06-17,20:10:00,1.515,1.52,1.51,1.52,3357,0
2016-06-17,20:15:00,1.52,1.52,1.515,1.515,9888,0
2016-06-17,20:20:00,1.52,1.53,1.5199,1.53,6900,0
2016-06-17,20:25:00,1.53,1.53,1.52,1.52,700,0
2016-06-17,20:30:00,1.525,1.54,1.525,1.54,10500,0
2016-06-17,20:35:00,1.53,1.54,1.53,1.54,700,0
2016-06-17,20:40:00,1.535,1.54,1.53,1.53,4600,0
2016-06-17,20:45:00,1.53,1.54,1.53,1.54,2100,0
2016-06-17,20:50:00,1.53,1.54,1.53,1.53,3100,0
2016-06-17,20:55:00,1.52,1.53,1.51,1.51,2400,0
2016-06-17,21:00:00,1.51,1.52,1.51,1.5162,4385,0
2016-06-17,21:05:00,1.52,1.53,1.52,1.53,3372,0
2016-06-17,21:10:00,1.53,1.53,1.53,1.53,6578,0
2016-06-17,21:15:00,1.525,1.54,1.525,1.54,5523,0
2016-06-17,21:20:00,1.54,1.54,1.535,1.54,1400,0
2016-06-17,21:25:00,1.54,1.54,1.53,1.53,1500,0
2016-06-17,21:30:00,1.535,1.54,1.535,1.54,700,0
2016-06-17,21:35:00,1.535,1.54,1.53,1.54,7700,0
2016-06-17,21:40:00,1.54,1.54,1.535,1.54,1400,0
2016-06-17,21:45:00,1.53,1.54,1.53,1.54,3464,0
2016-06-17,21:50:00,1.535,1.54,1.53,1.53,2500,0
2016-06-17,21:55:00,1.53,1.54,1.53,1.53,13248,0
2016-06-17,22:00:00,1.53,1.54,1.53,1.53,28995,0
2016-06-20,15:35:00,1.56,1.56,1.544,1.545,10496,0
2016-06-20,15:40:00,1.55,1.55,1.53,1.53,4177,0
2016-06-20,15:45:00,1.53,1.55,1.53,1.53,8869,0
2016-06-20,15:50:00,1.53,1.54,1.53,1.54,958,0
2016-06-20,15:55:00,1.53,1.53,1.52,1.52,3400,0
2016-06-20,16:00:00,1.52,1.54,1.51,1.54,24981,0
2016-06-20,16:05:00,1.54,1.57,1.54,1.57,8200,0
2016-06-20,16:10:00,1.57,1.64,1.57,1.62,28197,0
2016-06-20,16:15:00,1.62,1.63,1.6199,1.62,4800,0
2016-06-20,16:20:00,1.61,1.63,1.61,1.62,5300,0
2016-06-20,16:25:00,1.62,1.62,1.6099,1.6099,4300,0
2016-06-20,16:30:00,1.6,1.62,1.6,1.62,6700,0
2016-06-20,16:35:00,1.615,1.615,1.59,1.6,4247,0
2016-06-20,16:40:00,1.6,1.61,1.6,1.6,1400,0
2016-06-20,16:45:00,1.6,1.61,1.6,1.6,7700,0
2016-06-20,16:50:00,1.6,1.61,1.59,1.59,5100,0
2016-06-20,16:55:00,1.58,1.59,1.58,1.59,2100,0
2016-06-20,17:00:00,1.6,1.6015,1.6,1.6,3100,0
2016-06-20,17:05:00,1.6,1.61,1.6,1.6001,3300,0
2016-06-20,17:10:00,1.61,1.61,1.6072,1.6072,1500,0
2016-06-20,17:15:00,1.6,1.61,1.6,1.61,900,0
2016-06-20,17:20:00,1.61,1.61,1.58,1.58,10334,0
2016-06-20,17:25:00,1.59,1.59,1.59,1.59,2300,0
2016-06-20,17:30:00,1.58,1.6,1.58,1.6,13039,0
2016-06-20,17:35:00,1.595,1.6,1.595,1.6,600,0
2016-06-20,17:40:00,1.6,1.6,1.6,1.6,700,0
2016-06-20,17:45:00,1.59,1.6,1.59,1.6,1150,0
2016-06-20,17:50:00,1.595,1.6,1.595,1.6,1100,0
2016-06-20,17:55:00,1.595,1.6,1.595,1.6,1400,0
2016-06-20,18:00:00,1.5901,1.6,1.5901,1.6,6100,0
2016-06-20,18:05:00,1.59,1.6,1.59,1.5918,10672,0
2016-06-20,18:10:00,1.6,1.6,1.59,1.6,3500,0
2016-06-20,18:15:00,1.6,1.6,1.595,1.6,1400,0
2016-06-20,18:20:00,1.6,1.6,1.5985,1.6,2575,0
2016-06-20,18:25:00,1.594,1.6,1.594,1.6,1800,0
2016-06-20,18:30:00,1.6,1.6,1.6,1.6,1300,0
2016-06-20,18:35:00,1.6,1.6,1.59,1.6,4971,0
2016-06-20,18:40:00,1.6,1.6,1.59,1.59,1872,0
2016-06-20,18:45:00,1.6,1.6,1.59,1.6,700,0
2016-06-20,18:50:00,1.6,1.6,1.5914,1.6,2194,0
2016-06-20,18:55:00,1.6,1.6,1.59,1.6,1896,0
2016-06-20,19:00:00,1.6,1.6,1.6,1.6,700,0
2016-06-20,19:05:00,1.6,1.6,1.6,1.6,2100,0
2016-06-20,19:10:00,1.595,1.6,1.59,1.6,2000,0
2016-06-20,19:15:00,1.6,1.6,1.595,1.6,1351,0
2016-06-20,19:20:00,1.6,1.6,1.59,1.6,600,0
2016-06-20,19:25:00,1.6,1.6,1.59,1.59,1400,0
2016-06-20,19:30:00,1.6,1.6,1.58,1.59,13474,0
2016-06-20,19:35:00,1.59,1.59,1.58,1.58,749,0
2016-06-20,19:40:00,1.59,1.59,1.58,1.5801,700,0
2016-06-20,19:45:00,1.59,1.59,1.58,1.59,1352,0
2016-06-20,19:50:00,1.58,1.59,1.58,1.59,700,0
2016-06-20,19:55:00,1.59,1.59,1.58,1.59,4527,0
2016-06-20,20:00:00,1.58,1.59,1.58,1.59,4100,0
2016-06-20,20:05:00,1.58,1.59,1.58,1.58,2800,0
2016-06-20,20:10:00,1.58,1.59,1.58,1.58,2100,0
2016-06-20,20:15:00,1.58,1.59,1.58,1.59,2300,0
2016-06-20,20:20:00,1.58,1.59,1.58,1.585,1150,0
2016-06-20,20:25:00,1.58,1.6,1.58,1.6,9348,0
2016-06-20,20:30:00,1.59,1.6,1.59,1.6,4200,0
2016-06-20,20:35:00,1.59,1.6,1.59,1.59,1039,0
2016-06-20,20:40:00,1.6,1.6,1.59,1.59,1900,0
2016-06-20,20:45:00,1.6,1.6,1.59,1.6,2000,0
2016-06-20,20:50:00,1.6,1.6,1.59,1.595,2400,0
2016-06-20,20:55:00,1.6,1.6,1.59,1.6,1500,0
2016-06-20,21:00:00,1.595,1.6,1.59,1.59,14550,0
2016-06-20,21:05:00,1.595,1.6,1.59,1.59,3100,0
2016-06-20,21:10:00,1.6,1.6,1.59,1.59,5255,0
2016-06-20,21:15:00,1.5901,1.6,1.59,1.59,4500,0
2016-06-20,21:20:00,1.6,1.6,1.58,1.58,2457,0
2016-06-20,21:25:00,1.58,1.59,1.58,1.58,900,0
2016-06-20,21:30:00,1.59,1.59,1.58,1.58,6950,0
2016-06-20,21:35:00,1.585,1.6,1.58,1.6,27000,0
2016-06-20,21:40:00,1.59,1.6,1.59,1.595,1381,0
2016-06-20,21:45:00,1.6,1.6,1.59,1.6,2100,0
2016-06-20,21:50:00,1.59,1.6,1.59,1.59,5455,0
2016-06-20,21:55:00,1.6,1.6,1.59,1.59,11340,0
2016-06-20,22:00:00,1.59,1.6,1.59,1.6,42935,0
2016-06-21,15:35:00,1.59,1.625,1.5883,1.61,17886,0
2016-06-21,15:40:00,1.5901,1.5901,1.56,1.58,22031,0
2016-06-21,15:45:00,1.5601,1.5799,1.56,1.56,5950,0
2016-06-21,15:50:00,1.57,1.57,1.56,1.57,757,0
2016-06-21,15:55:00,1.56,1.58,1.56,1.56,11608,0
2016-06-21,16:00:00,1.56,1.56,1.54,1.54,2352,0
2016-06-21,16:05:00,1.54,1.54,1.53,1.53,6315,0
2016-06-21,16:10:00,1.53,1.5399,1.53,1.5399,7400,0
2016-06-21,16:15:00,1.54,1.55,1.54,1.55,2606,0
2016-06-21,16:20:00,1.54,1.55,1.54,1.55,600,0
2016-06-21,16:25:00,1.55,1.55,1.52,1.52,6160,0
2016-06-21,16:30:00,1.5215,1.54,1.51,1.54,19210,0
2016-06-21,16:35:00,1.5399,1.55,1.5399,1.54,11212,0
2016-06-21,16:40:00,1.54,1.55,1.53,1.54,1800,0
2016-06-21,16:45:00,1.55,1.55,1.54,1.55,2600,0
2016-06-21,16:50:00,1.55,1.55,1.54,1.54,1700,0
2016-06-21,16:55:00,1.55,1.55,1.54,1.55,1100,0
2016-06-21,17:00:00,1.54,1.55,1.54,1.55,7706,0
2016-06-21,17:05:00,1.54,1.549,1.52,1.52,6776,0
2016-06-21,17:10:00,1.52,1.54,1.52,1.53,6632,0
2016-06-21,17:15:00,1.53,1.53,1.52,1.53,1100,0
2016-06-21,17:20:00,1.52,1.53,1.52,1.52,700,0
2016-06-21,17:25:00,1.52,1.535,1.52,1.52,15229,0
2016-06-21,17:30:00,1.53,1.53,1.52,1.52,600,0
2016-06-21,17:35:00,1.52,1.526,1.51,1.52,22598,0
2016-06-21,17:40:00,1.52,1.52,1.52,1.52,800,0
2016-06-21,17:45:00,1.5199,1.52,1.51,1.52,3400,0
2016-06-21,17:50:00,1.52,1.52,1.51,1.51,900,0
2016-06-21,17:55:00,1.51,1.52,1.51,1.52,22208,0
2016-06-21,18:00:00,1.53,1.53,1.52,1.52,7013,0
2016-06-21,18:05:00,1.515,1.52,1.51,1.51,1400,0
2016-06-21,18:10:00,1.52,1.52,1.51,1.515,1000,0
2016-06-21,18:15:00,1.5172,1.52,1.51,1.52,2900,0
2016-06-21,18:20:00,1.5199,1.52,1.51,1.52,1750,0
2016-06-21,18:25:00,1.52,1.52,1.51,1.52,3078,0
2016-06-21,18:30:00,1.52,1.52,1.52,1.52,1986,0
2016-06-21,18:35:00,1.515,1.52,1.515,1.52,398,0
2016-06-21,18:40:00,1.52,1.52,1.51,1.52,1825,0
2016-06-21,18:45:00,1.52,1.52,1.51,1.5172,1577,0
2016-06-21,18:50:00,1.52,1.52,1.51,1.52,1022,0
2016-06-21,18:55:00,1.51,1.52,1.51,1.51,1300,0
2016-06-21,19:00:00,1.51,1.53,1.51,1.52,11735,0
2016-06-21,19:05:00,1.525,1.525,1.52,1.52,900,0
2016-06-21,19:10:00,1.53,1.53,1.52,1.52,1200,0
2016-06-21,19:15:00,1.5201,1.53,1.52,1.52,1900,0
2016-06-21,19:20:00,1.52,1.53,1.52,1.52,4000,0
2016-06-21,19:25:00,1.52,1.53,1.51,1.52,1600,0
2016-06-21,19:30:00,1.52,1.52,1.51,1.52,600,0
2016-06-21,19:35:00,1.51,1.52,1.51,1.51,1900,0
2016-06-21,19:40:00,1.52,1.52,1.51,1.51,3900,0
2016-06-21,19:45:00,1.51,1.52,1.51,1.52,1600,0
2016-06-21,19:50:00,1.51,1.52,1.51,1.51,1000,0
2016-06-21,19:55:00,1.52,1.52,1.51,1.52,2300,0
2016-06-21,20:00:00,1.51,1.52,1.51,1.52,1200,0
2016-06-21,20:05:00,1.51,1.52,1.51,1.51,8490,0
2016-06-21,20:10:00,1.51,1.52,1.51,1.515,7025,0
2016-06-21,20:15:00,1.515,1.52,1.51,1.52,1300,0
2016-06-21,20:20:00,1.51,1.52,1.51,1.51,3100,0
2016-06-21,20:25:00,1.51,1.52,1.51,1.51,6400,0
2016-06-21,20:30:00,1.51,1.52,1.51,1.5101,5400,0
2016-06-21,20:35:00,1.51,1.52,1.51,1.51,1300,0
2016-06-21,20:40:00,1.51,1.52,1.51,1.51,1300,0
2016-06-21,20:45:00,1.51,1.52,1.51,1.52,2900,0
2016-06-21,20:50:00,1.51,1.52,1.51,1.51,3250,0
2016-06-21,20:55:00,1.51,1.52,1.51,1.51,1600,0
2016-06-21,21:00:00,1.51,1.52,1.51,1.52,900,0
2016-06-21,21:05:00,1.51,1.52,1.51,1.52,2700,0
2016-06-21,21:10:00,1.52,1.52,1.515,1.52,11283,0
2016-06-21,21:15:00,1.52,1.52,1.51,1.52,2551,0
2016-06-21,21:20:00,1.52,1.52,1.51,1.52,4531,0
2016-06-21,21:25:00,1.52,1.52,1.51,1.52,2053,0
2016-06-21,21:30:00,1.52,1.52,1.51,1.52,1200,0
2016-06-21,21:35:00,1.52,1.52,1.51,1.52,2954,0
2016-06-21,21:40:00,1.52,1.52,1.51,1.52,1400,0
2016-06-21,21:45:00,1.52,1.52,1.515,1.52,3583,0
2016-06-21,21:50:00,1.52,1.52,1.52,1.52,2100,0
2016-06-21,21:55:00,1.515,1.53,1.515,1.53,4330,0
2016-06-21,22:00:00,1.53,1.53,1.52,1.53,19650,0
2016-06-22,15:35:00,1.52,1.53,1.52,1.528,7145,0
2016-06-22,15:40:00,1.5325,1.535,1.52,1.5297,4800,0
2016-06-22,15:45:00,1.53,1.53,1.52,1.52,1900,0
2016-06-22,15:50:00,1.53,1.53,1.51,1.51,400,0
2016-06-22,15:55:00,1.51,1.53,1.485,1.496,56174,0
2016-06-22,16:00:00,1.5,1.5,1.48,1.48,2715,0
2016-06-22,16:05:00,1.48,1.49,1.48,1.49,14748,0
2016-06-22,16:10:00,1.48,1.48,1.47,1.4799,26474,0
2016-06-22,16:15:00,1.475,1.49,1.475,1.4899,16660,0
2016-06-22,16:20:00,1.479,1.49,1.479,1.49,500,0
2016-06-22,16:25:00,1.49,1.49,1.48,1.4892,7600,0
2016-06-22,16:30:00,1.49,1.49,1.48,1.485,300,0
2016-06-22,16:35:00,1.48,1.54,1.48,1.54,8250,0
2016-06-22,16:40:00,1.5301,1.55,1.53,1.54,11086,0
2016-06-22,16:45:00,1.54,1.54,1.535,1.54,8557,0
2016-06-22,16:50:00,1.54,1.54,1.535,1.54,11030,0
2016-06-22,16:55:00,1.54,1.55,1.535,1.55,14630,0
2016-06-22,17:00:00,1.545,1.55,1.535,1.54,4400,0
2016-06-22,17:05:00,1.5328,1.54,1.53,1.531,9900,0
2016-06-22,17:10:00,1.53,1.54,1.53,1.54,800,0
2016-06-22,17:15:00,1.53,1.54,1.53,1.53,1200,0
2016-06-22,17:20:00,1.53,1.54,1.53,1.535,1000,0
2016-06-22,17:25:00,1.54,1.54,1.5301,1.54,6300,0
2016-06-22,17:30:00,1.54,1.54,1.53,1.535,2800,0
2016-06-22,17:35:00,1.53,1.54,1.53,1.535,500,0
2016-06-22,17:40:00,1.53,1.54,1.53,1.54,800,0
2016-06-22,17:45:00,1.54,1.54,1.535,1.54,1200,0
2016-06-22,17:50:00,1.54,1.54,1.53,1.53,3000,0
2016-06-22,17:55:00,1.535,1.54,1.53,1.535,800,0
2016-06-22,18:00:00,1.53,1.535,1.53,1.53,2410,0
2016-06-22,18:05:00,1.53,1.54,1.53,1.54,2500,0
2016-06-22,18:10:00,1.54,1.54,1.53,1.53,900,0
2016-06-22,18:15:00,1.53,1.54,1.53,1.54,500,0
2016-06-22,18:20:00,1.535,1.54,1.52,1.5201,15433,0
2016-06-22,18:25:00,1.52,1.53,1.52,1.52,5000,0
2016-06-22,18:30:00,1.52,1.52,1.52,1.52,300,0
2016-06-22,18:35:00,1.52,1.52,1.52,1.52,300,0
2016-06-22,18:40:00,1.52,1.52,1.51,1.52,600,0
2016-06-22,18:45:00,1.51,1.52,1.51,1.51,2800,0
2016-06-22,18:50:00,1.51,1.515,1.51,1.51,3600,0
2016-06-22,18:55:00,1.5,1.51,1.5,1.5,4200,0
2016-06-22,19:00:00,1.49,1.5,1.49,1.49,400,0
2016-06-22,19:05:00,1.49,1.5,1.49,1.5,800,0
2016-06-22,19:10:00,1.49,1.5,1.49,1.49,2000,0
2016-06-22,19:15:00,1.49,1.49,1.48,1.49,5500,0
2016-06-22,19:20:00,1.48,1.49,1.48,1.48,2400,0
2016-06-22,19:25:00,1.48,1.49,1.48,1.4899,2568,0
2016-06-22,19:30:00,1.49,1.49,1.48,1.48,1200,0
2016-06-22,19:35:00,1.48,1.49,1.48,1.49,900,0
2016-06-22,19:40:00,1.4801,1.49,1.48,1.4801,5500,0
2016-06-22,19:45:00,1.48,1.49,1.48,1.49,200,0
2016-06-22,19:50:00,1.49,1.49,1.48,1.49,400,0
2016-06-22,19:55:00,1.49,1.49,1.485,1.485,7800,0
2016-06-22,20:00:00,1.49,1.49,1.48,1.4815,3900,0
2016-06-22,20:05:00,1.49,1.49,1.485,1.49,2600,0
2016-06-22,20:10:00,1.49,1.49,1.485,1.49,10500,0
2016-06-22,20:15:00,1.49,1.49,1.49,1.49,700,0
2016-06-22,20:20:00,1.49,1.49,1.49,1.49,800,0
2016-06-22,20:25:00,1.485,1.49,1.4801,1.4801,5600,0
2016-06-22,20:30:00,1.485,1.49,1.48,1.48,300,0
2016-06-22,20:35:00,1.49,1.49,1.481,1.485,3000,0
2016-06-22,20:40:00,1.4811,1.49,1.4811,1.49,900,0
2016-06-22,20:45:00,1.485,1.49,1.485,1.49,200,0
2016-06-22,20:50:00,1.485,1.49,1.48,1.4801,4500,0
2016-06-22,20:55:00,1.49,1.49,1.48,1.4879,3250,0
2016-06-22,21:00:00,1.49,1.49,1.48,1.485,1800,0
2016-06-22,21:05:00,1.485,1.485,1.48,1.485,400,0
2016-06-22,21:10:00,1.49,1.49,1.48,1.48,1800,0
2016-06-22,21:15:00,1.48,1.49,1.48,1.485,1700,0
2016-06-22,21:20:00,1.49,1.49,1.485,1.49,800,0
2016-06-22,21:25:00,1.48,1.485,1.48,1.48,17726,0
2016-06-22,21:30:00,1.485,1.485,1.485,1.485,200,0
2016-06-22,21:35:00,1.48,1.49,1.48,1.485,1200,0
2016-06-22,21:40:00,1.485,1.49,1.4816,1.49,7120,0
2016-06-22,21:45:00,1.4816,1.49,1.4801,1.4801,2700,0
2016-06-22,21:50:00,1.49,1.49,1.48,1.4816,7566,0
2016-06-22,21:55:00,1.485,1.49,1.48,1.49,11530,0
2016-06-22,22:00:00,1.48,1.49,1.48,1.49,17846,0
2016-06-23,15:35:00,1.51,1.52,1.4998,1.52,10462,0
2016-06-23,15:40:00,1.5225,1.53,1.515,1.525,14510,0
2016-06-23,15:45:00,1.52,1.52,1.5,1.5003,10600,0
2016-06-23,15:50:00,1.5009,1.505,1.5,1.505,8300,0
2016-06-23,15:55:00,1.5075,1.51,1.481,1.49,11600,0
2016-06-23,16:00:00,1.48,1.5,1.48,1.49,8960,0
2016-06-23,16:05:00,1.48,1.5,1.48,1.495,2000,0
2016-06-23,16:10:00,1.49,1.5,1.49,1.5,6600,0
2016-06-23,16:15:00,1.5,1.5,1.5,1.5,800,0
2016-06-23,16:20:00,1.5,1.505,1.5,1.505,300,0
2016-06-23,16:25:00,1.5,1.505,1.5,1.505,400,0
2016-06-23,16:30:00,1.49,1.5,1.48,1.485,36427,0
2016-06-23,16:35:00,1.4872,1.49,1.485,1.485,5685,0
2016-06-23,16:40:00,1.49,1.49,1.485,1.485,1000,0
2016-06-23,16:45:00,1.49,1.5,1.48,1.5,44800,0
2016-06-23,16:50:00,1.5,1.5,1.495,1.5,725,0
2016-06-23,16:55:00,1.5,1.51,1.495,1.51,3600,0
2016-06-23,17:00:00,1.51,1.52,1.51,1.52,6369,0
2016-06-23,17:05:00,1.51,1.52,1.51,1.52,1900,0
2016-06-23,17:10:00,1.52,1.52,1.515,1.52,3210,0
2016-06-23,17:15:00,1.5101,1.52,1.5101,1.52,2500,0
2016-06-23,17:20:00,1.51,1.52,1.505,1.51,8300,0
2016-06-23,17:25:00,1.51,1.51,1.5,1.505,6000,0
2016-06-23,17:30:00,1.51,1.51,1.5,1.51,7968,0
2016-06-23,17:35:00,1.51,1.51,1.505,1.51,1400,0
2016-06-23,17:40:00,1.51,1.51,1.505,1.505,1100,0
2016-06-23,17:45:00,1.51,1.51,1.4956,1.5,6000,0
2016-06-23,17:50:00,1.495,1.5,1.495,1.5,1000,0
2016-06-23,17:55:00,1.51,1.51,1.51,1.51,1200,0
2016-06-23,18:00:00,1.51,1.51,1.51,1.51,900,0
2016-06-23,18:05:00,1.52,1.52,1.51,1.515,3500,0
2016-06-23,18:10:00,1.52,1.52,1.51,1.51,1700,0
2016-06-23,18:15:00,1.51,1.52,1.51,1.52,1500,0
2016-06-23,18:20:00,1.52,1.52,1.51,1.52,700,0
2016-06-23,18:25:00,1.52,1.52,1.51,1.52,1900,0
2016-06-23,18:30:00,1.52,1.52,1.515,1.52,750,0
2016-06-23,18:35:00,1.52,1.52,1.51,1.51,1860,0
2016-06-23,18:40:00,1.52,1.52,1.515,1.515,1100,0
2016-06-23,18:45:00,1.51,1.52,1.51,1.52,3200,0
2016-06-23,18:50:00,1.515,1.52,1.51,1.515,1400,0
2016-06-23,18:55:00,1.51,1.52,1.51,1.515,5400,0
2016-06-23,19:00:00,1.52,1.52,1.51,1.51,7100,0
2016-06-23,19:05:00,1.515,1.52,1.515,1.52,1400,0
2016-06-23,19:10:00,1.52,1.52,1.51,1.51,2200,0
2016-06-23,19:15:00,1.5175,1.52,1.51,1.52,2400,0
2016-06-23,19:20:00,1.515,1.52,1.51,1.52,12560,0
2016-06-23,19:25:00,1.52,1.52,1.52,1.52,6900,0
2016-06-23,19:30:00,1.52,1.53,1.52,1.53,1100,0
2016-06-23,19:35:00,1.53,1.53,1.53,1.53,600,0
2016-06-23,19:40:00,1.53,1.54,1.53,1.535,4100,0
2016-06-23,19:45:00,1.54,1.54,1.535,1.54,1300,0
2016-06-23,19:50:00,1.54,1.54,1.53,1.54,600,0
2016-06-23,19:55:00,1.54,1.54,1.535,1.54,900,0
2016-06-23,20:00:00,1.54,1.55,1.54,1.54,3264,0
2016-06-23,20:05:00,1.545,1.545,1.52,1.525,9500,0
2016-06-23,20:10:00,1.53,1.53,1.52,1.525,900,0
2016-06-23,20:15:00,1.53,1.53,1.523,1.53,750,0
2016-06-23,20:20:00,1.525,1.53,1.52,1.5275,1600,0
2016-06-23,20:25:00,1.53,1.53,1.52,1.52,1100,0
2016-06-23,20:30:00,1.53,1.53,1.52,1.53,2000,0
2016-06-23,20:35:00,1.525,1.53,1.52,1.525,700,0
2016-06-23,20:40:00,1.53,1.53,1.52,1.53,1600,0
2016-06-23,20:45:00,1.53,1.54,1.5275,1.54,1200,0
2016-06-23,20:50:00,1.54,1.54,1.53,1.54,1300,0
2016-06-23,20:55:00,1.54,1.54,1.535,1.54,1400,0
2016-06-23,21:00:00,1.54,1.54,1.5349,1.54,8000,0
2016-06-23,21:05:00,1.54,1.54,1.531,1.54,4400,0
2016-06-23,21:10:00,1.54,1.54,1.535,1.54,1900,0
2016-06-23,21:15:00,1.54,1.55,1.54,1.545,1700,0
2016-06-23,21:20:00,1.5432,1.55,1.54,1.5401,2100,0
2016-06-23,21:25:00,1.55,1.55,1.54,1.5448,2700,0
2016-06-23,21:30:00,1.55,1.55,1.54,1.5416,2000,0
2016-06-23,21:35:00,1.545,1.55,1.54,1.545,2807,0
2016-06-23,21:40:00,1.5416,1.55,1.54,1.55,2400,0
2016-06-23,21:45:00,1.54,1.55,1.54,1.55,5399,0
2016-06-23,21:50:00,1.55,1.55,1.54,1.545,3540,0
2016-06-23,21:55:00,1.54,1.55,1.53,1.5375,29289,0
2016-06-23,22:00:00,1.53,1.54,1.52,1.53,83089,0
2016-06-24,15:35:00,1.44,1.45,1.41,1.41,42007,0
2016-06-24,15:40:00,1.4186,1.45,1.4186,1.45,20327,0
2016-06-24,15:45:00,1.447,1.46,1.447,1.45,14649,0
2016-06-24,15:50:00,1.459,1.47,1.45,1.46,31102,0
2016-06-24,15:55:00,1.455,1.46,1.44,1.45,13955,0
2016-06-24,16:00:00,1.45,1.46,1.44,1.455,14270,0
2016-06-24,16:05:00,1.46,1.48,1.455,1.48,49148,0
2016-06-24,16:10:00,1.48,1.49,1.47,1.475,20778,0
2016-06-24,16:15:00,1.47,1.48,1.47,1.48,19900,0
2016-06-24,16:20:00,1.47,1.49,1.469,1.4895,30048,0
2016-06-24,16:25:00,1.49,1.49,1.49,1.49,1400,0
2016-06-24,16:30:00,1.49,1.49,1.47,1.47,6377,0
2016-06-24,16:35:00,1.475,1.48,1.47,1.48,4543,0
2016-06-24,16:40:00,1.48,1.48,1.475,1.475,2000,0
2016-06-24,16:45:00,1.47,1.5,1.47,1.49,9400,0
2016-06-24,16:50:00,1.49,1.5,1.49,1.5,11600,0
2016-06-24,16:55:00,1.5099,1.51,1.49,1.49,8052,0
2016-06-24,17:00:00,1.5,1.5,1.49,1.49,7800,0
2016-06-24,17:05:00,1.495,1.5,1.49,1.49,2800,0
2016-06-24,17:10:00,1.5,1.5,1.48,1.49,2804,0
2016-06-24,17:15:00,1.49,1.49,1.48,1.48,5200,0
2016-06-24,17:20:00,1.485,1.49,1.48,1.48,4841,0
2016-06-24,17:25:00,1.49,1.49,1.48,1.48,5000,0
2016-06-24,17:30:00,1.485,1.49,1.48,1.485,2000,0
2016-06-24,17:35:00,1.485,1.49,1.48,1.49,3600,0
2016-06-24,17:40:00,1.49,1.49,1.485,1.49,3000,0
2016-06-24,17:45:00,1.49,1.5,1.49,1.495,6466,0
2016-06-24,17:50:00,1.5,1.5,1.495,1.5,1100,0
2016-06-24,17:55:00,1.5,1.5,1.49,1.5,2200,0
2016-06-24,18:00:00,1.5,1.5,1.49,1.49,2838,0
2016-06-24,18:05:00,1.5,1.5,1.49,1.49,3589,0
2016-06-24,18:10:00,1.5,1.5,1.49,1.49,6118,0
2016-06-24,18:15:00,1.495,1.495,1.49,1.49,1200,0
2016-06-24,18:20:00,1.5,1.5,1.49,1.49,2000,0
2016-06-24,18:25:00,1.495,1.5,1.47,1.48,11497,0
2016-06-24,18:30:00,1.47,1.48,1.47,1.48,2950,0
2016-06-24,18:35:00,1.475,1.48,1.47,1.47,1800,0
2016-06-24,18:40:00,1.48,1.48,1.475,1.475,16000,0
2016-06-24,18:45:00,1.48,1.48,1.47,1.48,5816,0
2016-06-24,18:50:00,1.48,1.48,1.4799,1.48,1200,0
2016-06-24,18:55:00,1.48,1.48,1.47,1.47,1300,0
2016-06-24,19:00:00,1.48,1.48,1.46,1.47,3703,0
2016-06-24,19:05:00,1.47,1.47,1.465,1.47,2500,0
2016-06-24,19:10:00,1.47,1.48,1.4628,1.48,6234,0
2016-06-24,19:15:00,1.48,1.48,1.47,1.47,1300,0
2016-06-24,19:20:00,1.475,1.48,1.47,1.475,1949,0
2016-06-24,19:25:00,1.48,1.48,1.47,1.47,3100,0
2016-06-24,19:30:00,1.47,1.48,1.47,1.475,1900,0
2016-06-24,19:35:00,1.475,1.48,1.47,1.48,1400,0
2016-06-24,19:40:00,1.48,1.48,1.47,1.48,1400,0
2016-06-24,19:45:00,1.48,1.48,1.47,1.47,1700,0
2016-06-24,19:50:00,1.48,1.48,1.46,1.46,7200,0
2016-06-24,19:55:00,1.47,1.47,1.46,1.47,900,0
2016-06-24,20:00:00,1.465,1.47,1.46,1.46,18750,0
2016-06-24,20:05:00,1.47,1.47,1.46,1.47,3500,0
2016-06-24,20:10:00,1.47,1.47,1.465,1.47,1708,0
2016-06-24,20:15:00,1.46,1.47,1.46,1.47,4100,0
2016-06-24,20:20:00,1.47,1.47,1.46,1.46,7490,0
2016-06-24,20:25:00,1.47,1.47,1.46,1.47,8022,0
2016-06-24,20:30:00,1.47,1.47,1.45,1.45,12400,0
2016-06-24,20:35:00,1.45,1.46,1.45,1.46,4502,0
2016-06-24,20:40:00,1.46,1.46,1.45,1.46,5299,0
2016-06-24,20:45:00,1.46,1.46,1.45,1.46,3490,0
2016-06-24,20:50:00,1.46,1.46,1.455,1.455,2100,0
2016-06-24,20:55:00,1.46,1.47,1.455,1.47,4700,0
2016-06-24,21:00:00,1.46,1.47,1.46,1.47,4600,0
2016-06-24,21:05:00,1.47,1.475,1.47,1.47,2800,0
2016-06-24,21:10:00,1.47,1.48,1.465,1.48,2100,0
2016-06-24,21:15:00,1.48,1.48,1.47,1.48,2200,0
2016-06-24,21:20:00,1.48,1.48,1.48,1.48,3600,0
2016-06-24,21:25:00,1.4799,1.48,1.4764,1.4764,3720,0
2016-06-24,21:30:00,1.48,1.48,1.47,1.48,24300,0
2016-06-24,21:35:00,1.48,1.48,1.4701,1.48,7500,0
2016-06-24,21:40:00,1.48,1.48,1.47,1.48,4378,0
2016-06-24,21:45:00,1.48,1.48,1.47,1.48,9931,0
2016-06-24,21:50:00,1.48,1.48,1.47,1.475,4776,0
2016-06-24,21:55:00,1.48,1.485,1.47,1.475,18425,0
2016-06-24,22:00:00,1.475,1.48,1.47,1.48,406794,0
2016-06-27,15:35:00,1.46,1.46,1.4301,1.4301,5613,0
2016-06-27,15:40:00,1.4499,1.46,1.43,1.46,30972,0
2016-06-27,15:45:00,1.44,1.4599,1.44,1.45,35476,0
2016-06-27,15:50:00,1.4417,1.45,1.4417,1.4499,13441,0
2016-06-27,15:55:00,1.44,1.45,1.44,1.44,2300,0
2016-06-27,16:00:00,1.44,1.44,1.435,1.44,813,0
2016-06-27,16:05:00,1.44,1.45,1.4385,1.45,6275,0
2016-06-27,16:10:00,1.45,1.45,1.44,1.45,2700,0
2016-06-27,16:15:00,1.45,1.45,1.44,1.445,8774,0
2016-06-27,16:20:00,1.43,1.44,1.43,1.44,19100,0
2016-06-27,16:25:00,1.435,1.44,1.43,1.43,14867,0
2016-06-27,16:30:00,1.43,1.435,1.42,1.43,6153,0
2016-06-27,16:35:00,1.4299,1.43,1.41,1.43,20154,0
2016-06-27,16:40:00,1.42,1.42,1.415,1.42,2300,0
2016-06-27,16:45:00,1.415,1.42,1.415,1.42,7500,0
2016-06-27,16:50:00,1.415,1.42,1.4,1.41,79198,0
2016-06-27,16:55:00,1.41,1.415,1.405,1.41,10860,0
2016-06-27,17:00:00,1.415,1.42,1.41,1.41,10375,0
2016-06-27,17:05:00,1.41,1.41,1.4001,1.41,2800,0
2016-06-27,17:10:00,1.41,1.41,1.4,1.41,10000,0
2016-06-27,17:15:00,1.405,1.405,1.39,1.3999,11595,0
2016-06-27,17:20:00,1.4,1.4,1.39,1.39,20908,0
2016-06-27,17:25:00,1.39,1.39,1.38,1.39,6000,0
2016-06-27,17:30:00,1.39,1.39,1.3885,1.39,1500,0
2016-06-27,17:35:00,1.39,1.39,1.3899,1.39,5600,0
2016-06-27,17:40:00,1.39,1.39,1.38,1.39,1400,0
2016-06-27,17:45:00,1.39,1.4,1.3899,1.39,15092,0
2016-06-27,17:50:00,1.39,1.39,1.38,1.38,10155,0
2016-06-27,17:55:00,1.38,1.39,1.38,1.39,5100,0
2016-06-27,18:00:00,1.39,1.4,1.3838,1.39,9076,0
2016-06-27,18:05:00,1.38,1.4,1.38,1.39,13288,0
2016-06-27,18:10:00,1.39,1.39,1.385,1.39,2800,0
2016-06-27,18:15:00,1.39,1.39,1.3865,1.39,1525,0
2016-06-27,18:20:00,1.39,1.39,1.3862,1.3897,6050,0
2016-06-27,18:25:00,1.39,1.4,1.39,1.395,3234,0
2016-06-27,18:30:00,1.4,1.4,1.4,1.4,3900,0
2016-06-27,18:35:00,1.4,1.4,1.39,1.39,2700,0
2016-06-27,18:40:00,1.4,1.4,1.395,1.4,600,0
2016-06-27,18:45:00,1.4,1.4,1.4,1.4,950,0
2016-06-27,18:50:00,1.395,1.4,1.395,1.3999,2200,0
2016-06-27,18:55:00,1.4,1.4,1.395,1.4,3500,0
2016-06-27,19:00:00,1.4,1.4,1.395,1.4,8386,0
2016-06-27,19:05:00,1.4,1.4,1.4,1.4,500,0
2016-06-27,19:10:00,1.4,1.4,1.39,1.4,4900,0
2016-06-27,19:15:00,1.4,1.4,1.392,1.4,5091,0
2016-06-27,19:20:00,1.3999,1.4,1.39,1.39,1565,0
2016-06-27,19:25:00,1.4,1.4,1.39,1.4,1400,0
2016-06-27,19:30:00,1.4,1.4,1.4,1.4,900,0
2016-06-27,19:35:00,1.39,1.39,1.39,1.39,4213,0
2016-06-27,19:40:00,1.39,1.39,1.38,1.39,13735,0
2016-06-27,19:45:00,1.39,1.39,1.3836,1.385,1700,0
2016-06-27,19:50:00,1.39,1.39,1.39,1.39,400,0
2016-06-27,19:55:00,1.39,1.39,1.375,1.375,3250,0
2016-06-27,20:00:00,1.38,1.38,1.375,1.38,1200,0
2016-06-27,20:05:00,1.38,1.38,1.3799,1.38,16834,0
2016-06-27,20:10:00,1.37,1.38,1.37,1.37,4200,0
2016-06-27,20:15:00,1.37,1.39,1.37,1.3836,7189,0
2016-06-27,20:20:00,1.38,1.4,1.375,1.39,35089,0
2016-06-27,20:25:00,1.39,1.39,1.37,1.38,14100,0
2016-06-27,20:30:00,1.38,1.38,1.375,1.375,2700,0
2016-06-27,20:35:00,1.375,1.38,1.37,1.37,3389,0
2016-06-27,20:40:00,1.37,1.38,1.36,1.36,24532,0
2016-06-27,20:45:00,1.36,1.37,1.355,1.36,30311,0
2016-06-27,20:50:00,1.35,1.36,1.35,1.35,18690,0
2016-06-27,20:55:00,1.36,1.36,1.34,1.355,25425,0
2016-06-27,21:00:00,1.35,1.36,1.35,1.35,7339,0
2016-06-27,21:05:00,1.35,1.355,1.33,1.34,15200,0
2016-06-27,21:10:00,1.35,1.35,1.34,1.345,10800,0
2016-06-27,21:15:00,1.35,1.36,1.3416,1.36,7842,0
2016-06-27,21:20:00,1.355,1.36,1.3516,1.3516,4013,0
2016-06-27,21:25:00,1.36,1.36,1.3501,1.355,4775,0
2016-06-27,21:30:00,1.355,1.36,1.3516,1.36,2300,0
2016-06-27,21:35:00,1.36,1.36,1.355,1.36,10276,0
2016-06-27,21:40:00,1.36,1.36,1.35,1.3516,5345,0
2016-06-27,21:45:00,1.36,1.36,1.3501,1.355,4344,0
2016-06-27,21:50:00,1.36,1.36,1.3516,1.355,23203,0
2016-06-27,21:55:00,1.355,1.36,1.35,1.36,5300,0
2016-06-27,22:00:00,1.36,1.36,1.35,1.36,36273,0
2016-06-28,15:35:00,1.37,1.4,1.37,1.3825,17107,0
2016-06-28,15:40:00,1.39,1.44,1.39,1.41,20100,0
2016-06-28,15:45:00,1.41,1.43,1.41,1.43,2900,0
2016-06-28,15:50:00,1.42,1.43,1.41,1.425,6100,0
2016-06-28,15:55:00,1.43,1.44,1.43,1.44,6100,0
2016-06-28,16:00:00,1.44,1.44,1.44,1.44,850,0
2016-06-28,16:05:00,1.433,1.44,1.4115,1.415,31563,0
2016-06-28,16:10:00,1.4162,1.42,1.41,1.4101,6898,0
2016-06-28,16:15:00,1.415,1.42,1.415,1.415,6355,0
2016-06-28,16:20:00,1.415,1.42,1.415,1.42,7125,0
2016-06-28,16:25:00,1.425,1.43,1.42,1.43,3300,0
2016-06-28,16:30:00,1.43,1.43,1.41,1.42,600,0
2016-06-28,16:35:00,1.42,1.42,1.415,1.42,3153,0
2016-06-28,16:40:00,1.42,1.42,1.415,1.415,800,0
2016-06-28,16:45:00,1.42,1.42,1.415,1.42,768,0
2016-06-28,16:50:00,1.42,1.42,1.42,1.42,400,0
2016-06-28,16:55:00,1.42,1.42,1.4101,1.42,2400,0
2016-06-28,17:00:00,1.42,1.43,1.415,1.4201,6400,0
2016-06-28,17:05:00,1.425,1.425,1.4201,1.4201,3800,0
2016-06-28,17:10:00,1.4201,1.425,1.4201,1.425,1500,0
2016-06-28,17:15:00,1.421,1.425,1.421,1.425,1300,0
2016-06-28,17:20:00,1.425,1.43,1.4201,1.43,6271,0
2016-06-28,17:25:00,1.425,1.43,1.425,1.425,900,0
2016-06-28,17:30:00,1.425,1.425,1.425,1.425,200,0
2016-06-28,17:35:00,1.425,1.425,1.42,1.425,810,0
2016-06-28,17:40:00,1.425,1.43,1.425,1.425,300,0
2016-06-28,17:45:00,1.425,1.43,1.421,1.425,1900,0
2016-06-28,17:50:00,1.43,1.43,1.4201,1.4201,1032,0
2016-06-28,17:55:00,1.43,1.43,1.425,1.425,2800,0
2016-06-28,18:00:00,1.43,1.43,1.425,1.425,3745,0
2016-06-28,18:05:00,1.425,1.43,1.425,1.425,600,0
2016-06-28,18:10:00,1.43,1.43,1.4201,1.425,4837,0
2016-06-28,18:15:00,1.4275,1.4275,1.4201,1.425,6780,0
2016-06-28,18:20:00,1.43,1.43,1.43,1.43,300,0
2016-06-28,18:25:00,1.43,1.43,1.425,1.43,700,0
2016-06-28,18:30:00,1.43,1.43,1.4201,1.43,616,0
2016-06-28,18:35:00,1.425,1.43,1.425,1.43,500,0
2016-06-28,18:40:00,1.43,1.43,1.425,1.43,1210,0
2016-06-28,18:45:00,1.43,1.45,1.425,1.45,6500,0
2016-06-28,18:50:00,1.45,1.45,1.44,1.45,500,0
2016-06-28,18:55:00,1.4401,1.45,1.4401,1.45,1600,0
2016-06-28,19:00:00,1.45,1.45,1.445,1.45,500,0
2016-06-28,19:05:00,1.45,1.45,1.445,1.45,800,0
2016-06-28,19:10:00,1.45,1.45,1.445,1.45,800,0
2016-06-28,19:15:00,1.443,1.45,1.443,1.45,1800,0
2016-06-28,19:20:00,1.45,1.45,1.445,1.45,700,0
2016-06-28,19:25:00,1.45,1.45,1.445,1.4497,9700,0
2016-06-28,19:30:00,1.45,1.45,1.45,1.45,600,0
2016-06-28,19:35:00,1.45,1.45,1.445,1.445,300,0
2016-06-28,19:40:00,1.45,1.45,1.45,1.45,800,0
2016-06-28,19:45:00,1.45,1.45,1.445,1.45,900,0
2016-06-28,19:50:00,1.45,1.45,1.447,1.45,1000,0
2016-06-28,19:55:00,1.45,1.46,1.45,1.46,6686,0
2016-06-28,20:00:00,1.455,1.46,1.455,1.46,1782,0
2016-06-28,20:05:00,1.455,1.46,1.45,1.45,1600,0
2016-06-28,20:10:00,1.46,1.46,1.45,1.455,1500,0
2016-06-28,20:15:00,1.46,1.46,1.4541,1.46,1062,0
2016-06-28,20:20:00,1.46,1.46,1.455,1.46,800,0
2016-06-28,20:25:00,1.46,1.46,1.455,1.455,600,0
2016-06-28,20:30:00,1.46,1.46,1.46,1.46,1000,0
2016-06-28,20:35:00,1.46,1.47,1.4599,1.465,12394,0
2016-06-28,20:40:00,1.4631,1.47,1.46,1.465,2100,0
2016-06-28,20:45:00,1.46,1.47,1.46,1.465,800,0
2016-06-28,20:50:00,1.47,1.47,1.46,1.47,4503,0
2016-06-28,20:55:00,1.465,1.47,1.465,1.47,1101,0
2016-06-28,21:00:00,1.4635,1.47,1.4615,1.465,5500,0
2016-06-28,21:05:00,1.465,1.47,1.461,1.465,1800,0
2016-06-28,21:10:00,1.47,1.47,1.465,1.47,1000,0
2016-06-28,21:15:00,1.4637,1.47,1.46,1.465,6000,0
2016-06-28,21:20:00,1.47,1.47,1.465,1.465,800,0
2016-06-28,21:25:00,1.47,1.47,1.46,1.47,1700,0
2016-06-28,21:30:00,1.4699,1.47,1.465,1.47,3400,0
2016-06-28,21:35:00,1.465,1.47,1.46,1.46,5800,0
2016-06-28,21:40:00,1.455,1.455,1.4501,1.455,1000,0
2016-06-28,21:45:00,1.455,1.46,1.455,1.455,5100,0
2016-06-28,21:50:00,1.455,1.46,1.4501,1.46,1600,0
2016-06-28,21:55:00,1.455,1.46,1.4501,1.46,21731,0
2016-06-28,22:00:00,1.46,1.46,1.45,1.46,58153,0
2016-06-29,15:35:00,1.47,1.4735,1.36,1.4735,9059,0
2016-06-29,15:40:00,1.48,1.48,1.46,1.46,4175,0
2016-06-29,15:45:00,1.45,1.45,1.43,1.43,15907,0
2016-06-29,15:50:00,1.42,1.44,1.42,1.44,10313,0
2016-06-29,15:55:00,1.44,1.45,1.44,1.45,7941,0
2016-06-29,16:00:00,1.45,1.45,1.44,1.45,1100,0
2016-06-29,16:05:00,1.45,1.46,1.45,1.46,4923,0
2016-06-29,16:10:00,1.46,1.46,1.4501,1.46,5600,0
2016-06-29,16:15:00,1.46,1.46,1.45,1.46,1400,0
2016-06-29,16:20:00,1.46,1.46,1.46,1.46,1300,0
2016-06-29,16:25:00,1.46,1.46,1.46,1.46,1200,0
2016-06-29,16:30:00,1.46,1.46,1.45,1.46,900,0
2016-06-29,16:35:00,1.46,1.46,1.46,1.46,1500,0
2016-06-29,16:40:00,1.46,1.47,1.45,1.465,27096,0
2016-06-29,16:45:00,1.47,1.47,1.46,1.46,2732,0
2016-06-29,16:50:00,1.47,1.47,1.46,1.47,2496,0
2016-06-29,16:55:00,1.47,1.48,1.465,1.47,5000,0
2016-06-29,17:00:00,1.48,1.48,1.47,1.48,2300,0
2016-06-29,17:05:00,1.475,1.48,1.47,1.48,12657,0
2016-06-29,17:10:00,1.475,1.48,1.47,1.475,3100,0
2016-06-29,17:15:00,1.475,1.48,1.47,1.48,1113,0
2016-06-29,17:20:00,1.475,1.48,1.47,1.47,1200,0
2016-06-29,17:25:00,1.475,1.49,1.47,1.49,12299,0
2016-06-29,17:30:00,1.49,1.49,1.485,1.49,600,0
2016-06-29,17:35:00,1.485,1.49,1.48,1.49,2300,0
2016-06-29,17:40:00,1.49,1.49,1.48,1.485,1600,0
2016-06-29,17:45:00,1.49,1.51,1.48,1.5,22484,0
2016-06-29,17:50:00,1.5,1.5,1.49,1.5,2000,0
2016-06-29,17:55:00,1.5,1.5,1.49,1.5,2300,0
2016-06-29,18:00:00,1.495,1.5,1.49,1.49,1200,0
2016-06-29,18:05:00,1.495,1.5,1.49,1.49,8191,0
2016-06-29,18:10:00,1.49,1.49,1.49,1.49,6565,0
2016-06-29,18:15:00,1.48,1.49,1.48,1.49,500,0
2016-06-29,18:20:00,1.49,1.49,1.48,1.48,500,0
2016-06-29,18:25:00,1.48,1.49,1.48,1.49,900,0
2016-06-29,18:30:00,1.49,1.49,1.48,1.49,400,0
2016-06-29,18:35:00,1.49,1.49,1.48,1.485,900,0
2016-06-29,18:40:00,1.49,1.49,1.48,1.49,500,0
2016-06-29,18:45:00,1.49,1.49,1.48,1.49,3800,0
2016-06-29,18:50:00,1.49,1.49,1.485,1.49,800,0
2016-06-29,18:55:00,1.49,1.49,1.49,1.49,800,0
2016-06-29,19:00:00,1.49,1.49,1.49,1.49,500,0
2016-06-29,19:05:00,1.485,1.49,1.4835,1.489,2002,0
2016-06-29,19:10:00,1.49,1.49,1.49,1.49,600,0
2016-06-29,19:15:00,1.49,1.49,1.485,1.49,1000,0
2016-06-29,19:20:00,1.49,1.495,1.485,1.4889,11881,0
2016-06-29,19:25:00,1.49,1.49,1.48,1.49,17578,0
2016-06-29,19:30:00,1.48,1.49,1.48,1.49,800,0
2016-06-29,19:35:00,1.487,1.495,1.48,1.4902,11673,0
2016-06-29,19:40:00,1.49,1.49,1.48,1.48,9348,0
2016-06-29,19:45:00,1.485,1.49,1.483,1.484,3000,0
2016-06-29,19:50:00,1.49,1.495,1.48,1.49,9300,0
2016-06-29,19:55:00,1.49,1.49,1.485,1.485,600,0
2016-06-29,20:00:00,1.49,1.495,1.49,1.49,1800,0
2016-06-29,20:05:00,1.49,1.49,1.49,1.49,300,0
2016-06-29,20:10:00,1.49,1.49,1.4801,1.49,1602,0
2016-06-29,20:15:00,1.49,1.49,1.4899,1.49,2260,0
2016-06-29,20:20:00,1.49,1.49,1.49,1.49,1300,0
2016-06-29,20:25:00,1.49,1.49,1.49,1.49,700,0
2016-06-29,20:30:00,1.49,1.5,1.49,1.49,13362,0
2016-06-29,20:35:00,1.49,1.49,1.48,1.48,2900,0
2016-06-29,20:40:00,1.48,1.49,1.48,1.48,900,0
2016-06-29,20:45:00,1.49,1.49,1.48,1.485,6002,0
2016-06-29,20:50:00,1.49,1.49,1.48,1.48,2500,0
2016-06-29,20:55:00,1.48,1.485,1.47,1.48,18195,0
2016-06-29,21:00:00,1.47,1.48,1.47,1.47,15700,0
2016-06-29,21:05:00,1.47,1.48,1.47,1.475,2200,0
2016-06-29,21:10:00,1.48,1.48,1.47,1.47,1400,0
2016-06-29,21:15:00,1.48,1.48,1.47,1.48,1100,0
2016-06-29,21:20:00,1.48,1.48,1.46,1.47,9146,0
2016-06-29,21:25:00,1.47,1.47,1.46,1.46,1800,0
2016-06-29,21:30:00,1.47,1.47,1.46,1.47,1400,0
2016-06-29,21:35:00,1.47,1.47,1.46,1.46,2514,0
2016-06-29,21:40:00,1.46,1.47,1.46,1.46,4813,0
2016-06-29,21:45:00,1.46,1.47,1.46,1.46,2600,0
2016-06-29,21:50:00,1.4699,1.47,1.46,1.47,3658,0
2016-06-29,21:55:00,1.47,1.47,1.46,1.47,5200,0
2016-06-29,22:00:00,1.46,1.47,1.46,1.47,40769,0
2016-06-30,15:35:00,1.44,1.498,1.44,1.498,7495,0
2016-06-30,15:40:00,1.5,1.5,1.44,1.49,8318,0
2016-06-30,15:45:00,1.5,1.5,1.4601,1.5,4962,0
2016-06-30,15:50:00,1.495,1.5,1.45,1.45,13700,0
2016-06-30,15:55:00,1.45,1.45,1.44,1.445,13945,0
2016-06-30,16:00:00,1.45,1.48,1.45,1.48,4500,0
2016-06-30,16:05:00,1.48,1.49,1.47,1.47,7640,0
2016-06-30,16:10:00,1.47,1.475,1.46,1.465,11200,0
2016-06-30,16:15:00,1.47,1.47,1.47,1.47,200,0
2016-06-30,16:20:00,1.4601,1.47,1.4601,1.47,2800,0
2016-06-30,16:25:00,1.47,1.47,1.465,1.47,1500,0
2016-06-30,16:30:00,1.47,1.47,1.46,1.46,2800,0
2016-06-30,16:35:00,1.455,1.46,1.45,1.46,400,0
2016-06-30,16:40:00,1.4506,1.46,1.4506,1.46,5200,0
2016-06-30,16:45:00,1.45,1.46,1.45,1.455,5200,0
2016-06-30,16:50:00,1.45,1.46,1.45,1.455,15700,0
2016-06-30,16:55:00,1.46,1.46,1.46,1.46,300,0
2016-06-30,17:00:00,1.46,1.46,1.46,1.46,200,0
2016-06-30,17:05:00,1.46,1.46,1.45,1.46,2600,0
2016-06-30,17:10:00,1.46,1.47,1.46,1.47,1400,0
2016-06-30,17:15:00,1.47,1.47,1.465,1.47,1700,0
2016-06-30,17:20:00,1.47,1.48,1.47,1.48,30841,0
2016-06-30,17:25:00,1.48,1.49,1.475,1.49,13172,0
2016-06-30,17:30:00,1.49,1.5,1.49,1.5,4200,0
2016-06-30,17:35:00,1.5,1.5,1.4875,1.49,9500,0
2016-06-30,17:40:00,1.48,1.49,1.48,1.4801,1892,0
2016-06-30,17:45:00,1.49,1.49,1.49,1.49,200,0
2016-06-30,17:50:00,1.49,1.49,1.49,1.49,400,0
2016-06-30,17:55:00,1.48,1.5,1.48,1.495,700,0
2016-06-30,18:00:00,1.5,1.5,1.49,1.499,1500,0
2016-06-30,18:05:00,1.5,1.51,1.5,1.5057,17144,0
2016-06-30,18:10:00,1.51,1.51,1.51,1.51,500,0
2016-06-30,18:15:00,1.51,1.51,1.5099,1.51,2300,0
2016-06-30,18:20:00,1.51,1.52,1.51,1.52,17656,0
2016-06-30,18:25:00,1.525,1.54,1.52,1.54,1800,0
2016-06-30,18:30:00,1.54,1.54,1.54,1.54,600,0
2016-06-30,18:35:00,1.54,1.54,1.535,1.54,5400,0
2016-06-30,18:40:00,1.53,1.54,1.53,1.54,20844,0
2016-06-30,18:45:00,1.54,1.54,1.53,1.54,400,0
2016-06-30,18:50:00,1.54,1.54,1.53,1.54,9850,0
2016-06-30,18:55:00,1.54,1.54,1.53,1.53,1500,0
2016-06-30,19:00:00,1.54,1.54,1.53,1.535,3376,0
2016-06-30,19:05:00,1.5325,1.54,1.53,1.54,1100,0
2016-06-30,19:10:00,1.53,1.54,1.53,1.5325,1100,0
2016-06-30,19:15:00,1.5325,1.54,1.53,1.54,2140,0
2016-06-30,19:20:00,1.5325,1.54,1.5325,1.5325,1000,0
2016-06-30,19:25:00,1.54,1.54,1.53,1.53,4500,0
2016-06-30,19:30:00,1.54,1.54,1.53,1.53,29635,0
2016-06-30,19:35:00,1.53,1.54,1.53,1.53,13420,0
2016-06-30,19:40:00,1.5399,1.54,1.53,1.53,4950,0
2016-06-30,19:45:00,1.53,1.53,1.52,1.52,13295,0
2016-06-30,19:50:00,1.51,1.515,1.51,1.515,800,0
2016-06-30,19:55:00,1.515,1.52,1.51,1.51,1100,0
2016-06-30,20:00:00,1.52,1.52,1.51,1.514,2450,0
2016-06-30,20:05:00,1.52,1.52,1.51,1.52,900,0
2016-06-30,20:10:00,1.52,1.52,1.49,1.505,35695,0
2016-06-30,20:15:00,1.5,1.5,1.5,1.5,2300,0
2016-06-30,20:20:00,1.4901,1.5,1.49,1.5,2600,0
2016-06-30,20:25:00,1.5,1.5,1.495,1.495,800,0
2016-06-30,20:30:00,1.5,1.5,1.49,1.5,400,0
2016-06-30,20:35:00,1.5,1.5,1.495,1.5,900,0
2016-06-30,20:40:00,1.495,1.5,1.48,1.48,18050,0
2016-06-30,20:45:00,1.48,1.484,1.48,1.48,1131,0
2016-06-30,20:50:00,1.49,1.49,1.48,1.49,900,0
2016-06-30,20:55:00,1.49,1.49,1.48,1.48,700,0
2016-06-30,21:00:00,1.49,1.49,1.49,1.49,732,0
2016-06-30,21:05:00,1.49,1.49,1.49,1.49,1010,0
2016-06-30,21:10:00,1.49,1.5,1.4885,1.5,3200,0
2016-06-30,21:15:00,1.5,1.53,1.5,1.525,25040,0
2016-06-30,21:20:00,1.53,1.54,1.52,1.54,12258,0
2016-06-30,21:25:00,1.535,1.535,1.52,1.52,3550,0
2016-06-30,21:30:00,1.53,1.53,1.52,1.52,1900,0
2016-06-30,21:35:00,1.52,1.53,1.52,1.53,1500,0
2016-06-30,21:40:00,1.5233,1.53,1.52,1.52,4000,0
2016-06-30,21:45:00,1.525,1.54,1.52,1.54,23564,0
2016-06-30,21:50:00,1.535,1.54,1.53,1.54,17900,0
2016-06-30,21:55:00,1.54,1.54,1.53,1.54,3179,0
2016-06-30,22:00:00,1.54,1.54,1.53,1.53,79098,0
2016-07-01,15:35:00,1.53,1.53,1.52,1.52,2600,0
2016-07-01,15:40:00,1.55,1.56,1.55,1.56,1500,0
2016-07-01,15:45:00,1.56,1.56,1.55,1.5504,18160,0
2016-07-01,15:50:00,1.555,1.57,1.5542,1.5601,9801,0
2016-07-01,15:55:00,1.56,1.58,1.56,1.58,24019,0
2016-07-01,16:00:00,1.59,1.59,1.57,1.57,8800,0
2016-07-01,16:05:00,1.57,1.58,1.57,1.58,5168,0
2016-07-01,16:10:00,1.5799,1.58,1.57,1.58,10800,0
2016-07-01,16:15:00,1.58,1.58,1.5738,1.58,1573,0
2016-07-01,16:20:00,1.58,1.59,1.58,1.585,19877,0
2016-07-01,16:25:00,1.59,1.59,1.57,1.57,10385,0
2016-07-01,16:30:00,1.575,1.58,1.57,1.58,1800,0
2016-07-01,16:35:00,1.57,1.576,1.57,1.57,2900,0
2016-07-01,16:40:00,1.58,1.58,1.575,1.58,500,0
2016-07-01,16:45:00,1.57,1.58,1.57,1.5799,700,0
2016-07-01,16:50:00,1.58,1.58,1.575,1.58,17954,0
2016-07-01,16:55:00,1.58,1.6,1.58,1.595,17300,0
2016-07-01,17:00:00,1.59,1.6,1.59,1.6,24341,0
2016-07-01,17:05:00,1.595,1.6,1.59,1.59,19400,0
2016-07-01,17:10:00,1.595,1.6,1.58,1.585,22178,0
2016-07-01,17:15:00,1.58,1.59,1.58,1.59,200,0
2016-07-01,17:20:00,1.59,1.59,1.58,1.5801,600,0
2016-07-01,17:25:00,1.59,1.59,1.59,1.59,300,0
2016-07-01,17:30:00,1.58,1.58,1.575,1.575,2300,0
2016-07-01,17:35:00,1.58,1.58,1.58,1.58,100,0
2016-07-01,17:40:00,1.57,1.57,1.57,1.57,100,0
2016-07-01,17:45:00,1.58,1.58,1.57,1.58,500,0
2016-07-01,17:50:00,1.575,1.58,1.57,1.57,600,0
2016-07-01,17:55:00,1.58,1.58,1.58,1.58,900,0
2016-07-01,18:00:00,1.58,1.58,1.58,1.58,800,0
2016-07-01,18:05:00,1.58,1.58,1.57,1.57,900,0
2016-07-01,18:10:00,1.58,1.58,1.58,1.58,200,0
2016-07-01,18:15:00,1.58,1.58,1.57,1.58,500,0
2016-07-01,18:20:00,1.575,1.58,1.575,1.58,200,0
2016-07-01,18:25:00,1.575,1.58,1.575,1.58,400,0
2016-07-01,18:30:00,1.58,1.58,1.57,1.58,700,0
2016-07-01,18:35:00,1.58,1.58,1.58,1.58,100,0
2016-07-01,18:40:00,1.575,1.58,1.575,1.58,400,0
2016-07-01,18:45:00,1.58,1.58,1.5736,1.5736,1800,0
2016-07-01,18:50:00,1.58,1.58,1.58,1.58,100,0
2016-07-01,18:55:00,1.57,1.575,1.57,1.575,200,0
2016-07-01,19:00:00,1.58,1.58,1.57,1.58,700,0
2016-07-01,19:05:00,1.58,1.58,1.575,1.575,400,0
2016-07-01,19:10:00,1.57,1.58,1.57,1.58,500,0
2016-07-01,19:15:00,1.58,1.58,1.57,1.57,1500,0
2016-07-01,19:20:00,1.575,1.58,1.5715,1.58,3070,0
2016-07-01,19:25:00,1.58,1.58,1.57,1.58,800,0
2016-07-01,19:30:00,1.58,1.58,1.57,1.58,1370,0
2016-07-01,19:35:00,1.58,1.58,1.575,1.58,500,0
2016-07-01,19:40:00,1.58,1.58,1.57,1.58,1800,0
2016-07-01,19:45:00,1.58,1.58,1.57,1.57,8303,0
2016-07-01,19:50:00,1.58,1.58,1.5763,1.58,1800,0
2016-07-01,19:55:00,1.58,1.61,1.58,1.6,145236,0
2016-07-01,20:00:00,1.5901,1.5901,1.5901,1.5901,429,0
2016-07-01,20:05:00,1.59,1.6299,1.59,1.62,87842,0
2016-07-01,20:10:00,1.625,1.6299,1.62,1.62,13000,0
2016-07-01,20:15:00,1.62,1.625,1.62,1.62,30573,0
2016-07-01,20:20:00,1.625,1.625,1.61,1.62,10415,0
2016-07-01,20:25:00,1.61,1.61,1.61,1.61,2100,0
2016-07-01,20:30:00,1.6117,1.62,1.6117,1.62,1870,0
2016-07-01,20:35:00,1.61,1.63,1.61,1.62,6786,0
2016-07-01,20:40:00,1.62,1.63,1.61,1.61,6009,0
2016-07-01,20:45:00,1.6135,1.6135,1.61,1.61,200,0
2016-07-01,20:50:00,1.61,1.62,1.61,1.62,11200,0
2016-07-01,20:55:00,1.63,1.63,1.62,1.62,10920,0
2016-07-01,21:00:00,1.61,1.62,1.61,1.615,1180,0
2016-07-01,21:05:00,1.62,1.62,1.6101,1.62,8300,0
2016-07-01,21:10:00,1.62,1.63,1.62,1.63,3700,0
2016-07-01,21:15:00,1.6216,1.625,1.615,1.615,6961,0
2016-07-01,21:20:00,1.61,1.62,1.61,1.61,707,0
2016-07-01,21:25:00,1.62,1.62,1.615,1.615,370,0
2016-07-01,21:30:00,1.62,1.625,1.61,1.62,14970,0
2016-07-01,21:35:00,1.62,1.6292,1.62,1.62,11583,0
2016-07-01,21:40:00,1.62,1.625,1.62,1.62,5324,0
2016-07-01,21:45:00,1.62,1.625,1.62,1.62,4726,0
2016-07-01,21:50:00,1.62,1.625,1.62,1.62,12800,0
2016-07-01,21:55:00,1.62,1.63,1.62,1.62,21500,0
2016-07-01,22:00:00,1.625,1.63,1.62,1.63,71243,0
