Date,Time,Open,High,Low,Close,Volume,OpenInt
2015-06-11,17:15:00,24.659,24.659,24.659,24.659,405,0
2015-06-11,18:40:00,24.621,24.621,24.621,24.621,319,0
2015-06-12,20:20:00,24.433,24.47,24.433,24.433,745,0
2015-06-12,20:55:00,24.433,24.433,24.433,24.433,106,0
2015-06-12,21:20:00,24.301,24.31,24.292,24.292,1159,0
2015-06-15,17:50:00,24.442,24.442,24.442,24.442,6385,0
2015-06-15,21:00:00,24.527,24.527,24.527,24.527,212,0
2015-06-15,21:55:00,24.433,24.433,24.433,24.433,212,0
2015-06-16,19:55:00,24.339,24.339,24.339,24.339,1277,0
2015-06-16,21:15:00,24.715,24.715,24.715,24.715,372,0
2015-06-16,21:45:00,24.527,24.527,24.527,24.527,212,0
2015-06-18,19:40:00,24.433,24.433,24.433,24.433,532,0
2015-06-18,20:40:00,24.423,24.423,24.423,24.423,212,0
2015-06-18,20:55:00,24.31,24.31,24.31,24.31,106,0
2015-06-18,21:00:00,24.282,24.339,24.282,24.301,745,0
2015-06-18,21:45:00,24.293,24.293,24.263,24.263,3464,0
2015-06-18,22:00:00,24.263,24.263,24.263,24.263,958,0
2015-06-19,18:40:00,24.433,24.433,24.433,24.433,212,0
2015-06-23,21:25:00,24.311,24.311,24.31,24.31,639,0
2015-06-23,21:45:00,24.31,24.31,24.31,24.31,532,0
2015-06-23,22:00:00,24.404,24.404,24.404,24.404,106,0
2015-06-24,18:05:00,24.339,24.339,24.339,24.339,532,0
2015-06-24,18:15:00,24.702,24.702,24.702,24.702,106,0
2015-06-24,20:00:00,24.664,24.664,24.664,24.664,639,0
2015-06-24,21:45:00,24.386,24.386,24.386,24.386,106,0
2015-06-24,22:00:00,24.597,24.597,24.597,24.597,106,0
2015-06-25,15:55:00,24.433,24.433,24.433,24.433,628,0
2015-06-25,16:55:00,24.423,24.423,24.423,24.423,106,0
2015-06-25,21:20:00,24.414,24.414,24.414,24.414,532,0
2015-06-25,21:55:00,24.414,24.414,24.414,24.414,426,0
2015-06-25,22:00:00,24.536,24.536,24.536,24.536,106,0
2015-06-26,18:20:00,24.433,24.433,24.339,24.375,1064,0
2015-06-26,18:25:00,24.442,24.442,24.442,24.442,106,0
2015-06-26,20:05:00,24.357,24.357,24.357,24.357,106,0
2015-06-26,20:40:00,24.423,24.423,24.423,24.423,106,0
2015-06-26,20:55:00,24.357,24.357,24.357,24.357,106,0
2015-06-26,21:45:00,24.32,24.32,24.31,24.31,212,0
2015-06-26,21:50:00,24.31,24.31,24.31,24.31,106,0
2015-06-29,21:05:00,24.348,24.348,24.348,24.348,852,0
2015-06-30,16:00:00,24.527,24.649,24.527,24.649,966,0
2015-06-30,16:35:00,24.328,24.328,24.328,24.328,187,0
2015-07-06,19:10:00,24.386,24.386,24.386,24.386,1490,0
2015-07-07,19:50:00,24.555,24.555,24.555,24.555,111,0
2015-07-08,15:50:00,24.555,24.555,24.555,24.555,106,0
2015-07-08,18:20:00,24.367,24.367,24.31,24.31,212,0
2015-07-08,18:25:00,24.31,24.31,24.292,24.292,212,0
2015-07-08,18:45:00,24.27,24.27,24.27,24.27,106,0
2015-07-08,19:40:00,24.329,24.329,24.329,24.329,1064,0
2015-07-08,20:40:00,24.282,24.292,24.263,24.292,1988,0
2015-07-08,20:45:00,24.301,24.301,24.292,24.292,2660,0
2015-07-08,21:50:00,24.292,24.292,24.292,24.292,139,0
2015-07-09,15:35:00,24.498,24.498,24.498,24.498,319,0
2015-07-09,16:45:00,24.531,24.531,24.531,24.531,159,0
2015-07-09,17:40:00,24.433,24.433,24.433,24.433,106,0
2015-07-09,18:30:00,24.47,24.489,24.47,24.489,293,0
2015-07-09,18:35:00,24.555,24.565,24.527,24.527,851,0
2015-07-09,18:50:00,24.545,24.555,24.47,24.47,1914,0
2015-07-09,21:00:00,24.353,24.353,24.353,24.353,1064,0
2015-07-10,15:35:00,24.527,24.527,24.527,24.527,212,0
2015-07-10,17:05:00,24.433,24.433,24.433,24.433,426,0
2015-07-13,15:35:00,24.731,24.731,24.731,24.731,500,0
2015-07-13,16:50:00,24.777,24.779,24.776,24.779,490,0
2015-07-13,19:00:00,24.616,24.616,24.607,24.607,312,0
2015-07-14,17:25:00,24.559,24.559,24.559,24.559,4431,0
2015-07-15,18:15:00,24.751,24.751,24.751,24.751,208,0
2015-07-15,18:45:00,24.76,24.76,24.76,24.76,6671,0
2015-07-15,19:00:00,25.009,25.009,25.009,25.009,599,0
2015-07-16,16:50:00,24.923,24.923,24.923,24.923,130,0
2015-07-16,17:25:00,24.913,24.913,24.913,24.913,279,0
2015-07-16,17:35:00,24.943,24.952,24.943,24.952,312,0
2015-07-16,17:45:00,24.799,24.799,24.799,24.799,104,0
2015-07-16,17:50:00,24.875,24.875,24.875,24.875,283,0
2015-07-16,18:05:00,24.904,24.904,24.904,24.904,273,0
2015-07-16,18:15:00,24.875,24.875,24.875,24.875,311,0
2015-07-16,20:25:00,24.865,24.865,24.865,24.865,132,0
2015-07-16,20:55:00,24.904,24.904,24.904,24.904,606,0
2015-07-17,17:10:00,25.029,25.057,25.029,25.057,417,0
2015-07-17,17:55:00,25.038,25.038,25.038,25.038,282,0
2015-07-17,18:40:00,25.077,25.077,25.077,25.077,2085,0
2015-07-17,19:30:00,25.038,25.038,25.038,25.038,143,0
2015-07-20,16:25:00,25.067,25.086,25.067,25.086,626,0
2015-07-20,17:10:00,24.526,24.526,24.526,24.526,834,0
2015-07-20,17:55:00,24.53,24.769,24.53,24.769,626,0
2015-07-20,18:35:00,24.662,24.662,24.662,24.662,417,0
2015-07-20,19:10:00,24.587,24.607,24.568,24.568,1043,0
2015-07-20,21:30:00,24.568,24.568,24.568,24.568,1,0
2015-07-21,18:40:00,25.048,25.048,25.048,25.048,136,0
2015-07-21,20:40:00,25.048,25.048,25.048,25.048,141,0
2015-07-21,21:40:00,24.683,24.683,24.683,24.683,208,0
2015-07-22,16:25:00,25.086,25.086,25.086,25.086,398,0
2015-07-23,21:20:00,25.086,25.086,25.086,25.086,104,0
2015-07-24,16:35:00,25.086,25.086,25.057,25.057,638,0
2015-07-24,17:40:00,24.847,24.847,24.847,24.847,521,0
2015-07-27,15:35:00,24.683,24.683,24.683,24.683,104,0
2015-07-27,19:50:00,24.811,24.811,24.811,24.811,114,0
2015-07-27,21:20:00,24.811,24.811,24.811,24.811,201,0
2015-07-28,15:55:00,24.837,24.837,24.837,24.837,104,0
2015-07-28,16:05:00,24.811,24.811,24.811,24.811,119,0
2015-07-28,16:20:00,24.813,24.847,24.813,24.847,892,0
2015-07-28,18:05:00,24.833,24.833,24.833,24.833,312,0
2015-07-28,19:45:00,24.847,24.847,24.847,24.847,221,0
2015-07-28,20:25:00,24.751,24.751,24.751,24.751,1043,0
2015-07-29,20:15:00,24.76,24.76,24.751,24.751,1355,0
2015-07-29,20:20:00,24.693,24.712,24.683,24.693,1355,0
2015-07-29,20:35:00,24.693,24.693,24.693,24.693,104,0
2015-07-29,20:50:00,24.683,24.683,24.683,24.683,730,0
2015-07-29,21:25:00,24.666,24.666,24.666,24.666,109,0
2015-07-29,21:30:00,24.693,24.693,24.693,24.693,312,0
2015-07-30,16:10:00,24.693,24.693,24.693,24.693,104,0
2015-07-30,17:25:00,24.607,24.607,24.559,24.559,1667,0
2015-07-30,17:55:00,24.549,24.559,24.549,24.559,3066,0
2015-07-30,18:05:00,24.559,24.559,24.559,24.559,104,0
2015-07-30,19:35:00,24.559,24.559,24.559,24.559,1043,0
2015-07-30,20:55:00,24.559,24.559,24.559,24.559,1043,0
2015-07-30,21:05:00,24.559,24.559,24.559,24.559,312,0
2015-07-31,15:55:00,24.655,24.655,24.655,24.655,2085,0
2015-07-31,17:00:00,25,25,24.721,24.721,392,0
2015-07-31,17:20:00,24.559,24.559,24.559,24.559,208,0
2015-07-31,17:35:00,24.559,24.559,24.559,24.559,1981,0
2015-07-31,18:10:00,24.559,24.559,24.559,24.559,208,0
2015-07-31,18:55:00,24.559,24.559,24.559,24.559,417,0
2015-07-31,19:00:00,24.559,24.559,24.559,24.559,417,0
2015-07-31,19:05:00,24.559,24.559,24.559,24.559,1043,0
2015-07-31,19:30:00,24.559,24.559,24.559,24.559,312,0
2015-07-31,20:05:00,24.559,24.559,24.559,24.559,312,0
2015-07-31,21:25:00,24.559,24.559,24.559,24.559,104,0
2015-07-31,22:00:00,24.559,24.559,24.559,24.559,104,0
2015-08-03,19:05:00,24.837,24.837,24.837,24.837,104,0
2015-08-04,17:55:00,24.703,24.703,24.703,24.703,312,0
2015-08-04,19:05:00,24.751,24.751,24.751,24.751,208,0
2015-08-04,19:25:00,24.751,24.751,24.751,24.751,104,0
2015-08-04,20:00:00,24.731,24.731,24.731,24.731,104,0
2015-08-05,15:35:00,24.817,24.817,24.817,24.817,104,0
2015-08-05,16:15:00,24.509,24.509,24.509,24.509,104,0
2015-08-05,20:55:00,24.76,24.76,24.751,24.751,312,0
2015-08-05,21:55:00,24.827,24.827,24.827,24.827,104,0
2015-08-05,22:00:00,24.837,24.837,24.827,24.827,208,0
2015-08-07,16:30:00,24.482,24.482,24.482,24.482,1043,0
2015-08-10,15:35:00,24.751,24.751,24.751,24.751,104,0
2015-08-10,15:40:00,24.751,24.751,24.751,24.751,104,0
2015-08-10,16:00:00,24.751,24.751,24.751,24.751,104,0
2015-08-10,17:35:00,24.799,24.799,24.799,24.799,104,0
2015-08-11,18:25:00,25.019,25.048,25.019,25.048,323,0
2015-08-11,19:00:00,25.067,25.067,25.048,25.048,349,0
2015-08-11,19:25:00,25,25,25,25,104,0
2015-08-11,20:55:00,25.038,25.038,25.038,25.038,172,0
2015-08-11,22:00:00,25.038,25.038,25.038,25.038,156,0
2015-08-12,19:35:00,24.799,24.799,24.751,24.751,1449,0
2015-08-12,22:00:00,24.751,24.751,24.559,24.559,1459,0
2015-08-13,15:45:00,24.64,24.64,24.64,24.64,202,0
2015-08-14,17:05:00,24.655,24.655,24.655,24.655,417,0
2015-08-14,17:45:00,24.655,24.655,24.616,24.616,629,0
2015-08-14,17:50:00,24.655,24.655,24.655,24.655,104,0
2015-08-14,18:35:00,24.655,24.655,24.655,24.655,208,0
2015-08-14,18:55:00,24.655,24.655,24.655,24.655,521,0
2015-08-14,20:15:00,24.655,24.655,24.655,24.655,312,0
2015-08-14,21:15:00,24.655,24.655,24.655,24.655,312,0
2015-08-14,22:00:00,24.625,24.625,24.625,24.625,104,0
2015-08-17,15:35:00,24.645,24.655,24.645,24.655,938,0
2015-08-17,17:00:00,24.655,24.655,24.655,24.655,312,0
2015-08-17,18:25:00,24.655,24.655,24.655,24.655,208,0
2015-08-17,19:20:00,24.655,24.655,24.655,24.655,208,0
2015-08-17,19:45:00,24.655,24.655,24.655,24.655,312,0
2015-08-17,20:20:00,24.655,24.655,24.655,24.655,208,0
2015-08-17,20:50:00,24.655,24.655,24.653,24.653,1147,0
2015-08-17,21:15:00,24.655,24.655,24.655,24.655,730,0
2015-08-17,21:25:00,24.655,24.655,24.655,24.655,104,0
2015-08-18,15:50:00,24.655,24.655,24.655,24.655,1563,0
2015-08-18,16:15:00,24.655,24.655,24.637,24.637,655,0
2015-08-18,16:25:00,24.655,24.655,24.655,24.655,208,0
2015-08-18,16:30:00,24.655,24.655,24.655,24.655,312,0
2015-08-18,16:35:00,24.655,24.655,24.597,24.635,418,0
2015-08-18,16:55:00,24.625,24.625,24.625,24.625,11228,0
2015-08-18,17:00:00,24.769,24.769,24.769,24.769,104,0
2015-08-18,17:40:00,24.817,24.817,24.817,24.817,208,0
2015-08-18,17:45:00,24.817,24.817,24.817,24.817,312,0
2015-08-18,17:55:00,24.817,24.817,24.817,24.817,312,0
2015-08-18,18:55:00,24.817,24.817,24.817,24.817,417,0
2015-08-18,20:40:00,24.817,24.817,24.817,24.817,208,0
2015-08-18,21:20:00,24.817,24.817,24.817,24.817,1041,0
2015-08-18,21:50:00,24.857,24.857,24.857,24.857,235,0
2015-08-18,21:55:00,24.817,24.85,24.817,24.85,629,0
2015-08-19,15:55:00,24.885,24.885,24.885,24.885,139,0
2015-08-19,20:55:00,24.849,24.849,24.849,24.849,521,0
2015-08-19,21:45:00,24.856,24.856,24.856,24.856,387,0
2015-08-19,22:00:00,24.856,24.921,24.847,24.847,1513,0
2015-08-20,19:35:00,24.601,24.601,24.601,24.601,208,0
2015-08-20,20:05:00,24.865,24.865,24.865,24.865,104,0
2015-08-20,21:10:00,24.865,24.865,24.865,24.865,104,0
2015-08-20,21:15:00,24.885,24.885,24.885,24.885,133,0
2015-08-21,18:00:00,24.751,24.776,24.751,24.776,208,0
2015-08-21,21:20:00,24.616,24.616,24.612,24.612,834,0
2015-08-21,21:45:00,24.721,24.721,24.721,24.721,104,0
2015-08-24,15:35:00,24.539,24.539,24.539,24.539,104,0
2015-08-24,15:45:00,24.435,24.437,24.434,24.437,1144,0
2015-08-24,15:55:00,24.434,24.434,24.434,24.434,303,0
2015-08-24,16:05:00,24.434,24.434,24.434,24.434,1511,0
2015-08-24,16:10:00,24.53,24.53,24.53,24.53,417,0
2015-08-24,16:15:00,24.482,24.506,24.482,24.506,1043,0
2015-08-24,17:00:00,24.703,24.703,24.703,24.703,1043,0
2015-08-24,17:20:00,24.703,24.703,24.415,24.415,626,0
2015-08-24,17:25:00,24.28,24.28,24.242,24.242,417,0
2015-08-24,17:30:00,24.28,24.28,24.28,24.28,626,0
2015-08-24,17:55:00,24.175,24.175,24.175,24.175,1043,0
2015-08-24,19:40:00,24.233,24.233,24.223,24.223,1877,0
2015-08-24,19:55:00,24.233,24.233,24.233,24.233,312,0
2015-08-24,20:50:00,24.415,24.415,24.415,24.415,148,0
2015-08-24,21:25:00,24.242,24.28,24.242,24.28,359,0
2015-08-24,21:30:00,24.415,25.077,24.415,24.587,4817,0
2015-08-25,16:10:00,25.057,25.057,25.057,25.057,208,0
2015-08-25,16:45:00,24.463,24.463,24.463,24.463,834,0
2015-08-25,20:05:00,24.472,24.472,24.472,24.472,312,0
2015-08-25,20:10:00,24.472,24.472,24.472,24.472,1043,0
2015-08-25,20:50:00,24.472,24.472,24.472,24.472,1043,0
2015-08-26,16:00:00,24.751,24.751,24.751,24.751,782,0
2015-08-26,16:10:00,24.731,24.731,24.731,24.731,626,0
2015-08-26,16:15:00,24.731,24.731,24.731,24.731,104,0
2015-08-26,19:10:00,24.463,24.463,24.463,24.463,2085,0
2015-08-26,20:00:00,24.607,24.607,24.607,24.607,599,0
2015-08-28,16:45:00,25.048,25.048,25,25,417,0
2015-08-28,17:05:00,25.057,25.057,25.029,25.029,469,0
2015-08-31,17:15:00,24.943,24.943,24.943,24.943,626,0
2015-08-31,17:45:00,24.847,24.847,24.847,24.847,521,0
2015-08-31,18:15:00,24.847,24.847,24.847,24.847,208,0
2015-08-31,19:25:00,24.888,24.888,24.888,24.888,312,0
2015-08-31,22:00:00,24.871,24.871,24.871,24.871,626,0
2015-09-01,15:35:00,24.559,24.559,24.559,24.559,312,0
2015-09-01,22:00:00,24.893,24.893,24.893,24.893,166,0
2015-09-02,19:20:00,24.908,24.908,24.908,24.908,2710,0
2015-09-02,19:35:00,24.908,24.908,24.908,24.908,2710,0
2015-09-02,20:50:00,24.571,24.571,24.571,24.571,834,0
2015-09-02,21:45:00,24.895,24.895,24.895,24.895,260,0
2015-09-02,22:00:00,24.895,24.895,24.895,24.895,104,0
2015-09-03,18:50:00,24.664,24.664,24.664,24.664,208,0
2015-09-03,19:15:00,24.923,24.923,24.923,24.923,208,0
2015-09-04,16:30:00,25.038,25.038,25.038,25.038,119,0
2015-09-04,17:30:00,25.038,25.038,25.038,25.038,119,0
2015-09-04,19:05:00,24.981,24.981,24.981,24.981,626,0
2015-09-04,19:10:00,24.936,24.936,24.936,24.936,782,0
2015-09-04,20:25:00,24.611,24.611,24.611,24.611,161,0
2015-09-04,22:00:00,24.751,24.76,24.751,24.751,312,0
2015-09-08,15:35:00,25.029,25.029,25.029,25.029,104,0
2015-09-08,15:55:00,24.597,24.597,24.597,24.597,104,0
2015-09-08,21:15:00,24.693,24.693,24.664,24.664,417,0
2015-09-09,17:35:00,24.559,24.655,24.559,24.655,1017,0
2015-09-09,20:05:00,24.635,24.635,24.635,24.635,521,0
2015-09-09,20:15:00,24.655,24.703,24.655,24.693,626,0
2015-09-10,16:20:00,24.76,24.817,24.712,24.721,1459,0
2015-09-10,17:05:00,24.578,24.578,24.578,24.578,521,0
2015-09-10,18:40:00,24.587,24.611,24.578,24.611,1371,0
2015-09-10,19:15:00,24.606,24.606,24.606,24.606,1043,0
2015-09-11,18:50:00,24.751,24.751,24.751,24.751,156,0
2015-09-11,21:30:00,24.693,24.703,24.693,24.703,704,0
2015-09-11,21:55:00,24.607,24.607,24.559,24.559,417,0
2015-09-15,15:35:00,24.578,24.578,24.578,24.578,521,0
2015-09-16,16:10:00,24.578,24.587,24.578,24.578,1147,0
2015-09-16,16:20:00,24.568,24.568,24.559,24.559,730,0
2015-09-16,17:30:00,24.607,24.607,24.559,24.559,782,0
2015-09-16,20:00:00,24.616,24.625,24.587,24.587,829,0
2015-09-16,20:20:00,24.597,24.597,24.587,24.587,208,0
2015-09-16,20:25:00,24.587,24.587,24.587,24.587,104,0
2015-09-17,21:55:00,24.587,24.597,24.559,24.587,3180,0
2015-09-18,15:35:00,24.491,24.491,24.491,24.491,312,0
2015-09-18,16:10:00,24.625,24.625,24.625,24.625,208,0
2015-09-18,16:20:00,24.635,24.635,24.607,24.607,1147,0
2015-09-18,20:45:00,24.703,24.703,24.703,24.703,1043,0
2015-09-21,15:35:00,24.751,24.751,24.751,24.751,104,0
2015-09-21,16:20:00,24.534,24.534,24.534,24.534,104,0
2015-09-21,16:25:00,24.578,24.578,24.578,24.578,104,0
2015-09-21,17:25:00,24.491,24.491,24.491,24.491,312,0
2015-09-21,17:30:00,24.512,24.512,24.512,24.512,172,0
2015-09-21,17:45:00,24.52,24.52,24.501,24.52,312,0
2015-09-21,17:55:00,24.511,24.511,24.511,24.511,208,0
2015-09-21,18:20:00,24.559,24.635,24.559,24.635,208,0
2015-09-21,19:55:00,24.635,24.635,24.635,24.635,855,0
2015-09-21,20:35:00,24.635,24.635,24.635,24.635,104,0
2015-09-22,15:35:00,24.52,24.52,24.52,24.52,208,0
2015-09-22,20:40:00,24.741,24.885,24.741,24.885,703,0
2015-09-22,20:45:00,24.539,24.539,24.539,24.539,1043,0
2015-09-23,17:20:00,24.578,24.578,24.578,24.578,365,0
2015-09-23,17:35:00,24.578,24.578,24.578,24.578,104,0
2015-09-23,18:30:00,24.578,24.578,24.578,24.578,208,0
2015-09-23,19:25:00,24.543,24.543,24.543,24.543,417,0
2015-09-24,15:35:00,24.559,24.559,24.559,24.559,104,0
2015-09-24,17:25:00,24.645,24.645,24.645,24.645,730,0
2015-09-24,21:55:00,24.741,24.751,24.741,24.751,208,0
2015-09-25,19:35:00,24.751,24.751,24.751,24.751,151,0
2015-09-25,19:40:00,24.731,24.731,24.731,24.731,104,0
2015-09-25,22:00:00,24.549,24.549,24.549,24.549,104,0
2015-09-28,15:35:00,24.539,24.539,24.539,24.539,104,0
2015-09-28,15:50:00,24.749,24.749,24.749,24.749,626,0
2015-09-28,18:40:00,24.559,24.559,24.55,24.559,521,0
2015-09-28,18:45:00,24.559,24.559,24.559,24.559,208,0
2015-09-28,19:05:00,24.549,24.549,24.549,24.549,104,0
2015-09-29,17:45:00,24.587,24.587,24.559,24.559,730,0
2015-09-29,17:50:00,24.491,24.559,24.463,24.559,730,0
2015-09-29,18:10:00,24.472,24.472,24.472,24.472,208,0
2015-09-29,19:55:00,24.539,24.539,24.539,24.539,417,0
2015-09-29,20:05:00,24.539,24.539,24.539,24.539,208,0
2015-09-29,20:10:00,24.539,24.539,24.539,24.539,208,0
2015-09-29,20:25:00,24.539,24.539,24.539,24.539,730,0
2015-09-29,20:35:00,24.539,24.539,24.539,24.539,417,0
2015-09-29,20:45:00,24.539,24.539,24.539,24.539,417,0
2015-09-29,20:55:00,24.539,24.539,24.539,24.539,417,0
2015-09-29,21:10:00,24.539,24.539,24.539,24.539,208,0
2015-09-29,21:20:00,24.53,24.53,24.53,24.53,150,0
2015-09-29,21:25:00,24.539,24.539,24.539,24.539,567,0
2015-09-29,21:30:00,24.501,24.509,24.501,24.509,834,0
2015-09-29,21:40:00,24.539,24.539,24.539,24.539,150,0
2015-09-29,21:55:00,24.539,24.539,24.539,24.539,329,0
2015-09-30,18:00:00,24.625,24.625,24.625,24.625,329,0
2015-09-30,18:10:00,24.625,24.625,24.625,24.625,329,0
2015-09-30,18:20:00,24.625,24.625,24.625,24.625,334,0
2015-09-30,18:35:00,24.607,24.607,24.607,24.607,208,0
2015-09-30,19:45:00,24.567,24.568,24.567,24.568,730,0
2015-09-30,21:15:00,24.568,24.578,24.568,24.578,528,0
2015-10-01,17:30:00,24.559,24.559,24.559,24.559,521,0
2015-10-01,18:05:00,24.491,24.491,24.491,24.491,1043,0
2015-10-01,18:10:00,24.491,24.491,24.491,24.491,1043,0
2015-10-01,18:15:00,24.635,24.635,24.635,24.635,208,0
2015-10-01,18:30:00,24.52,24.52,24.52,24.52,312,0
2015-10-01,18:40:00,24.501,24.501,24.501,24.501,104,0
2015-10-01,18:55:00,24.501,24.501,24.501,24.501,417,0
2015-10-01,19:00:00,24.635,24.635,24.635,24.635,329,0
2015-10-01,19:40:00,24.635,24.635,24.635,24.635,417,0
2015-10-01,19:50:00,24.635,24.635,24.635,24.635,521,0
2015-10-01,21:15:00,24.607,24.607,24.607,24.607,104,0
2015-10-01,21:35:00,24.607,24.607,24.607,24.607,208,0
2015-10-01,21:40:00,24.602,24.602,24.602,24.602,417,0
2015-10-02,17:20:00,24.475,24.475,24.475,24.475,208,0
2015-10-05,18:20:00,24.568,24.568,24.482,24.491,730,0
2015-10-05,21:10:00,24.545,24.545,24.545,24.545,172,0
2015-10-05,21:15:00,24.568,24.568,24.568,24.568,417,0
2015-10-05,21:40:00,24.655,24.655,24.655,24.655,245,0
2015-10-06,16:30:00,24.818,24.818,24.818,24.818,563,0
2015-10-06,17:45:00,24.512,24.512,24.512,24.512,208,0
2015-10-07,21:15:00,24.655,24.655,24.655,24.655,208,0
2015-10-07,21:25:00,24.637,24.637,24.637,24.637,417,0
2015-10-07,21:35:00,24.655,24.655,24.655,24.655,312,0
2015-10-08,16:10:00,24.827,24.827,24.827,24.827,104,0
2015-10-08,17:55:00,24.65,24.65,24.65,24.65,521,0
2015-10-08,18:00:00,24.655,24.655,24.655,24.655,730,0
2015-10-08,20:40:00,24.625,24.625,24.625,24.625,2083,0
2015-10-08,20:45:00,24.625,24.625,24.568,24.568,729,0
2015-10-08,20:50:00,24.568,24.568,24.568,24.568,417,0
2015-10-08,21:10:00,24.587,24.587,24.587,24.587,158,0
2015-10-08,21:15:00,24.597,24.597,24.597,24.597,104,0
2015-10-08,21:25:00,24.616,24.625,24.616,24.625,228,0
2015-10-08,21:40:00,24.625,24.625,24.625,24.625,219,0
2015-10-09,16:10:00,24.721,24.721,24.721,24.721,104,0
2015-10-09,18:10:00,24.616,24.616,24.616,24.616,417,0
2015-10-09,19:10:00,24.616,24.616,24.601,24.601,3114,0
2015-10-09,20:10:00,24.616,24.616,24.616,24.616,323,0
2015-10-09,20:25:00,24.597,24.597,24.587,24.587,1076,0
2015-10-09,21:20:00,24.587,24.587,24.568,24.568,833,0
2015-10-09,21:25:00,24.607,24.607,24.607,24.607,104,0
2015-10-12,18:55:00,24.721,24.721,24.721,24.721,417,0
2015-10-12,19:10:00,24.751,24.751,24.751,24.751,208,0
2015-10-12,19:15:00,24.721,24.721,24.721,24.721,104,0
2015-10-12,19:40:00,24.712,24.799,24.712,24.799,625,0
2015-10-12,19:45:00,24.799,24.799,24.799,24.799,208,0
2015-10-12,20:40:00,24.789,24.799,24.789,24.79,963,0
2015-10-12,21:45:00,24.799,24.943,24.799,24.943,464,0
2015-10-13,15:35:00,25.032,25.032,25.032,25.032,613,0
2015-10-13,17:45:00,24.886,24.886,24.886,24.886,511,0
2015-10-13,18:25:00,24.885,24.885,24.885,24.885,817,0
2015-10-13,18:30:00,24.914,24.914,24.895,24.895,204,0
2015-10-13,18:50:00,24.973,24.973,24.973,24.973,332,0
2015-10-13,19:00:00,24.973,24.973,24.973,24.973,317,0
2015-10-13,20:45:00,24.963,24.973,24.963,24.973,408,0
2015-10-13,21:05:00,24.924,24.924,24.875,24.876,2360,0
2015-10-13,21:20:00,24.885,24.895,24.875,24.875,1532,0
2015-10-13,21:30:00,24.854,24.854,24.854,24.854,587,0
2015-10-13,21:35:00,24.875,24.875,24.854,24.875,19493,0
2015-10-13,21:40:00,24.973,25.061,24.973,24.973,1537,0
2015-10-13,22:00:00,24.973,25.022,24.945,24.96,24768,0
2015-10-14,15:35:00,24.953,24.953,24.953,24.953,817,0
2015-10-14,16:25:00,25.021,25.021,25.021,25.021,306,0
2015-10-14,16:50:00,24.954,24.954,24.954,24.954,306,0
2015-10-14,18:50:00,24.953,24.953,24.953,24.953,613,0
2015-10-14,19:55:00,25.022,25.022,25.022,25.022,317,0
2015-10-14,20:05:00,24.973,24.973,24.973,24.973,204,0
2015-10-14,20:45:00,24.973,24.973,24.953,24.953,1123,0
2015-10-14,20:50:00,24.953,24.953,24.953,24.953,1838,0
2015-10-15,15:35:00,25.051,25.051,25.051,25.051,204,0
2015-10-15,16:10:00,24.885,24.889,24.885,24.885,1634,0
2015-10-15,16:15:00,24.904,24.904,24.855,24.855,613,0
2015-10-15,17:10:00,24.875,24.875,24.875,24.875,102,0
2015-10-15,17:40:00,24.836,24.836,24.836,24.836,204,0
2015-10-15,17:55:00,24.85,24.85,24.85,24.85,102,0
2015-10-15,18:00:00,24.85,24.85,24.85,24.85,292,0
2015-10-15,19:05:00,24.836,24.836,24.836,24.836,102,0
2015-10-15,19:15:00,24.841,24.85,24.826,24.826,715,0
2015-10-15,19:20:00,24.788,24.788,24.788,24.788,511,0
2015-10-15,19:30:00,24.843,24.875,24.831,24.875,1430,0
2015-10-15,19:35:00,24.874,24.874,24.874,24.874,306,0
2015-10-15,19:40:00,24.875,24.875,24.856,24.856,817,0
2015-10-15,20:25:00,24.875,24.875,24.875,24.875,919,0
2015-10-15,20:55:00,24.856,24.856,24.856,24.856,408,0
2015-10-15,21:15:00,24.856,24.875,24.856,24.858,715,0
2015-10-15,21:30:00,24.875,24.875,24.875,24.875,1430,0
2015-10-15,21:35:00,24.875,24.875,24.831,24.831,2553,0
2015-10-16,16:10:00,24.934,24.934,24.934,24.934,102,0
2015-10-16,17:35:00,24.914,24.914,24.914,24.914,511,0
2015-10-16,18:05:00,24.924,24.924,24.914,24.924,1838,0
2015-10-16,19:00:00,24.826,24.826,24.826,24.826,204,0
2015-10-16,20:55:00,24.679,24.679,24.679,24.679,715,0
2015-10-19,16:10:00,24.914,24.914,24.914,24.914,204,0
2015-10-19,16:45:00,24.914,24.924,24.914,24.924,204,0
2015-10-19,16:50:00,24.924,24.924,24.924,24.924,511,0
2015-10-19,19:30:00,24.924,24.924,24.9,24.9,1532,0
2015-10-19,20:00:00,24.924,24.924,24.9,24.9,1532,0
2015-10-19,20:45:00,24.846,24.846,24.846,24.846,613,0
2015-10-19,21:55:00,24.846,24.846,24.846,24.846,1021,0
2015-10-20,16:50:00,24.774,24.922,24.774,24.922,453,0
2015-10-20,17:15:00,24.924,24.924,24.924,24.924,2042,0
2015-10-20,22:00:00,24.875,24.875,24.846,24.846,306,0
2015-10-21,15:35:00,24.846,24.846,24.846,24.846,1021,0
2015-10-21,15:55:00,24.826,24.826,24.826,24.826,204,0
2015-10-21,16:25:00,24.679,24.777,24.679,24.777,1225,0
2015-10-21,17:45:00,24.826,24.826,24.826,24.826,511,0
2015-10-21,17:55:00,24.826,24.826,24.826,24.826,306,0
2015-10-21,18:15:00,24.679,24.679,24.679,24.679,511,0
2015-10-21,18:30:00,24.826,24.826,24.809,24.811,4746,0
2015-10-21,18:40:00,24.679,24.679,24.679,24.679,1556,0
2015-10-21,18:50:00,24.802,24.826,24.802,24.809,3268,0
2015-10-21,20:30:00,24.826,24.826,24.826,24.826,715,0
2015-10-21,20:40:00,24.826,24.826,24.826,24.826,306,0
2015-10-21,20:55:00,24.679,24.679,24.679,24.679,1558,0
2015-10-21,21:00:00,24.826,24.826,24.808,24.808,1685,0
2015-10-21,21:10:00,24.826,24.826,24.811,24.811,1072,0
2015-10-21,21:15:00,24.826,24.826,24.808,24.811,5820,0
2015-10-21,21:20:00,24.826,24.826,24.811,24.811,613,0
2015-10-21,21:25:00,24.826,24.826,24.811,24.811,2349,0
2015-10-21,21:30:00,24.826,24.826,24.811,24.811,1021,0
2015-10-21,21:35:00,24.826,24.826,24.809,24.811,1940,0
2015-10-21,21:40:00,24.826,24.826,24.809,24.811,1940,0
2015-10-21,21:45:00,24.826,24.826,24.679,24.679,10032,0
2015-10-21,21:50:00,24.826,24.826,24.826,24.826,102,0
2015-10-22,16:05:00,24.846,24.846,24.846,24.846,204,0
2015-10-22,16:35:00,24.846,24.846,24.846,24.846,511,0
2015-10-22,17:10:00,24.809,24.846,24.809,24.846,715,0
2015-10-22,18:10:00,24.826,24.826,24.826,24.826,102,0
2015-10-22,19:00:00,24.846,24.846,24.846,24.846,204,0
2015-10-22,19:55:00,24.846,24.846,24.846,24.846,102,0
2015-10-22,20:25:00,24.846,24.846,24.846,24.846,204,0
2015-10-22,21:00:00,24.846,24.846,24.845,24.846,306,0
2015-10-22,21:30:00,24.836,24.836,24.826,24.826,613,0
2015-10-23,16:50:00,24.855,24.855,24.853,24.853,919,0
2015-10-23,16:55:00,24.855,24.855,24.853,24.855,1225,0
2015-10-23,17:25:00,24.855,24.855,24.806,24.855,1430,0
2015-10-23,18:35:00,24.806,24.806,24.797,24.806,1021,0
2015-10-23,18:40:00,24.797,24.797,24.767,24.767,919,0
2015-10-23,19:00:00,24.728,24.728,24.728,24.728,1021,0
2015-10-23,19:40:00,24.728,24.728,24.728,24.728,102,0
2015-10-23,19:45:00,24.816,24.816,24.816,24.816,102,0
2015-10-23,20:00:00,24.826,24.826,24.826,24.826,306,0
2015-10-23,20:15:00,24.811,24.826,24.806,24.826,817,0
2015-10-23,21:50:00,24.797,24.797,24.797,24.797,306,0
2015-10-26,14:50:00,24.679,24.679,24.679,24.679,2388,0
2015-10-26,17:20:00,24.738,24.748,24.728,24.738,1634,0
2015-10-26,17:25:00,24.728,24.728,24.728,24.728,204,0
2015-10-26,17:35:00,24.728,24.728,24.728,24.728,204,0
2015-10-26,17:50:00,24.728,24.728,24.728,24.728,306,0
2015-10-27,14:35:00,24.816,24.816,24.816,24.816,306,0
2015-10-27,20:20:00,24.728,24.816,24.728,24.797,867,0
2015-10-27,20:25:00,24.797,24.797,24.797,24.797,102,0
2015-10-28,16:10:00,24.709,24.709,24.709,24.709,1021,0
2015-10-28,16:30:00,24.806,24.816,24.806,24.816,679,0
2015-10-28,19:50:00,24.777,24.777,24.777,24.777,919,0
2015-10-28,20:35:00,24.844,24.844,24.844,24.844,209,0
2015-10-28,20:45:00,24.837,24.837,24.837,24.837,102,0
2015-10-28,20:50:00,24.855,24.855,24.855,24.855,102,0
2015-10-29,15:00:00,24.875,24.875,24.875,24.875,181,0
2015-10-29,15:15:00,24.922,24.922,24.922,24.922,181,0
2015-10-29,17:05:00,24.914,24.914,24.914,24.914,766,0
2015-10-29,18:45:00,24.726,24.726,24.726,24.726,102,0
2015-10-29,20:35:00,24.865,24.865,24.826,24.826,730,0
2015-10-29,20:50:00,24.922,24.922,24.922,24.922,130,0
2015-11-02,16:35:00,24.973,24.973,24.973,24.973,132,0
2015-11-02,16:45:00,24.926,24.926,24.926,24.926,132,0
2015-11-02,16:50:00,25.022,25.022,25.022,25.022,919,0
2015-11-02,17:25:00,24.973,24.973,24.973,24.973,223,0
2015-11-02,18:05:00,24.983,24.983,24.983,24.983,114,0
2015-11-02,18:15:00,24.983,24.983,24.983,24.983,102,0
2015-11-02,20:05:00,24.983,24.983,24.983,24.983,109,0
2015-11-02,20:50:00,25.007,25.022,25.007,25.022,2451,0
2015-11-03,15:35:00,25.071,25.071,25.071,25.071,306,0
2015-11-03,17:50:00,24.836,24.836,24.836,24.836,715,0
2015-11-03,19:35:00,25.051,25.051,25.051,25.051,511,0
2015-11-04,16:05:00,24.992,24.992,24.973,24.973,236,0
2015-11-04,16:10:00,25.012,25.012,25.012,25.012,102,0
2015-11-05,20:45:00,24.895,24.895,24.875,24.875,817,0
2015-11-05,20:55:00,24.925,24.925,24.925,24.925,240,0
2015-11-06,15:35:00,24.875,24.875,24.875,24.875,204,0
2015-11-06,16:35:00,24.875,24.875,24.875,24.875,210,0
2015-11-09,15:35:00,24.875,24.875,24.875,24.875,511,0
2015-11-09,19:50:00,24.944,24.963,24.944,24.963,210,0
2015-11-09,21:00:00,25.051,25.051,25.051,25.051,383,0
2015-11-09,21:05:00,25.071,25.071,25.066,25.066,893,0
2015-11-09,21:35:00,24.973,24.973,24.973,24.973,715,0
2015-11-10,16:45:00,24.973,24.973,24.973,24.973,2042,0
2015-11-10,21:45:00,24.973,24.983,24.973,24.983,715,0
2015-11-10,22:00:00,24.934,24.934,24.934,24.934,2236,0
2015-11-11,18:00:00,25.071,25.071,25.071,25.071,179,0
2015-11-12,19:55:00,24.875,24.906,24.875,24.906,878,0
2015-11-12,21:10:00,24.885,24.885,24.885,24.885,817,0
2015-11-13,17:45:00,25.022,25.022,25.022,25.022,715,0
2015-11-13,19:20:00,25.022,25.041,25.022,25.041,1736,0
2015-11-16,16:05:00,24.84,24.871,24.84,24.871,408,0
2015-11-16,16:45:00,24.973,24.973,24.973,24.973,511,0
2015-11-16,19:00:00,24.797,24.797,24.797,24.797,204,0
2015-11-16,19:50:00,24.806,24.806,24.806,24.806,204,0
2015-11-16,20:50:00,24.806,24.969,24.806,24.969,551,0
2015-11-16,20:55:00,24.969,24.969,24.969,24.969,306,0
2015-11-16,21:00:00,24.973,24.973,24.973,24.973,919,0
2015-11-16,21:30:00,25.071,25.071,25.071,25.071,799,0
2015-11-17,21:35:00,25.051,25.051,24.934,25.021,1608,0
2015-11-18,16:05:00,25.022,25.022,25.022,25.022,306,0
2015-11-18,18:05:00,25.067,25.071,25.067,25.071,442,0
2015-11-18,18:10:00,25.071,25.071,25.071,25.071,306,0
2015-11-18,18:20:00,25.071,25.071,25.071,25.071,204,0
2015-11-20,15:50:00,24.858,24.858,24.858,24.858,408,0
2015-11-20,19:45:00,25.222,25.222,25.222,25.222,204,0
2015-11-23,16:40:00,25.263,25.267,25.257,25.267,1123,0
2015-11-23,19:05:00,25.12,25.12,25.12,25.12,102,0
2015-11-24,20:35:00,25.12,25.12,25.12,25.12,2042,0
2015-11-24,21:15:00,25.195,25.195,25.195,25.195,478,0
2015-11-24,21:35:00,25.266,25.267,25.252,25.252,1123,0
2015-12-01,17:20:00,25.423,25.423,25.423,25.423,102,0
2015-12-01,18:15:00,25.12,25.12,25.12,25.12,204,0
2015-12-01,20:45:00,25.44,25.463,25.44,25.442,638,0
2015-12-01,21:10:00,25.433,25.463,25.433,25.463,357,0
2015-12-02,15:40:00,25.208,25.208,25.208,25.208,204,0
2015-12-02,16:05:00,25.218,25.237,25.218,25.237,2961,0
2015-12-02,20:10:00,25.335,25.335,25.335,25.335,408,0
2015-12-03,18:35:00,25.208,25.208,25.208,25.208,276,0
2015-12-03,20:25:00,25.335,25.335,25.335,25.335,1021,0
2015-12-04,17:05:00,25.032,25.061,25.022,25.061,1021,0
2015-12-04,17:50:00,25.267,25.267,25.267,25.267,102,0
2015-12-04,21:45:00,25.09,25.09,25.071,25.071,715,0
2015-12-07,20:05:00,25.169,25.169,25.169,25.169,102,0
2015-12-07,20:15:00,25.032,25.032,25.032,25.032,531,0
2015-12-08,15:35:00,25.022,25.022,25.022,25.022,102,0
2015-12-08,16:55:00,25.024,25.024,25.024,25.024,511,0
2015-12-08,18:55:00,25.071,25.11,25.071,25.11,511,0
2015-12-08,21:40:00,25.188,25.188,25.188,25.188,102,0
2015-12-09,16:50:00,25.245,25.245,25.245,25.245,485,0
2015-12-09,17:15:00,25.267,25.267,25.267,25.267,408,0
2015-12-09,18:40:00,25.247,25.267,25.247,25.267,459,0
2015-12-10,15:50:00,25.071,25.071,25.071,25.071,306,0
2015-12-10,17:30:00,25.25,25.25,25.25,25.25,204,0
2015-12-10,19:10:00,25.097,25.097,25.097,25.097,102,0
2015-12-10,20:35:00,25.073,25.073,25.073,25.073,102,0
2015-12-10,21:35:00,25.12,25.12,25.12,25.12,2042,0
2015-12-11,15:35:00,25.071,25.071,25.071,25.071,204,0
2015-12-11,16:10:00,25.237,25.237,25.237,25.237,102,0
2015-12-11,17:10:00,25.098,25.098,25.071,25.098,5620,0
2015-12-14,17:25:00,24.973,24.973,24.973,24.973,184,0
2015-12-14,17:40:00,24.983,24.983,24.983,24.983,102,0
2015-12-14,20:40:00,24.973,24.973,24.973,24.973,204,0
2015-12-15,16:40:00,24.973,24.973,24.973,24.973,511,0
2015-12-15,16:50:00,24.969,24.969,24.969,24.969,511,0
2015-12-15,18:15:00,24.924,24.924,24.895,24.895,562,0
2015-12-15,18:55:00,24.895,24.895,24.895,24.895,204,0
2015-12-16,18:15:00,25.12,25.12,25.09,25.09,204,0
2015-12-16,21:15:00,24.826,24.826,24.826,24.826,562,0
2015-12-17,17:55:00,24.836,24.865,24.834,24.834,885,0
2015-12-17,21:10:00,24.846,24.846,24.846,24.846,204,0
2015-12-21,16:45:00,25.12,25.12,25.12,25.12,102,0
2015-12-21,16:50:00,25.12,25.12,25.12,25.12,102,0
2015-12-21,19:00:00,24.895,24.895,24.895,24.895,163,0
2015-12-21,20:40:00,24.914,24.914,24.914,24.914,1021,0
2015-12-22,15:55:00,24.866,24.866,24.866,24.866,102,0
2015-12-22,17:05:00,24.973,24.973,24.973,24.973,102,0
2015-12-22,17:55:00,25.429,25.429,25.015,25.015,715,0
2015-12-22,19:40:00,25.007,25.007,25.007,25.007,204,0
2015-12-23,16:10:00,24.973,24.973,24.973,24.973,102,0
2015-12-23,19:15:00,25.247,25.247,25.247,25.247,102,0
2015-12-23,19:30:00,24.973,24.973,24.973,24.973,204,0
2015-12-23,20:40:00,25.247,25.247,25.247,25.247,204,0
2015-12-23,21:10:00,24.953,24.953,24.953,24.953,204,0
2015-12-28,17:10:00,25.159,25.159,25.159,25.159,204,0
2015-12-28,21:15:00,25.169,25.169,25.13,25.13,1174,0
2015-12-28,21:20:00,25.423,25.423,25.423,25.423,255,0
2015-12-29,21:25:00,25.218,25.218,25.218,25.218,102,0
2015-12-30,21:25:00,25.237,25.237,25.237,25.237,715,0
2015-12-30,21:30:00,25.237,25.237,25.237,25.237,203,0
2015-12-31,16:35:00,25.453,25.453,25.453,25.453,204,0
2015-12-31,19:10:00,25.453,25.453,25.453,25.453,306,0
2016-01-04,15:35:00,25.169,25.169,25.169,25.169,306,0
2016-01-04,17:20:00,25.218,25.218,25.218,25.218,511,0
2016-01-05,18:20:00,25.218,25.218,25.218,25.218,128,0
2016-01-06,22:00:00,25.276,25.276,25.276,25.276,204,0
2016-01-07,20:20:00,25.169,25.169,25.169,25.169,817,0
2016-01-08,16:25:00,25.169,25.169,25.169,25.169,118,0
2016-01-08,16:45:00,25.022,25.022,25.022,25.022,204,0
2016-01-08,16:55:00,25.169,25.169,25.169,25.169,715,0
2016-01-14,15:40:00,25.472,25.472,25.472,25.472,170,0
2016-01-14,18:45:00,25.4453,25.4453,25.4453,25.4453,346,0
2016-01-14,19:30:00,25.34,25.34,25.34,25.34,200,0
2016-01-14,20:30:00,25.2101,25.2101,25.2101,25.2101,400,0
2016-01-14,20:35:00,25.21,25.2101,25.21,25.2101,400,0
2016-01-14,20:55:00,25.21,25.2101,25.21,25.2101,400,0
2016-01-14,21:50:00,25.26,25.26,25.21,25.2101,2000,0
2016-01-15,15:35:00,25.21,25.21,25,25,300,0
2016-01-15,18:25:00,25.5752,25.5752,25.5752,25.5752,100,0
2016-01-15,18:40:00,25.57,25.57,25.57,25.57,100,0
2016-01-15,18:50:00,25.57,25.57,25.57,25.57,150,0
2016-01-15,19:05:00,25.5724,25.5724,25.5724,25.5724,100,0
2016-01-15,19:30:00,25.101,25.14,25.1,25.1,2300,0
2016-01-15,21:00:00,25.35,25.4,25.35,25.4,1048,0
2016-01-19,16:20:00,25.25,25.25,25.2,25.2,825,0
2016-01-19,16:25:00,25.2,25.22,25.2,25.22,500,0
2016-01-19,16:30:00,24.81,25.2,24.81,24.81,1867,0
2016-01-19,18:00:00,25,25.01,25,25,1000,0
2016-01-19,21:00:00,25.4713,25.4713,25.4713,25.4713,100,0
2016-01-19,21:10:00,25,25.01,25,25,1000,0
2016-01-19,21:20:00,25.1,25.1,25.1,25.1,102,0
2016-01-19,21:40:00,25,25.0001,25,25.0001,200,0
2016-01-19,21:45:00,25,25,25,25,300,0
2016-01-20,15:40:00,25,25.0011,25,25.0011,200,0
2016-01-20,16:05:00,25.1,25.114,25.1,25.114,1500,0
2016-01-20,16:10:00,25.1,25.1,25.1,25.1,1000,0
2016-01-20,16:20:00,25.1,25.1,25.1,25.1,200,0
2016-01-20,16:25:00,25,25,25,25,1000,0
2016-01-20,16:35:00,24.9991,25,24.9991,25,2200,0
2016-01-20,16:40:00,25.16,25.16,25.16,25.16,100,0
2016-01-20,19:00:00,24.9083,24.9083,24.9083,24.9083,650,0
2016-01-20,19:40:00,25.1828,25.1828,25.1828,25.1828,100,0
2016-01-21,15:45:00,25.4,25.4,25.4,25.4,100,0
2016-01-21,17:25:00,25,25,25,25,300,0
2016-01-22,15:35:00,25.4,25.4,25.4,25.4,100,0
2016-01-22,17:15:00,25.002,25.002,25.002,25.002,100,0
2016-01-22,20:55:00,25.04,25.04,25,25,1100,0
2016-01-22,21:05:00,24.9943,24.9943,24.9943,24.9943,200,0
2016-01-22,22:00:00,24.97,25,24.97,25,900,0
2016-01-25,15:35:00,24.92,24.92,24.92,24.92,100,0
2016-01-25,17:00:00,25.096,25.096,25.046,25.046,800,0
2016-01-25,17:40:00,24.99,25,24.99,25,400,0
2016-01-25,18:10:00,25,25,25,25,400,0
2016-01-25,18:15:00,24.9999,24.9999,24.9999,24.9999,100,0
2016-01-25,18:45:00,24.9932,24.9932,24.9932,24.9932,100,0
2016-01-25,20:45:00,25.0845,25.0845,24.91,24.92,1000,0
2016-01-25,20:50:00,24.91,25.0999,24.91,25.0877,1200,0
2016-01-26,16:30:00,25.1747,25.1747,25.1747,25.1747,675,0
2016-01-26,17:10:00,25.1499,25.1499,25.1499,25.1499,800,0
2016-01-26,19:10:00,25.14,25.14,25.05,25.05,817,0
2016-01-27,21:15:00,24.98,24.98,24.98,24.98,180,0
2016-01-28,17:45:00,25.0913,25.0913,25.0913,25.0913,440,0
2016-01-29,16:20:00,25.28,25.28,25.1,25.1514,403,0
2016-01-29,19:55:00,25.2678,25.2678,25.2678,25.2678,300,0
2016-01-29,21:05:00,25.272,25.272,25.2712,25.2712,300,0
2016-01-29,21:10:00,25.2005,25.2005,25.2005,25.2005,475,0
2016-02-01,17:45:00,25.23,25.25,25.23,25.25,300,0
2016-02-02,15:35:00,25.2,25.2,25.2,25.2,100,0
2016-02-02,17:25:00,25.4745,25.4745,25.4745,25.4745,200,0
2016-02-02,18:45:00,25.2,25.2,25.2,25.2,200,0
2016-02-02,19:15:00,25.49,25.676,25.45,25.676,2504,0
2016-02-02,19:30:00,25.6283,25.6283,25.6283,25.6283,950,0
2016-02-02,19:50:00,25.62,25.62,25.6,25.6,300,0
2016-02-02,19:55:00,25.4485,25.4485,25.4485,25.4485,190,0
2016-02-03,17:25:00,25.106,25.106,25.106,25.106,200,0
2016-02-03,19:10:00,25.22,25.4,25.22,25.4,400,0
2016-02-03,19:55:00,25.45,25.5,25.4,25.5,300,0
2016-02-03,20:20:00,25.5,25.5,25.5,25.5,100,0
2016-02-03,20:25:00,25.69,25.69,25.56,25.69,300,0
2016-02-03,20:35:00,25.5019,25.5019,25.5019,25.5019,450,0
2016-02-03,20:40:00,25.5144,25.5144,25.5144,25.5144,200,0
2016-02-03,20:55:00,25.69,25.7,25.69,25.7,300,0
2016-02-03,21:05:00,25.687,25.687,25.687,25.687,200,0
2016-02-03,21:35:00,25.685,25.685,25.685,25.685,394,0
2016-02-04,20:30:00,25.5,25.5153,25.5,25.5153,1200,0
2016-02-04,21:00:00,25.509,25.509,25.5,25.5,750,0
2016-02-05,19:20:00,25.5,25.5,25.5,25.5,300,0
2016-02-05,21:00:00,25.5,25.5,25.5,25.5,917,0
2016-02-05,21:25:00,25.72,25.72,25.72,25.72,120,0
2016-02-05,21:30:00,25.5,25.5,25.5,25.5,675,0
2016-02-08,16:20:00,25.5371,25.5371,25.5,25.5,2535,0
2016-02-08,16:40:00,25.4999,25.4999,25.4999,25.4999,1690,0
2016-02-08,18:05:00,25.49,25.5,25.46,25.46,800,0
2016-02-08,19:00:00,25.49,25.5,25.49,25.5,600,0
2016-02-08,21:00:00,25.5,25.5,25.4939,25.4939,1000,0
2016-02-09,17:00:00,25.49,25.72,25.49,25.72,1300,0
2016-02-09,17:05:00,25.72,25.72,25.6901,25.6901,240,0
2016-02-09,17:35:00,25.5901,25.5901,25.5899,25.5899,1000,0
2016-02-11,15:55:00,25.2001,25.22,25.12,25.12,2660,0
2016-02-11,16:05:00,25.0001,25.0001,25.0001,25.0001,340,0
2016-02-11,18:10:00,25,25,25,25,300,0
2016-02-11,18:50:00,25,25,25,25,200,0
2016-02-11,20:25:00,25.11,25.11,25.11,25.11,100,0
2016-02-12,17:05:00,25.2138,25.2138,25.2138,25.2138,225,0
2016-02-12,18:00:00,25.24,25.25,25.05,25.05,800,0
2016-02-12,19:35:00,25,25,25,25,132,0
2016-02-12,21:40:00,25.2178,25.2178,25.2178,25.2178,100,0
2016-02-12,21:45:00,25.1922,25.1922,25.1922,25.1922,378,0
2016-02-17,17:30:00,25.2658,25.2658,25.2658,25.2658,400,0
2016-02-17,19:15:00,25.29,25.29,25.28,25.28,500,0
2016-02-17,21:35:00,25.39,25.4,25.34,25.4,1956,0
2016-02-18,17:30:00,25.25,25.26,25.11,25.26,700,0
2016-02-18,17:45:00,25.25,25.25,25.25,25.25,500,0
2016-02-18,21:20:00,26.38,26.39,26.38,26.39,743,0
2016-02-19,17:25:00,25.25,25.25,25.25,25.25,100,0
2016-02-19,18:05:00,25.25,25.25,25.25,25.25,400,0
2016-02-19,20:40:00,26.02,26.13,26,26,1400,0
2016-02-19,22:00:00,25.7,25.84,25.7,25.84,800,0
2016-02-22,15:45:00,25.62,25.62,25.6,25.6,400,0
2016-02-22,16:05:00,25.44,25.44,25.44,25.44,100,0
2016-02-22,16:45:00,25.44,25.44,25.44,25.44,300,0
2016-02-22,22:00:00,25.44,25.44,25.3865,25.3865,1056,0
2016-02-23,16:05:00,25.26,25.26,25.26,25.26,330,0
2016-02-23,18:25:00,25.76,25.8,25.76,25.76,505,0
2016-02-23,21:55:00,25.7699,25.7699,25.7699,25.7699,305,0
2016-02-24,17:00:00,25.79,25.79,25.7899,25.7899,580,0
2016-02-24,17:25:00,25.27,25.27,25.27,25.27,200,0
2016-02-24,21:00:00,25.27,25.27,25.27,25.27,733,0
2016-02-26,21:55:00,25.361,25.361,25.361,25.361,400,0
2016-02-29,17:40:00,25.85,25.85,25.85,25.85,770,0
2016-02-29,19:00:00,25.82,25.82,25.82,25.82,100,0
2016-03-01,19:55:00,25.5647,25.5647,25.5647,25.5647,362,0
2016-03-01,21:05:00,25.5476,25.5476,25.5476,25.5476,175,0
2016-03-02,16:45:00,25.36,25.36,25.36,25.36,500,0
2016-03-03,16:50:00,25.5239,25.5239,25.5239,25.5239,500,0
2016-03-03,17:05:00,25.5135,25.5135,25.5135,25.5135,500,0
2016-03-03,18:30:00,25.52,25.52,25.52,25.52,100,0
2016-03-04,18:10:00,25.52,25.52,25.52,25.52,1400,0
2016-03-04,21:00:00,25.39,25.39,25.39,25.39,200,0
2016-03-07,18:05:00,25.44,25.44,25.44,25.44,225,0
2016-03-08,15:45:00,25.92,25.92,25.92,25.92,290,0
2016-03-09,16:45:00,25.3,25.3,25.3,25.3,200,0
2016-03-10,15:40:00,25.4051,25.4051,25.4051,25.4051,400,0
2016-03-10,17:55:00,25.43,25.45,25.43,25.45,200,0
2016-03-14,20:40:00,25.5101,25.5101,25.5101,25.5101,200,0
2016-03-14,21:00:00,25.6258,25.6258,25.51,25.6258,2650,0
2016-03-15,14:45:00,25.75,25.75,25.75,25.75,200,0
2016-03-15,16:10:00,25.7501,25.7501,25.7501,25.7501,1000,0
2016-03-15,17:10:00,25.75,25.75,25.75,25.75,1000,0
2016-03-15,19:20:00,25.5,25.5,25.5,25.5,100,0
2016-03-15,20:10:00,25.51,25.54,25.5,25.54,1500,0
2016-03-15,20:20:00,25.6,25.6,25.6,25.6,200,0
2016-03-15,20:40:00,25.663,25.663,25.6,25.6,317,0
2016-03-15,20:50:00,25.6999,25.6999,25.6999,25.6999,100,0
2016-03-18,17:40:00,25.575,25.575,25.575,25.575,100,0
2016-03-18,21:00:00,25.55,25.55,25.51,25.51,600,0
2016-03-21,17:15:00,25.5052,25.5052,25.5052,25.5052,200,0
2016-03-22,16:20:00,25.54,25.54,25.54,25.54,200,0
2016-03-22,20:15:00,25.54,25.54,25.54,25.54,200,0
2016-03-23,18:40:00,25.586,25.586,25.586,25.586,225,0
2016-03-28,15:45:00,25.5,25.5,25.5,25.5,1240,0
2016-03-28,21:35:00,25.57,25.57,25.51,25.51,1110,0
2016-03-29,20:30:00,25.5072,25.5072,25.5072,25.5072,100,0
2016-03-29,22:00:00,25.6414,25.6414,25.6414,25.6414,705,0
2016-03-30,19:50:00,25.79,25.79,25.79,25.79,385,0
2016-03-30,20:05:00,25.559,25.559,25.559,25.559,508,0
2016-03-31,20:05:00,25.83,25.97,25.83,25.97,900,0
2016-03-31,20:50:00,25.66,25.66,25.6125,25.6125,2357,0
2016-03-31,22:00:00,25.75,25.75,25.75,25.75,690,0
2016-04-04,15:35:00,25.57,25.57,25.57,25.57,134,0
2016-04-05,17:20:00,25.55,25.55,25.55,25.55,290,0
2016-04-05,17:25:00,25.62,25.62,25.62,25.62,200,0
2016-04-05,19:50:00,25.61,25.61,25.61,25.61,500,0
2016-04-05,21:05:00,25.6,25.6,25.6,25.6,100,0
2016-04-05,21:15:00,25.6,25.6,25.6,25.6,500,0
2016-04-05,21:20:00,25.54,25.54,25.54,25.54,300,0
2016-04-05,21:30:00,25.54,25.54,25.54,25.54,300,0
2016-04-05,21:40:00,25.5425,25.5425,25.5425,25.5425,400,0
2016-04-07,20:35:00,25.6796,25.6796,25.6796,25.6796,175,0
2016-04-08,21:00:00,25.636,25.636,25.636,25.636,133,0
2016-04-11,20:30:00,25.55,25.6316,25.55,25.6316,1000,0
2016-04-12,17:15:00,25.65,25.65,25.55,25.55,1000,0
2016-04-12,18:25:00,25.55,25.56,25.55,25.55,698,0
2016-04-12,19:25:00,25.6001,25.6001,25.6,25.6,300,0
2016-04-12,19:30:00,25.6001,25.6001,25.6,25.6,300,0
2016-04-12,21:25:00,25.66,25.7,25.64,25.66,1500,0
2016-04-12,21:30:00,25.64,25.64,25.64,25.64,100,0
2016-04-12,21:35:00,25.63,25.64,25.6,25.6,1200,0
2016-04-12,21:45:00,25.53,25.53,25.53,25.53,100,0
2016-04-13,15:35:00,25.5,25.5,25.5,25.5,1950,0
2016-04-13,16:15:00,25.02,25.02,25.02,25.02,500,0
2016-04-13,16:20:00,25.02,25.02,25.02,25.02,350,0
2016-04-13,16:35:00,25.2499,25.2499,25.2499,25.2499,250,0
2016-04-13,17:45:00,25.0401,25.0401,25.0401,25.0401,150,0
2016-04-13,18:00:00,25.04,25.0401,25.04,25.0401,1000,0
2016-04-13,20:05:00,25.1,25.1,25.1,25.1,1000,0
2016-04-13,22:00:00,25.1,25.226,25.1,25.1,1600,0
2016-04-14,15:40:00,25.1,25.1,25.1,25.1,100,0
2016-04-14,16:50:00,25.1334,25.1334,25.1334,25.1334,200,0
2016-04-14,19:05:00,25.285,25.44,25.285,25.3423,800,0
2016-04-14,21:35:00,25.14,25.241,25.14,25.241,720,0
2016-04-15,18:00:00,25.2,25.2,25.2,25.2,125,0
2016-04-15,19:50:00,25.3987,25.49,25.3987,25.49,450,0
2016-04-15,19:55:00,25.49,25.49,25.383,25.383,625,0
2016-04-18,20:55:00,25.2246,25.3584,25.2246,25.3584,6100,0
2016-04-18,21:00:00,25.3584,25.3584,25.3584,25.3584,500,0
2016-04-18,21:10:00,25.3,25.3,25.29,25.29,1200,0
2016-04-19,15:35:00,25.27,25.27,25.27,25.27,200,0
2016-04-19,16:35:00,25.485,25.485,25.485,25.485,129,0
2016-04-19,16:40:00,25.36,25.36,25.36,25.36,150,0
2016-04-19,18:30:00,25.5017,25.5017,25.5017,25.5017,300,0
2016-04-19,18:40:00,25.4954,25.4954,25.4954,25.4954,200,0
2016-04-19,18:45:00,25.48,25.48,25.48,25.48,500,0
2016-04-20,16:55:00,25.326,25.326,25.326,25.326,300,0
2016-04-21,16:30:00,25.4,25.4,25.4,25.4,1000,0
2016-04-21,21:25:00,25.48,25.48,25.48,25.48,225,0
2016-04-22,20:25:00,25.5441,25.5441,25.5441,25.5441,625,0
2016-04-22,20:50:00,25.418,25.418,25.418,25.418,200,0
2016-04-25,16:05:00,25.6099,25.6099,25.5376,25.5376,400,0
2016-04-25,16:50:00,25.55,25.55,25.55,25.55,600,0
2016-04-25,17:00:00,25.61,25.61,25.5881,25.5881,395,0
2016-04-25,17:15:00,25.55,25.55,25.55,25.55,290,0
2016-04-25,17:50:00,25.55,25.55,25.55,25.55,100,0
2016-04-25,18:05:00,25.61,25.61,25.61,25.61,1952,0
2016-04-25,18:50:00,25.56,25.56,25.55,25.55,310,0
2016-04-25,19:45:00,25.55,25.55,25.55,25.55,362,0
2016-04-25,20:40:00,25.7499,25.7499,25.7499,25.7499,710,0
2016-04-27,17:25:00,25.3801,25.3801,25.3801,25.3801,200,0
2016-04-27,17:40:00,25.72,25.72,25.6459,25.6459,520,0
2016-04-27,17:50:00,25.48,25.48,25.48,25.48,400,0
2016-04-27,20:10:00,25.48,25.48,25.4785,25.4785,6379,0
2016-04-27,20:25:00,25.4785,25.48,25.4785,25.48,1200,0
2016-04-27,20:35:00,25.655,25.73,25.6405,25.6405,860,0
2016-04-28,17:45:00,25.71,25.74,25.6198,25.6198,1690,0
2016-04-28,21:45:00,25.73,25.75,25.73,25.75,1200,0
2016-04-29,15:55:00,25.74,25.74,25.629,25.629,600,0
2016-04-29,16:40:00,25.7001,25.7001,25.7001,25.7001,1367,0
2016-04-29,19:20:00,25.7,25.7001,25.7,25.7001,3900,0
2016-05-02,15:35:00,25.62,25.62,25.62,25.62,200,0
2016-05-02,16:25:00,25.6523,25.6523,25.6523,25.6523,400,0
2016-05-02,21:55:00,25.71,25.74,25.6562,25.6562,420,0
2016-05-03,15:35:00,25.75,25.75,25.75,25.75,100,0
2016-05-03,15:45:00,25.74,25.74,25.74,25.74,100,0
2016-05-03,17:00:00,25.53,25.5855,25.4,25.4,2545,0
2016-05-03,17:50:00,25.48,25.48,25.48,25.48,472,0
2016-05-03,17:55:00,25.74,25.75,25.74,25.7499,1782,0
2016-05-03,19:00:00,25.75,25.75,25.75,25.75,500,0
2016-05-03,21:10:00,25.5,25.5,25.5,25.5,200,0
2016-05-04,21:30:00,25.92,25.94,25.92,25.94,500,0
2016-05-04,22:00:00,25.8697,25.8697,25.8697,25.8697,145,0
2016-05-09,15:40:00,25.94,25.94,25.9289,25.9289,432,0
2016-05-09,15:45:00,25.93,26,25.9,26,2100,0
2016-05-10,21:35:00,25.6986,25.6986,25.56,25.56,310,0
2016-05-10,22:00:00,25.832,25.832,25.832,25.832,140,0
2016-05-11,15:50:00,25.838,25.838,25.838,25.838,400,0
2016-05-11,20:40:00,25.8478,25.8478,25.8478,25.8478,300,0
2016-05-11,21:30:00,25.8576,26,25.8576,25.874,2278,0
2016-05-11,21:35:00,26,26.25,25.874,25.874,1198,0
2016-05-11,21:50:00,26.0186,26.0186,26.0186,26.0186,300,0
2016-05-12,15:35:00,26.12,26.12,26.12,26.12,437,0
2016-05-12,17:35:00,25.8,25.8,25.8,25.8,700,0
2016-05-12,17:45:00,25.8,25.8,25.8,25.8,1100,0
2016-05-12,21:45:00,25.8,25.8,25.8,25.8,600,0
2016-05-16,15:40:00,26.08,26.09,25.9419,25.9419,800,0
2016-05-16,15:50:00,26.075,26.075,25.9114,25.9114,600,0
2016-05-16,19:45:00,26.065,26.09,25.9703,25.9703,800,0
2016-05-16,20:10:00,26.09,26.09,25.9703,25.9703,800,0
2016-05-17,18:45:00,25.85,25.85,25.85,25.85,500,0
2016-05-18,20:40:00,25.914,25.914,25.914,25.914,500,0
2016-05-19,16:30:00,25.7,25.7,25.7,25.7,400,0
2016-05-19,17:25:00,25.7,25.7,25.7,25.7,400,0
2016-05-19,18:40:00,25.75,25.75,25.75,25.75,200,0
2016-05-26,20:50:00,25.675,25.675,25.675,25.675,886,0
2016-05-27,18:50:00,25.77,25.77,25.77,25.77,100,0
2016-05-27,19:10:00,25.64,25.64,25.64,25.64,775,0
2016-05-27,19:45:00,25.64,25.64,25.64,25.64,100,0
2016-05-27,20:55:00,25.71,25.71,25.64,25.68,2725,0
2016-05-27,21:00:00,25.68,25.68,25.68,25.68,900,0
2016-05-31,16:35:00,25.65,25.65,25.65,25.65,625,0
2016-06-01,16:30:00,25.8638,25.8638,25.8638,25.8638,400,0
2016-06-01,16:50:00,25.94,25.95,25.9116,25.9116,800,0
2016-06-01,19:50:00,25.9899,25.9899,25.9301,25.9301,500,0
2016-06-01,19:55:00,25.95,25.99,25.9301,25.9301,800,0
2016-06-01,20:05:00,25.99,25.99,25.9301,25.9301,1000,0
2016-06-01,20:15:00,25.99,26.085,25.9301,26.085,400,0
2016-06-01,21:05:00,26.07,26.09,25.9986,25.9986,600,0
2016-06-01,21:25:00,25.8,25.8,25.79,25.79,1420,0
2016-06-02,18:45:00,26.0577,26.0577,26.0577,26.0577,125,0
2016-06-03,17:00:00,26.24,26.24,26.124,26.124,900,0
2016-06-03,17:50:00,26.06,26.06,26.04,26.04,3000,0
2016-06-06,15:45:00,26,26,26,26,100,0
2016-06-06,16:05:00,26.1645,26.1645,26.1645,26.1645,200,0
2016-06-06,16:10:00,26.1645,26.1645,26.1645,26.1645,500,0
2016-06-06,17:00:00,26.25,26.25,26.1712,26.1712,1392,0
2016-06-06,17:30:00,26,26,26,26,1200,0
2016-06-06,18:20:00,26.2,26.2,26.1278,26.1278,700,0
2016-06-06,18:40:00,26,26.0212,26,26.0212,2000,0
2016-06-06,19:15:00,26.063,26.063,26,26,2700,0
2016-06-06,19:20:00,26.0714,26.0714,26.0714,26.0714,610,0
2016-06-06,20:55:00,26.07,26.07,26.07,26.07,300,0
2016-06-06,21:55:00,26,26.14,26,26.14,395,0
2016-06-07,15:40:00,25.925,25.925,25.925,25.925,230,0
2016-06-07,17:35:00,25.9997,25.9997,25.9997,25.9997,700,0
2016-06-07,18:15:00,26.2,26.2,26.2,26.2,355,0
2016-06-07,19:50:00,25.9499,25.9499,25.82,25.82,400,0
2016-06-07,19:55:00,25.85,25.9301,25.85,25.9301,1200,0
2016-06-08,18:45:00,25.8994,25.8994,25.8994,25.8994,188,0
2016-06-08,19:50:00,26.08,26.08,25.93,25.93,200,0
2016-06-08,21:15:00,26.0667,26.0667,26.0667,26.0667,600,0
2016-06-09,15:35:00,26.1,26.1,26.1,26.1,100,0
2016-06-09,17:30:00,26.1618,26.1618,26.1618,26.1618,700,0
2016-06-09,17:55:00,25.9728,25.9728,25.9728,25.9728,600,0
2016-06-10,15:55:00,26.2,26.2,26.0655,26.0655,450,0
2016-06-10,16:20:00,25.9728,25.9728,25.9728,25.9728,400,0
2016-06-10,17:20:00,25.9728,25.9728,25.9728,25.9728,400,0
2016-06-10,17:25:00,25.9728,25.9728,25.9728,25.9728,1000,0
2016-06-10,18:30:00,26.1464,26.1464,26.1464,26.1464,200,0
2016-06-10,20:05:00,25.9801,25.9801,25.9801,25.9801,1600,0
2016-06-14,20:55:00,26.1603,26.1603,26.1603,26.1603,200,0
2016-06-15,16:50:00,26.1453,26.25,26.1453,26.1712,4190,0
2016-06-15,17:05:00,26.25,26.25,26.1712,26.1712,1000,0
2016-06-15,17:10:00,26.25,26.31,26.1712,26.1851,3010,0
2016-06-15,17:15:00,26.1851,26.1851,26.1851,26.1851,1200,0
2016-06-15,17:35:00,26.31,26.83,26.2123,26.83,900,0
2016-06-15,17:45:00,26.45,26.45,26.45,26.45,250,0
2016-06-15,17:50:00,26.5,26.5,26.5,26.5,200,0
2016-06-15,18:15:00,26.5,26.73,26.5,26.73,800,0
2016-06-15,18:50:00,26.5,26.5,26.5,26.5,300,0
2016-06-15,19:05:00,26.5,26.5,26.5,26.5,100,0
2016-06-15,21:30:00,26.45,26.45,26.45,26.45,950,0
2016-06-16,21:05:00,26.1745,26.1745,26.1745,26.1745,185,0
2016-06-17,16:30:00,26.45,26.45,26.3048,26.3048,800,0
2016-06-17,17:55:00,26.45,26.45,26.3675,26.3675,820,0
2016-06-17,18:35:00,26.45,28.85,26.3708,26.3708,1070,0
2016-06-20,19:05:00,26.735,26.735,26.21,26.21,1200,0
2016-06-20,21:55:00,26.724,26.724,26.724,26.724,314,0
2016-06-20,22:00:00,26.7,26.7,26.7,26.7,200,0
2016-06-21,18:05:00,26.5,26.5,26.5,26.5,250,0
2016-06-21,19:00:00,27.68,27.71,27.68,27.71,200,0
2016-06-21,19:35:00,27,27.02,27,27.001,600,0
2016-06-21,19:45:00,27.05,27.5,27.0301,27.5,2095,0
2016-06-21,19:50:00,27.51,27.7,27.51,27.65,2397,0
2016-06-21,19:55:00,27.6,27.61,27.4015,27.4015,2353,0
2016-06-21,20:05:00,27.48,27.48,27.48,27.48,200,0
2016-06-21,20:20:00,27.43,27.43,27.43,27.43,100,0
2016-06-21,20:25:00,27.05,27.05,27.05,27.05,100,0
2016-06-21,20:40:00,27.11,27.11,27.0001,27.0001,900,0
2016-06-21,21:00:00,27,27,27,27,1800,0
2016-06-21,21:15:00,27.04,27.06,27,27,445,0
2016-06-21,21:20:00,27.04,27.04,27,27,500,0
2016-06-21,21:25:00,27,27.03,27,27,500,0
2016-06-22,17:55:00,26.7999,26.9,26.7,26.82,2500,0
2016-06-22,18:00:00,26.9,26.9,26.86,26.86,800,0
2016-06-22,18:10:00,27.1,27.1,26.75,26.8,3470,0
2016-06-23,20:40:00,26.35,26.3971,26.35,26.3971,450,0
2016-06-23,20:50:00,26.3921,26.3921,26.3921,26.3921,600,0
2016-06-23,21:20:00,27.14,27.14,26.7847,26.7847,710,0
2016-06-24,15:55:00,26.5,26.5,26.5,26.5,1930,0
2016-06-24,17:45:00,26.5392,26.5392,26.5392,26.5392,550,0
2016-06-24,18:50:00,26.613,26.613,26.613,26.613,450,0
2016-06-24,19:35:00,26.608,26.613,26.608,26.613,1600,0
2016-06-24,19:40:00,26.608,26.608,26.608,26.608,500,0
2016-06-24,19:45:00,26.608,26.608,26.608,26.608,500,0
2016-06-24,19:50:00,26.57,26.613,26.57,26.613,2200,0
2016-06-24,20:40:00,26.57,26.608,26.57,26.608,1200,0
2016-06-24,21:20:00,26.57,26.608,26.52,26.608,1000,0
2016-06-27,15:45:00,26.35,26.3966,26.35,26.3966,400,0
2016-06-27,16:50:00,26.36,26.4015,26.31,26.4015,2200,0
2016-06-27,17:25:00,26.5952,26.5952,26.5952,26.5952,520,0
2016-06-27,19:50:00,26.39,26.48,26.31,26.31,1400,0
2016-06-27,21:55:00,26.31,26.31,26.31,26.31,120,0
2016-06-28,16:00:00,26.91,26.91,26.91,26.91,100,0
2016-06-28,17:30:00,26.87,26.87,26.87,26.87,250,0
2016-06-28,20:45:00,26.6323,26.6323,26.6323,26.6323,400,0
2016-06-28,20:50:00,26.6323,26.6323,26.6323,26.6323,400,0
2016-06-28,21:25:00,26.62,26.76,26.62,26.76,500,0
2016-06-28,21:30:00,26.7999,26.7999,26.7999,26.7999,100,0
2016-06-28,21:55:00,26.76,26.76,26.76,26.76,200,0
2016-06-28,22:00:00,26.76,26.76,26.76,26.76,200,0
2016-06-29,17:40:00,26.8122,26.8122,26.8122,26.8122,1490,0
2016-06-29,18:10:00,26.7001,26.79,26.7,26.79,600,0
2016-06-30,15:35:00,26.4,26.4,26.4,26.4,500,0
2016-06-30,15:45:00,26.3,26.3,26.3,26.3,1000,0
2016-06-30,16:10:00,26.23,26.23,26.1,26.1,1995,0
2016-06-30,16:15:00,25.8001,25.8001,25.8001,25.8001,120,0
2016-06-30,16:20:00,25.8001,25.8001,25.8,25.8,1400,0
2016-06-30,16:25:00,25.7468,25.7468,25.7468,25.7468,300,0
2016-06-30,16:40:00,25.77,25.79,25.77,25.79,300,0
2016-06-30,16:45:00,25.8,25.8,25.8,25.8,1000,0
2016-06-30,16:55:00,25.8,25.8,25.7448,25.8,900,0
2016-06-30,17:25:00,25.97,25.98,25.8001,25.8001,1700,0
2016-06-30,17:35:00,25.8,25.9993,25.8,25.9993,1100,0
2016-06-30,17:40:00,25.934,26,25.86,25.934,4565,0
2016-06-30,18:00:00,25.8,25.8,25.8,25.8,700,0
2016-06-30,18:05:00,25.8,25.8001,25.8,25.8001,700,0
2016-06-30,18:10:00,25.8,25.99,25.8,25.99,600,0
2016-06-30,18:30:00,26,26,25.9357,25.9357,254,0
2016-06-30,19:20:00,25.95,25.95,25.95,25.95,100,0
2016-06-30,19:30:00,25.94,25.95,25.94,25.95,300,0
2016-06-30,20:15:00,25.81,25.82,25.8,25.8,1500,0
2016-06-30,20:20:00,25.8099,25.8099,25.8099,25.8099,500,0
2016-06-30,20:40:00,25.75,25.75,25.7305,25.7305,345,0
2016-06-30,20:50:00,25.761,25.761,25.761,25.761,155,0
2016-07-01,18:15:00,26.71,26.71,26.4097,26.4097,600,0
2016-07-01,18:20:00,26.71,26.71,26.3679,26.3679,745,0
2016-07-01,19:20:00,25.84,25.84,25.84,25.84,100,0
2016-07-01,21:50:00,26.05,26.05,26.0201,26.0201,300,0
2016-07-01,21:55:00,26.03,26.03,26.0201,26.0201,200,0
2016-07-01,22:00:00,26.02,26.05,26.01,26.05,500,0
