Date,Time,Open,High,Low,Close,Volume,OpenInt
2016-05-10,15:35:00,4.67,4.67,4.67,4.67,100,0
2016-05-10,15:50:00,4.78,4.78,4.78,4.78,100,0
2016-05-10,17:05:00,4.72,4.72,4.72,4.72,200,0
2016-05-10,17:40:00,4.71,4.71,4.71,4.71,100,0
2016-05-10,19:15:00,4.6101,4.6101,4.6101,4.6101,739,0
2016-05-10,19:35:00,4.63,4.63,4.63,4.63,100,0
2016-05-10,19:45:00,4.7076,4.7076,4.6301,4.69,2637,0
2016-05-10,20:10:00,4.62,4.62,4.6,4.6,857,0
2016-05-10,20:25:00,4.61,4.61,4.61,4.61,100,0
2016-05-10,20:45:00,4.61,4.66,4.61,4.66,600,0
2016-05-10,21:20:00,4.65,4.65,4.65,4.65,100,0
2016-05-10,21:50:00,4.61,4.61,4.61,4.61,100,0
2016-05-10,21:55:00,4.64,4.64,4.64,4.64,100,0
2016-05-10,22:00:00,4.68,4.68,4.64,4.64,200,0
2016-05-11,17:10:00,4.74,4.74,4.74,4.74,100,0
2016-05-11,17:15:00,4.66,4.66,4.66,4.66,200,0
2016-05-11,17:25:00,4.62,4.62,4.62,4.62,100,0
2016-05-11,17:30:00,4.62,4.73,4.62,4.73,200,0
2016-05-11,18:25:00,4.58,4.58,4.58,4.58,100,0
2016-05-11,20:10:00,4.49,4.49,4.49,4.49,100,0
2016-05-11,20:35:00,4.4801,4.4801,4.4801,4.4801,500,0
2016-05-11,20:50:00,4.53,4.6,4.53,4.6,200,0
2016-05-11,21:05:00,4.48,4.48,4.48,4.48,100,0
2016-05-11,21:20:00,4.54,4.54,4.54,4.54,100,0
2016-05-11,21:50:00,4.53,4.53,4.53,4.53,100,0
2016-05-11,21:55:00,4.529,4.565,4.529,4.565,1100,0
2016-05-11,22:00:00,4.54,4.6,4.53,4.5301,900,0
2016-05-12,15:35:00,4.56,4.56,4.56,4.56,100,0
2016-05-12,15:50:00,4.41,4.41,4.41,4.41,100,0
2016-05-12,16:15:00,4.69,4.69,4.69,4.69,100,0
2016-05-12,17:10:00,4.68,4.68,4.68,4.68,100,0
2016-05-12,17:15:00,4.55,4.59,4.5348,4.59,1200,0
2016-05-12,17:35:00,4.6,4.62,4.6,4.62,400,0
2016-05-12,17:40:00,4.65,4.65,4.65,4.65,100,0
2016-05-12,17:55:00,4.57,4.57,4.57,4.57,100,0
2016-05-12,18:05:00,4.64,4.64,4.63,4.64,700,0
2016-05-12,18:40:00,4.61,4.61,4.61,4.61,100,0
2016-05-12,18:45:00,4.61,4.61,4.6,4.61,700,0
2016-05-12,19:25:00,4.56,4.56,4.56,4.56,100,0
2016-05-12,19:35:00,4.52,4.52,4.51,4.51,200,0
2016-05-12,19:55:00,4.51,4.51,4.5,4.5,300,0
2016-05-12,20:15:00,4.46,4.46,4.46,4.46,100,0
2016-05-12,20:45:00,4.5,4.5,4.48,4.48,300,0
2016-05-12,21:10:00,4.5,4.5,4.5,4.5,100,0
2016-05-12,21:20:00,4.44,4.45,4.44,4.44,300,0
2016-05-12,21:25:00,4.44,4.5,4.44,4.48,1200,0
2016-05-12,21:40:00,4.5,4.5,4.5,4.5,100,0
2016-05-12,21:50:00,4.475,4.475,4.45,4.45,700,0
2016-05-12,21:55:00,4.42,4.45,4.42,4.42,976,0
2016-05-12,22:00:00,4.45,4.45,4.43,4.43,1475,0
2016-05-13,15:35:00,4.43,4.43,4.43,4.43,100,0
2016-05-13,15:45:00,4.6,4.64,4.6,4.64,300,0
2016-05-13,15:55:00,4.44,4.44,4.44,4.44,100,0
2016-05-13,16:00:00,4.46,4.46,4.46,4.46,200,0
2016-05-13,16:15:00,4.54,4.54,4.54,4.54,100,0
2016-05-13,16:25:00,4.505,4.505,4.505,4.505,100,0
2016-05-13,18:25:00,4.53,4.53,4.53,4.53,200,0
2016-05-13,20:55:00,4.42,4.48,4.4,4.48,105317,0
2016-05-13,21:00:00,4.41,4.4861,4.4,4.475,3066,0
2016-05-13,21:20:00,4.48,4.48,4.41,4.41,2600,0
2016-05-13,21:25:00,4.43,4.43,4.4,4.4,500,0
2016-05-13,21:35:00,4.41,4.41,4.41,4.41,200,0
2016-05-13,21:40:00,4.41,4.41,4.4,4.4,200,0
2016-05-13,21:50:00,4.458,4.458,4.41,4.41,423,0
2016-05-13,21:55:00,4.42,4.43,4.4,4.4,600,0
2016-05-13,22:00:00,4.4,4.43,4.35,4.35,1138,0
2016-05-16,15:35:00,4.39,4.39,4.39,4.39,100,0
2016-05-16,15:40:00,4.35,4.35,4.3312,4.345,2000,0
2016-05-16,15:45:00,4.3406,4.45,4.3406,4.45,4189,0
2016-05-16,15:55:00,4.42,4.5,4.4,4.48,4221,0
2016-05-16,16:00:00,4.49,4.5,4.49,4.5,1000,0
2016-05-16,16:30:00,4.5,4.5,4.5,4.5,200,0
2016-05-16,16:40:00,4.5,4.5,4.5,4.5,200,0
2016-05-16,16:55:00,4.47,4.5,4.47,4.48,500,0
2016-05-16,17:35:00,4.5,4.5,4.5,4.5,100,0
2016-05-16,17:40:00,4.49,4.49,4.49,4.49,200,0
2016-05-16,17:50:00,4.49,4.49,4.49,4.49,100,0
2016-05-16,19:45:00,4.49,4.49,4.49,4.49,200,0
2016-05-16,19:55:00,4.49,4.49,4.48,4.48,300,0
2016-05-16,20:00:00,4.482,4.49,4.482,4.49,1100,0
2016-05-16,20:10:00,4.49,4.49,4.49,4.49,100,0
2016-05-16,20:25:00,4.48,4.48,4.48,4.48,100,0
2016-05-16,20:55:00,4.48,4.48,4.48,4.48,127,0
2016-05-16,21:10:00,4.49,4.5,4.49,4.5,1219,0
2016-05-16,21:15:00,4.51,4.51,4.51,4.51,200,0
2016-05-16,21:40:00,4.54,4.54,4.54,4.54,219,0
2016-05-16,21:50:00,4.54,4.54,4.54,4.54,100,0
2016-05-16,21:55:00,4.5399,4.54,4.51,4.51,1192,0
2016-05-16,22:00:00,4.5432,4.55,4.5399,4.54,1214,0
2016-05-17,15:35:00,4.53,4.55,4.53,4.55,200,0
2016-05-17,16:10:00,4.55,4.55,4.55,4.55,100,0
2016-05-17,16:40:00,4.54,4.55,4.54,4.5499,686,0
2016-05-17,16:45:00,4.55,4.55,4.55,4.55,100,0
2016-05-17,17:40:00,4.55,4.55,4.55,4.55,100,0
2016-05-17,17:45:00,4.55,4.56,4.55,4.56,300,0
2016-05-17,17:50:00,4.546,4.57,4.546,4.57,224,0
2016-05-17,17:55:00,4.51,4.51,4.51,4.51,286,0
2016-05-17,18:05:00,4.51,4.51,4.48,4.49,1300,0
2016-05-17,18:10:00,4.49,4.5,4.49,4.5,200,0
2016-05-17,18:15:00,4.51,4.55,4.51,4.54,1195,0
2016-05-17,18:20:00,4.56,4.56,4.54,4.54,200,0
2016-05-17,18:30:00,4.54,4.54,4.54,4.54,100,0
2016-05-17,18:40:00,4.524,4.524,4.524,4.524,230,0
2016-05-17,19:15:00,4.49,4.49,4.49,4.49,100,0
2016-05-17,20:15:00,4.5,4.5,4.5,4.5,100,0
2016-05-17,20:45:00,4.4725,4.475,4.4725,4.475,2100,0
2016-05-17,20:55:00,4.5,4.5,4.5,4.5,100,0
2016-05-17,21:25:00,4.5,4.5,4.47,4.47,200,0
2016-05-17,21:45:00,4.47,4.47,4.47,4.47,100,0
2016-05-17,21:55:00,4.45,4.45,4.45,4.45,100,0
2016-05-17,22:00:00,4.47,4.5,4.47,4.5,200,0
2016-05-18,15:35:00,4.47,4.47,4.47,4.47,100,0
2016-05-18,15:40:00,4.46,4.46,4.45,4.45,200,0
2016-05-18,16:05:00,4.47,4.47,4.47,4.47,200,0
2016-05-18,18:05:00,4.46,4.46,4.46,4.46,100,0
2016-05-18,19:05:00,4.46,4.46,4.46,4.46,100,0
2016-05-18,20:05:00,4.45,4.45,4.45,4.45,100,0
2016-05-18,20:15:00,4.53,4.53,4.53,4.53,200,0
2016-05-18,21:10:00,4.53,4.53,4.53,4.53,100,0
2016-05-18,22:00:00,4.53,4.53,4.52,4.52,389,0
2016-05-19,15:35:00,4.49,4.52,4.49,4.52,700,0
2016-05-19,15:55:00,4.5199,4.52,4.502,4.52,4300,0
2016-05-19,16:00:00,4.4868,4.55,4.4868,4.55,2100,0
2016-05-19,16:20:00,4.53,4.53,4.53,4.53,200,0
2016-05-19,16:25:00,4.55,4.58,4.55,4.58,300,0
2016-05-19,16:35:00,4.58,4.58,4.58,4.58,200,0
2016-05-19,16:45:00,4.57,4.59,4.49,4.5,500,0
2016-05-19,16:55:00,4.535,4.535,4.535,4.535,200,0
2016-05-19,17:00:00,4.5,4.6,4.5,4.59,2200,0
2016-05-19,17:20:00,4.63,4.64,4.63,4.64,400,0
2016-05-19,17:25:00,4.64,4.64,4.64,4.64,100,0
2016-05-19,17:30:00,4.7,4.7,4.7,4.7,300,0
2016-05-19,18:05:00,4.7,4.7,4.7,4.7,100,0
2016-05-19,18:35:00,4.6549,4.7,4.65,4.7,2300,0
2016-05-19,18:40:00,4.7,4.7,4.7,4.7,100,0
2016-05-19,18:45:00,4.6601,4.74,4.6601,4.74,3400,0
2016-05-19,19:55:00,4.7,4.79,4.7,4.73,600,0
2016-05-19,20:00:00,4.7386,4.7386,4.7386,4.7386,390,0
2016-05-19,20:20:00,4.8,4.8,4.8,4.8,400,0
2016-05-19,21:15:00,4.8,4.8,4.8,4.8,200,0
2016-05-19,21:20:00,4.76,4.8,4.76,4.8,300,0
2016-05-19,21:30:00,4.77,4.77,4.76,4.76,1300,0
2016-05-19,21:35:00,4.76,4.79,4.76,4.79,254,0
2016-05-19,21:45:00,4.7899,4.79,4.7899,4.79,637,0
2016-05-19,21:50:00,4.7999,4.8,4.7999,4.8,569,0
2016-05-19,22:00:00,4.8,4.8,4.775,4.8,5751,0
2016-05-20,15:35:00,4.82,4.82,4.82,4.82,100,0
2016-05-20,15:50:00,4.94,4.94,4.9251,4.9251,200,0
2016-05-20,16:00:00,4.86,4.89,4.86,4.87,700,0
2016-05-20,16:50:00,4.9,4.91,4.9,4.905,2400,0
2016-05-20,16:55:00,4.907,4.91,4.907,4.91,2100,0
2016-05-20,17:05:00,4.91,4.91,4.91,4.91,100,0
2016-05-20,17:40:00,4.91,4.95,4.9089,4.92,3349,0
2016-05-20,17:45:00,4.93,4.93,4.93,4.93,200,0
2016-05-20,18:00:00,4.8831,4.92,4.8831,4.92,1268,0
2016-05-20,18:20:00,4.92,4.92,4.92,4.92,100,0
2016-05-20,18:45:00,4.92,4.92,4.92,4.92,389,0
2016-05-20,18:50:00,4.88,4.91,4.88,4.91,300,0
2016-05-20,18:55:00,4.91,4.91,4.91,4.91,600,0
2016-05-20,19:00:00,4.91,4.91,4.91,4.91,500,0
2016-05-20,19:40:00,4.88,4.89,4.88,4.89,300,0
2016-05-20,19:55:00,4.91,4.91,4.91,4.91,200,0
2016-05-20,20:25:00,4.93,4.95,4.93,4.95,400,0
2016-05-20,20:30:00,4.9001,4.9001,4.9001,4.9001,161,0
2016-05-20,20:40:00,4.91,4.91,4.91,4.91,100,0
2016-05-20,20:55:00,4.95,4.95,4.95,4.95,400,0
2016-05-20,21:30:00,4.95,4.95,4.95,4.95,100,0
2016-05-20,21:35:00,4.95,4.95,4.94,4.94,200,0
2016-05-20,21:40:00,4.91,4.95,4.91,4.95,3804,0
2016-05-20,21:45:00,4.95,4.98,4.94,4.98,3636,0
2016-05-20,21:50:00,4.9799,4.98,4.9799,4.9799,480,0
2016-05-20,21:55:00,4.9799,4.98,4.9,4.97,703,0
2016-05-20,22:00:00,4.97,5,4.8,4.8,6503,0
2016-05-23,15:35:00,4.85,4.85,4.85,4.85,300,0
2016-05-23,15:50:00,5.05,5.05,5.05,5.05,100,0
2016-05-23,15:55:00,5.06,5.08,4.945,5.08,3800,0
2016-05-23,16:00:00,5,5,5,5,100,0
2016-05-23,16:10:00,5.04,5.1,5.04,5.1,6535,0
2016-05-23,16:15:00,5.105,5.1101,5.1,5.1101,3400,0
2016-05-23,16:20:00,5.15,5.15,5.07,5.07,2300,0
2016-05-23,16:25:00,5.155,5.155,5.155,5.155,100,0
2016-05-23,16:35:00,5.09,5.09,5.09,5.09,100,0
2016-05-23,16:55:00,5.07,5.07,5.07,5.07,100,0
2016-05-23,17:05:00,5.12,5.12,5.12,5.12,200,0
2016-05-23,17:15:00,5.15,5.15,5.15,5.15,100,0
2016-05-23,17:20:00,5.1,5.19,5.1,5.1,12400,0
2016-05-23,17:25:00,5.1,5.11,5.07,5.07,700,0
2016-05-23,17:30:00,5.07,5.07,4.96,5,2287,0
2016-05-23,17:55:00,5,5.05,5,5.05,5500,0
2016-05-23,18:00:00,5,5.1,5,5,11600,0
2016-05-23,18:05:00,5,5.02,5,5.02,10800,0
2016-05-23,18:45:00,5.02,5.08,5.02,5.08,200,0
2016-05-23,19:05:00,5.07,5.07,5.07,5.07,100,0
2016-05-23,19:10:00,5.07,5.09,5.07,5.09,200,0
2016-05-23,19:20:00,5.08,5.0963,5.06,5.0963,900,0
2016-05-23,19:30:00,5.06,5.06,5.06,5.06,100,0
2016-05-23,19:50:00,5.0856,5.1,5.05,5.075,1500,0
2016-05-23,20:00:00,5.06,5.06,5.06,5.06,2192,0
2016-05-23,20:05:00,5.0904,5.1,5.06,5.06,1101,0
2016-05-23,20:10:00,5.07,5.1,5.07,5.1,1813,0
2016-05-23,20:15:00,5.1,5.1,5.07,5.07,2000,0
2016-05-23,20:30:00,5.07,5.07,5.07,5.07,100,0
2016-05-23,20:45:00,5.07,5.07,5.07,5.07,100,0
2016-05-23,20:55:00,5.0996,5.0996,5.07,5.07,900,0
2016-05-23,21:00:00,5.085,5.1,5.07,5.07,1900,0
2016-05-23,21:10:00,5.1,5.1,5.1,5.1,200,0
2016-05-23,21:15:00,5.1,5.1,5.07,5.07,200,0
2016-05-23,21:30:00,5.07,5.09,5.07,5.09,300,0
2016-05-23,21:35:00,5.07,5.07,5.07,5.07,100,0
2016-05-23,21:40:00,5.0999,5.1,5.0999,5.1,318,0
2016-05-23,21:45:00,5.0999,5.0999,5.0999,5.0999,104,0
2016-05-23,21:50:00,5.1,5.1,5.0886,5.0886,1600,0
2016-05-23,21:55:00,5.07,5.1,5.07,5.08,1644,0
2016-05-23,22:00:00,5.09,5.1,5,5,18228,0
2016-05-24,15:35:00,5.05,5.05,5.05,5.05,200,0
2016-05-24,15:50:00,5.04,5.04,5.04,5.04,100,0
2016-05-24,16:45:00,5.04,5.04,5,5,700,0
2016-05-24,16:55:00,5,5,5,5,700,0
2016-05-24,17:05:00,5,5,5,5,800,0
2016-05-24,17:10:00,5,5,5,5,300,0
2016-05-24,17:30:00,4.98,4.98,4.98,4.98,100,0
2016-05-24,17:35:00,5,5,5,5,100,0
2016-05-24,18:25:00,5,5,5,5,100,0
2016-05-24,18:30:00,5,5,5,5,100,0
2016-05-24,19:00:00,4.99,4.99,4.987,4.987,200,0
2016-05-24,19:05:00,5,5,5,5,100,0
2016-05-24,19:25:00,5,5,5,5,100,0
2016-05-24,19:35:00,4.98,4.98,4.98,4.98,100,0
2016-05-24,19:40:00,4.98,5,4.98,5,1300,0
2016-05-24,19:50:00,5,5,5,5,100,0
2016-05-24,19:55:00,5,5,5,5,200,0
2016-05-24,20:05:00,4.99,4.99,4.98,4.98,200,0
2016-05-24,20:15:00,5,5,5,5,100,0
2016-05-24,20:20:00,4.98,4.98,4.98,4.98,100,0
2016-05-24,20:45:00,5,5,5,5,100,0
2016-05-24,20:50:00,4.98,4.98,4.98,4.98,100,0
2016-05-24,21:05:00,5,5,5,5,100,0
2016-05-24,21:40:00,5,5,5,5,100,0
2016-05-24,21:50:00,5,5,5,5,100,0
2016-05-24,22:00:00,5,5,4.98,4.99,300,0
2016-05-25,15:35:00,4.95,4.95,4.95,4.95,1026,0
2016-05-25,16:00:00,4.9004,4.9876,4.9004,4.9876,2400,0
2016-05-25,16:15:00,4.99,4.99,4.99,4.99,100,0
2016-05-25,16:35:00,4.98,4.99,4.98,4.99,2335,0
2016-05-25,16:45:00,4.98,4.98,4.98,4.98,200,0
2016-05-25,16:55:00,4.98,4.98,4.98,4.98,100,0
2016-05-25,17:00:00,4.99,4.99,4.99,4.99,580,0
2016-05-25,17:25:00,4.97,4.97,4.97,4.97,100,0
2016-05-25,17:50:00,4.985,4.985,4.985,4.985,100,0
2016-05-25,18:30:00,4.99,4.99,4.99,4.99,200,0
2016-05-25,18:45:00,4.985,4.985,4.985,4.985,100,0
2016-05-25,19:55:00,5,5,5,5,2141,0
2016-05-25,20:10:00,4.985,4.985,4.985,4.985,100,0
2016-05-25,20:30:00,5,5,5,5,100,0
2016-05-25,20:35:00,5,5,5,5,100,0
2016-05-25,20:40:00,4.97,4.9805,4.97,4.9805,1000,0
2016-05-25,21:00:00,4.985,4.985,4.985,4.985,100,0
2016-05-25,21:05:00,4.99,4.99,4.99,4.99,100,0
2016-05-25,21:20:00,5,5,5,5,100,0
2016-05-25,21:25:00,4.99,5,4.99,4.9979,1800,0
2016-05-25,21:30:00,5,5,5,5,156,0
2016-05-25,21:50:00,4.99,4.99,4.99,4.99,100,0
2016-05-25,21:55:00,5,5,4.97,4.97,200,0
2016-05-25,22:00:00,4.96,5,4.96,4.99,1232,0
2016-05-26,15:35:00,4.96,4.96,4.89,4.89,1300,0
2016-05-26,15:45:00,5.08,5.08,4.92,4.92,380,0
2016-05-26,15:50:00,4.93,4.93,4.93,4.93,100,0
2016-05-26,16:05:00,5.09,5.09,4.98,5.03,1600,0
2016-05-26,16:25:00,5,5,5,5,900,0
2016-05-26,16:50:00,5.04,5.04,5.04,5.04,100,0
2016-05-26,17:20:00,5.04,5.04,5,5,200,0
2016-05-26,17:30:00,5.02,5.02,5.02,5.02,100,0
2016-05-26,17:40:00,5.08,5.08,5.08,5.08,200,0
2016-05-26,18:25:00,5.045,5.045,5.045,5.045,100,0
2016-05-26,19:30:00,5,5.04,5,5,800,0
2016-05-26,19:35:00,4.976,5.075,4.976,5.075,1144,0
2016-05-26,19:45:00,5,5.05,5,5.05,300,0
2016-05-26,19:55:00,5.05,5.05,5.05,5.05,100,0
2016-05-26,20:00:00,4.91,4.91,4.91,4.91,100,0
2016-05-26,20:15:00,4.9,4.9,4.9,4.9,100,0
2016-05-26,20:30:00,4.91,4.91,4.91,4.91,200,0
2016-05-26,20:55:00,5,5.04,4.95,5,1950,0
2016-05-26,21:15:00,4.995,5,4.995,5,1850,0
2016-05-26,21:25:00,5.08,5.08,5.08,5.08,100,0
2016-05-26,21:30:00,5,5,4.99,4.99,700,0
2016-05-26,21:40:00,4.99,4.99,4.99,4.99,100,0
2016-05-26,21:45:00,5,5,4.98,4.98,2100,0
2016-05-26,21:55:00,4.9,4.9,4.9,4.9,100,0
2016-05-26,22:00:00,4.965,4.965,4.965,4.965,100,0
2016-05-27,15:35:00,4.93,4.93,4.93,4.93,1400,0
2016-05-27,16:00:00,4.94,4.94,4.94,4.94,100,0
2016-05-27,16:05:00,4.95,4.95,4.95,4.95,100,0
2016-05-27,16:10:00,4.93,4.93,4.93,4.93,100,0
2016-05-27,16:20:00,4.95,4.95,4.95,4.95,100,0
2016-05-27,16:40:00,4.91,4.91,4.91,4.91,100,0
2016-05-27,16:45:00,4.95,4.95,4.95,4.95,100,0
2016-05-27,17:10:00,4.94,4.94,4.94,4.94,100,0
2016-05-27,17:15:00,4.95,4.95,4.95,4.95,100,0
2016-05-27,17:30:00,4.95,4.95,4.95,4.95,100,0
2016-05-27,17:35:00,4.92,4.92,4.92,4.92,1000,0
2016-05-27,18:30:00,4.95,4.95,4.95,4.95,200,0
2016-05-27,18:40:00,4.95,4.95,4.95,4.95,100,0
2016-05-27,18:45:00,4.95,4.95,4.95,4.95,100,0
2016-05-27,18:55:00,4.95,4.95,4.95,4.95,100,0
2016-05-27,19:25:00,4.92,4.92,4.92,4.92,100,0
2016-05-27,20:05:00,4.93,4.93,4.93,4.93,100,0
2016-05-27,20:25:00,4.95,4.95,4.95,4.95,100,0
2016-05-27,20:35:00,4.91,4.91,4.91,4.91,100,0
2016-05-27,21:30:00,4.89,4.89,4.89,4.89,100,0
2016-05-27,21:40:00,4.92,4.92,4.92,4.92,100,0
2016-05-27,21:50:00,4.95,4.95,4.95,4.95,100,0
2016-05-27,21:55:00,4.92,4.92,4.92,4.92,100,0
2016-05-27,22:00:00,4.92,4.94,4.91,4.91,1328,0
2016-05-31,15:35:00,4.95,4.95,4.95,4.95,100,0
2016-05-31,15:40:00,4.97,4.97,4.96,4.96,500,0
2016-05-31,17:05:00,4.97,4.97,4.96,4.96,200,0
2016-05-31,18:45:00,4.96,5.04,4.95,4.9501,4317,0
2016-05-31,19:30:00,4.95,4.95,4.95,4.95,100,0
2016-05-31,19:50:00,4.95,4.951,4.95,4.951,1023,0
2016-05-31,20:05:00,4.98,4.98,4.96,4.96,200,0
2016-05-31,20:45:00,4.99,4.99,4.99,4.99,100,0
2016-05-31,21:05:00,4.95,4.95,4.95,4.95,100,0
2016-05-31,21:10:00,4.95,4.98,4.95,4.98,700,0
2016-05-31,21:40:00,4.95,4.95,4.95,4.95,100,0
2016-05-31,21:45:00,4.97,4.97,4.97,4.97,200,0
2016-05-31,22:00:00,4.95,4.98,4.89,4.89,2472,0
2016-06-01,15:35:00,4.94,4.94,4.94,4.94,377,0
2016-06-01,15:50:00,4.82,4.82,4.82,4.82,100,0
2016-06-01,16:05:00,4.8914,4.8914,4.8914,4.8914,200,0
2016-06-01,16:15:00,5,5,5,5,5300,0
2016-06-01,16:20:00,5.09,5.09,5.09,5.09,100,0
2016-06-01,16:35:00,5.015,5.015,5.015,5.015,200,0
2016-06-01,16:55:00,5,5,5,5,100,0
2016-06-01,17:00:00,5.02,5.02,5.02,5.02,100,0
2016-06-01,17:05:00,5,5,5,5,100,0
2016-06-01,17:25:00,5,5,5,5,200,0
2016-06-01,17:30:00,4.99,4.99,4.99,4.99,100,0
2016-06-01,17:55:00,4.91,4.91,4.91,4.91,100,0
2016-06-01,19:50:00,4.955,4.955,4.955,4.955,100,0
2016-06-01,20:15:00,5,5,5,5,200,0
2016-06-01,21:00:00,4.99,4.99,4.99,4.99,100,0
2016-06-01,21:10:00,4.99,4.99,4.99,4.99,100,0
2016-06-01,21:55:00,4.95,4.95,4.95,4.95,200,0
2016-06-01,22:00:00,4.9,5.03,4.9,4.94,900,0
2016-06-02,15:35:00,4.97,4.97,4.97,4.97,100,0
2016-06-02,15:40:00,5,5,5,5,2100,0
2016-06-02,15:45:00,5,5.005,5,5.005,1600,0
2016-06-02,16:00:00,5.015,5.015,5.015,5.015,100,0
2016-06-02,16:10:00,5.01,5.01,5,5,900,0
2016-06-02,16:40:00,5,5,5,5,100,0
2016-06-02,16:45:00,5,5.01,5,5.01,5400,0
2016-06-02,17:05:00,5,5,5,5,300,0
2016-06-02,17:15:00,5.02,5.02,5.02,5.02,200,0
2016-06-02,17:30:00,4.99,4.99,4.98,4.98,300,0
2016-06-02,18:25:00,5,5,5,5,200,0
2016-06-02,18:55:00,5.005,5.01,5.005,5.01,1100,0
2016-06-02,20:05:00,5.04,5.0411,5,5.04,1331,0
2016-06-02,20:35:00,5.05,5.05,5.015,5.015,300,0
2016-06-02,20:40:00,5.02,5.02,5.02,5.02,100,0
2016-06-02,20:45:00,5.02,5.0499,5.02,5.0499,1100,0
2016-06-02,20:55:00,5,5,4.96,4.96,400,0
2016-06-02,21:15:00,5.04,5.04,5.04,5.04,100,0
2016-06-02,21:20:00,5.015,5.015,5.015,5.015,100,0
2016-06-02,21:25:00,5.015,5.015,5.015,5.015,100,0
2016-06-02,21:30:00,5.0399,5.0399,5.0399,5.0399,1000,0
2016-06-02,21:35:00,5,5,5,5,800,0
2016-06-02,21:50:00,4.97,4.98,4.97,4.98,200,0
2016-06-02,21:55:00,5,5,5,5,100,0
2016-06-02,22:00:00,4.98,5.02,4.97,5,4300,0
2016-06-03,17:05:00,5.02,5.02,4.97,4.985,1900,0
2016-06-03,17:10:00,5.01,5.01,5.005,5.01,1100,0
2016-06-03,17:15:00,5.05,5.05,5.01,5.05,3654,0
2016-06-03,17:25:00,5.05,5.05,5.05,5.05,100,0
2016-06-03,17:55:00,5,5,5,5,3200,0
2016-06-03,18:00:00,5,5,5,5,1300,0
2016-06-03,18:30:00,5.01,5.01,5.01,5.01,100,0
2016-06-03,18:35:00,4.97,4.97,4.97,4.97,100,0
2016-06-03,19:10:00,4.99,5,4.99,5,600,0
2016-06-03,19:30:00,5.0499,5.0499,5.0499,5.0499,2000,0
2016-06-03,20:00:00,5.015,5.015,5.015,5.015,100,0
2016-06-03,20:25:00,5,5,5,5,200,0
2016-06-03,20:30:00,4.9967,4.9967,4.9967,4.9967,1368,0
2016-06-03,20:35:00,5.0499,5.05,5.015,5.015,2000,0
2016-06-03,20:50:00,5,5,5,5,400,0
2016-06-03,21:00:00,5.05,5.05,5,5.05,2900,0
2016-06-03,21:15:00,5.05,5.05,5.05,5.05,300,0
2016-06-03,21:25:00,5.05,5.05,5.05,5.05,100,0
2016-06-03,21:35:00,5.05,5.05,5.05,5.05,200,0
2016-06-03,21:40:00,5.05,5.05,4.99,5.025,1700,0
2016-06-03,21:55:00,5.05,5.05,4.99,4.99,800,0
2016-06-03,22:00:00,5.03,5.05,4.95,5.02,4557,0
2016-06-06,15:35:00,5.03,5.03,5.03,5.03,100,0
2016-06-06,15:45:00,5,5,5,5,300,0
2016-06-06,15:55:00,5.01,5.01,4.99,4.99,1200,0
2016-06-06,16:05:00,5,5,5,5,200,0
2016-06-06,16:25:00,4.99,4.99,4.99,4.99,100,0
2016-06-06,17:00:00,5.0099,5.0099,5.0099,5.0099,600,0
2016-06-06,17:10:00,4.94,4.94,4.94,4.94,100,0
2016-06-06,17:25:00,5.0099,5.01,4.96,5,1800,0
2016-06-06,17:30:00,5.01,5.01,5.01,5.01,100,0
2016-06-06,17:55:00,5.01,5.04,5.005,5.0399,1300,0
2016-06-06,18:10:00,4.99,4.99,4.99,4.99,100,0
2016-06-06,18:15:00,5,5,5,5,800,0
2016-06-06,18:25:00,5.02,5.02,5.02,5.02,200,0
2016-06-06,18:30:00,5,5,5,5,400,0
2016-06-06,18:40:00,4.99,4.99,4.99,4.99,100,0
2016-06-06,19:00:00,4.99,4.99,4.99,4.99,100,0
2016-06-06,19:05:00,5.02,5.04,5,5,2972,0
2016-06-06,19:10:00,5,5.04,5,5.04,200,0
2016-06-06,19:25:00,5.01,5.01,5,5,500,0
2016-06-06,19:35:00,5.04,5.04,5.04,5.04,100,0
2016-06-06,19:40:00,5,5,5,5,200,0
2016-06-06,19:55:00,4.99,4.99,4.99,4.99,100,0
2016-06-06,20:00:00,5.005,5.005,5.005,5.005,2000,0
2016-06-06,20:15:00,4.99,4.99,4.99,4.99,100,0
2016-06-06,20:25:00,4.993,4.993,4.99,4.99,1002,0
2016-06-06,20:40:00,5,5,4.99,4.99,300,0
2016-06-06,20:55:00,5,5,4.99,4.99,200,0
2016-06-06,21:05:00,4.99,4.99,4.99,4.99,200,0
2016-06-06,21:20:00,5.005,5.005,5,5,200,0
2016-06-06,21:25:00,5.02,5.02,5.02,5.02,100,0
2016-06-06,21:35:00,4.99,5.0199,4.99,5.0199,1600,0
2016-06-06,21:40:00,5.02,5.02,4.99,4.99,1200,0
2016-06-06,21:45:00,5.02,5.02,5.02,5.02,100,0
2016-06-06,21:50:00,5.02,5.02,5.02,5.02,100,0
2016-06-06,21:55:00,5.02,5.02,4.99,5.02,800,0
2016-06-06,22:00:00,5,5.02,4.99,5,8405,0
2016-06-07,15:35:00,5.05,5.11,4.94,5.11,9140,0
2016-06-07,15:40:00,5.1,5.36,5.1,5.12,8347,0
2016-06-07,15:50:00,5.11,5.11,5.11,5.11,700,0
2016-06-07,16:10:00,5.08,5.115,5.08,5.115,399,0
2016-06-07,16:15:00,5.05,5.05,5.05,5.05,100,0
2016-06-07,16:20:00,5.1,5.125,5.05,5.05,4100,0
2016-06-07,16:25:00,5.1,5.125,5.05,5.125,1700,0
2016-06-07,16:35:00,5.1,5.1,5.07,5.1,9325,0
2016-06-07,17:00:00,5.03,5.07,5.02,5.07,5100,0
2016-06-07,17:10:00,5.075,5.1,5.075,5.1,700,0
2016-06-07,17:15:00,5.1,5.1,5.07,5.08,2200,0
2016-06-07,17:20:00,5.06,5.07,5.04,5.04,2900,0
2016-06-07,17:25:00,5.09,5.1,5.0853,5.1,5100,0
2016-06-07,17:30:00,5.06,5.07,5,5,3900,0
2016-06-07,17:35:00,5.05,5.1,5,5.06,5600,0
2016-06-07,17:40:00,5.06,5.06,5.06,5.06,300,0
2016-06-07,17:55:00,5.05,5.06,5.02,5.02,2100,0
2016-06-07,18:00:00,5.04,5.08,5,5,4600,0
2016-06-07,18:05:00,5.04,5.04,5.04,5.04,400,0
2016-06-07,18:10:00,5,5,5,5,200,0
2016-06-07,18:15:00,5,5,5,5,100,0
2016-06-07,18:20:00,5,5,5,5,100,0
2016-06-07,18:25:00,5,5.01,5,5.01,200,0
2016-06-07,18:30:00,5.04,5.04,5.04,5.04,400,0
2016-06-07,18:35:00,5.04,5.09,5.04,5.09,2500,0
2016-06-07,18:40:00,5.01,5.01,5,5.01,600,0
2016-06-07,18:55:00,5,5,5,5,100,0
2016-06-07,19:05:00,5,5,5,5,100,0
2016-06-07,19:10:00,4.995,5.0554,4.995,5.0554,300,0
2016-06-07,19:15:00,5.0318,5.099,5.0318,5.089,674,0
2016-06-07,19:20:00,5.07,5.07,5.04,5.04,600,0
2016-06-07,19:25:00,5,5.05,5,5.01,500,0
2016-06-07,19:35:00,5.1,5.1,5.02,5.1,1000,0
2016-06-07,19:40:00,5.1,5.1,5.1,5.1,9800,0
2016-06-07,19:50:00,5.125,5.14,5.11,5.11,500,0
2016-06-07,19:55:00,5.14,5.16,5.12,5.1501,7100,0
2016-06-07,20:00:00,5.15,5.15,5.15,5.15,100,0
2016-06-07,20:10:00,5.18,5.2,5.18,5.2,2300,0
2016-06-07,20:15:00,5.2,5.2,5.2,5.2,2510,0
2016-06-07,20:20:00,5.2,5.2,5.2,5.2,1735,0
2016-06-07,20:25:00,5.2,5.2,5.1879,5.1879,600,0
2016-06-07,20:40:00,5.2,5.2,5.17,5.17,400,0
2016-06-07,20:50:00,5.2,5.2,5.2,5.2,600,0
2016-06-07,20:55:00,5.2,5.2,5.18,5.18,3200,0
2016-06-07,21:15:00,5.2,5.23,5.2,5.23,4675,0
2016-06-07,21:20:00,5.29,5.3,5.28,5.3,1905,0
2016-06-07,21:25:00,5.2868,5.2868,5.2868,5.2868,800,0
2016-06-07,21:35:00,5.29,5.3,5.29,5.3,300,0
2016-06-07,21:40:00,5.3,5.3,5.3,5.3,500,0
2016-06-07,21:45:00,5.3,5.32,5.3,5.32,200,0
2016-06-07,21:50:00,5.3,5.33,5.3,5.33,300,0
2016-06-07,21:55:00,5.31,5.3101,5.28,5.3,2754,0
2016-06-07,22:00:00,5.3,5.3,5.26,5.26,749,0
2016-06-08,15:35:00,5.35,5.36,5.2999,5.2999,6042,0
2016-06-08,15:40:00,5.3,5.3,5.3,5.3,200,0
2016-06-08,15:45:00,5.2744,5.2999,5.1,5.2999,12640,0
2016-06-08,15:50:00,5.29,5.3,5.13,5.13,35080,0
2016-06-08,15:55:00,5.2,5.2,5.18,5.1801,2800,0
2016-06-08,16:25:00,5.189,5.22,5.181,5.181,2705,0
2016-06-08,16:40:00,5.19,5.19,5.18,5.18,500,0
2016-06-08,16:55:00,5.17,5.19,5.17,5.1786,600,0
2016-06-08,17:00:00,5.189,5.189,5.16,5.189,800,0
2016-06-08,17:05:00,5.1786,5.19,5.16,5.19,1100,0
2016-06-08,17:10:00,5.19,5.19,5.185,5.19,400,0
2016-06-08,17:15:00,5.19,5.19,5.1899,5.1899,200,0
2016-06-08,17:20:00,5.1862,5.19,5.186,5.186,500,0
2016-06-08,17:25:00,5.19,5.19,5.19,5.19,600,0
2016-06-08,17:30:00,5.1833,5.19,5.1833,5.19,1300,0
2016-06-08,17:40:00,5.19,5.19,5.19,5.19,200,0
2016-06-08,17:55:00,5.19,5.19,5.19,5.19,100,0
2016-06-08,18:00:00,5.2,5.2,5.2,5.2,100,0
2016-06-08,18:05:00,5.2,5.2,5.19,5.19,400,0
2016-06-08,18:10:00,5.22,5.22,5.22,5.22,100,0
2016-06-08,18:30:00,5.229,5.25,5.229,5.247,600,0
2016-06-08,18:45:00,5.22,5.26,5.22,5.26,400,0
2016-06-08,19:15:00,5.2595,5.2595,5.2595,5.2595,250,0
2016-06-08,19:20:00,5.27,5.27,5.235,5.239,1350,0
2016-06-08,19:25:00,5.24,5.25,5.24,5.25,15300,0
2016-06-08,19:30:00,5.25,5.25,5.25,5.25,100,0
2016-06-08,19:40:00,5.242,5.267,5.24,5.24,15400,0
2016-06-08,19:45:00,5.2499,5.27,5.236,5.2387,2000,0
2016-06-08,19:50:00,5.257,5.26,5.2548,5.2548,1200,0
2016-06-08,19:55:00,5.2539,5.2539,5.2539,5.2539,500,0
2016-06-08,20:00:00,5.27,5.28,5.2699,5.28,4386,0
2016-06-08,20:05:00,5.28,5.28,5.255,5.255,1657,0
2016-06-08,20:10:00,5.27,5.27,5.27,5.27,7200,0
2016-06-08,20:15:00,5.27,5.27,5.267,5.267,500,0
2016-06-08,20:20:00,5.2699,5.27,5.2699,5.27,2400,0
2016-06-08,20:25:00,5.258,5.2592,5.258,5.2592,1300,0
2016-06-08,20:30:00,5.267,5.27,5.2537,5.268,4100,0
2016-06-08,20:35:00,5.27,5.325,5.27,5.3,77995,0
2016-06-08,20:40:00,5.32,5.365,5.31,5.32,2100,0
2016-06-08,20:45:00,5.3101,5.33,5.3101,5.33,955,0
2016-06-08,20:50:00,5.33,5.33,5.33,5.33,100,0
2016-06-08,20:55:00,5.33,5.33,5.31,5.33,4760,0
2016-06-08,21:00:00,5.3224,5.335,5.3116,5.3264,11280,0
2016-06-08,21:05:00,5.33,5.33,5.32,5.32,11200,0
2016-06-08,21:10:00,5.32,5.33,5.25,5.33,15721,0
2016-06-08,21:15:00,5.33,5.335,5.329,5.329,4400,0
2016-06-08,21:20:00,5.32,5.33,5.32,5.33,3400,0
2016-06-08,21:25:00,5.3299,5.3325,5.32,5.3264,6200,0
2016-06-08,21:30:00,5.3299,5.34,5.32,5.33,10900,0
2016-06-08,21:35:00,5.33,5.34,5.32,5.3399,2877,0
2016-06-08,21:40:00,5.35,5.35,5.35,5.35,1400,0
2016-06-08,21:45:00,5.34,5.34,5.34,5.34,100,0
2016-06-08,21:50:00,5.38,5.38,5.34,5.35,600,0
2016-06-08,21:55:00,5.35,5.36,5.35,5.3593,1247,0
2016-06-08,22:00:00,5.35,5.41,5.34,5.34,7946,0
2016-06-09,15:35:00,5.37,5.37,5.272,5.272,800,0
2016-06-09,15:50:00,5.47,5.47,5.44,5.44,2000,0
2016-06-09,16:00:00,5.45,5.46,5.45,5.46,2000,0
2016-06-09,16:05:00,5.485,5.4994,5.485,5.4994,1000,0
2016-06-09,16:10:00,5.5,5.5,5.4979,5.5,1200,0
2016-06-09,16:15:00,5.4842,5.5,5.48,5.5,4160,0
2016-06-09,16:30:00,5.62,5.62,5.62,5.62,100,0
2016-06-09,16:35:00,5.62,5.63,5.6148,5.6148,800,0
2016-06-09,16:45:00,5.6011,5.63,5.5964,5.6072,9100,0
2016-06-09,16:50:00,5.6258,5.6258,5.6258,5.6258,500,0
2016-06-09,16:55:00,5.615,5.615,5.615,5.615,300,0
2016-06-09,17:00:00,5.6001,5.6001,5.6001,5.6001,1500,0
2016-06-09,17:10:00,5.6,5.6,5.6,5.6,100,0
2016-06-09,17:25:00,5.615,5.615,5.61,5.61,400,0
2016-06-09,17:30:00,5.6087,5.61,5.6,5.6,800,0
2016-06-09,17:55:00,5.6,5.6,5.6,5.6,100,0
2016-06-09,18:10:00,5.61,5.61,5.61,5.61,200,0
2016-06-09,18:15:00,5.6091,5.61,5.6091,5.61,700,0
2016-06-09,18:20:00,5.605,5.605,5.5999,5.5999,1563,0
2016-06-09,19:00:00,5.6,5.6,5.6,5.6,100,0
2016-06-09,19:10:00,5.6,5.6,5.6,5.6,306,0
2016-06-09,19:20:00,5.6,5.6,5.6,5.6,100,0
2016-06-09,19:30:00,5.6,5.6,5.6,5.6,200,0
2016-06-09,19:50:00,5.58,5.59,5.58,5.59,400,0
2016-06-09,19:55:00,5.59,5.6,5.59,5.6,1129,0
2016-06-09,20:00:00,5.5838,5.5838,5.5838,5.5838,1000,0
2016-06-09,20:10:00,5.58,5.59,5.58,5.585,1950,0
2016-06-09,20:35:00,5.58,5.58,5.58,5.58,200,0
2016-06-09,20:50:00,5.57,5.57,5.57,5.57,100,0
2016-06-09,20:55:00,5.5701,5.5701,5.5701,5.5701,250,0
2016-06-09,21:05:00,5.59,5.6,5.59,5.6,725,0
2016-06-09,21:20:00,5.58,5.58,5.58,5.58,800,0
2016-06-09,21:30:00,5.57,5.5799,5.57,5.57,500,0
2016-06-09,21:40:00,5.58,5.58,5.58,5.58,300,0
2016-06-09,21:45:00,5.58,5.58,5.58,5.58,100,0
2016-06-09,21:50:00,5.585,5.585,5.57,5.57,300,0
2016-06-09,21:55:00,5.6,5.6,5.6,5.6,300,0
2016-06-09,22:00:00,5.56,5.59,5.56,5.59,400,0
2016-06-10,15:35:00,5.61,5.61,5.61,5.61,877,0
2016-06-10,15:45:00,5.6,5.6,5.6,5.6,200,0
2016-06-10,15:50:00,5.6,5.6,5.6,5.6,1000,0
2016-06-10,15:55:00,5.54,5.54,5.54,5.54,200,0
2016-06-10,16:10:00,5.57,5.6,5.56,5.6,400,0
2016-06-10,16:25:00,5.6,5.6,5.6,5.6,2000,0
2016-06-10,16:30:00,5.6199,5.6199,5.6199,5.6199,100,0
2016-06-10,16:35:00,5.6075,5.6075,5.6075,5.6075,100,0
2016-06-10,16:45:00,5.6,5.6,5.6,5.6,100,0
2016-06-10,17:00:00,5.61,5.62,5.6,5.6,2790,0
2016-06-10,17:05:00,5.62,5.62,5.62,5.62,100,0
2016-06-10,17:10:00,5.63,5.63,5.63,5.63,100,0
2016-06-10,17:15:00,5.62,5.62,5.61,5.62,900,0
2016-06-10,17:20:00,5.6101,5.6101,5.6101,5.6101,332,0
2016-06-10,17:25:00,5.616,5.616,5.616,5.616,750,0
2016-06-10,17:30:00,5.63,5.63,5.63,5.63,100,0
2016-06-10,17:35:00,5.63,5.63,5.63,5.63,100,0
2016-06-10,17:40:00,5.62,5.63,5.62,5.63,300,0
2016-06-10,17:45:00,5.63,5.65,5.62,5.65,300,0
2016-06-10,18:10:00,5.6101,5.65,5.6101,5.65,2800,0
2016-06-10,18:15:00,5.62,5.65,5.62,5.62,3800,0
2016-06-10,18:20:00,5.62,5.62,5.62,5.62,700,0
2016-06-10,18:40:00,5.62,5.62,5.62,5.62,100,0
2016-06-10,18:50:00,5.61,5.61,5.61,5.61,3600,0
2016-06-10,18:55:00,5.63,5.63,5.62,5.62,300,0
2016-06-10,19:05:00,5.62,5.62,5.59,5.59,200,0
2016-06-10,19:10:00,5.6017,5.6017,5.6017,5.6017,262,0
2016-06-10,19:30:00,5.59,5.59,5.59,5.59,100,0
2016-06-10,19:35:00,5.62,5.62,5.62,5.62,100,0
2016-06-10,19:55:00,5.55,5.55,5.55,5.55,100,0
2016-06-10,20:05:00,5.57,5.57,5.57,5.57,100,0
2016-06-10,20:25:00,5.55,5.55,5.55,5.55,100,0
2016-06-10,20:30:00,5.61,5.61,5.6099,5.6099,200,0
2016-06-10,21:00:00,5.61,5.61,5.61,5.61,100,0
2016-06-10,21:05:00,5.61,5.68,5.61,5.67,3840,0
2016-06-10,21:10:00,5.73,5.73,5.73,5.73,100,0
2016-06-10,21:15:00,5.73,5.74,5.73,5.74,200,0
2016-06-10,21:20:00,5.705,5.73,5.705,5.73,200,0
2016-06-10,21:30:00,5.7,5.73,5.6928,5.71,1888,0
2016-06-10,21:35:00,5.7,5.73,5.7,5.7,1700,0
2016-06-10,21:45:00,5.73,5.73,5.7156,5.7156,200,0
2016-06-10,21:50:00,5.71,5.71,5.69,5.69,1800,0
2016-06-10,21:55:00,5.64,5.64,5.64,5.64,300,0
2016-06-10,22:00:00,5.64,5.65,5.63,5.65,2053,0
2016-06-13,15:35:00,5.7,5.7,5.7,5.7,557,0
2016-06-13,15:45:00,5.68,5.68,5.68,5.68,268,0
2016-06-13,16:55:00,5.6028,5.6028,5.6028,5.6028,300,0
2016-06-13,18:40:00,5.64,5.64,5.64,5.64,100,0
2016-06-13,18:50:00,5.64,5.65,5.575,5.65,700,0
2016-06-13,19:20:00,5.64,5.64,5.64,5.64,100,0
2016-06-13,19:30:00,5.64,5.64,5.64,5.64,100,0
2016-06-13,20:00:00,5.62,5.64,5.6,5.64,486,0
2016-06-13,21:10:00,5.64,5.64,5.64,5.64,100,0
2016-06-13,21:40:00,5.6,5.61,5.6,5.61,300,0
2016-06-13,21:50:00,5.54,5.54,5.54,5.54,600,0
2016-06-13,22:00:00,5.61,5.61,5.57,5.61,5805,0
2016-06-14,15:55:00,5.5132,5.5132,5.5132,5.5132,300,0
2016-06-14,16:10:00,5.58,5.58,5.58,5.58,100,0
2016-06-14,16:30:00,5.58,5.58,5.58,5.58,100,0
2016-06-14,18:00:00,5.58,5.58,5.58,5.58,100,0
2016-06-14,18:35:00,5.4701,5.6,5.4701,5.59,2394,0
2016-06-14,19:55:00,5.59,5.59,5.59,5.59,100,0
2016-06-14,20:00:00,5.6,5.6,5.6,5.6,100,0
2016-06-14,20:05:00,5.59,5.59,5.59,5.59,100,0
2016-06-14,20:20:00,5.6,5.6,5.6,5.6,200,0
2016-06-14,20:50:00,5.54,5.54,5.54,5.54,600,0
2016-06-14,20:55:00,5.54,5.55,5.54,5.55,200,0
2016-06-14,21:00:00,5.55,5.55,5.54,5.54,200,0
2016-06-14,21:10:00,5.51,5.51,5.51,5.51,100,0
2016-06-14,21:15:00,5.51,5.5301,5.51,5.5301,400,0
2016-06-14,21:20:00,5.52,5.52,5.52,5.52,100,0
2016-06-14,21:30:00,5.54,5.55,5.54,5.55,200,0
2016-06-14,21:35:00,5.53,5.53,5.53,5.53,100,0
2016-06-14,21:40:00,5.53,5.55,5.53,5.55,210,0
2016-06-14,21:45:00,5.53,5.55,5.5228,5.5228,600,0
2016-06-14,21:50:00,5.55,5.55,5.55,5.55,200,0
2016-06-14,21:55:00,5.52,5.54,5.52,5.54,200,0
2016-06-14,22:00:00,5.5397,5.54,5.52,5.54,500,0
2016-06-15,15:35:00,5.58,5.58,5.58,5.58,300,0
2016-06-15,15:40:00,5.5,5.5,5.4999,5.4999,1022,0
2016-06-15,15:55:00,5.3558,5.3558,5.3558,5.3558,250,0
2016-06-15,16:30:00,5.3769,5.3769,5.31,5.31,2719,0
2016-06-15,16:35:00,5.31,5.31,5.31,5.31,250,0
2016-06-15,17:00:00,5.34,5.34,5.34,5.34,200,0
2016-06-15,17:10:00,5.34,5.34,5.34,5.34,100,0
2016-06-15,17:30:00,5.34,5.34,5.34,5.34,200,0
2016-06-15,17:35:00,5.34,5.34,5.34,5.34,100,0
2016-06-15,17:55:00,5.36,5.36,5.36,5.36,500,0
2016-06-15,18:00:00,5.38,5.4,5.37,5.38,1991,0
2016-06-15,18:05:00,5.46,5.46,5.41,5.41,200,0
2016-06-15,18:25:00,5.54,5.54,5.54,5.54,300,0
2016-06-15,18:40:00,5.42,5.47,5.42,5.47,200,0
2016-06-15,19:05:00,5.55,5.55,5.55,5.55,2800,0
2016-06-15,19:15:00,5.44,5.44,5.44,5.44,100,0
2016-06-15,19:25:00,5.4675,5.4675,5.44,5.44,3000,0
2016-06-15,19:30:00,5.44,5.44,5.44,5.44,100,0
2016-06-15,19:40:00,5.465,5.465,5.465,5.465,100,0
2016-06-15,19:50:00,5.43,5.43,5.43,5.43,100,0
2016-06-15,20:00:00,5.48,5.48,5.47,5.47,400,0
2016-06-15,20:50:00,5.46,5.46,5.46,5.46,100,0
2016-06-15,20:55:00,5.45,5.45,5.45,5.45,200,0
2016-06-15,21:00:00,5.45,5.45,5.45,5.45,100,0
2016-06-15,21:30:00,5.43,5.43,5.43,5.43,200,0
2016-06-15,21:40:00,5.41,5.4259,5.41,5.4259,300,0
2016-06-15,21:45:00,5.4,5.4,5.4,5.4,100,0
2016-06-15,21:50:00,5.42,5.42,5.42,5.42,200,0
2016-06-15,21:55:00,5.4299,5.43,5.4299,5.43,800,0
2016-06-15,22:00:00,5.42,5.42,5.39,5.41,600,0
2016-06-16,15:35:00,5.35,5.35,5.35,5.35,780,0
2016-06-16,15:45:00,5.43,5.44,5.42,5.44,1200,0
2016-06-16,15:50:00,5.45,5.45,5.45,5.45,1000,0
2016-06-16,15:55:00,5.45,5.45,5.45,5.45,100,0
2016-06-16,16:05:00,5.45,5.45,5.45,5.45,100,0
2016-06-16,16:10:00,5.45,5.45,5.45,5.45,2100,0
2016-06-16,16:15:00,5.45,5.45,5.45,5.45,2900,0
2016-06-16,16:20:00,5.48,5.48,5.48,5.48,200,0
2016-06-16,16:40:00,5.49,5.49,5.47,5.47,300,0
2016-06-16,16:55:00,5.44,5.45,5.44,5.45,300,0
2016-06-16,17:00:00,5.4454,5.4454,5.4454,5.4454,367,0
2016-06-16,17:25:00,5.48,5.48,5.48,5.48,100,0
2016-06-16,17:35:00,5.54,5.54,5.54,5.54,100,0
2016-06-16,17:45:00,5.505,5.505,5.505,5.505,100,0
2016-06-16,18:10:00,5.56,5.56,5.56,5.56,100,0
2016-06-16,18:35:00,5.51,5.51,5.51,5.51,100,0
2016-06-16,19:05:00,5.56,5.56,5.56,5.56,100,0
2016-06-16,19:10:00,5.51,5.51,5.49,5.49,1336,0
2016-06-16,19:15:00,5.49,5.49,5.49,5.49,400,0
2016-06-16,19:20:00,5.54,5.54,5.54,5.54,100,0
2016-06-16,20:30:00,5.5,5.5,5.5,5.5,100,0
2016-06-16,20:45:00,5.52,5.52,5.46,5.46,300,0
2016-06-16,21:00:00,5.45,5.45,5.45,5.45,200,0
2016-06-16,21:15:00,5.516,5.516,5.505,5.505,1900,0
2016-06-16,21:30:00,5.53,5.53,5.53,5.53,100,0
2016-06-16,21:45:00,5.52,5.52,5.52,5.52,100,0
2016-06-16,21:55:00,5.55,5.55,5.49,5.49,1700,0
2016-06-16,22:00:00,5.5,5.5,5.47,5.47,1600,0
2016-06-17,18:45:00,5.5,5.5,5.47,5.47,2555,0
2016-06-17,18:50:00,5.48,5.48,5.48,5.48,100,0
2016-06-17,18:55:00,5.49,5.49,5.49,5.49,100,0
2016-06-17,19:30:00,5.5,5.5,5.5,5.5,100,0
2016-06-17,19:45:00,5.4841,5.4841,5.4841,5.4841,1000,0
2016-06-17,19:50:00,5.5,5.5,5.5,5.5,4674,0
2016-06-17,19:55:00,5.504,5.52,5.4,5.4,15190,0
2016-06-17,20:00:00,5.56,5.58,5.56,5.58,200,0
2016-06-17,20:10:00,5.57,5.57,5.57,5.57,100,0
2016-06-17,20:15:00,5.6,5.6,5.6,5.6,100,0
2016-06-17,20:45:00,5.56,5.56,5.56,5.56,100,0
2016-06-17,20:55:00,5.575,5.575,5.575,5.575,200,0
2016-06-17,21:00:00,5.58,5.58,5.58,5.58,100,0
2016-06-17,21:10:00,5.6,5.6,5.58,5.58,200,0
2016-06-17,21:15:00,5.56,5.56,5.56,5.56,300,0
2016-06-17,21:20:00,5.55,5.55,5.55,5.55,100,0
2016-06-17,21:30:00,5.6,5.6,5.59,5.59,300,0
2016-06-17,21:35:00,5.6,5.6,5.6,5.6,200,0
2016-06-17,21:45:00,5.59,5.6,5.59,5.6,200,0
2016-06-17,21:55:00,5.575,5.575,5.55,5.55,600,0
2016-06-17,22:00:00,5.55,5.57,5.55,5.55,4380,0
2016-06-20,15:35:00,5.66,5.66,5.66,5.66,3200,0
2016-06-20,15:40:00,5.55,5.69,5.55,5.69,2100,0
2016-06-20,15:50:00,5.625,5.625,5.625,5.625,100,0
2016-06-20,16:00:00,5.63,5.63,5.6,5.6,1400,0
2016-06-20,16:05:00,5.6,5.6,5.6,5.6,600,0
2016-06-20,16:10:00,5.59,5.656,5.59,5.624,2091,0
2016-06-20,16:50:00,5.6,5.6,5.6,5.6,400,0
2016-06-20,16:55:00,5.6,5.6,5.575,5.575,1000,0
2016-06-20,17:00:00,5.546,5.6,5.546,5.6,2639,0
2016-06-20,17:05:00,5.69,5.7,5.69,5.7,1000,0
2016-06-20,17:55:00,5.7,5.7,5.7,5.7,100,0
2016-06-20,18:10:00,5.7,5.7,5.67,5.67,1800,0
2016-06-20,18:15:00,5.665,5.665,5.64,5.64,200,0
2016-06-20,18:50:00,5.65,5.65,5.65,5.65,200,0
2016-06-20,19:55:00,5.63,5.63,5.62,5.62,500,0
2016-06-20,20:35:00,5.6,5.6,5.6,5.6,300,0
2016-06-20,20:55:00,5.6399,5.6399,5.6399,5.6399,1000,0
2016-06-20,21:25:00,5.64,5.64,5.64,5.64,100,0
2016-06-20,21:40:00,5.64,5.64,5.64,5.64,100,0
2016-06-20,21:45:00,5.62,5.62,5.61,5.61,400,0
2016-06-20,21:50:00,5.6,5.6,5.6,5.6,500,0
2016-06-20,21:55:00,5.58,5.58,5.575,5.575,300,0
2016-06-20,22:00:00,5.59,5.59,5.56,5.56,300,0
2016-06-21,15:35:00,5.59,5.59,5.59,5.59,300,0
2016-06-21,15:50:00,5.51,5.51,5.51,5.51,100,0
2016-06-21,16:00:00,5.53,5.57,5.52,5.55,1200,0
2016-06-21,16:15:00,5.55,5.55,5.55,5.55,1400,0
2016-06-21,16:30:00,5.55,5.55,5.55,5.55,100,0
2016-06-21,16:40:00,5.54,5.54,5.54,5.54,100,0
2016-06-21,17:00:00,5.545,5.55,5.545,5.55,1200,0
2016-06-21,18:00:00,5.55,5.55,5.55,5.55,100,0
2016-06-21,19:00:00,5.55,5.55,5.55,5.55,100,0
2016-06-21,19:05:00,5.545,5.545,5.54,5.54,200,0
2016-06-21,19:25:00,5.54,5.54,5.54,5.54,100,0
2016-06-21,20:00:00,5.54,5.54,5.53,5.54,952,0
2016-06-21,20:05:00,5.542,5.542,5.542,5.542,200,0
2016-06-21,20:10:00,5.53,5.5387,5.53,5.5387,2100,0
2016-06-21,20:15:00,5.55,5.55,5.55,5.55,100,0
2016-06-21,20:25:00,5.55,5.55,5.55,5.55,200,0
2016-06-21,20:30:00,5.62,5.62,5.62,5.62,100,0
2016-06-21,21:00:00,5.64,5.64,5.64,5.64,100,0
2016-06-21,21:05:00,5.64,5.64,5.64,5.64,200,0
2016-06-21,21:10:00,5.62,5.62,5.62,5.62,100,0
2016-06-21,21:25:00,5.61,5.61,5.61,5.61,100,0
2016-06-21,21:50:00,5.6399,5.6399,5.58,5.58,366,0
2016-06-21,21:55:00,5.62,5.62,5.62,5.62,200,0
2016-06-21,22:00:00,5.63,5.63,5.6,5.63,974,0
2016-06-22,15:35:00,5.57,5.57,5.57,5.57,100,0
2016-06-22,16:25:00,5.58,5.58,5.58,5.58,200,0
2016-06-22,16:35:00,5.64,5.64,5.64,5.64,100,0
2016-06-22,16:40:00,5.61,5.61,5.61,5.61,200,0
2016-06-22,17:20:00,5.64,5.64,5.64,5.64,100,0
2016-06-22,17:25:00,5.64,5.64,5.64,5.64,200,0
2016-06-22,17:45:00,5.62,5.62,5.61,5.62,1800,0
2016-06-22,17:55:00,5.5801,5.61,5.5801,5.595,2300,0
2016-06-22,18:05:00,5.6,5.6,5.54,5.5905,3900,0
2016-06-22,18:45:00,5.57,5.57,5.57,5.57,100,0
2016-06-22,18:55:00,5.59,5.59,5.56,5.56,200,0
2016-06-22,19:10:00,5.57,5.57,5.57,5.57,100,0
2016-06-22,19:25:00,5.58,5.58,5.58,5.58,100,0
2016-06-22,19:55:00,5.6,5.6,5.6,5.6,100,0
2016-06-22,20:25:00,5.59,5.6099,5.59,5.6099,2100,0
2016-06-22,20:30:00,5.6,5.6,5.6,5.6,100,0
2016-06-22,21:10:00,5.59,5.59,5.59,5.59,100,0
2016-06-22,21:15:00,5.6,5.6099,5.5338,5.6099,3318,0
2016-06-22,21:55:00,5.59,5.59,5.59,5.59,100,0
2016-06-22,22:00:00,5.57,5.57,5.57,5.57,200,0
2016-06-23,16:00:00,5.53,5.53,5.53,5.53,200,0
2016-06-23,16:10:00,5.63,5.63,5.63,5.63,100,0
2016-06-23,16:25:00,5.59,5.59,5.59,5.59,100,0
2016-06-23,16:35:00,5.62,5.62,5.62,5.62,200,0
2016-06-23,16:40:00,5.61,5.62,5.61,5.62,2100,0
2016-06-23,16:45:00,5.6,5.6,5.6,5.6,100,0
2016-06-23,17:10:00,5.625,5.625,5.61,5.61,900,0
2016-06-23,17:25:00,5.64,5.64,5.6275,5.64,1296,0
2016-06-23,17:35:00,5.62,5.62,5.62,5.62,100,0
2016-06-23,17:55:00,5.64,5.64,5.6,5.6,284,0
2016-06-23,18:00:00,5.6,5.6,5.6,5.6,100,0
2016-06-23,18:10:00,5.64,5.64,5.64,5.64,504,0
2016-06-23,18:15:00,5.69,5.69,5.69,5.69,100,0
2016-06-23,18:25:00,5.65,5.65,5.65,5.65,200,0
2016-06-23,18:40:00,5.65,5.65,5.65,5.65,100,0
2016-06-23,18:55:00,5.65,5.65,5.65,5.65,100,0
2016-06-23,19:05:00,5.66,5.66,5.66,5.66,100,0
2016-06-23,19:10:00,5.68,5.68,5.68,5.68,200,0
2016-06-23,19:25:00,5.69,5.69,5.69,5.69,200,0
2016-06-23,19:35:00,5.69,5.69,5.69,5.69,100,0
2016-06-23,19:50:00,5.68,5.68,5.68,5.68,100,0
2016-06-23,19:55:00,5.68,5.68,5.68,5.68,100,0
2016-06-23,20:10:00,5.69,5.69,5.68,5.68,300,0
2016-06-23,20:15:00,5.69,5.69,5.69,5.69,100,0
2016-06-23,20:30:00,5.69,5.69,5.69,5.69,100,0
2016-06-23,20:35:00,5.68,5.68,5.68,5.68,100,0
2016-06-23,20:45:00,5.69,5.69,5.69,5.69,100,0
2016-06-23,20:50:00,5.69,5.69,5.69,5.69,100,0
2016-06-23,20:55:00,5.69,5.69,5.68,5.68,200,0
2016-06-23,21:00:00,5.68,5.68,5.68,5.68,100,0
2016-06-23,21:15:00,5.66,5.66,5.66,5.66,100,0
2016-06-23,21:20:00,5.67,5.67,5.67,5.67,100,0
2016-06-23,21:25:00,5.6618,5.6618,5.6618,5.6618,1500,0
2016-06-23,21:35:00,5.65,5.65,5.65,5.65,100,0
2016-06-23,21:50:00,5.67,5.6764,5.67,5.6764,359,0
2016-06-23,21:55:00,5.6699,5.675,5.65,5.65,1800,0
2016-06-23,22:00:00,5.66,5.69,5.66,5.69,200,0
2016-06-24,15:35:00,5.47,5.47,5.47,5.47,700,0
2016-06-24,15:40:00,5.49,5.49,5.49,5.49,100,0
2016-06-24,16:25:00,5.53,5.6,5.53,5.53,300,0
2016-06-24,16:30:00,5.64,5.64,5.5991,5.63,1100,0
2016-06-24,16:45:00,5.64,5.64,5.63,5.63,200,0
2016-06-24,18:20:00,5.64,5.64,5.64,5.64,200,0
2016-06-24,18:25:00,5.65,5.65,5.65,5.65,100,0
2016-06-24,18:35:00,5.61,5.61,5.61,5.61,100,0
2016-06-24,19:05:00,5.61,5.61,5.61,5.61,100,0
2016-06-24,19:35:00,5.627,5.627,5.627,5.627,600,0
2016-06-24,19:40:00,5.66,5.66,5.61,5.61,300,0
2016-06-24,20:25:00,5.6,5.6,5.6,5.6,100,0
2016-06-24,20:35:00,5.6,5.6,5.6,5.6,100,0
2016-06-24,21:00:00,5.57,5.57,5.57,5.57,100,0
2016-06-24,21:20:00,5.5799,5.5799,5.5799,5.5799,696,0
2016-06-24,21:40:00,5.55,5.55,5.55,5.55,100,0
2016-06-24,21:45:00,5.58,5.59,5.55,5.585,5200,0
2016-06-24,21:50:00,5.595,5.64,5.595,5.64,500,0
2016-06-24,21:55:00,5.61,5.625,5.6,5.6,1200,0
2016-06-24,22:00:00,5.6,5.6,5.53,5.53,8514,0
2016-06-27,15:35:00,5.53,5.53,5.53,5.53,5975,0
2016-06-27,15:45:00,5.65,5.65,5.44,5.44,200,0
2016-06-27,15:55:00,5.67,5.67,5.67,5.67,200,0
2016-06-27,16:00:00,5.43,5.54,5.43,5.54,200,0
2016-06-27,16:05:00,5.47,5.47,5.47,5.47,100,0
2016-06-27,16:10:00,5.65,5.65,5.65,5.65,100,0
2016-06-27,16:15:00,5.47,5.47,5.47,5.47,100,0
2016-06-27,16:25:00,5.47,5.47,5.47,5.47,100,0
2016-06-27,16:30:00,5.45,5.45,5.45,5.45,100,0
2016-06-27,16:35:00,5.42,5.42,5.41,5.41,1000,0
2016-06-27,16:50:00,5.41,5.413,5.365,5.365,1479,0
2016-06-27,16:55:00,5.36,5.36,5.36,5.36,200,0
2016-06-27,17:00:00,5.33,5.33,5.33,5.33,100,0
2016-06-27,17:20:00,5.265,5.265,5.265,5.265,100,0
2016-06-27,17:30:00,5.29,5.29,5.29,5.29,200,0
2016-06-27,17:35:00,5.29,5.29,5.25,5.26,1725,0
2016-06-27,17:45:00,5.34,5.4,5.34,5.4,200,0
2016-06-27,17:50:00,5.4,5.4,5.4,5.4,200,0
2016-06-27,17:55:00,5.4,5.4,5.4,5.4,100,0
2016-06-27,18:00:00,5.4,5.4,5.4,5.4,200,0
2016-06-27,18:05:00,5.4,5.4,5.34,5.34,300,0
2016-06-27,18:10:00,5.4,5.4,5.4,5.4,200,0
2016-06-27,18:15:00,5.4,5.4,5.4,5.4,200,0
2016-06-27,18:20:00,5.4,5.4,5.4,5.4,100,0
2016-06-27,18:25:00,5.4,5.4,5.4,5.4,100,0
2016-06-27,18:30:00,5.4,5.4,5.4,5.4,100,0
2016-06-27,18:40:00,5.44,5.44,5.44,5.44,100,0
2016-06-27,19:35:00,5.44,5.44,5.44,5.44,100,0
2016-06-27,19:45:00,5.4381,5.4381,5.4381,5.4381,196,0
2016-06-27,19:50:00,5.449,5.4497,5.449,5.4497,600,0
2016-06-27,19:55:00,5.4499,5.45,5.44,5.45,1200,0
2016-06-27,20:00:00,5.47,5.49,5.47,5.49,3800,0
2016-06-27,20:05:00,5.4681,5.477,5.4681,5.477,2000,0
2016-06-27,20:10:00,5.46,5.4799,5.456,5.4681,4700,0
2016-06-27,20:15:00,5.4799,5.4799,5.456,5.456,2000,0
2016-06-27,20:20:00,5.48,5.48,5.48,5.48,100,0
2016-06-27,20:40:00,5.4697,5.4697,5.4621,5.4621,600,0
2016-06-27,20:45:00,5.468,5.62,5.468,5.61,3750,0
2016-06-27,21:00:00,5.5402,5.58,5.5402,5.58,1580,0
2016-06-27,21:10:00,5.58,5.58,5.58,5.58,100,0
2016-06-27,21:25:00,5.57,5.57,5.57,5.57,100,0
2016-06-27,21:35:00,5.58,5.58,5.58,5.58,100,0
2016-06-27,21:45:00,5.58,5.58,5.58,5.58,100,0
2016-06-27,21:55:00,5.58,5.58,5.55,5.55,300,0
2016-06-27,22:00:00,5.55,5.5529,5.49,5.54,5614,0
2016-06-28,16:00:00,5.4,5.4,5.4,5.4,100,0
2016-06-28,16:10:00,5.48,5.48,5.48,5.48,100,0
2016-06-28,16:55:00,5.6499,5.6499,5.6499,5.6499,100,0
2016-06-28,17:10:00,5.62,5.64,5.62,5.64,500,0
2016-06-28,17:15:00,5.65,5.65,5.65,5.65,100,0
2016-06-28,17:20:00,5.614,5.65,5.614,5.65,1346,0
2016-06-28,17:40:00,5.69,5.7,5.65,5.7,300,0
2016-06-28,18:15:00,5.67,5.67,5.67,5.67,100,0
2016-06-28,18:50:00,5.63,5.66,5.63,5.66,200,0
2016-06-28,18:55:00,5.645,5.645,5.63,5.63,300,0
2016-06-28,20:05:00,5.6299,5.63,5.6299,5.63,1024,0
2016-06-28,20:45:00,5.61,5.61,5.61,5.61,100,0
2016-06-28,20:50:00,5.63,5.63,5.63,5.63,900,0
2016-06-28,20:55:00,5.63,5.63,5.63,5.63,200,0
2016-06-28,21:10:00,5.63,5.63,5.63,5.63,2200,0
2016-06-28,21:25:00,5.57,5.62,5.56,5.62,300,0
2016-06-28,21:45:00,5.6,5.6,5.6,5.6,100,0
2016-06-28,21:55:00,5.5,5.5,5.5,5.5,100,0
2016-06-28,22:00:00,5.5999,5.5999,5.5,5.5,700,0
2016-06-29,15:35:00,5.55,5.55,5.55,5.55,2114,0
2016-06-29,16:05:00,5.65,5.65,5.65,5.65,100,0
2016-06-29,16:10:00,5.66,5.66,5.66,5.66,100,0
2016-06-29,16:35:00,5.65,5.65,5.65,5.65,100,0
2016-06-29,16:45:00,5.64,5.64,5.64,5.64,100,0
2016-06-29,17:05:00,5.6299,5.63,5.6299,5.63,1200,0
2016-06-29,17:15:00,5.63,5.63,5.63,5.63,100,0
2016-06-29,18:55:00,5.6499,5.65,5.6499,5.65,1200,0
2016-06-29,19:10:00,5.65,5.65,5.65,5.65,100,0
2016-06-29,19:40:00,5.65,5.65,5.65,5.65,300,0
2016-06-29,20:00:00,5.65,5.65,5.65,5.65,100,0
2016-06-29,21:20:00,5.6,5.6,5.6,5.6,100,0
2016-06-29,21:30:00,5.65,5.65,5.65,5.65,100,0
2016-06-29,21:45:00,5.65,5.66,5.65,5.66,200,0
2016-06-29,22:00:00,5.65,5.65,5.6,5.61,1245,0
2016-06-30,15:35:00,5.66,5.66,5.66,5.66,100,0
2016-06-30,16:10:00,5.65,5.65,5.65,5.65,100,0
2016-06-30,16:45:00,5.66,5.66,5.66,5.66,100,0
2016-06-30,17:05:00,5.66,5.66,5.66,5.66,100,0
2016-06-30,17:10:00,5.66,5.66,5.63,5.635,1383,0
2016-06-30,17:15:00,5.66,5.66,5.66,5.66,100,0
2016-06-30,17:25:00,5.66,5.66,5.66,5.66,100,0
2016-06-30,17:30:00,5.66,5.66,5.66,5.66,100,0
2016-06-30,17:40:00,5.66,5.66,5.66,5.66,100,0
2016-06-30,17:50:00,5.66,5.66,5.66,5.66,200,0
2016-06-30,18:00:00,5.66,5.66,5.66,5.66,100,0
2016-06-30,18:45:00,5.66,5.66,5.66,5.66,100,0
2016-06-30,18:55:00,5.64,5.64,5.64,5.64,100,0
2016-06-30,19:00:00,5.66,5.66,5.66,5.66,100,0
2016-06-30,19:05:00,5.66,5.66,5.66,5.66,100,0
2016-06-30,19:40:00,5.6948,5.71,5.6948,5.71,600,0
2016-06-30,19:45:00,5.71,5.71,5.71,5.71,100,0
2016-06-30,19:55:00,5.68,5.68,5.68,5.68,200,0
2016-06-30,20:05:00,5.71,5.71,5.71,5.71,200,0
2016-06-30,20:10:00,5.69,5.69,5.69,5.69,100,0
2016-06-30,20:25:00,5.71,5.71,5.71,5.71,200,0
2016-06-30,20:30:00,5.71,5.71,5.71,5.71,200,0
2016-06-30,20:50:00,5.68,5.68,5.68,5.68,100,0
2016-06-30,20:55:00,5.71,5.71,5.71,5.71,100,0
2016-06-30,21:05:00,5.71,5.71,5.71,5.71,100,0
2016-06-30,21:10:00,5.695,5.695,5.695,5.695,100,0
2016-06-30,21:25:00,5.71,5.71,5.71,5.71,100,0
2016-06-30,21:35:00,5.71,5.71,5.71,5.71,100,0
2016-06-30,21:40:00,5.695,5.695,5.695,5.695,100,0
2016-06-30,21:45:00,5.695,5.695,5.68,5.68,200,0
2016-06-30,21:50:00,5.7,5.71,5.7,5.71,200,0
2016-06-30,22:00:00,5.68,5.71,5.68,5.68,3831,0
2016-07-01,16:10:00,5.69,5.69,5.69,5.69,100,0
2016-07-01,16:20:00,5.69,5.69,5.69,5.69,100,0
2016-07-01,16:25:00,5.69,5.84,5.69,5.8,2944,0
2016-07-01,17:30:00,5.79,5.79,5.75,5.75,600,0
2016-07-01,18:00:00,5.5,5.5,5.5,5.5,100,0
2016-07-01,18:10:00,5.63,5.645,5.63,5.645,200,0
2016-07-01,18:15:00,5.6499,5.75,5.6499,5.75,1000,0
2016-07-01,18:20:00,5.76,5.76,5.76,5.76,100,0
2016-07-01,18:50:00,5.76,5.76,5.76,5.76,100,0
2016-07-01,19:30:00,5.76,5.76,5.76,5.76,100,0
2016-07-01,19:35:00,5.75,5.75,5.7436,5.75,2972,0
2016-07-01,20:50:00,5.77,5.77,5.77,5.77,100,0
2016-07-01,21:00:00,5.75,5.7525,5.75,5.75,500,0
2016-07-01,21:20:00,5.76,5.8,5.76,5.765,2614,0
2016-07-01,21:25:00,5.8,5.8,5.8,5.8,100,0
2016-07-01,21:30:00,5.8,5.8,5.8,5.8,100,0
2016-07-01,21:35:00,5.73,5.73,5.73,5.73,100,0
2016-07-01,21:40:00,5.71,5.8,5.71,5.795,1786,0
2016-07-01,21:50:00,5.8,5.8,5.8,5.8,162,0
2016-07-01,21:55:00,5.76,5.78,5.74,5.74,2500,0
2016-07-01,22:00:00,5.7,5.78,5.7,5.74,938,0
