Date,Time,Open,High,Low,Close,Volume,OpenInt
2014-11-12,15:35:00,9.78,9.78,9.21,9.21,380,0
2014-11-12,18:25:00,9.99,10.05,9.99,10.05,2900,0
2014-11-12,18:35:00,10.15,10.3,10.15,10.3,1100,0
2014-11-12,18:40:00,10.4,10.4,10.4,10.4,300,0
2014-11-12,18:50:00,10.6,10.6,10.6,10.6,786,0
2014-11-12,19:00:00,10.75,10.75,10.75,10.75,3800,0
2014-11-12,19:05:00,10.8,11.11,10.8,11.08,30024,0
2014-11-12,19:10:00,10.16,11.45,10.16,11.3,11800,0
2014-11-12,19:35:00,11.04,11.04,10.9,11.0,2026,0
2014-11-12,19:40:00,11.0,11.35,11.0,11.35,11849,0
2014-11-12,19:45:00,11.37,11.68,11.35,11.59,38694,0
2014-11-12,19:50:00,11.45,11.45,11.45,11.45,1050,0
2014-11-12,20:40:00,11.3001,11.3001,11.3001,11.3001,200,0
2014-11-12,20:45:00,11.36,11.5,11.2,11.5,28100,0
2014-11-12,20:50:00,11.5,11.5,11.5,11.5,200,0
2014-11-12,20:55:00,11.51,11.68,11.51,11.68,5829,0
2014-11-12,21:00:00,11.68,11.68,11.68,11.68,1000,0
2014-11-12,21:50:00,11.2299,11.2299,11.2299,11.2299,200,0
2014-11-12,22:00:00,10.93,10.94,10.93,10.94,400,0
2014-11-13,16:55:00,10.39,10.39,10.39,10.39,200,0
2014-11-13,17:35:00,10.48,10.69,10.48,10.69,1300,0
2014-11-13,19:35:00,10.5,10.5,10.5,10.5,100,0
2014-11-13,20:15:00,10.84,10.99,10.84,10.99,400,0
2014-11-13,20:50:00,11.0,11.08,10.99,11.0,600,0
2014-11-13,21:00:00,11.1,11.1,11.1,11.1,2102,0
2014-11-13,21:15:00,10.71,10.71,10.71,10.71,500,0
2014-11-14,18:05:00,10.89,10.89,10.89,10.89,200,0
2014-11-14,18:45:00,10.89,10.89,10.89,10.89,100,0
2014-11-14,18:55:00,11.1,11.1,11.1,11.1,100,0
2014-11-14,19:25:00,11.2,11.21,11.2,11.2,4845,0
2014-11-14,20:30:00,10.98,11.2,10.98,11.2,600,0
2014-11-14,21:15:00,11.084,11.24,11.084,11.24,1401,0
2014-11-14,21:45:00,11.0,11.0,11.0,11.0,200,0
2014-11-14,21:55:00,10.95,10.9999,10.95,10.9999,200,0
2014-11-14,22:00:00,11.08,11.08,11.08,11.08,210,0
2014-11-17,15:45:00,10.3303,10.3303,10.3303,10.3303,140,0
2014-11-17,16:45:00,10.62,10.62,10.41,10.47,500,0
2014-11-17,16:50:00,10.45,10.9,10.45,10.85,7000,0
2014-11-17,16:55:00,10.9021,10.98,10.701,10.701,4678,0
2014-11-17,17:00:00,10.7,10.7,10.7,10.7,400,0
2014-11-17,18:30:00,10.97,10.97,10.97,10.97,100,0
2014-11-17,19:50:00,10.932,10.932,10.932,10.932,400,0
2014-11-17,20:35:00,10.66,10.66,10.66,10.66,100,0
2014-11-17,21:45:00,10.97,10.97,10.97,10.97,600,0
2014-11-18,22:00:00,10.75,10.75,10.75,10.75,901,0
2014-11-19,18:25:00,10.4139,10.4139,10.4139,10.4139,200,0
2014-11-19,19:00:00,10.411,10.411,10.41,10.41,810,0
2014-11-20,20:45:00,10.5,10.5,10.5,10.5,600,0
2014-11-20,20:55:00,10.61,10.61,10.6,10.6,400,0
2014-11-24,18:20:00,10.5,10.69,10.5,10.63,4500,0
2014-11-24,21:45:00,10.521,10.521,10.52,10.52,200,0
2014-11-24,21:55:00,10.46,10.73,10.46,10.7,800,0
2014-11-26,19:50:00,10.4766,10.4766,10.4766,10.4766,116,0
2014-11-26,21:50:00,10.5,10.5,10.5,10.5,400,0
2014-12-03,15:35:00,10.51,10.51,10.51,10.51,312,0
2014-12-05,16:55:00,10.32,10.32,10.32,10.32,200,0
2014-12-05,19:35:00,10.48,10.48,10.48,10.48,100,0
2014-12-05,20:05:00,10.44,10.45,10.44,10.45,400,0
2014-12-08,17:55:00,10.5,10.5,10.5,10.5,1367,0
2014-12-08,18:00:00,10.49,10.5,10.49,10.5,651,0
2014-12-08,18:05:00,10.5,10.5,10.499,10.499,1200,0
2014-12-08,20:15:00,10.5,10.5,10.5,10.5,100,0
2014-12-08,21:30:00,10.5,10.5,10.49,10.5,600,0
2014-12-09,19:10:00,10.5,10.5,10.5,10.5,680,0
2014-12-11,19:45:00,10.3101,10.3101,10.3101,10.3101,1000,0
2014-12-12,15:45:00,10.65,10.65,10.65,10.65,200,0
2014-12-12,19:50:00,10.55,10.55,10.55,10.55,200,0
2014-12-12,20:10:00,10.55,10.55,10.32,10.5,300,0
2014-12-15,21:25:00,10.5,10.5,10.5,10.5,4000,0
2014-12-16,21:00:00,10.505,10.51,10.505,10.51,2500,0
2014-12-18,15:55:00,10.36,10.36,10.36,10.36,100,0
2014-12-22,21:50:00,10.5999,10.6,10.5536,10.6,800,0
2014-12-23,18:25:00,10.5,10.5,10.5,10.5,105,0
2014-12-23,21:05:00,10.5,10.5,10.5,10.5,1075,0
2014-12-26,21:35:00,10.0001,10.0001,10.0001,10.0001,100,0
2014-12-29,19:20:00,10.13,10.13,10.13,10.13,105,0
2015-01-07,17:40:00,10.1401,10.1401,10.1401,10.1401,680,0
2015-01-08,20:05:00,10.14,10.14,10.14,10.14,500,0
2015-01-09,18:30:00,10.7,10.71,10.7,10.71,478,0
2015-01-09,21:05:00,10.48,10.48,10.48,10.48,100,0
2015-01-12,17:00:00,10.25,10.25,10.25,10.25,2800,0
2015-01-14,21:55:00,10.2796,10.2796,10.2796,10.2796,240,0
2015-01-15,19:35:00,10.5,10.5,10.5,10.5,320,0
2015-01-16,20:15:00,10.5,10.5,10.5,10.5,200,0
2015-01-16,20:20:00,10.5,10.5,10.5,10.5,1000,0
2015-01-20,16:45:00,10.6,10.6,10.6,10.6,100,0
2015-01-20,17:15:00,10.5,10.5,10.5,10.5,100,0
2015-01-20,22:00:00,10.68,10.68,10.68,10.68,400,0
2015-01-21,21:50:00,10.2601,10.2601,10.2601,10.2601,245,0
2015-01-22,16:15:00,10.48,10.53,10.48,10.53,200,0
2015-01-22,16:20:00,10.53,10.61,10.53,10.61,600,0
2015-01-22,21:25:00,10.6,10.6,10.6,10.6,200,0
2015-01-22,21:30:00,10.62,10.62,10.62,10.62,100,0
2015-01-22,21:35:00,10.54,10.54,10.54,10.54,100,0
2015-01-22,21:50:00,10.62,10.62,10.62,10.62,300,0
2015-01-26,16:45:00,10.7,10.75,10.7,10.75,3745,0
2015-01-26,18:40:00,10.6201,10.64,10.56,10.56,6229,0
2015-01-26,22:00:00,10.56,10.89,10.56,10.89,287,0
2015-01-29,22:00:00,10.9,10.95,10.9,10.95,3500,0
2015-01-30,21:25:00,10.95,10.95,10.95,10.95,212,0
2015-02-04,17:45:00,10.489,10.49,10.489,10.49,1600,0
2015-02-06,21:20:00,10.8828,10.8828,10.8828,10.8828,100,0
2015-02-12,21:40:00,11.01,11.43,11.01,11.43,2657,0
2015-02-17,19:30:00,10.91,10.91,10.91,10.91,100,0
2015-02-19,16:45:00,11.1,11.1,11.1,11.1,1900,0
2015-02-19,19:30:00,11.1,11.1,11.1,11.1,1000,0
2015-02-19,19:55:00,11.03,11.03,11.03,11.03,100,0
2015-02-19,20:05:00,11.03,11.03,11.03,11.03,4800,0
2015-02-19,21:00:00,11.09,11.09,11.09,11.09,1000,0
2015-02-20,17:45:00,11.15,11.15,11.15,11.15,400,0
2015-02-20,19:55:00,11.4239,11.4239,11.4239,11.4239,200,0
2015-02-24,17:50:00,10.72,10.72,10.25,10.25,1104,0
2015-02-25,20:05:00,10.3755,10.3755,10.3755,10.3755,200,0
2015-03-02,20:10:00,10.549,10.55,10.549,10.55,1000,0
2015-03-03,17:05:00,10.32,10.32,10.29,10.29,451,0
2015-03-03,17:20:00,10.29,10.29,10.29,10.29,949,0
2015-03-03,18:30:00,10.35,10.35,10.35,10.35,147,0
2015-03-03,19:50:00,10.389,10.39,10.389,10.39,2000,0
2015-03-03,22:00:00,10.27,10.27,10.27,10.27,100,0
2015-03-04,15:35:00,10.29,10.29,10.29,10.29,1500,0
2015-03-04,19:55:00,10.4,10.4,10.4,10.4,192,0
2015-03-09,18:30:00,10.4,10.4,10.4,10.4,201,0
2015-03-10,17:35:00,10.26,10.26,10.26,10.26,100,0
2015-03-10,18:30:00,10.3,10.3,10.3,10.3,500,0
2015-03-10,20:30:00,10.36,10.36,10.36,10.36,100,0
2015-03-11,19:30:00,10.36,10.3601,10.36,10.3601,400,0
2015-03-11,20:50:00,10.4,10.4,10.4,10.4,500,0
2015-03-11,20:55:00,10.3999,10.4,10.3999,10.4,1000,0
2015-03-11,21:00:00,10.26,10.26,10.26,10.26,100,0
2015-03-13,18:55:00,10.425,10.425,10.425,10.425,200,0
2015-03-17,16:50:00,10.345,10.345,10.345,10.345,500,0
2015-03-19,14:40:00,10.25,10.25,10.25,10.25,100,0
2015-03-20,14:35:00,10.25,10.25,10.25,10.25,572,0
2015-03-20,16:05:00,10.25,10.25,10.25,10.25,1000,0
2015-03-20,17:10:00,10.25,10.25,10.25,10.25,100,0
2015-03-20,17:20:00,10.22,10.22,10.22,10.22,100,0
2015-03-20,17:30:00,10.3,10.3,10.3,10.3,1800,0
2015-03-20,17:55:00,10.2999,10.2999,10.2999,10.2999,100,0
2015-03-20,18:00:00,10.29,10.35,10.29,10.2999,1600,0
2015-03-20,18:05:00,10.28,10.35,10.28,10.35,1800,0
2015-03-20,18:10:00,10.35,10.35,10.35,10.35,160,0
2015-03-20,20:00:00,10.29,10.3,10.29,10.3,1436,0
2015-03-20,21:00:00,10.5,10.5,10.5,10.5,201,0
2015-03-23,20:00:00,10.5,10.5,10.5,10.5,116,0
2015-03-24,17:40:00,10.5,10.5,10.5,10.5,100,0
2015-03-30,20:50:00,10.45,10.45,10.45,10.45,100,0
2015-04-01,21:45:00,10.4,10.4,10.4,10.4,109,0
2015-04-06,19:15:00,10.35,10.35,10.35,10.35,185,0
2015-04-06,22:00:00,10.24,10.24,10.24,10.24,100,0
2015-04-07,20:30:00,10.2202,10.2202,10.2202,10.2202,151,0
2015-04-07,22:00:00,10.25,10.25,10.25,10.25,500,0
2015-04-09,16:45:00,10.25,10.25,10.25,10.25,100,0
2015-04-14,15:35:00,10.2705,10.2705,10.2705,10.2705,500,0
2015-04-14,15:40:00,10.2604,10.2604,10.2604,10.2604,500,0
2015-04-14,19:05:00,10.2744,10.2744,10.26,10.26,250,0
2015-04-14,19:10:00,10.349,10.35,10.349,10.3499,600,0
2015-04-14,19:15:00,10.35,10.35,10.35,10.35,100,0
2015-04-15,20:40:00,10.3,10.3,10.3,10.3,4199,0
2015-04-15,21:50:00,10.2,10.23,10.2,10.23,200,0
2015-04-16,18:25:00,10.384,10.384,10.384,10.384,500,0
2015-04-16,18:45:00,10.38,10.38,10.38,10.38,100,0
2015-04-17,19:50:00,10.41,10.4101,10.41,10.4101,4300,0
2015-04-17,20:00:00,10.44,10.44,10.44,10.44,100,0
2015-04-17,20:50:00,10.5,10.5,10.5,10.5,2983,0
2015-04-17,21:25:00,10.55,10.55,10.55,10.55,250,0
2015-04-20,20:00:00,10.26,10.26,10.26,10.26,1000,0
2015-04-20,20:10:00,10.27,10.39,10.27,10.39,217,0
2015-04-20,20:25:00,10.39,10.39,10.39,10.39,200,0
2015-04-20,21:10:00,10.4,10.41,10.4,10.41,1750,0
2015-04-22,19:10:00,10.45,10.45,10.35,10.35,348,0
2015-04-22,19:15:00,10.35,10.35,10.35,10.35,400,0
2015-04-22,21:35:00,10.3999,10.4,10.3999,10.4,1600,0
2015-04-23,20:30:00,10.469,10.469,10.469,10.469,500,0
2015-04-23,20:35:00,10.48,10.4933,10.48,10.4933,700,0
2015-04-23,20:45:00,10.5,10.5,10.32,10.5,377,0
2015-04-23,22:00:00,10.32,10.32,10.32,10.32,100,0
2015-04-24,16:15:00,10.3,10.3,10.3,10.3,1100,0
2015-04-24,16:20:00,10.3,10.35,10.3,10.35,700,0
2015-04-24,18:45:00,10.4,10.4,10.4,10.4,200,0
2015-04-24,18:55:00,10.4,10.4,10.4,10.4,100,0
2015-04-24,19:00:00,10.41,10.42,10.41,10.4195,800,0
2015-04-24,19:30:00,10.54,10.55,10.54,10.55,850,0
2015-04-24,19:40:00,10.6,10.6,10.6,10.6,1500,0
2015-04-24,19:50:00,10.74,10.75,10.74,10.75,950,0
2015-04-24,19:55:00,10.75,10.79,10.72,10.79,3000,0
2015-04-24,20:40:00,11.02,11.02,10.95,10.95,931,0
2015-04-24,20:50:00,10.95,10.95,10.9,10.91,4400,0
2015-04-24,20:55:00,10.91,10.91,10.9005,10.9005,200,0
2015-04-24,21:00:00,10.9,10.9,10.9,10.9,169,0
2015-04-24,21:15:00,10.9,10.9,10.9,10.9,100,0
2015-04-24,21:25:00,11.05,11.1,11.05,11.1,1000,0
2015-04-27,17:50:00,10.71,10.74,10.69,10.74,600,0
2015-04-27,20:00:00,10.95,11.28,10.95,11.28,600,0
2015-04-27,20:30:00,11.28,11.28,11.28,11.28,502,0
2015-04-28,18:45:00,11.21,11.21,11.2,11.2,1513,0
2015-04-28,19:15:00,11.15,11.166,11.15,11.1505,300,0
2015-04-29,18:30:00,11.32,11.32,11.32,11.32,100,0
2015-04-29,18:35:00,11.32,11.4,11.32,11.4,1215,0
2015-04-29,18:55:00,11.51,11.51,11.51,11.51,100,0
2015-04-29,19:00:00,11.5,12.04,11.5,12.04,300,0
2015-04-29,19:30:00,11.41,11.46,11.4,11.46,500,0
2015-04-29,19:35:00,11.906,11.906,11.29,11.29,600,0
2015-04-29,19:40:00,11.33,11.33,11.3,11.3,200,0
2015-04-29,19:45:00,11.28,11.31,11.28,11.31,400,0
2015-04-29,22:00:00,10.43,10.43,10.43,10.43,100,0
2015-05-01,16:40:00,10.41,10.41,10.41,10.41,1800,0
2015-05-01,17:15:00,11.07,11.07,11.07,11.07,100,0
2015-05-01,18:30:00,11.52,11.74,11.52,11.74,2800,0
2015-05-01,18:40:00,11.74,11.767,11.74,11.767,600,0
2015-05-01,18:45:00,11.75,11.84,11.75,11.83,300,0
2015-05-01,18:50:00,11.85,11.85,11.85,11.85,100,0
2015-05-01,18:55:00,11.8501,12,11.8501,12,2581,0
2015-05-01,19:00:00,12,12.98,11.96,12.63,7960,0
2015-05-01,19:10:00,12.02,12.02,12.02,12.02,100,0
2015-05-01,19:20:00,12.34,12.34,12.34,12.34,984,0
2015-05-01,19:25:00,12.34,12.34,12.34,12.34,400,0
2015-05-01,20:35:00,12,12,12,12,760,0
2015-05-01,21:30:00,11.976,12,11.976,12,243,0
2015-05-05,19:10:00,11.708,12,11.708,12,1100,0
2015-05-05,21:35:00,12.2001,12.21,12.2,12.2,1182,0
2015-05-06,15:40:00,11.23,11.23,10.37,10.37,400,0
2015-05-06,20:00:00,11.5,11.5,11.5,11.5,100,0
2015-05-06,21:05:00,11.78,11.78,11.78,11.78,100,0
2015-05-07,20:50:00,10.39,10.39,10.39,10.39,1000,0
2015-05-13,21:55:00,11.7069,11.7069,11.7069,11.7069,300,0
2015-05-13,22:00:00,11.62,11.62,11.61,11.61,500,0
2015-05-14,17:45:00,11.97,11.98,11.97,11.98,900,0
2015-05-14,17:50:00,11.98,12.34,11.95,12.34,4438,0
2015-05-14,17:55:00,12.94,13,12.94,13,8800,0
2015-05-14,18:00:00,13,13.73,13,13.01,2300,0
2015-05-14,18:05:00,13.02,13.04,13,13,16081,0
2015-05-14,18:10:00,13,13.0495,13,13.0075,33089,0
2015-05-14,18:20:00,12.93,13,12.93,12.9999,990,0
2015-05-14,18:35:00,12.99,13,12.99,13,770,0
2015-05-14,18:40:00,13,13,12.9,12.9,1100,0
2015-05-14,18:45:00,13,13,12.99,12.99,5675,0
2015-05-14,19:35:00,12.99,12.99,12.99,12.99,252,0
2015-05-14,20:30:00,12.5,12.5,12.02,12.02,599,0
2015-05-14,21:00:00,12.45,12.45,12.45,12.45,100,0
2015-05-14,21:05:00,12.226,12.25,12.226,12.25,500,0
2015-05-14,21:10:00,12.34,12.42,12.34,12.42,400,0
2015-05-14,21:15:00,12.25,12.5,12.25,12.5,597,0
2015-05-14,21:35:00,12.5,12.5,12.5,12.5,200,0
2015-05-14,21:50:00,12.5,12.5,12.5,12.5,300,0
2015-05-14,22:00:00,12.48,12.5,12.48,12.5,451,0
2015-05-15,18:05:00,12.13,12.13,12.13,12.13,100,0
2015-05-15,19:25:00,12.13,12.13,12.13,12.13,300,0
2015-05-15,20:00:00,12.5,12.95,12.5,12.95,400,0
2015-05-15,20:40:00,12.6995,12.6995,12.69,12.69,200,0
2015-05-15,20:50:00,12.6,12.6,12.6,12.6,100,0
2015-05-15,21:20:00,12.67,12.7,12.67,12.7,400,0
2015-05-15,22:00:00,12.81,12.81,12.81,12.81,825,0
2015-05-18,16:15:00,12.5,12.55,12.5,12.55,200,0
2015-05-18,17:10:00,12.5,12.5,12.5,12.5,274,0
2015-05-18,18:10:00,12.5,12.5,12.45,12.5,1918,0
2015-05-21,21:35:00,12.4899,12.4899,12.4899,12.4899,200,0
2015-05-22,20:20:00,11.41,11.41,11.41,11.41,200,0
2015-05-26,17:15:00,11.5,11.5,11.5,11.5,600,0
2015-05-27,16:00:00,12,12,12,12,300,0
2015-05-27,20:15:00,12.45,12.45,12.45,12.45,100,0
2015-05-28,21:05:00,11.75,11.75,11.75,11.75,100,0
2015-05-28,21:10:00,11.97,11.97,11.97,11.97,100,0
2015-05-28,22:00:00,12.0799,12.0799,11.75,11.75,200,0
2015-05-29,21:25:00,11.35,12.1,11.35,12.1,800,0
2015-06-01,20:15:00,12,12,11.93,11.93,500,0
2015-06-02,19:40:00,12,12,12,12,800,0
2015-06-03,18:35:00,12,12,12,12,275,0
2015-06-03,21:35:00,12.03,12.03,12.03,12.03,200,0
2015-06-04,18:20:00,12.06,12.06,12.06,12.06,100,0
2015-06-05,18:20:00,12.01,12.01,12.01,12.01,100,0
2015-06-05,21:55:00,12.11,12.11,12.1,12.1,1000,0
2015-06-08,16:55:00,12.01,12.01,12.01,12.01,100,0
2015-06-08,17:50:00,11.5,11.5,11.5,11.5,1398,0
2015-06-08,18:10:00,11.5,11.5,11.5,11.5,200,0
2015-06-08,18:20:00,11.5,11.5,11.48,11.5,2078,0
2015-06-08,18:25:00,11.75,11.75,11.75,11.75,600,0
2015-06-08,18:35:00,11.66,11.66,11.66,11.66,100,0
2015-06-08,18:40:00,11.66,11.66,11.63,11.63,400,0
2015-06-08,20:30:00,12.2,12.2,11.55,11.55,600,0
2015-06-12,19:10:00,11.75,11.75,11.65,11.685,1235,0
2015-06-12,20:30:00,11.86,11.86,11.86,11.86,100,0
2015-06-12,20:50:00,11.73,11.73,11.73,11.73,200,0
2015-06-12,20:55:00,11.79,11.95,11.79,11.9,500,0
2015-06-12,21:15:00,11.9,11.9,11.9,11.9,100,0
2015-06-30,16:05:00,11.56,11.56,11.2601,11.2601,630,0
2015-07-01,22:00:00,11.57,11.57,11.57,11.57,100,0
2015-07-02,18:25:00,11.9999,11.9999,11.9999,11.9999,200,0
2015-07-02,21:45:00,11.9999,11.9999,11.9999,11.9999,100,0
2015-07-02,22:00:00,12,12,12,12,100,0
2015-07-08,17:20:00,11.75,11.75,11.75,11.75,100,0
2015-07-09,20:35:00,11.64,11.64,11.27,11.27,800,0
2015-07-13,15:45:00,11.75,11.75,11.75,11.75,215,0
2015-07-13,18:05:00,11.74,11.74,11.44,11.4495,300,0
2015-07-13,20:00:00,11.32,11.32,11.26,11.26,300,0
2015-07-13,20:05:00,11,11,11,11,100,0
2015-07-15,16:15:00,11.05,11.05,10.98,10.98,300,0
2015-07-15,21:25:00,10.54,10.54,10.54,10.54,100,0
2015-07-17,19:35:00,10.7,10.7,10.7,10.7,600,0
2015-07-17,19:40:00,10.76,10.76,10.75,10.75,800,0
2015-07-17,19:50:00,11.23,11.25,11.23,11.25,400,0
2015-07-17,19:55:00,11.3,11.3,11.3,11.3,200,0
2015-07-17,21:55:00,10.7466,10.7466,10.7466,10.7466,100,0
2015-07-20,21:45:00,10.4392,10.4392,10.4392,10.4392,180,0
2015-07-21,15:35:00,10.4,10.454,10.4,10.403,1436,0
2015-07-21,15:40:00,10.51,10.51,10.4,10.4,1297,0
2015-07-21,16:05:00,10.2399,10.2399,10.2399,10.2399,101,0
2015-07-21,16:20:00,9.999,9.9999,9.999,9.9999,1200,0
2015-07-21,16:30:00,9.7,9.7,9.69,9.69,200,0
2015-07-21,16:40:00,9.69,9.69,9.69,9.69,1200,0
2015-07-21,16:50:00,9.93,9.93,9.93,9.93,500,0
2015-07-21,17:45:00,9.82,9.96,9.82,9.96,749,0
2015-07-21,17:55:00,9.9,9.9,9.9,9.9,1200,0
2015-07-21,18:10:00,9.85,9.906,9.85,9.906,800,0
2015-07-21,18:15:00,9.8,9.8,9.8,9.8,2694,0
2015-07-21,18:20:00,9.8001,9.8001,9.8,9.8,773,0
2015-07-21,18:35:00,9.799,9.799,9.799,9.799,200,0
2015-07-21,19:50:00,9.52,9.52,9.52,9.52,100,0
2015-07-21,19:55:00,9.52,9.52,9.52,9.52,100,0
2015-07-21,20:05:00,9.51,9.51,9.47,9.47,1600,0
2015-07-21,20:10:00,9.62,9.68,9.62,9.68,800,0
2015-07-21,20:15:00,9.69,9.69,9.69,9.69,200,0
2015-07-21,21:45:00,9.689,9.689,9.689,9.689,100,0
2015-07-21,22:00:00,9.6799,9.6799,9.6799,9.6799,100,0
2015-07-22,15:40:00,9.68,9.68,9.6799,9.6799,1800,0
2015-07-22,15:45:00,9.68,9.68,9.68,9.68,600,0
2015-07-24,19:15:00,9.7248,9.7248,9.72,9.72,450,0
2015-07-24,22:00:00,9.79,9.79,9.79,9.79,300,0
2015-07-27,19:20:00,9.76,9.76,9.76,9.76,388,0
2015-07-27,20:45:00,9.72,9.72,9.72,9.72,400,0
2015-07-27,20:55:00,9.72,9.75,9.72,9.73,1900,0
2015-07-27,21:10:00,9.73,9.73,9.73,9.73,100,0
2015-07-27,21:15:00,9.73,9.73,9.72,9.72,1477,0
2015-07-27,21:20:00,9.58,9.58,9.58,9.58,100,0
2015-07-27,21:30:00,9.6,9.6,9.5999,9.5999,2100,0
2015-07-27,21:35:00,9.5999,9.6,9.5999,9.6,200,0
2015-07-27,21:40:00,9.6,9.6,9.5982,9.5982,1300,0
2015-07-27,21:45:00,9.6,9.6,9.5999,9.6,800,0
2015-07-27,22:00:00,9.5999,9.6,9.5999,9.6,989,0
2015-07-28,21:45:00,9.76,9.76,9.76,9.76,650,0
2015-07-30,19:25:00,9.73,9.73,9.73,9.73,100,0
2015-08-04,19:45:00,9.58,9.58,9.54,9.58,1691,0
2015-08-04,19:55:00,9.53,9.53,9.53,9.53,100,0
2015-08-04,20:10:00,9.53,9.53,9.5,9.53,2200,0
2015-08-04,20:20:00,9.52,9.52,9.5,9.5,500,0
2015-08-04,20:25:00,9.5001,9.5001,9.5,9.5,500,0
2015-08-04,20:55:00,9.5,9.5,9.5,9.5,1754,0
2015-08-04,21:30:00,9.49,9.49,9.49,9.49,526,0
2015-08-04,21:45:00,9.49,9.49,9.49,9.49,200,0
2015-08-05,17:15:00,9.46,9.49,9.46,9.49,996,0
2015-08-10,21:55:00,9.84,9.84,9.62,9.62,400,0
2015-08-11,16:35:00,9.54,9.54,9.54,9.54,151,0
2015-08-11,16:50:00,9.54,9.54,9.54,9.54,400,0
2015-08-13,15:35:00,9.54,9.54,9.54,9.54,200,0
2015-08-13,15:45:00,9.5401,9.5401,9.5401,9.5401,200,0
2015-08-13,18:10:00,9.58,9.58,9.58,9.58,100,0
2015-08-13,22:00:00,9.64,9.64,9.64,9.64,200,0
2015-08-14,16:50:00,9.65,9.65,9.65,9.65,3500,0
2015-08-17,21:40:00,9.59,9.59,9.49,9.49,3108,0
2015-08-24,15:40:00,9.514,9.514,9.514,9.514,100,0
2015-08-26,15:45:00,9.54,9.54,9.5,9.5,300,0
2015-08-27,16:15:00,9.5,9.5,9.5,9.5,5600,0
2015-08-27,16:45:00,9.5,9.5001,9.5,9.5001,1200,0
2015-09-02,15:35:00,9.65,9.65,9.65,9.65,100,0
2015-09-03,16:10:00,9.6,9.6,9.6,9.6,100,0
2015-09-03,17:40:00,9.951,9.951,9.951,9.951,300,0
2015-09-09,15:35:00,9.51,9.51,9.51,9.51,598,0
2015-09-09,15:40:00,10,10,10,10,140,0
2015-09-10,21:50:00,10,10,10,10,160,0
2015-09-10,22:00:00,9.93,9.93,9.93,9.93,100,0
2015-09-15,21:35:00,9.54,9.54,9.54,9.54,200,0
2015-09-15,21:55:00,9.9,9.9,9.9,9.9,100,0
2015-09-15,22:00:00,9.87,9.87,9.87,9.87,200,0
2015-09-18,16:10:00,9.85,9.85,9.85,9.85,100,0
2015-09-18,19:55:00,9.85,9.85,9.85,9.85,100,0
2015-09-18,20:05:00,9.85,9.85,9.85,9.85,100,0
2015-09-18,20:45:00,9.85,9.85,9.85,9.85,100,0
2015-09-18,21:05:00,9.85,9.85,9.85,9.85,100,0
2015-09-18,21:55:00,9.86,9.86,9.86,9.86,100,0
2015-09-18,22:00:00,9.31,9.31,9.31,9.31,1794,0
2015-09-21,21:20:00,9.3,9.54,9.3,9.54,352,0
2015-09-28,18:05:00,9.3,9.3,9.3,9.3,200,0
2015-09-28,20:55:00,8.5,8.5035,8.5,8.501,1302,0
2015-09-28,22:00:00,9.27,9.2975,9.05,9.0599,718,0
2015-10-01,16:50:00,7.7,7.7,7.7,7.7,102,0
2015-10-05,16:25:00,8.38,8.38,8.38,8.38,160,0
2015-10-06,16:00:00,8.96,8.97,8.96,8.97,884,0
2015-10-08,20:25:00,8.7,8.7,8.7,8.7,400,0
2015-10-08,20:30:00,8.6999,8.6999,8.6999,8.6999,400,0
2015-10-08,20:50:00,8.6999,8.7,8.68,8.68,1200,0
2015-10-08,21:25:00,8.7,8.7,8.7,8.7,400,0
2015-10-08,21:35:00,8.69,8.6934,8.69,8.6934,307,0
2015-10-09,16:40:00,8.6689,8.6689,8.6689,8.6689,199,0
2015-10-12,18:40:00,8.71,8.74,8.71,8.74,1858,0
2015-10-13,15:45:00,8.96,9,8.96,9,1000,0
2015-10-14,15:35:00,8.905,9,8.905,9,1000,0
2015-10-14,15:40:00,9,9,9,9,785,0
2015-10-14,21:00:00,9.247,9.247,9.247,9.247,800,0
2015-10-14,22:00:00,9.13,9.13,9.13,9.13,100,0
2015-10-15,16:30:00,9.14,9.14,9.14,9.14,100,0
2015-10-22,16:45:00,9.86,9.87,9.86,9.87,339,0
2015-10-22,17:05:00,9.26,9.26,9.26,9.26,302,0
2015-10-22,22:00:00,9.34,9.34,9.34,9.34,100,0
2015-10-28,14:35:00,9.4,9.4,9.4,9.4,178,0
2015-10-28,18:20:00,9.4501,9.4501,9.45,9.4501,9300,0
2015-10-29,16:20:00,9.47,9.474,9.47,9.474,300,0
2015-10-29,17:30:00,9.45,9.5637,9.45,9.5637,258,0
2015-10-29,18:40:00,9.45,9.4501,9.45,9.4501,9600,0
2015-10-30,16:55:00,9.55,9.55,9.55,9.55,100,0
2015-10-30,17:15:00,9.54,9.54,9.54,9.54,100,0
2015-10-30,21:00:00,9.46,9.46,9.46,9.46,100,0
2015-11-02,21:15:00,9.5,9.5001,9.5,9.5001,8000,0
2015-11-03,20:35:00,9.5,9.5001,9.5,9.5001,3858,0
2015-11-04,17:55:00,9.5,9.5,9.5,9.5,600,0
2015-11-05,15:35:00,9.5,9.5,9.5,9.5,100,0
2015-11-05,16:00:00,9.3,9.3,9.29,9.3,500,0
2015-11-05,21:25:00,9.3,9.3,9.3,9.3,200,0
2015-11-09,15:35:00,9.49,9.57,9.49,9.57,903,0
2015-11-09,15:40:00,9.512,9.512,9.512,9.512,100,0
2015-11-09,16:50:00,9.575,9.62,9.575,9.62,300,0
2015-11-09,18:45:00,9.87,9.87,9.86,9.87,400,0
2015-11-09,19:10:00,10.0001,10.02,10.0001,10.02,1300,0
2015-11-09,19:40:00,10.11,10.2,9.98,10.1,1600,0
2015-11-10,22:00:00,10.26,10.26,10.26,10.26,100,0
2015-11-11,16:15:00,10.2501,10.26,10.25,10.2501,900,0
2015-11-11,18:30:00,10.0001,10.0001,10,10.0001,1900,0
2015-11-17,17:30:00,10.02,10.044,10.01,10.044,800,0
2015-11-17,18:20:00,10.1799,10.1799,10.1799,10.1799,498,0
2015-11-17,18:45:00,10,10,10,10,100,0
2015-11-18,17:55:00,10.01,10.1454,9.96,10.1454,3067,0
2015-11-18,22:00:00,10.06,10.06,10.06,10.06,100,0
2015-11-19,15:45:00,10.66,10.66,10.66,10.66,300,0
2015-11-20,15:55:00,10.65,10.65,10.65,10.65,100,0
2015-11-20,17:55:00,10.61,10.61,10.61,10.61,100,0
2015-11-20,20:45:00,10.61,10.61,10.61,10.61,100,0
2015-11-23,17:40:00,10,10,9.962,9.98,411,0
2015-11-23,20:55:00,10.56,10.56,10.56,10.56,100,0
2015-11-30,16:30:00,10,10,10,10,200,0
2015-11-30,16:35:00,10,10,9.95,9.95,800,0
2015-11-30,16:40:00,9.79,9.79,9.79,9.79,100,0
2015-11-30,16:50:00,9.75,9.75,9.75,9.75,100,0
2015-11-30,16:55:00,9.81,9.81,9.75,9.75,2300,0
2015-11-30,17:15:00,9.75,9.75,9.75,9.75,1005,0
2015-11-30,17:30:00,9.75,9.75,9.7499,9.7499,8694,0
2015-11-30,19:35:00,10.01,10.07,10,10.07,589,0
2015-11-30,21:40:00,10.02,10.42,10.02,10.42,400,0
2015-12-01,20:15:00,9.88,9.88,9.861,9.861,200,0
2015-12-02,22:00:00,10.0501,10.0501,10.0501,10.0501,100,0
2015-12-03,18:00:00,9.9001,9.9001,9.9001,9.9001,400,0
2015-12-03,21:15:00,9.97,9.97,9.97,9.97,200,0
2015-12-07,19:15:00,9.95,9.95,9.95,9.95,300,0
2015-12-07,19:50:00,9.95,9.95,9.95,9.95,282,0
2015-12-11,21:15:00,9.9001,9.9001,9.9001,9.9001,278,0
2015-12-11,22:00:00,9.99,9.99,9.99,9.99,100,0
2015-12-14,18:40:00,9.95,9.95,9.95,9.95,100,0
2015-12-14,19:20:00,9.95,9.9501,9.9,9.9,5896,0
2015-12-14,20:15:00,9.9,9.9,9.9,9.9,100,0
2015-12-15,16:50:00,9.9501,9.99,9.9501,9.99,2800,0
2015-12-15,17:00:00,9.9501,9.9501,9.95,9.9501,8000,0
2015-12-15,17:20:00,9.9,9.91,9.9,9.9001,5686,0
2015-12-16,18:25:00,10.47,10.47,10.47,10.47,200,0
2015-12-16,18:45:00,10.3635,10.3635,10.3635,10.3635,200,0
2015-12-16,19:55:00,10.499,10.499,10.4989,10.4989,376,0
2015-12-16,21:40:00,10.4989,10.5,10.47,10.47,400,0
2015-12-17,16:45:00,10.49,10.4995,10.48,10.48,1290,0
2015-12-17,20:40:00,10.4489,10.4489,10.4489,10.4489,200,0
2015-12-18,15:35:00,9.82,9.82,9.82,9.82,250,0
2015-12-18,15:55:00,9.9542,10.005,9.9542,10.005,2000,0
2015-12-18,16:15:00,9.9501,9.9501,9.95,9.95,3880,0
2015-12-18,16:30:00,9.9,9.906,9.9,9.906,889,0
2015-12-21,19:45:00,10.4489,10.4495,10.44,10.4495,524,0
2015-12-21,20:10:00,9.951,10,9.95,10,2000,0
2015-12-21,20:55:00,10.42,10.42,10.42,10.42,200,0
2015-12-22,19:45:00,10,10,9.97,9.97,2000,0
2015-12-22,19:55:00,10.49,10.49,10.49,10.49,100,0
2015-12-22,20:00:00,10.4,10.4,10.4,10.4,100,0
2015-12-22,20:15:00,10.4989,10.4989,10.4989,10.4989,200,0
2015-12-22,20:25:00,10.23,10.23,10.23,10.23,200,0
2015-12-22,20:40:00,9.9701,9.9701,9.9701,9.9701,1500,0
2015-12-22,21:15:00,10.24,10.24,10.24,10.24,100,0
2015-12-22,21:20:00,10.24,10.24,10.24,10.24,200,0
2015-12-23,17:45:00,10.21,10.21,10.21,10.21,200,0
2015-12-23,18:00:00,10.2389,10.2389,10.2389,10.2389,198,0
2015-12-23,18:15:00,10.22,10.22,10.22,10.22,200,0
2015-12-23,21:55:00,10.2389,10.2389,10.2389,10.2389,200,0
2015-12-24,16:50:00,10.4999,10.5,10.23,10.5,400,0
2015-12-29,19:15:00,9.96,10.0506,9.95,10.0506,1500,0
2016-01-04,16:55:00,10.24,10.24,10.24,10.24,100,0
2016-01-05,16:20:00,9.96,9.96,9.95,9.9501,3300,0
2016-01-05,16:50:00,9.95,9.95,9.95,9.95,2000,0
2016-01-05,17:00:00,9.94,9.95,9.94,9.95,953,0
2016-01-05,18:55:00,9.85,9.85,9.85,9.85,500,0
2016-01-05,19:00:00,9.8,9.8,9.8,9.8,100,0
2016-01-05,19:05:00,9.85,9.85,9.85,9.85,100,0
2016-01-05,19:15:00,9.85,9.85,9.85,9.85,100,0
2016-01-05,19:20:00,9.85,9.85,9.85,9.85,100,0
2016-01-05,19:30:00,9.85,9.85,9.85,9.85,100,0
2016-01-05,21:25:00,9.9,9.9,9.9,9.9,100,0
2016-01-06,19:20:00,9.91,9.91,9.91,9.91,100,0
2016-01-06,22:00:00,10.01,10.01,10.01,10.01,100,0
2016-01-07,21:40:00,9.9501,9.9501,9.95,9.95,4000,0
2016-01-08,16:05:00,9.5001,9.5001,9.5001,9.5001,2000,0
2016-01-08,21:35:00,9.85,9.85,9.85,9.85,2000,0
2016-01-11,21:10:00,9.651,9.651,9.65,9.65,2000,0
2016-01-12,19:55:00,9.65,9.6501,9.65,9.6501,2000,0
2016-01-13,18:10:00,9.71,9.71,9.71,9.71,2000,0
2016-01-13,18:25:00,9.7,9.7,9.52,9.52,899,0
2016-01-13,18:30:00,9,9,9,9,2000,0
2016-01-13,18:40:00,9.02,9.02,9.02,9.02,2800,0
2016-01-13,20:30:00,9.15,9.15,9.1,9.1,1400,0
2016-01-13,21:05:00,9.13,9.13,9.11,9.11,4418,0
2016-01-13,21:10:00,9.05,9.0522,8.76,9.0522,1082,0
2016-01-14,15:35:00,9.15,9.15,9.15,9.15,100,0
2016-01-14,16:05:00,9.1,9.1,9.1,9.1,2000,0
2016-01-14,16:25:00,9.24,9.24,9.24,9.24,100,0
2016-01-14,16:35:00,9.239,9.239,9.239,9.239,100,0
2016-01-14,17:20:00,9.15,9.177,9.15,9.177,200,0
2016-01-14,19:40:00,9.15,9.15,9.104,9.134,1873,0
2016-01-14,19:45:00,9.1,9.1001,9.1,9.1001,2000,0
2016-01-14,19:50:00,9.104,9.11,8.95,8.95,1100,0
2016-01-14,21:05:00,8.95,8.95,8.95,8.95,2000,0
2016-01-14,21:10:00,8.95,8.95,8.95,8.95,100,0
2016-01-14,21:50:00,8.9,8.96,8.9,8.96,1000,0
2016-01-14,21:55:00,9.05,9.34,9.05,9.05,500,0
2016-01-14,22:00:00,8.99,8.99,8.95,8.95,300,0
2016-01-15,15:35:00,9.25,9.25,9.25,9.25,2700,0
2016-01-15,15:45:00,9.65,9.65,9.65,9.65,200,0
2016-01-15,15:50:00,9.45,9.6499,9.45,9.455,500,0
2016-01-15,15:55:00,9.5845,9.5845,9.02,9.25,6799,0
2016-01-15,20:50:00,9.89,9.89,9.49,9.49,1000,0
2016-01-15,22:00:00,9.94,9.97,9.94,9.97,300,0
2016-01-19,18:00:00,9.9515,9.9515,9.9515,9.9515,300,0
2016-01-19,22:00:00,9.64,9.6499,9.51,9.51,300,0
2016-01-20,15:35:00,9.99,9.99,9.99,9.99,100,0
2016-01-20,16:25:00,9.63,9.6395,9.63,9.6395,200,0
2016-01-20,17:15:00,9.35,9.35,9.35,9.35,735,0
2016-01-20,18:25:00,9.65,9.65,9.63,9.63,300,0
2016-01-20,19:30:00,9.6,9.6,9.6,9.6,500,0
2016-01-20,20:05:00,9.4501,9.4696,9.4501,9.4696,1200,0
2016-01-20,22:00:00,9.58,9.58,9.58,9.58,100,0
2016-01-21,17:30:00,9.55,9.55,9.55,9.55,400,0
2016-01-21,17:40:00,9.58,9.58,9.58,9.58,779,0
2016-01-21,21:10:00,9.976,9.976,9.976,9.976,300,0
2016-01-22,17:50:00,9.9709,9.9709,9.9709,9.9709,300,0
2016-01-22,20:30:00,9.73,9.73,9.73,9.73,100,0
2016-01-25,15:50:00,9.75,9.75,9.75,9.75,100,0
2016-01-25,18:25:00,9.75,9.75,9.75,9.75,100,0
2016-01-25,19:25:00,9.75,9.75,9.75,9.75,100,0
2016-01-25,20:40:00,9.75,9.75,9.75,9.75,100,0
2016-01-25,21:25:00,9.75,9.75,9.75,9.75,100,0
2016-01-26,15:50:00,9.75,9.75,9.75,9.75,100,0
2016-01-26,18:30:00,9.9678,9.9678,9.9678,9.9678,300,0
2016-01-26,19:15:00,9.96,9.96,9.96,9.96,100,0
2016-01-26,19:25:00,9.96,9.96,9.96,9.96,100,0
2016-01-27,15:35:00,9.9,9.9,9.9,9.9,100,0
2016-01-27,15:45:00,9.94,9.98,9.94,9.9799,1300,0
2016-01-27,16:40:00,9.97,9.98,9.97,9.98,379,0
2016-01-27,16:45:00,9.98,9.98,9.98,9.98,1000,0
2016-01-27,17:10:00,10,10,10,10,159,0
2016-01-27,21:55:00,9.99,9.99,9.99,9.99,900,0
2016-01-28,15:35:00,10,10,10,10,100,0
2016-01-28,20:00:00,9.9,9.91,9.9,9.9,1100,0
2016-01-28,20:55:00,9.9001,9.9001,9.9001,9.9001,1000,0
2016-01-28,21:55:00,9.9001,9.9001,9.9001,9.9001,195,0
2016-01-29,15:50:00,9.95,9.95,9.95,9.95,500,0
2016-01-29,16:30:00,9.9,9.94,9.9,9.94,500,0
2016-01-29,20:05:00,9.94,9.95,9.94,9.95,1600,0
2016-01-29,21:50:00,10,10,10,10,200,0
2016-01-29,22:00:00,9.85,9.85,9.85,9.85,117,0
2016-02-01,18:45:00,10.01,10.01,10.01,10.01,100,0
2016-02-01,19:15:00,10.47,10.47,10.47,10.47,100,0
2016-02-01,21:05:00,10.47,10.47,10.47,10.47,100,0
2016-02-03,15:35:00,10.4901,10.4901,10.49,10.4901,600,0
2016-02-03,15:45:00,10.49,10.49,10.49,10.49,106,0
2016-02-03,15:55:00,10.49,10.49,10.49,10.49,100,0
2016-02-08,15:35:00,11.01,11.01,11.01,11.01,2943,0
2016-02-12,19:40:00,10.25,10.445,10.25,10.445,1000,0
2016-02-12,19:50:00,10.4501,10.4501,10.4501,10.4501,500,0
2016-02-12,21:05:00,10.48,10.48,10.46,10.46,553,0
2016-02-12,21:10:00,10.46,10.46,10.46,10.46,100,0
2016-02-12,21:20:00,10.4599,10.46,10.45,10.46,1200,0
2016-02-16,17:15:00,10.5,10.5001,10.5,10.5001,500,0
2016-02-16,17:30:00,10.55,10.55,10.55,10.55,100,0
2016-02-16,20:25:00,10.56,10.56,10.56,10.56,100,0
2016-02-24,15:55:00,10.1501,10.1501,10.1501,10.1501,100,0
2016-03-04,22:00:00,9.99,9.99,9.99,9.99,100,0
2016-03-07,20:15:00,10.5,10.67,10.08,10.4,759,0
2016-03-07,20:20:00,10.6499,10.6499,10.6499,10.6499,100,0
2016-03-07,20:25:00,10.51,10.65,10.51,10.65,400,0
2016-03-07,20:40:00,10.75,11.35,10.75,11.34,2500,0
2016-03-07,21:00:00,11.34,11.3495,11.34,11.3495,200,0
2016-03-07,21:05:00,11.83,11.83,11.83,11.83,100,0
2016-03-07,21:30:00,11.72,11.72,11.72,11.72,100,0
2016-03-07,21:35:00,11.5,11.5,11.5,11.5,100,0
2016-03-07,22:00:00,11.66,11.66,11.66,11.66,200,0
2016-03-08,18:35:00,11.42,11.42,10.5,11.42,500,0
2016-03-08,20:40:00,11.36,11.36,11.36,11.36,100,0
2016-03-08,20:45:00,10.52,10.52,10.52,10.52,100,0
2016-03-08,21:05:00,10.95,10.95,10.95,10.95,100,0
2016-03-08,21:55:00,10.9499,10.95,10.76,10.91,922,0
2016-03-08,22:00:00,10.7,10.95,10.7,10.95,400,0
2016-03-09,20:35:00,10.96,10.96,10.96,10.96,100,0
2016-03-09,20:40:00,10.54,10.54,10.54,10.54,170,0
2016-03-09,20:45:00,10.96,10.96,10.95,10.95,250,0
2016-03-09,21:55:00,10.75,10.75,10.75,10.75,100,0
2016-03-09,22:00:00,10.96,10.96,10.96,10.96,400,0
2016-03-10,18:35:00,10.95,10.95,10.95,10.95,100,0
2016-03-10,18:45:00,10.95,10.95,10.95,10.95,276,0
2016-03-10,19:50:00,10.95,10.95,10.95,10.95,100,0
2016-03-10,20:55:00,10.95,10.95,10.95,10.95,200,0
2016-03-10,21:35:00,11.31,11.31,11.31,11.31,100,0
2016-03-10,22:00:00,11.31,11.31,11.31,11.31,100,0
2016-03-11,16:00:00,10.99,11.31,10.99,11.31,296,0
2016-03-11,17:00:00,11.31,11.31,11.31,11.31,100,0
2016-03-11,17:45:00,11.3,11.3,11.3,11.3,100,0
2016-03-11,17:50:00,11.09,11.09,11.09,11.09,100,0
2016-03-11,18:05:00,11,11,11,11,188,0
2016-03-11,18:45:00,11.29,11.29,11.29,11.29,100,0
2016-03-11,19:15:00,11.35,11.35,11.35,11.35,100,0
2016-03-11,19:40:00,11.55,11.55,11.55,11.55,100,0
2016-03-11,20:05:00,11.39,11.39,11.39,11.39,100,0
2016-03-11,20:15:00,11.39,11.39,11.39,11.39,100,0
2016-03-11,20:40:00,11.39,11.39,11.39,11.39,100,0
2016-03-11,20:45:00,11.19,11.46,11.1899,11.4,600,0
2016-03-11,21:10:00,11.3,11.39,11.3,11.35,400,0
2016-03-11,22:00:00,11.46,11.46,10.89,10.89,200,0
2016-03-14,14:40:00,11.09,11.1375,11.09,11.1375,200,0
2016-03-14,15:35:00,11.13,11.13,11.13,11.13,200,0
2016-03-14,16:00:00,11.13,11.13,11.13,11.13,242,0
2016-03-14,16:05:00,11.4,11.4,11.4,11.4,200,0
2016-03-14,16:45:00,11.39,11.39,11.39,11.39,100,0
2016-03-14,16:50:00,11.37,11.41,11.3,11.41,900,0
2016-03-14,16:55:00,11.5,11.5,11.5,11.5,100,0
2016-03-14,17:00:00,11.32,11.32,11.25,11.25,1300,0
2016-03-14,17:10:00,11.13,11.13,11.13,11.13,100,0
2016-03-14,17:15:00,11.1,11.1,11.1,11.1,200,0
2016-03-14,17:40:00,11.25,11.25,11.25,11.25,100,0
2016-03-14,17:45:00,11.23,11.23,11.23,11.23,100,0
2016-03-14,18:15:00,11.23,11.23,11.18,11.18,300,0
2016-03-14,18:20:00,11.23,11.23,11.23,11.23,100,0
2016-03-14,18:30:00,11.25,11.25,10.76,10.76,400,0
2016-03-14,18:35:00,10.95,10.95,10.9,10.9,600,0
2016-03-14,18:40:00,10.9899,11,10.9899,11,300,0
2016-03-14,18:50:00,10.89,10.89,10.89,10.89,100,0
2016-03-14,19:05:00,11.22,11.22,11.22,11.22,100,0
2016-03-14,19:10:00,11.25,11.25,11.25,11.25,100,0
2016-03-14,19:25:00,11.08,11.08,11.08,11.08,100,0
2016-03-14,19:30:00,11.23,11.23,11.23,11.23,100,0
2016-03-14,19:40:00,11.23,11.23,11.23,11.23,100,0
2016-03-14,19:45:00,11.25,11.25,11.25,11.25,100,0
2016-03-14,19:55:00,11.23,11.23,11.1,11.1,200,0
2016-03-14,20:10:00,11.24,11.24,11.2,11.2,200,0
2016-03-14,20:15:00,11.25,11.25,11.25,11.25,100,0
2016-03-14,20:20:00,11.25,11.25,11.09,11.09,200,0
2016-03-14,20:30:00,11.25,11.25,11.25,11.25,100,0
2016-03-14,20:35:00,11.24,11.24,11.24,11.24,200,0
2016-03-14,20:45:00,11.1,11.25,11.1,11.25,200,0
2016-03-14,21:00:00,11.01,11.25,11.01,11.25,320,0
2016-03-15,17:15:00,10.95,10.95,10.95,10.95,100,0
2016-03-15,18:10:00,11.15,11.15,11.15,11.15,100,0
2016-03-15,18:15:00,11.15,11.15,11.15,11.15,287,0
2016-03-15,18:20:00,11.15,11.15,11.15,11.15,100,0
2016-03-15,18:35:00,11.25,11.25,11.25,11.25,100,0
2016-03-15,19:35:00,11.25,11.25,11.25,11.25,100,0
2016-03-15,20:10:00,11,11,11,11,100,0
2016-03-15,20:35:00,10.9999,11,10.9999,11,600,0
2016-03-15,20:40:00,11.1,11.1,11.1,11.1,200,0
2016-03-15,20:50:00,11.23,11.23,11.2,11.2,300,0
2016-03-15,20:55:00,11.2,11.2,11.2,11.2,200,0
2016-03-15,21:00:00,11.25,11.25,11.25,11.25,100,0
2016-03-16,17:30:00,11.42,11.42,11.42,11.42,100,0
2016-03-16,17:55:00,11.46,11.46,10.88,10.88,200,0
2016-03-16,18:45:00,11.5,11.5,11.15,11.15,300,0
2016-03-16,19:25:00,11.15,11.47,11.15,11.47,235,0
2016-03-16,19:30:00,11.46,11.46,11.28,11.28,400,0
2016-03-16,19:35:00,11.24,11.24,11.24,11.24,200,0
2016-03-16,19:55:00,11.13,11.13,11.13,11.13,100,0
2016-03-16,20:05:00,11.48,11.48,11.48,11.48,100,0
2016-03-16,20:25:00,11.4,11.4,11.4,11.4,400,0
2016-03-16,20:35:00,11.39,11.39,11.39,11.39,100,0
2016-03-16,20:45:00,11.4,11.4,11.4,11.4,100,0
2016-03-16,20:50:00,11.4,11.4,11.4,11.4,100,0
2016-03-16,21:00:00,11.24,11.41,11.24,11.41,200,0
2016-03-17,17:30:00,11.39,11.39,11.39,11.39,100,0
2016-03-17,17:35:00,11.1,11.3,11.1,11.3,200,0
2016-03-17,17:40:00,11.29,11.31,11.29,11.31,300,0
2016-03-17,17:45:00,11.31,11.31,11.3,11.3,300,0
2016-03-17,18:15:00,11.07,11.07,11.07,11.07,100,0
2016-03-17,18:25:00,11.1,11.22,11.1,11.22,200,0
2016-03-17,18:35:00,10.89,10.89,10.89,10.89,100,0
2016-03-17,18:40:00,11.37,11.37,11.37,11.37,100,0
2016-03-17,18:45:00,11.19,11.27,11.19,11.27,300,0
2016-03-17,18:55:00,11.35,11.35,10.92,11.16,400,0
2016-03-17,19:20:00,11.16,11.16,11.16,11.16,100,0
2016-03-17,19:30:00,10.92,10.92,10.92,10.92,100,0
2016-03-17,19:40:00,11.36,11.36,11.36,11.36,100,0
2016-03-17,19:45:00,10.96,10.96,10.96,10.96,200,0
2016-03-17,19:55:00,11.07,11.07,11.07,11.07,200,0
2016-03-17,20:10:00,11.07,11.07,10.96,10.96,300,0
2016-03-17,20:15:00,11.03,11.03,11.03,11.03,100,0
2016-03-17,20:20:00,11.03,11.05,11.03,11.05,300,0
2016-03-17,20:25:00,11.04,11.04,11,11,200,0
2016-03-17,20:30:00,11.25,11.25,11.25,11.25,100,0
2016-03-17,20:40:00,11.07,11.07,11.07,11.07,100,0
2016-03-17,20:45:00,11.07,11.15,11.07,11.15,600,0
2016-03-17,20:55:00,11.05,11.05,11.05,11.05,300,0
2016-03-17,21:00:00,11.03,11.1,11,11.1,500,0
2016-03-18,17:25:00,11.15,11.15,10.9,11.13,400,0
2016-03-18,17:55:00,11.18,11.18,11.18,11.18,100,0
2016-03-18,19:00:00,11.27,11.27,11.27,11.27,100,0
2016-03-18,19:10:00,11.3,11.3,11.3,11.3,100,0
2016-03-18,19:15:00,11.3,11.3,11.3,11.3,800,0
2016-03-18,19:25:00,10.94,10.94,10.94,10.94,100,0
2016-03-18,19:55:00,11.4,11.4,11.4,11.4,100,0
2016-03-18,20:00:00,11.49,11.49,11.49,11.49,100,0
2016-03-18,20:05:00,11,11,11,11,100,0
2016-03-18,20:55:00,10.95,11.01,10.75,10.75,2365,0
2016-03-18,21:00:00,10.48,11.04,10.4,10.5,11090,0
2016-03-21,18:00:00,10.71,10.75,10.71,10.75,1100,0
2016-03-21,18:05:00,10.75,10.75,10.75,10.75,200,0
2016-03-21,18:55:00,10.84,10.84,10.84,10.84,100,0
2016-03-21,19:05:00,10.84,10.84,10.84,10.84,100,0
2016-03-21,19:35:00,11.38,11.38,11.38,11.38,100,0
2016-03-21,20:25:00,11.35,11.38,11.35,11.38,300,0
2016-03-21,20:35:00,11.39,11.39,11.39,11.39,100,0
2016-03-21,20:40:00,11.05,11.05,11.05,11.05,500,0
2016-03-21,20:50:00,10.76,10.76,10.76,10.76,100,0
2016-03-22,14:55:00,10.76,10.76,10.76,10.76,100,0
2016-03-22,15:00:00,10.7,10.7,10.7,10.7,100,0
2016-03-22,15:05:00,10.7,10.8,10.7,10.8,200,0
2016-03-22,15:15:00,10.72,10.72,10.72,10.72,100,0
2016-03-22,16:50:00,10.98,10.98,10.95,10.95,600,0
2016-03-22,17:30:00,11.1546,11.1546,11.1546,11.1546,200,0
2016-03-22,17:45:00,11.38,11.38,11.38,11.38,100,0
2016-03-22,18:25:00,11.33,11.37,11.33,11.37,600,0
2016-03-22,19:25:00,11.3,11.33,11.3,11.33,300,0
2016-03-22,19:50:00,11.4,11.4,11.4,11.4,300,0
2016-03-22,20:10:00,11.3,11.3,10.73,10.73,200,0
2016-03-22,20:20:00,11.38,11.38,11.38,11.38,100,0
2016-03-22,20:35:00,11.35,11.35,11.35,11.35,100,0
2016-03-22,20:45:00,11.21,11.33,11.21,11.33,204,0
2016-03-22,21:00:00,11.32,11.32,11.3,11.3,200,0
2016-03-23,15:20:00,11.1,11.1,11.0999,11.1,600,0
2016-03-23,15:25:00,11.05,11.05,11.05,11.05,257,0
2016-03-23,15:35:00,11.05,11.05,11.05,11.05,100,0
2016-03-23,16:00:00,11.1999,11.1999,11.1999,11.1999,100,0
2016-03-23,16:05:00,11.1,11.1,11.1,11.1,100,0
2016-03-23,21:00:00,10.86,10.93,10.86,10.93,200,0
2016-03-24,19:50:00,11.22,11.22,11.2,11.2,200,0
2016-03-24,19:55:00,11.21,11.21,11.21,11.21,100,0
2016-03-24,20:25:00,11.25,11.25,10.6,10.6,400,0
2016-03-28,15:35:00,10.93,10.93,10.93,10.93,244,0
2016-03-30,15:40:00,11.24,11.4999,11.24,11.4999,900,0
2016-03-30,15:50:00,11.34,11.34,11.34,11.34,100,0
2016-03-30,16:40:00,11.25,11.25,11.25,11.25,100,0
2016-03-30,18:55:00,11.2,11.2,11.2,11.2,200,0
2016-03-30,20:25:00,11.2,11.2001,11.2,11.2001,600,0
2016-03-30,21:20:00,11.2001,11.2001,11.2001,11.2001,463,0
2016-03-31,22:00:00,11.2015,11.2015,11.201,11.201,608,0
2016-04-05,15:55:00,11.2,11.2,11.2,11.2,100,0
2016-04-05,16:00:00,11.2,11.2,11.2,11.2,800,0
2016-04-05,16:05:00,10.91,11.1,10.91,11.09,900,0
2016-04-05,16:15:00,10.91,11.1099,10.91,11.1099,200,0
2016-04-05,16:25:00,11.09,11.09,11.09,11.09,100,0
2016-04-05,16:30:00,11.1199,11.1199,11.1199,11.1199,100,0
2016-04-05,18:55:00,11.13,11.25,11.13,11.25,400,0
2016-04-05,21:15:00,11.4302,11.4302,11.4302,11.4302,500,0
2016-04-05,21:25:00,11.32,11.32,11.32,11.32,300,0
2016-04-06,19:00:00,11.32,11.3201,11.32,11.32,1261,0
2016-04-06,19:05:00,11.15,11.15,11.02,11.02,300,0
2016-04-06,19:10:00,11.1,11.1,11.1,11.1,100,0
2016-04-06,19:15:00,10.92,11.2,10.92,11.15,1999,0
2016-04-06,19:20:00,11.31,11.31,11.31,11.31,200,0
2016-04-06,19:25:00,11.3,11.31,11.26,11.26,500,0
2016-04-06,21:40:00,11.2601,11.2601,11.2601,11.2601,500,0
2016-04-06,22:00:00,11.26,11.26,11.26,11.26,100,0
2016-04-07,22:00:00,11.01,11.01,11.01,11.01,100,0
2016-04-11,20:50:00,11.01,11.01,11.01,11.01,100,0
2016-04-14,15:40:00,10.38,10.935,10.38,10.384,1400,0
2016-04-14,15:45:00,10.725,10.725,10.725,10.725,100,0
2016-04-14,17:45:00,10.38,10.38,10.38,10.38,300,0
2016-04-14,19:55:00,10.84,10.9,10.84,10.9,400,0
2016-04-14,20:00:00,10.97,11.4,10.97,11.4,1280,0
2016-04-14,20:05:00,11.31,11.71,10.622,11.5101,10516,0
2016-04-14,20:10:00,11.2,11.55,11,11.3201,1400,0
2016-04-14,20:50:00,11.45,11.45,10.87,10.87,1600,0
2016-04-14,20:55:00,11.3,11.3,11.05,11.1,600,0
2016-04-14,21:00:00,11.1,11.15,10.72,11.15,800,0
2016-04-14,21:05:00,11.1,11.1,11.1,11.1,900,0
2016-04-14,21:10:00,10.95,10.95,10.95,10.95,100,0
2016-04-14,21:15:00,10.95,10.95,10.95,10.95,400,0
2016-04-14,21:20:00,10.95,10.95,10.95,10.95,100,0
2016-04-14,21:30:00,11.18,11.18,11.18,11.18,600,0
2016-04-18,18:55:00,11.3613,11.3613,11.27,11.3613,500,0
2016-04-18,19:00:00,11.35,11.35,11.0099,11.0599,500,0
2016-04-18,19:15:00,11.25,11.25,11.25,11.25,100,0
2016-04-18,19:35:00,11.3,11.3,11.3,11.3,100,0
2016-04-18,19:40:00,11.37,11.46,11.37,11.46,1955,0
2016-04-18,19:45:00,11.45,11.45,11.45,11.45,100,0
2016-04-18,20:50:00,11.4,11.4,11.4,11.4,100,0
2016-04-18,21:00:00,11.31,11.31,11.31,11.31,299,0
2016-04-18,21:55:00,11.25,11.25,11.0999,11.2,800,0
2016-04-18,22:00:00,11.0999,11.0999,11.0999,11.0999,100,0
2016-04-19,18:00:00,10.25,10.25,10.25,10.25,300,0
2016-04-20,17:25:00,11.28,11.28,11.28,11.28,100,0
2016-04-20,18:35:00,11.28,11.28,11.28,11.28,500,0
2016-04-22,21:45:00,10.603,10.603,10.6008,10.6008,200,0
2016-04-25,17:25:00,10.73,10.78,10.73,10.78,800,0
2016-04-25,19:55:00,10.98,10.98,10.98,10.98,100,0
2016-04-25,20:45:00,10.95,10.97,10.95,10.97,392,0
2016-04-25,21:00:00,10.7,10.7,10.7,10.7,100,0
2016-04-26,17:10:00,10.7101,10.7101,10.7101,10.7101,100,0
2016-04-26,17:45:00,9.64,10.34,9.64,10.34,700,0
2016-04-26,17:50:00,10.4695,10.47,10.46,10.47,1000,0
2016-04-26,18:00:00,10.51,10.51,10.51,10.51,700,0
2016-04-26,18:10:00,10.6501,10.89,10.6501,10.72,1600,0
2016-04-26,18:30:00,10.53,10.53,10.53,10.53,165,0
2016-04-26,22:00:00,10.53,10.53,10.53,10.53,100,0
2016-04-28,16:15:00,10.57,10.74,10.57,10.74,700,0
2016-04-28,16:25:00,10.83,10.83,10.8,10.8,500,0
2016-04-28,16:55:00,10.533,10.6,10.07,10.07,1220,0
2016-04-28,20:25:00,10.45,11,10.45,11,1000,0
2016-04-28,20:30:00,11.25,11.828,11.2,11.2,6574,0
2016-04-28,21:20:00,11.45,11.45,11.45,11.45,100,0
2016-04-28,21:30:00,11.45,11.45,11.45,11.45,200,0
2016-04-28,21:35:00,11.4,11.4,11.37,11.37,300,0
2016-04-29,16:05:00,11.43,11.43,11.43,11.43,100,0
2016-04-29,16:45:00,11.01,11.01,11.01,11.01,500,0
2016-04-29,16:50:00,11.014,11.015,11.014,11.015,1000,0
2016-04-29,18:00:00,11.014,11.2485,11.014,11.2485,1200,0
2016-05-02,16:10:00,11.09,11.09,11.09,11.09,100,0
2016-05-03,17:50:00,11.45,11.45,11.45,11.45,100,0
2016-05-03,19:45:00,11.45,11.477,11.45,11.477,1432,0
2016-05-03,20:20:00,11.467,11.54,11.45,11.54,4799,0
2016-05-03,20:25:00,11.71,11.96,11.71,11.88,7885,0
2016-05-03,20:40:00,11.85,11.86,11.63,11.63,1400,0
2016-05-03,21:10:00,11.61,11.61,11.61,11.61,100,0
2016-05-03,21:30:00,11.61,11.61,11.61,11.61,500,0
2016-05-03,21:35:00,11.65,11.65,11.65,11.65,100,0
2016-05-03,21:40:00,11.58,11.58,11.58,11.58,100,0
2016-05-03,21:45:00,11.62,11.62,11.62,11.62,100,0
2016-05-03,22:00:00,11.63,11.63,11.63,11.63,400,0
2016-05-04,22:00:00,11.53,11.53,11.53,11.53,500,0
2016-05-05,18:25:00,11.6,11.6,11.6,11.6,100,0
2016-05-05,18:30:00,11.65,11.68,11.65,11.65,926,0
2016-05-05,22:00:00,11.15,11.15,11.15,11.15,100,0
2016-05-06,17:55:00,11.153,11.153,11.1508,11.1508,200,0
2016-05-06,18:00:00,11.13,11.2,11.1008,11.1011,900,0
2016-05-06,18:10:00,11.59,11.59,11.55,11.57,953,0
2016-05-06,18:15:00,11.5,11.5,11.5,11.5,300,0
2016-05-06,19:00:00,11.12,11.12,10.8,10.9008,5200,0
2016-05-06,20:55:00,10.96,10.96,10.96,10.96,200,0
2016-05-09,19:00:00,11,11.12,11,11.12,600,0
2016-05-09,19:05:00,11.35,11.35,11.3,11.31,1002,0
2016-05-10,21:25:00,11.26,11.26,11.26,11.26,885,0
2016-05-11,18:05:00,11.0101,11.0101,11.0101,11.0101,500,0
2016-05-11,18:10:00,11.36,11.37,11.36,11.37,493,0
2016-05-11,18:15:00,11.78,11.78,11.78,11.78,100,0
2016-05-11,18:20:00,11.75,12,11.75,11.87,10730,0
2016-05-11,18:25:00,11.89,11.9,11.87,11.87,16171,0
2016-05-11,18:55:00,11.51,11.51,11.51,11.51,100,0
2016-05-11,19:00:00,11.6,11.6,11.58,11.6,1270,0
2016-05-11,20:15:00,11.65,11.66,11.65,11.66,1000,0
2016-05-11,20:25:00,11.35,11.35,11.35,11.35,500,0
2016-05-11,21:55:00,11.5,11.5,11.41,11.41,300,0
2016-05-13,15:40:00,9.74,9.74,9.74,9.74,885,0
2016-05-13,15:45:00,10.28,10.28,10.28,10.28,200,0
2016-05-13,19:15:00,11.25,11.25,11.25,11.25,200,0
2016-05-13,20:25:00,11.72,11.73,11.72,11.73,400,0
2016-05-13,20:35:00,11.84,11.84,11.84,11.84,300,0
2016-05-13,20:40:00,11.82,11.84,11.82,11.84,1000,0
2016-05-13,21:05:00,11.55,11.55,11.55,11.55,100,0
2016-05-13,21:10:00,11.55,11.6,11.475,11.475,700,0
2016-05-13,21:25:00,11.55,11.55,11.55,11.55,100,0
2016-05-13,21:30:00,11.58,11.6,11.58,11.6,300,0
2016-05-13,21:35:00,11.58,11.58,11.58,11.58,100,0
2016-05-13,21:40:00,11.65,11.65,11.65,11.65,100,0
2016-05-16,18:30:00,11.6,11.6,11.6,11.6,100,0
2016-05-16,18:45:00,11.6,11.6,11.6,11.6,100,0
2016-05-16,19:10:00,11.6,11.65,11.6,11.65,300,0
2016-05-16,19:15:00,11.73,11.73,11.73,11.73,868,0
2016-05-16,19:20:00,11.92,11.92,11.815,11.8958,1365,0
2016-05-16,19:45:00,11.84,11.87,11.5001,11.5001,10506,0
2016-05-16,20:35:00,11.6199,11.68,11.6,11.68,300,0
2016-05-16,21:45:00,11.65,11.69,11.65,11.69,600,0
2016-05-17,19:25:00,11.69,11.6999,11.69,11.6999,200,0
2016-05-17,20:10:00,11.69,11.7199,11.69,11.71,1100,0
2016-05-17,20:15:00,11.71,11.71,11.71,11.71,490,0
2016-05-17,22:00:00,11.68,11.68,11.68,11.68,575,0
2016-05-19,20:50:00,11.73,11.73,11.73,11.73,427,0
2016-05-19,20:55:00,11.73,11.73,11.73,11.73,428,0
2016-05-19,21:05:00,11.7396,11.7396,11.7396,11.7396,800,0
2016-05-19,21:25:00,11.85,11.85,11.85,11.85,100,0
2016-05-19,21:30:00,11.87,11.87,11.87,11.87,100,0
2016-05-19,22:00:00,11.84,11.84,11.84,11.84,100,0
2016-05-20,16:05:00,10.6036,10.6036,10.55,10.55,727,0
2016-05-20,21:40:00,11.65,11.67,11.65,11.67,200,0
2016-05-23,15:35:00,11.64,11.64,11.64,11.64,400,0
2016-05-23,17:30:00,11.64,11.64,11.64,11.64,160,0
2016-05-23,19:30:00,11.83,11.89,11.83,11.8799,1204,0
2016-05-23,22:00:00,11.84,11.84,11.84,11.84,100,0
2016-05-25,17:45:00,11.84,11.85,11.84,11.85,300,0
2016-05-25,18:55:00,11.82,11.85,11.82,11.85,700,0
2016-05-25,19:05:00,11.87,12.44,11.87,12.26,3790,0
2016-05-25,19:10:00,12.35,12.35,12.28,12.28,6340,0
2016-05-25,19:15:00,11.8999,11.8999,11.78,11.78,200,0
2016-05-25,20:05:00,11.92,11.92,11.92,11.92,100,0
2016-05-25,21:50:00,11.915,11.915,11.915,11.915,100,0
2016-05-25,21:55:00,12.01,12.01,12.01,12.01,100,0
2016-05-25,22:00:00,12.07,12.26,12.07,12.26,201,0
2016-05-26,17:45:00,11.95,11.95,11.95,11.95,100,0
2016-05-26,18:05:00,11.94,11.94,11.94,11.94,1400,0
2016-05-26,18:40:00,11.9499,11.9499,11.9499,11.9499,100,0
2016-05-26,20:05:00,11.66,11.66,11.66,11.66,100,0
2016-05-26,21:55:00,11.9,11.91,11.85,11.89,1401,0
2016-05-26,22:00:00,11.95,11.95,11.95,11.95,300,0
2016-05-31,15:35:00,11.57,11.57,11.57,11.57,160,0
2016-05-31,22:00:00,12.06,12.06,12.06,12.06,100,0
2016-06-01,15:35:00,12.07,12.07,12.07,12.07,622,0
2016-06-01,17:30:00,11.1591,11.1591,11.1591,11.1591,300,0
2016-06-02,17:25:00,11.21,11.2764,11.19,11.2764,818,0
2016-06-02,20:25:00,11.33,11.33,10.9989,11,2397,0
2016-06-02,21:05:00,10.95,11,10.95,10.9989,979,0
2016-06-02,21:25:00,11,11,11,11,600,0
2016-06-02,21:50:00,11.2501,11.31,11.2501,11.3005,1107,0
2016-06-03,18:10:00,11.5109,11.63,11.5109,11.63,1500,0
2016-06-03,18:25:00,11.65,11.65,11.47,11.48,11087,0
2016-06-06,20:10:00,11.4,11.4,11.25,11.25,4000,0
2016-06-06,20:20:00,11.2501,11.2501,11.2501,11.2501,150,0
2016-06-06,22:00:00,11.45,11.49,11.45,11.49,310,0
2016-06-07,22:00:00,11.45,11.48,11.45,11.48,800,0
2016-06-08,21:40:00,11.45,11.49,11.45,11.49,1084,0
2016-06-08,22:00:00,11.54,11.54,11.54,11.54,100,0
2016-06-09,17:00:00,10.71,11.74,10.63,11.74,417,0
2016-06-09,17:05:00,11.43,11.43,11.43,11.43,110,0
2016-06-09,17:30:00,11.51,11.51,11.51,11.51,300,0
2016-06-09,21:25:00,11.66,11.66,11.66,11.66,800,0
2016-06-09,21:50:00,11.66,11.66,11.66,11.66,400,0
2016-06-09,21:55:00,11.66,11.7,11.66,11.7,300,0
2016-06-09,22:00:00,11.7,11.7395,11.66,11.66,2700,0
2016-06-10,17:10:00,11.66,11.66,11.66,11.66,1000,0
2016-06-10,18:50:00,11.87,11.87,11.87,11.87,600,0
2016-06-10,18:55:00,11.87,11.87,11.87,11.87,800,0
2016-06-10,19:10:00,11.67,11.67,11.67,11.67,100,0
2016-06-10,21:00:00,11.69,11.71,11.69,11.69,10140,0
2016-06-10,21:05:00,11.69,11.69,11.69,11.69,1200,0
2016-06-10,21:15:00,11.7,11.7,11.69,11.69,2355,0
2016-06-10,21:20:00,11.66,11.66,11.66,11.66,200,0
2016-06-10,21:25:00,11.68,11.7,11.68,11.7,3000,0
2016-06-10,22:00:00,11.76,11.76,11.76,11.76,312,0
2016-06-13,15:35:00,11.77,11.77,11.77,11.77,100,0
2016-06-13,16:35:00,11.71,11.71,11.39,11.39,400,0
2016-06-13,18:10:00,11.5,11.5,11.4999,11.5,700,0
2016-06-13,18:25:00,11.7297,11.7297,11.7297,11.7297,210,0
2016-06-13,18:30:00,11.73,11.73,11.49,11.5,1715,0
2016-06-13,18:40:00,11.5,11.71,11.5,11.7005,2116,0
2016-06-14,18:20:00,11.8,11.8,11.8,11.8,250,0
2016-06-14,18:25:00,11.85,11.85,11.6,11.6,900,0
2016-06-14,18:30:00,11.7,11.7,11.6,11.6,1800,0
2016-06-14,18:45:00,11.71,11.87,11.71,11.87,200,0
2016-06-14,18:50:00,11.66,11.8,11.66,11.8,400,0
2016-06-14,19:15:00,11.8,11.94,11.78,11.78,1300,0
2016-06-14,19:20:00,11.75,11.81,11.75,11.81,2100,0
2016-06-17,22:00:00,10.83,10.83,10.83,10.83,922,0
2016-06-20,20:40:00,11.22,11.24,11.201,11.2015,600,0
2016-06-20,21:55:00,11.26,11.28,11.24,11.28,800,0
2016-06-21,20:40:00,11.2601,11.2601,11.2601,11.2601,1200,0
2016-06-21,20:50:00,11.35,11.35,11.35,11.35,581,0
2016-06-22,22:00:00,10.86,10.86,10.86,10.86,200,0
2016-06-24,15:35:00,11.3,11.3,11.3,11.3,300,0
2016-06-27,18:05:00,11.28,11.3,11.28,11.3,600,0
2016-06-27,19:05:00,11.3,11.32,10.91,11.3192,9673,0
2016-06-27,19:10:00,11.3,11.32,11,11.32,11200,0
2016-06-27,19:15:00,11.32,11.32,11.32,11.32,3600,0
2016-06-27,19:20:00,11.31,11.32,11.17,11.17,2300,0
2016-06-27,19:25:00,11.2,11.2,11.1901,11.1901,200,0
2016-06-27,19:40:00,11.3,11.3,11.3,11.3,10000,0
2016-06-27,22:00:00,11.12,11.12,11.12,11.12,100,0
2016-06-28,15:35:00,11.17,11.17,11.17,11.17,100,0
2016-06-28,16:40:00,11.275,11.275,11.275,11.275,315,0
2016-06-28,18:55:00,11.25,11.25,11.25,11.25,300,0
2016-06-28,19:25:00,11.32,11.32,11.32,11.32,100,0
2016-06-28,21:10:00,11.25,11.25,11.25,11.25,101,0
2016-06-28,21:15:00,11.25,11.26,11.25,11.25,999,0
2016-06-28,21:20:00,11.13,11.24,11.13,11.24,800,0
2016-06-28,21:25:00,11.27,11.27,11.25,11.25,200,0
2016-06-28,22:00:00,10.88,10.88,10.83,10.83,200,0
2016-06-29,15:40:00,11.3,11.3,11.3,11.3,100,0
2016-06-29,18:35:00,11.24,11.32,11.24,11.3,500,0
2016-06-29,18:40:00,11.32,11.32,11.32,11.32,400,0
2016-06-29,18:55:00,11.32,11.32,11.32,11.32,200,0
2016-06-29,19:05:00,11.3,11.3,11.3,11.3,900,0
2016-06-29,19:30:00,11.32,11.32,11.32,11.32,100,0
2016-06-29,19:35:00,11.32,11.32,11.32,11.32,100,0
2016-06-29,20:45:00,11.3,11.3,11.3,11.3,210,0
2016-06-29,22:00:00,11,11,10.93,10.93,200,0
2016-06-30,17:45:00,11.06,11.06,11.02,11.02,500,0
2016-06-30,19:10:00,10.9,10.9,10.8,10.8,397,0
2016-06-30,21:25:00,10.8,10.8,10.8,10.8,300,0
