Date,Time,Open,High,Low,Close,Volume,OpenInt
2016-05-06,15:35:00,0.34,0.35,0.34,0.3499,61197,0
2016-05-06,15:40:00,0.3498,0.359,0.3498,0.3585,33054,0
2016-05-06,15:45:00,0.3505,0.3796,0.3505,0.3507,231439,0
2016-05-06,15:50:00,0.37,0.37,0.36,0.3605,44088,0
2016-05-06,15:55:00,0.3631,0.3631,0.3631,0.3631,2000,0
2016-05-06,16:00:00,0.361,0.3695,0.36,0.3695,71102,0
2016-05-06,16:05:00,0.3695,0.3695,0.36,0.3644,20920,0
2016-05-06,16:10:00,0.3693,0.3693,0.364,0.368,60726,0
2016-05-06,16:15:00,0.365,0.3672,0.3619,0.3619,6706,0
2016-05-06,16:20:00,0.3611,0.3679,0.3611,0.365,58700,0
2016-05-06,16:25:00,0.3653,0.3675,0.3652,0.3665,5262,0
2016-05-06,16:30:00,0.3652,0.3675,0.365,0.3675,13711,0
2016-05-06,16:35:00,0.3675,0.3675,0.36,0.36,20715,0
2016-05-06,16:40:00,0.36,0.3616,0.3557,0.36,34662,0
2016-05-06,16:45:00,0.36,0.362,0.3599,0.362,59285,0
2016-05-06,16:50:00,0.3655,0.3673,0.3557,0.3673,3950,0
2016-05-06,16:55:00,0.3673,0.3673,0.3555,0.3635,5800,0
2016-05-06,17:00:00,0.3635,0.3635,0.3595,0.3595,7088,0
2016-05-06,17:05:00,0.36,0.36,0.3566,0.3566,1400,0
2016-05-06,17:10:00,0.36,0.36,0.3575,0.3575,9300,0
2016-05-06,17:15:00,0.3594,0.36,0.3575,0.3575,7567,0
2016-05-06,17:20:00,0.3575,0.36,0.3528,0.3534,51185,0
2016-05-06,17:25:00,0.3555,0.36,0.3539,0.3539,11070,0
2016-05-06,17:30:00,0.3566,0.36,0.3566,0.36,900,0
2016-05-06,17:35:00,0.3566,0.3599,0.3551,0.3575,2565,0
2016-05-06,17:40:00,0.3599,0.3599,0.3555,0.3555,5615,0
2016-05-06,17:45:00,0.3577,0.3599,0.355,0.355,1033,0
2016-05-06,17:50:00,0.3598,0.3598,0.3598,0.3598,700,0
2016-05-06,17:55:00,0.3598,0.36,0.359,0.36,7912,0
2016-05-06,18:00:00,0.36,0.36,0.3591,0.36,17400,0
2016-05-06,18:05:00,0.36,0.36,0.3562,0.36,19719,0
2016-05-06,18:10:00,0.36,0.36,0.3583,0.36,1200,0
2016-05-06,18:15:00,0.36,0.36,0.3567,0.36,4700,0
2016-05-06,18:20:00,0.3584,0.36,0.3567,0.3568,2950,0
2016-05-06,18:25:00,0.36,0.36,0.3567,0.36,23688,0
2016-05-06,18:30:00,0.36,0.36,0.36,0.36,12255,0
2016-05-06,18:35:00,0.3599,0.36,0.3567,0.358,17700,0
2016-05-06,18:40:00,0.358,0.358,0.358,0.358,100,0
2016-05-06,18:45:00,0.358,0.36,0.3567,0.36,30951,0
2016-05-06,18:50:00,0.357,0.36,0.3567,0.3569,7276,0
2016-05-06,18:55:00,0.3567,0.357,0.3552,0.357,22809,0
2016-05-06,19:00:00,0.3564,0.3564,0.355,0.355,1600,0
2016-05-06,19:05:00,0.3565,0.3565,0.3552,0.3558,1468,0
2016-05-06,19:10:00,0.3558,0.36,0.355,0.36,11505,0
2016-05-06,19:15:00,0.36,0.36,0.3589,0.359,1082,0
2016-05-06,19:20:00,0.3589,0.359,0.355,0.3564,4050,0
2016-05-06,19:25:00,0.359,0.359,0.35,0.357,64348,0
2016-05-06,19:30:00,0.3515,0.3568,0.351,0.3568,12785,0
2016-05-06,19:35:00,0.351,0.359,0.35,0.35,51655,0
2016-05-06,19:40:00,0.35,0.359,0.35,0.3545,7864,0
2016-05-06,19:45:00,0.3569,0.358,0.341,0.3415,508432,0
2016-05-06,19:50:00,0.3579,0.3579,0.3421,0.3421,1355,0
2016-05-06,19:55:00,0.3489,0.35,0.3435,0.3435,4710,0
2016-05-06,20:00:00,0.3489,0.3489,0.3489,0.3489,100,0
2016-05-06,20:05:00,0.3492,0.35,0.3475,0.3495,3851,0
2016-05-06,20:10:00,0.35,0.35,0.3448,0.3499,2362,0
2016-05-06,20:15:00,0.3499,0.35,0.3447,0.35,14813,0
2016-05-06,20:20:00,0.35,0.352,0.3455,0.3459,19988,0
2016-05-06,20:25:00,0.3459,0.3466,0.3459,0.3466,21037,0
2016-05-06,20:30:00,0.3459,0.3492,0.3459,0.346,2434,0
2016-05-06,20:35:00,0.3492,0.3492,0.3459,0.3492,3356,0
2016-05-06,20:40:00,0.3491,0.3492,0.346,0.346,15327,0
2016-05-06,20:45:00,0.346,0.3492,0.346,0.3484,3700,0
2016-05-06,20:50:00,0.3475,0.3492,0.338,0.3391,233921,0
2016-05-06,20:55:00,0.3383,0.341,0.3382,0.341,2800,0
2016-05-06,21:00:00,0.34,0.345,0.34,0.3416,4611,0
2016-05-06,21:05:00,0.3416,0.343,0.341,0.343,1700,0
2016-05-06,21:10:00,0.343,0.3453,0.341,0.3453,2829,0
2016-05-06,21:15:00,0.343,0.3451,0.3416,0.3451,2700,0
2016-05-06,21:20:00,0.3451,0.35,0.3418,0.3499,46147,0
2016-05-06,21:25:00,0.3466,0.35,0.3465,0.3497,4200,0
2016-05-06,21:30:00,0.347,0.35,0.3465,0.3499,5200,0
2016-05-06,21:35:00,0.3499,0.35,0.345,0.3458,28500,0
2016-05-06,21:40:00,0.3458,0.35,0.345,0.345,9513,0
2016-05-06,21:45:00,0.345,0.3494,0.345,0.3452,34300,0
2016-05-06,21:50:00,0.349,0.359,0.3452,0.352,58974,0
2016-05-06,21:55:00,0.3476,0.361,0.346,0.361,222166,0
2016-05-06,22:00:00,0.36,0.361,0.345,0.3543,165452,0
2016-05-09,15:35:00,0.3619,0.3619,0.355,0.355,67818,0
2016-05-09,15:40:00,0.3568,0.3593,0.355,0.3593,14961,0
2016-05-09,15:45:00,0.3592,0.3592,0.355,0.355,30063,0
2016-05-09,15:50:00,0.354,0.354,0.3522,0.3522,19863,0
2016-05-09,15:55:00,0.353,0.3571,0.3525,0.3544,80230,0
2016-05-09,16:00:00,0.3542,0.3543,0.35,0.35,5616,0
2016-05-09,16:05:00,0.35,0.3508,0.3485,0.3498,83585,0
2016-05-09,16:10:00,0.3498,0.3498,0.3486,0.3496,1300,0
2016-05-09,16:15:00,0.3492,0.35,0.3484,0.3485,3300,0
2016-05-09,16:20:00,0.3485,0.35,0.3431,0.3432,9503,0
2016-05-09,16:25:00,0.35,0.35,0.3437,0.3437,5300,0
2016-05-09,16:30:00,0.3437,0.3499,0.3431,0.3433,4140,0
2016-05-09,16:35:00,0.3499,0.35,0.3431,0.35,25166,0
2016-05-09,16:40:00,0.3478,0.3501,0.3446,0.3446,13445,0
2016-05-09,16:45:00,0.3501,0.3501,0.3432,0.3476,70662,0
2016-05-09,16:50:00,0.3436,0.3484,0.3436,0.3437,832,0
2016-05-09,16:55:00,0.344,0.35,0.344,0.3451,9300,0
2016-05-09,17:00:00,0.3452,0.3501,0.3451,0.3468,12308,0
2016-05-09,17:05:00,0.346,0.3501,0.3459,0.3475,7927,0
2016-05-09,17:10:00,0.3475,0.35,0.3475,0.3475,5540,0
2016-05-09,17:15:00,0.3461,0.35,0.3461,0.3461,2970,0
2016-05-09,17:20:00,0.3463,0.35,0.3461,0.3461,12082,0
2016-05-09,17:25:00,0.3461,0.3499,0.3431,0.3431,62970,0
2016-05-09,17:30:00,0.3431,0.3499,0.3431,0.3431,3263,0
2016-05-09,17:35:00,0.3431,0.3443,0.3431,0.3431,1700,0
2016-05-09,17:40:00,0.3431,0.349,0.3431,0.3431,7120,0
2016-05-09,17:45:00,0.3441,0.35,0.3431,0.35,77205,0
2016-05-09,17:50:00,0.3475,0.35,0.3425,0.3425,1710,0
2016-05-09,17:55:00,0.3425,0.3454,0.3425,0.3432,3000,0
2016-05-09,18:00:00,0.3441,0.3441,0.3427,0.3432,1800,0
2016-05-09,18:05:00,0.3428,0.3499,0.3426,0.343,2090,0
2016-05-09,18:10:00,0.3432,0.3432,0.343,0.343,200,0
2016-05-09,18:15:00,0.3431,0.3497,0.343,0.3442,4300,0
2016-05-09,18:20:00,0.3442,0.3497,0.3442,0.3442,10900,0
2016-05-09,18:25:00,0.3445,0.3497,0.3442,0.3497,30800,0
2016-05-09,18:30:00,0.3443,0.3464,0.3443,0.3443,1810,0
2016-05-09,18:35:00,0.3445,0.3484,0.3425,0.3425,24003,0
2016-05-09,18:40:00,0.348,0.348,0.34,0.34,93308,0
2016-05-09,18:45:00,0.34,0.3413,0.337,0.3397,124073,0
2016-05-09,18:50:00,0.34,0.3468,0.339,0.3401,34189,0
2016-05-09,18:55:00,0.3415,0.3416,0.339,0.339,21605,0
2016-05-09,19:05:00,0.339,0.3406,0.339,0.3406,5500,0
2016-05-09,19:10:00,0.3421,0.3421,0.34,0.34,2609,0
2016-05-09,19:15:00,0.3402,0.342,0.34,0.34,4900,0
2016-05-09,19:20:00,0.34,0.342,0.34,0.3413,6100,0
2016-05-09,19:25:00,0.34,0.342,0.34,0.3418,15369,0
2016-05-09,19:30:00,0.341,0.342,0.34,0.342,1416,0
2016-05-09,19:35:00,0.342,0.3434,0.342,0.3434,737,0
2016-05-09,19:40:00,0.3435,0.344,0.3435,0.344,1301,0
2016-05-09,19:45:00,0.3435,0.3435,0.342,0.342,6140,0
2016-05-09,19:50:00,0.342,0.3449,0.342,0.342,2150,0
2016-05-09,19:55:00,0.342,0.35,0.342,0.3467,56338,0
2016-05-09,20:00:00,0.3441,0.3491,0.3441,0.3491,2500,0
2016-05-09,20:05:00,0.3492,0.3492,0.342,0.342,22483,0
2016-05-09,20:10:00,0.3422,0.3438,0.342,0.3438,29279,0
2016-05-09,20:15:00,0.3436,0.3436,0.3435,0.3435,697,0
2016-05-09,20:20:00,0.3448,0.3448,0.34,0.34,11516,0
2016-05-09,20:25:00,0.3448,0.3481,0.342,0.342,14924,0
2016-05-09,20:30:00,0.3438,0.3438,0.3438,0.3438,1200,0
2016-05-09,20:35:00,0.347,0.3481,0.3434,0.3434,9576,0
2016-05-09,20:40:00,0.3482,0.3482,0.3428,0.3428,3300,0
2016-05-09,20:45:00,0.3444,0.3444,0.3418,0.3428,1192,0
2016-05-09,20:50:00,0.3418,0.3419,0.34,0.34,23329,0
2016-05-09,20:55:00,0.3402,0.341,0.3402,0.3407,4083,0
2016-05-09,21:00:00,0.3402,0.3444,0.3402,0.3444,9760,0
2016-05-09,21:05:00,0.345,0.3466,0.3427,0.3427,8560,0
2016-05-09,21:10:00,0.3423,0.3428,0.3415,0.3428,2276,0
2016-05-09,21:15:00,0.3415,0.3422,0.3415,0.3415,1150,0
2016-05-09,21:20:00,0.3415,0.346,0.3415,0.3415,8275,0
2016-05-09,21:25:00,0.346,0.346,0.3415,0.3415,7030,0
2016-05-09,21:30:00,0.3415,0.3415,0.339,0.3395,58146,0
2016-05-09,21:35:00,0.3396,0.3398,0.3371,0.3371,37800,0
2016-05-09,21:40:00,0.339,0.3395,0.3371,0.3395,7992,0
2016-05-09,21:45:00,0.3396,0.3396,0.3374,0.3395,2023,0
2016-05-09,21:50:00,0.3394,0.3394,0.338,0.3382,7555,0
2016-05-09,21:55:00,0.338,0.3394,0.338,0.3385,32669,0
2016-05-09,22:00:00,0.3381,0.339,0.338,0.338,45447,0
2016-05-10,15:35:00,0.35,0.35,0.341,0.3425,16055,0
2016-05-10,15:40:00,0.3411,0.349,0.3411,0.3424,12093,0
2016-05-10,15:45:00,0.349,0.3562,0.3423,0.3562,36869,0
2016-05-10,15:50:00,0.343,0.356,0.343,0.349,5408,0
2016-05-10,15:55:00,0.348,0.348,0.3449,0.347,4011,0
2016-05-10,16:00:00,0.347,0.35,0.3469,0.35,16110,0
2016-05-10,16:05:00,0.3471,0.3497,0.347,0.3492,8745,0
2016-05-10,16:10:00,0.3496,0.3497,0.345,0.345,10638,0
2016-05-10,16:15:00,0.348,0.348,0.3456,0.3456,5640,0
2016-05-10,16:20:00,0.3455,0.348,0.3449,0.3463,15762,0
2016-05-10,16:25:00,0.3463,0.3473,0.345,0.345,3868,0
2016-05-10,16:30:00,0.345,0.345,0.3423,0.3423,5944,0
2016-05-10,16:35:00,0.3418,0.3425,0.3418,0.3424,9860,0
2016-05-10,16:40:00,0.3428,0.3463,0.3422,0.3422,27050,0
2016-05-10,16:45:00,0.3436,0.3463,0.3422,0.3463,40650,0
2016-05-10,16:50:00,0.3463,0.3463,0.345,0.3453,3899,0
2016-05-10,16:55:00,0.345,0.3521,0.345,0.3521,68254,0
2016-05-10,17:00:00,0.3521,0.3531,0.3488,0.3508,124830,0
2016-05-10,17:05:00,0.355,0.355,0.351,0.3515,2970,0
2016-05-10,17:10:00,0.3515,0.3559,0.351,0.3559,35121,0
2016-05-10,17:15:00,0.3559,0.356,0.352,0.3552,18992,0
2016-05-10,17:20:00,0.3555,0.356,0.3512,0.3558,18938,0
2016-05-10,17:25:00,0.3559,0.3559,0.345,0.3497,313200,0
2016-05-10,17:30:00,0.3499,0.3506,0.3467,0.35,16434,0
2016-05-10,17:35:00,0.3499,0.3501,0.3459,0.3501,64640,0
2016-05-10,17:40:00,0.35,0.35,0.35,0.35,3000,0
2016-05-10,17:45:00,0.3528,0.3528,0.35,0.3516,4200,0
2016-05-10,17:50:00,0.3526,0.3527,0.3474,0.3474,8640,0
2016-05-10,17:55:00,0.3474,0.3483,0.3416,0.3483,10985,0
2016-05-10,18:00:00,0.3499,0.35,0.3476,0.3476,8227,0
2016-05-10,18:05:00,0.35,0.35,0.3473,0.3497,134183,0
2016-05-10,18:10:00,0.3474,0.3479,0.3474,0.3479,5201,0
2016-05-10,18:15:00,0.3474,0.3474,0.3474,0.3474,2900,0
2016-05-10,18:20:00,0.3474,0.3474,0.3474,0.3474,461,0
2016-05-10,18:25:00,0.3487,0.351,0.3487,0.351,17084,0
2016-05-10,18:30:00,0.35,0.3509,0.35,0.3509,14400,0
2016-05-10,18:35:00,0.3503,0.351,0.3503,0.351,5000,0
2016-05-10,18:40:00,0.3505,0.3549,0.3505,0.353,20578,0
2016-05-10,18:45:00,0.353,0.358,0.353,0.358,35862,0
2016-05-10,18:50:00,0.358,0.3599,0.354,0.3599,29558,0
2016-05-10,18:55:00,0.3567,0.3595,0.354,0.3568,2767,0
2016-05-10,19:00:00,0.354,0.357,0.354,0.357,3373,0
2016-05-10,19:05:00,0.354,0.354,0.354,0.354,200,0
2016-05-10,19:10:00,0.3578,0.3578,0.3543,0.3575,4465,0
2016-05-10,19:15:00,0.3555,0.3578,0.3542,0.3542,946,0
2016-05-10,19:20:00,0.354,0.357,0.354,0.354,15788,0
2016-05-10,19:25:00,0.354,0.355,0.35,0.352,17797,0
2016-05-10,19:30:00,0.3501,0.3522,0.35,0.35,8455,0
2016-05-10,19:35:00,0.3496,0.3524,0.3495,0.3524,8393,0
2016-05-10,19:40:00,0.3518,0.3518,0.3508,0.3508,2836,0
2016-05-10,19:45:00,0.3509,0.3509,0.3509,0.3509,900,0
2016-05-10,19:50:00,0.35,0.3504,0.3491,0.3498,9352,0
2016-05-10,19:55:00,0.35,0.3503,0.3472,0.3472,8247,0
2016-05-10,20:00:00,0.3489,0.35,0.3481,0.3481,7242,0
2016-05-10,20:05:00,0.3478,0.3478,0.345,0.345,9646,0
2016-05-10,20:10:00,0.345,0.3477,0.3434,0.3477,19377,0
2016-05-10,20:15:00,0.3451,0.3477,0.3451,0.3477,3515,0
2016-05-10,20:20:00,0.3499,0.3529,0.3477,0.3481,16437,0
2016-05-10,20:25:00,0.3479,0.3479,0.3458,0.3458,1400,0
2016-05-10,20:30:00,0.3498,0.35,0.3458,0.346,1219,0
2016-05-10,20:35:00,0.3461,0.3505,0.3458,0.35,7874,0
2016-05-10,20:40:00,0.35,0.3504,0.35,0.3502,6610,0
2016-05-10,20:45:00,0.3504,0.3505,0.35,0.35,4300,0
2016-05-10,20:50:00,0.35,0.3529,0.35,0.35,9654,0
2016-05-10,20:55:00,0.351,0.351,0.3453,0.3453,21100,0
2016-05-10,21:00:00,0.3453,0.35,0.3453,0.3453,25129,0
2016-05-10,21:05:00,0.3454,0.3461,0.3454,0.3454,1000,0
2016-05-10,21:10:00,0.3461,0.349,0.3461,0.349,1162,0
2016-05-10,21:15:00,0.3498,0.3498,0.3455,0.3461,7749,0
2016-05-10,21:20:00,0.3461,0.3461,0.3461,0.3461,300,0
2016-05-10,21:25:00,0.3455,0.3496,0.3454,0.348,16598,0
2016-05-10,21:30:00,0.3477,0.3477,0.3454,0.3454,3500,0
2016-05-10,21:35:00,0.3455,0.3465,0.3455,0.3461,1800,0
2016-05-10,21:40:00,0.3459,0.3467,0.3412,0.3413,44660,0
2016-05-10,21:45:00,0.3412,0.3412,0.34,0.341,22404,0
2016-05-10,21:50:00,0.3407,0.3407,0.3401,0.3401,23926,0
2016-05-10,21:55:00,0.3407,0.3407,0.34,0.3404,93746,0
2016-05-10,22:00:00,0.3404,0.341,0.34,0.3404,65488,0
2016-05-11,15:35:00,0.344,0.35,0.3418,0.3423,138682,0
2016-05-11,15:40:00,0.3423,0.35,0.3423,0.35,21656,0
2016-05-11,15:45:00,0.3426,0.35,0.3423,0.345,21603,0
2016-05-11,15:50:00,0.3424,0.3498,0.3424,0.3454,11089,0
2016-05-11,15:55:00,0.3426,0.3498,0.3423,0.3423,64920,0
2016-05-11,16:00:00,0.3423,0.3485,0.342,0.3425,4300,0
2016-05-11,16:05:00,0.3425,0.3479,0.3418,0.3473,15997,0
2016-05-11,16:10:00,0.3412,0.3412,0.3412,0.3412,7500,0
2016-05-11,16:15:00,0.347,0.347,0.338,0.339,292796,0
2016-05-11,16:20:00,0.3381,0.3412,0.338,0.3412,9014,0
2016-05-11,16:25:00,0.3383,0.34,0.3354,0.3361,93204,0
2016-05-11,16:30:00,0.3353,0.3378,0.3342,0.3344,26272,0
2016-05-11,16:35:00,0.3344,0.34,0.3344,0.34,40295,0
2016-05-11,16:40:00,0.3389,0.3576,0.3389,0.3547,205261,0
2016-05-11,16:45:00,0.3499,0.35,0.3401,0.3476,292947,0
2016-05-11,16:50:00,0.3488,0.3492,0.3428,0.347,13850,0
2016-05-11,16:55:00,0.347,0.3503,0.3445,0.3449,29879,0
2016-05-11,17:00:00,0.3499,0.355,0.3447,0.35,58270,0
2016-05-11,17:05:00,0.3483,0.3489,0.3426,0.3426,42459,0
2016-05-11,17:10:00,0.3449,0.35,0.3402,0.3405,22268,0
2016-05-11,17:15:00,0.344,0.35,0.3409,0.3409,1202,0
2016-05-11,17:20:00,0.341,0.3498,0.341,0.3498,51814,0
2016-05-11,17:25:00,0.3449,0.3498,0.3425,0.3498,26300,0
2016-05-11,17:30:00,0.3425,0.35,0.3425,0.35,45279,0
2016-05-11,17:35:00,0.35,0.3512,0.35,0.3501,40785,0
2016-05-11,17:40:00,0.3501,0.3547,0.3501,0.354,34833,0
2016-05-11,17:45:00,0.3547,0.3548,0.351,0.3548,31591,0
2016-05-11,17:50:00,0.3549,0.3549,0.3536,0.3549,796,0
2016-05-11,17:55:00,0.3513,0.3549,0.3513,0.3516,5952,0
2016-05-11,18:00:00,0.3517,0.3575,0.3517,0.3575,20900,0
2016-05-11,18:05:00,0.355,0.357,0.349,0.3546,35431,0
2016-05-11,18:10:00,0.3545,0.3545,0.3501,0.3527,4475,0
2016-05-11,18:15:00,0.351,0.3545,0.3501,0.3545,1900,0
2016-05-11,18:20:00,0.3501,0.3544,0.3497,0.3497,700,0
2016-05-11,18:25:00,0.3545,0.3545,0.35,0.3545,5181,0
2016-05-11,18:30:00,0.3497,0.3497,0.3469,0.3471,15000,0
2016-05-11,18:35:00,0.3465,0.3465,0.3465,0.3465,1000,0
2016-05-11,18:40:00,0.3496,0.35,0.3465,0.3465,17488,0
2016-05-11,18:45:00,0.35,0.35,0.3465,0.3482,3050,0
2016-05-11,18:50:00,0.3483,0.3483,0.3465,0.3481,47834,0
2016-05-11,18:55:00,0.3481,0.3481,0.347,0.3473,16168,0
2016-05-11,19:00:00,0.3481,0.3481,0.347,0.347,13500,0
2016-05-11,19:05:00,0.3474,0.35,0.347,0.35,14316,0
2016-05-11,19:10:00,0.3478,0.3478,0.347,0.347,30500,0
2016-05-11,19:15:00,0.3499,0.3499,0.3499,0.3499,100,0
2016-05-11,19:20:00,0.3481,0.3484,0.3481,0.3481,2900,0
2016-05-11,19:25:00,0.3481,0.3499,0.3481,0.3481,4100,0
2016-05-11,19:30:00,0.3499,0.3499,0.3481,0.3481,11600,0
2016-05-11,19:35:00,0.3481,0.3499,0.3477,0.3499,1240,0
2016-05-11,19:40:00,0.3481,0.3481,0.3472,0.3472,2175,0
2016-05-11,19:45:00,0.349,0.349,0.3467,0.349,16200,0
2016-05-11,19:55:00,0.346,0.3499,0.345,0.345,5247,0
2016-05-11,20:00:00,0.3498,0.3498,0.345,0.3497,7400,0
2016-05-11,20:05:00,0.345,0.3498,0.345,0.3464,13763,0
2016-05-11,20:10:00,0.346,0.346,0.34,0.3436,39461,0
2016-05-11,20:15:00,0.3445,0.346,0.34,0.346,28265,0
2016-05-11,20:20:00,0.3457,0.3457,0.3457,0.3457,100,0
2016-05-11,20:25:00,0.3411,0.346,0.341,0.3438,11267,0
2016-05-11,20:30:00,0.3439,0.346,0.3417,0.346,12250,0
2016-05-11,20:35:00,0.346,0.346,0.342,0.3428,1497,0
2016-05-11,20:40:00,0.3429,0.3431,0.3429,0.3431,5600,0
2016-05-11,20:45:00,0.3429,0.343,0.342,0.343,14726,0
2016-05-11,20:50:00,0.3451,0.3451,0.3442,0.3442,1553,0
2016-05-11,20:55:00,0.343,0.343,0.338,0.34,100596,0
2016-05-11,21:00:00,0.337,0.34,0.337,0.339,27050,0
2016-05-11,21:05:00,0.3398,0.3423,0.3395,0.3423,47835,0
2016-05-11,21:10:00,0.3414,0.3433,0.3401,0.3409,8900,0
2016-05-11,21:15:00,0.3407,0.3407,0.3386,0.3389,33750,0
2016-05-11,21:20:00,0.3389,0.34,0.337,0.337,34490,0
2016-05-11,21:25:00,0.3378,0.3399,0.3378,0.3399,3700,0
2016-05-11,21:30:00,0.3376,0.3376,0.337,0.337,5110,0
2016-05-11,21:35:00,0.3384,0.34,0.3384,0.34,11107,0
2016-05-11,21:40:00,0.3383,0.3395,0.3383,0.3395,508,0
2016-05-11,21:45:00,0.3383,0.34,0.3376,0.339,8530,0
2016-05-11,21:50:00,0.339,0.3393,0.335,0.3361,176715,0
2016-05-11,21:55:00,0.3358,0.3408,0.335,0.335,150182,0
2016-05-11,22:00:00,0.335,0.3394,0.33,0.331,43496,0
2016-05-12,15:35:00,0.15,0.15,0.12,0.1344,2876242,0
2016-05-12,15:40:00,0.134,0.146,0.133,0.14,1524993,0
2016-05-12,15:45:00,0.14,0.145,0.1314,0.1415,1628565,0
2016-05-12,15:50:00,0.1428,0.1448,0.14,0.1401,329884,0
2016-05-12,15:55:00,0.14,0.1406,0.138,0.1399,606061,0
2016-05-12,16:00:00,0.1385,0.1399,0.1362,0.1393,315138,0
2016-05-12,16:05:00,0.1382,0.1397,0.135,0.135,412671,0
2016-05-12,16:10:00,0.135,0.1351,0.1315,0.1317,330509,0
2016-05-12,16:15:00,0.1319,0.1339,0.1301,0.1301,522702,0
2016-05-12,16:20:00,0.1301,0.1339,0.125,0.1333,817616,0
2016-05-12,16:25:00,0.1316,0.1334,0.1308,0.133,266422,0
2016-05-12,16:30:00,0.1315,0.143,0.1315,0.1407,452674,0
2016-05-12,16:35:00,0.1404,0.155,0.1403,0.155,1620270,0
2016-05-12,16:40:00,0.154,0.1549,0.1478,0.15,312755,0
2016-05-12,16:45:00,0.15,0.1501,0.137,0.14,206785,0
2016-05-12,16:50:00,0.137,0.147,0.135,0.14,206995,0
2016-05-12,16:55:00,0.14,0.1445,0.14,0.1444,139315,0
2016-05-12,17:00:00,0.1444,0.15,0.1441,0.1456,210499,0
2016-05-12,17:05:00,0.1494,0.1494,0.1418,0.144,74901,0
2016-05-12,17:10:00,0.1418,0.143,0.14,0.143,111010,0
2016-05-12,17:15:00,0.1429,0.143,0.14,0.141,86870,0
2016-05-12,17:20:00,0.141,0.143,0.14,0.14,190719,0
2016-05-12,17:25:00,0.14,0.1415,0.135,0.135,157531,0
2016-05-12,17:30:00,0.135,0.1358,0.1325,0.1351,137386,0
2016-05-12,17:35:00,0.1351,0.1361,0.1331,0.1336,65509,0
2016-05-12,17:40:00,0.1359,0.136,0.133,0.1331,58968,0
2016-05-12,17:45:00,0.133,0.1347,0.1318,0.133,158633,0
2016-05-12,17:50:00,0.133,0.1348,0.1311,0.133,140361,0
2016-05-12,17:55:00,0.1314,0.133,0.131,0.131,83708,0
2016-05-12,18:00:00,0.131,0.1335,0.1301,0.1301,238370,0
2016-05-12,18:05:00,0.1301,0.1336,0.13,0.1308,78971,0
2016-05-12,18:10:00,0.1308,0.1397,0.13,0.1397,229536,0
2016-05-12,18:15:00,0.1373,0.1385,0.1334,0.1385,134917,0
2016-05-12,18:20:00,0.1385,0.143,0.1377,0.1397,207199,0
2016-05-12,18:25:00,0.1397,0.1411,0.1335,0.1335,176569,0
2016-05-12,18:30:00,0.1337,0.1346,0.1315,0.1346,161979,0
2016-05-12,18:35:00,0.1347,0.1365,0.1345,0.135,125076,0
2016-05-12,18:40:00,0.1361,0.1361,0.134,0.135,93236,0
2016-05-12,18:45:00,0.135,0.1361,0.1335,0.1349,159633,0
2016-05-12,18:50:00,0.1349,0.1381,0.1346,0.1371,93824,0
2016-05-12,18:55:00,0.1364,0.1382,0.135,0.1357,75095,0
2016-05-12,19:00:00,0.1357,0.138,0.135,0.1359,68415,0
2016-05-12,19:05:00,0.1371,0.138,0.1351,0.1373,70290,0
2016-05-12,19:10:00,0.138,0.138,0.1366,0.1366,68271,0
2016-05-12,19:15:00,0.1366,0.1368,0.1351,0.1366,75903,0
2016-05-12,19:20:00,0.1351,0.1366,0.1351,0.1353,45038,0
2016-05-12,19:25:00,0.1366,0.1366,0.134,0.135,264324,0
2016-05-12,19:30:00,0.1351,0.1351,0.1342,0.1345,61211,0
2016-05-12,19:35:00,0.1346,0.1371,0.1345,0.1352,82868,0
2016-05-12,19:40:00,0.1357,0.138,0.1351,0.1354,80343,0
2016-05-12,19:45:00,0.1354,0.1374,0.134,0.1341,150559,0
2016-05-12,19:50:00,0.134,0.1368,0.132,0.1368,181143,0
2016-05-12,19:55:00,0.133,0.1348,0.132,0.132,82195,0
2016-05-12,20:00:00,0.132,0.1345,0.1309,0.1315,58245,0
2016-05-12,20:05:00,0.1315,0.134,0.1315,0.1315,54684,0
2016-05-12,20:10:00,0.1316,0.1338,0.1315,0.1324,118370,0
2016-05-12,20:15:00,0.1325,0.1338,0.1318,0.1328,33417,0
2016-05-12,20:20:00,0.1322,0.1332,0.1315,0.1315,81518,0
2016-05-12,20:25:00,0.1315,0.1338,0.1315,0.1316,54691,0
2016-05-12,20:30:00,0.1315,0.1325,0.1313,0.132,61082,0
2016-05-12,20:35:00,0.132,0.134,0.132,0.1333,83864,0
2016-05-12,20:40:00,0.1333,0.1333,0.1321,0.1325,28650,0
2016-05-12,20:45:00,0.1333,0.134,0.132,0.134,127380,0
2016-05-12,20:50:00,0.134,0.1341,0.133,0.1341,61356,0
2016-05-12,20:55:00,0.134,0.137,0.1322,0.135,114211,0
2016-05-12,21:00:00,0.1365,0.1411,0.1349,0.141,351558,0
2016-05-12,21:05:00,0.141,0.1426,0.1351,0.1372,199364,0
2016-05-12,21:10:00,0.1366,0.14,0.1365,0.14,173884,0
2016-05-12,21:15:00,0.1396,0.1401,0.1396,0.1401,60984,0
2016-05-12,21:20:00,0.14,0.1401,0.137,0.1375,208241,0
2016-05-12,21:25:00,0.1375,0.1391,0.1331,0.1365,198976,0
2016-05-12,21:30:00,0.1369,0.14,0.1369,0.1381,71109,0
2016-05-12,21:35:00,0.14,0.1404,0.1371,0.1397,122377,0
2016-05-12,21:40:00,0.14,0.1404,0.1391,0.14,51114,0
2016-05-12,21:45:00,0.14,0.1401,0.14,0.1401,196693,0
2016-05-12,21:50:00,0.14,0.1411,0.138,0.1405,195354,0
2016-05-12,21:55:00,0.1405,0.1443,0.1405,0.1431,182863,0
2016-05-12,22:00:00,0.143,0.144,0.141,0.1431,225004,0
2016-05-13,15:35:00,0.137,0.14,0.135,0.1351,328180,0
2016-05-13,15:40:00,0.1351,0.1399,0.135,0.1362,109504,0
2016-05-13,15:45:00,0.138,0.1426,0.1353,0.1426,102083,0
2016-05-13,15:50:00,0.1426,0.1426,0.1365,0.1365,94183,0
2016-05-13,15:55:00,0.137,0.137,0.13,0.1348,335982,0
2016-05-13,16:00:00,0.1311,0.1348,0.131,0.1314,73822,0
2016-05-13,16:05:00,0.1313,0.1314,0.131,0.1311,61375,0
2016-05-13,16:10:00,0.1311,0.133,0.131,0.133,80188,0
2016-05-13,16:15:00,0.133,0.1345,0.131,0.134,72813,0
2016-05-13,16:20:00,0.134,0.1345,0.1313,0.1345,22278,0
2016-05-13,16:25:00,0.1345,0.1345,0.1317,0.134,13946,0
2016-05-13,16:30:00,0.133,0.133,0.1316,0.133,44445,0
2016-05-13,16:35:00,0.1329,0.133,0.1313,0.1314,38074,0
2016-05-13,16:40:00,0.1313,0.132,0.1312,0.1313,126448,0
2016-05-13,16:45:00,0.1313,0.1325,0.1312,0.1325,54766,0
2016-05-13,16:50:00,0.1312,0.133,0.1311,0.133,29516,0
2016-05-13,16:55:00,0.1312,0.1316,0.1312,0.1316,13773,0
2016-05-13,17:00:00,0.1316,0.1321,0.1312,0.1315,139906,0
2016-05-13,17:05:00,0.1315,0.135,0.1312,0.135,319467,0
2016-05-13,17:10:00,0.137,0.137,0.135,0.136,167465,0
2016-05-13,17:15:00,0.1355,0.1355,0.1321,0.1326,32968,0
2016-05-13,17:20:00,0.1354,0.1354,0.1325,0.1325,29530,0
2016-05-13,17:25:00,0.1354,0.1354,0.1322,0.1354,20841,0
2016-05-13,17:30:00,0.1354,0.1354,0.13,0.135,42142,0
2016-05-13,17:35:00,0.1354,0.1368,0.135,0.1358,36000,0
2016-05-13,17:40:00,0.1365,0.1368,0.135,0.135,111455,0
2016-05-13,17:45:00,0.135,0.135,0.133,0.134,331320,0
2016-05-13,17:50:00,0.133,0.133,0.1251,0.1298,452526,0
2016-05-13,17:55:00,0.1295,0.1295,0.115,0.1225,728838,0
2016-05-13,18:00:00,0.124,0.1295,0.117,0.119,63822,0
2016-05-13,18:05:00,0.1188,0.12,0.117,0.12,117361,0
2016-05-13,18:10:00,0.1201,0.125,0.12,0.125,33205,0
2016-05-13,18:15:00,0.12,0.125,0.1193,0.1225,71599,0
2016-05-13,18:20:00,0.1206,0.124,0.1206,0.1233,10209,0
2016-05-13,18:25:00,0.123,0.124,0.12,0.12,48000,0
2016-05-13,18:30:00,0.12,0.1209,0.1193,0.1209,184505,0
2016-05-13,18:35:00,0.123,0.123,0.1188,0.123,66961,0
2016-05-13,18:40:00,0.12,0.123,0.12,0.1205,29949,0
2016-05-13,18:45:00,0.121,0.124,0.1201,0.1239,43006,0
2016-05-13,18:50:00,0.1231,0.124,0.121,0.1229,21110,0
2016-05-13,18:55:00,0.122,0.124,0.1195,0.1201,111215,0
2016-05-13,19:00:00,0.12,0.1201,0.118,0.12,49506,0
2016-05-13,19:05:00,0.12,0.12,0.119,0.1191,18700,0
2016-05-13,19:10:00,0.1195,0.12,0.119,0.119,13320,0
2016-05-13,19:15:00,0.1199,0.12,0.115,0.1198,64192,0
2016-05-13,19:20:00,0.1172,0.1198,0.1171,0.1171,19284,0
2016-05-13,19:25:00,0.12,0.12,0.1171,0.1171,18582,0
2016-05-13,19:30:00,0.1195,0.1199,0.1171,0.1195,15555,0
2016-05-13,19:35:00,0.119,0.119,0.1171,0.1171,26013,0
2016-05-13,19:40:00,0.1173,0.1199,0.1171,0.1177,51419,0
2016-05-13,19:45:00,0.1199,0.12,0.1176,0.1182,42471,0
2016-05-13,19:50:00,0.1182,0.1197,0.1182,0.1182,22015,0
2016-05-13,19:55:00,0.1195,0.12,0.1183,0.12,13216,0
2016-05-13,20:00:00,0.1197,0.1197,0.119,0.1191,33922,0
2016-05-13,20:05:00,0.1195,0.1201,0.119,0.12,235932,0
2016-05-13,20:10:00,0.124,0.124,0.118,0.12,152202,0
2016-05-13,20:15:00,0.12,0.1248,0.118,0.1209,265007,0
2016-05-13,20:20:00,0.1215,0.1217,0.1214,0.1216,17187,0
2016-05-13,20:25:00,0.1217,0.1217,0.1217,0.1217,1300,0
2016-05-13,20:30:00,0.1215,0.123,0.1215,0.123,37391,0
2016-05-13,20:35:00,0.1216,0.1242,0.1214,0.1228,48414,0
2016-05-13,20:40:00,0.1216,0.1228,0.1215,0.1222,10400,0
2016-05-13,20:45:00,0.1221,0.1228,0.12,0.1227,51191,0
2016-05-13,20:50:00,0.1227,0.125,0.1215,0.123,21448,0
2016-05-13,20:55:00,0.1231,0.1249,0.123,0.1239,77988,0
2016-05-13,21:00:00,0.123,0.1248,0.123,0.123,20916,0
2016-05-13,21:05:00,0.123,0.125,0.123,0.1245,17128,0
2016-05-13,21:10:00,0.1241,0.125,0.1232,0.1233,30711,0
2016-05-13,21:15:00,0.1232,0.124,0.1232,0.1232,8095,0
2016-05-13,21:20:00,0.1232,0.124,0.1218,0.124,53534,0
2016-05-13,21:25:00,0.1221,0.13,0.1218,0.1234,89707,0
2016-05-13,21:30:00,0.1219,0.1249,0.1219,0.1249,13173,0
2016-05-13,21:35:00,0.1249,0.125,0.1214,0.1216,88035,0
2016-05-13,21:40:00,0.1215,0.1249,0.1215,0.1232,34018,0
2016-05-13,21:45:00,0.1232,0.1232,0.1215,0.1215,36807,0
2016-05-13,21:50:00,0.1215,0.1269,0.12,0.1208,72855,0
2016-05-13,21:55:00,0.1201,0.1229,0.12,0.1229,71771,0
2016-05-13,22:00:00,0.122,0.122,0.12,0.12,235502,0
2016-05-16,15:35:00,0.12,0.1201,0.115,0.12,367586,0
2016-05-16,15:40:00,0.12,0.1266,0.115,0.1172,263198,0
2016-05-16,15:45:00,0.12,0.1299,0.12,0.1203,52913,0
2016-05-16,15:50:00,0.1205,0.1265,0.1203,0.1209,37539,0
2016-05-16,15:55:00,0.1242,0.1245,0.121,0.1226,43358,0
2016-05-16,16:00:00,0.1211,0.1226,0.121,0.122,102957,0
2016-05-16,16:05:00,0.122,0.1221,0.122,0.122,40624,0
2016-05-16,16:10:00,0.122,0.1221,0.12,0.1201,89769,0
2016-05-16,16:15:00,0.1201,0.1201,0.1175,0.1175,20766,0
2016-05-16,16:20:00,0.1176,0.12,0.1175,0.118,40539,0
2016-05-16,16:25:00,0.12,0.12,0.118,0.1195,29819,0
2016-05-16,16:30:00,0.1195,0.1198,0.118,0.118,16177,0
2016-05-16,16:35:00,0.118,0.1219,0.118,0.1195,87340,0
2016-05-16,16:40:00,0.1199,0.12,0.119,0.12,11965,0
2016-05-16,16:45:00,0.12,0.12,0.119,0.1198,22807,0
2016-05-16,16:50:00,0.1199,0.1199,0.119,0.1194,22639,0
2016-05-16,16:55:00,0.119,0.12,0.119,0.1191,33528,0
2016-05-16,17:00:00,0.1199,0.12,0.119,0.12,22897,0
2016-05-16,17:05:00,0.1195,0.12,0.119,0.1191,68827,0
2016-05-16,17:10:00,0.1199,0.1199,0.1191,0.1198,10351,0
2016-05-16,17:15:00,0.1198,0.1198,0.1194,0.1197,24468,0
2016-05-16,17:20:00,0.1197,0.125,0.1196,0.12,150832,0
2016-05-16,17:25:00,0.1198,0.1198,0.1195,0.1197,55233,0
2016-05-16,17:30:00,0.1198,0.1265,0.1197,0.1201,134421,0
2016-05-16,17:35:00,0.1201,0.1226,0.1201,0.1206,43297,0
2016-05-16,17:40:00,0.1206,0.1226,0.1204,0.1204,27400,0
2016-05-16,17:45:00,0.1201,0.1201,0.12,0.12,23889,0
2016-05-16,17:50:00,0.12,0.1201,0.12,0.1201,25033,0
2016-05-16,17:55:00,0.1201,0.1226,0.12,0.12,166467,0
2016-05-16,18:00:00,0.1201,0.1226,0.1195,0.1196,75547,0
2016-05-16,18:05:00,0.1197,0.1249,0.1197,0.1207,68115,0
2016-05-16,18:10:00,0.121,0.1249,0.1206,0.1208,78378,0
2016-05-16,18:15:00,0.1208,0.1245,0.1208,0.1215,38353,0
2016-05-16,18:20:00,0.1215,0.1242,0.1214,0.1215,16000,0
2016-05-16,18:25:00,0.1215,0.1243,0.1207,0.1208,43597,0
2016-05-16,18:30:00,0.1208,0.1208,0.1207,0.1207,33588,0
2016-05-16,18:35:00,0.1206,0.1207,0.119,0.119,175147,0
2016-05-16,18:40:00,0.1196,0.1196,0.1185,0.1186,12349,0
2016-05-16,18:45:00,0.1187,0.1198,0.1183,0.1198,170249,0
2016-05-16,18:50:00,0.119,0.1197,0.118,0.1186,13284,0
2016-05-16,18:55:00,0.1185,0.119,0.118,0.1186,72926,0
2016-05-16,19:00:00,0.1186,0.1199,0.118,0.1199,27950,0
2016-05-16,19:05:00,0.118,0.1199,0.118,0.119,25432,0
2016-05-16,19:10:00,0.1184,0.1195,0.1152,0.116,214615,0
2016-05-16,19:15:00,0.1156,0.1188,0.1156,0.1188,253227,0
2016-05-16,19:20:00,0.1163,0.1188,0.1163,0.1165,26400,0
2016-05-16,19:25:00,0.118,0.118,0.1166,0.117,42500,0
2016-05-16,19:30:00,0.1165,0.1179,0.116,0.1165,109119,0
2016-05-16,19:35:00,0.1166,0.1166,0.1152,0.1152,18324,0
2016-05-16,19:40:00,0.1153,0.1179,0.115,0.115,141743,0
2016-05-16,19:45:00,0.1178,0.1179,0.115,0.1179,52710,0
2016-05-16,19:50:00,0.115,0.1179,0.115,0.115,15911,0
2016-05-16,19:55:00,0.115,0.1151,0.115,0.1151,49821,0
2016-05-16,20:00:00,0.1151,0.1151,0.115,0.115,7464,0
2016-05-16,20:05:00,0.115,0.1151,0.115,0.115,18129,0
2016-05-16,20:10:00,0.1151,0.1151,0.115,0.1151,45510,0
2016-05-16,20:15:00,0.1151,0.119,0.115,0.1155,133731,0
2016-05-16,20:20:00,0.1151,0.1185,0.1151,0.1184,52568,0
2016-05-16,20:25:00,0.1184,0.1184,0.1152,0.1152,500,0
2016-05-16,20:30:00,0.1179,0.1179,0.1155,0.1155,6348,0
2016-05-16,20:35:00,0.1163,0.118,0.1163,0.1164,42274,0
2016-05-16,20:40:00,0.1179,0.1179,0.1164,0.1165,26846,0
2016-05-16,20:45:00,0.1179,0.1179,0.1163,0.1164,7881,0
2016-05-16,20:50:00,0.1164,0.1179,0.1151,0.1179,54590,0
2016-05-16,20:55:00,0.1153,0.1173,0.1151,0.1173,7250,0
2016-05-16,21:00:00,0.1151,0.117,0.1151,0.1151,21651,0
2016-05-16,21:05:00,0.1152,0.1179,0.1151,0.1151,41555,0
2016-05-16,21:10:00,0.1151,0.1179,0.115,0.1157,35302,0
2016-05-16,21:15:00,0.1178,0.1178,0.1155,0.1155,15300,0
2016-05-16,21:20:00,0.1155,0.1155,0.115,0.115,7798,0
2016-05-16,21:25:00,0.115,0.1151,0.115,0.115,14120,0
2016-05-16,21:30:00,0.1151,0.1151,0.115,0.1151,15900,0
2016-05-16,21:35:00,0.115,0.1151,0.115,0.1151,38407,0
2016-05-16,21:40:00,0.1151,0.1155,0.115,0.1155,76957,0
2016-05-16,21:45:00,0.1151,0.1178,0.1151,0.1166,25384,0
2016-05-16,21:50:00,0.1156,0.12,0.1155,0.1164,344055,0
2016-05-16,21:55:00,0.1199,0.1199,0.1161,0.117,21451,0
2016-05-16,22:00:00,0.118,0.119,0.117,0.1181,144612,0
2016-05-17,15:35:00,0.1192,0.1192,0.1046,0.108,355790,0
2016-05-17,15:40:00,0.108,0.1119,0.103,0.1033,95738,0
2016-05-17,15:45:00,0.103,0.107,0.1,0.1021,329115,0
2016-05-17,15:50:00,0.1052,0.1079,0.1,0.105,286560,0
2016-05-17,15:55:00,0.105,0.1075,0.105,0.1069,155079,0
2016-05-17,16:00:00,0.105,0.11,0.105,0.1071,167462,0
2016-05-17,16:05:00,0.1092,0.11,0.107,0.107,97173,0
2016-05-17,16:10:00,0.109,0.11,0.107,0.107,57489,0
2016-05-17,16:15:00,0.107,0.11,0.107,0.1098,539194,0
2016-05-17,16:20:00,0.1072,0.11,0.107,0.11,43158,0
2016-05-17,16:25:00,0.1099,0.11,0.1099,0.11,138046,0
2016-05-17,16:30:00,0.11,0.11,0.1002,0.109,106422,0
2016-05-17,16:35:00,0.1074,0.109,0.107,0.1088,16916,0
2016-05-17,16:40:00,0.1073,0.1073,0.1052,0.1055,27303,0
2016-05-17,16:45:00,0.1051,0.1059,0.1051,0.1053,64387,0
2016-05-17,16:50:00,0.1054,0.1059,0.1002,0.1059,46200,0
2016-05-17,16:55:00,0.1053,0.1059,0.1053,0.1054,10164,0
2016-05-17,17:00:00,0.1059,0.1059,0.1053,0.1054,12625,0
2016-05-17,17:05:00,0.1059,0.1059,0.1053,0.1059,51056,0
2016-05-17,17:10:00,0.1055,0.1056,0.1012,0.1013,365400,0
2016-05-17,17:15:00,0.1059,0.1067,0.1012,0.1012,16603,0
2016-05-17,17:20:00,0.1014,0.1014,0.09,0.09,639993,0
2016-05-17,17:25:00,0.09,0.098,0.09,0.095,72193,0
2016-05-17,17:30:00,0.095,0.0956,0.0912,0.0956,145008,0
2016-05-17,17:35:00,0.0912,0.0959,0.0912,0.095,28996,0
2016-05-17,17:40:00,0.095,0.095,0.0913,0.094,60896,0
2016-05-17,17:45:00,0.0914,0.094,0.0913,0.0939,30906,0
2016-05-17,17:50:00,0.0936,0.094,0.092,0.0921,56609,0
2016-05-17,17:55:00,0.0929,0.0929,0.092,0.0922,39089,0
2016-05-17,18:00:00,0.0925,0.0925,0.091,0.0914,175028,0
2016-05-17,18:05:00,0.0914,0.095,0.0914,0.0921,87903,0
2016-05-17,18:10:00,0.0922,0.095,0.0922,0.0931,42890,0
2016-05-17,18:15:00,0.0925,0.095,0.0925,0.0931,85115,0
2016-05-17,18:20:00,0.0947,0.095,0.0947,0.0949,23620,0
2016-05-17,18:25:00,0.0947,0.095,0.0926,0.0945,97571,0
2016-05-17,18:30:00,0.0949,0.0949,0.0926,0.093,30687,0
2016-05-17,18:35:00,0.0926,0.0949,0.0925,0.0925,36259,0
2016-05-17,18:40:00,0.0949,0.0949,0.0925,0.0945,9707,0
2016-05-17,18:45:00,0.0925,0.0949,0.0925,0.0949,35875,0
2016-05-17,18:50:00,0.0937,0.0949,0.0921,0.0921,53941,0
2016-05-17,18:55:00,0.0921,0.0929,0.092,0.092,38021,0
2016-05-17,19:00:00,0.092,0.0948,0.092,0.0948,63750,0
2016-05-17,19:05:00,0.0946,0.0948,0.0921,0.0925,35432,0
2016-05-17,19:10:00,0.0925,0.0948,0.0925,0.0926,5737,0
2016-05-17,19:15:00,0.0948,0.0948,0.092,0.0921,15429,0
2016-05-17,19:20:00,0.0925,0.0948,0.0925,0.093,34938,0
2016-05-17,19:25:00,0.0931,0.0948,0.093,0.093,27580,0
2016-05-17,19:30:00,0.094,0.094,0.0925,0.093,161915,0
2016-05-17,19:35:00,0.093,0.0931,0.093,0.0931,2046,0
2016-05-17,19:40:00,0.093,0.0931,0.093,0.0931,91743,0
2016-05-17,19:45:00,0.0931,0.0937,0.0931,0.0931,4686,0
2016-05-17,19:50:00,0.0931,0.094,0.0931,0.094,13466,0
2016-05-17,19:55:00,0.0939,0.094,0.093,0.0931,64476,0
2016-05-17,20:00:00,0.0939,0.094,0.093,0.094,48007,0
2016-05-17,20:05:00,0.0926,0.094,0.091,0.094,132430,0
2016-05-17,20:10:00,0.0938,0.094,0.091,0.0939,36982,0
2016-05-17,20:15:00,0.0922,0.094,0.0922,0.0939,26744,0
2016-05-17,20:20:00,0.091,0.094,0.091,0.091,2534,0
2016-05-17,20:25:00,0.091,0.094,0.091,0.0921,201750,0
2016-05-17,20:30:00,0.0911,0.094,0.091,0.0935,12664,0
2016-05-17,20:35:00,0.0939,0.0939,0.091,0.0911,62989,0
2016-05-17,20:40:00,0.0911,0.094,0.0911,0.094,35471,0
2016-05-17,20:45:00,0.0912,0.094,0.0911,0.0911,8995,0
2016-05-17,20:50:00,0.0912,0.094,0.0911,0.0937,28141,0
2016-05-17,20:55:00,0.0912,0.0935,0.0911,0.0911,60006,0
2016-05-17,21:00:00,0.091,0.0935,0.0902,0.0903,2084,0
2016-05-17,21:05:00,0.0902,0.0935,0.0902,0.0902,6100,0
2016-05-17,21:10:00,0.0904,0.0919,0.0902,0.0919,109582,0
2016-05-17,21:15:00,0.0919,0.0934,0.0905,0.0934,28931,0
2016-05-17,21:20:00,0.0927,0.094,0.0905,0.094,108709,0
2016-05-17,21:25:00,0.093,0.093,0.0905,0.0906,41573,0
2016-05-17,21:30:00,0.0906,0.092,0.0905,0.0909,53566,0
2016-05-17,21:35:00,0.0919,0.092,0.0905,0.0905,24056,0
2016-05-17,21:40:00,0.092,0.092,0.0905,0.0905,28400,0
2016-05-17,21:45:00,0.0911,0.092,0.0905,0.0907,37342,0
2016-05-17,21:50:00,0.0906,0.0907,0.0905,0.0906,20692,0
2016-05-17,21:55:00,0.0905,0.0907,0.0905,0.0907,18007,0
2016-05-17,22:00:00,0.0906,0.1028,0.0905,0.1,1501738,0
2016-05-18,15:35:00,0.1,0.102,0.0901,0.0999,321816,0
2016-05-18,15:40:00,0.0904,0.0998,0.0904,0.095,47925,0
2016-05-18,15:45:00,0.0949,0.0998,0.0921,0.0935,30442,0
2016-05-18,15:50:00,0.0994,0.0994,0.0981,0.0981,50397,0
2016-05-18,15:55:00,0.0935,0.099,0.0935,0.095,16275,0
2016-05-18,16:00:00,0.0936,0.095,0.0905,0.0932,389763,0
2016-05-18,16:05:00,0.0935,0.095,0.092,0.0929,14678,0
2016-05-18,16:10:00,0.0949,0.095,0.0929,0.095,52859,0
2016-05-18,16:15:00,0.0931,0.094,0.0931,0.094,1300,0
2016-05-18,16:20:00,0.093,0.095,0.093,0.095,523297,0
2016-05-18,16:25:00,0.0995,0.0997,0.095,0.0997,14690,0
2016-05-18,16:30:00,0.0951,0.0951,0.095,0.095,12130,0
2016-05-18,16:35:00,0.0978,0.0978,0.095,0.095,29165,0
2016-05-18,16:40:00,0.0951,0.097,0.095,0.0963,143791,0
2016-05-18,16:45:00,0.097,0.098,0.0963,0.0972,82926,0
2016-05-18,16:50:00,0.098,0.0992,0.097,0.097,26264,0
2016-05-18,16:55:00,0.0992,0.0992,0.0971,0.099,27650,0
2016-05-18,17:00:00,0.099,0.099,0.0971,0.099,160721,0
2016-05-18,17:05:00,0.0986,0.1019,0.0986,0.1,244612,0
2016-05-18,17:10:00,0.0991,0.1,0.0982,0.0984,55794,0
2016-05-18,17:15:00,0.1,0.1,0.098,0.098,16722,0
2016-05-18,17:20:00,0.1,0.1,0.098,0.098,60570,0
2016-05-18,17:25:00,0.0996,0.0996,0.0983,0.0983,4800,0
2016-05-18,17:30:00,0.0981,0.0996,0.096,0.097,24953,0
2016-05-18,17:35:00,0.0996,0.0996,0.098,0.099,32735,0
2016-05-18,17:40:00,0.0996,0.1045,0.098,0.104,224522,0
2016-05-18,17:45:00,0.0986,0.1041,0.098,0.1041,24779,0
2016-05-18,17:50:00,0.104,0.1075,0.1022,0.1022,332376,0
2016-05-18,17:55:00,0.1065,0.108,0.1022,0.1022,115895,0
2016-05-18,18:00:00,0.103,0.1075,0.1022,0.1039,51297,0
2016-05-18,18:05:00,0.1064,0.107,0.1043,0.1059,71674,0
2016-05-18,18:10:00,0.1064,0.1065,0.102,0.1027,64843,0
2016-05-18,18:15:00,0.103,0.1075,0.102,0.102,49434,0
2016-05-18,18:20:00,0.107,0.107,0.1021,0.1021,4060,0
2016-05-18,18:25:00,0.1069,0.107,0.1061,0.107,21000,0
2016-05-18,18:30:00,0.1059,0.106,0.1023,0.106,6300,0
2016-05-18,18:35:00,0.106,0.106,0.102,0.106,3200,0
2016-05-18,18:40:00,0.106,0.106,0.102,0.102,17224,0
2016-05-18,18:45:00,0.102,0.106,0.102,0.1022,52480,0
2016-05-18,18:50:00,0.1056,0.106,0.1021,0.1024,8846,0
2016-05-18,18:55:00,0.1024,0.106,0.1024,0.106,11425,0
2016-05-18,19:00:00,0.1042,0.106,0.1024,0.1024,8862,0
2016-05-18,19:05:00,0.104,0.104,0.1021,0.104,29671,0
2016-05-18,19:10:00,0.1021,0.106,0.1021,0.1059,503838,0
2016-05-18,19:15:00,0.1021,0.106,0.1021,0.106,55400,0
2016-05-18,19:20:00,0.1021,0.1021,0.1021,0.1021,500,0
2016-05-18,19:25:00,0.106,0.106,0.1021,0.1021,14450,0
2016-05-18,19:30:00,0.1033,0.106,0.1022,0.1022,12500,0
2016-05-18,19:35:00,0.103,0.105,0.1021,0.1021,47125,0
2016-05-18,19:40:00,0.105,0.106,0.1021,0.1021,108543,0
2016-05-18,19:45:00,0.106,0.106,0.1022,0.1022,142918,0
2016-05-18,19:50:00,0.1023,0.1058,0.1022,0.1058,3484,0
2016-05-18,19:55:00,0.1023,0.1058,0.1023,0.1034,16385,0
2016-05-18,20:00:00,0.1024,0.1099,0.1024,0.1099,122800,0
2016-05-18,20:05:00,0.1094,0.1099,0.108,0.1099,31858,0
2016-05-18,20:10:00,0.1099,0.1099,0.1059,0.1059,18300,0
2016-05-18,20:15:00,0.1059,0.107,0.1024,0.1024,25550,0
2016-05-18,20:20:00,0.1041,0.1041,0.1023,0.1023,9626,0
2016-05-18,20:25:00,0.1023,0.1023,0.1023,0.1023,400,0
2016-05-18,20:30:00,0.1024,0.1024,0.1024,0.1024,940,0
2016-05-18,20:35:00,0.1033,0.1038,0.1033,0.1033,36598,0
2016-05-18,20:40:00,0.1048,0.1058,0.1046,0.1046,15142,0
2016-05-18,20:45:00,0.1059,0.1059,0.105,0.1051,7200,0
2016-05-18,20:50:00,0.105,0.1055,0.105,0.1054,3242,0
2016-05-18,20:55:00,0.105,0.1051,0.105,0.105,4100,0
2016-05-18,21:00:00,0.105,0.105,0.1033,0.1034,9692,0
2016-05-18,21:05:00,0.1034,0.1034,0.1033,0.1033,13113,0
2016-05-18,21:10:00,0.1033,0.1033,0.1024,0.1024,11108,0
2016-05-18,21:15:00,0.1023,0.1024,0.1023,0.1024,109333,0
2016-05-18,21:20:00,0.1024,0.1027,0.1023,0.1026,1900,0
2016-05-18,21:25:00,0.1023,0.1025,0.1023,0.1024,327,0
2016-05-18,21:30:00,0.1023,0.1023,0.101,0.102,58050,0
2016-05-18,21:35:00,0.101,0.102,0.101,0.102,24556,0
2016-05-18,21:40:00,0.1012,0.1019,0.1011,0.1012,14203,0
2016-05-18,21:45:00,0.1012,0.102,0.1012,0.1019,7867,0
2016-05-18,21:50:00,0.1019,0.1019,0.101,0.101,37613,0
2016-05-18,21:55:00,0.1011,0.1019,0.101,0.1011,59820,0
2016-05-18,22:00:00,0.1018,0.1049,0.101,0.101,14222,0
2016-05-19,15:35:00,0.0997,0.101,0.0954,0.0954,134104,0
2016-05-19,15:40:00,0.0954,0.097,0.0912,0.095,44836,0
2016-05-19,15:45:00,0.0913,0.094,0.0912,0.093,40363,0
2016-05-19,15:50:00,0.0915,0.0934,0.0912,0.0916,136414,0
2016-05-19,15:55:00,0.0921,0.098,0.0918,0.092,37400,0
2016-05-19,16:00:00,0.0921,0.0949,0.092,0.0949,84593,0
2016-05-19,16:05:00,0.0949,0.102,0.0949,0.102,169616,0
2016-05-19,16:10:00,0.1,0.105,0.098,0.1,59750,0
2016-05-19,16:15:00,0.098,0.0986,0.098,0.098,50860,0
2016-05-19,16:20:00,0.098,0.098,0.0965,0.098,100386,0
2016-05-19,16:25:00,0.0969,0.0969,0.0965,0.0968,9400,0
2016-05-19,16:30:00,0.0969,0.0969,0.0969,0.0969,827,0
2016-05-19,16:35:00,0.0965,0.097,0.0965,0.0965,21950,0
2016-05-19,16:40:00,0.0973,0.1077,0.09,0.107,242005,0
2016-05-19,16:45:00,0.104,0.111,0.101,0.1085,217573,0
2016-05-19,16:50:00,0.114,0.12,0.107,0.107,349605,0
2016-05-19,16:55:00,0.118,0.125,0.1,0.1201,1308448,0
2016-05-19,17:00:00,0.1201,0.1201,0.1101,0.12,285310,0
2016-05-19,17:05:00,0.1201,0.1201,0.1135,0.12,159787,0
2016-05-19,17:10:00,0.12,0.12,0.1126,0.1155,69057,0
2016-05-19,17:15:00,0.1149,0.1183,0.112,0.1183,48022,0
2016-05-19,17:20:00,0.1182,0.12,0.116,0.1197,37793,0
2016-05-19,17:25:00,0.1197,0.1197,0.1189,0.1196,57150,0
2016-05-19,17:30:00,0.1196,0.1196,0.1126,0.1144,42559,0
2016-05-19,17:35:00,0.1175,0.118,0.115,0.1179,6022,0
2016-05-19,17:40:00,0.1179,0.1179,0.1105,0.1129,131145,0
2016-05-19,17:45:00,0.111,0.115,0.111,0.1147,112495,0
2016-05-19,17:50:00,0.115,0.115,0.1126,0.1134,26168,0
2016-05-19,17:55:00,0.1111,0.115,0.1105,0.115,27008,0
2016-05-19,18:00:00,0.113,0.115,0.11,0.113,111050,0
2016-05-19,18:05:00,0.11,0.1129,0.11,0.1105,31650,0
2016-05-19,18:10:00,0.111,0.1129,0.1108,0.1129,9961,0
2016-05-19,18:15:00,0.1129,0.113,0.1108,0.1118,20731,0
2016-05-19,18:20:00,0.1118,0.115,0.1105,0.115,78500,0
2016-05-19,18:25:00,0.115,0.115,0.111,0.1126,5664,0
2016-05-19,18:30:00,0.1147,0.1147,0.111,0.1147,12985,0
2016-05-19,18:35:00,0.1146,0.1146,0.1129,0.1135,10100,0
2016-05-19,18:40:00,0.114,0.1149,0.1118,0.1149,25125,0
2016-05-19,18:45:00,0.1149,0.1149,0.1148,0.1149,4879,0
2016-05-19,18:50:00,0.115,0.1179,0.1119,0.1179,50806,0
2016-05-19,18:55:00,0.1179,0.1195,0.116,0.1167,56563,0
2016-05-19,19:00:00,0.1194,0.1194,0.116,0.1167,2310,0
2016-05-19,19:05:00,0.1194,0.1195,0.116,0.1194,11956,0
2016-05-19,19:10:00,0.1194,0.1194,0.115,0.115,44399,0
2016-05-19,19:15:00,0.1172,0.1195,0.1151,0.1151,15115,0
2016-05-19,19:20:00,0.1194,0.1195,0.115,0.1195,5915,0
2016-05-19,19:25:00,0.1195,0.1195,0.115,0.1152,51436,0
2016-05-19,19:30:00,0.1165,0.12,0.115,0.12,1064418,0
2016-05-19,19:35:00,0.12,0.1226,0.1198,0.1226,73718,0
2016-05-19,19:40:00,0.12,0.13,0.12,0.1203,87509,0
2016-05-19,19:45:00,0.125,0.127,0.1202,0.125,60967,0
2016-05-19,19:50:00,0.125,0.125,0.1206,0.1217,6734,0
2016-05-19,19:55:00,0.124,0.124,0.12,0.1201,123398,0
2016-05-19,20:00:00,0.1206,0.123,0.12,0.123,77140,0
2016-05-19,20:05:00,0.1201,0.123,0.12,0.123,14325,0
2016-05-19,20:10:00,0.123,0.123,0.12,0.123,126691,0
2016-05-19,20:15:00,0.1228,0.123,0.12,0.123,56466,0
2016-05-19,20:20:00,0.121,0.123,0.12,0.1201,78080,0
2016-05-19,20:25:00,0.1215,0.123,0.12,0.12,1150,0
2016-05-19,20:30:00,0.12,0.122,0.12,0.122,42380,0
2016-05-19,20:35:00,0.122,0.122,0.12,0.122,27693,0
2016-05-19,20:40:00,0.1209,0.122,0.1205,0.122,14514,0
2016-05-19,20:45:00,0.1206,0.122,0.1205,0.122,33522,0
2016-05-19,20:50:00,0.1208,0.1208,0.1205,0.1205,37639,0
2016-05-19,20:55:00,0.1215,0.122,0.1203,0.1206,44593,0
2016-05-19,21:00:00,0.1206,0.123,0.12,0.123,44866,0
2016-05-19,21:05:00,0.123,0.123,0.121,0.123,69087,0
2016-05-19,21:10:00,0.123,0.123,0.1211,0.1214,44700,0
2016-05-19,21:15:00,0.1229,0.123,0.121,0.121,106637,0
2016-05-19,21:20:00,0.122,0.129,0.121,0.1285,202440,0
2016-05-19,21:25:00,0.1283,0.138,0.127,0.138,537234,0
2016-05-19,21:30:00,0.138,0.14,0.1349,0.14,297481,0
2016-05-19,21:35:00,0.136,0.1455,0.135,0.1449,138098,0
2016-05-19,21:40:00,0.145,0.1499,0.142,0.1484,254144,0
2016-05-19,21:45:00,0.1484,0.16,0.145,0.1501,374130,0
2016-05-19,21:50:00,0.155,0.16,0.15,0.1557,286561,0
2016-05-19,21:55:00,0.1559,0.16,0.15,0.1575,286594,0
2016-05-19,22:00:00,0.157,0.16,0.149,0.1501,524961,0
2016-05-20,15:35:00,0.15,0.15,0.13,0.135,491888,0
2016-05-20,15:40:00,0.135,0.138,0.1256,0.138,292166,0
2016-05-20,15:45:00,0.1381,0.14,0.1315,0.1328,337489,0
2016-05-20,15:50:00,0.135,0.1391,0.13,0.135,141955,0
2016-05-20,15:55:00,0.139,0.139,0.135,0.139,113745,0
2016-05-20,16:00:00,0.1386,0.1406,0.136,0.136,49359,0
2016-05-20,16:05:00,0.1411,0.149,0.1372,0.14,79016,0
2016-05-20,16:10:00,0.1401,0.1486,0.14,0.147,134322,0
2016-05-20,16:15:00,0.1482,0.1486,0.1412,0.144,78629,0
2016-05-20,16:20:00,0.1455,0.1498,0.144,0.1498,448149,0
2016-05-20,16:25:00,0.1459,0.1584,0.144,0.1569,228053,0
2016-05-20,16:30:00,0.1538,0.1575,0.1533,0.1555,100282,0
2016-05-20,16:35:00,0.1569,0.159,0.156,0.159,164732,0
2016-05-20,16:40:00,0.159,0.167,0.1575,0.164,363743,0
2016-05-20,16:45:00,0.164,0.208,0.164,0.2,781348,0
2016-05-20,16:50:00,0.2,0.2099,0.1812,0.1983,738931,0
2016-05-20,16:55:00,0.1982,0.199,0.1828,0.194,480691,0
2016-05-20,17:00:00,0.193,0.22,0.185,0.204,622305,0
2016-05-20,17:05:00,0.2099,0.23,0.209,0.2213,325116,0
2016-05-20,17:10:00,0.225,0.229,0.215,0.2163,448410,0
2016-05-20,17:15:00,0.2189,0.2498,0.2189,0.24,867747,0
2016-05-20,17:20:00,0.2351,0.2436,0.2306,0.2375,480304,0
2016-05-20,17:25:00,0.235,0.2374,0.2013,0.2013,490942,0
2016-05-20,17:30:00,0.2035,0.2284,0.2035,0.2192,339724,0
2016-05-20,17:35:00,0.214,0.2195,0.2115,0.2115,220639,0
2016-05-20,17:40:00,0.2135,0.214,0.2,0.206,567799,0
2016-05-20,17:45:00,0.2062,0.2074,0.2001,0.2023,155876,0
2016-05-20,17:50:00,0.205,0.214,0.205,0.2101,148073,0
2016-05-20,17:55:00,0.2137,0.2137,0.21,0.21,31443,0
2016-05-20,18:00:00,0.21,0.2139,0.21,0.2139,61084,0
2016-05-20,18:05:00,0.2139,0.2171,0.2125,0.2125,75173,0
2016-05-20,18:10:00,0.2137,0.214,0.205,0.205,241645,0
2016-05-20,18:15:00,0.208,0.2097,0.2003,0.2061,129782,0
2016-05-20,18:20:00,0.2079,0.21,0.2023,0.2024,135414,0
2016-05-20,18:25:00,0.2034,0.21,0.2002,0.205,99222,0
2016-05-20,18:30:00,0.2026,0.2088,0.2026,0.205,119865,0
2016-05-20,18:35:00,0.2048,0.2048,0.2,0.2001,205283,0
2016-05-20,18:40:00,0.2001,0.2001,0.2,0.2001,28112,0
2016-05-20,18:45:00,0.2001,0.2001,0.1918,0.1992,167512,0
2016-05-20,18:50:00,0.1934,0.1935,0.1925,0.1928,50610,0
2016-05-20,18:55:00,0.1948,0.195,0.1925,0.1927,28250,0
2016-05-20,19:00:00,0.193,0.2,0.19,0.1997,165168,0
2016-05-20,19:05:00,0.1997,0.1999,0.1951,0.1987,30469,0
2016-05-20,19:10:00,0.1993,0.1997,0.1951,0.196,12343,0
2016-05-20,19:15:00,0.199,0.2,0.196,0.2,58435,0
2016-05-20,19:20:00,0.1999,0.2043,0.1999,0.2043,36472,0
2016-05-20,19:25:00,0.2008,0.2043,0.2005,0.2007,43496,0
2016-05-20,19:30:00,0.2007,0.204,0.199,0.203,54028,0
2016-05-20,19:35:00,0.202,0.204,0.2,0.204,65743,0
2016-05-20,19:40:00,0.204,0.204,0.2,0.2037,33349,0
2016-05-20,19:45:00,0.2002,0.2022,0.196,0.196,108671,0
2016-05-20,19:50:00,0.1961,0.1998,0.196,0.1976,68948,0
2016-05-20,19:55:00,0.1971,0.1998,0.196,0.1998,20125,0
2016-05-20,20:00:00,0.1966,0.1966,0.1925,0.1928,180603,0
2016-05-20,20:05:00,0.1929,0.1949,0.18,0.184,269646,0
2016-05-20,20:10:00,0.184,0.1848,0.18,0.1824,114736,0
2016-05-20,20:15:00,0.1815,0.1895,0.181,0.188,75085,0
2016-05-20,20:20:00,0.1833,0.1889,0.1821,0.185,95615,0
2016-05-20,20:25:00,0.1877,0.1877,0.1848,0.1848,44700,0
2016-05-20,20:30:00,0.1848,0.187,0.181,0.1849,196904,0
2016-05-20,20:35:00,0.1835,0.1835,0.18,0.18,45320,0
2016-05-20,20:40:00,0.18,0.1801,0.175,0.1751,65202,0
2016-05-20,20:45:00,0.1751,0.1756,0.1717,0.1717,49203,0
2016-05-20,20:50:00,0.1718,0.174,0.165,0.165,185058,0
2016-05-20,20:55:00,0.167,0.1701,0.165,0.1655,109990,0
2016-05-20,21:00:00,0.1655,0.166,0.16,0.1608,46373,0
2016-05-20,21:05:00,0.1601,0.1641,0.16,0.1611,123583,0
2016-05-20,21:10:00,0.1607,0.165,0.1607,0.165,37445,0
2016-05-20,21:15:00,0.165,0.1686,0.1601,0.166,76720,0
2016-05-20,21:20:00,0.168,0.1736,0.166,0.1701,52238,0
2016-05-20,21:25:00,0.1701,0.1795,0.1701,0.171,104810,0
2016-05-20,21:30:00,0.171,0.172,0.166,0.166,93698,0
2016-05-20,21:35:00,0.1662,0.1695,0.166,0.166,98046,0
2016-05-20,21:40:00,0.1663,0.1681,0.166,0.1677,51244,0
2016-05-20,21:45:00,0.1662,0.1677,0.166,0.1669,110087,0
2016-05-20,21:50:00,0.1662,0.17,0.166,0.1698,192551,0
2016-05-20,21:55:00,0.166,0.17,0.15,0.1532,590370,0
2016-05-20,22:00:00,0.1551,0.1599,0.1501,0.155,250437,0
2016-05-23,15:35:00,0.15,0.15,0.14,0.15,359053,0
2016-05-23,15:40:00,0.1499,0.21,0.1499,0.21,831899,0
2016-05-23,15:45:00,0.21,0.21,0.18,0.1821,665856,0
2016-05-23,15:50:00,0.1802,0.1873,0.16,0.175,397838,0
2016-05-23,15:55:00,0.1766,0.179,0.16,0.1611,371184,0
2016-05-23,16:00:00,0.167,0.175,0.162,0.164,99276,0
2016-05-23,16:05:00,0.17,0.174,0.168,0.172,25697,0
2016-05-23,16:10:00,0.1739,0.179,0.171,0.1711,115467,0
2016-05-23,16:15:00,0.1711,0.175,0.1711,0.1715,61050,0
2016-05-23,16:20:00,0.175,0.175,0.1715,0.175,3616,0
2016-05-23,16:25:00,0.175,0.175,0.171,0.1711,144954,0
2016-05-23,16:30:00,0.1711,0.1748,0.171,0.1748,213489,0
2016-05-23,16:35:00,0.174,0.1748,0.1725,0.1725,17170,0
2016-05-23,16:40:00,0.1735,0.1741,0.1725,0.1735,30555,0
2016-05-23,16:45:00,0.1748,0.1748,0.1736,0.1746,90525,0
2016-05-23,16:50:00,0.1746,0.1746,0.1711,0.174,162565,0
2016-05-23,16:55:00,0.174,0.174,0.1711,0.1711,22000,0
2016-05-23,17:00:00,0.1711,0.1734,0.1711,0.1734,46947,0
2016-05-23,17:05:00,0.1725,0.1738,0.1711,0.172,144232,0
2016-05-23,17:10:00,0.1735,0.1735,0.172,0.173,4430,0
2016-05-23,17:15:00,0.1719,0.1721,0.1719,0.172,26616,0
2016-05-23,17:20:00,0.1721,0.173,0.1712,0.1715,24211,0
2016-05-23,17:25:00,0.1711,0.1719,0.1711,0.1715,68536,0
2016-05-23,17:30:00,0.1716,0.1719,0.171,0.1719,90152,0
2016-05-23,17:35:00,0.1718,0.1746,0.1718,0.1731,67066,0
2016-05-23,17:40:00,0.1745,0.175,0.173,0.1739,13240,0
2016-05-23,17:45:00,0.1739,0.174,0.1722,0.174,32233,0
2016-05-23,17:50:00,0.1727,0.1739,0.1721,0.1739,8359,0
2016-05-23,17:55:00,0.1722,0.1739,0.1719,0.1719,53168,0
2016-05-23,18:00:00,0.1719,0.1719,0.1718,0.1718,34370,0
2016-05-23,18:05:00,0.1719,0.173,0.1719,0.1719,17154,0
2016-05-23,18:10:00,0.1719,0.1726,0.1719,0.1725,6269,0
2016-05-23,18:15:00,0.1725,0.173,0.1719,0.1729,25900,0
2016-05-23,18:20:00,0.1722,0.1722,0.172,0.172,18650,0
2016-05-23,18:25:00,0.1729,0.175,0.172,0.1744,170610,0
2016-05-23,18:30:00,0.1721,0.1745,0.172,0.1721,58150,0
2016-05-23,18:35:00,0.172,0.175,0.172,0.172,140844,0
2016-05-23,18:40:00,0.1722,0.1731,0.1722,0.1731,11400,0
2016-05-23,18:45:00,0.1735,0.1735,0.1721,0.1721,16730,0
2016-05-23,18:50:00,0.1722,0.1738,0.1721,0.1727,94873,0
2016-05-23,18:55:00,0.1727,0.1739,0.1725,0.1739,17609,0
2016-05-23,19:00:00,0.1739,0.174,0.1739,0.174,12591,0
2016-05-23,19:05:00,0.1748,0.175,0.1741,0.175,79183,0
2016-05-23,19:10:00,0.1759,0.179,0.1759,0.179,4213,0
2016-05-23,19:15:00,0.178,0.178,0.1758,0.178,9089,0
2016-05-23,19:20:00,0.1777,0.178,0.1767,0.1777,2215,0
2016-05-23,19:25:00,0.1769,0.1774,0.1767,0.1769,7800,0
2016-05-23,19:30:00,0.1769,0.1769,0.1743,0.1743,60958,0
2016-05-23,19:35:00,0.1743,0.1744,0.1743,0.1743,80005,0
2016-05-23,19:40:00,0.1742,0.1742,0.1701,0.1706,450262,0
2016-05-23,19:45:00,0.1706,0.172,0.1706,0.171,8150,0
2016-05-23,19:50:00,0.1707,0.1721,0.1707,0.1721,56200,0
2016-05-23,19:55:00,0.1726,0.1729,0.172,0.1721,16775,0
2016-05-23,20:00:00,0.172,0.172,0.17,0.1702,273448,0
2016-05-23,20:05:00,0.1703,0.1738,0.1702,0.1702,54719,0
2016-05-23,20:10:00,0.1702,0.1703,0.1701,0.1702,58048,0
2016-05-23,20:15:00,0.1702,0.1703,0.1701,0.1703,31975,0
2016-05-23,20:20:00,0.1703,0.1703,0.1702,0.1702,35092,0
2016-05-23,20:25:00,0.1702,0.1719,0.1702,0.1703,92311,0
2016-05-23,20:30:00,0.1705,0.171,0.1703,0.1706,5918,0
2016-05-23,20:35:00,0.1711,0.174,0.1711,0.174,8924,0
2016-05-23,20:40:00,0.1741,0.1741,0.1739,0.1739,50569,0
2016-05-23,20:45:00,0.1739,0.174,0.1727,0.1731,44053,0
2016-05-23,20:50:00,0.173,0.1731,0.1715,0.1716,24844,0
2016-05-23,20:55:00,0.1724,0.178,0.1716,0.1716,28422,0
2016-05-23,21:00:00,0.1721,0.1723,0.1716,0.1723,2595,0
2016-05-23,21:05:00,0.173,0.1749,0.1716,0.1723,24086,0
2016-05-23,21:10:00,0.1722,0.1743,0.1719,0.1743,24240,0
2016-05-23,21:15:00,0.1749,0.1749,0.1719,0.1719,13261,0
2016-05-23,21:20:00,0.1719,0.176,0.1719,0.1723,32692,0
2016-05-23,21:25:00,0.1726,0.1745,0.1719,0.1719,35550,0
2016-05-23,21:30:00,0.1722,0.1743,0.1715,0.1715,108680,0
2016-05-23,21:35:00,0.1722,0.1744,0.1715,0.1716,125656,0
2016-05-23,21:40:00,0.1719,0.1719,0.1715,0.1719,2050,0
2016-05-23,21:45:00,0.1724,0.1743,0.1715,0.1716,31400,0
2016-05-23,21:50:00,0.174,0.175,0.1715,0.175,101800,0
2016-05-23,21:55:00,0.1715,0.175,0.1715,0.173,10337,0
2016-05-23,22:00:00,0.1718,0.18,0.1718,0.18,141860,0
