Date,Time,Open,High,Low,Close,Volume,OpenInt
2016-05-23,15:35:00,1.73,1.73,1.73,1.73,1315,0
2016-05-23,15:45:00,1.7401,1.7401,1.7401,1.7401,600,0
2016-05-23,16:20:00,1.75,1.75,1.75,1.75,100,0
2016-05-23,16:35:00,1.7701,1.785,1.77,1.785,1100,0
2016-05-23,16:40:00,1.79,1.791,1.79,1.79,2800,0
2016-05-23,16:45:00,1.784,1.784,1.784,1.784,200,0
2016-05-23,16:50:00,1.7806,1.785,1.7806,1.785,1100,0
2016-05-23,16:55:00,1.7701,1.7701,1.76,1.77,316,0
2016-05-23,17:00:00,1.7999,1.7999,1.7999,1.7999,200,0
2016-05-23,17:10:00,1.7806,1.7806,1.77,1.77,1057,0
2016-05-23,17:30:00,1.8,1.8,1.8,1.8,100,0
2016-05-23,17:40:00,1.7745,1.7745,1.73,1.73,5800,0
2016-05-23,17:45:00,1.72,1.72,1.72,1.72,100,0
2016-05-23,17:55:00,1.7693,1.7693,1.7693,1.7693,1000,0
2016-05-23,18:15:00,1.76,1.76,1.76,1.76,100,0
2016-05-23,18:25:00,1.79,1.79,1.79,1.79,200,0
2016-05-23,18:30:00,1.78,1.8,1.78,1.8,400,0
2016-05-23,18:50:00,1.76,1.76,1.76,1.76,100,0
2016-05-23,18:55:00,1.7814,1.7865,1.7814,1.7865,1100,0
2016-05-23,19:00:00,1.78,1.78,1.78,1.78,400,0
2016-05-23,19:25:00,1.79,1.79,1.79,1.79,200,0
2016-05-23,19:30:00,1.75,1.75,1.74,1.75,400,0
2016-05-23,19:45:00,1.76,1.76,1.76,1.76,400,0
2016-05-23,19:55:00,1.76,1.76,1.72,1.73,10200,0
2016-05-23,20:00:00,1.73,1.73,1.73,1.73,100,0
2016-05-23,20:10:00,1.7405,1.75,1.73,1.73,300,0
2016-05-23,20:25:00,1.7345,1.7345,1.7345,1.7345,1000,0
2016-05-23,20:40:00,1.74,1.74,1.74,1.74,100,0
2016-05-23,20:45:00,1.76,1.76,1.76,1.76,500,0
2016-05-23,20:55:00,1.73,1.74,1.73,1.74,900,0
2016-05-23,21:00:00,1.74,1.74,1.74,1.74,600,0
2016-05-23,21:10:00,1.73,1.74,1.73,1.74,300,0
2016-05-23,21:15:00,1.74,1.74,1.73,1.74,2700,0
2016-05-23,21:30:00,1.73,1.73,1.71,1.72,4000,0
2016-05-23,21:35:00,1.7132,1.7132,1.7132,1.7132,200,0
2016-05-23,21:45:00,1.7132,1.73,1.7132,1.73,1900,0
2016-05-23,21:50:00,1.73,1.73,1.71,1.73,11300,0
2016-05-23,21:55:00,1.7499,1.7499,1.7332,1.7332,400,0
2016-05-23,22:00:00,1.7248,1.76,1.7248,1.76,1398,0
2016-05-24,15:35:00,1.74,1.74,1.7385,1.7385,1062,0
2016-05-24,15:55:00,1.71,1.71,1.71,1.71,100,0
2016-05-24,16:10:00,1.71,1.71,1.71,1.71,100,0
2016-05-24,16:30:00,1.7176,1.7176,1.71,1.71,400,0
2016-05-24,16:35:00,1.725,1.725,1.725,1.725,200,0
2016-05-24,16:45:00,1.7101,1.72,1.7101,1.72,6100,0
2016-05-24,16:50:00,1.71,1.72,1.71,1.72,9570,0
2016-05-24,16:55:00,1.715,1.72,1.71,1.71,740,0
2016-05-24,17:00:00,1.7101,1.72,1.71,1.72,3100,0
2016-05-24,17:05:00,1.72,1.72,1.71,1.72,300,0
2016-05-24,17:10:00,1.715,1.72,1.715,1.72,1000,0
2016-05-24,17:15:00,1.72,1.72,1.72,1.72,400,0
2016-05-24,17:25:00,1.72,1.72,1.72,1.72,100,0
2016-05-24,17:30:00,1.72,1.72,1.71,1.7101,1100,0
2016-05-24,17:35:00,1.72,1.72,1.715,1.715,400,0
2016-05-24,17:40:00,1.72,1.72,1.72,1.72,100,0
2016-05-24,17:45:00,1.72,1.72,1.72,1.72,100,0
2016-05-24,17:50:00,1.72,1.73,1.72,1.72,2970,0
2016-05-24,17:55:00,1.72,1.72,1.72,1.72,1200,0
2016-05-24,18:00:00,1.73,1.73,1.73,1.73,100,0
2016-05-24,18:05:00,1.73,1.73,1.725,1.725,300,0
2016-05-24,18:10:00,1.73,1.73,1.73,1.73,100,0
2016-05-24,18:25:00,1.7225,1.73,1.72,1.72,300,0
2016-05-24,18:30:00,1.7231,1.73,1.71,1.73,15928,0
2016-05-24,18:35:00,1.727,1.727,1.727,1.727,2000,0
2016-05-24,18:40:00,1.725,1.725,1.725,1.725,200,0
2016-05-24,18:45:00,1.725,1.725,1.725,1.725,200,0
2016-05-24,18:50:00,1.72,1.72,1.72,1.72,100,0
2016-05-24,18:55:00,1.7266,1.7266,1.725,1.725,1200,0
2016-05-24,19:05:00,1.73,1.73,1.73,1.73,100,0
2016-05-24,19:10:00,1.72,1.73,1.72,1.73,400,0
2016-05-24,19:25:00,1.73,1.73,1.73,1.73,500,0
2016-05-24,19:30:00,1.72,1.7231,1.71,1.7231,5100,0
2016-05-24,19:45:00,1.725,1.725,1.725,1.725,100,0
2016-05-24,20:00:00,1.73,1.73,1.73,1.73,100,0
2016-05-24,20:05:00,1.72,1.72,1.72,1.72,200,0
2016-05-24,20:20:00,1.72,1.72,1.72,1.72,100,0
2016-05-24,20:30:00,1.713,1.713,1.71,1.71,700,0
2016-05-24,20:45:00,1.72,1.72,1.7,1.71,4100,0
2016-05-24,20:50:00,1.71,1.72,1.7,1.7,3624,0
2016-05-24,21:05:00,1.72,1.73,1.71,1.71,400,0
2016-05-24,21:10:00,1.7,1.7,1.7,1.7,100,0
2016-05-24,21:20:00,1.71,1.72,1.71,1.72,1850,0
2016-05-24,21:30:00,1.73,1.73,1.73,1.73,100,0
2016-05-24,21:45:00,1.72,1.72,1.72,1.72,100,0
2016-05-24,21:50:00,1.72,1.72,1.72,1.72,100,0
2016-05-24,21:55:00,1.72,1.72,1.72,1.72,200,0
2016-05-24,22:00:00,1.72,1.755,1.72,1.755,9871,0
2016-05-25,15:35:00,1.76,1.8,1.76,1.8,14770,0
2016-05-25,15:40:00,1.8,1.8,1.74,1.74,7588,0
2016-05-25,15:45:00,1.73,1.73,1.73,1.73,100,0
2016-05-25,16:00:00,1.71,1.71,1.71,1.71,100,0
2016-05-25,16:30:00,1.71,1.72,1.71,1.72,500,0
2016-05-25,16:35:00,1.7199,1.72,1.7199,1.72,6600,0
2016-05-25,16:40:00,1.72,1.72,1.71,1.71,1300,0
2016-05-25,17:00:00,1.7186,1.7186,1.7186,1.7186,1000,0
2016-05-25,17:05:00,1.72,1.73,1.72,1.73,310,0
2016-05-25,17:10:00,1.7201,1.73,1.7201,1.73,1600,0
2016-05-25,17:15:00,1.73,1.73,1.72,1.72,200,0
2016-05-25,17:20:00,1.72,1.72,1.72,1.72,100,0
2016-05-25,17:30:00,1.7265,1.7265,1.7265,1.7265,1000,0
2016-05-25,17:35:00,1.73,1.73,1.73,1.73,100,0
2016-05-25,17:40:00,1.73,1.73,1.73,1.73,100,0
2016-05-25,17:45:00,1.72,1.72,1.72,1.72,100,0
2016-05-25,17:55:00,1.73,1.73,1.727,1.727,900,0
2016-05-25,18:00:00,1.73,1.73,1.73,1.73,500,0
2016-05-25,18:10:00,1.72,1.72,1.72,1.72,100,0
2016-05-25,18:25:00,1.7201,1.7239,1.72,1.7239,2600,0
2016-05-25,18:30:00,1.73,1.73,1.71,1.71,2680,0
2016-05-25,18:40:00,1.7,1.7,1.7,1.7,400,0
2016-05-25,18:45:00,1.71,1.71,1.7,1.71,500,0
2016-05-25,18:55:00,1.7,1.7,1.7,1.7,100,0
2016-05-25,19:00:00,1.7,1.7,1.7,1.7,100,0
2016-05-25,19:10:00,1.709,1.71,1.705,1.7099,1489,0
2016-05-25,19:25:00,1.71,1.71,1.71,1.71,500,0
2016-05-25,19:35:00,1.7035,1.7085,1.7035,1.7085,350,0
2016-05-25,19:40:00,1.7016,1.7016,1.7016,1.7016,200,0
2016-05-25,19:45:00,1.71,1.71,1.7016,1.7016,200,0
2016-05-25,19:50:00,1.71,1.71,1.7065,1.71,2600,0
2016-05-25,20:05:00,1.72,1.72,1.71,1.71,200,0
2016-05-25,20:10:00,1.71,1.71,1.69,1.7,27729,0
2016-05-25,20:15:00,1.7,1.7,1.7,1.7,100,0
2016-05-25,20:30:00,1.7055,1.7055,1.7055,1.7055,175,0
2016-05-25,20:35:00,1.71,1.71,1.71,1.71,300,0
2016-05-25,20:40:00,1.72,1.72,1.72,1.72,600,0
2016-05-25,20:45:00,1.7001,1.7001,1.7001,1.7001,1000,0
2016-05-25,20:50:00,1.72,1.72,1.72,1.72,100,0
2016-05-25,21:00:00,1.7,1.7186,1.7,1.7186,300,0
2016-05-25,21:15:00,1.7,1.7,1.7,1.7,100,0
2016-05-25,21:35:00,1.7,1.7,1.7,1.7,100,0
2016-05-25,21:55:00,1.72,1.72,1.705,1.72,1975,0
2016-05-25,22:00:00,1.7101,1.73,1.7101,1.73,600,0
2016-05-26,15:35:00,1.73,1.76,1.73,1.76,3587,0
2016-05-26,15:45:00,1.752,1.76,1.752,1.76,1130,0
2016-05-26,16:00:00,1.73,1.73,1.73,1.73,100,0
2016-05-26,16:10:00,1.76,1.76,1.75,1.76,900,0
2016-05-26,16:15:00,1.74,1.74,1.74,1.74,100,0
2016-05-26,16:25:00,1.74,1.75,1.74,1.75,4700,0
2016-05-26,16:30:00,1.76,1.78,1.73,1.73,8600,0
2016-05-26,16:35:00,1.74,1.74,1.74,1.74,500,0
2016-05-26,16:40:00,1.74,1.7699,1.74,1.74,2600,0
2016-05-26,16:45:00,1.77,1.77,1.74,1.74,2200,0
2016-05-26,16:50:00,1.73,1.73,1.73,1.73,100,0
2016-05-26,16:55:00,1.73,1.73,1.73,1.73,200,0
2016-05-26,17:15:00,1.72,1.73,1.72,1.73,300,0
2016-05-26,17:50:00,1.72,1.72,1.72,1.72,500,0
2016-05-26,18:00:00,1.72,1.72,1.72,1.72,100,0
2016-05-26,18:10:00,1.7201,1.7201,1.7201,1.7201,100,0
2016-05-26,18:15:00,1.7291,1.7291,1.7291,1.7291,800,0
2016-05-26,18:25:00,1.7291,1.7291,1.7285,1.7285,5500,0
2016-05-26,18:30:00,1.72,1.72,1.72,1.72,100,0
2016-05-26,18:40:00,1.73,1.74,1.73,1.74,700,0
2016-05-26,18:45:00,1.74,1.74,1.74,1.74,800,0
2016-05-26,18:50:00,1.74,1.74,1.74,1.74,900,0
2016-05-26,18:55:00,1.74,1.75,1.74,1.74,2400,0
2016-05-26,19:00:00,1.76,1.78,1.74,1.77,10751,0
2016-05-26,19:05:00,1.77,1.78,1.76,1.78,13102,0
2016-05-26,19:10:00,1.78,1.78,1.78,1.78,700,0
2016-05-26,19:15:00,1.78,1.78,1.72,1.77,4037,0
2016-05-26,19:20:00,1.73,1.77,1.72,1.76,12700,0
2016-05-26,19:25:00,1.73,1.78,1.73,1.78,5252,0
2016-05-26,19:30:00,1.78,1.78,1.77,1.78,1517,0
2016-05-26,19:35:00,1.78,1.78,1.78,1.78,800,0
2016-05-26,19:40:00,1.78,1.78,1.7699,1.78,1000,0
2016-05-26,19:45:00,1.78,1.78,1.77,1.78,1100,0
2016-05-26,19:50:00,1.78,1.78,1.78,1.78,1200,0
2016-05-26,19:55:00,1.78,1.78,1.77,1.78,800,0
2016-05-26,20:00:00,1.78,1.79,1.78,1.78,13519,0
2016-05-26,20:05:00,1.79,1.8,1.76,1.8,19226,0
2016-05-26,20:10:00,1.7915,1.82,1.79,1.82,20532,0
2016-05-26,20:15:00,1.84,1.84,1.82,1.82,1100,0
2016-05-26,20:20:00,1.82,1.83,1.82,1.83,900,0
2016-05-26,20:25:00,1.83,1.83,1.83,1.83,1000,0
2016-05-26,20:30:00,1.83,1.84,1.825,1.84,2611,0
2016-05-26,20:35:00,1.823,1.84,1.82,1.84,14078,0
2016-05-26,20:40:00,1.84,1.84,1.82,1.84,4700,0
2016-05-26,20:45:00,1.84,1.84,1.825,1.84,7300,0
2016-05-26,20:50:00,1.83,1.84,1.83,1.84,4100,0
2016-05-26,20:55:00,1.84,1.84,1.83,1.84,6416,0
2016-05-26,21:00:00,1.84,1.84,1.8201,1.84,4000,0
2016-05-26,21:05:00,1.84,1.9,1.83,1.85,24051,0
2016-05-26,21:10:00,1.89,1.89,1.84,1.86,14300,0
2016-05-26,21:15:00,1.85,1.88,1.84,1.87,3029,0
2016-05-26,21:20:00,1.87,1.88,1.87,1.88,1035,0
2016-05-26,21:25:00,1.87,1.87,1.85,1.86,1200,0
2016-05-26,21:30:00,1.86,1.9,1.83,1.86,9800,0
2016-05-26,21:35:00,1.86,1.86,1.85,1.86,1800,0
2016-05-26,21:40:00,1.86,1.86,1.85,1.86,2300,0
2016-05-26,21:45:00,1.86,1.86,1.85,1.86,6000,0
2016-05-26,21:50:00,1.86,1.86,1.85,1.85,10700,0
2016-05-26,21:55:00,1.855,1.86,1.84,1.86,7500,0
2016-05-26,22:00:00,1.86,1.86,1.85,1.86,6047,0
2016-05-27,15:35:00,1.87,1.9,1.87,1.9,1225,0
2016-05-27,16:10:00,1.8546,1.8546,1.8546,1.8546,300,0
2016-05-27,16:15:00,1.9,1.9,1.87,1.87,285,0
2016-05-27,16:20:00,1.87,1.87,1.87,1.87,200,0
2016-05-27,16:25:00,1.8718,1.8718,1.8718,1.8718,5232,0
2016-05-27,16:40:00,1.88,1.88,1.87,1.87,1400,0
2016-05-27,16:55:00,1.87,1.87,1.82,1.82,6565,0
2016-05-27,17:00:00,1.83,1.83,1.83,1.83,600,0
2016-05-27,17:10:00,1.85,1.87,1.85,1.87,1200,0
2016-05-27,18:05:00,1.8401,1.8401,1.83,1.83,300,0
2016-05-27,18:25:00,1.8501,1.8663,1.85,1.8663,7000,0
2016-05-27,18:30:00,1.8674,1.8674,1.8674,1.8674,400,0
2016-05-27,18:35:00,1.84,1.8576,1.84,1.8576,950,0
2016-05-27,18:40:00,1.85,1.85,1.85,1.85,400,0
2016-05-27,18:45:00,1.86,1.86,1.86,1.86,100,0
2016-05-27,18:55:00,1.8535,1.8535,1.85,1.85,1800,0
2016-05-27,19:00:00,1.85,1.85,1.83,1.83,2900,0
2016-05-27,19:05:00,1.835,1.86,1.82,1.82,6520,0
2016-05-27,19:10:00,1.8,1.8,1.774,1.78,3500,0
2016-05-27,19:25:00,1.7801,1.7801,1.7801,1.7801,1000,0
2016-05-27,19:35:00,1.7901,1.7901,1.79,1.79,1100,0
2016-05-27,19:40:00,1.81,1.81,1.8099,1.81,1000,0
2016-05-27,19:55:00,1.82,1.82,1.82,1.82,500,0
2016-05-27,20:35:00,1.81,1.81,1.81,1.81,200,0
2016-05-27,20:55:00,1.81,1.81,1.81,1.81,14992,0
2016-05-27,21:05:00,1.79,1.79,1.79,1.79,500,0
2016-05-27,21:25:00,1.8,1.8,1.8,1.8,200,0
2016-05-27,21:40:00,1.807,1.81,1.8,1.81,4600,0
2016-05-27,21:55:00,1.8,1.8,1.8,1.8,200,0
2016-05-27,22:00:00,1.81,1.81,1.81,1.81,225,0
2016-05-31,15:35:00,1.83,1.8464,1.83,1.8464,6030,0
2016-05-31,15:40:00,1.9,1.9,1.875,1.9,8860,0
2016-05-31,15:45:00,1.8937,1.933,1.875,1.933,2230,0
2016-05-31,15:50:00,1.93,1.93,1.9,1.9075,2910,0
2016-05-31,15:55:00,1.9,1.9,1.9,1.9,400,0
2016-05-31,16:00:00,1.92,1.93,1.915,1.92,1920,0
2016-05-31,16:05:00,1.91,1.91,1.91,1.91,100,0
2016-05-31,16:10:00,1.9,1.9,1.89,1.8998,2180,0
2016-05-31,16:25:00,1.874,1.874,1.874,1.874,200,0
2016-05-31,16:30:00,1.8837,1.8837,1.8837,1.8837,1000,0
2016-05-31,16:35:00,1.87,1.87,1.86,1.86,885,0
2016-05-31,16:40:00,1.88,1.88,1.88,1.88,100,0
2016-05-31,16:45:00,1.86,1.86,1.86,1.86,700,0
2016-05-31,16:55:00,1.87,1.87,1.87,1.87,100,0
2016-05-31,17:00:00,1.8695,1.87,1.85,1.87,5800,0
2016-05-31,17:05:00,1.87,1.87,1.87,1.87,100,0
2016-05-31,17:10:00,1.87,1.87,1.87,1.87,1660,0
2016-05-31,17:25:00,1.87,1.87,1.87,1.87,200,0
2016-05-31,17:40:00,1.87,1.87,1.87,1.87,100,0
2016-05-31,17:45:00,1.87,1.87,1.87,1.87,1040,0
2016-05-31,17:50:00,1.8601,1.88,1.86,1.86,3700,0
2016-05-31,17:55:00,1.86,1.86,1.8599,1.8599,2700,0
2016-05-31,18:00:00,1.855,1.86,1.85,1.85,3700,0
2016-05-31,18:05:00,1.86,1.86,1.8575,1.86,600,0
2016-05-31,18:10:00,1.8528,1.8528,1.8528,1.8528,245,0
2016-05-31,18:15:00,1.85,1.86,1.85,1.86,300,0
2016-05-31,18:20:00,1.85,1.86,1.85,1.86,300,0
2016-05-31,18:35:00,1.86,1.86,1.86,1.86,100,0
2016-05-31,19:05:00,1.86,1.88,1.86,1.87,7696,0
2016-05-31,19:10:00,1.87,1.87,1.87,1.87,100,0
2016-05-31,19:15:00,1.874,1.88,1.874,1.88,400,0
2016-05-31,19:20:00,1.873,1.88,1.873,1.88,4263,0
2016-05-31,19:25:00,1.87,1.87,1.87,1.87,100,0
2016-05-31,19:30:00,1.88,1.88,1.88,1.88,100,0
2016-05-31,19:45:00,1.88,1.89,1.86,1.89,3618,0
2016-05-31,19:50:00,1.89,1.89,1.8844,1.8844,900,0
2016-05-31,20:00:00,1.87,1.89,1.86,1.89,5003,0
2016-05-31,20:05:00,1.875,1.875,1.875,1.875,100,0
2016-05-31,20:15:00,1.88,1.89,1.88,1.89,600,0
2016-05-31,20:25:00,1.89,1.89,1.87,1.89,400,0
2016-05-31,20:40:00,1.89,1.89,1.89,1.89,100,0
2016-05-31,20:55:00,1.89,1.89,1.89,1.89,200,0
2016-05-31,21:00:00,1.85,1.89,1.85,1.86,300,0
2016-05-31,21:05:00,1.88,1.88,1.86,1.8701,400,0
2016-05-31,21:15:00,1.88,1.88,1.88,1.88,400,0
2016-05-31,21:25:00,1.89,1.89,1.89,1.89,300,0
2016-05-31,21:30:00,1.88,1.89,1.88,1.88,829,0
2016-05-31,21:35:00,1.89,1.89,1.89,1.89,100,0
2016-05-31,21:40:00,1.89,1.89,1.89,1.89,200,0
2016-05-31,21:55:00,1.8701,1.89,1.8701,1.89,2700,0
2016-05-31,22:00:00,1.8925,1.9,1.8801,1.9,7175,0
2016-06-01,15:35:00,1.9,1.94,1.9,1.9299,8156,0
2016-06-01,15:40:00,1.9,1.915,1.9,1.915,660,0
2016-06-01,15:45:00,1.9,1.9,1.88,1.8882,1146,0
2016-06-01,15:55:00,1.88,1.88,1.88,1.88,100,0
2016-06-01,16:00:00,1.8882,1.8882,1.8882,1.8882,189,0
2016-06-01,16:05:00,1.8862,1.8899,1.8862,1.8899,4260,0
2016-06-01,16:10:00,1.88,1.88,1.87,1.87,200,0
2016-06-01,16:20:00,1.88,1.88,1.88,1.88,100,0
2016-06-01,16:30:00,1.8899,1.8899,1.8899,1.8899,500,0
2016-06-01,16:45:00,1.88,1.88,1.88,1.88,500,0
2016-06-01,17:00:00,1.88,1.88,1.88,1.88,1000,0
2016-06-01,17:05:00,1.89,1.89,1.88,1.89,5400,0
2016-06-01,17:15:00,1.89,1.89,1.8868,1.8868,600,0
2016-06-01,17:30:00,1.88,1.88,1.88,1.88,21567,0
2016-06-01,17:35:00,1.88,1.88,1.88,1.88,800,0
2016-06-01,17:55:00,1.8789,1.8789,1.8789,1.8789,532,0
2016-06-01,18:00:00,1.87,1.87,1.87,1.87,300,0
2016-06-01,18:05:00,1.8799,1.8799,1.8701,1.8701,1777,0
2016-06-01,18:40:00,1.87,1.87,1.87,1.87,100,0
2016-06-01,18:45:00,1.88,1.88,1.88,1.88,500,0
2016-06-01,18:55:00,1.8767,1.8767,1.8767,1.8767,200,0
2016-06-01,19:10:00,1.8785,1.8785,1.87,1.875,4450,0
2016-06-01,19:30:00,1.88,1.889,1.8795,1.889,2500,0
2016-06-01,19:50:00,1.8899,1.8899,1.8899,1.8899,500,0
2016-06-01,20:20:00,1.88,1.88,1.875,1.88,10900,0
2016-06-01,20:30:00,1.8815,1.89,1.8815,1.89,850,0
2016-06-01,20:50:00,1.88,1.89,1.88,1.89,500,0
2016-06-01,21:00:00,1.89,1.89,1.8875,1.8875,790,0
2016-06-01,21:05:00,1.8816,1.8816,1.8816,1.8816,100,0
2016-06-01,21:10:00,1.8816,1.8816,1.88,1.88,400,0
2016-06-01,21:15:00,1.8816,1.8816,1.8816,1.8816,100,0
2016-06-01,21:20:00,1.89,1.89,1.8868,1.8868,1300,0
2016-06-01,21:25:00,1.8816,1.8816,1.8816,1.8816,400,0
2016-06-01,21:30:00,1.8816,1.8816,1.8816,1.8816,200,0
2016-06-01,21:35:00,1.8816,1.8816,1.8816,1.8816,200,0
2016-06-01,21:40:00,1.8816,1.8816,1.8816,1.8816,100,0
2016-06-01,21:45:00,1.8816,1.8816,1.88,1.8816,400,0
2016-06-01,21:50:00,1.8816,1.8816,1.8816,1.8816,200,0
2016-06-01,21:55:00,1.885,1.9,1.88,1.8832,9644,0
2016-06-01,22:00:00,1.88,1.9,1.88,1.9,6900,0
2016-06-02,15:35:00,1.9,1.9,1.9,1.9,1100,0
2016-06-02,16:15:00,1.89,1.89,1.89,1.89,200,0
2016-06-02,16:20:00,1.928,1.94,1.9197,1.9198,5664,0
2016-06-02,16:35:00,1.918,1.918,1.918,1.918,125,0
2016-06-02,16:45:00,1.93,1.93,1.9,1.9,1100,0
2016-06-02,16:50:00,1.9001,1.93,1.9,1.93,6959,0
2016-06-02,16:55:00,1.9255,1.9255,1.9255,1.9255,500,0
2016-06-02,17:00:00,1.93,1.93,1.93,1.93,100,0
2016-06-02,17:05:00,1.91,1.93,1.91,1.93,200,0
2016-06-02,17:20:00,1.93,1.93,1.93,1.93,100,0
2016-06-02,17:30:00,1.92,1.92,1.9058,1.9058,1500,0
2016-06-02,17:35:00,1.9,1.92,1.9,1.92,900,0
2016-06-02,17:50:00,1.89,1.9099,1.89,1.9099,3000,0
2016-06-02,17:55:00,1.907,1.91,1.89,1.9,600,0
2016-06-02,18:05:00,1.91,1.91,1.9,1.91,2300,0
2016-06-02,18:10:00,1.9,1.9,1.89,1.89,2147,0
2016-06-02,18:15:00,1.89,1.89,1.89,1.89,500,0
2016-06-02,18:20:00,1.89,1.89,1.89,1.89,100,0
2016-06-02,18:25:00,1.89,1.895,1.89,1.895,700,0
2016-06-02,18:30:00,1.8931,1.8931,1.8931,1.8931,800,0
2016-06-02,18:40:00,1.89,1.9,1.89,1.9,200,0
2016-06-02,18:50:00,1.8985,1.9,1.8985,1.9,2000,0
2016-06-02,19:00:00,1.8901,1.8901,1.8901,1.8901,2000,0
2016-06-02,19:05:00,1.8999,1.8999,1.8999,1.8999,1000,0
2016-06-02,19:10:00,1.89,1.89,1.89,1.89,400,0
2016-06-02,19:15:00,1.89,1.89,1.89,1.89,200,0
2016-06-02,19:25:00,1.89,1.89,1.89,1.89,700,0
2016-06-02,19:30:00,1.88,1.88,1.88,1.88,100,0
2016-06-02,19:45:00,1.8801,1.8801,1.8801,1.8801,1500,0
2016-06-02,19:55:00,1.88,1.88,1.86,1.86,6500,0
2016-06-02,20:00:00,1.87,1.87,1.84,1.84,21266,0
2016-06-02,20:05:00,1.84,1.84,1.84,1.84,1200,0
2016-06-02,20:10:00,1.8401,1.8401,1.77,1.77,13482,0
2016-06-02,20:25:00,1.81,1.84,1.8,1.84,900,0
2016-06-02,20:30:00,1.8499,1.85,1.8499,1.85,1200,0
2016-06-02,20:35:00,1.8499,1.85,1.8455,1.8455,5441,0
2016-06-02,20:50:00,1.84,1.84,1.84,1.84,100,0
2016-06-02,20:55:00,1.84,1.845,1.83,1.83,5185,0
2016-06-02,21:20:00,1.88,1.88,1.88,1.88,100,0
2016-06-02,21:25:00,1.87,1.87,1.87,1.87,100,0
2016-06-02,21:30:00,1.889,1.889,1.889,1.889,242,0
2016-06-02,21:40:00,1.88,1.88,1.87,1.87,500,0
2016-06-02,21:45:00,1.88,1.88,1.88,1.88,100,0
2016-06-02,21:55:00,1.87,1.87,1.86,1.86,600,0
2016-06-02,22:00:00,1.81,1.81,1.81,1.81,749,0
2016-06-03,15:35:00,1.8,1.8,1.8,1.8,1704,0
2016-06-03,16:10:00,1.78,1.78,1.78,1.78,100,0
2016-06-03,16:55:00,1.83,1.83,1.78,1.795,400,0
2016-06-03,18:00:00,1.78,1.78,1.78,1.78,200,0
2016-06-03,18:15:00,1.77,1.77,1.77,1.77,100,0
2016-06-03,18:20:00,1.81,1.81,1.799,1.799,2500,0
2016-06-03,18:40:00,1.83,1.83,1.83,1.83,200,0
2016-06-03,18:50:00,1.85,1.85,1.85,1.85,100,0
2016-06-03,18:55:00,1.849,1.849,1.849,1.849,200,0
2016-06-03,19:00:00,1.8499,1.8499,1.84,1.84,600,0
2016-06-03,19:05:00,1.85,1.85,1.85,1.85,100,0
2016-06-03,19:20:00,1.85,1.85,1.85,1.85,100,0
2016-06-03,19:30:00,1.8459,1.8459,1.8459,1.8459,100,0
2016-06-03,19:35:00,1.85,1.85,1.85,1.85,100,0
2016-06-03,19:50:00,1.85,1.85,1.85,1.85,100,0
2016-06-03,20:05:00,1.85,1.85,1.85,1.85,100,0
2016-06-03,20:10:00,1.84,1.8401,1.84,1.84,1054,0
2016-06-03,20:20:00,1.85,1.85,1.85,1.85,100,0
2016-06-03,20:30:00,1.82,1.82,1.82,1.82,100,0
2016-06-03,20:35:00,1.83,1.85,1.82,1.82,1200,0
2016-06-03,20:55:00,1.83,1.83,1.82,1.82,300,0
2016-06-03,21:10:00,1.81,1.81,1.8,1.8,1195,0
2016-06-03,21:20:00,1.83,1.83,1.83,1.83,500,0
2016-06-03,21:25:00,1.83,1.83,1.8224,1.8224,1100,0
2016-06-03,21:35:00,1.8167,1.8167,1.8167,1.8167,500,0
2016-06-03,21:40:00,1.82,1.82,1.82,1.82,100,0
2016-06-03,21:45:00,1.82,1.82,1.82,1.82,100,0
2016-06-03,21:55:00,1.81,1.81,1.81,1.81,100,0
2016-06-03,22:00:00,1.8101,1.83,1.8,1.8,704,0
2016-06-06,15:35:00,1.82,1.85,1.82,1.85,7901,0
2016-06-06,15:40:00,1.8499,1.8499,1.8499,1.8499,647,0
2016-06-06,15:45:00,1.8315,1.8315,1.83,1.83,500,0
2016-06-06,15:50:00,1.8432,1.8432,1.8432,1.8432,500,0
2016-06-06,15:55:00,1.8389,1.8389,1.83,1.83,900,0
2016-06-06,16:05:00,1.832,1.832,1.832,1.832,3000,0
2016-06-06,16:10:00,1.83,1.83,1.83,1.83,200,0
2016-06-06,16:15:00,1.8376,1.8376,1.8376,1.8376,1220,0
2016-06-06,16:20:00,1.85,1.85,1.85,1.85,500,0
2016-06-06,16:25:00,1.8775,1.892,1.8775,1.88,2450,0
2016-06-06,16:40:00,1.88,1.88,1.88,1.88,200,0
2016-06-06,16:45:00,1.8801,1.8801,1.8801,1.8801,145,0
2016-06-06,17:00:00,1.88,1.8887,1.88,1.8887,1400,0
2016-06-06,17:05:00,1.8874,1.8874,1.8874,1.8874,100,0
2016-06-06,17:10:00,1.88,1.88,1.88,1.88,2450,0
2016-06-06,17:40:00,1.84,1.84,1.83,1.83,200,0
2016-06-06,17:55:00,1.8788,1.88,1.8788,1.88,2000,0
2016-06-06,18:00:00,1.87,1.87,1.8601,1.8601,1600,0
2016-06-06,19:10:00,1.8501,1.8501,1.8501,1.8501,100,0
2016-06-06,20:05:00,1.8601,1.8601,1.8601,1.8601,100,0
2016-06-06,20:20:00,1.86,1.86,1.86,1.86,100,0
2016-06-06,20:45:00,1.864,1.864,1.84,1.84,1100,0
2016-06-06,21:00:00,1.8501,1.8501,1.8501,1.8501,100,0
2016-06-06,21:10:00,1.87,1.87,1.87,1.87,200,0
2016-06-06,21:15:00,1.865,1.865,1.865,1.865,536,0
2016-06-06,21:25:00,1.87,1.87,1.87,1.87,300,0
2016-06-06,21:30:00,1.8644,1.87,1.8644,1.87,540,0
2016-06-06,21:35:00,1.875,1.875,1.875,1.875,400,0
2016-06-06,21:45:00,1.88,1.88,1.88,1.88,400,0
2016-06-06,21:50:00,1.88,1.88,1.8765,1.8765,300,0
2016-06-06,21:55:00,1.88,1.8899,1.875,1.8899,2300,0
2016-06-06,22:00:00,1.89,1.9,1.8802,1.9,7523,0
2016-06-07,15:35:00,1.9,1.9,1.9,1.9,3600,0
2016-06-07,15:40:00,1.885,1.8875,1.85,1.8875,539,0
2016-06-07,15:50:00,1.87,1.87,1.87,1.87,992,0
2016-06-07,15:55:00,1.9,1.9,1.9,1.9,3800,0
2016-06-07,16:00:00,1.9,1.9,1.8801,1.8801,2685,0
2016-06-07,16:15:00,1.9003,1.9003,1.9,1.9,720,0
2016-06-07,16:20:00,1.9,1.9,1.9,1.9,1600,0
2016-06-07,16:35:00,1.93,1.93,1.93,1.93,100,0
2016-06-07,16:40:00,1.9299,1.9299,1.9,1.9,635,0
2016-06-07,16:45:00,1.91,1.91,1.91,1.91,1300,0
2016-06-07,16:50:00,1.91,1.9101,1.9,1.9,1900,0
2016-06-07,17:05:00,1.93,1.93,1.93,1.93,100,0
2016-06-07,17:15:00,1.9,1.9,1.87,1.88,9950,0
2016-06-07,17:20:00,1.88,1.88,1.88,1.88,100,0
2016-06-07,17:25:00,1.8799,1.8799,1.8799,1.8799,3800,0
2016-06-07,17:30:00,1.87,1.88,1.87,1.88,200,0
2016-06-07,17:35:00,1.875,1.875,1.87,1.87,7000,0
2016-06-07,17:45:00,1.8737,1.8737,1.8737,1.8737,1938,0
2016-06-07,17:55:00,1.875,1.88,1.87,1.87,750,0
2016-06-07,18:00:00,1.87,1.8975,1.87,1.8975,1600,0
2016-06-07,18:05:00,1.8926,1.8926,1.8926,1.8926,500,0
2016-06-07,18:20:00,1.9,1.9,1.9,1.9,100,0
2016-06-07,18:25:00,1.88,1.8801,1.87,1.87,3700,0
2016-06-07,18:35:00,1.87,1.8701,1.85,1.86,5782,0
2016-06-07,18:50:00,1.88,1.88,1.84,1.869,1200,0
2016-06-07,18:55:00,1.855,1.855,1.8,1.84,11858,0
2016-06-07,19:00:00,1.84,1.84,1.84,1.84,100,0
2016-06-07,19:10:00,1.83,1.83,1.75,1.75,27496,0
2016-06-07,19:15:00,1.79,1.86,1.79,1.85,10189,0
2016-06-07,19:20:00,1.79,1.79,1.74,1.75,11500,0
2016-06-07,19:25:00,1.74,1.808,1.74,1.808,600,0
2016-06-07,19:30:00,1.7601,1.7601,1.7601,1.7601,100,0
2016-06-07,19:35:00,1.761,1.79,1.76,1.76,2624,0
2016-06-07,19:40:00,1.783,1.783,1.783,1.783,230,0
2016-06-07,19:45:00,1.79,1.79,1.79,1.79,100,0
2016-06-07,19:50:00,1.7904,1.82,1.7904,1.82,3600,0
2016-06-07,19:55:00,1.773,1.8125,1.76,1.8125,13800,0
2016-06-07,20:00:00,1.78,1.8,1.78,1.79,1200,0
2016-06-07,20:05:00,1.792,1.7928,1.79,1.79,5100,0
2016-06-07,20:10:00,1.79,1.81,1.79,1.81,300,0
2016-06-07,20:15:00,1.82,1.82,1.8,1.8,1200,0
2016-06-07,20:20:00,1.8,1.8,1.79,1.79,3155,0
2016-06-07,20:25:00,1.8001,1.8001,1.79,1.79,300,0
2016-06-07,20:35:00,1.8153,1.818,1.79,1.818,1780,0
2016-06-07,20:40:00,1.82,1.82,1.8,1.8,760,0
2016-06-07,20:50:00,1.83,1.83,1.83,1.83,100,0
2016-06-07,20:55:00,1.83,1.83,1.83,1.83,100,0
2016-06-07,21:00:00,1.81,1.81,1.81,1.81,100,0
2016-06-07,21:05:00,1.83,1.83,1.81,1.81,1400,0
2016-06-07,21:10:00,1.81,1.82,1.81,1.8108,500,0
2016-06-07,21:20:00,1.83,1.83,1.83,1.83,100,0
2016-06-07,21:30:00,1.83,1.83,1.83,1.83,100,0
2016-06-07,21:35:00,1.8299,1.86,1.8299,1.86,2400,0
2016-06-07,21:40:00,1.8645,1.88,1.86,1.88,2425,0
2016-06-07,21:45:00,1.88,1.88,1.88,1.88,100,0
2016-06-07,21:50:00,1.8785,1.89,1.8785,1.8899,1999,0
2016-06-07,21:55:00,1.89,1.89,1.88,1.88,7281,0
2016-06-07,22:00:00,1.88,1.9,1.88,1.9,8576,0
2016-06-08,15:35:00,1.91,1.91,1.89,1.89,4650,0
2016-06-08,15:40:00,1.8848,1.8848,1.8848,1.8848,600,0
2016-06-08,15:50:00,1.8601,1.8601,1.8601,1.8601,1200,0
2016-06-08,16:20:00,1.8701,1.8701,1.8701,1.8701,1000,0
2016-06-08,16:45:00,1.89,1.89,1.89,1.89,320,0
2016-06-08,16:50:00,1.87,1.87,1.87,1.87,100,0
2016-06-08,16:55:00,1.8703,1.8703,1.8703,1.8703,100,0
2016-06-08,17:00:00,1.885,1.885,1.87,1.87,1338,0
2016-06-08,17:20:00,1.86,1.8722,1.86,1.8722,1700,0
2016-06-08,17:45:00,1.8701,1.8701,1.8701,1.8701,100,0
2016-06-08,18:05:00,1.89,1.89,1.89,1.89,100,0
2016-06-08,18:15:00,1.8823,1.8823,1.8823,1.8823,500,0
2016-06-08,18:45:00,1.8756,1.8756,1.8756,1.8756,535,0
2016-06-08,19:15:00,1.86,1.86,1.86,1.86,100,0
2016-06-08,20:15:00,1.8662,1.8662,1.8662,1.8662,1200,0
2016-06-08,20:25:00,1.8666,1.88,1.86,1.86,6754,0
2016-06-08,20:45:00,1.87,1.88,1.87,1.88,200,0
2016-06-08,20:50:00,1.8701,1.88,1.8701,1.88,600,0
2016-06-08,20:55:00,1.88,1.88,1.88,1.88,100,0
2016-06-08,21:05:00,1.89,1.89,1.88,1.88,1300,0
2016-06-08,21:10:00,1.88,1.88,1.88,1.88,100,0
2016-06-08,21:15:00,1.89,1.9,1.89,1.895,2000,0
2016-06-08,21:20:00,1.88,1.88,1.88,1.88,100,0
2016-06-08,21:25:00,1.89,1.89,1.89,1.89,100,0
2016-06-08,21:30:00,1.8801,1.8801,1.8801,1.8801,100,0
2016-06-08,21:50:00,1.89,1.89,1.89,1.89,175,0
2016-06-08,21:55:00,1.88,1.88,1.88,1.88,100,0
2016-06-08,22:00:00,1.87,1.9,1.86,1.9,2900,0
2016-06-09,15:35:00,1.9,1.9,1.9,1.9,2700,0
2016-06-09,15:45:00,1.8942,1.8943,1.88,1.88,1800,0
2016-06-09,15:55:00,1.8818,1.8818,1.8603,1.8603,7700,0
2016-06-09,16:05:00,1.8898,1.8898,1.8898,1.8898,3000,0
2016-06-09,16:10:00,1.87,1.87,1.87,1.87,300,0
2016-06-09,16:25:00,1.88,1.88,1.88,1.88,3600,0
2016-06-09,17:10:00,1.89,1.89,1.8899,1.8899,500,0
2016-06-09,17:15:00,1.882,1.882,1.882,1.882,500,0
2016-06-09,17:35:00,1.8866,1.89,1.8832,1.8832,1064,0
2016-06-09,18:15:00,1.899,1.899,1.899,1.899,1000,0
2016-06-09,18:35:00,1.88,1.88,1.88,1.88,100,0
2016-06-09,19:15:00,1.88,1.88,1.88,1.88,100,0
2016-06-09,19:35:00,1.8865,1.8865,1.8865,1.8865,100,0
2016-06-09,19:55:00,1.87,1.9,1.87,1.88,6200,0
2016-06-09,20:10:00,1.88,1.889,1.88,1.889,200,0
2016-06-09,20:15:00,1.89,1.89,1.89,1.89,200,0
2016-06-09,20:25:00,1.88,1.9,1.88,1.88,1000,0
2016-06-09,20:30:00,1.9,1.9,1.895,1.895,2100,0
2016-06-09,20:40:00,1.9,1.9,1.88,1.88,3110,0
2016-06-09,21:20:00,1.89,1.89,1.89,1.89,1000,0
2016-06-09,21:25:00,1.8999,1.8999,1.88,1.885,2500,0
2016-06-09,21:55:00,1.9,1.9,1.89,1.89,350,0
2016-06-09,22:00:00,1.9,1.9,1.89,1.89,2800,0
2016-06-10,15:35:00,1.9,1.9,1.8901,1.8901,2530,0
2016-06-10,15:50:00,1.9024,1.91,1.9,1.9,10980,0
2016-06-10,15:55:00,1.896,1.896,1.896,1.896,1500,0
2016-06-10,16:10:00,1.88,1.88,1.88,1.88,100,0
2016-06-10,16:15:00,1.88,1.883,1.88,1.88,1330,0
2016-06-10,16:40:00,1.8811,1.89,1.88,1.89,1900,0
2016-06-10,16:45:00,1.89,1.89,1.87,1.885,1850,0
2016-06-10,17:25:00,1.87,1.87,1.87,1.87,100,0
2016-06-10,17:35:00,1.8938,1.8938,1.8938,1.8938,200,0
2016-06-10,17:40:00,1.88,1.88,1.88,1.88,370,0
2016-06-10,17:55:00,1.88,1.88,1.88,1.88,100,0
2016-06-10,18:10:00,1.8923,1.8923,1.87,1.87,400,0
2016-06-10,18:15:00,1.88,1.88,1.88,1.88,200,0
2016-06-10,18:20:00,1.88,1.88,1.88,1.88,300,0
2016-06-10,18:50:00,1.88,1.88,1.87,1.87,2200,0
2016-06-10,19:05:00,1.88,1.88,1.88,1.88,200,0
2016-06-10,20:45:00,1.89,1.89,1.89,1.89,100,0
2016-06-10,21:10:00,1.87,1.87,1.87,1.87,100,0
2016-06-10,21:25:00,1.8826,1.8826,1.87,1.8774,1500,0
2016-06-10,21:30:00,1.87,1.87,1.87,1.87,100,0
2016-06-10,21:50:00,1.88,1.8801,1.87,1.87,1700,0
2016-06-10,21:55:00,1.8801,1.8801,1.88,1.88,325,0
2016-06-10,22:00:00,1.89,1.89,1.89,1.89,150,0
2016-06-13,15:35:00,1.87,1.9,1.87,1.9,1065,0
2016-06-13,15:45:00,1.89,1.89,1.86,1.86,350,0
2016-06-13,16:25:00,1.86,1.86,1.86,1.86,500,0
2016-06-13,17:00:00,1.87,1.875,1.87,1.87,1200,0
2016-06-13,17:05:00,1.86,1.86,1.86,1.86,1400,0
2016-06-13,17:10:00,1.863,1.863,1.86,1.863,5700,0
2016-06-13,17:20:00,1.88,1.88,1.88,1.88,100,0
2016-06-13,17:25:00,1.85,1.85,1.85,1.85,100,0
2016-06-13,17:45:00,1.8699,1.8699,1.8699,1.8699,2000,0
2016-06-13,18:30:00,1.85,1.85,1.85,1.85,100,0
2016-06-13,18:55:00,1.8625,1.8625,1.8625,1.8625,2000,0
2016-06-13,19:10:00,1.87,1.87,1.87,1.87,100,0
2016-06-13,19:20:00,1.87,1.87,1.87,1.87,1100,0
2016-06-13,19:30:00,1.87,1.87,1.87,1.87,100,0
2016-06-13,19:35:00,1.865,1.865,1.865,1.865,1000,0
2016-06-13,19:45:00,1.8601,1.8601,1.8601,1.8601,750,0
2016-06-13,19:50:00,1.87,1.87,1.87,1.87,1000,0
2016-06-13,19:55:00,1.86,1.86,1.85,1.85,200,0
2016-06-13,20:15:00,1.8501,1.8501,1.8501,1.8501,1000,0
2016-06-13,20:50:00,1.85,1.85,1.85,1.85,100,0
2016-06-13,21:05:00,1.858,1.86,1.858,1.86,1100,0
2016-06-13,21:10:00,1.85,1.85,1.85,1.85,100,0
2016-06-13,21:15:00,1.8699,1.8699,1.86,1.86,3100,0
2016-06-13,21:25:00,1.85,1.85,1.85,1.85,100,0
2016-06-13,21:40:00,1.86,1.86,1.86,1.86,100,0
2016-06-13,21:45:00,1.85,1.85,1.85,1.85,100,0
2016-06-13,21:55:00,1.86,1.86,1.86,1.86,200,0
2016-06-13,22:00:00,1.87,1.89,1.86,1.86,1938,0
2016-06-14,15:35:00,1.86,1.86,1.86,1.86,301,0
2016-06-14,15:40:00,1.89,1.89,1.89,1.89,1000,0
2016-06-14,15:45:00,1.9,1.9,1.9,1.9,1000,0
2016-06-14,15:50:00,1.8785,1.8999,1.8785,1.8785,1300,0
2016-06-14,16:10:00,1.85,1.85,1.85,1.85,220,0
2016-06-14,16:20:00,1.89,1.89,1.89,1.89,160,0
2016-06-14,16:50:00,1.8614,1.8614,1.8614,1.8614,100,0
2016-06-14,17:00:00,1.85,1.85,1.85,1.85,100,0
2016-06-14,17:20:00,1.85,1.86,1.85,1.85,1282,0
2016-06-14,17:30:00,1.85,1.85,1.85,1.85,400,0
2016-06-14,17:50:00,1.85,1.85,1.84,1.84,9000,0
2016-06-14,18:05:00,1.845,1.85,1.845,1.85,400,0
2016-06-14,18:25:00,1.85,1.85,1.85,1.85,100,0
2016-06-14,18:50:00,1.85,1.85,1.85,1.85,100,0
2016-06-14,18:55:00,1.84,1.84,1.83,1.83,2000,0
2016-06-14,19:15:00,1.8348,1.8348,1.8348,1.8348,100,0
2016-06-14,19:25:00,1.81,1.81,1.81,1.81,363,0
2016-06-14,19:50:00,1.81,1.81,1.81,1.81,150,0
2016-06-14,20:00:00,1.8101,1.8101,1.8101,1.8101,2204,0
2016-06-14,20:05:00,1.81,1.81,1.81,1.81,100,0
2016-06-14,20:10:00,1.81,1.81,1.81,1.81,100,0
2016-06-14,20:35:00,1.8141,1.8141,1.8141,1.8141,1633,0
2016-06-14,20:40:00,1.81,1.81,1.81,1.81,100,0
2016-06-14,20:45:00,1.81,1.81,1.81,1.81,200,0
2016-06-14,21:00:00,1.85,1.85,1.85,1.85,100,0
2016-06-14,21:50:00,1.84,1.84,1.84,1.84,100,0
2016-06-14,22:00:00,1.83,1.83,1.83,1.83,201,0
2016-06-15,16:30:00,1.8104,1.85,1.8104,1.85,531,0
2016-06-15,16:55:00,1.8375,1.8375,1.8375,1.8375,1350,0
2016-06-15,17:00:00,1.838,1.838,1.82,1.82,1100,0
2016-06-15,17:10:00,1.847,1.847,1.847,1.847,500,0
2016-06-15,17:30:00,1.82,1.82,1.82,1.82,100,0
2016-06-15,18:35:00,1.846,1.846,1.83,1.83,600,0
2016-06-15,18:45:00,1.85,1.85,1.85,1.85,100,0
2016-06-15,19:00:00,1.83,1.85,1.82,1.82,1100,0
2016-06-15,19:25:00,1.82,1.82,1.82,1.82,100,0
2016-06-15,20:30:00,1.82,1.82,1.82,1.82,100,0
2016-06-15,20:35:00,1.8599,1.8599,1.83,1.83,350,0
2016-06-15,20:55:00,1.86,1.87,1.83,1.83,2700,0
2016-06-15,21:00:00,1.8595,1.8595,1.8595,1.8595,100,0
2016-06-15,21:05:00,1.87,1.87,1.87,1.87,100,0
2016-06-15,21:25:00,1.8692,1.8692,1.8692,1.8692,120,0
2016-06-15,21:45:00,1.88,1.88,1.88,1.88,100,0
2016-06-15,21:50:00,1.89,1.89,1.87,1.87,1135,0
2016-06-15,22:00:00,1.8826,1.8826,1.87,1.87,1400,0
2016-06-16,15:35:00,1.88,1.88,1.88,1.88,196,0
2016-06-16,15:45:00,1.86,1.86,1.84,1.84,1400,0
2016-06-16,16:00:00,1.84,1.84,1.84,1.84,2950,0
2016-06-16,16:10:00,1.83,1.83,1.83,1.83,100,0
2016-06-16,16:25:00,1.8499,1.8499,1.83,1.83,2550,0
2016-06-16,16:35:00,1.8499,1.8499,1.82,1.8305,12900,0
2016-06-16,16:55:00,1.85,1.85,1.85,1.85,10000,0
2016-06-16,17:05:00,1.82,1.8201,1.82,1.8201,1000,0
2016-06-16,17:25:00,1.82,1.85,1.82,1.85,32303,0
2016-06-16,17:30:00,1.8501,1.8501,1.8501,1.8501,1300,0
2016-06-16,17:35:00,1.86,1.86,1.86,1.86,100,0
2016-06-16,17:45:00,1.85,1.85,1.85,1.85,100,0
2016-06-16,17:55:00,1.85,1.85,1.85,1.85,100,0
2016-06-16,18:35:00,1.85,1.85,1.85,1.85,100,0
2016-06-16,19:50:00,1.85,1.85,1.85,1.85,100,0
2016-06-16,20:05:00,1.86,1.86,1.86,1.86,200,0
2016-06-16,20:40:00,1.85,1.8573,1.85,1.8573,2500,0
2016-06-16,20:45:00,1.85,1.85,1.85,1.85,200,0
2016-06-16,21:00:00,1.85,1.86,1.85,1.85,300,0
2016-06-16,21:20:00,1.8501,1.86,1.85,1.86,2749,0
2016-06-16,21:35:00,1.86,1.86,1.86,1.86,100,0
2016-06-16,21:40:00,1.88,1.88,1.87,1.87,462,0
2016-06-16,21:55:00,1.87,1.89,1.87,1.87,21980,0
2016-06-16,22:00:00,1.87,1.89,1.87,1.87,1436,0
2016-06-17,15:45:00,1.8999,1.9,1.879,1.9,14100,0
2016-06-17,15:50:00,1.8601,1.8601,1.8601,1.8601,2000,0
2016-06-17,15:55:00,1.8906,1.9,1.879,1.9,41498,0
2016-06-17,16:00:00,1.9099,1.91,1.898,1.91,20900,0
2016-06-17,16:05:00,1.91,1.91,1.902,1.902,3860,0
2016-06-17,16:10:00,1.91,1.91,1.9,1.9,600,0
2016-06-17,16:25:00,1.9,1.92,1.9,1.92,2200,0
2016-06-17,16:30:00,1.91,1.92,1.91,1.92,10800,0
2016-06-17,16:55:00,1.9,1.9,1.9,1.9,100,0
2016-06-17,17:10:00,1.91,1.92,1.91,1.92,1874,0
2016-06-17,17:15:00,1.9101,1.92,1.9101,1.92,4600,0
2016-06-17,17:25:00,1.9175,1.92,1.9175,1.92,2200,0
2016-06-17,17:30:00,1.93,1.93,1.912,1.912,700,0
2016-06-17,17:35:00,1.92,1.92,1.91,1.91,3000,0
2016-06-17,17:55:00,1.91,1.91,1.9,1.9,800,0
2016-06-17,18:00:00,1.89,1.89,1.89,1.89,100,0
2016-06-17,18:10:00,1.9,1.91,1.9,1.9,3497,0
2016-06-17,18:30:00,1.9,1.9,1.9,1.9,400,0
2016-06-17,18:40:00,1.89,1.9,1.89,1.9,500,0
2016-06-17,18:45:00,1.8999,1.9,1.8999,1.9,1100,0
2016-06-17,19:00:00,1.9001,1.93,1.9,1.9001,3300,0
2016-06-17,19:05:00,1.9001,1.93,1.9001,1.921,2940,0
2016-06-17,19:10:00,1.9201,1.9222,1.92,1.92,1900,0
2016-06-17,19:15:00,1.91,1.91,1.91,1.91,200,0
2016-06-17,19:35:00,1.92,1.92,1.92,1.92,200,0
2016-06-17,19:50:00,1.9123,1.92,1.9123,1.92,3500,0
2016-06-17,19:55:00,1.9,1.9,1.9,1.9,2700,0
2016-06-17,20:00:00,1.9,1.9,1.9,1.9,900,0
2016-06-17,20:05:00,1.9,1.9,1.892,1.9,7800,0
2016-06-17,20:10:00,1.89,1.89,1.89,1.89,100,0
2016-06-17,20:15:00,1.89,1.89,1.88,1.88,2800,0
2016-06-17,20:25:00,1.8686,1.88,1.8686,1.877,5100,0
2016-06-17,21:05:00,1.85,1.855,1.85,1.85,2700,0
2016-06-17,21:15:00,1.85,1.85,1.85,1.85,300,0
2016-06-17,21:40:00,1.85,1.85,1.85,1.85,200,0
2016-06-17,22:00:00,1.86,1.86,1.85,1.85,1707,0
2016-06-20,15:35:00,1.85,1.95,1.85,1.94,3616,0
2016-06-20,15:45:00,1.8201,1.83,1.82,1.83,4534,0
2016-06-20,15:55:00,1.8201,1.8201,1.8201,1.8201,2000,0
2016-06-20,16:00:00,1.8723,1.8723,1.8201,1.8201,2000,0
2016-06-20,16:20:00,1.896,1.896,1.896,1.896,161,0
2016-06-20,16:25:00,1.8892,1.8892,1.8892,1.8892,200,0
2016-06-20,16:35:00,1.8999,1.8999,1.8999,1.8999,750,0
2016-06-20,16:40:00,1.8875,1.8875,1.8875,1.8875,2000,0
2016-06-20,17:15:00,1.89,1.89,1.88,1.89,1313,0
2016-06-20,17:20:00,1.8893,1.8893,1.88,1.88,950,0
2016-06-20,17:35:00,1.86,1.86,1.85,1.85,2360,0
2016-06-20,17:40:00,1.87,1.87,1.87,1.87,100,0
2016-06-20,17:45:00,1.8573,1.8573,1.8573,1.8573,400,0
2016-06-20,17:55:00,1.8535,1.8535,1.8535,1.8535,100,0
2016-06-20,18:00:00,1.86,1.86,1.86,1.86,400,0
2016-06-20,18:10:00,1.85,1.85,1.85,1.85,1581,0
2016-06-20,18:15:00,1.85,1.85,1.85,1.85,9909,0
2016-06-20,18:20:00,1.83,1.86,1.83,1.86,400,0
2016-06-20,18:25:00,1.8301,1.8301,1.8301,1.8301,1213,0
2016-06-20,18:45:00,1.86,1.86,1.86,1.86,1490,0
2016-06-20,18:50:00,1.8576,1.8576,1.8576,1.8576,600,0
2016-06-20,18:55:00,1.86,1.88,1.86,1.88,4158,0
2016-06-20,19:10:00,1.88,1.88,1.8734,1.88,3700,0
2016-06-20,19:15:00,1.89,1.9,1.88,1.88,7870,0
2016-06-20,19:20:00,1.9,1.9,1.9,1.9,300,0
2016-06-20,19:25:00,1.8811,1.8811,1.8811,1.8811,1500,0
2016-06-20,19:40:00,1.9,1.9,1.9,1.9,1000,0
2016-06-20,19:50:00,1.896,1.896,1.896,1.896,500,0
2016-06-20,21:00:00,1.89,1.89,1.89,1.89,200,0
2016-06-20,21:15:00,1.8701,1.875,1.87,1.87,2050,0
2016-06-20,21:25:00,1.88,1.89,1.87,1.87,826,0
2016-06-20,21:35:00,1.8702,1.89,1.86,1.86,13650,0
2016-06-20,21:40:00,1.86,1.89,1.85,1.85,34274,0
2016-06-20,21:45:00,1.87,1.87,1.81,1.81,16850,0
2016-06-20,21:50:00,1.815,1.84,1.81,1.83,20950,0
2016-06-20,21:55:00,1.86,1.86,1.86,1.86,600,0
2016-06-20,22:00:00,1.86,1.88,1.86,1.86,1400,0
2016-06-21,15:35:00,1.86,1.86,1.82,1.8201,6435,0
2016-06-21,15:40:00,1.81,1.8478,1.77,1.77,45541,0
2016-06-21,15:45:00,1.77,1.77,1.77,1.77,400,0
2016-06-21,16:30:00,1.805,1.805,1.8,1.8003,1200,0
2016-06-21,16:35:00,1.83,1.83,1.83,1.83,1000,0
2016-06-21,16:40:00,1.82,1.82,1.82,1.82,100,0
2016-06-21,16:45:00,1.82,1.82,1.82,1.82,100,0
2016-06-21,17:00:00,1.8201,1.8203,1.81,1.8101,12446,0
2016-06-21,17:05:00,1.79,1.7901,1.79,1.79,1200,0
2016-06-21,17:10:00,1.7901,1.8299,1.78,1.8299,18906,0
2016-06-21,17:25:00,1.84,1.84,1.84,1.84,300,0
2016-06-21,17:30:00,1.82,1.82,1.82,1.82,100,0
2016-06-21,18:10:00,1.83,1.83,1.82,1.82,200,0
2016-06-21,18:15:00,1.82,1.82,1.82,1.82,100,0
2016-06-21,18:40:00,1.83,1.86,1.82,1.86,8150,0
2016-06-21,19:15:00,1.855,1.87,1.84,1.86,12325,0
2016-06-21,19:20:00,1.86,1.86,1.84,1.84,1300,0
2016-06-21,19:30:00,1.84,1.84,1.82,1.82,1100,0
2016-06-21,19:45:00,1.82,1.82,1.82,1.82,100,0
2016-06-21,19:50:00,1.82,1.82,1.82,1.82,100,0
2016-06-21,19:55:00,1.87,1.87,1.87,1.87,300,0
2016-06-21,20:00:00,1.87,1.87,1.87,1.87,300,0
2016-06-21,20:05:00,1.87,1.87,1.87,1.87,100,0
2016-06-21,20:40:00,1.83,1.83,1.83,1.83,100,0
2016-06-21,21:05:00,1.82,1.8344,1.82,1.82,2050,0
2016-06-21,21:25:00,1.82,1.82,1.82,1.82,100,0
2016-06-21,21:40:00,1.84,1.84,1.82,1.82,200,0
2016-06-21,21:55:00,1.82,1.86,1.82,1.82,1908,0
2016-06-21,22:00:00,1.82,1.82,1.82,1.82,1095,0
2016-06-22,15:35:00,1.82,1.82,1.82,1.82,820,0
2016-06-22,16:15:00,1.83,1.83,1.83,1.83,100,0
2016-06-22,16:30:00,1.82,1.82,1.78,1.78,6230,0
2016-06-22,16:45:00,1.77,1.77,1.77,1.77,200,0
2016-06-22,17:40:00,1.81,1.81,1.81,1.81,100,0
2016-06-22,17:45:00,1.78,1.7845,1.78,1.7845,600,0
2016-06-22,17:50:00,1.78,1.78,1.78,1.78,100,0
2016-06-22,17:55:00,1.78,1.78,1.77,1.77,615,0
2016-06-22,18:00:00,1.77,1.77,1.77,1.77,100,0
2016-06-22,18:10:00,1.78,1.78,1.78,1.78,100,0
2016-06-22,18:30:00,1.801,1.801,1.77,1.77,1200,0
2016-06-22,19:00:00,1.783,1.783,1.783,1.783,100,0
2016-06-22,19:45:00,1.7899,1.7899,1.7899,1.7899,1500,0
2016-06-22,19:55:00,1.7701,1.7701,1.7701,1.7701,100,0
2016-06-22,20:20:00,1.7801,1.79,1.7801,1.79,520,0
2016-06-22,20:25:00,1.78,1.78,1.77,1.77,5200,0
2016-06-22,20:30:00,1.77,1.77,1.76,1.77,5203,0
2016-06-22,20:35:00,1.75,1.75,1.75,1.75,100,0
2016-06-22,21:00:00,1.76,1.76,1.76,1.76,100,0
2016-06-22,21:20:00,1.76,1.76,1.75,1.76,6300,0
2016-06-22,21:40:00,1.76,1.76,1.76,1.76,1303,0
2016-06-22,22:00:00,1.756,1.76,1.756,1.76,600,0
2016-06-23,15:35:00,1.74,1.77,1.74,1.77,7389,0
2016-06-23,15:50:00,1.7601,1.7752,1.75,1.7501,8706,0
2016-06-23,15:55:00,1.7501,1.7501,1.7501,1.7501,450,0
2016-06-23,16:10:00,1.75,1.7625,1.74,1.74,3761,0
2016-06-23,16:40:00,1.74,1.74,1.74,1.74,200,0
2016-06-23,17:00:00,1.74,1.74,1.74,1.74,300,0
2016-06-23,17:10:00,1.749,1.749,1.749,1.749,153,0
2016-06-23,18:25:00,1.74,1.748,1.74,1.748,1140,0
2016-06-23,18:35:00,1.76,1.76,1.76,1.76,2000,0
2016-06-23,18:40:00,1.75,1.75,1.74,1.74,6614,0
2016-06-23,18:55:00,1.7599,1.7599,1.7599,1.7599,1000,0
2016-06-23,19:10:00,1.7499,1.7499,1.7499,1.7499,3000,0
2016-06-23,19:15:00,1.74,1.74,1.74,1.74,800,0
2016-06-23,19:20:00,1.75,1.75,1.75,1.75,200,0
2016-06-23,19:30:00,1.74,1.74,1.74,1.74,100,0
2016-06-23,20:15:00,1.74,1.74,1.74,1.74,100,0
2016-06-23,20:45:00,1.75,1.75,1.75,1.75,100,0
2016-06-23,20:55:00,1.75,1.75,1.75,1.75,100,0
2016-06-23,21:10:00,1.7501,1.7501,1.7501,1.7501,2000,0
2016-06-23,21:15:00,1.7501,1.7501,1.7501,1.7501,100,0
2016-06-23,21:20:00,1.7501,1.7501,1.7501,1.7501,4000,0
2016-06-23,21:30:00,1.75,1.7501,1.75,1.75,2500,0
2016-06-23,21:40:00,1.75,1.75,1.75,1.75,1000,0
2016-06-23,21:55:00,1.74,1.74,1.74,1.74,1304,0
2016-06-23,22:00:00,1.74,1.74,1.72,1.72,5572,0
2016-06-24,15:35:00,1.71,1.719,1.71,1.71,11486,0
2016-06-24,15:50:00,1.711,1.751,1.711,1.751,2000,0
2016-06-24,15:55:00,1.765,1.765,1.72,1.72,850,0
2016-06-24,16:05:00,1.72,1.77,1.72,1.77,200,0
2016-06-24,16:50:00,1.7572,1.7572,1.7572,1.7572,500,0
2016-06-24,17:20:00,1.76,1.76,1.73,1.73,600,0
2016-06-24,17:40:00,1.7439,1.7439,1.7201,1.7201,1500,0
2016-06-24,17:45:00,1.72,1.72,1.72,1.72,1000,0
2016-06-24,17:50:00,1.72,1.72,1.72,1.72,100,0
2016-06-24,17:55:00,1.72,1.72,1.72,1.72,100,0
2016-06-24,18:10:00,1.73,1.73,1.73,1.73,1162,0
2016-06-24,18:40:00,1.73,1.74,1.71,1.71,2176,0
2016-06-24,18:45:00,1.725,1.725,1.71,1.71,1100,0
2016-06-24,18:50:00,1.71,1.71,1.71,1.71,100,0
2016-06-24,19:25:00,1.71,1.71,1.71,1.71,200,0
2016-06-24,19:45:00,1.71,1.73,1.71,1.72,1200,0
2016-06-24,19:55:00,1.71,1.71,1.71,1.71,100,0
2016-06-24,20:05:00,1.71,1.71,1.71,1.71,350,0
2016-06-24,20:10:00,1.7199,1.7199,1.7199,1.7199,1000,0
2016-06-24,20:25:00,1.71,1.71,1.71,1.71,700,0
2016-06-24,20:30:00,1.71,1.71,1.71,1.71,100,0
2016-06-24,20:35:00,1.7185,1.7185,1.7185,1.7185,2500,0
2016-06-24,20:40:00,1.7153,1.7153,1.71,1.71,250,0
2016-06-24,20:50:00,1.72,1.72,1.71,1.71,1000,0
2016-06-24,21:05:00,1.71,1.71,1.71,1.71,104,0
2016-06-24,21:15:00,1.71,1.71,1.71,1.71,700,0
2016-06-24,21:35:00,1.71,1.71,1.71,1.71,100,0
2016-06-24,21:40:00,1.71,1.71,1.71,1.71,100,0
2016-06-24,21:45:00,1.71,1.71,1.71,1.71,100,0
2016-06-24,21:50:00,1.71,1.715,1.71,1.715,350,0
2016-06-24,21:55:00,1.71,1.72,1.71,1.7125,3933,0
2016-06-24,22:00:00,1.715,1.715,1.715,1.715,200,0
2016-06-27,15:45:00,1.73,1.73,1.73,1.73,100,0
2016-06-27,15:50:00,1.74,1.74,1.74,1.74,200,0
2016-06-27,16:05:00,1.742,1.742,1.742,1.742,1000,0
2016-06-27,16:10:00,1.74,1.74,1.74,1.74,100,0
2016-06-27,16:40:00,1.74,1.74,1.73,1.73,5475,0
2016-06-27,16:55:00,1.7489,1.7555,1.7489,1.7555,2000,0
2016-06-27,17:10:00,1.7514,1.7514,1.7514,1.7514,500,0
2016-06-27,17:20:00,1.73,1.73,1.73,1.73,400,0
2016-06-27,17:40:00,1.73,1.73,1.73,1.73,100,0
2016-06-27,17:50:00,1.73,1.73,1.73,1.73,100,0
2016-06-27,18:25:00,1.73,1.73,1.73,1.73,100,0
2016-06-27,18:50:00,1.73,1.73,1.73,1.73,600,0
2016-06-27,18:55:00,1.73,1.73,1.73,1.73,100,0
2016-06-27,19:20:00,1.7301,1.7409,1.73,1.73,7000,0
2016-06-27,19:55:00,1.73,1.73,1.73,1.73,110,0
2016-06-27,20:05:00,1.7318,1.7318,1.73,1.73,3100,0
2016-06-27,20:10:00,1.73,1.73,1.73,1.73,100,0
2016-06-27,20:15:00,1.73,1.73,1.73,1.73,1000,0
2016-06-27,20:50:00,1.73,1.73,1.73,1.73,100,0
2016-06-27,20:55:00,1.73,1.73,1.73,1.73,100,0
2016-06-27,21:00:00,1.73,1.73,1.73,1.73,100,0
2016-06-27,21:10:00,1.7316,1.7316,1.7316,1.7316,100,0
2016-06-27,21:15:00,1.7316,1.7316,1.7316,1.7316,100,0
2016-06-27,21:20:00,1.7316,1.7316,1.73,1.73,200,0
2016-06-27,21:30:00,1.73,1.74,1.73,1.74,300,0
2016-06-27,21:40:00,1.7316,1.7316,1.7316,1.7316,200,0
2016-06-27,21:45:00,1.73,1.7316,1.73,1.7316,200,0
2016-06-27,21:50:00,1.735,1.735,1.7301,1.7316,500,0
2016-06-27,21:55:00,1.7316,1.7316,1.73,1.73,400,0
2016-06-27,22:00:00,1.7316,1.74,1.73,1.74,1274,0
2016-06-28,15:35:00,1.74,1.74,1.74,1.74,3551,0
2016-06-28,16:15:00,1.74,1.74,1.74,1.74,100,0
2016-06-28,16:50:00,1.7499,1.7499,1.74,1.74,600,0
2016-06-28,16:55:00,1.74,1.74,1.74,1.74,100,0
2016-06-28,17:00:00,1.7505,1.7505,1.74,1.74,250,0
2016-06-28,17:15:00,1.767,1.767,1.767,1.767,2000,0
2016-06-28,17:30:00,1.75,1.7625,1.74,1.74,3800,0
2016-06-28,17:40:00,1.74,1.74,1.74,1.74,400,0
2016-06-28,18:10:00,1.75,1.75,1.75,1.75,450,0
2016-06-28,19:05:00,1.74,1.74,1.74,1.74,200,0
2016-06-28,19:10:00,1.75,1.75,1.75,1.75,100,0
2016-06-28,19:15:00,1.75,1.75,1.75,1.75,300,0
2016-06-28,19:20:00,1.7425,1.75,1.7415,1.7415,950,0
2016-06-28,20:20:00,1.74,1.745,1.74,1.7401,3100,0
2016-06-28,20:30:00,1.745,1.745,1.745,1.745,200,0
2016-06-28,20:40:00,1.74,1.74,1.74,1.74,200,0
2016-06-28,20:45:00,1.745,1.75,1.74,1.74,12700,0
2016-06-28,20:50:00,1.745,1.745,1.745,1.745,100,0
2016-06-28,20:55:00,1.74,1.74,1.74,1.74,7800,0
2016-06-28,21:00:00,1.7499,1.7499,1.74,1.74,11380,0
2016-06-28,21:05:00,1.74,1.74,1.74,1.74,400,0
2016-06-28,21:15:00,1.74,1.74,1.74,1.74,200,0
2016-06-28,21:20:00,1.74,1.74,1.74,1.74,500,0
2016-06-28,21:25:00,1.74,1.7415,1.74,1.7415,900,0
2016-06-28,21:45:00,1.74,1.74,1.74,1.74,200,0
2016-06-28,21:55:00,1.75,1.75,1.7425,1.7425,500,0
2016-06-28,22:00:00,1.745,1.75,1.74,1.75,21927,0
2016-06-29,15:35:00,1.79,1.79,1.77,1.77,902,0
2016-06-29,15:40:00,1.7801,1.7801,1.7801,1.7801,5000,0
2016-06-29,15:50:00,1.7821,1.7821,1.7821,1.7821,1000,0
2016-06-29,15:55:00,1.79,1.79,1.79,1.79,300,0
2016-06-29,16:05:00,1.79,1.81,1.79,1.8,942,0
2016-06-29,16:10:00,1.81,1.81,1.81,1.81,100,0
2016-06-29,16:15:00,1.825,1.84,1.7501,1.7501,4800,0
2016-06-29,16:40:00,1.79,1.8,1.78,1.7806,2700,0
2016-06-29,17:10:00,1.7811,1.7811,1.77,1.77,2900,0
2016-06-29,17:45:00,1.7791,1.7791,1.7791,1.7791,200,0
2016-06-29,18:05:00,1.8,1.8,1.7989,1.7989,1686,0
2016-06-29,18:10:00,1.79,1.79,1.79,1.79,100,0
2016-06-29,18:50:00,1.79,1.79,1.79,1.79,167,0
2016-06-29,18:55:00,1.7999,1.7999,1.79,1.79,600,0
2016-06-29,19:20:00,1.7999,1.7999,1.7999,1.7999,683,0
2016-06-29,19:30:00,1.79,1.79,1.79,1.79,100,0
2016-06-29,19:45:00,1.7999,1.7999,1.7999,1.7999,500,0
2016-06-29,20:05:00,1.79,1.79,1.79,1.79,100,0
2016-06-29,20:10:00,1.79,1.79,1.79,1.79,100,0
2016-06-29,20:25:00,1.7923,1.7923,1.79,1.79,1100,0
2016-06-29,20:50:00,1.79,1.79,1.79,1.79,100,0
2016-06-29,20:55:00,1.79,1.79,1.79,1.79,200,0
2016-06-29,21:00:00,1.79,1.79,1.79,1.79,793,0
2016-06-29,21:15:00,1.79,1.7901,1.79,1.79,3698,0
2016-06-29,21:25:00,1.7985,1.7985,1.7985,1.7985,600,0
2016-06-29,21:30:00,1.79,1.79,1.79,1.79,200,0
2016-06-29,21:35:00,1.7901,1.7901,1.77,1.77,2300,0
2016-06-29,21:40:00,1.78,1.78,1.77,1.77,1442,0
2016-06-29,21:55:00,1.765,1.77,1.75,1.7605,590,0
2016-06-29,22:00:00,1.75,1.75,1.75,1.75,200,0
2016-06-30,15:35:00,1.74,1.7401,1.74,1.7401,2350,0
2016-06-30,15:40:00,1.75,1.75,1.75,1.75,2000,0
2016-06-30,15:45:00,1.7499,1.7499,1.7432,1.7432,1198,0
2016-06-30,15:50:00,1.74,1.7401,1.74,1.7401,200,0
2016-06-30,15:55:00,1.75,1.75,1.75,1.75,100,0
2016-06-30,16:05:00,1.7411,1.7411,1.73,1.73,1300,0
2016-06-30,16:10:00,1.73,1.73,1.73,1.73,100,0
2016-06-30,16:20:00,1.76,1.76,1.76,1.76,800,0
2016-06-30,16:30:00,1.75,1.7533,1.7239,1.75,3082,0
2016-06-30,16:40:00,1.72,1.72,1.72,1.72,300,0
2016-06-30,17:00:00,1.7499,1.7499,1.7499,1.7499,122,0
2016-06-30,17:40:00,1.74,1.74,1.74,1.74,100,0
2016-06-30,17:45:00,1.71,1.71,1.71,1.71,100,0
2016-06-30,18:10:00,1.727,1.727,1.727,1.727,1460,0
2016-06-30,18:20:00,1.75,1.75,1.75,1.75,100,0
2016-06-30,18:25:00,1.75,1.75,1.75,1.75,300,0
2016-06-30,18:30:00,1.75,1.75,1.74,1.74,600,0
2016-06-30,18:50:00,1.75,1.75,1.75,1.75,101,0
2016-06-30,18:55:00,1.7518,1.7518,1.7518,1.7518,2500,0
2016-06-30,19:05:00,1.75,1.75,1.75,1.75,100,0
2016-06-30,19:20:00,1.75,1.75,1.75,1.75,187,0
2016-06-30,19:35:00,1.75,1.75,1.75,1.75,182,0
2016-06-30,19:45:00,1.757,1.757,1.757,1.757,300,0
2016-06-30,19:55:00,1.76,1.76,1.75,1.75,400,0
2016-06-30,20:10:00,1.75,1.75,1.75,1.75,300,0
2016-06-30,20:50:00,1.75,1.75,1.74,1.74,200,0
2016-06-30,20:55:00,1.75,1.75,1.74,1.74,400,0
2016-06-30,21:10:00,1.746,1.746,1.7416,1.7416,341,0
2016-06-30,21:15:00,1.75,1.75,1.75,1.75,125,0
2016-06-30,21:20:00,1.7416,1.7416,1.74,1.74,300,0
2016-06-30,21:25:00,1.7416,1.75,1.74,1.74,300,0
2016-06-30,21:30:00,1.75,1.75,1.7416,1.7416,400,0
2016-06-30,21:35:00,1.7416,1.7416,1.7416,1.7416,100,0
2016-06-30,21:40:00,1.75,1.75,1.745,1.745,400,0
2016-06-30,21:45:00,1.7416,1.75,1.7416,1.7416,700,0
2016-06-30,21:55:00,1.745,1.75,1.7416,1.7416,962,0
2016-06-30,22:00:00,1.7401,1.7416,1.74,1.74,1903,0
2016-07-01,15:35:00,1.73,1.73,1.73,1.73,461,0
2016-07-01,15:40:00,1.73,1.74,1.73,1.74,1500,0
2016-07-01,16:00:00,1.735,1.735,1.73,1.73,200,0
2016-07-01,16:10:00,1.73,1.73,1.73,1.73,100,0
2016-07-01,16:15:00,1.7333,1.7333,1.73,1.73,1000,0
2016-07-01,16:30:00,1.7325,1.734,1.73,1.734,2340,0
2016-07-01,16:35:00,1.735,1.735,1.735,1.735,258,0
2016-07-01,16:40:00,1.74,1.74,1.7399,1.7399,500,0
2016-07-01,16:55:00,1.7389,1.74,1.7389,1.7389,600,0
2016-07-01,17:35:00,1.73,1.73,1.73,1.73,100,0
2016-07-01,18:10:00,1.74,1.74,1.7399,1.7399,500,0
2016-07-01,18:15:00,1.7379,1.7385,1.7379,1.7385,2000,0
2016-07-01,18:25:00,1.735,1.74,1.73,1.73,500,0
2016-07-01,18:35:00,1.73,1.73,1.73,1.73,100,0
2016-07-01,19:10:00,1.73,1.73,1.73,1.73,100,0
2016-07-01,20:00:00,1.73,1.73,1.73,1.73,100,0
2016-07-01,20:05:00,1.74,1.74,1.74,1.74,200,0
2016-07-01,20:15:00,1.73,1.73,1.73,1.73,100,0
2016-07-01,20:25:00,1.73,1.73,1.73,1.73,100,0
2016-07-01,20:40:00,1.74,1.74,1.735,1.735,200,0
2016-07-01,20:45:00,1.73,1.73,1.73,1.73,100,0
2016-07-01,21:05:00,1.7316,1.74,1.7316,1.74,3484,0
2016-07-01,21:15:00,1.7316,1.7316,1.7316,1.7316,100,0
2016-07-01,21:30:00,1.7316,1.7316,1.7316,1.7316,100,0
2016-07-01,21:35:00,1.7316,1.7316,1.73,1.73,3822,0
2016-07-01,21:40:00,1.74,1.74,1.7316,1.7316,400,0
2016-07-01,21:45:00,1.7342,1.74,1.7342,1.74,500,0
2016-07-01,21:50:00,1.7316,1.7316,1.7316,1.7316,300,0
2016-07-01,21:55:00,1.74,1.74,1.7316,1.7316,500,0
2016-07-01,22:00:00,1.7301,1.74,1.73,1.74,561,0
