Date,Time,Open,High,Low,Close,Volume,OpenInt
2016-06-16,15:35:00,10.02,10.02,9.91,9.97,31778,0
2016-06-16,15:40:00,9.96,10.01,9.93,9.9875,131369,0
2016-06-16,15:45:00,9.99,10.03,9.98,10.025,147530,0
2016-06-16,15:50:00,10.03,10.06,10.015,10.06,77576,0
2016-06-16,15:55:00,10.06,10.07,10,10,107704,0
2016-06-16,16:00:00,10,10.06,9.98,10.06,150997,0
2016-06-16,16:05:00,10.0599,10.1,10.045,10.05,93397,0
2016-06-16,16:10:00,10.06,10.08,10.04,10.08,82119,0
2016-06-16,16:15:00,10.075,10.11,10.07,10.11,202250,0
2016-06-16,16:20:00,10.11,10.11,10.06,10.065,167179,0
2016-06-16,16:25:00,10.06,10.065,9.99,10.01,49143,0
2016-06-16,16:30:00,10.01,10.03,10.005,10.005,12632,0
2016-06-16,16:35:00,10.005,10.005,10,10,45066,0
2016-06-16,16:40:00,10.005,10.025,10,10,64152,0
2016-06-16,16:45:00,10.01,10.01,10,10,112050,0
2016-06-16,16:50:00,10,10.01,10,10.005,26028,0
2016-06-16,16:55:00,10.01,10.015,9.99,10,143365,0
2016-06-16,17:00:00,10.005,10.03,9.99,10.03,56573,0
2016-06-16,17:05:00,10.03,10.035,10.02,10.025,53618,0
2016-06-16,17:10:00,10.03,10.03,10,10.005,19266,0
2016-06-16,17:15:00,10.01,10.03,10.005,10.025,28580,0
2016-06-16,17:20:00,10.02,10.025,10,10.005,26502,0
2016-06-16,17:25:00,10,10.02,10,10.01,13834,0
2016-06-16,17:30:00,10.02,10.04,10.0137,10.03,18138,0
2016-06-16,17:35:00,10.03,10.03,10,10.0137,18506,0
2016-06-16,17:40:00,10.015,10.025,10.01,10.025,18212,0
2016-06-16,17:45:00,10.02,10.02,10.005,10.01,14540,0
2016-06-16,17:50:00,10.01,10.015,10,10.015,51465,0
2016-06-16,17:55:00,10.01,10.01,10,10.01,108708,0
2016-06-16,18:00:00,10,10.03,10,10.03,208636,0
2016-06-16,18:05:00,10.03,10.04,10.01,10.04,30815,0
2016-06-16,18:10:00,10.04,10.055,10.02,10.045,60294,0
2016-06-16,18:15:00,10.05,10.05,10.03,10.035,14100,0
2016-06-16,18:20:00,10.035,10.08,10.03,10.08,43445,0
2016-06-16,18:25:00,10.08,10.085,10.06,10.08,46048,0
2016-06-16,18:30:00,10.08,10.08,10.065,10.075,16980,0
2016-06-16,18:35:00,10.07,10.07,10.05,10.055,7135,0
2016-06-16,18:40:00,10.06,10.08,10.06,10.08,19412,0
2016-06-16,18:45:00,10.08,10.14,10.07,10.14,65459,0
2016-06-16,18:50:00,10.13,10.135,10.125,10.125,17918,0
2016-06-16,18:55:00,10.13,10.14,10.12,10.12,27258,0
2016-06-16,19:00:00,10.125,10.125,10.11,10.12,3165,0
2016-06-16,19:05:00,10.11,10.13,10.11,10.12,9830,0
2016-06-16,19:10:00,10.12,10.12,10.1,10.11,12447,0
2016-06-16,19:15:00,10.11,10.12,10.105,10.11,25532,0
2016-06-16,19:20:00,10.105,10.11,10.09,10.11,15915,0
2016-06-16,19:25:00,10.1,10.11,10.09,10.105,10714,0
2016-06-16,19:30:00,10.1,10.105,10.09,10.1,18068,0
2016-06-16,19:35:00,10.09,10.105,10.075,10.08,20921,0
2016-06-16,19:40:00,10.08,10.09,10.065,10.07,39569,0
2016-06-16,19:45:00,10.07,10.08,10.06,10.07,11500,0
2016-06-16,19:50:00,10.06,10.08,10.0511,10.07,19804,0
2016-06-16,19:55:00,10.07,10.08,10.06,10.08,23779,0
2016-06-16,20:00:00,10.08,10.08,10.06,10.07,13251,0
2016-06-16,20:05:00,10.07,10.08,10.065,10.08,20615,0
2016-06-16,20:10:00,10.08,10.08,10.06,10.07,8200,0
2016-06-16,20:15:00,10.06,10.09,10.06,10.07,145950,0
2016-06-16,20:20:00,10.08,10.1,10.075,10.095,36097,0
2016-06-16,20:25:00,10.1,10.12,10.08,10.11,78177,0
2016-06-16,20:30:00,10.11,10.11,10.07,10.09,42720,0
2016-06-16,20:35:00,10.09,10.12,10.085,10.11,30191,0
2016-06-16,20:40:00,10.11,10.12,10.1,10.11,25798,0
2016-06-16,20:45:00,10.115,10.15,10.115,10.15,50074,0
2016-06-16,20:50:00,10.15,10.15,10.13,10.14,81310,0
2016-06-16,20:55:00,10.14,10.18,10.135,10.18,149166,0
2016-06-16,21:00:00,10.175,10.25,10.165,10.22,237264,0
2016-06-16,21:05:00,10.22,10.225,10.19,10.19,103856,0
2016-06-16,21:10:00,10.19,10.23,10.18,10.22,51647,0
2016-06-16,21:15:00,10.225,10.23,10.2,10.225,56915,0
2016-06-16,21:20:00,10.23,10.28,10.23,10.275,155365,0
2016-06-16,21:25:00,10.275,10.35,10.27,10.31,228191,0
2016-06-16,21:30:00,10.31,10.33,10.29,10.33,54618,0
2016-06-16,21:35:00,10.33,10.33,10.29,10.2999,53206,0
2016-06-16,21:40:00,10.295,10.3,10.29,10.29,28875,0
2016-06-16,21:45:00,10.295,10.34,10.29,10.31,189033,0
2016-06-16,21:50:00,10.31,10.32,10.3,10.32,116726,0
2016-06-16,21:55:00,10.315,10.315,10.29,10.3099,182313,0
2016-06-16,22:00:00,10.31,10.33,10.3,10.31,515714,0
2016-06-17,15:35:00,10.32,10.34,10.21,10.26,64460,0
2016-06-17,15:40:00,10.27,10.28,10.21,10.2499,39941,0
2016-06-17,15:45:00,10.241,10.245,10.19,10.2,73393,0
2016-06-17,15:50:00,10.205,10.235,10.18,10.18,24084,0
2016-06-17,15:55:00,10.1899,10.2199,10.17,10.175,48745,0
2016-06-17,16:00:00,10.17,10.175,10.12,10.14,90292,0
2016-06-17,16:05:00,10.15,10.16,10.12,10.15,80267,0
2016-06-17,16:10:00,10.15,10.16,10.1,10.1199,43430,0
2016-06-17,16:15:00,10.125,10.15,10.125,10.15,7790,0
2016-06-17,16:20:00,10.15,10.16,10.125,10.125,22761,0
2016-06-17,16:25:00,10.12,10.15,10.03,10.07,673176,0
2016-06-17,16:30:00,10.06,10.1,10.04,10.085,145577,0
2016-06-17,16:35:00,10.085,10.0993,10.07,10.08,19872,0
2016-06-17,16:40:00,10.08,10.1,10.06,10.08,86405,0
2016-06-17,16:45:00,10.08,10.08,10.05,10.055,52087,0
2016-06-17,16:50:00,10.055,10.09,10.05,10.08,31412,0
2016-06-17,16:55:00,10.08,10.09,10.06,10.07,28036,0
2016-06-17,17:00:00,10.07,10.08,10.06,10.08,6744,0
2016-06-17,17:05:00,10.08,10.08,10.02,10.03,79835,0
2016-06-17,17:10:00,10.03,10.05,10.025,10.04,53749,0
2016-06-17,17:15:00,10.04,10.06,10.03,10.035,33702,0
2016-06-17,17:20:00,10.04,10.07,10.04,10.05,34132,0
2016-06-17,17:25:00,10.065,10.09,10.06,10.075,39166,0
2016-06-17,17:30:00,10.075,10.075,10.04,10.05,26673,0
2016-06-17,17:35:00,10.05,10.08,10.04,10.075,31850,0
2016-06-17,17:40:00,10.07,10.09,10.055,10.09,28189,0
2016-06-17,17:45:00,10.1,10.1,10.09,10.09,10482,0
2016-06-17,17:50:00,10.09,10.105,10.07,10.1,28545,0
2016-06-17,17:55:00,10.1,10.11,10.09,10.1,17798,0
2016-06-17,18:00:00,10.09,10.1,10.08,10.09,15385,0
2016-06-17,18:05:00,10.09,10.105,10.09,10.09,19422,0
2016-06-17,18:10:00,10.09,10.12,10.08,10.1,37860,0
2016-06-17,18:15:00,10.105,10.11,10.1,10.1,7400,0
2016-06-17,18:20:00,10.1,10.105,10.085,10.095,23525,0
2016-06-17,18:25:00,10.1,10.11,10.085,10.095,12076,0
2016-06-17,18:30:00,10.1,10.105,10.09,10.1,26955,0
2016-06-17,18:35:00,10.1,10.1,10.08,10.08,19017,0
2016-06-17,18:40:00,10.085,10.1,10.07,10.085,38775,0
2016-06-17,18:45:00,10.09,10.105,10.09,10.095,14697,0
2016-06-17,18:50:00,10.09,10.1,10.07,10.07,11465,0
2016-06-17,18:55:00,10.07,10.09,10.07,10.08,31725,0
2016-06-17,19:00:00,10.08,10.09,10.06,10.085,15770,0
2016-06-17,19:05:00,10.09,10.09,10.06,10.08,20696,0
2016-06-17,19:10:00,10.08,10.1,10.08,10.1,8356,0
2016-06-17,19:15:00,10.1,10.1,10.09,10.09,2345,0
2016-06-17,19:20:00,10.1,10.1,10.07,10.07,26786,0
2016-06-17,19:25:00,10.07,10.09,10.07,10.08,12586,0
2016-06-17,19:30:00,10.08,10.11,10.08,10.085,47198,0
2016-06-17,19:35:00,10.09,10.09,10.08,10.09,13712,0
2016-06-17,19:40:00,10.09,10.1,10.08,10.095,9754,0
2016-06-17,19:45:00,10.1,10.13,10.1,10.115,24159,0
2016-06-17,19:50:00,10.12,10.13,10.11,10.12,13899,0
2016-06-17,19:55:00,10.11,10.13,10.11,10.11,21725,0
2016-06-17,20:00:00,10.105,10.125,10.105,10.115,9771,0
2016-06-17,20:05:00,10.1115,10.12,10.09,10.09,16439,0
2016-06-17,20:10:00,10.09,10.1,10.07,10.1,61893,0
2016-06-17,20:15:00,10.09,10.11,10.09,10.1,14799,0
2016-06-17,20:20:00,10.1,10.11,10.1,10.1,4559,0
2016-06-17,20:25:00,10.1,10.145,10.1,10.12,29895,0
2016-06-17,20:30:00,10.12,10.13,10.115,10.12,20487,0
2016-06-17,20:35:00,10.12,10.125,10.12,10.12,3200,0
2016-06-17,20:40:00,10.12,10.13,10.11,10.11,37297,0
2016-06-17,20:45:00,10.11,10.11,10.09,10.09,64675,0
2016-06-17,20:50:00,10.09,10.1,10.08,10.08,59381,0
2016-06-17,20:55:00,10.085,10.085,10.08,10.08,6000,0
2016-06-17,21:00:00,10.08,10.085,10.06,10.07,41298,0
2016-06-17,21:05:00,10.075,10.08,10.07,10.07,9959,0
2016-06-17,21:10:00,10.075,10.075,10.06,10.06,17746,0
2016-06-17,21:15:00,10.06,10.065,10.05,10.05,14018,0
2016-06-17,21:20:00,10.05,10.0599,10.04,10.04,58925,0
2016-06-17,21:25:00,10.04,10.055,10.04,10.05,95621,0
2016-06-17,21:30:00,10.055,10.06,10.05,10.05,20252,0
2016-06-17,21:35:00,10.05,10.05,10.03,10.03,53931,0
2016-06-17,21:40:00,10.03,10.04,10.03,10.035,60338,0
2016-06-17,21:45:00,10.03,10.04,10.02,10.03,51860,0
2016-06-17,21:50:00,10.03,10.04,10.02,10.02,87204,0
2016-06-17,21:55:00,10.02,10.02,10,10,311574,0
2016-06-17,22:00:00,10.005,10.04,10,10.02,2413866,0
2016-06-20,15:35:00,10.16,10.23,10.09,10.13,79244,0
2016-06-20,15:40:00,10.135,10.15,10.11,10.14,57734,0
2016-06-20,15:45:00,10.13,10.15,10.1199,10.13,404813,0
2016-06-20,15:50:00,10.13,10.155,10.11,10.12,52265,0
2016-06-20,15:55:00,10.11,10.12,10.075,10.11,47230,0
2016-06-20,16:00:00,10.11,10.13,10.11,10.13,8212,0
2016-06-20,16:05:00,10.13,10.23,10.12,10.205,851308,0
2016-06-20,16:10:00,10.21,10.25,10.2039,10.24,68806,0
2016-06-20,16:15:00,10.245,10.27,10.22,10.23,39571,0
2016-06-20,16:20:00,10.23,10.26,10.225,10.26,45151,0
2016-06-20,16:25:00,10.265,10.28,10.25,10.26,35293,0
2016-06-20,16:30:00,10.255,10.26,10.23,10.23,42888,0
2016-06-20,16:35:00,10.235,10.32,10.23,10.32,68875,0
2016-06-20,16:40:00,10.32,10.34,10.27,10.275,119108,0
2016-06-20,16:45:00,10.27,10.3,10.27,10.285,130036,0
2016-06-20,16:50:00,10.285,10.3,10.28,10.3,101369,0
2016-06-20,16:55:00,10.3,10.3,10.27,10.27,66884,0
2016-06-20,17:00:00,10.28,10.29,10.265,10.285,59915,0
2016-06-20,17:05:00,10.28,10.28,10.26,10.26,7776,0
2016-06-20,17:10:00,10.26,10.27,10.25,10.26,28559,0
2016-06-20,17:15:00,10.26,10.26,10.23,10.235,34261,0
2016-06-20,17:20:00,10.23,10.24,10.23,10.24,8321,0
2016-06-20,17:25:00,10.23,10.26,10.23,10.25,42685,0
2016-06-20,17:30:00,10.255,10.255,10.24,10.24,9946,0
2016-06-20,17:35:00,10.24,10.25,10.235,10.24,13967,0
2016-06-20,17:40:00,10.2499,10.25,10.22,10.23,24836,0
2016-06-20,17:45:00,10.23,10.235,10.21,10.21,24905,0
2016-06-20,17:50:00,10.21,10.225,10.19,10.19,49050,0
2016-06-20,17:55:00,10.1941,10.225,10.19,10.2001,38796,0
2016-06-20,18:00:00,10.2,10.225,10.19,10.22,29709,0
2016-06-20,18:05:00,10.22,10.22,10.2,10.22,13096,0
2016-06-20,18:10:00,10.23,10.23,10.22,10.225,900,0
2016-06-20,18:15:00,10.225,10.23,10.19,10.2,37988,0
2016-06-20,18:20:00,10.2,10.207,10.18,10.2,29207,0
2016-06-20,18:25:00,10.1934,10.21,10.19,10.2,17139,0
2016-06-20,18:30:00,10.205,10.205,10.19,10.19,6500,0
2016-06-20,18:35:00,10.2,10.21,10.19,10.195,11216,0
2016-06-20,18:40:00,10.195,10.195,10.185,10.19,12824,0
2016-06-20,18:45:00,10.19,10.195,10.185,10.185,5000,0
2016-06-20,18:50:00,10.18,10.19,10.175,10.19,10661,0
2016-06-20,18:55:00,10.19,10.21,10.185,10.205,9729,0
2016-06-20,19:00:00,10.205,10.205,10.17,10.17,13486,0
2016-06-20,19:05:00,10.175,10.19,10.17,10.18,8390,0
2016-06-20,19:10:00,10.19,10.19,10.17,10.17,22673,0
2016-06-20,19:15:00,10.17,10.175,10.17,10.17,26469,0
2016-06-20,19:20:00,10.17,10.175,10.16,10.16,4300,0
2016-06-20,19:25:00,10.165,10.18,10.16,10.18,14857,0
2016-06-20,19:30:00,10.18,10.19,10.16,10.16,8783,0
2016-06-20,19:35:00,10.16,10.185,10.15,10.185,249136,0
2016-06-20,19:40:00,10.18,10.185,10.15,10.17,238543,0
2016-06-20,19:45:00,10.17,10.2,10.17,10.2,21952,0
2016-06-20,19:50:00,10.2,10.21,10.15,10.15,213172,0
2016-06-20,19:55:00,10.15,10.18,10.15,10.175,20378,0
2016-06-20,20:00:00,10.175,10.18,10.17,10.175,13404,0
2016-06-20,20:05:00,10.179,10.18,10.16,10.18,60023,0
2016-06-20,20:10:00,10.17,10.17,10.145,10.1683,35688,0
2016-06-20,20:15:00,10.16,10.17,10.14,10.15,58345,0
2016-06-20,20:20:00,10.155,10.16,10.15,10.15,2417,0
2016-06-20,20:25:00,10.155,10.16,10.15,10.155,10932,0
2016-06-20,20:30:00,10.15,10.155,10.12,10.14,53158,0
2016-06-20,20:35:00,10.13,10.135,10.13,10.13,3254,0
2016-06-20,20:40:00,10.135,10.14,10.12,10.135,35634,0
2016-06-20,20:45:00,10.135,10.15,10.125,10.1499,27933,0
2016-06-20,20:50:00,10.15,10.17,10.145,10.17,26926,0
2016-06-20,20:55:00,10.17,10.18,10.1525,10.1525,29798,0
2016-06-20,21:00:00,10.16,10.16,10.15,10.155,2859,0
2016-06-20,21:05:00,10.16,10.17,10.155,10.16,20864,0
2016-06-20,21:10:00,10.16,10.17,10.155,10.16,103331,0
2016-06-20,21:15:00,10.15,10.17,10.15,10.15,19924,0
2016-06-20,21:20:00,10.15,10.15,10.13,10.135,63028,0
2016-06-20,21:25:00,10.135,10.14,10.12,10.125,23088,0
2016-06-20,21:30:00,10.125,10.145,10.12,10.135,60895,0
2016-06-20,21:35:00,10.135,10.15,10.135,10.145,17521,0
2016-06-20,21:40:00,10.145,10.15,10.13,10.13,25909,0
2016-06-20,21:45:00,10.13,10.14,10.13,10.13,17745,0
2016-06-20,21:50:00,10.13,10.14,10.13,10.135,25908,0
2016-06-20,21:55:00,10.13,10.135,10.12,10.12,130947,0
2016-06-20,22:00:00,10.12,10.14,10.12,10.14,301312,0
2016-06-21,15:35:00,10.2,10.2,10.095,10.12,358563,0
2016-06-21,15:40:00,10.12,10.1603,10.11,10.115,181688,0
2016-06-21,15:45:00,10.12,10.12,10.09,10.105,102492,0
2016-06-21,15:50:00,10.105,10.11,10.07,10.0985,109724,0
2016-06-21,15:55:00,10.1,10.17,10.0999,10.13,216871,0
2016-06-21,16:00:00,10.13,10.175,10.1299,10.175,62587,0
2016-06-21,16:05:00,10.17,10.17,10.1425,10.15,129178,0
2016-06-21,16:10:00,10.15,10.15,10.12,10.14,807697,0
2016-06-21,16:15:00,10.145,10.155,10.11,10.115,202926,0
2016-06-21,16:20:00,10.11,10.12,10.08,10.09,112689,0
2016-06-21,16:25:00,10.1,10.1,10.05,10.055,74937,0
2016-06-21,16:30:00,10.06,10.1,10.05,10.07,122821,0
2016-06-21,16:35:00,10.07,10.11,10.07,10.09,236959,0
2016-06-21,16:40:00,10.09,10.105,10.085,10.095,37184,0
2016-06-21,16:45:00,10.09,10.1,10.05,10.065,89661,0
2016-06-21,16:50:00,10.07,10.09,10.065,10.08,96243,0
2016-06-21,16:55:00,10.08,10.1,10.08,10.1,129537,0
2016-06-21,17:00:00,10.1,10.1,10.09,10.09,73420,0
2016-06-21,17:05:00,10.09,10.095,10.075,10.08,109338,0
2016-06-21,17:10:00,10.08,10.11,10.07,10.09,75448,0
2016-06-21,17:15:00,10.095,10.13,10.085,10.13,40054,0
2016-06-21,17:20:00,10.13,10.13,10.12,10.13,79837,0
2016-06-21,17:25:00,10.13,10.16,10.13,10.14,54646,0
2016-06-21,17:30:00,10.14,10.165,10.135,10.145,74014,0
2016-06-21,17:35:00,10.145,10.16,10.14,10.145,53675,0
2016-06-21,17:40:00,10.15,10.16,10.14,10.15,28413,0
2016-06-21,17:45:00,10.15,10.17,10.15,10.155,16417,0
2016-06-21,17:50:00,10.155,10.17,10.15,10.16,26473,0
2016-06-21,17:55:00,10.17,10.19,10.17,10.19,34071,0
2016-06-21,18:00:00,10.19,10.19,10.18,10.185,33563,0
2016-06-21,18:05:00,10.19,10.19,10.18,10.185,12187,0
2016-06-21,18:10:00,10.18,10.19,10.175,10.185,20640,0
2016-06-21,18:15:00,10.19,10.21,10.185,10.19,39997,0
2016-06-21,18:20:00,10.193,10.25,10.19,10.25,162984,0
2016-06-21,18:25:00,10.24,10.27,10.23,10.26,228188,0
2016-06-21,18:30:00,10.26,10.26,10.25,10.26,14078,0
2016-06-21,18:35:00,10.251,10.275,10.25,10.2633,36469,0
2016-06-21,18:40:00,10.26,10.27,10.26,10.265,58452,0
2016-06-21,18:45:00,10.26,10.265,10.235,10.25,553955,0
2016-06-21,18:50:00,10.26,10.26,10.24,10.2528,120909,0
2016-06-21,18:55:00,10.25,10.25,10.235,10.25,575486,0
2016-06-21,19:00:00,10.25,10.25,10.21,10.22,57943,0
2016-06-21,19:05:00,10.21,10.215,10.2,10.205,7750,0
2016-06-21,19:10:00,10.2,10.2,10.185,10.195,14620,0
2016-06-21,19:15:00,10.195,10.2,10.185,10.19,32195,0
2016-06-21,19:20:00,10.19,10.2,10.18,10.18,16548,0
2016-06-21,19:25:00,10.18,10.18,10.15,10.15,39774,0
2016-06-21,19:30:00,10.16,10.16,10.14,10.15,49604,0
2016-06-21,19:35:00,10.15,10.175,10.145,10.16,27522,0
2016-06-21,19:40:00,10.16,10.16,10.15,10.155,22031,0
2016-06-21,19:45:00,10.15,10.16,10.15,10.15,5795,0
2016-06-21,19:50:00,10.15,10.17,10.14,10.17,35421,0
2016-06-21,19:55:00,10.17,10.17,10.15,10.15,9699,0
2016-06-21,20:00:00,10.15,10.165,10.15,10.15,27163,0
2016-06-21,20:05:00,10.15,10.155,10.14,10.15,37011,0
2016-06-21,20:10:00,10.155,10.155,10.14,10.14,45581,0
2016-06-21,20:15:00,10.14,10.14,10.13,10.13,10137,0
2016-06-21,20:20:00,10.135,10.15,10.1344,10.14,24098,0
2016-06-21,20:25:00,10.14,10.15,10.14,10.145,16600,0
2016-06-21,20:30:00,10.14,10.17,10.14,10.16,29600,0
2016-06-21,20:35:00,10.17,10.185,10.16,10.18,50786,0
2016-06-21,20:40:00,10.18,10.2,10.18,10.185,53791,0
2016-06-21,20:45:00,10.185,10.19,10.17,10.17,21835,0
2016-06-21,20:50:00,10.175,10.18,10.17,10.17,11179,0
2016-06-21,20:55:00,10.17,10.19,10.16,10.17,63381,0
2016-06-21,21:00:00,10.18,10.18,10.16,10.16,13800,0
2016-06-21,21:05:00,10.16,10.165,10.14,10.16,74530,0
2016-06-21,21:10:00,10.16,10.165,10.15,10.15,32562,0
2016-06-21,21:15:00,10.155,10.155,10.13,10.145,46180,0
2016-06-21,21:20:00,10.145,10.16,10.14,10.155,56108,0
2016-06-21,21:25:00,10.155,10.155,10.13,10.15,60546,0
2016-06-21,21:30:00,10.15,10.155,10.14,10.14,28838,0
2016-06-21,21:35:00,10.14,10.145,10.12,10.125,76429,0
2016-06-21,21:40:00,10.125,10.15,10.12,10.12,170937,0
2016-06-21,21:45:00,10.13,10.135,10.11,10.13,139085,0
2016-06-21,21:50:00,10.125,10.14,10.12,10.125,176992,0
2016-06-21,21:55:00,10.125,10.13,10.1,10.11,257371,0
2016-06-21,22:00:00,10.11,10.115,10.08,10.09,1169758,0
2016-06-22,15:35:00,10.1,10.23,10.1,10.16,191743,0
2016-06-22,15:40:00,10.15,10.2,10.15,10.2,111350,0
2016-06-22,15:45:00,10.2,10.2,10.16,10.17,86614,0
2016-06-22,15:50:00,10.16,10.16,10.15,10.15,32087,0
2016-06-22,15:55:00,10.155,10.19,10.145,10.16,91349,0
2016-06-22,16:00:00,10.16,10.17,10.14,10.145,88341,0
2016-06-22,16:05:00,10.14,10.145,10.12,10.12,23608,0
2016-06-22,16:10:00,10.12,10.14,10.12,10.135,17525,0
2016-06-22,16:15:00,10.14,10.16,10.135,10.15,60712,0
2016-06-22,16:20:00,10.15,10.155,10.14,10.1428,14103,0
2016-06-22,16:25:00,10.14,10.145,10.14,10.14,3232,0
2016-06-22,16:30:00,10.14,10.16,10.135,10.15,40438,0
2016-06-22,16:35:00,10.14,10.15,10.125,10.15,37000,0
2016-06-22,16:40:00,10.16,10.16,10.14,10.145,16711,0
2016-06-22,16:45:00,10.14,10.16,10.14,10.15,22890,0
2016-06-22,16:50:00,10.15,10.16,10.15,10.16,5500,0
2016-06-22,16:55:00,10.155,10.17,10.155,10.165,20785,0
2016-06-22,17:00:00,10.16,10.17,10.16,10.165,6440,0
2016-06-22,17:05:00,10.165,10.18,10.16,10.18,52192,0
2016-06-22,17:10:00,10.18,10.18,10.17,10.18,11096,0
2016-06-22,17:15:00,10.18,10.2,10.1701,10.2,17935,0
2016-06-22,17:20:00,10.2,10.2,10.18,10.18,42288,0
2016-06-22,17:25:00,10.19,10.2,10.17,10.17,65132,0
2016-06-22,17:30:00,10.17,10.1799,10.17,10.175,3600,0
2016-06-22,17:35:00,10.17,10.17,10.13,10.13,23653,0
2016-06-22,17:40:00,10.13,10.15,10.13,10.14,30316,0
2016-06-22,17:45:00,10.15,10.18,10.145,10.18,80372,0
2016-06-22,17:50:00,10.18,10.185,10.165,10.17,40431,0
2016-06-22,17:55:00,10.17,10.19,10.17,10.17,228869,0
2016-06-22,18:00:00,10.17,10.17,10.16,10.16,18188,0
2016-06-22,18:05:00,10.16,10.17,10.15,10.15,14671,0
2016-06-22,18:10:00,10.15,10.15,10.145,10.145,39054,0
2016-06-22,18:15:00,10.15,10.15,10.145,10.145,5766,0
2016-06-22,18:20:00,10.15,10.16,10.14,10.145,26412,0
2016-06-22,18:25:00,10.145,10.145,10.12,10.13,21398,0
2016-06-22,18:30:00,10.12,10.14,10.12,10.13,9170,0
2016-06-22,18:35:00,10.13,10.14,10.125,10.14,49740,0
2016-06-22,18:40:00,10.1332,10.1332,10.105,10.11,41209,0
2016-06-22,18:45:00,10.11,10.13,10.105,10.12,42504,0
2016-06-22,18:50:00,10.12,10.12,10.095,10.11,64095,0
2016-06-22,18:55:00,10.103,10.12,10.1,10.1,48921,0
2016-06-22,19:00:00,10.105,10.11,10.1,10.1,4116,0
2016-06-22,19:05:00,10.105,10.105,10.07,10.08,251648,0
2016-06-22,19:10:00,10.085,10.1,10.06,10.065,104061,0
2016-06-22,19:15:00,10.065,10.07,10.05,10.065,62406,0
2016-06-22,19:20:00,10.065,10.07,10.055,10.055,11710,0
2016-06-22,19:25:00,10.055,10.07,10.04,10.04,424319,0
2016-06-22,19:30:00,10.045,10.09,10.044,10.09,174838,0
2016-06-22,19:35:00,10.1,10.125,10.09,10.12,67168,0
2016-06-22,19:40:00,10.13,10.13,10.125,10.125,20887,0
2016-06-22,19:45:00,10.135,10.15,10.1,10.12,1074723,0
2016-06-22,19:50:00,10.12,10.14,10.115,10.14,31537,0
2016-06-22,19:55:00,10.13,10.17,10.12,10.17,90549,0
2016-06-22,20:00:00,10.165,10.18,10.155,10.17,604605,0
2016-06-22,20:05:00,10.175,10.2,10.165,10.1928,144739,0
2016-06-22,20:10:00,10.2,10.215,10.18,10.185,99201,0
2016-06-22,20:15:00,10.18,10.19,10.18,10.185,1200,0
2016-06-22,20:20:00,10.185,10.2,10.175,10.185,82150,0
2016-06-22,20:25:00,10.185,10.2,10.17,10.2,51755,0
2016-06-22,20:30:00,10.19,10.22,10.19,10.22,19666,0
2016-06-22,20:35:00,10.215,10.23,10.215,10.22,6909,0
2016-06-22,20:40:00,10.22,10.225,10.2,10.2,14136,0
2016-06-22,20:45:00,10.21,10.22,10.205,10.215,14781,0
2016-06-22,20:50:00,10.21,10.23,10.21,10.22,46495,0
2016-06-22,20:55:00,10.23,10.25,10.22,10.25,25394,0
2016-06-22,21:00:00,10.245,10.25,10.24,10.245,5291,0
2016-06-22,21:05:00,10.24,10.27,10.23,10.265,55030,0
2016-06-22,21:10:00,10.26,10.265,10.22,10.22,55969,0
2016-06-22,21:15:00,10.22,10.23,10.215,10.22,67918,0
2016-06-22,21:20:00,10.22,10.23,10.22,10.22,6174,0
2016-06-22,21:25:00,10.22,10.225,10.2,10.2,20170,0
2016-06-22,21:30:00,10.205,10.205,10.19,10.19,22001,0
2016-06-22,21:35:00,10.195,10.21,10.19,10.21,21706,0
2016-06-22,21:40:00,10.21,10.22,10.2,10.22,24986,0
2016-06-22,21:45:00,10.22,10.23,10.195,10.215,83398,0
2016-06-22,21:50:00,10.21,10.21,10.19,10.195,43339,0
2016-06-22,21:55:00,10.195,10.22,10.195,10.22,65397,0
2016-06-22,22:00:00,10.215,10.23,10.21,10.215,232859,0
2016-06-23,15:35:00,10.31,10.332,10.3,10.32,27298,0
2016-06-23,15:40:00,10.31,10.34,10.28,10.31,73132,0
2016-06-23,15:45:00,10.31,10.31,10.28,10.28,26665,0
2016-06-23,15:50:00,10.29,10.35,10.29,10.31,49102,0
2016-06-23,15:55:00,10.31,10.32,10.26,10.27,44595,0
2016-06-23,16:00:00,10.27,10.28,10.26,10.28,34889,0
2016-06-23,16:05:00,10.28,10.29,10.27,10.275,20530,0
2016-06-23,16:10:00,10.275,10.3,10.24,10.25,83562,0
2016-06-23,16:15:00,10.245,10.26,10.235,10.24,37413,0
2016-06-23,16:20:00,10.235,10.25,10.22,10.22,29658,0
2016-06-23,16:25:00,10.22,10.25,10.22,10.245,16133,0
2016-06-23,16:30:00,10.25,10.3,10.25,10.29,43603,0
2016-06-23,16:35:00,10.29,10.29,10.27,10.275,17298,0
2016-06-23,16:40:00,10.275,10.28,10.26,10.28,13901,0
2016-06-23,16:45:00,10.27,10.3,10.27,10.2956,33813,0
2016-06-23,16:50:00,10.29,10.29,10.26,10.26,28197,0
2016-06-23,16:55:00,10.27,10.29,10.27,10.29,10709,0
2016-06-23,17:00:00,10.285,10.32,10.285,10.315,32366,0
2016-06-23,17:05:00,10.315,10.32,10.3,10.31,41851,0
2016-06-23,17:10:00,10.32,10.33,10.315,10.33,37336,0
2016-06-23,17:15:00,10.33,10.37,10.325,10.36,31158,0
2016-06-23,17:20:00,10.36,10.37,10.35,10.37,37122,0
2016-06-23,17:25:00,10.37,10.38,10.35,10.365,55495,0
2016-06-23,17:30:00,10.37,10.37,10.355,10.36,14603,0
2016-06-23,17:35:00,10.36,10.395,10.35,10.36,172975,0
2016-06-23,17:40:00,10.37,10.39,10.37,10.38,39242,0
2016-06-23,17:45:00,10.38,10.38,10.37,10.37,8839,0
2016-06-23,17:50:00,10.365,10.37,10.36,10.37,6934,0
2016-06-23,17:55:00,10.365,10.4201,10.36,10.4,62766,0
2016-06-23,18:00:00,10.39,10.4,10.37,10.3736,30748,0
2016-06-23,18:05:00,10.37,10.375,10.34,10.35,56829,0
2016-06-23,18:10:00,10.345,10.37,10.34,10.365,14493,0
2016-06-23,18:15:00,10.365,10.375,10.35,10.355,28212,0
2016-06-23,18:20:00,10.35,10.36,10.3444,10.36,13413,0
2016-06-23,18:25:00,10.37,10.37,10.365,10.365,3100,0
2016-06-23,18:30:00,10.37,10.375,10.36,10.365,19926,0
2016-06-23,18:35:00,10.365,10.37,10.36,10.369,3050,0
2016-06-23,18:40:00,10.365,10.37,10.36,10.365,7033,0
2016-06-23,18:45:00,10.36,10.37,10.355,10.355,28014,0
2016-06-23,18:50:00,10.355,10.38,10.35,10.37,8894,0
2016-06-23,18:55:00,10.375,10.38,10.375,10.38,6668,0
2016-06-23,19:00:00,10.38,10.395,10.38,10.39,24472,0
2016-06-23,19:05:00,10.39,10.4,10.37,10.37,60940,0
2016-06-23,19:10:00,10.375,10.375,10.35,10.36,27684,0
2016-06-23,19:15:00,10.38,10.38,10.375,10.38,13100,0
2016-06-23,19:20:00,10.385,10.385,10.37,10.38,31533,0
2016-06-23,19:25:00,10.38,10.39,10.38,10.385,7091,0
2016-06-23,19:30:00,10.385,10.39,10.38,10.39,7298,0
2016-06-23,19:35:00,10.39,10.405,10.385,10.405,24765,0
2016-06-23,19:40:00,10.405,10.41,10.4,10.4,5842,0
2016-06-23,19:45:00,10.405,10.415,10.38,10.39,60953,0
2016-06-23,19:50:00,10.395,10.4,10.39,10.395,5962,0
2016-06-23,19:55:00,10.39,10.3916,10.33,10.35,151960,0
2016-06-23,20:00:00,10.35,10.36,10.35,10.35,21805,0
2016-06-23,20:05:00,10.35,10.358,10.32,10.32,58931,0
2016-06-23,20:10:00,10.325,10.34,10.3,10.34,88257,0
2016-06-23,20:15:00,10.34,10.36,10.34,10.355,28789,0
2016-06-23,20:20:00,10.35,10.355,10.33,10.34,22457,0
2016-06-23,20:25:00,10.34,10.36,10.33,10.355,46502,0
2016-06-23,20:30:00,10.36,10.36,10.35,10.36,13687,0
2016-06-23,20:35:00,10.35,10.36,10.33,10.34,38420,0
2016-06-23,20:40:00,10.345,10.35,10.34,10.34,3436,0
2016-06-23,20:45:00,10.35,10.36,10.345,10.35,28102,0
2016-06-23,20:50:00,10.355,10.37,10.35,10.365,14115,0
2016-06-23,20:55:00,10.37,10.37,10.36,10.365,32800,0
2016-06-23,21:00:00,10.365,10.39,10.36,10.365,62132,0
2016-06-23,21:05:00,10.365,10.38,10.365,10.37,42496,0
2016-06-23,21:10:00,10.37,10.3775,10.35,10.36,39208,0
2016-06-23,21:15:00,10.365,10.37,10.36,10.365,32990,0
2016-06-23,21:20:00,10.365,10.37,10.36,10.37,29216,0
2016-06-23,21:25:00,10.37,10.37,10.36,10.365,21385,0
2016-06-23,21:30:00,10.365,10.38,10.34,10.345,107230,0
2016-06-23,21:35:00,10.34,10.36,10.34,10.355,25242,0
2016-06-23,21:40:00,10.355,10.37,10.35,10.365,39071,0
2016-06-23,21:45:00,10.365,10.41,10.365,10.405,76127,0
2016-06-23,21:50:00,10.41,10.42,10.405,10.4115,122602,0
2016-06-23,21:55:00,10.42,10.42,10.41,10.415,106050,0
2016-06-23,22:00:00,10.415,10.42,10.39,10.41,592761,0
2016-06-24,15:35:00,10.03,10.04,9.92,9.98,168335,0
2016-06-24,15:40:00,9.98,9.99,9.91,9.99,111877,0
2016-06-24,15:45:00,10,10.08,9.9875,10.04,144933,0
2016-06-24,15:50:00,10.04,10.05,9.97,10.01,58931,0
2016-06-24,15:55:00,10.01,10.06,10,10.06,71058,0
2016-06-24,16:00:00,10.05,10.07,10.03,10.04,35522,0
2016-06-24,16:05:00,10.04,10.13,10.04,10.107,87623,0
2016-06-24,16:10:00,10.1,10.125,10.08,10.125,32911,0
2016-06-24,16:15:00,10.13,10.135,10.09,10.12,44506,0
2016-06-24,16:20:00,10.12,10.12,10.09,10.1,36499,0
2016-06-24,16:25:00,10.09,10.12,10.09,10.12,53625,0
2016-06-24,16:30:00,10.11,10.12,10.09,10.09,36129,0
2016-06-24,16:35:00,10.095,10.12,10.07,10.07,29990,0
2016-06-24,16:40:00,10.08,10.09,10.06,10.09,29139,0
2016-06-24,16:45:00,10.09,10.1,10.08,10.09,13021,0
2016-06-24,16:50:00,10.09,10.11,10.08,10.08,16101,0
2016-06-24,16:55:00,10.09,10.09,10.08,10.085,21043,0
2016-06-24,17:00:00,10.09,10.09,10.05,10.05,29692,0
2016-06-24,17:05:00,10.055,10.055,10.03,10.04,21941,0
2016-06-24,17:10:00,10.03,10.06,10.02,10.06,22276,0
2016-06-24,17:15:00,10.0599,10.06,10.04,10.05,16548,0
2016-06-24,17:20:00,10.05,10.055,10.03,10.04,20945,0
2016-06-24,17:25:00,10.04,10.04,10.015,10.015,20641,0
2016-06-24,17:30:00,10.01,10.04,10.01,10.03,9926,0
2016-06-24,17:35:00,10.04,10.05,10.02,10.03,16514,0
2016-06-24,17:40:00,10.02,10.04,10.02,10.03,10300,0
2016-06-24,17:45:00,10.03,10.045,10.02,10.04,26967,0
2016-06-24,17:50:00,10.04,10.05,10.01,10.01,22508,0
2016-06-24,17:55:00,10.02,10.02,10.005,10.02,16148,0
2016-06-24,18:00:00,10.02,10.06,10.01,10.055,30983,0
2016-06-24,18:05:00,10.05,10.05,10.03,10.04,11653,0
2016-06-24,18:10:00,10.04,10.04,10.015,10.015,14489,0
2016-06-24,18:15:00,10.01,10.019,10,10.005,3624,0
2016-06-24,18:20:00,10,10.01,10,10,4700,0
2016-06-24,18:25:00,10.005,10.03,10,10.01,146746,0
2016-06-24,18:30:00,10.01,10.01,10,10.01,3498,0
2016-06-24,18:35:00,10.005,10.01,9.965,9.965,44190,0
2016-06-24,18:40:00,9.97,9.98,9.97,9.98,35279,0
2016-06-24,18:45:00,9.975,9.99,9.96,9.96,18509,0
2016-06-24,18:50:00,9.96,9.97,9.95,9.96,18113,0
2016-06-24,18:55:00,9.96,9.96,9.91,9.925,46815,0
2016-06-24,19:00:00,9.925,9.94,9.91,9.915,18704,0
2016-06-24,19:05:00,9.915,9.955,9.915,9.945,39766,0
2016-06-24,19:10:00,9.945,9.95,9.94,9.94,11056,0
2016-06-24,19:15:00,9.94,9.97,9.94,9.97,46886,0
2016-06-24,19:20:00,9.97,9.98,9.96,9.965,17281,0
2016-06-24,19:25:00,9.96,9.9682,9.94,9.945,24061,0
2016-06-24,19:30:00,9.94,9.95,9.93,9.93,53511,0
2016-06-24,19:35:00,9.94,9.94,9.93,9.935,19260,0
2016-06-24,19:40:00,9.935,9.95,9.93,9.9364,36321,0
2016-06-24,19:45:00,9.93,9.93,9.915,9.92,27341,0
2016-06-24,19:50:00,9.919,9.93,9.895,9.9,64333,0
2016-06-24,19:55:00,9.91,9.91,9.9,9.905,13099,0
2016-06-24,20:00:00,9.905,9.91,9.885,9.895,33982,0
2016-06-24,20:05:00,9.89,9.93,9.89,9.91,49158,0
2016-06-24,20:10:00,9.905,9.92,9.9,9.91,22768,0
2016-06-24,20:15:00,9.91,9.91,9.89,9.8987,33301,0
2016-06-24,20:20:00,9.895,9.905,9.88,9.885,17386,0
2016-06-24,20:25:00,9.88,9.9,9.87,9.89,46656,0
2016-06-24,20:30:00,9.88,9.89,9.88,9.88,14619,0
2016-06-24,20:35:00,9.88,9.88,9.86,9.88,46133,0
2016-06-24,20:40:00,9.885,9.89,9.875,9.885,25421,0
2016-06-24,20:45:00,9.89,9.89,9.87,9.875,40154,0
2016-06-24,20:50:00,9.87,9.89,9.86,9.89,51039,0
2016-06-24,20:55:00,9.89,9.91,9.88,9.91,20139,0
2016-06-24,21:00:00,9.91,9.925,9.88,9.9,93897,0
2016-06-24,21:05:00,9.905,9.91,9.89,9.9,60763,0
2016-06-24,21:10:00,9.9,9.9,9.87,9.885,28945,0
2016-06-24,21:15:00,9.88,9.89,9.87,9.88,34872,0
2016-06-24,21:20:00,9.88,9.88,9.85,9.85,34067,0
2016-06-24,21:25:00,9.85,9.86,9.84,9.84,46460,0
2016-06-24,21:30:00,9.84,9.85,9.815,9.82,75699,0
2016-06-24,21:35:00,9.82,9.84,9.82,9.82,84153,0
2016-06-24,21:40:00,9.82,9.84,9.8,9.81,150336,0
2016-06-24,21:45:00,9.81,9.83,9.8,9.8,294942,0
2016-06-24,21:50:00,9.81,9.83,9.8,9.81,301847,0
2016-06-24,21:55:00,9.81,9.83,9.77,9.83,502745,0
2016-06-24,22:00:00,9.82,9.83,9.78,9.78,2746879,0
2016-06-27,15:35:00,9.66,9.71,9.51,9.64,149436,0
2016-06-27,15:40:00,9.64,9.64,9.59,9.6,95954,0
2016-06-27,15:45:00,9.61,9.63,9.56,9.59,83180,0
2016-06-27,15:50:00,9.58,9.61,9.57,9.58,43005,0
2016-06-27,15:55:00,9.57,9.59,9.54,9.54,36353,0
2016-06-27,16:00:00,9.54,9.56,9.53,9.54,27946,0
2016-06-27,16:05:00,9.54,9.54,9.48,9.5,73714,0
2016-06-27,16:10:00,9.49,9.5,9.42,9.42,42083,0
2016-06-27,16:15:00,9.42,9.44,9.41,9.44,58640,0
2016-06-27,16:20:00,9.435,9.44,9.41,9.41,61710,0
2016-06-27,16:25:00,9.41,9.44,9.4,9.4,64809,0
2016-06-27,16:30:00,9.405,9.41,9.39,9.4,57366,0
2016-06-27,16:35:00,9.4,9.4,9.36,9.385,87624,0
2016-06-27,16:40:00,9.385,9.41,9.38,9.39,52015,0
2016-06-27,16:45:00,9.39,9.4,9.37,9.37,32764,0
2016-06-27,16:50:00,9.37,9.37,9.315,9.32,39708,0
2016-06-27,16:55:00,9.32,9.33,9.3,9.325,48898,0
2016-06-27,17:00:00,9.32,9.34,9.3,9.305,52085,0
2016-06-27,17:05:00,9.305,9.33,9.3,9.33,36766,0
2016-06-27,17:10:00,9.33,9.34,9.315,9.325,33209,0
2016-06-27,17:15:00,9.325,9.33,9.27,9.27,186788,0
2016-06-27,17:20:00,9.27,9.27,9.235,9.26,104058,0
2016-06-27,17:25:00,9.2599,9.26,9.21,9.21,73373,0
2016-06-27,17:30:00,9.21,9.22,9.2,9.21,146637,0
2016-06-27,17:35:00,9.21,9.25,9.21,9.25,79874,0
2016-06-27,17:40:00,9.25,9.255,9.24,9.25,22490,0
2016-06-27,17:45:00,9.25,9.27,9.23,9.26,54199,0
2016-06-27,17:50:00,9.27,9.29,9.25,9.28,178155,0
2016-06-27,17:55:00,9.275,9.28,9.24,9.24,164877,0
2016-06-27,18:00:00,9.245,9.26,9.225,9.23,116850,0
2016-06-27,18:05:00,9.22,9.24,9.21,9.215,78088,0
2016-06-27,18:10:00,9.21,9.25,9.205,9.24,308660,0
2016-06-27,18:15:00,9.24,9.25,9.19,9.23,184376,0
2016-06-27,18:20:00,9.225,9.285,9.225,9.265,78243,0
2016-06-27,18:25:00,9.265,9.315,9.255,9.305,345715,0
2016-06-27,18:30:00,9.305,9.34,9.29,9.325,236907,0
2016-06-27,18:35:00,9.33,9.35,9.325,9.345,102096,0
2016-06-27,18:40:00,9.345,9.36,9.34,9.345,55847,0
2016-06-27,18:45:00,9.34,9.345,9.31,9.34,121495,0
2016-06-27,18:50:00,9.335,9.36,9.32,9.355,474080,0
2016-06-27,18:55:00,9.355,9.355,9.31,9.325,156547,0
2016-06-27,19:00:00,9.32,9.35,9.32,9.345,81569,0
2016-06-27,19:05:00,9.34,9.34,9.31,9.31,75551,0
2016-06-27,19:10:00,9.315,9.33,9.29,9.29,76832,0
2016-06-27,19:15:00,9.295,9.31,9.27,9.3082,59713,0
2016-06-27,19:20:00,9.305,9.36,9.305,9.345,42356,0
2016-06-27,19:25:00,9.34,9.34,9.32,9.325,18338,0
2016-06-27,19:30:00,9.325,9.355,9.32,9.34,37892,0
2016-06-27,19:35:00,9.34,9.34,9.31,9.315,46346,0
2016-06-27,19:40:00,9.32,9.325,9.29,9.295,56071,0
2016-06-27,19:45:00,9.29,9.29,9.24,9.25,106108,0
2016-06-27,19:50:00,9.255,9.26,9.24,9.26,61712,0
2016-06-27,19:55:00,9.26,9.26,9.24,9.245,38008,0
2016-06-27,20:00:00,9.24,9.26,9.24,9.26,28700,0
2016-06-27,20:05:00,9.255,9.26,9.23,9.24,50674,0
2016-06-27,20:10:00,9.24,9.25,9.22,9.225,28818,0
2016-06-27,20:15:00,9.225,9.25,9.22,9.235,141293,0
2016-06-27,20:20:00,9.24,9.255,9.23,9.23,85357,0
2016-06-27,20:25:00,9.23,9.24,9.21,9.22,103736,0
2016-06-27,20:30:00,9.22,9.25,9.22,9.245,162784,0
2016-06-27,20:35:00,9.245,9.245,9.195,9.22,206514,0
2016-06-27,20:40:00,9.22,9.25,9.21,9.215,56892,0
2016-06-27,20:45:00,9.21,9.22,9.18,9.18,91633,0
2016-06-27,20:50:00,9.19,9.2,9.16,9.16,68110,0
2016-06-27,20:55:00,9.165,9.17,9.12,9.13,89247,0
2016-06-27,21:00:00,9.13,9.15,9.12,9.145,161624,0
2016-06-27,21:05:00,9.15,9.17,9.14,9.155,143848,0
2016-06-27,21:10:00,9.15,9.16,9.125,9.13,142630,0
2016-06-27,21:15:00,9.125,9.15,9.12,9.1385,172376,0
2016-06-27,21:20:00,9.135,9.135,9.11,9.115,89543,0
2016-06-27,21:25:00,9.115,9.12,9.09,9.091,86313,0
2016-06-27,21:30:00,9.09,9.105,9.05,9.1,215626,0
2016-06-27,21:35:00,9.09,9.12,9.08,9.12,81496,0
2016-06-27,21:40:00,9.12,9.13,9.085,9.13,137166,0
2016-06-27,21:45:00,9.13,9.135,9.09,9.105,129586,0
2016-06-27,21:50:00,9.11,9.13,9.1,9.13,126138,0
2016-06-27,21:55:00,9.125,9.13,9.1,9.1299,279371,0
2016-06-27,22:00:00,9.125,9.13,9.11,9.12,565647,0
2016-06-28,15:35:00,9.23,9.27,9.2,9.22,110827,0
2016-06-28,15:40:00,9.225,9.24,9.2,9.2101,86373,0
2016-06-28,15:45:00,9.22,9.22,9.14,9.165,183363,0
2016-06-28,15:50:00,9.165,9.24,9.165,9.24,83027,0
2016-06-28,15:55:00,9.25,9.26,9.21,9.21,35878,0
2016-06-28,16:00:00,9.22,9.27,9.21,9.26,125913,0
2016-06-28,16:05:00,9.27,9.295,9.24,9.28,85583,0
2016-06-28,16:10:00,9.28,9.29,9.25,9.26,75612,0
2016-06-28,16:15:00,9.26,9.29,9.25,9.28,82323,0
2016-06-28,16:20:00,9.285,9.33,9.285,9.33,41679,0
2016-06-28,16:25:00,9.325,9.33,9.265,9.265,30513,0
2016-06-28,16:30:00,9.265,9.275,9.25,9.25,27725,0
2016-06-28,16:35:00,9.255,9.27,9.25,9.265,52558,0
2016-06-28,16:40:00,9.265,9.265,9.22,9.225,48759,0
2016-06-28,16:45:00,9.22,9.22,9.2,9.22,52719,0
2016-06-28,16:50:00,9.21,9.22,9.19,9.19,39539,0
2016-06-28,16:55:00,9.19,9.21,9.18,9.2,40544,0
2016-06-28,17:00:00,9.2,9.23,9.2,9.225,32698,0
2016-06-28,17:05:00,9.23,9.24,9.19,9.19,24475,0
2016-06-28,17:10:00,9.19,9.19,9.17,9.17,17744,0
2016-06-28,17:15:00,9.17,9.18,9.17,9.175,48634,0
2016-06-28,17:20:00,9.18,9.19,9.16,9.19,50388,0
2016-06-28,17:25:00,9.18,9.22,9.18,9.205,43390,0
2016-06-28,17:30:00,9.2,9.205,9.17,9.17,40535,0
2016-06-28,17:35:00,9.18,9.19,9.16,9.19,93800,0
2016-06-28,17:40:00,9.185,9.19,9.175,9.18,13501,0
2016-06-28,17:45:00,9.175,9.18,9.17,9.17,22577,0
2016-06-28,17:50:00,9.17,9.195,9.17,9.195,26570,0
2016-06-28,17:55:00,9.19,9.22,9.19,9.215,33210,0
2016-06-28,18:00:00,9.22,9.22,9.2,9.2,14700,0
2016-06-28,18:05:00,9.2,9.205,9.18,9.18,18619,0
2016-06-28,18:10:00,9.185,9.19,9.175,9.19,41262,0
2016-06-28,18:15:00,9.185,9.195,9.18,9.195,34752,0
2016-06-28,18:20:00,9.18,9.19,9.18,9.185,10828,0
2016-06-28,18:25:00,9.19,9.19,9.18,9.185,19200,0
2016-06-28,18:30:00,9.19,9.19,9.18,9.18,14137,0
2016-06-28,18:35:00,9.18,9.21,9.18,9.2,48566,0
2016-06-28,18:40:00,9.21,9.22,9.205,9.2173,5794,0
2016-06-28,18:45:00,9.22,9.245,9.205,9.205,55230,0
2016-06-28,18:50:00,9.205,9.21,9.2,9.2,1700,0
2016-06-28,18:55:00,9.205,9.21,9.2,9.205,4100,0
2016-06-28,19:00:00,9.2,9.21,9.18,9.18,40274,0
2016-06-28,19:05:00,9.18,9.185,9.15,9.15,67277,0
2016-06-28,19:10:00,9.15,9.17,9.15,9.155,55446,0
2016-06-28,19:15:00,9.15,9.16,9.15,9.15,6700,0
2016-06-28,19:20:00,9.16,9.165,9.14,9.14,57036,0
2016-06-28,19:25:00,9.14,9.15,9.13,9.13,9700,0
2016-06-28,19:30:00,9.13,9.15,9.13,9.13,51871,0
2016-06-28,19:35:00,9.135,9.15,9.13,9.14,26648,0
2016-06-28,19:40:00,9.13,9.15,9.13,9.15,41744,0
2016-06-28,19:45:00,9.155,9.17,9.155,9.17,19958,0
2016-06-28,19:50:00,9.17,9.17,9.16,9.16,16922,0
2016-06-28,19:55:00,9.16,9.16,9.15,9.15,21874,0
2016-06-28,20:00:00,9.15,9.155,9.15,9.15,5330,0
2016-06-28,20:05:00,9.15,9.16,9.15,9.155,41005,0
2016-06-28,20:10:00,9.15,9.16,9.13,9.13,54924,0
2016-06-28,20:15:00,9.13,9.15,9.13,9.145,63060,0
2016-06-28,20:20:00,9.145,9.18,9.145,9.18,35802,0
2016-06-28,20:25:00,9.18,9.18,9.16,9.16,30426,0
2016-06-28,20:30:00,9.16,9.165,9.16,9.16,15400,0
2016-06-28,20:35:00,9.16,9.2,9.16,9.2,76250,0
2016-06-28,20:40:00,9.2,9.2,9.185,9.195,44178,0
2016-06-28,20:45:00,9.195,9.2,9.18,9.19,49198,0
2016-06-28,20:50:00,9.19,9.2,9.18,9.195,109045,0
2016-06-28,20:55:00,9.2,9.23,9.19,9.22,209838,0
2016-06-28,21:00:00,9.22,9.24,9.21,9.24,67899,0
2016-06-28,21:05:00,9.23,9.235,9.22,9.22,29868,0
2016-06-28,21:10:00,9.225,9.23,9.22,9.225,31264,0
2016-06-28,21:15:00,9.22,9.24,9.22,9.235,84464,0
2016-06-28,21:20:00,9.23,9.235,9.21,9.21,43399,0
2016-06-28,21:25:00,9.21,9.215,9.21,9.215,30848,0
2016-06-28,21:30:00,9.21,9.215,9.19,9.21,150379,0
2016-06-28,21:35:00,9.215,9.23,9.21,9.225,143834,0
2016-06-28,21:40:00,9.225,9.23,9.205,9.215,114923,0
2016-06-28,21:45:00,9.215,9.22,9.21,9.21,276217,0
2016-06-28,21:50:00,9.21,9.23,9.2,9.225,213116,0
2016-06-28,21:55:00,9.225,9.23,9.195,9.22,249465,0
2016-06-28,22:00:00,9.22,9.23,9.21,9.23,248063,0
2016-06-29,15:35:00,9.34,9.35,9.31,9.35,37912,0
2016-06-29,15:40:00,9.36,9.36,9.32,9.33,54033,0
2016-06-29,15:45:00,9.34,9.34,9.28,9.33,54392,0
2016-06-29,15:50:00,9.33,9.35,9.32,9.35,62661,0
2016-06-29,15:55:00,9.35,9.39,9.35,9.37,45451,0
2016-06-29,16:00:00,9.37,9.4,9.37,9.37,24918,0
2016-06-29,16:05:00,9.37,9.415,9.37,9.39,63002,0
2016-06-29,16:10:00,9.39,9.39,9.37,9.38,29773,0
2016-06-29,16:15:00,9.38,9.41,9.37,9.39,97190,0
2016-06-29,16:20:00,9.39,9.4,9.3799,9.38,24238,0
2016-06-29,16:25:00,9.39,9.39,9.35,9.35,23244,0
2016-06-29,16:30:00,9.35,9.35,9.325,9.335,56326,0
2016-06-29,16:35:00,9.335,9.36,9.33,9.335,34625,0
2016-06-29,16:40:00,9.34,9.35,9.315,9.32,31982,0
2016-06-29,16:45:00,9.32,9.35,9.32,9.33,35011,0
2016-06-29,16:50:00,9.325,9.38,9.325,9.38,79571,0
2016-06-29,16:55:00,9.38,9.39,9.355,9.36,62035,0
2016-06-29,17:00:00,9.36,9.37,9.355,9.37,4852,0
2016-06-29,17:05:00,9.37,9.39,9.36,9.39,18673,0
2016-06-29,17:10:00,9.38,9.38,9.37,9.375,2800,0
2016-06-29,17:15:00,9.375,9.4,9.375,9.39,18465,0
2016-06-29,17:20:00,9.39,9.39,9.37,9.37,12669,0
2016-06-29,17:25:00,9.37,9.38,9.36,9.365,18981,0
2016-06-29,17:30:00,9.37,9.4,9.37,9.39,24125,0
2016-06-29,17:35:00,9.39,9.41,9.39,9.395,65235,0
2016-06-29,17:40:00,9.3966,9.4,9.36,9.37,33470,0
2016-06-29,17:45:00,9.37,9.38,9.35,9.36,125472,0
2016-06-29,17:50:00,9.36,9.37,9.35,9.37,56058,0
2016-06-29,17:55:00,9.37,9.39,9.365,9.39,35227,0
2016-06-29,18:00:00,9.39,9.395,9.37,9.375,19611,0
2016-06-29,18:05:00,9.37,9.39,9.37,9.38,28114,0
2016-06-29,18:10:00,9.38,9.395,9.38,9.39,60002,0
2016-06-29,18:15:00,9.385,9.4,9.3801,9.4,7425,0
2016-06-29,18:20:00,9.395,9.395,9.37,9.385,63817,0
2016-06-29,18:25:00,9.38,9.39,9.37,9.38,13767,0
2016-06-29,18:30:00,9.375,9.4,9.375,9.4,16917,0
2016-06-29,18:35:00,9.395,9.4,9.38,9.38,16532,0
2016-06-29,18:40:00,9.385,9.4,9.385,9.4,11191,0
2016-06-29,18:45:00,9.395,9.4,9.39,9.399,4298,0
2016-06-29,18:50:00,9.4,9.4,9.38,9.385,26301,0
2016-06-29,18:55:00,9.39,9.39,9.385,9.39,8466,0
2016-06-29,19:00:00,9.39,9.4,9.385,9.39,19711,0
2016-06-29,19:05:00,9.395,9.4,9.39,9.39,5037,0
2016-06-29,19:10:00,9.4,9.4,9.37,9.37,33867,0
2016-06-29,19:15:00,9.37,9.375,9.36,9.37,22167,0
2016-06-29,19:20:00,9.37,9.39,9.37,9.39,28095,0
2016-06-29,19:25:00,9.385,9.4,9.385,9.4,16446,0
2016-06-29,19:30:00,9.4,9.4,9.395,9.4,2697,0
2016-06-29,19:35:00,9.4,9.4,9.39,9.39,42679,0
2016-06-29,19:40:00,9.39,9.41,9.39,9.4,308790,0
2016-06-29,19:45:00,9.4,9.4,9.39,9.4,18196,0
2016-06-29,19:50:00,9.41,9.42,9.4,9.405,53576,0
2016-06-29,19:55:00,9.4,9.415,9.4,9.405,111666,0
2016-06-29,20:00:00,9.405,9.429,9.4,9.429,98928,0
2016-06-29,20:05:00,9.42,9.425,9.4,9.41,137601,0
2016-06-29,20:10:00,9.41,9.435,9.41,9.42,77025,0
2016-06-29,20:15:00,9.42,9.43,9.42,9.42,32193,0
2016-06-29,20:20:00,9.42,9.43,9.4,9.4,56985,0
2016-06-29,20:25:00,9.4,9.41,9.4,9.4,61455,0
2016-06-29,20:30:00,9.405,9.42,9.4,9.42,44553,0
2016-06-29,20:35:00,9.42,9.44,9.415,9.4275,54127,0
2016-06-29,20:40:00,9.425,9.43,9.42,9.42,8400,0
2016-06-29,20:45:00,9.43,9.43,9.41,9.415,62154,0
2016-06-29,20:50:00,9.42,9.42,9.41,9.415,16754,0
2016-06-29,20:55:00,9.42,9.42,9.41,9.41,7712,0
2016-06-29,21:00:00,9.42,9.43,9.41,9.43,28160,0
2016-06-29,21:05:00,9.425,9.455,9.425,9.45,35685,0
2016-06-29,21:10:00,9.455,9.46,9.435,9.46,57578,0
2016-06-29,21:15:00,9.46,9.46,9.455,9.46,20678,0
2016-06-29,21:20:00,9.4593,9.465,9.455,9.46,52474,0
2016-06-29,21:25:00,9.46,9.46,9.425,9.435,62297,0
2016-06-29,21:30:00,9.435,9.44,9.43,9.435,18803,0
2016-06-29,21:35:00,9.435,9.445,9.4308,9.445,42555,0
2016-06-29,21:40:00,9.45,9.45,9.43,9.435,70313,0
2016-06-29,21:45:00,9.435,9.45,9.43,9.45,26662,0
2016-06-29,21:50:00,9.45,9.45,9.445,9.45,30302,0
2016-06-29,21:55:00,9.45,9.45,9.42,9.425,166588,0
2016-06-29,22:00:00,9.43,9.43,9.42,9.43,274769,0
2016-06-30,15:35:00,9.47,9.49,9.43,9.45,51431,0
2016-06-30,15:40:00,9.45,9.47,9.405,9.45,67156,0
2016-06-30,15:45:00,9.44,9.465,9.42,9.43,24958,0
2016-06-30,15:50:00,9.42,9.43,9.365,9.37,62145,0
2016-06-30,15:55:00,9.37,9.375,9.345,9.37,35415,0
2016-06-30,16:00:00,9.38,9.405,9.375,9.405,28884,0
2016-06-30,16:05:00,9.4,9.4,9.385,9.39,24556,0
2016-06-30,16:10:00,9.385,9.42,9.385,9.42,22201,0
2016-06-30,16:15:00,9.42,9.435,9.41,9.435,24186,0
2016-06-30,16:20:00,9.435,9.44,9.405,9.42,178961,0
2016-06-30,16:25:00,9.415,9.42,9.38,9.38,74880,0
2016-06-30,16:30:00,9.385,9.385,9.37,9.375,16514,0
2016-06-30,16:35:00,9.375,9.4,9.375,9.395,19025,0
2016-06-30,16:40:00,9.4,9.41,9.385,9.4,37334,0
2016-06-30,16:45:00,9.39,9.4,9.38,9.4,32332,0
2016-06-30,16:50:00,9.4,9.41,9.395,9.405,11850,0
2016-06-30,16:55:00,9.41,9.42,9.39,9.39,35799,0
2016-06-30,17:00:00,9.4,9.42,9.395,9.42,125733,0
2016-06-30,17:05:00,9.415,9.425,9.41,9.42,39630,0
2016-06-30,17:10:00,9.42,9.46,9.42,9.46,29197,0
2016-06-30,17:15:00,9.46,9.48,9.45,9.46,53801,0
2016-06-30,17:20:00,9.47,9.48,9.435,9.44,40678,0
2016-06-30,17:25:00,9.44,9.44,9.42,9.43,137761,0
2016-06-30,17:30:00,9.425,9.45,9.425,9.43,118314,0
2016-06-30,17:35:00,9.44,9.48,9.425,9.445,394630,0
2016-06-30,17:40:00,9.44,9.45,9.42,9.43,37962,0
2016-06-30,17:45:00,9.43,9.44,9.42,9.425,18792,0
2016-06-30,17:50:00,9.42,9.45,9.42,9.435,31634,0
2016-06-30,17:55:00,9.435,9.455,9.43,9.445,33106,0
2016-06-30,18:00:00,9.44,9.45,9.43,9.445,43106,0
2016-06-30,18:05:00,9.445,9.49,9.445,9.49,94075,0
2016-06-30,18:10:00,9.485,9.51,9.48,9.51,39378,0
2016-06-30,18:15:00,9.505,9.55,9.505,9.545,89455,0
2016-06-30,18:20:00,9.55,9.555,9.51,9.51,65778,0
2016-06-30,18:25:00,9.51,9.52,9.5,9.515,156346,0
2016-06-30,18:30:00,9.51,9.52,9.5,9.505,124497,0
2016-06-30,18:35:00,9.505,9.52,9.5,9.52,40864,0
2016-06-30,18:40:00,9.51,9.52,9.5,9.51,23571,0
2016-06-30,18:45:00,9.52,9.53,9.515,9.53,50143,0
2016-06-30,18:50:00,9.52,9.525,9.5,9.505,35369,0
2016-06-30,18:55:00,9.505,9.53,9.5,9.51,36427,0
2016-06-30,19:00:00,9.505,9.53,9.5001,9.52,6453,0
2016-06-30,19:05:00,9.53,9.54,9.52,9.53,17139,0
2016-06-30,19:10:00,9.525,9.525,9.51,9.525,20622,0
2016-06-30,19:15:00,9.52,9.53,9.5,9.505,128180,0
2016-06-30,19:20:00,9.505,9.51,9.49,9.5,33847,0
2016-06-30,19:25:00,9.51,9.51,9.48,9.49,39407,0
2016-06-30,19:30:00,9.485,9.5,9.475,9.495,32008,0
2016-06-30,19:35:00,9.4966,9.5,9.49,9.495,3428,0
2016-06-30,19:40:00,9.5,9.5,9.48,9.485,39091,0
2016-06-30,19:45:00,9.485,9.485,9.48,9.485,8400,0
2016-06-30,19:50:00,9.485,9.49,9.46,9.465,34509,0
2016-06-30,19:55:00,9.47,9.48,9.46,9.48,10308,0
2016-06-30,20:00:00,9.48,9.49,9.47,9.49,14962,0
2016-06-30,20:05:00,9.495,9.5,9.49,9.495,12470,0
2016-06-30,20:10:00,9.495,9.5,9.48,9.495,21947,0
2016-06-30,20:15:00,9.5,9.5,9.49,9.49,2154,0
2016-06-30,20:20:00,9.495,9.5,9.49,9.49,13278,0
2016-06-30,20:25:00,9.5,9.51,9.49,9.505,16385,0
2016-06-30,20:30:00,9.505,9.51,9.49,9.49,155436,0
2016-06-30,20:35:00,9.495,9.51,9.49,9.49,22178,0
2016-06-30,20:40:00,9.5,9.505,9.49,9.5,36744,0
2016-06-30,20:45:00,9.5,9.51,9.49,9.5,65196,0
2016-06-30,20:50:00,9.495,9.505,9.495,9.505,40744,0
2016-06-30,20:55:00,9.5,9.505,9.49,9.495,12260,0
2016-06-30,21:00:00,9.49,9.54,9.49,9.54,87377,0
2016-06-30,21:05:00,9.53,9.535,9.51,9.535,92559,0
2016-06-30,21:10:00,9.53,9.54,9.53,9.535,12602,0
2016-06-30,21:15:00,9.535,9.54,9.53,9.53,14304,0
2016-06-30,21:20:00,9.535,9.535,9.51,9.515,28316,0
2016-06-30,21:25:00,9.515,9.525,9.51,9.525,23044,0
2016-06-30,21:30:00,9.525,9.53,9.52,9.525,34701,0
2016-06-30,21:35:00,9.52,9.525,9.5,9.515,74135,0
2016-06-30,21:40:00,9.52,9.525,9.5,9.515,99397,0
2016-06-30,21:45:00,9.52,9.52,9.51,9.51,28278,0
2016-06-30,21:50:00,9.515,9.515,9.48,9.48,91832,0
2016-06-30,21:55:00,9.475,9.52,9.475,9.52,90200,0
2016-06-30,22:00:00,9.52,9.53,9.5,9.53,1021543,0
2016-07-01,15:35:00,9.5,9.58,9.49,9.58,50779,0
2016-07-01,15:40:00,9.58,9.59,9.54,9.57,19066,0
2016-07-01,15:45:00,9.57,9.6,9.55,9.595,78890,0
2016-07-01,15:50:00,9.59,9.6,9.58,9.585,80606,0
2016-07-01,15:55:00,9.585,9.6,9.58,9.58,21268,0
2016-07-01,16:00:00,9.58,9.595,9.57,9.595,15780,0
2016-07-01,16:05:00,9.6,9.615,9.58,9.58,26582,0
2016-07-01,16:10:00,9.59,9.6,9.58,9.58,20057,0
2016-07-01,16:15:00,9.58,9.59,9.57,9.57,19324,0
2016-07-01,16:20:00,9.57,9.58,9.56,9.575,41974,0
2016-07-01,16:25:00,9.58,9.59,9.58,9.59,25973,0
2016-07-01,16:30:00,9.58,9.595,9.58,9.585,28593,0
2016-07-01,16:35:00,9.59,9.59,9.55,9.56,25749,0
2016-07-01,16:40:00,9.5601,9.57,9.56,9.565,20264,0
2016-07-01,16:45:00,9.565,9.57,9.55,9.55,28415,0
2016-07-01,16:50:00,9.555,9.565,9.55,9.55,27697,0
2016-07-01,16:55:00,9.55,9.56,9.55,9.55,11120,0
2016-07-01,17:00:00,9.55,9.58,9.54,9.58,58309,0
2016-07-01,17:05:00,9.57,9.59,9.57,9.57,99248,0
2016-07-01,17:10:00,9.57,9.58,9.57,9.57,14300,0
2016-07-01,17:15:00,9.57,9.57,9.55,9.56,48917,0
2016-07-01,17:20:00,9.565,9.57,9.56,9.565,12849,0
2016-07-01,17:25:00,9.57,9.57,9.535,9.535,38218,0
2016-07-01,17:30:00,9.535,9.56,9.53,9.555,17441,0
2016-07-01,17:35:00,9.56,9.56,9.545,9.555,42753,0
2016-07-01,17:40:00,9.555,9.57,9.55,9.56,12022,0
2016-07-01,17:45:00,9.56,9.57,9.55,9.55,19545,0
2016-07-01,17:50:00,9.55,9.56,9.55,9.555,3883,0
2016-07-01,17:55:00,9.56,9.56,9.55,9.55,7386,0
2016-07-01,18:00:00,9.55,9.56,9.55,9.56,7586,0
2016-07-01,18:05:00,9.55,9.56,9.54,9.54,36350,0
2016-07-01,18:10:00,9.54,9.545,9.53,9.5397,38121,0
2016-07-01,18:15:00,9.53,9.535,9.52,9.53,31887,0
2016-07-01,18:20:00,9.53,9.535,9.53,9.53,14720,0
2016-07-01,18:25:00,9.53,9.54,9.53,9.535,6096,0
2016-07-01,18:30:00,9.53,9.535,9.515,9.52,32233,0
2016-07-01,18:35:00,9.515,9.53,9.515,9.52,27980,0
2016-07-01,18:40:00,9.52,9.53,9.51,9.51,14073,0
2016-07-01,18:45:00,9.51,9.525,9.51,9.52,21522,0
2016-07-01,18:50:00,9.52,9.53,9.51,9.51,11915,0
2016-07-01,18:55:00,9.51,9.52,9.505,9.51,19932,0
2016-07-01,19:00:00,9.515,9.53,9.51,9.525,15950,0
2016-07-01,19:05:00,9.52,9.53,9.52,9.52,4780,0
2016-07-01,19:10:00,9.53,9.54,9.52,9.535,19440,0
2016-07-01,19:15:00,9.53,9.54,9.52,9.52,29414,0
2016-07-01,19:20:00,9.52,9.53,9.52,9.52,4900,0
2016-07-01,19:25:00,9.52,9.53,9.51,9.51,11415,0
2016-07-01,19:30:00,9.51,9.52,9.51,9.5199,15198,0
2016-07-01,19:35:00,9.51,9.53,9.51,9.53,7478,0
2016-07-01,19:40:00,9.53,9.53,9.52,9.52,3992,0
2016-07-01,19:45:00,9.53,9.54,9.525,9.54,13839,0
2016-07-01,19:50:00,9.54,9.54,9.52,9.535,31629,0
2016-07-01,19:55:00,9.53,9.54,9.53,9.53,3900,0
2016-07-01,20:00:00,9.53,9.54,9.53,9.54,4410,0
2016-07-01,20:05:00,9.53,9.54,9.53,9.535,2600,0
2016-07-01,20:10:00,9.54,9.54,9.53,9.53,6397,0
2016-07-01,20:15:00,9.53,9.54,9.51,9.51,30127,0
2016-07-01,20:20:00,9.51,9.52,9.51,9.515,2015,0
2016-07-01,20:25:00,9.52,9.52,9.51,9.51,16134,0
2016-07-01,20:30:00,9.51,9.52,9.5,9.5,17237,0
2016-07-01,20:35:00,9.5,9.508,9.49,9.49,53978,0
2016-07-01,20:40:00,9.49,9.5,9.49,9.495,10224,0
2016-07-01,20:45:00,9.5,9.5,9.49,9.49,32447,0
2016-07-01,20:50:00,9.49,9.51,9.49,9.505,93189,0
2016-07-01,20:55:00,9.505,9.51,9.5,9.51,29755,0
2016-07-01,21:00:00,9.51,9.52,9.505,9.52,34788,0
2016-07-01,21:05:00,9.52,9.54,9.51,9.54,40351,0
2016-07-01,21:10:00,9.535,9.56,9.535,9.555,24572,0
2016-07-01,21:15:00,9.555,9.56,9.55,9.56,11500,0
2016-07-01,21:20:00,9.55,9.56,9.53,9.53,42720,0
2016-07-01,21:25:00,9.53,9.535,9.515,9.52,26762,0
2016-07-01,21:30:00,9.52,9.52,9.51,9.515,19159,0
2016-07-01,21:35:00,9.515,9.54,9.51,9.52,25960,0
2016-07-01,21:40:00,9.52,9.53,9.5,9.52,28885,0
2016-07-01,21:45:00,9.51,9.53,9.51,9.525,22459,0
2016-07-01,21:50:00,9.525,9.53,9.52,9.52,13468,0
2016-07-01,21:55:00,9.53,9.54,9.52,9.535,51242,0
2016-07-01,22:00:00,9.54,9.54,9.505,9.53,415780,0
