Date,Time,Open,High,Low,Close,Volume,OpenInt
2016-06-16,15:35:00,33.42,33.73,33.42,33.73,15000,0
2016-06-16,15:40:00,33.63,33.63,33.07,33.07,5000,0
2016-06-16,15:45:00,33.1258,33.225,33.08,33.17,6156,0
2016-06-16,15:50:00,33.16,33.2,33.12,33.13,6077,0
2016-06-16,15:55:00,33.14,33.14,33.04,33.08,5600,0
2016-06-16,16:00:00,33.06,33.09,33.01,33.02,5823,0
2016-06-16,16:05:00,33.05,33.13,33,33.11,6430,0
2016-06-16,16:10:00,33.13,33.19,33.08,33.19,4313,0
2016-06-16,16:15:00,33.18,33.18,33.12,33.14,6760,0
2016-06-16,16:20:00,33.14,33.15,33.11,33.14,16486,0
2016-06-16,16:25:00,33.12,33.12,33.04,33.04,6760,0
2016-06-16,16:30:00,33.03,33.08,33.02,33.04,6763,0
2016-06-16,16:35:00,33.02,33.03,32.95,32.96,6489,0
2016-06-16,16:40:00,32.95,32.99,32.89,32.89,4600,0
2016-06-16,16:45:00,32.9004,32.97,32.9004,32.96,5700,0
2016-06-16,16:50:00,32.96,32.97,32.93,32.95,7864,0
2016-06-16,16:55:00,32.94,32.94,32.86,32.94,7762,0
2016-06-16,17:00:00,32.93,32.95,32.91,32.91,5234,0
2016-06-16,17:05:00,32.91,32.98,32.91,32.94,5364,0
2016-06-16,17:10:00,32.9596,32.9596,32.93,32.94,6327,0
2016-06-16,17:15:00,32.94,33.01,32.94,33.01,6300,0
2016-06-16,17:20:00,33.01,33.035,33,33.03,12215,0
2016-06-16,17:25:00,33.04,33.06,33.02,33.04,4700,0
2016-06-16,17:30:00,33.04,33.16,33.04,33.15,3350,0
2016-06-16,17:35:00,33.16,33.175,33.07,33.09,3664,0
2016-06-16,17:40:00,33.09,33.16,33.08,33.115,2200,0
2016-06-16,17:45:00,33.1,33.1,33.045,33.045,3041,0
2016-06-16,17:50:00,33.045,33.06,32.99,33.04,4110,0
2016-06-16,17:55:00,33.03,33.08,33.02,33.08,32470,0
2016-06-16,18:00:00,33.08,33.1,33.055,33.06,6064,0
2016-06-16,18:05:00,33.07,33.07,33.04,33.07,2279,0
2016-06-16,18:10:00,33.08,33.08,33.06,33.07,10092,0
2016-06-16,18:15:00,33.07,33.07,33.03,33.06,7918,0
2016-06-16,18:20:00,33.06,33.17,33.06,33.17,4705,0
2016-06-16,18:25:00,33.18,33.3,33.14,33.3,6298,0
2016-06-16,18:30:00,33.3,33.34,33.275,33.325,4843,0
2016-06-16,18:35:00,33.32,33.32,33.255,33.29,9794,0
2016-06-16,18:40:00,33.3,33.4,33.3,33.4,8207,0
2016-06-16,18:45:00,33.39,33.45,33.36,33.45,4681,0
2016-06-16,18:50:00,33.45,33.47,33.425,33.425,9229,0
2016-06-16,18:55:00,33.43,33.45,33.42,33.445,5995,0
2016-06-16,19:00:00,33.4301,33.445,33.4,33.41,4711,0
2016-06-16,19:05:00,33.42,33.49,33.42,33.45,3200,0
2016-06-16,19:10:00,33.45,33.47,33.41,33.45,2621,0
2016-06-16,19:15:00,33.48,33.49,33.43,33.43,2500,0
2016-06-16,19:20:00,33.43,33.47,33.42,33.47,3678,0
2016-06-16,19:25:00,33.46,33.47,33.42,33.44,3000,0
2016-06-16,19:30:00,33.44,33.46,33.43,33.43,3222,0
2016-06-16,19:35:00,33.46,33.48,33.37,33.375,3200,0
2016-06-16,19:40:00,33.38,33.41,33.36,33.39,6263,0
2016-06-16,19:45:00,33.4,33.4,33.33,33.34,4860,0
2016-06-16,19:50:00,33.345,33.35,33.25,33.27,23091,0
2016-06-16,19:55:00,33.27,33.27,33.2,33.22,5100,0
2016-06-16,20:00:00,33.22,33.225,33.15,33.16,7500,0
2016-06-16,20:05:00,33.15,33.2,33.14,33.19,6500,0
2016-06-16,20:10:00,33.19,33.19,33.16,33.18,4200,0
2016-06-16,20:15:00,33.19,33.3,33.18,33.25,8400,0
2016-06-16,20:20:00,33.26,33.34,33.26,33.33,6100,0
2016-06-16,20:25:00,33.34,33.34,33.26,33.27,3200,0
2016-06-16,20:30:00,33.25,33.26,33.17,33.18,10378,0
2016-06-16,20:35:00,33.19,33.23,33.17,33.21,4768,0
2016-06-16,20:40:00,33.2,33.24,33.2,33.22,3567,0
2016-06-16,20:45:00,33.22,33.26,33.22,33.26,5600,0
2016-06-16,20:50:00,33.26,33.3,33.24,33.3,14228,0
2016-06-16,20:55:00,33.3,33.385,33.28,33.385,12360,0
2016-06-16,21:00:00,33.38,33.385,33.33,33.35,7401,0
2016-06-16,21:05:00,33.35,33.405,33.345,33.38,11362,0
2016-06-16,21:10:00,33.38,33.42,33.37,33.415,7796,0
2016-06-16,21:15:00,33.41,33.41,33.38,33.4,24996,0
2016-06-16,21:20:00,33.4,33.41,33.39,33.39,21171,0
2016-06-16,21:25:00,33.38,33.415,33.375,33.4,14214,0
2016-06-16,21:30:00,33.41,33.58,33.41,33.58,17023,0
2016-06-16,21:35:00,33.59,33.64,33.58,33.63,17376,0
2016-06-16,21:40:00,33.64,33.64,33.58,33.62,13306,0
2016-06-16,21:45:00,33.63,33.69,33.63,33.68,22897,0
2016-06-16,21:50:00,33.67,33.67,33.62,33.65,14500,0
2016-06-16,21:55:00,33.64,33.65,33.56,33.62,33004,0
2016-06-16,22:00:00,33.62,33.67,33.61,33.65,64026,0
2016-06-17,15:35:00,33.65,33.65,33.18,33.18,317453,0
2016-06-17,15:40:00,33.25,33.25,32.75,32.767,14189,0
2016-06-17,15:45:00,32.795,32.915,32.76,32.89,6962,0
2016-06-17,15:50:00,32.9,32.95,32.84,32.84,7690,0
2016-06-17,15:55:00,32.82,32.91,32.79,32.84,15570,0
2016-06-17,16:00:00,32.83,32.86,32.76,32.8,5190,0
2016-06-17,16:05:00,32.84,32.89,32.765,32.84,6560,0
2016-06-17,16:10:00,32.82,32.87,32.81,32.83,3949,0
2016-06-17,16:15:00,32.82,32.89,32.82,32.86,3133,0
2016-06-17,16:20:00,32.86,32.89,32.81,32.83,9612,0
2016-06-17,16:25:00,32.82,32.82,32.68,32.71,7500,0
2016-06-17,16:30:00,32.71,32.75,32.68,32.7,4500,0
2016-06-17,16:35:00,32.71,32.71,32.59,32.59,6402,0
2016-06-17,16:40:00,32.58,32.75,32.58,32.74,5700,0
2016-06-17,16:45:00,32.74,32.75,32.71,32.73,7300,0
2016-06-17,16:50:00,32.73,32.82,32.73,32.81,5900,0
2016-06-17,16:55:00,32.8175,32.94,32.8075,32.9,20990,0
2016-06-17,17:00:00,32.89,32.9,32.86,32.87,14982,0
2016-06-17,17:05:00,32.85,32.86,32.78,32.78,17387,0
2016-06-17,17:10:00,32.78,32.82,32.765,32.79,9100,0
2016-06-17,17:15:00,32.79,32.8,32.64,32.69,21170,0
2016-06-17,17:20:00,32.7,32.82,32.67,32.82,9900,0
2016-06-17,17:25:00,32.83,32.91,32.83,32.88,5015,0
2016-06-17,17:30:00,32.86,32.87,32.74,32.77,8200,0
2016-06-17,17:35:00,32.77,32.801,32.74,32.8,11100,0
2016-06-17,17:40:00,32.79,32.86,32.78,32.86,4400,0
2016-06-17,17:45:00,32.92,32.93,32.89,32.91,7200,0
2016-06-17,17:50:00,32.92,32.92,32.842,32.91,3300,0
2016-06-17,17:55:00,32.9,32.91,32.88,32.89,7500,0
2016-06-17,18:00:00,32.88,32.9,32.83,32.87,13720,0
2016-06-17,18:05:00,32.88,32.922,32.88,32.9,1855,0
2016-06-17,18:10:00,32.9,32.97,32.9,32.96,2300,0
2016-06-17,18:15:00,32.96,32.96,32.94,32.95,804,0
2016-06-17,18:20:00,32.95,32.95,32.87,32.88,2500,0
2016-06-17,18:25:00,32.88,32.88,32.83,32.83,1364,0
2016-06-17,18:30:00,32.83,32.88,32.83,32.88,2986,0
2016-06-17,18:35:00,32.87,32.87,32.84,32.85,1400,0
2016-06-17,18:40:00,32.84,32.92,32.84,32.86,3010,0
2016-06-17,18:45:00,32.87,32.9,32.86,32.87,2000,0
2016-06-17,18:50:00,32.871,32.88,32.84,32.84,2100,0
2016-06-17,18:55:00,32.85,32.85,32.8,32.8,3700,0
2016-06-17,19:00:00,32.79,32.79,32.73,32.75,4800,0
2016-06-17,19:05:00,32.76,32.767,32.72,32.72,2410,0
2016-06-17,19:10:00,32.722,32.83,32.72,32.83,2300,0
2016-06-17,19:15:00,32.82,32.84,32.81,32.84,993,0
2016-06-17,19:20:00,32.84,32.85,32.81,32.84,2917,0
2016-06-17,19:25:00,32.85,32.89,32.85,32.88,1800,0
2016-06-17,19:30:00,32.88,32.94,32.88,32.9,2496,0
2016-06-17,19:35:00,32.89,32.9,32.869,32.88,4800,0
2016-06-17,19:40:00,32.875,32.9,32.87,32.9,5354,0
2016-06-17,19:45:00,32.89,32.94,32.89,32.92,4132,0
2016-06-17,19:50:00,32.92,32.93,32.91,32.911,3400,0
2016-06-17,19:55:00,32.92,32.98,32.92,32.93,6200,0
2016-06-17,20:00:00,32.925,32.955,32.915,32.93,4895,0
2016-06-17,20:05:00,32.91,32.96,32.91,32.92,4600,0
2016-06-17,20:10:00,32.925,32.925,32.885,32.91,5716,0
2016-06-17,20:15:00,32.92,32.945,32.92,32.93,3900,0
2016-06-17,20:20:00,32.93,32.96,32.93,32.93,4652,0
2016-06-17,20:25:00,32.93,33.05,32.925,33.03,8223,0
2016-06-17,20:30:00,33.03,33.06,33.02,33.04,5079,0
2016-06-17,20:35:00,33.03,33.09,33.02,33.07,5596,0
2016-06-17,20:40:00,33.08,33.09,33.065,33.075,3659,0
2016-06-17,20:45:00,33.075,33.14,33.06,33.13,8349,0
2016-06-17,20:50:00,33.13,33.13,33.09,33.09,2592,0
2016-06-17,20:55:00,33.09,33.1,33.07,33.07,9023,0
2016-06-17,21:00:00,33.07,33.08,33.03,33.035,6863,0
2016-06-17,21:05:00,33.03,33.04,32.98,32.995,8043,0
2016-06-17,21:10:00,33,33,32.91,32.91,5916,0
2016-06-17,21:15:00,32.9132,32.93,32.89,32.92,8630,0
2016-06-17,21:20:00,32.91,32.94,32.91,32.92,9178,0
2016-06-17,21:25:00,32.93,32.96,32.93,32.94,5305,0
2016-06-17,21:30:00,32.95,32.95,32.91,32.93,5900,0
2016-06-17,21:35:00,32.92,32.93,32.88,32.9,7734,0
2016-06-17,21:40:00,32.91,32.94,32.91,32.93,14884,0
2016-06-17,21:45:00,32.94,32.94,32.9,32.901,10987,0
2016-06-17,21:50:00,32.91,32.93,32.89,32.89,7017,0
2016-06-17,21:55:00,32.88,32.89,32.83,32.86,29102,0
2016-06-17,22:00:00,32.86,32.89,32.85,32.87,267073,0
2016-06-20,15:35:00,33.43,33.76,33.43,33.5,8738,0
2016-06-20,15:40:00,33.405,33.405,33.27,33.35,2286,0
2016-06-20,15:45:00,33.43,33.49,33.41,33.455,2800,0
2016-06-20,15:50:00,33.5,33.55,33.45,33.49,4400,0
2016-06-20,15:55:00,33.495,33.495,33.43,33.45,4556,0
2016-06-20,16:00:00,33.48,33.52,33.44,33.5,5900,0
2016-06-20,16:05:00,33.49,33.62,33.443,33.62,3797,0
2016-06-20,16:10:00,33.64,33.72,33.6,33.71,12013,0
2016-06-20,16:15:00,33.73,33.75,33.72,33.73,8719,0
2016-06-20,16:20:00,33.74,33.82,33.71,33.805,13283,0
2016-06-20,16:25:00,33.81,33.91,33.81,33.89,11200,0
2016-06-20,16:30:00,33.88,33.94,33.88,33.94,10343,0
2016-06-20,16:35:00,33.94,34.03,33.92,34.03,17900,0
2016-06-20,16:40:00,34.04,34.06,34.04,34.06,9368,0
2016-06-20,16:45:00,34.07,34.13,34.06,34.09,23385,0
2016-06-20,16:50:00,34.08,34.08,34.01,34.03,19465,0
2016-06-20,16:55:00,34.03,34.03,33.93,33.94,11929,0
2016-06-20,17:00:00,33.94,34,33.93,33.94,23771,0
2016-06-20,17:05:00,33.93,33.95,33.92,33.95,6700,0
2016-06-20,17:10:00,33.96,33.97,33.94,33.96,2900,0
2016-06-20,17:15:00,33.97,33.97,33.9,33.9,3249,0
2016-06-20,17:20:00,33.9,33.94,33.9,33.93,4671,0
2016-06-20,17:25:00,33.93,33.95,33.91,33.91,3800,0
2016-06-20,17:30:00,33.9,33.93,33.85,33.86,7200,0
2016-06-20,17:35:00,33.84,33.86,33.795,33.8,8056,0
2016-06-20,17:40:00,33.81,33.83,33.78,33.79,4400,0
2016-06-20,17:45:00,33.8,33.81,33.77,33.78,3500,0
2016-06-20,17:50:00,33.77,33.77,33.72,33.74,2200,0
2016-06-20,17:55:00,33.75,33.79,33.74,33.755,4900,0
2016-06-20,18:00:00,33.75,33.84,33.73,33.84,10950,0
2016-06-20,18:05:00,33.84,33.86,33.82,33.86,5000,0
2016-06-20,18:10:00,33.85,33.9,33.82,33.89,6801,0
2016-06-20,18:15:00,33.89,33.9,33.85,33.85,4135,0
2016-06-20,18:20:00,33.86,33.86,33.82,33.83,2400,0
2016-06-20,18:25:00,33.83,33.87,33.82,33.87,3400,0
2016-06-20,18:30:00,33.87,33.89,33.8,33.81,4200,0
2016-06-20,18:35:00,33.81,33.84,33.78,33.84,3800,0
2016-06-20,18:40:00,33.81,33.81,33.78,33.78,1000,0
2016-06-20,18:45:00,33.752,33.76,33.73,33.73,3300,0
2016-06-20,18:50:00,33.72,33.72,33.682,33.71,1640,0
2016-06-20,18:55:00,33.71,33.76,33.702,33.76,3100,0
2016-06-20,19:00:00,33.75,33.75,33.66,33.67,2800,0
2016-06-20,19:05:00,33.665,33.68,33.665,33.67,5649,0
2016-06-20,19:10:00,33.67,33.675,33.65,33.66,7500,0
2016-06-20,19:15:00,33.675,33.675,33.59,33.59,18250,0
2016-06-20,19:20:00,33.585,33.62,33.57,33.57,3300,0
2016-06-20,19:25:00,33.57,33.611,33.56,33.611,4506,0
2016-06-20,19:30:00,33.61,33.61,33.55,33.55,3200,0
2016-06-20,19:35:00,33.56,33.58,33.542,33.58,1500,0
2016-06-20,19:40:00,33.58,33.591,33.57,33.58,2500,0
2016-06-20,19:45:00,33.57,33.6325,33.57,33.6325,1700,0
2016-06-20,19:50:00,33.62,33.62,33.56,33.58,4000,0
2016-06-20,19:55:00,33.58,33.64,33.58,33.62,3300,0
2016-06-20,20:00:00,33.62,33.6325,33.61,33.62,2100,0
2016-06-20,20:05:00,33.615,33.615,33.53,33.5301,6700,0
2016-06-20,20:10:00,33.53,33.53,33.5,33.52,3381,0
2016-06-20,20:15:00,33.51,33.53,33.49,33.51,4400,0
2016-06-20,20:20:00,33.51,33.52,33.48,33.5,2500,0
2016-06-20,20:25:00,33.49,33.51,33.48,33.51,2200,0
2016-06-20,20:30:00,33.5,33.5,33.46,33.47,4900,0
2016-06-20,20:35:00,33.46,33.5,33.46,33.495,3550,0
2016-06-20,20:40:00,33.5,33.56,33.49,33.49,4000,0
2016-06-20,20:45:00,33.5,33.54,33.5,33.531,4800,0
2016-06-20,20:50:00,33.54,33.6136,33.54,33.6136,4572,0
2016-06-20,20:55:00,33.63,33.64,33.6,33.63,4695,0
2016-06-20,21:00:00,33.62,33.66,33.62,33.66,2800,0
2016-06-20,21:05:00,33.65,33.65,33.61,33.63,4400,0
2016-06-20,21:10:00,33.63,33.63,33.57,33.57,4300,0
2016-06-20,21:15:00,33.57,33.57,33.56,33.57,2500,0
2016-06-20,21:20:00,33.56,33.56,33.48,33.48,8300,0
2016-06-20,21:25:00,33.485,33.53,33.485,33.51,4726,0
2016-06-20,21:30:00,33.52,33.52,33.43,33.44,6800,0
2016-06-20,21:35:00,33.43,33.45,33.43,33.43,4289,0
2016-06-20,21:40:00,33.43,33.44,33.4199,33.42,12443,0
2016-06-20,21:45:00,33.42,33.45,33.4089,33.44,11119,0
2016-06-20,21:50:00,33.43,33.43,33.39,33.39,15838,0
2016-06-20,21:55:00,33.39,33.42,33.37,33.37,18008,0
2016-06-20,22:00:00,33.375,33.4,33.37,33.39,112826,0
2016-06-21,15:35:00,33.5,33.595,33.35,33.35,6721,0
2016-06-21,15:40:00,33.455,33.6,33.43,33.575,1400,0
2016-06-21,15:45:00,33.556,33.59,33.44,33.482,2049,0
2016-06-21,15:50:00,33.48,33.49,33.4,33.45,5070,0
2016-06-21,15:55:00,33.45,33.48,33.45,33.47,1550,0
2016-06-21,16:00:00,33.44,33.52,33.395,33.52,4145,0
2016-06-21,16:05:00,33.49,33.51,33.42,33.47,5308,0
2016-06-21,16:10:00,33.45,33.53,33.45,33.5,1300,0
2016-06-21,16:15:00,33.51,33.6,33.51,33.6,2918,0
2016-06-21,16:20:00,33.59,33.59,33.54,33.54,2700,0
2016-06-21,16:25:00,33.55,33.55,33.315,33.34,6185,0
2016-06-21,16:30:00,33.33,33.38,33.29,33.37,4800,0
2016-06-21,16:35:00,33.38,33.38,33.31,33.32,11586,0
2016-06-21,16:40:00,33.33,33.33,33.28,33.29,5100,0
2016-06-21,16:45:00,33.29,33.3,33.23,33.29,4901,0
2016-06-21,16:50:00,33.28,33.28,33.2,33.26,13970,0
2016-06-21,16:55:00,33.25,33.25,33.18,33.18,3900,0
2016-06-21,17:00:00,33.18,33.22,33.17,33.17,4998,0
2016-06-21,17:05:00,33.15,33.18,33.13,33.165,4034,0
2016-06-21,17:10:00,33.19,33.25,33.19,33.25,2500,0
2016-06-21,17:15:00,33.24,33.31,33.19,33.31,4000,0
2016-06-21,17:20:00,33.32,33.39,33.32,33.39,3400,0
2016-06-21,17:25:00,33.41,33.41,33.31,33.31,2300,0
2016-06-21,17:30:00,33.33,33.42,33.33,33.38,3102,0
2016-06-21,17:35:00,33.36,33.36,33.25,33.25,3432,0
2016-06-21,17:40:00,33.253,33.26,33.24,33.26,1900,0
2016-06-21,17:45:00,33.244,33.265,33.23,33.235,6000,0
2016-06-21,17:50:00,33.24,33.24,33.18,33.1868,11590,0
2016-06-21,17:55:00,33.17,33.19,33.16,33.16,4300,0
2016-06-21,18:00:00,33.16,33.21,33.16,33.21,4600,0
2016-06-21,18:05:00,33.21,33.23,33.19,33.22,4271,0
2016-06-21,18:10:00,33.21,33.22,33.19,33.21,6674,0
2016-06-21,18:15:00,33.21,33.22,33.195,33.22,2100,0
2016-06-21,18:20:00,33.23,33.27,33.23,33.27,2100,0
2016-06-21,18:25:00,33.27,33.31,33.27,33.3,4970,0
2016-06-21,18:30:00,33.3,33.31,33.285,33.301,4000,0
2016-06-21,18:35:00,33.32,33.33,33.31,33.32,2800,0
2016-06-21,18:40:00,33.33,33.35,33.33,33.335,4500,0
2016-06-21,18:45:00,33.33,33.33,33.29,33.2965,1500,0
2016-06-21,18:50:00,33.29,33.3,33.19,33.19,15640,0
2016-06-21,18:55:00,33.17,33.2,33.15,33.2,11053,0
2016-06-21,19:00:00,33.19,33.26,33.19,33.24,11056,0
2016-06-21,19:05:00,33.24,33.29,33.23,33.28,2500,0
2016-06-21,19:10:00,33.28,33.32,33.28,33.32,4982,0
2016-06-21,19:15:00,33.31,33.34,33.3,33.34,5750,0
2016-06-21,19:20:00,33.33,33.335,33.32,33.33,1600,0
2016-06-21,19:25:00,33.32,33.33,33.28,33.28,1400,0
2016-06-21,19:30:00,33.26,33.26,33.245,33.245,2653,0
2016-06-21,19:35:00,33.25,33.27,33.25,33.25,2700,0
2016-06-21,19:40:00,33.24,33.24,33.17,33.17,3617,0
2016-06-21,19:45:00,33.18,33.19,33.17,33.19,3000,0
2016-06-21,19:50:00,33.19,33.21,33.135,33.1801,3411,0
2016-06-21,19:55:00,33.19,33.23,33.19,33.23,2700,0
2016-06-21,20:00:00,33.225,33.26,33.21,33.26,3336,0
2016-06-21,20:05:00,33.25,33.25,33.2,33.21,1500,0
2016-06-21,20:10:00,33.21,33.25,33.21,33.25,4000,0
2016-06-21,20:15:00,33.25,33.27,33.23,33.25,2400,0
2016-06-21,20:20:00,33.26,33.29,33.26,33.281,2304,0
2016-06-21,20:25:00,33.29,33.3,33.27,33.28,3200,0
2016-06-21,20:30:00,33.29,33.32,33.26,33.32,3900,0
2016-06-21,20:35:00,33.33,33.39,33.32,33.39,4800,0
2016-06-21,20:40:00,33.39,33.47,33.39,33.46,3850,0
2016-06-21,20:45:00,33.46,33.46,33.38,33.38,2250,0
2016-06-21,20:50:00,33.4,33.4,33.375,33.38,1500,0
2016-06-21,20:55:00,33.38,33.38,33.36,33.38,1500,0
2016-06-21,21:00:00,33.37,33.37,33.34,33.345,3700,0
2016-06-21,21:05:00,33.34,33.37,33.33,33.34,17040,0
2016-06-21,21:10:00,33.33,33.38,33.33,33.34,10600,0
2016-06-21,21:15:00,33.35,33.39,33.35,33.39,3007,0
2016-06-21,21:20:00,33.391,33.43,33.38,33.43,4300,0
2016-06-21,21:25:00,33.44,33.44,33.39,33.41,4000,0
2016-06-21,21:30:00,33.41,33.445,33.41,33.445,3200,0
2016-06-21,21:35:00,33.44,33.44,33.37,33.38,5305,0
2016-06-21,21:40:00,33.38,33.46,33.38,33.46,13900,0
2016-06-21,21:45:00,33.46,33.47,33.42,33.455,10165,0
2016-06-21,21:50:00,33.455,33.51,33.45,33.48,9002,0
2016-06-21,21:55:00,33.48,33.52,33.48,33.5,23684,0
2016-06-21,22:00:00,33.5,33.505,33.425,33.46,91343,0
2016-06-22,15:35:00,33.5,33.79,33.5,33.758,3540,0
2016-06-22,15:40:00,33.711,33.81,33.68,33.68,2872,0
2016-06-22,15:45:00,33.69,33.77,33.69,33.74,1500,0
2016-06-22,15:50:00,33.74,33.75,33.69,33.75,2121,0
2016-06-22,15:55:00,33.765,33.79,33.74,33.775,6569,0
2016-06-22,16:00:00,33.78,33.805,33.74,33.75,5200,0
2016-06-22,16:05:00,33.75,33.75,33.7,33.7,9309,0
2016-06-22,16:10:00,33.7,33.73,33.67,33.73,3300,0
2016-06-22,16:15:00,33.72,33.81,33.72,33.8,2900,0
2016-06-22,16:20:00,33.81,33.84,33.785,33.785,3100,0
2016-06-22,16:25:00,33.79,33.83,33.79,33.82,8630,0
2016-06-22,16:30:00,33.815,33.815,33.78,33.8,6628,0
2016-06-22,16:35:00,33.8,33.87,33.78,33.87,7265,0
2016-06-22,16:40:00,33.89,33.9,33.88,33.89,3500,0
2016-06-22,16:45:00,33.89,33.97,33.88,33.94,5503,0
2016-06-22,16:50:00,33.93,33.97,33.91,33.95,7954,0
2016-06-22,16:55:00,33.96,34.03,33.96,34.03,12100,0
2016-06-22,17:00:00,34.02,34.05,33.99,34.02,9400,0
2016-06-22,17:05:00,34.02,34.04,34.01,34.01,6800,0
2016-06-22,17:10:00,34.01,34.01,33.95,33.97,4600,0
2016-06-22,17:15:00,33.97,34.02,33.96,33.99,8320,0
2016-06-22,17:20:00,33.98,34.08,33.96,34.06,12502,0
2016-06-22,17:25:00,34.07,34.12,34.04,34.05,6611,0
2016-06-22,17:30:00,34.05,34.08,34.04,34.04,4810,0
2016-06-22,17:35:00,34.03,34.03,33.89,33.9,8326,0
2016-06-22,17:40:00,33.9,34.04,33.9,34.01,4550,0
2016-06-22,17:45:00,33.99,33.99,33.93,33.93,2900,0
2016-06-22,17:50:00,33.92,33.93,33.88,33.88,2800,0
2016-06-22,17:55:00,33.89,33.92,33.84,33.86,2300,0
2016-06-22,18:00:00,33.87,33.88,33.82,33.84,1800,0
2016-06-22,18:05:00,33.84,33.84,33.81,33.83,2394,0
2016-06-22,18:10:00,33.84,33.85,33.75,33.77,2828,0
2016-06-22,18:15:00,33.76,33.76,33.74,33.75,1500,0
2016-06-22,18:20:00,33.76,33.76,33.7,33.71,3200,0
2016-06-22,18:25:00,33.7,33.7,33.58,33.59,7300,0
2016-06-22,18:30:00,33.58,33.6,33.54,33.6,5222,0
2016-06-22,18:35:00,33.6,33.6,33.58,33.58,3203,0
2016-06-22,18:40:00,33.57,33.585,33.54,33.54,6272,0
2016-06-22,18:45:00,33.54,33.55,33.51,33.51,5151,0
2016-06-22,18:50:00,33.5,33.51,33.46,33.49,5597,0
2016-06-22,18:55:00,33.5,33.525,33.48,33.48,5501,0
2016-06-22,19:00:00,33.49,33.52,33.48,33.49,3400,0
2016-06-22,19:05:00,33.47,33.49,33.43,33.46,6200,0
2016-06-22,19:10:00,33.45,33.45,33.35,33.35,1900,0
2016-06-22,19:15:00,33.33,33.37,33.31,33.36,6100,0
2016-06-22,19:20:00,33.36,33.36,33.33,33.35,3638,0
2016-06-22,19:25:00,33.35,33.36,33.3,33.3,7100,0
2016-06-22,19:30:00,33.3,33.345,33.3,33.33,6900,0
2016-06-22,19:35:00,33.33,33.345,33.31,33.33,5100,0
2016-06-22,19:40:00,33.32,33.36,33.3,33.35,4400,0
2016-06-22,19:45:00,33.32,33.34,33.32,33.335,3400,0
2016-06-22,19:50:00,33.33,33.36,33.33,33.36,2800,0
2016-06-22,19:55:00,33.36,33.46,33.36,33.46,3420,0
2016-06-22,20:00:00,33.48,33.5,33.47,33.47,3400,0
2016-06-22,20:05:00,33.45,33.46,33.43,33.45,3142,0
2016-06-22,20:10:00,33.45,33.47,33.385,33.385,4400,0
2016-06-22,20:15:00,33.38,33.42,33.38,33.38,3700,0
2016-06-22,20:20:00,33.38,33.42,33.38,33.38,4800,0
2016-06-22,20:25:00,33.37,33.37,33.32,33.33,6133,0
2016-06-22,20:30:00,33.34,33.38,33.34,33.38,4235,0
2016-06-22,20:35:00,33.37,33.37,33.33,33.33,5000,0
2016-06-22,20:40:00,33.33,33.33,33.29,33.3,3400,0
2016-06-22,20:45:00,33.31,33.34,33.3,33.32,6100,0
2016-06-22,20:50:00,33.33,33.33,33.29,33.33,5300,0
2016-06-22,20:55:00,33.33,33.37,33.31,33.37,4600,0
2016-06-22,21:00:00,33.39,33.4,33.36,33.385,3600,0
2016-06-22,21:05:00,33.38,33.45,33.37,33.445,6000,0
2016-06-22,21:10:00,33.45,33.475,33.42,33.43,11944,0
2016-06-22,21:15:00,33.42,33.45,33.41,33.435,8966,0
2016-06-22,21:20:00,33.44,33.445,33.41,33.42,5600,0
2016-06-22,21:25:00,33.41,33.41,33.335,33.34,6047,0
2016-06-22,21:30:00,33.35,33.36,33.28,33.29,5573,0
2016-06-22,21:35:00,33.3,33.33,33.3,33.3101,5875,0
2016-06-22,21:40:00,33.31,33.365,33.285,33.365,8620,0
2016-06-22,21:45:00,33.37,33.39,33.31,33.31,7000,0
2016-06-22,21:50:00,33.31,33.335,33.29,33.31,11575,0
2016-06-22,21:55:00,33.29,33.32,33.26,33.32,15913,0
2016-06-22,22:00:00,33.33,33.34,33.26,33.3,71340,0
2016-06-23,15:35:00,33.8,33.97,33.784,33.87,11204,0
2016-06-23,15:40:00,33.8325,33.975,33.77,33.975,9660,0
2016-06-23,15:45:00,34,34.07,33.92,34.056,10922,0
2016-06-23,15:50:00,34.05,34.11,33.91,34.02,10333,0
2016-06-23,15:55:00,34.02,34.02,33.87,33.89,2841,0
2016-06-23,16:00:00,33.8456,33.95,33.8456,33.93,4600,0
2016-06-23,16:05:00,33.97,34.05,33.95,34.05,9484,0
2016-06-23,16:10:00,34.05,34.09,34,34.01,3650,0
2016-06-23,16:15:00,34.01,34.05,34,34.01,6100,0
2016-06-23,16:20:00,33.99,34.11,33.99,34.045,11527,0
2016-06-23,16:25:00,34.03,34.1,34.03,34.1,3550,0
2016-06-23,16:30:00,34.11,34.15,34.07,34.08,15600,0
2016-06-23,16:35:00,34.06,34.07,34.01,34.02,4599,0
2016-06-23,16:40:00,34.02,34.02,33.99,34,5900,0
2016-06-23,16:45:00,34.005,34.04,34,34.01,6500,0
2016-06-23,16:50:00,34.02,34.03,33.975,33.98,4700,0
2016-06-23,16:55:00,33.99,34.08,33.99,34.07,20421,0
2016-06-23,17:00:00,34.07,34.18,34.07,34.16,37315,0
2016-06-23,17:05:00,34.17,34.23,34.15,34.2,40982,0
2016-06-23,17:10:00,34.22,34.27,34.19,34.23,14679,0
2016-06-23,17:15:00,34.23,34.27,34.19,34.27,12637,0
2016-06-23,17:20:00,34.29,34.31,34.24,34.24,10600,0
2016-06-23,17:25:00,34.25,34.25,34.22,34.24,24747,0
2016-06-23,17:30:00,34.24,34.32,34.24,34.28,18025,0
2016-06-23,17:35:00,34.27,34.31,34.26,34.27,14677,0
2016-06-23,17:40:00,34.28,34.33,34.21,34.23,8426,0
2016-06-23,17:45:00,34.22,34.25,34.22,34.23,8700,0
2016-06-23,17:50:00,34.23,34.34,34.22,34.33,21000,0
2016-06-23,17:55:00,34.33,34.44,34.33,34.39,32038,0
2016-06-23,18:00:00,34.4,34.45,34.355,34.37,8898,0
2016-06-23,18:05:00,34.38,34.38,34.3,34.3,7751,0
2016-06-23,18:10:00,34.3,34.38,34.29,34.38,24104,0
2016-06-23,18:15:00,34.38,34.46,34.38,34.46,36720,0
2016-06-23,18:20:00,34.46,34.49,34.45,34.48,13500,0
2016-06-23,18:25:00,34.48,34.5,34.43,34.48,49153,0
2016-06-23,18:30:00,34.48,34.53,34.48,34.5,36220,0
2016-06-23,18:35:00,34.5,34.56,34.45,34.45,33825,0
2016-06-23,18:40:00,34.45,34.49,34.38,34.38,13900,0
2016-06-23,18:45:00,34.37,34.38,34.29,34.3,12618,0
2016-06-23,18:50:00,34.305,34.34,34.24,34.3,11023,0
2016-06-23,18:55:00,34.31,34.32,34.25,34.25,10400,0
2016-06-23,19:00:00,34.26,34.27,34.24,34.24,2808,0
2016-06-23,19:05:00,34.26,34.3,34.26,34.26,4902,0
2016-06-23,19:10:00,34.26,34.26,34.24,34.245,4700,0
2016-06-23,19:15:00,34.24,34.245,34.19,34.24,3400,0
2016-06-23,19:20:00,34.24,34.27,34.21,34.27,6888,0
2016-06-23,19:25:00,34.27,34.27,34.2,34.2,8296,0
2016-06-23,19:30:00,34.19,34.22,34.19,34.215,3000,0
2016-06-23,19:35:00,34.215,34.22,34.19,34.2,4754,0
2016-06-23,19:40:00,34.2,34.22,34.19,34.22,2870,0
2016-06-23,19:45:00,34.23,34.23,34.2,34.22,3632,0
2016-06-23,19:50:00,34.21,34.21,34.18,34.18,3594,0
2016-06-23,19:55:00,34.17,34.2,34.1499,34.18,6334,0
2016-06-23,20:00:00,34.19,34.2699,34.185,34.22,18900,0
2016-06-23,20:05:00,34.2,34.2,34.15,34.17,3600,0
2016-06-23,20:10:00,34.17,34.17,34.14,34.155,2889,0
2016-06-23,20:15:00,34.15,34.185,34.14,34.18,8500,0
2016-06-23,20:20:00,34.18,34.21,34.13,34.13,8685,0
2016-06-23,20:25:00,34.13,34.13,34.09,34.1,8781,0
2016-06-23,20:30:00,34.1,34.13,34.09,34.09,11489,0
2016-06-23,20:35:00,34.1,34.13,34.09,34.11,4500,0
2016-06-23,20:40:00,34.12,34.13,34.1,34.13,2200,0
2016-06-23,20:45:00,34.13,34.13,34.11,34.11,10802,0
2016-06-23,20:50:00,34.1,34.19,34.1,34.17,8829,0
2016-06-23,20:55:00,34.18,34.19,34.16,34.185,6073,0
2016-06-23,21:00:00,34.18,34.2,34.15,34.16,13452,0
2016-06-23,21:05:00,34.16,34.17,34.13,34.13,5800,0
2016-06-23,21:10:00,34.13,34.13,34.12,34.125,1500,0
2016-06-23,21:15:00,34.125,34.13,34.07,34.08,15936,0
2016-06-23,21:20:00,34.0801,34.1,34.07,34.07,6094,0
2016-06-23,21:25:00,34.06,34.0701,34.03,34.03,10075,0
2016-06-23,21:30:00,34.03,34.035,34.01,34.02,15100,0
2016-06-23,21:35:00,34.02,34.11,34.02,34.1,15336,0
2016-06-23,21:40:00,34.1,34.13,34.09,34.11,15126,0
2016-06-23,21:45:00,34.12,34.24,34.1,34.24,22600,0
2016-06-23,21:50:00,34.24,34.26,34.19,34.2,18589,0
2016-06-23,21:55:00,34.21,34.25,34.2,34.23,26327,0
2016-06-23,22:00:00,34.23,34.32,34.21,34.31,181532,0
2016-06-24,15:35:00,32.5,33.055,32.3,32.58,14687,0
2016-06-24,15:40:00,32.6,32.76,32.51,32.76,6416,0
2016-06-24,15:45:00,32.86,33.16,32.86,33.05,2807,0
2016-06-24,15:50:00,32.98,33.02,32.8,32.88,4393,0
2016-06-24,15:55:00,32.85,32.905,32.8,32.89,5755,0
2016-06-24,16:00:00,32.89,32.95,32.83,32.83,15163,0
2016-06-24,16:05:00,32.86,32.98,32.83,32.95,25071,0
2016-06-24,16:10:00,32.96,33.01,32.91,32.94,25492,0
2016-06-24,16:15:00,32.98,33.05,32.92,32.93,9900,0
2016-06-24,16:20:00,32.93,32.95,32.71,32.72,14506,0
2016-06-24,16:25:00,32.73,32.74,32.64,32.69,4000,0
2016-06-24,16:30:00,32.66,32.73,32.62,32.69,5300,0
2016-06-24,16:35:00,32.72,32.83,32.69,32.69,9947,0
2016-06-24,16:40:00,32.705,32.75,32.65,32.73,6692,0
2016-06-24,16:45:00,32.76,32.76,32.67,32.69,6697,0
2016-06-24,16:50:00,32.68,32.74,32.63,32.63,9500,0
2016-06-24,16:55:00,32.65,32.66,32.605,32.64,3200,0
2016-06-24,17:00:00,32.67,32.69,32.61,32.64,4500,0
2016-06-24,17:05:00,32.63,32.65,32.52,32.52,2500,0
2016-06-24,17:10:00,32.5,32.57,32.5,32.56,3865,0
2016-06-24,17:15:00,32.55,32.57,32.51,32.54,17801,0
2016-06-24,17:20:00,32.52,32.54,32.5,32.53,3100,0
2016-06-24,17:25:00,32.55,32.56,32.49,32.55,25181,0
2016-06-24,17:30:00,32.54,32.69,32.52,32.64,17057,0
2016-06-24,17:35:00,32.65,32.68,32.61,32.64,7154,0
2016-06-24,17:40:00,32.65,32.7,32.65,32.7,14600,0
2016-06-24,17:45:00,32.7,32.79,32.7,32.77,34010,0
2016-06-24,17:50:00,32.78,32.86,32.75,32.75,5000,0
2016-06-24,17:55:00,32.742,32.742,32.68,32.68,4100,0
2016-06-24,18:00:00,32.71,32.72,32.66,32.72,6520,0
2016-06-24,18:05:00,32.705,32.73,32.66,32.69,11638,0
2016-06-24,18:10:00,32.7,32.71,32.58,32.58,2400,0
2016-06-24,18:15:00,32.6,32.6,32.51,32.56,9500,0
2016-06-24,18:20:00,32.55,32.59,32.55,32.58,5500,0
2016-06-24,18:25:00,32.59,32.61,32.53,32.53,11666,0
2016-06-24,18:30:00,32.53,32.59,32.5,32.56,13723,0
2016-06-24,18:35:00,32.54,32.56,32.4599,32.48,13075,0
2016-06-24,18:40:00,32.48,32.54,32.45,32.47,13798,0
2016-06-24,18:45:00,32.44,32.5,32.3901,32.42,4700,0
2016-06-24,18:50:00,32.38,32.38,32.29,32.29,2500,0
2016-06-24,18:55:00,32.32,32.33,32.18,32.21,18638,0
2016-06-24,19:00:00,32.21,32.27,32.14,32.27,10551,0
2016-06-24,19:05:00,32.25,32.32,32.2,32.32,17514,0
2016-06-24,19:10:00,32.32,32.32,32.22,32.22,30810,0
2016-06-24,19:15:00,32.235,32.315,32.23,32.315,5399,0
2016-06-24,19:20:00,32.36,32.375,32.32,32.33,2050,0
2016-06-24,19:25:00,32.35,32.36,32.29,32.3,2407,0
2016-06-24,19:30:00,32.31,32.31,32.2,32.2,1900,0
2016-06-24,19:35:00,32.2,32.25,32.18,32.23,5800,0
2016-06-24,19:40:00,32.235,32.275,32.235,32.25,2200,0
2016-06-24,19:45:00,32.24,32.24,32.13,32.14,2800,0
2016-06-24,19:50:00,32.12,32.12,32.0101,32.04,5260,0
2016-06-24,19:55:00,32.03,32.05,32.02,32.05,1860,0
2016-06-24,20:00:00,32.06,32.08,32.04,32.05,2500,0
2016-06-24,20:05:00,32.08,32.1184,32.06,32.07,4503,0
2016-06-24,20:10:00,32.07,32.1,32.05,32.06,4361,0
2016-06-24,20:15:00,32.07,32.135,32.0572,32.13,9854,0
2016-06-24,20:20:00,32.12,32.124,32.03,32.04,3800,0
2016-06-24,20:25:00,32.03,32.04,32,32.03,10105,0
2016-06-24,20:30:00,32.02,32.05,32.01,32.02,7058,0
2016-06-24,20:35:00,32.01,32.01,31.93,31.94,18651,0
2016-06-24,20:40:00,31.94,31.95,31.86,31.92,9227,0
2016-06-24,20:45:00,31.94,31.94,31.86,31.9,12991,0
2016-06-24,20:50:00,31.9,31.97,31.82,31.96,30910,0
2016-06-24,20:55:00,31.98,32.12,31.98,32.12,46310,0
2016-06-24,21:00:00,32.12,32.2,32.055,32.08,13870,0
2016-06-24,21:05:00,32.07,32.11,32.03,32.05,12980,0
2016-06-24,21:10:00,32.06,32.06,32,32.02,7400,0
2016-06-24,21:15:00,32.02,32.02,31.94,31.9889,12551,0
2016-06-24,21:20:00,31.97,31.97,31.84,31.86,6800,0
2016-06-24,21:25:00,31.86,31.9301,31.84,31.87,26960,0
2016-06-24,21:30:00,31.88,31.91,31.84,31.84,12025,0
2016-06-24,21:35:00,31.85,31.99,31.85,31.99,20100,0
2016-06-24,21:40:00,32,32.02,31.87,31.9,14694,0
2016-06-24,21:45:00,31.91,32.03,31.88,32,22100,0
2016-06-24,21:50:00,32,32.05,31.97,31.99,43887,0
2016-06-24,21:55:00,31.98,32.03,31.87,31.95,91444,0
2016-06-24,22:00:00,31.95,31.97,31.69,31.75,788622,0
2016-06-27,15:35:00,31.31,31.31,30.6248,30.91,20052,0
2016-06-27,15:40:00,30.825,31.01,30.825,30.91,16826,0
2016-06-27,15:45:00,30.92,30.92,30.78,30.91,27987,0
2016-06-27,15:50:00,30.87,30.89,30.71,30.71,12403,0
2016-06-27,15:55:00,30.69,30.85,30.69,30.76,20162,0
2016-06-27,16:00:00,30.76,30.92,30.709,30.8,40441,0
2016-06-27,16:05:00,30.8,30.88,30.7,30.71,15506,0
2016-06-27,16:10:00,30.71,30.73,30.55,30.58,48179,0
2016-06-27,16:15:00,30.58,30.63,30.45,30.48,21282,0
2016-06-27,16:20:00,30.48,30.53,30.37,30.4,19305,0
2016-06-27,16:25:00,30.39,30.5,30.36,30.37,19000,0
2016-06-27,16:30:00,30.37,30.37,30.2,30.22,14146,0
2016-06-27,16:35:00,30.23,30.3,30.17,30.3,17138,0
2016-06-27,16:40:00,30.31,30.39,30.24,30.26,26790,0
2016-06-27,16:45:00,30.27,30.35,30.26,30.29,16722,0
2016-06-27,16:50:00,30.28,30.28,30.15,30.2,31418,0
2016-06-27,16:55:00,30.2,30.21,30.12,30.15,20858,0
2016-06-27,17:00:00,30.16,30.18,30.01,30.02,24320,0
2016-06-27,17:05:00,30.02,30.13,29.98,30.11,18200,0
2016-06-27,17:10:00,30.1,30.16,30.04,30.1,17150,0
2016-06-27,17:15:00,30.11,30.12,30,30.04,14000,0
2016-06-27,17:20:00,30,30,29.92,29.98,27847,0
2016-06-27,17:25:00,29.98,30.06,29.91,29.92,34531,0
2016-06-27,17:30:00,29.94,30.21,29.92,30.21,22502,0
2016-06-27,17:35:00,30.2,30.265,30.17,30.21,4931,0
2016-06-27,17:40:00,30.21,30.32,30.185,30.31,18117,0
2016-06-27,17:45:00,30.3,30.31,30.24,30.27,8800,0
2016-06-27,17:50:00,30.27,30.36,30.25,30.31,19141,0
2016-06-27,17:55:00,30.31,30.32,30.1,30.1,13760,0
2016-06-27,18:00:00,30.1,30.15,30.05,30.09,13700,0
2016-06-27,18:05:00,30.07,30.09,30,30.04,6559,0
2016-06-27,18:10:00,30.03,30.04,29.93,29.97,15070,0
2016-06-27,18:15:00,29.96,29.975,29.9,29.95,6300,0
2016-06-27,18:20:00,29.95,30.02,29.94,29.99,15819,0
2016-06-27,18:25:00,29.99,30.06,29.98,30.06,9710,0
2016-06-27,18:30:00,30.04,30.11,30.03,30.09,21621,0
2016-06-27,18:35:00,30.1,30.13,30.08,30.11,19994,0
2016-06-27,18:40:00,30.12,30.17,30.12,30.13,5900,0
2016-06-27,18:45:00,30.13,30.13,30.05,30.085,15640,0
2016-06-27,18:50:00,30.05,30.08,30.04,30.07,2400,0
2016-06-27,18:55:00,30.07,30.105,30.04,30.08,8600,0
2016-06-27,19:00:00,30.1,30.18,30.1,30.16,8100,0
2016-06-27,19:05:00,30.16,30.33,30.14,30.275,21200,0
2016-06-27,19:10:00,30.27,30.28,30.17,30.17,18765,0
2016-06-27,19:15:00,30.17,30.175,30.14,30.15,8919,0
2016-06-27,19:20:00,30.14,30.21,30.14,30.2,18126,0
2016-06-27,19:25:00,30.19,30.24,30.17,30.19,22697,0
2016-06-27,19:30:00,30.2,30.25,30.1799,30.1799,20030,0
2016-06-27,19:35:00,30.18,30.2,30.0999,30.12,13978,0
2016-06-27,19:40:00,30.13,30.14,30.05,30.08,8127,0
2016-06-27,19:45:00,30.08,30.09,30,30,8950,0
2016-06-27,19:50:00,30,30.08,30,30.07,9674,0
2016-06-27,19:55:00,30.07,30.08,30.04,30.05,12956,0
2016-06-27,20:00:00,30.05,30.08,30.01,30.04,17206,0
2016-06-27,20:05:00,30.03,30.055,29.98,30,15414,0
2016-06-27,20:10:00,29.99,30.02,29.96,29.965,6495,0
2016-06-27,20:15:00,29.96,30.02,29.945,29.96,25772,0
2016-06-27,20:20:00,29.97,30,29.87,29.89,22098,0
2016-06-27,20:25:00,29.9,29.98,29.9,29.925,17007,0
2016-06-27,20:30:00,29.92,29.98,29.92,29.96,15923,0
2016-06-27,20:35:00,29.95,29.97,29.89,29.89,20808,0
2016-06-27,20:40:00,29.9,29.9299,29.85,29.91,15170,0
2016-06-27,20:45:00,29.91,29.915,29.83,29.86,15565,0
2016-06-27,20:50:00,29.87,29.87,29.77,29.7989,23249,0
2016-06-27,20:55:00,29.79,29.81,29.7,29.72,31486,0
2016-06-27,21:00:00,29.71,29.75,29.68,29.74,22423,0
2016-06-27,21:05:00,29.75,29.87,29.745,29.87,12000,0
2016-06-27,21:10:00,29.87,29.95,29.84,29.9,26202,0
2016-06-27,21:15:00,29.89,29.96,29.89,29.91,15840,0
2016-06-27,21:20:00,29.9,29.9,29.83,29.865,19538,0
2016-06-27,21:25:00,29.865,29.88,29.79,29.8,40458,0
2016-06-27,21:30:00,29.79,29.92,29.79,29.91,17935,0
2016-06-27,21:35:00,29.905,30.07,29.905,30.06,52596,0
2016-06-27,21:40:00,30.05,30.24,30.04,30.24,37565,0
2016-06-27,21:45:00,30.23,30.3,30.23,30.26,37687,0
2016-06-27,21:50:00,30.26,30.29,30.23,30.27,32253,0
2016-06-27,21:55:00,30.265,30.3,30.2,30.28,101800,0
2016-06-27,22:00:00,30.28,30.28,30.14,30.15,165921,0
2016-06-28,15:35:00,30.51,30.93,30,30.59,13621,0
2016-06-28,15:40:00,30.61,30.73,30.51,30.72,7740,0
2016-06-28,15:45:00,30.77,30.81,30.61,30.8,16647,0
2016-06-28,15:50:00,30.79,31.01,30.79,31.01,10850,0
2016-06-28,15:55:00,31.0199,31.12,31.015,31.04,10816,0
2016-06-28,16:00:00,31.02,31.27,31.02,31.27,13625,0
2016-06-28,16:05:00,31.25,31.29,31.13,31.26,20501,0
2016-06-28,16:10:00,31.23,31.23,30.97,31.01,12991,0
2016-06-28,16:15:00,31.005,31.01,30.88,30.92,24674,0
2016-06-28,16:20:00,30.92,30.97,30.89,30.95,21894,0
2016-06-28,16:25:00,30.95,30.95,30.86,30.88,32595,0
2016-06-28,16:30:00,30.89,30.92,30.865,30.91,33777,0
2016-06-28,16:35:00,30.91,30.91,30.8,30.83,11073,0
2016-06-28,16:40:00,30.82,30.83,30.7,30.7,13582,0
2016-06-28,16:45:00,30.68,30.7,30.61,30.7,6100,0
2016-06-28,16:50:00,30.7,30.78,30.7,30.75,6700,0
2016-06-28,16:55:00,30.74,30.77,30.72,30.75,6900,0
2016-06-28,17:00:00,30.76,30.77,30.66,30.69,12678,0
2016-06-28,17:05:00,30.69,30.7,30.59,30.62,16596,0
2016-06-28,17:10:00,30.6,30.64,30.51,30.52,7001,0
2016-06-28,17:15:00,30.5,30.51,30.45,30.45,6072,0
2016-06-28,17:20:00,30.44,30.48,30.38,30.48,9365,0
2016-06-28,17:25:00,30.47,30.56,30.45,30.46,9600,0
2016-06-28,17:30:00,30.45,30.45,30.37,30.38,5576,0
2016-06-28,17:35:00,30.39,30.45,30.385,30.45,4400,0
2016-06-28,17:40:00,30.44,30.51,30.4,30.42,7582,0
2016-06-28,17:45:00,30.42,30.48,30.41,30.48,4700,0
2016-06-28,17:50:00,30.48,30.63,30.48,30.62,5600,0
2016-06-28,17:55:00,30.62,30.69,30.61,30.69,3500,0
2016-06-28,18:00:00,30.69,30.72,30.61,30.61,4500,0
2016-06-28,18:05:00,30.64,30.64,30.5766,30.5766,5900,0
2016-06-28,18:10:00,30.57,30.62,30.56,30.6,4000,0
2016-06-28,18:15:00,30.6,30.6,30.51,30.51,5500,0
2016-06-28,18:20:00,30.525,30.55,30.51,30.54,3700,0
2016-06-28,18:25:00,30.52,30.52,30.48,30.49,3500,0
2016-06-28,18:30:00,30.49,30.5,30.46,30.5,4100,0
2016-06-28,18:35:00,30.5,30.55,30.47,30.55,4000,0
2016-06-28,18:40:00,30.56,30.6,30.55,30.6,4050,0
2016-06-28,18:45:00,30.59,30.65,30.59,30.59,4222,0
2016-06-28,18:50:00,30.61,30.61,30.56,30.58,2200,0
2016-06-28,18:55:00,30.57,30.58,30.56,30.57,4695,0
2016-06-28,19:00:00,30.57,30.6,30.525,30.535,4600,0
2016-06-28,19:05:00,30.535,30.535,30.48,30.49,2900,0
2016-06-28,19:10:00,30.48,30.53,30.47,30.48,11616,0
2016-06-28,19:15:00,30.48,30.56,30.475,30.56,16200,0
2016-06-28,19:20:00,30.58,30.58,30.49,30.49,3795,0
2016-06-28,19:25:00,30.49,30.4989,30.4,30.42,2700,0
2016-06-28,19:30:00,30.42,30.48,30.41,30.47,24188,0
2016-06-28,19:35:00,30.47,30.54,30.44,30.5,28152,0
2016-06-28,19:40:00,30.51,30.57,30.51,30.57,2800,0
2016-06-28,19:45:00,30.59,30.64,30.59,30.59,2000,0
2016-06-28,19:50:00,30.58,30.5999,30.57,30.57,2800,0
2016-06-28,19:55:00,30.55,30.575,30.55,30.57,1700,0
2016-06-28,20:00:00,30.55,30.56,30.53,30.53,4707,0
2016-06-28,20:05:00,30.53,30.53,30.5,30.5,3707,0
2016-06-28,20:10:00,30.5,30.51,30.44,30.45,4100,0
2016-06-28,20:15:00,30.46,30.47,30.42,30.44,3600,0
2016-06-28,20:20:00,30.445,30.51,30.445,30.5,6800,0
2016-06-28,20:25:00,30.51,30.53,30.47,30.5,21963,0
2016-06-28,20:30:00,30.5,30.61,30.5,30.61,10597,0
2016-06-28,20:35:00,30.61,30.72,30.61,30.71,5900,0
2016-06-28,20:40:00,30.7,30.81,30.7,30.81,6229,0
2016-06-28,20:45:00,30.81,30.81,30.7838,30.8,4900,0
2016-06-28,20:50:00,30.81,30.83,30.8,30.8,6000,0
2016-06-28,20:55:00,30.81,30.91,30.8075,30.9,4225,0
2016-06-28,21:00:00,30.89,30.93,30.885,30.9,6000,0
2016-06-28,21:05:00,30.9,30.91,30.85,30.895,15571,0
2016-06-28,21:10:00,30.9,30.955,30.9,30.9075,6362,0
2016-06-28,21:15:00,30.905,30.99,30.905,30.99,5600,0
2016-06-28,21:20:00,30.98,30.985,30.9,30.9,9200,0
2016-06-28,21:25:00,30.9,30.9,30.83,30.84,11165,0
2016-06-28,21:30:00,30.84,30.85,30.74,30.77,21830,0
2016-06-28,21:35:00,30.78,30.825,30.745,30.77,16529,0
2016-06-28,21:40:00,30.76,30.855,30.76,30.855,9437,0
2016-06-28,21:45:00,30.85,30.89,30.83,30.86,14870,0
2016-06-28,21:50:00,30.85,30.9,30.84,30.9,26595,0
2016-06-28,21:55:00,30.91,30.93,30.86,30.87,27497,0
2016-06-28,22:00:00,30.87,30.95,30.87,30.94,192724,0
2016-06-29,15:35:00,31.45,31.6,30.3404,31.53,10824,0
2016-06-29,15:40:00,31.53,31.635,31.24,31.265,13105,0
2016-06-29,15:45:00,31.265,31.265,31.04,31.25,5761,0
2016-06-29,15:50:00,31.25,31.25,31.11,31.25,7814,0
2016-06-29,15:55:00,31.25,31.29,31.18,31.24,19953,0
2016-06-29,16:00:00,31.27,31.39,31.27,31.285,4510,0
2016-06-29,16:05:00,31.31,31.42,31.27,31.36,22234,0
2016-06-29,16:10:00,31.35,31.375,31.26,31.32,11500,0
2016-06-29,16:15:00,31.32,31.36,31.285,31.33,10789,0
2016-06-29,16:20:00,31.33,31.34,31.29,31.31,20582,0
2016-06-29,16:25:00,31.32,31.34,31.23,31.28,35754,0
2016-06-29,16:30:00,31.26,31.27,31.03,31.03,7425,0
2016-06-29,16:35:00,31.08,31.2,31.05,31.16,16928,0
2016-06-29,16:40:00,31.16,31.16,31.08,31.11,16200,0
2016-06-29,16:45:00,31.1,31.12,31,31.04,8281,0
2016-06-29,16:50:00,31.04,31.13,31.04,31.13,2700,0
2016-06-29,16:55:00,31.14,31.2,31.09,31.12,4871,0
2016-06-29,17:00:00,31.12,31.12,31.08,31.1,4200,0
2016-06-29,17:05:00,31.1,31.2,31.09,31.2,12500,0
2016-06-29,17:10:00,31.2,31.2,31.12,31.1201,5400,0
2016-06-29,17:15:00,31.12,31.2,31.11,31.14,10200,0
2016-06-29,17:20:00,31.14,31.15,31.06,31.06,9520,0
2016-06-29,17:25:00,31.05,31.07,31.04,31.05,4400,0
2016-06-29,17:30:00,31.055,31.15,31.055,31.12,7879,0
2016-06-29,17:35:00,31.13,31.16,31.13,31.15,5700,0
2016-06-29,17:40:00,31.16,31.185,31.08,31.08,12876,0
2016-06-29,17:45:00,31.08,31.1,31.0411,31.0411,3900,0
2016-06-29,17:50:00,31.04,31.04,31.01,31.03,5908,0
2016-06-29,17:55:00,31.04,31.15,31.04,31.13,3958,0
2016-06-29,18:00:00,31.13,31.14,31.08,31.09,2700,0
2016-06-29,18:05:00,31.09,31.1,31.07,31.07,2400,0
2016-06-29,18:10:00,31.07,31.14,31.07,31.14,2400,0
2016-06-29,18:15:00,31.17,31.17,31.1257,31.14,2481,0
2016-06-29,18:20:00,31.13,31.13,31.08,31.11,6900,0
2016-06-29,18:25:00,31.115,31.13,31.07,31.08,5000,0
2016-06-29,18:30:00,31.08,31.11,31.08,31.1,2802,0
2016-06-29,18:35:00,31.09,31.09,31.02,31.03,3314,0
2016-06-29,18:40:00,31.04,31.08,31.04,31.08,2160,0
2016-06-29,18:45:00,31.1,31.1,31.07,31.07,2900,0
2016-06-29,18:50:00,31.06,31.06,31.02,31.02,4312,0
2016-06-29,18:55:00,31.03,31.0401,31.03,31.0301,3500,0
2016-06-29,19:00:00,31.03,31.04,31.01,31.03,3800,0
2016-06-29,19:05:00,31.03,31.08,31.03,31.08,12621,0
2016-06-29,19:10:00,31.09,31.09,31.01,31.01,9700,0
2016-06-29,19:15:00,31.01,31.01,30.99,31.01,3500,0
2016-06-29,19:20:00,31.0258,31.1,31.0258,31.09,2766,0
2016-06-29,19:25:00,31.09,31.14,31.08,31.14,1900,0
2016-06-29,19:30:00,31.14,31.14,31.13,31.13,4900,0
2016-06-29,19:35:00,31.13,31.15,31.12,31.15,2200,0
2016-06-29,19:40:00,31.15,31.2,31.15,31.17,3050,0
2016-06-29,19:45:00,31.19,31.19,31.175,31.1899,2500,0
2016-06-29,19:50:00,31.19,31.2,31.16,31.2,3000,0
2016-06-29,19:55:00,31.2,31.2,31.16,31.16,2614,0
2016-06-29,20:00:00,31.17,31.21,31.17,31.19,3000,0
2016-06-29,20:05:00,31.19,31.24,31.19,31.24,3962,0
2016-06-29,20:10:00,31.25,31.27,31.23,31.27,3500,0
2016-06-29,20:15:00,31.27,31.27,31.24,31.25,1700,0
2016-06-29,20:20:00,31.26,31.26,31.23,31.23,1800,0
2016-06-29,20:25:00,31.23,31.3,31.23,31.3,4100,0
2016-06-29,20:30:00,31.33,31.33,31.28,31.29,5000,0
2016-06-29,20:35:00,31.3,31.38,31.3,31.36,5381,0
2016-06-29,20:40:00,31.38,31.39,31.35,31.35,6299,0
2016-06-29,20:45:00,31.34,31.37,31.32,31.36,3300,0
2016-06-29,20:50:00,31.36,31.38,31.31,31.31,5677,0
2016-06-29,20:55:00,31.32,31.32,31.28,31.29,2700,0
2016-06-29,21:00:00,31.2801,31.333,31.2801,31.32,3825,0
2016-06-29,21:05:00,31.32,31.32,31.3,31.31,2600,0
2016-06-29,21:10:00,31.31,31.32,31.29,31.32,4700,0
2016-06-29,21:15:00,31.32,31.35,31.315,31.33,14923,0
2016-06-29,21:20:00,31.32,31.33,31.29,31.32,9527,0
2016-06-29,21:25:00,31.33,31.34,31.28,31.29,7600,0
2016-06-29,21:30:00,31.285,31.31,31.285,31.3,6185,0
2016-06-29,21:35:00,31.29,31.33,31.29,31.33,13961,0
2016-06-29,21:40:00,31.34,31.35,31.33,31.34,4814,0
2016-06-29,21:45:00,31.34,31.36,31.32,31.33,9050,0
2016-06-29,21:50:00,31.34,31.35,31.32,31.34,7073,0
2016-06-29,21:55:00,31.34,31.37,31.28,31.315,29036,0
2016-06-29,22:00:00,31.31,31.36,31.27,31.36,106119,0
2016-06-30,15:35:00,31.54,31.72,31.54,31.65,10124,0
2016-06-30,15:40:00,31.7,31.79,31.57,31.7396,4654,0
2016-06-30,15:45:00,31.725,31.8,31.59,31.63,13153,0
2016-06-30,15:50:00,31.67,31.87,31.63,31.87,13261,0
2016-06-30,15:55:00,31.83,31.89,31.69,31.82,4652,0
2016-06-30,16:00:00,31.82,32,31.82,32,7300,0
2016-06-30,16:05:00,31.99,32,31.92,31.9499,6600,0
2016-06-30,16:10:00,31.94,32.02,31.93,32.02,9504,0
2016-06-30,16:15:00,31.98,32.08,31.94,32.05,20115,0
2016-06-30,16:20:00,32.04,32.04,31.95,31.97,6000,0
2016-06-30,16:25:00,31.98,32.02,31.95,31.96,78026,0
2016-06-30,16:30:00,31.95,31.95,31.8,31.84,12838,0
2016-06-30,16:35:00,31.84,31.97,31.84,31.97,11800,0
2016-06-30,16:40:00,31.99,32.01,31.94,31.98,4400,0
2016-06-30,16:45:00,31.97,31.97,31.86,31.94,12417,0
2016-06-30,16:50:00,31.96,32.06,31.93,32.05,17080,0
2016-06-30,16:55:00,32.07,32.13,32.065,32.1,12192,0
2016-06-30,17:00:00,32.11,32.2,32.095,32.2,17088,0
2016-06-30,17:05:00,32.18,32.23,32.13,32.225,11800,0
2016-06-30,17:10:00,32.225,32.34,32.225,32.34,26294,0
2016-06-30,17:15:00,32.36,32.42,32.35,32.4,23954,0
2016-06-30,17:20:00,32.4,32.41,32.31,32.33,14179,0
2016-06-30,17:25:00,32.34,32.36,32.33,32.34,5900,0
2016-06-30,17:30:00,32.34,32.4,32.32,32.36,12500,0
2016-06-30,17:35:00,32.37,32.44,32.36,32.41,11100,0
2016-06-30,17:40:00,32.42,32.42,32.36,32.37,3500,0
2016-06-30,17:45:00,32.38,32.45,32.36,32.43,8700,0
2016-06-30,17:50:00,32.44,32.47,32.437,32.45,10181,0
2016-06-30,17:55:00,32.44,32.51,32.43,32.51,12860,0
2016-06-30,18:00:00,32.52,32.67,32.52,32.66,41362,0
2016-06-30,18:05:00,32.65,32.74,32.64,32.7,31542,0
2016-06-30,18:10:00,32.67,32.67,32.6,32.63,5750,0
2016-06-30,18:15:00,32.63,32.7,32.63,32.66,6304,0
2016-06-30,18:20:00,32.67,32.71,32.65,32.69,6200,0
2016-06-30,18:25:00,32.69,32.75,32.68,32.75,6600,0
2016-06-30,18:30:00,32.75,32.77,32.71,32.76,8068,0
2016-06-30,18:35:00,32.7584,32.7584,32.66,32.66,21317,0
2016-06-30,18:40:00,32.66,32.66,32.57,32.59,5928,0
2016-06-30,18:45:00,32.59,32.61,32.5239,32.59,4300,0
2016-06-30,18:50:00,32.595,32.6,32.58,32.59,4400,0
2016-06-30,18:55:00,32.59,32.64,32.55,32.6,7900,0
2016-06-30,19:00:00,32.62,32.63,32.61,32.61,3400,0
2016-06-30,19:05:00,32.61,32.63,32.595,32.61,7576,0
2016-06-30,19:10:00,32.6,32.6,32.5,32.51,5400,0
2016-06-30,19:15:00,32.49,32.49,32.45,32.45,8381,0
2016-06-30,19:20:00,32.46,32.48,32.45,32.46,4000,0
2016-06-30,19:25:00,32.46,32.47,32.41,32.41,3700,0
2016-06-30,19:30:00,32.42,32.42,32.39,32.39,6000,0
2016-06-30,19:35:00,32.4,32.4,32.36,32.39,4600,0
2016-06-30,19:40:00,32.3925,32.435,32.39,32.43,3835,0
2016-06-30,19:45:00,32.43,32.435,32.4,32.42,4065,0
2016-06-30,19:50:00,32.42,32.42,32.34,32.36,5300,0
2016-06-30,19:55:00,32.36,32.41,32.36,32.41,3300,0
2016-06-30,20:00:00,32.4,32.435,32.39,32.43,5700,0
2016-06-30,20:05:00,32.43,32.44,32.43,32.44,5200,0
2016-06-30,20:10:00,32.44,32.5,32.41,32.5,7421,0
2016-06-30,20:15:00,32.49,32.49,32.44,32.45,5377,0
2016-06-30,20:20:00,32.45,32.475,32.446,32.47,7800,0
2016-06-30,20:25:00,32.475,32.4975,32.465,32.465,6678,0
2016-06-30,20:30:00,32.47,32.475,32.37,32.37,7600,0
2016-06-30,20:35:00,32.37,32.38,32.35,32.35,11288,0
2016-06-30,20:40:00,32.35,32.395,32.35,32.36,6700,0
2016-06-30,20:45:00,32.365,32.47,32.36,32.46,11400,0
2016-06-30,20:50:00,32.45,32.49,32.43,32.48,5322,0
2016-06-30,20:55:00,32.5,32.54,32.5,32.53,6900,0
2016-06-30,21:00:00,32.54,32.59,32.54,32.57,8200,0
2016-06-30,21:05:00,32.58,32.63,32.58,32.61,8580,0
2016-06-30,21:10:00,32.62,32.67,32.62,32.65,7258,0
2016-06-30,21:15:00,32.64,32.64,32.59,32.62,7100,0
2016-06-30,21:20:00,32.61,32.61,32.52,32.55,10571,0
2016-06-30,21:25:00,32.545,32.56,32.5265,32.56,5300,0
2016-06-30,21:30:00,32.57,32.65,32.57,32.65,11200,0
2016-06-30,21:35:00,32.655,32.655,32.62,32.625,14843,0
2016-06-30,21:40:00,32.625,32.63,32.54,32.56,27004,0
2016-06-30,21:45:00,32.56,32.565,32.47,32.48,23207,0
2016-06-30,21:50:00,32.47,32.48,32.39,32.395,35497,0
2016-06-30,21:55:00,32.4,32.52,32.395,32.52,51276,0
2016-06-30,22:00:00,32.51,32.68,32.51,32.68,326271,0
2016-07-01,15:35:00,32.38,32.54,32.38,32.54,13219,0
2016-07-01,15:40:00,32.54,32.79,32.54,32.67,9900,0
2016-07-01,15:45:00,32.68,32.86,32.63,32.86,8700,0
2016-07-01,15:50:00,32.86,32.86,32.68,32.72,7481,0
2016-07-01,15:55:00,32.74,32.84,32.71,32.71,6200,0
2016-07-01,16:00:00,32.72,32.77,32.68,32.745,10900,0
2016-07-01,16:05:00,32.78,32.79,32.71,32.71,4425,0
2016-07-01,16:10:00,32.74,32.77,32.63,32.63,4880,0
2016-07-01,16:15:00,32.63,32.67,32.59,32.6,2900,0
2016-07-01,16:20:00,32.59,32.62,32.56,32.57,5631,0
2016-07-01,16:25:00,32.57,32.6,32.5,32.51,17607,0
2016-07-01,16:30:00,32.5,32.59,32.5,32.55,9902,0
2016-07-01,16:35:00,32.58,32.58,32.49,32.49,4730,0
2016-07-01,16:40:00,32.5,32.55,32.49,32.55,4500,0
2016-07-01,16:45:00,32.56,32.59,32.51,32.55,9900,0
2016-07-01,16:50:00,32.56,32.56,32.48,32.5,4700,0
2016-07-01,16:55:00,32.51,32.51,32.47,32.48,3700,0
2016-07-01,17:00:00,32.48,32.52,32.45,32.52,3200,0
2016-07-01,17:05:00,32.52,32.6,32.52,32.6,9029,0
2016-07-01,17:10:00,32.59,32.6,32.51,32.52,4300,0
2016-07-01,17:15:00,32.53,32.53,32.46,32.49,3200,0
2016-07-01,17:20:00,32.51,32.55,32.47,32.4901,16999,0
2016-07-01,17:25:00,32.5,32.52,32.44,32.44,3084,0
2016-07-01,17:30:00,32.43,32.506,32.43,32.506,2350,0
2016-07-01,17:35:00,32.51,32.51,32.44,32.4799,4810,0
2016-07-01,17:40:00,32.46,32.53,32.46,32.52,3525,0
2016-07-01,17:45:00,32.52,32.53,32.49,32.53,2580,0
2016-07-01,17:50:00,32.52,32.53,32.5,32.53,1900,0
2016-07-01,17:55:00,32.52,32.58,32.52,32.58,3650,0
2016-07-01,18:00:00,32.59,32.61,32.56,32.57,3484,0
2016-07-01,18:05:00,32.58,32.58,32.5,32.51,9300,0
2016-07-01,18:10:00,32.51,32.52,32.47,32.47,3300,0
2016-07-01,18:15:00,32.47,32.49,32.46,32.49,5200,0
2016-07-01,18:20:00,32.49,32.49,32.46,32.47,1400,0
2016-07-01,18:25:00,32.46,32.46,32.41,32.41,3800,0
2016-07-01,18:30:00,32.41,32.41,32.3701,32.3701,1904,0
2016-07-01,18:35:00,32.38,32.39,32.36,32.37,3665,0
2016-07-01,18:40:00,32.37,32.38,32.35,32.35,3000,0
2016-07-01,18:45:00,32.34,32.42,32.34,32.41,4000,0
2016-07-01,18:50:00,32.41,32.41,32.34,32.3489,1800,0
2016-07-01,18:55:00,32.34,32.34,32.31,32.34,2280,0
2016-07-01,19:00:00,32.35,32.4,32.35,32.39,1400,0
2016-07-01,19:05:00,32.41,32.43,32.4,32.43,3647,0
2016-07-01,19:10:00,32.44,32.44,32.39,32.39,4563,0
2016-07-01,19:15:00,32.41,32.42,32.365,32.385,5112,0
2016-07-01,19:20:00,32.39,32.41,32.35,32.38,16000,0
2016-07-01,19:25:00,32.39,32.39,32.343,32.355,2150,0
2016-07-01,19:30:00,32.34,32.34,32.3,32.3,5400,0
2016-07-01,19:35:00,32.29,32.29,32.26,32.27,4000,0
2016-07-01,19:40:00,32.28,32.285,32.25,32.26,4511,0
2016-07-01,19:45:00,32.3,32.32,32.29,32.31,2132,0
2016-07-01,19:50:00,32.31,32.33,32.27,32.32,8000,0
2016-07-01,19:55:00,32.33,32.38,32.32,32.36,3500,0
2016-07-01,20:00:00,32.37,32.42,32.36,32.4,5299,0
2016-07-01,20:05:00,32.41,32.41,32.33,32.34,8000,0
2016-07-01,20:10:00,32.33,32.35,32.31,32.35,8808,0
2016-07-01,20:15:00,32.35,32.35,32.27,32.29,5701,0
2016-07-01,20:20:00,32.29,32.32,32.28,32.3,3000,0
2016-07-01,20:25:00,32.3,32.31,32.3,32.31,2200,0
2016-07-01,20:30:00,32.31,32.31,32.29,32.2999,2300,0
2016-07-01,20:35:00,32.3,32.3,32.28,32.28,3000,0
2016-07-01,20:40:00,32.29,32.3,32.26,32.26,2575,0
2016-07-01,20:45:00,32.26,32.28,32.26,32.27,3044,0
2016-07-01,20:50:00,32.27,32.27,32.26,32.26,1900,0
2016-07-01,20:55:00,32.24,32.26,32.24,32.26,3231,0
2016-07-01,21:00:00,32.26,32.26,32.24,32.26,2000,0
2016-07-01,21:05:00,32.26,32.3,32.26,32.3,4718,0
2016-07-01,21:10:00,32.31,32.36,32.31,32.36,4500,0
2016-07-01,21:15:00,32.37,32.39,32.37,32.38,1600,0
2016-07-01,21:20:00,32.38,32.4,32.37,32.37,3100,0
2016-07-01,21:25:00,32.37,32.37,32.33,32.33,3300,0
2016-07-01,21:30:00,32.29,32.32,32.26,32.31,6918,0
2016-07-01,21:35:00,32.3,32.32,32.29,32.3,4090,0
2016-07-01,21:40:00,32.3,32.32,32.24,32.25,8753,0
2016-07-01,21:45:00,32.26,32.33,32.26,32.33,5609,0
2016-07-01,21:50:00,32.34,32.34,32.31,32.34,4730,0
2016-07-01,21:55:00,32.34,32.39,32.34,32.36,13834,0
2016-07-01,22:00:00,32.34,32.4,32.34,32.36,74286,0
