Date,Time,Open,High,Low,Close,Volume,OpenInt
2016-06-16,15:35:00,5.38,5.45,5.38,5.38,4651,0
2016-06-16,15:40:00,5.39,5.399,5.39,5.399,3500,0
2016-06-16,15:45:00,5.4,5.43,5.36,5.36,7900,0
2016-06-16,15:50:00,5.37,5.44,5.35,5.37,4699,0
2016-06-16,15:55:00,5.377,5.405,5.37,5.4,2980,0
2016-06-16,16:00:00,5.417,5.42,5.35,5.365,5700,0
2016-06-16,16:05:00,5.35,5.39,5.35,5.36,3765,0
2016-06-16,16:10:00,5.37,5.37,5.33,5.34,9035,0
2016-06-16,16:15:00,5.36,5.36,5.35,5.36,2500,0
2016-06-16,16:20:00,5.36,5.36,5.36,5.36,100,0
2016-06-16,16:25:00,5.36,5.36,5.34,5.35,1100,0
2016-06-16,16:30:00,5.34,5.345,5.33,5.33,1900,0
2016-06-16,16:35:00,5.34,5.34,5.335,5.335,500,0
2016-06-16,16:45:00,5.33,5.34,5.33,5.34,1200,0
2016-06-16,16:50:00,5.35,5.35,5.35,5.35,100,0
2016-06-16,16:55:00,5.35,5.35,5.338,5.35,14400,0
2016-06-16,17:00:00,5.35,5.35,5.3484,5.3484,13000,0
2016-06-16,17:05:00,5.35,5.35,5.34,5.35,16791,0
2016-06-16,17:10:00,5.35,5.37,5.33,5.37,6200,0
2016-06-16,17:15:00,5.35,5.36,5.34,5.34,4117,0
2016-06-16,17:20:00,5.35,5.36,5.35,5.355,1200,0
2016-06-16,17:25:00,5.36,5.38,5.35,5.35,7500,0
2016-06-16,17:30:00,5.35,5.39,5.35,5.39,2400,0
2016-06-16,17:35:00,5.4,5.4,5.39,5.3925,4300,0
2016-06-16,17:40:00,5.4,5.4,5.4,5.4,800,0
2016-06-16,17:45:00,5.3978,5.399,5.397,5.399,2300,0
2016-06-16,17:50:00,5.4,5.4,5.4,5.4,1600,0
2016-06-16,17:55:00,5.39,5.39,5.39,5.39,400,0
2016-06-16,18:00:00,5.39,5.395,5.39,5.39,7178,0
2016-06-16,18:05:00,5.39,5.4,5.39,5.4,2900,0
2016-06-16,18:10:00,5.4,5.41,5.4,5.41,5900,0
2016-06-16,18:15:00,5.42,5.42,5.42,5.42,1600,0
2016-06-16,18:20:00,5.42,5.42,5.41,5.41,1700,0
2016-06-16,18:25:00,5.419,5.42,5.419,5.42,4700,0
2016-06-16,18:30:00,5.42,5.44,5.42,5.44,1700,0
2016-06-16,18:35:00,5.45,5.45,5.45,5.45,300,0
2016-06-16,18:40:00,5.4416,5.45,5.44,5.45,7200,0
2016-06-16,18:45:00,5.45,5.45,5.45,5.45,5400,0
2016-06-16,18:50:00,5.45,5.45,5.445,5.45,600,0
2016-06-16,18:55:00,5.45,5.45,5.445,5.45,1600,0
2016-06-16,19:00:00,5.45,5.45,5.45,5.45,2600,0
2016-06-16,19:05:00,5.45,5.45,5.445,5.45,5000,0
2016-06-16,19:10:00,5.45,5.45,5.45,5.45,1100,0
2016-06-16,19:15:00,5.445,5.45,5.44,5.45,6680,0
2016-06-16,19:20:00,5.45,5.45,5.445,5.445,400,0
2016-06-16,19:25:00,5.45,5.45,5.45,5.45,500,0
2016-06-16,19:30:00,5.44,5.445,5.44,5.44,1014,0
2016-06-16,19:35:00,5.44,5.45,5.44,5.445,4500,0
2016-06-16,19:40:00,5.445,5.45,5.445,5.45,1500,0
2016-06-16,19:45:00,5.45,5.45,5.45,5.45,300,0
2016-06-16,19:50:00,5.445,5.45,5.44,5.445,14200,0
2016-06-16,19:55:00,5.44,5.45,5.44,5.45,11100,0
2016-06-16,20:00:00,5.4492,5.455,5.449,5.45,20400,0
2016-06-16,20:10:00,5.455,5.46,5.455,5.46,500,0
2016-06-16,20:15:00,5.46,5.47,5.46,5.47,8699,0
2016-06-16,20:20:00,5.465,5.47,5.465,5.47,2100,0
2016-06-16,20:25:00,5.47,5.47,5.47,5.47,599,0
2016-06-16,20:30:00,5.47,5.47,5.46,5.465,800,0
2016-06-16,20:35:00,5.46,5.47,5.46,5.46,1300,0
2016-06-16,20:40:00,5.456,5.46,5.45,5.46,2050,0
2016-06-16,20:45:00,5.46,5.47,5.46,5.46,7996,0
2016-06-16,20:50:00,5.465,5.47,5.465,5.47,500,0
2016-06-16,20:55:00,5.47,5.475,5.465,5.47,5100,0
2016-06-16,21:00:00,5.47,5.48,5.46,5.48,1600,0
2016-06-16,21:05:00,5.475,5.485,5.47,5.48,15516,0
2016-06-16,21:10:00,5.475,5.48,5.475,5.475,900,0
2016-06-16,21:15:00,5.48,5.48,5.47,5.48,800,0
2016-06-16,21:20:00,5.47,5.48,5.46,5.465,6938,0
2016-06-16,21:25:00,5.465,5.465,5.46,5.46,1000,0
2016-06-16,21:30:00,5.46,5.47,5.46,5.47,900,0
2016-06-16,21:35:00,5.47,5.47,5.465,5.465,898,0
2016-06-16,21:40:00,5.46,5.47,5.46,5.47,1600,0
2016-06-16,21:45:00,5.46,5.47,5.46,5.47,3500,0
2016-06-16,21:50:00,5.47,5.47,5.46,5.47,1831,0
2016-06-16,21:55:00,5.47,5.47,5.46,5.46,3993,0
2016-06-16,22:00:00,5.465,5.47,5.46,5.47,27519,0
2016-06-17,15:35:00,5.49,5.529,5.465,5.49,112869,0
2016-06-17,15:40:00,5.46,5.51,5.46,5.51,9486,0
2016-06-17,15:45:00,5.51,5.53,5.51,5.52,5400,0
2016-06-17,15:50:00,5.52,5.52,5.5,5.5,1200,0
2016-06-17,15:55:00,5.505,5.52,5.49,5.51,13023,0
2016-06-17,16:00:00,5.51,5.51,5.47,5.47,5800,0
2016-06-17,16:05:00,5.48,5.5,5.47,5.5,900,0
2016-06-17,16:10:00,5.47,5.51,5.47,5.5,1300,0
2016-06-17,16:15:00,5.51,5.52,5.5,5.52,2092,0
2016-06-17,16:20:00,5.52,5.52,5.5,5.52,2300,0
2016-06-17,16:25:00,5.51,5.515,5.5,5.5,1700,0
2016-06-17,16:30:00,5.51,5.51,5.5,5.509,1400,0
2016-06-17,16:35:00,5.5,5.509,5.48,5.5,6699,0
2016-06-17,16:40:00,5.48,5.505,5.48,5.5,4919,0
2016-06-17,16:45:00,5.5,5.5,5.495,5.499,600,0
2016-06-17,16:50:00,5.49,5.52,5.49,5.52,3300,0
2016-06-17,16:55:00,5.515,5.53,5.515,5.53,3300,0
2016-06-17,17:00:00,5.54,5.54,5.53,5.53,2000,0
2016-06-17,17:05:00,5.54,5.54,5.525,5.54,2700,0
2016-06-17,17:10:00,5.54,5.54,5.53,5.53,900,0
2016-06-17,17:15:00,5.53,5.53,5.5225,5.53,2500,0
2016-06-17,17:20:00,5.53,5.53,5.52,5.52,1946,0
2016-06-17,17:25:00,5.52,5.53,5.52,5.53,2220,0
2016-06-17,17:30:00,5.53,5.53,5.52,5.52,3900,0
2016-06-17,17:35:00,5.52,5.529,5.52,5.52,1500,0
2016-06-17,17:40:00,5.52,5.52,5.51,5.51,800,0
2016-06-17,17:45:00,5.51,5.52,5.51,5.52,4216,0
2016-06-17,17:50:00,5.52,5.53,5.52,5.53,470,0
2016-06-17,17:55:00,5.53,5.54,5.53,5.535,830,0
2016-06-17,18:00:00,5.54,5.54,5.535,5.535,400,0
2016-06-17,18:05:00,5.535,5.535,5.53,5.53,4302,0
2016-06-17,18:10:00,5.53,5.53,5.53,5.53,2600,0
2016-06-17,18:15:00,5.52,5.54,5.52,5.53,6918,0
2016-06-17,18:20:00,5.535,5.539,5.53,5.53,800,0
2016-06-17,18:25:00,5.54,5.54,5.52,5.525,4168,0
2016-06-17,18:30:00,5.53,5.53,5.53,5.53,800,0
2016-06-17,18:35:00,5.53,5.54,5.53,5.53,800,0
2016-06-17,18:40:00,5.53,5.54,5.53,5.53,1552,0
2016-06-17,18:45:00,5.53,5.535,5.53,5.535,1500,0
2016-06-17,18:50:00,5.535,5.535,5.53,5.535,1000,0
2016-06-17,18:55:00,5.53,5.53,5.52,5.52,6100,0
2016-06-17,19:00:00,5.51,5.515,5.51,5.51,1300,0
2016-06-17,19:05:00,5.51,5.52,5.5,5.505,4990,0
2016-06-17,19:10:00,5.5,5.515,5.5,5.51,1900,0
2016-06-17,19:15:00,5.51,5.51,5.51,5.51,200,0
2016-06-17,19:20:00,5.51,5.51,5.51,5.51,600,0
2016-06-17,19:25:00,5.52,5.52,5.5,5.5,900,0
2016-06-17,19:30:00,5.51,5.53,5.51,5.5299,10400,0
2016-06-17,19:35:00,5.52,5.525,5.52,5.525,800,0
2016-06-17,19:40:00,5.52,5.53,5.52,5.53,1000,0
2016-06-17,19:45:00,5.52,5.66,5.52,5.5714,64544,0
2016-06-17,19:50:00,5.58,5.6,5.58,5.6,3700,0
2016-06-17,19:55:00,5.6,5.6,5.5999,5.5999,3800,0
2016-06-17,20:00:00,5.6,5.6,5.59,5.59,700,0
2016-06-17,20:05:00,5.59,5.6,5.59,5.59,1600,0
2016-06-17,20:10:00,5.59,5.6,5.59,5.6,1100,0
2016-06-17,20:15:00,5.59,5.605,5.59,5.6,8800,0
2016-06-17,20:20:00,5.61,5.61,5.61,5.61,800,0
2016-06-17,20:25:00,5.61,5.61,5.61,5.61,3000,0
2016-06-17,20:30:00,5.61,5.61,5.61,5.61,800,0
2016-06-17,20:35:00,5.61,5.61,5.61,5.61,5200,0
2016-06-17,20:40:00,5.61,5.61,5.61,5.61,1590,0
2016-06-17,20:45:00,5.605,5.61,5.605,5.61,4345,0
2016-06-17,20:50:00,5.61,5.615,5.605,5.61,13645,0
2016-06-17,20:55:00,5.61,5.63,5.61,5.63,8022,0
2016-06-17,21:00:00,5.625,5.63,5.625,5.63,14600,0
2016-06-17,21:05:00,5.625,5.63,5.62,5.625,16700,0
2016-06-17,21:10:00,5.625,5.63,5.62,5.62,16800,0
2016-06-17,21:15:00,5.625,5.63,5.625,5.625,18800,0
2016-06-17,21:20:00,5.625,5.63,5.62,5.625,25942,0
2016-06-17,21:25:00,5.625,5.63,5.62,5.625,20500,0
2016-06-17,21:30:00,5.63,5.63,5.62,5.625,24300,0
2016-06-17,21:35:00,5.625,5.63,5.62,5.63,27201,0
2016-06-17,21:40:00,5.63,5.72,5.625,5.72,43930,0
2016-06-17,21:45:00,5.72,5.76,5.72,5.75,46263,0
2016-06-17,21:50:00,5.75,5.8,5.745,5.8,34148,0
2016-06-17,21:55:00,5.79,5.79,5.69,5.76,54299,0
2016-06-17,22:00:00,5.75,5.76,5.72,5.72,172537,0
2016-06-20,15:35:00,5.83,5.89,5.8,5.88,20981,0
2016-06-20,15:40:00,5.86,5.88,5.82,5.84,10120,0
2016-06-20,15:45:00,5.82,5.83,5.78,5.8,7527,0
2016-06-20,15:50:00,5.8,5.8,5.79,5.8,4306,0
2016-06-20,15:55:00,5.8,5.81,5.79,5.8,3011,0
2016-06-20,16:00:00,5.8,5.81,5.8,5.8,2300,0
2016-06-20,16:05:00,5.8,5.81,5.8,5.8,5100,0
2016-06-20,16:10:00,5.8,5.81,5.78,5.81,7489,0
2016-06-20,16:15:00,5.82,5.83,5.8,5.8,2500,0
2016-06-20,16:20:00,5.8,5.8,5.77,5.79,6000,0
2016-06-20,16:25:00,5.795,5.81,5.795,5.81,7900,0
2016-06-20,16:30:00,5.82,5.82,5.81,5.81,2700,0
2016-06-20,16:35:00,5.8,5.8,5.79,5.8,6200,0
2016-06-20,16:40:00,5.795,5.8,5.78,5.78,2200,0
2016-06-20,16:45:00,5.78,5.81,5.78,5.8,6287,0
2016-06-20,16:50:00,5.8,5.81,5.79,5.79,2800,0
2016-06-20,16:55:00,5.8,5.8,5.79,5.795,1400,0
2016-06-20,17:00:00,5.79,5.8,5.78,5.8,3700,0
2016-06-20,17:05:00,5.8,5.81,5.79,5.8,3100,0
2016-06-20,17:10:00,5.79,5.8,5.79,5.8,1000,0
2016-06-20,17:15:00,5.8,5.8,5.79,5.8,900,0
2016-06-20,17:20:00,5.8,5.8,5.79,5.79,2800,0
2016-06-20,17:25:00,5.79,5.8,5.78,5.78,2700,0
2016-06-20,17:30:00,5.78,5.79,5.78,5.78,1700,0
2016-06-20,17:35:00,5.79,5.79,5.78,5.79,1435,0
2016-06-20,17:40:00,5.7887,5.7887,5.78,5.78,4800,0
2016-06-20,17:45:00,5.78,5.78,5.78,5.78,700,0
2016-06-20,17:50:00,5.78,5.78,5.77,5.77,13600,0
2016-06-20,17:55:00,5.78,5.78,5.77,5.78,1700,0
2016-06-20,18:00:00,5.77,5.77,5.77,5.77,600,0
2016-06-20,18:05:00,5.78,5.8,5.78,5.795,3000,0
2016-06-20,18:10:00,5.79,5.79,5.79,5.79,201,0
2016-06-20,18:15:00,5.79,5.8,5.79,5.79,1201,0
2016-06-20,18:25:00,5.78,5.78,5.78,5.78,1000,0
2016-06-20,18:30:00,5.78,5.78,5.77,5.77,700,0
2016-06-20,18:35:00,5.78,5.78,5.77,5.78,1705,0
2016-06-20,18:40:00,5.77,5.779,5.77,5.779,400,0
2016-06-20,18:45:00,5.77,5.77,5.73,5.74,10428,0
2016-06-20,18:50:00,5.745,5.75,5.745,5.75,1800,0
2016-06-20,18:55:00,5.75,5.76,5.75,5.76,599,0
2016-06-20,19:00:00,5.76,5.76,5.75,5.75,400,0
2016-06-20,19:05:00,5.76,5.76,5.75,5.75,1000,0
2016-06-20,19:10:00,5.75,5.75,5.75,5.75,700,0
2016-06-20,19:15:00,5.75,5.759,5.75,5.75,3400,0
2016-06-20,19:20:00,5.75,5.7578,5.75,5.75,9300,0
2016-06-20,19:25:00,5.75,5.751,5.72,5.72,11986,0
2016-06-20,19:30:00,5.73,5.74,5.72,5.72,3200,0
2016-06-20,19:35:00,5.72,5.72,5.72,5.72,1600,0
2016-06-20,19:45:00,5.719,5.72,5.71,5.71,2500,0
2016-06-20,19:50:00,5.71,5.715,5.71,5.715,1200,0
2016-06-20,19:55:00,5.715,5.73,5.715,5.73,3900,0
2016-06-20,20:00:00,5.73,5.75,5.7125,5.75,3920,0
2016-06-20,20:05:00,5.74,5.74,5.72,5.72,7465,0
2016-06-20,20:10:00,5.72,5.74,5.72,5.74,1934,0
2016-06-20,20:15:00,5.74,5.74,5.73,5.73,1937,0
2016-06-20,20:20:00,5.72,5.73,5.71,5.725,1900,0
2016-06-20,20:25:00,5.73,5.73,5.72,5.73,2579,0
2016-06-20,20:30:00,5.73,5.73,5.71,5.72,5804,0
2016-06-20,20:35:00,5.73,5.73,5.72,5.72,2084,0
2016-06-20,20:40:00,5.72,5.72,5.71,5.71,2611,0
2016-06-20,20:45:00,5.71,5.71,5.7,5.705,2100,0
2016-06-20,20:50:00,5.7,5.7,5.7,5.7,1913,0
2016-06-20,20:55:00,5.705,5.71,5.7,5.71,700,0
2016-06-20,21:00:00,5.705,5.71,5.7,5.71,300,0
2016-06-20,21:05:00,5.71,5.71,5.7,5.7,400,0
2016-06-20,21:10:00,5.7,5.705,5.69,5.69,6200,0
2016-06-20,21:15:00,5.68,5.6944,5.67,5.68,3200,0
2016-06-20,21:20:00,5.69,5.695,5.68,5.69,1182,0
2016-06-20,21:25:00,5.69,5.6901,5.68,5.68,1700,0
2016-06-20,21:30:00,5.68,5.69,5.68,5.68,2145,0
2016-06-20,21:35:00,5.68,5.7,5.67,5.69,9800,0
2016-06-20,21:40:00,5.7,5.705,5.68,5.68,2900,0
2016-06-20,21:45:00,5.68,5.69,5.68,5.685,1003,0
2016-06-20,21:50:00,5.68,5.69,5.675,5.68,10749,0
2016-06-20,21:55:00,5.68,5.7,5.68,5.69,6493,0
2016-06-20,22:00:00,5.695,5.7,5.68,5.68,19723,0
2016-06-21,15:35:00,5.75,5.75,5.71,5.71,7157,0
2016-06-21,15:40:00,5.7,5.7,5.67,5.67,10634,0
2016-06-21,15:45:00,5.67,5.67,5.66,5.665,3155,0
2016-06-21,15:50:00,5.665,5.7,5.665,5.7,11700,0
2016-06-21,15:55:00,5.695,5.7099,5.695,5.705,2654,0
2016-06-21,16:00:00,5.705,5.705,5.69,5.69,1100,0
2016-06-21,16:05:00,5.7,5.71,5.66,5.66,4800,0
2016-06-21,16:10:00,5.665,5.665,5.63,5.63,5465,0
2016-06-21,16:15:00,5.64,5.65,5.64,5.65,2621,0
2016-06-21,16:20:00,5.64,5.64,5.63,5.64,1700,0
2016-06-21,16:25:00,5.63,5.63,5.59,5.6,11800,0
2016-06-21,16:30:00,5.6,5.61,5.6,5.61,5600,0
2016-06-21,16:35:00,5.62,5.62,5.615,5.615,1800,0
2016-06-21,16:40:00,5.61,5.61,5.58,5.58,4600,0
2016-06-21,16:45:00,5.58,5.58,5.55,5.55,4900,0
2016-06-21,16:50:00,5.55,5.555,5.545,5.55,3000,0
2016-06-21,16:55:00,5.545,5.55,5.54,5.55,3800,0
2016-06-21,17:00:00,5.56,5.56,5.55,5.556,11846,0
2016-06-21,17:05:00,5.555,5.56,5.555,5.56,2700,0
2016-06-21,17:10:00,5.57,5.58,5.57,5.58,961,0
2016-06-21,17:15:00,5.5666,5.5666,5.55,5.55,2100,0
2016-06-21,17:20:00,5.559,5.56,5.55,5.55,2500,0
2016-06-21,17:25:00,5.55,5.56,5.55,5.56,1725,0
2016-06-21,17:30:00,5.56,5.56,5.56,5.56,2900,0
2016-06-21,17:35:00,5.56,5.57,5.56,5.56,1800,0
2016-06-21,17:40:00,5.55,5.55,5.54,5.55,9571,0
2016-06-21,17:45:00,5.559,5.56,5.559,5.56,1200,0
2016-06-21,17:50:00,5.56,5.56,5.55,5.559,2905,0
2016-06-21,17:55:00,5.5507,5.56,5.55,5.55,5100,0
2016-06-21,18:00:00,5.55,5.5525,5.55,5.55,700,0
2016-06-21,18:05:00,5.55,5.58,5.55,5.57,3000,0
2016-06-21,18:10:00,5.577,5.58,5.57,5.57,4275,0
2016-06-21,18:15:00,5.57,5.57,5.57,5.57,662,0
2016-06-21,18:20:00,5.56,5.565,5.56,5.56,1000,0
2016-06-21,18:25:00,5.57,5.57,5.56,5.565,1500,0
2016-06-21,18:30:00,5.565,5.57,5.56,5.565,1068,0
2016-06-21,18:35:00,5.57,5.57,5.565,5.57,600,0
2016-06-21,18:40:00,5.57,5.57,5.56,5.56,1000,0
2016-06-21,18:45:00,5.56,5.58,5.56,5.58,6868,0
2016-06-21,18:50:00,5.57,5.57,5.57,5.57,200,0
2016-06-21,18:55:00,5.565,5.57,5.555,5.57,3700,0
2016-06-21,19:00:00,5.56,5.57,5.56,5.57,200,0
2016-06-21,19:05:00,5.57,5.57,5.57,5.57,200,0
2016-06-21,19:10:00,5.565,5.57,5.56,5.56,700,0
2016-06-21,19:15:00,5.565,5.565,5.55,5.55,2628,0
2016-06-21,19:20:00,5.54,5.54,5.54,5.54,200,0
2016-06-21,19:25:00,5.54,5.54,5.53,5.54,3000,0
2016-06-21,19:30:00,5.53,5.535,5.53,5.53,1900,0
2016-06-21,19:35:00,5.53,5.54,5.53,5.535,3764,0
2016-06-21,19:40:00,5.53,5.53,5.515,5.52,16801,0
2016-06-21,19:50:00,5.52,5.525,5.52,5.525,1000,0
2016-06-21,19:55:00,5.52,5.52,5.52,5.52,100,0
2016-06-21,20:00:00,5.52,5.5299,5.515,5.5299,8373,0
2016-06-21,20:05:00,5.53,5.53,5.53,5.53,300,0
2016-06-21,20:10:00,5.53,5.53,5.53,5.53,200,0
2016-06-21,20:15:00,5.52,5.525,5.52,5.52,700,0
2016-06-21,20:20:00,5.52,5.52,5.52,5.52,2200,0
2016-06-21,20:25:00,5.52,5.52,5.51,5.52,400,0
2016-06-21,20:30:00,5.52,5.53,5.52,5.53,5355,0
2016-06-21,20:35:00,5.54,5.55,5.54,5.54,2200,0
2016-06-21,20:40:00,5.55,5.56,5.55,5.56,922,0
2016-06-21,20:45:00,5.557,5.5611,5.55,5.56,6000,0
2016-06-21,20:50:00,5.557,5.56,5.557,5.56,1652,0
2016-06-21,20:55:00,5.56,5.56,5.56,5.56,200,0
2016-06-21,21:00:00,5.56,5.56,5.55,5.55,2100,0
2016-06-21,21:05:00,5.55,5.555,5.55,5.55,2200,0
2016-06-21,21:10:00,5.55,5.57,5.55,5.57,4370,0
2016-06-21,21:15:00,5.58,5.61,5.58,5.61,6926,0
2016-06-21,21:20:00,5.61,5.61,5.6,5.61,1200,0
2016-06-21,21:25:00,5.6,5.6,5.57,5.57,4500,0
2016-06-21,21:30:00,5.57,5.57,5.57,5.57,200,0
2016-06-21,21:35:00,5.56,5.5901,5.56,5.58,9533,0
2016-06-21,21:40:00,5.59,5.59,5.57,5.58,3665,0
2016-06-21,21:45:00,5.57,5.58,5.57,5.58,1529,0
2016-06-21,21:50:00,5.58,5.58,5.57,5.57,2629,0
2016-06-21,21:55:00,5.58,5.61,5.575,5.61,11477,0
2016-06-21,22:00:00,5.6,5.61,5.59,5.61,36222,0
2016-06-22,15:35:00,5.66,5.735,5.62,5.63,13552,0
2016-06-22,15:40:00,5.63,5.6841,5.6,5.63,13400,0
2016-06-22,15:45:00,5.6,5.63,5.6,5.61,2400,0
2016-06-22,15:50:00,5.61,5.62,5.6,5.605,6200,0
2016-06-22,15:55:00,5.61,5.61,5.6,5.6,2700,0
2016-06-22,16:00:00,5.61,5.61,5.6,5.6,2300,0
2016-06-22,16:05:00,5.6,5.62,5.6,5.61,8673,0
2016-06-22,16:10:00,5.61,5.61,5.59,5.6,18433,0
2016-06-22,16:15:00,5.585,5.62,5.58,5.62,53600,0
2016-06-22,16:20:00,5.61,5.62,5.6,5.6,5300,0
2016-06-22,16:25:00,5.61,5.61,5.6,5.6,9675,0
2016-06-22,16:30:00,5.6,5.61,5.58,5.58,11275,0
2016-06-22,16:35:00,5.5965,5.5965,5.5799,5.5899,11405,0
2016-06-22,16:40:00,5.6,5.6,5.585,5.585,26320,0
2016-06-22,16:45:00,5.585,5.6,5.585,5.59,47706,0
2016-06-22,16:50:00,5.59,5.59,5.585,5.585,10837,0
2016-06-22,16:55:00,5.585,5.59,5.58,5.585,72207,0
2016-06-22,17:00:00,5.585,5.585,5.58,5.585,2300,0
2016-06-22,17:05:00,5.585,5.59,5.58,5.585,4532,0
2016-06-22,17:10:00,5.585,5.59,5.58,5.58,5000,0
2016-06-22,17:15:00,5.585,5.59,5.57,5.58,9062,0
2016-06-22,17:20:00,5.58,5.59,5.58,5.58,22901,0
2016-06-22,17:25:00,5.585,5.59,5.58,5.59,14301,0
2016-06-22,17:30:00,5.59,5.5983,5.58,5.59,3400,0
2016-06-22,17:35:00,5.59,5.595,5.57,5.57,2100,0
2016-06-22,17:40:00,5.58,5.59,5.575,5.59,7700,0
2016-06-22,17:45:00,5.59,5.6,5.58,5.58,3600,0
2016-06-22,17:50:00,5.587,5.6,5.587,5.59,33300,0
2016-06-22,17:55:00,5.59,5.59,5.58,5.59,5400,0
2016-06-22,18:00:00,5.59,5.595,5.58,5.59,4700,0
2016-06-22,18:05:00,5.595,5.595,5.5799,5.59,4200,0
2016-06-22,18:10:00,5.585,5.59,5.575,5.58,2726,0
2016-06-22,18:15:00,5.58,5.58,5.57,5.58,400,0
2016-06-22,18:20:00,5.58,5.585,5.5701,5.585,4500,0
2016-06-22,18:25:00,5.59,5.59,5.57,5.57,3500,0
2016-06-22,18:30:00,5.58,5.58,5.57,5.58,600,0
2016-06-22,18:35:00,5.58,5.59,5.57,5.59,4390,0
2016-06-22,18:40:00,5.59,5.6,5.58,5.59,3100,0
2016-06-22,18:45:00,5.58,5.59,5.58,5.58,3785,0
2016-06-22,18:50:00,5.58,5.58,5.57,5.58,1435,0
2016-06-22,18:55:00,5.575,5.575,5.57,5.57,700,0
2016-06-22,19:00:00,5.57,5.57,5.56,5.56,2000,0
2016-06-22,19:05:00,5.57,5.57,5.56,5.56,1100,0
2016-06-22,19:10:00,5.56,5.56,5.54,5.55,4880,0
2016-06-22,19:15:00,5.54,5.545,5.54,5.54,800,0
2016-06-22,19:20:00,5.54,5.55,5.54,5.54,4035,0
2016-06-22,19:25:00,5.54,5.54,5.535,5.535,1300,0
2016-06-22,19:30:00,5.535,5.54,5.53,5.535,2400,0
2016-06-22,19:35:00,5.54,5.54,5.53,5.54,1410,0
2016-06-22,19:40:00,5.54,5.54,5.52,5.525,2600,0
2016-06-22,19:45:00,5.525,5.525,5.52,5.52,1800,0
2016-06-22,19:50:00,5.515,5.52,5.5,5.52,9820,0
2016-06-22,19:55:00,5.52,5.53,5.515,5.52,1300,0
2016-06-22,20:00:00,5.53,5.53,5.51,5.51,8805,0
2016-06-22,20:05:00,5.515,5.52,5.5,5.51,8040,0
2016-06-22,20:10:00,5.51,5.52,5.51,5.51,5440,0
2016-06-22,20:15:00,5.52,5.52,5.46,5.46,18237,0
2016-06-22,20:20:00,5.475,5.485,5.47,5.47,4187,0
2016-06-22,20:25:00,5.47,5.48,5.47,5.475,1100,0
2016-06-22,20:30:00,5.47,5.5,5.47,5.49,3485,0
2016-06-22,20:35:00,5.5,5.5,5.46,5.46,6385,0
2016-06-22,20:40:00,5.47,5.48,5.46,5.46,5300,0
2016-06-22,20:45:00,5.47,5.485,5.46,5.485,9706,0
2016-06-22,20:50:00,5.48,5.5,5.47,5.5,4064,0
2016-06-22,20:55:00,5.5,5.5,5.48,5.49,6800,0
2016-06-22,21:00:00,5.49,5.5,5.48,5.48,10507,0
2016-06-22,21:05:00,5.48,5.48,5.46,5.48,7200,0
2016-06-22,21:10:00,5.46,5.48,5.46,5.47,12160,0
2016-06-22,21:15:00,5.47,5.47,5.46,5.4625,4100,0
2016-06-22,21:20:00,5.47,5.47,5.46,5.47,3660,0
2016-06-22,21:25:00,5.46,5.47,5.46,5.47,1800,0
2016-06-22,21:30:00,5.47,5.47,5.46,5.465,20995,0
2016-06-22,21:35:00,5.47,5.47,5.46,5.47,6252,0
2016-06-22,21:40:00,5.475,5.48,5.46,5.47,4100,0
2016-06-22,21:45:00,5.48,5.49,5.47,5.49,5500,0
2016-06-22,21:50:00,5.49,5.5,5.48,5.48,27800,0
2016-06-22,21:55:00,5.49,5.5,5.46,5.4615,20893,0
2016-06-22,22:00:00,5.47,5.47,5.45,5.47,32669,0
2016-06-23,15:35:00,5.51,5.53,5.49,5.53,16625,0
2016-06-23,15:40:00,5.53,5.56,5.53,5.55,11050,0
2016-06-23,15:45:00,5.55,5.55,5.54,5.54,4473,0
2016-06-23,15:50:00,5.55,5.57,5.55,5.57,5500,0
2016-06-23,15:55:00,5.58,5.58,5.56,5.57,11545,0
2016-06-23,16:00:00,5.56,5.58,5.56,5.57,5900,0
2016-06-23,16:05:00,5.59,5.59,5.57,5.58,7940,0
2016-06-23,16:10:00,5.59,5.6,5.59,5.6,3150,0
2016-06-23,16:15:00,5.6,5.6,5.58,5.59,2600,0
2016-06-23,16:20:00,5.585,5.585,5.58,5.585,3000,0
2016-06-23,16:25:00,5.585,5.59,5.585,5.585,6100,0
2016-06-23,16:30:00,5.585,5.6,5.585,5.59,14922,0
2016-06-23,16:35:00,5.6,5.6,5.595,5.595,2000,0
2016-06-23,16:40:00,5.595,5.6,5.595,5.6,1200,0
2016-06-23,16:45:00,5.6,5.6,5.592,5.6,1700,0
2016-06-23,16:50:00,5.6,5.6,5.595,5.6,1300,0
2016-06-23,16:55:00,5.595,5.6,5.595,5.6,1800,0
2016-06-23,17:00:00,5.6,5.605,5.595,5.6,7800,0
2016-06-23,17:05:00,5.6,5.6,5.575,5.575,3900,0
2016-06-23,17:10:00,5.58,5.61,5.58,5.61,1300,0
2016-06-23,17:15:00,5.59,5.6,5.59,5.59,1200,0
2016-06-23,17:20:00,5.6,5.64,5.6,5.64,10428,0
2016-06-23,17:25:00,5.64,5.645,5.63,5.63,2100,0
2016-06-23,17:30:00,5.62,5.62,5.59,5.6,6600,0
2016-06-23,17:35:00,5.6,5.6,5.59,5.595,734,0
2016-06-23,17:40:00,5.595,5.6,5.59,5.59,1500,0
2016-06-23,17:45:00,5.595,5.595,5.59,5.595,700,0
2016-06-23,17:50:00,5.595,5.595,5.58,5.58,5400,0
2016-06-23,17:55:00,5.59,5.6,5.57,5.6,2900,0
2016-06-23,18:00:00,5.6,5.61,5.59,5.6,2047,0
2016-06-23,18:05:00,5.59,5.6,5.59,5.59,400,0
2016-06-23,18:10:00,5.595,5.6,5.59,5.6,1500,0
2016-06-23,18:15:00,5.59,5.6,5.59,5.59,4600,0
2016-06-23,18:20:00,5.59,5.595,5.59,5.59,1400,0
2016-06-23,18:25:00,5.59,5.62,5.57,5.62,27471,0
2016-06-23,18:30:00,5.6175,5.66,5.6175,5.65,1400,0
2016-06-23,18:35:00,5.65,5.66,5.645,5.66,1900,0
2016-06-23,18:40:00,5.67,5.67,5.65,5.65,12664,0
2016-06-23,18:45:00,5.645,5.66,5.645,5.655,700,0
2016-06-23,18:50:00,5.66,5.67,5.65,5.65,500,0
2016-06-23,18:55:00,5.66,5.67,5.65,5.66,1000,0
2016-06-23,19:00:00,5.65,5.655,5.65,5.655,400,0
2016-06-23,19:05:00,5.66,5.66,5.65,5.66,4500,0
2016-06-23,19:10:00,5.66,5.66,5.66,5.66,1100,0
2016-06-23,19:15:00,5.66,5.66,5.64,5.64,7498,0
2016-06-23,19:20:00,5.65,5.66,5.65,5.65,2528,0
2016-06-23,19:25:00,5.65,5.655,5.64,5.64,5400,0
2016-06-23,19:30:00,5.66,5.66,5.64,5.65,1200,0
2016-06-23,19:35:00,5.645,5.645,5.64,5.64,200,0
2016-06-23,19:40:00,5.645,5.65,5.645,5.65,900,0
2016-06-23,19:45:00,5.645,5.645,5.64,5.645,300,0
2016-06-23,19:50:00,5.65,5.65,5.6416,5.6416,1400,0
2016-06-23,19:55:00,5.645,5.65,5.64,5.65,2375,0
2016-06-23,20:00:00,5.65,5.65,5.645,5.65,500,0
2016-06-23,20:05:00,5.65,5.65,5.63,5.63,5100,0
2016-06-23,20:10:00,5.63,5.635,5.63,5.635,500,0
2016-06-23,20:15:00,5.64,5.64,5.63,5.64,600,0
2016-06-23,20:20:00,5.64,5.64,5.635,5.635,400,0
2016-06-23,20:25:00,5.635,5.64,5.635,5.64,200,0
2016-06-23,20:30:00,5.64,5.65,5.64,5.64,1708,0
2016-06-23,20:35:00,5.64,5.645,5.62,5.62,7668,0
2016-06-23,20:40:00,5.615,5.615,5.59,5.59,17600,0
2016-06-23,20:45:00,5.6,5.61,5.59,5.61,80800,0
2016-06-23,20:50:00,5.61,5.64,5.61,5.62,27294,0
2016-06-23,20:55:00,5.62,5.625,5.6,5.61,18499,0
2016-06-23,21:00:00,5.62,5.64,5.62,5.62,3700,0
2016-06-23,21:05:00,5.62,5.63,5.62,5.62,1567,0
2016-06-23,21:10:00,5.625,5.625,5.595,5.6,11200,0
2016-06-23,21:15:00,5.61,5.61,5.6,5.6,6016,0
2016-06-23,21:20:00,5.6,5.61,5.6,5.605,2078,0
2016-06-23,21:25:00,5.615,5.62,5.615,5.62,400,0
2016-06-23,21:30:00,5.615,5.62,5.605,5.61,2300,0
2016-06-23,21:35:00,5.605,5.615,5.6,5.6,11540,0
2016-06-23,21:40:00,5.6,5.6,5.6,5.6,3800,0
2016-06-23,21:45:00,5.6,5.6,5.58,5.58,17115,0
2016-06-23,21:50:00,5.59,5.595,5.59,5.59,3243,0
2016-06-23,21:55:00,5.595,5.6,5.59,5.59,14750,0
2016-06-23,22:00:00,5.59,5.59,5.58,5.585,8697,0
2016-06-24,15:35:00,5.49,5.5,5.428,5.4479,11122,0
2016-06-24,15:40:00,5.42,5.4399,5.42,5.4399,3500,0
2016-06-24,15:45:00,5.4,5.4028,5.4,5.4,4800,0
2016-06-24,15:50:00,5.4,5.4,5.37,5.37,9910,0
2016-06-24,15:55:00,5.37,5.44,5.37,5.4299,7300,0
2016-06-24,16:00:00,5.41,5.41,5.4,5.41,1800,0
2016-06-24,16:05:00,5.4,5.42,5.4,5.41,700,0
2016-06-24,16:10:00,5.42,5.448,5.418,5.43,6400,0
2016-06-24,16:15:00,5.45,5.45,5.45,5.45,100,0
2016-06-24,16:20:00,5.44,5.44,5.42,5.42,13800,0
2016-06-24,16:25:00,5.41,5.41,5.4,5.4,10500,0
2016-06-24,16:30:00,5.41,5.43,5.41,5.42,1612,0
2016-06-24,16:35:00,5.43,5.43,5.41,5.42,5110,0
2016-06-24,16:40:00,5.42,5.42,5.42,5.42,400,0
2016-06-24,16:45:00,5.44,5.44,5.44,5.44,100,0
2016-06-24,16:50:00,5.44,5.44,5.43,5.44,600,0
2016-06-24,16:55:00,5.44,5.44,5.42,5.42,1800,0
2016-06-24,17:00:00,5.42,5.42,5.42,5.42,600,0
2016-06-24,17:05:00,5.44,5.44,5.44,5.44,100,0
2016-06-24,17:10:00,5.42,5.445,5.41,5.43,1300,0
2016-06-24,17:15:00,5.43,5.43,5.43,5.43,912,0
2016-06-24,17:20:00,5.42,5.43,5.42,5.43,2932,0
2016-06-24,17:25:00,5.43,5.44,5.424,5.427,7260,0
2016-06-24,17:30:00,5.42,5.43,5.42,5.42,300,0
2016-06-24,17:35:00,5.43,5.43,5.42,5.42,5189,0
2016-06-24,17:40:00,5.41,5.43,5.41,5.43,800,0
2016-06-24,17:45:00,5.43,5.43,5.43,5.43,1600,0
2016-06-24,17:55:00,5.42,5.43,5.42,5.43,1300,0
2016-06-24,18:00:00,5.42,5.42,5.42,5.42,100,0
2016-06-24,18:05:00,5.42,5.42,5.41,5.41,1100,0
2016-06-24,18:10:00,5.4,5.4,5.4,5.4,800,0
2016-06-24,18:15:00,5.4,5.4,5.37,5.37,2800,0
2016-06-24,18:20:00,5.37,5.39,5.37,5.38,500,0
2016-06-24,18:25:00,5.37,5.38,5.37,5.37,400,0
2016-06-24,18:30:00,5.37,5.38,5.37,5.37,600,0
2016-06-24,18:35:00,5.37,5.37,5.35,5.35,1700,0
2016-06-24,18:40:00,5.36,5.36,5.35,5.36,1457,0
2016-06-24,18:45:00,5.37,5.37,5.36,5.3634,2800,0
2016-06-24,18:50:00,5.36,5.36,5.355,5.36,700,0
2016-06-24,18:55:00,5.35,5.35,5.35,5.35,300,0
2016-06-24,19:00:00,5.35,5.35,5.35,5.35,3688,0
2016-06-24,19:05:00,5.35,5.355,5.35,5.355,200,0
2016-06-24,19:10:00,5.35,5.36,5.35,5.36,1500,0
2016-06-24,19:15:00,5.36,5.36,5.35,5.35,200,0
2016-06-24,19:20:00,5.36,5.37,5.36,5.36,1200,0
2016-06-24,19:25:00,5.3584,5.365,5.3584,5.365,5800,0
2016-06-24,19:30:00,5.37,5.37,5.35,5.355,6528,0
2016-06-24,19:35:00,5.355,5.355,5.355,5.355,865,0
2016-06-24,19:40:00,5.35,5.36,5.34,5.36,14515,0
2016-06-24,19:45:00,5.35,5.35,5.35,5.35,100,0
2016-06-24,19:50:00,5.36,5.37,5.35,5.35,3700,0
2016-06-24,19:55:00,5.34,5.35,5.34,5.35,400,0
2016-06-24,20:00:00,5.34,5.34,5.34,5.34,800,0
2016-06-24,20:05:00,5.345,5.345,5.34,5.34,200,0
2016-06-24,20:10:00,5.35,5.35,5.345,5.35,400,0
2016-06-24,20:15:00,5.345,5.35,5.345,5.35,700,0
2016-06-24,20:20:00,5.36,5.37,5.36,5.37,500,0
2016-06-24,20:25:00,5.36,5.365,5.33,5.35,7393,0
2016-06-24,20:30:00,5.3499,5.35,5.34,5.34,1800,0
2016-06-24,20:35:00,5.34,5.3451,5.34,5.345,1325,0
2016-06-24,20:40:00,5.34,5.34,5.3,5.3,10488,0
2016-06-24,20:45:00,5.3,5.32,5.3,5.32,7497,0
2016-06-24,20:50:00,5.31,5.32,5.31,5.32,1502,0
2016-06-24,20:55:00,5.33,5.34,5.33,5.34,1000,0
2016-06-24,21:00:00,5.34,5.35,5.33,5.33,1600,0
2016-06-24,21:05:00,5.33,5.33,5.315,5.315,900,0
2016-06-24,21:10:00,5.315,5.32,5.315,5.32,400,0
2016-06-24,21:15:00,5.32,5.33,5.32,5.33,2877,0
2016-06-24,21:20:00,5.33,5.35,5.33,5.34,10024,0
2016-06-24,21:25:00,5.34,5.35,5.3199,5.3199,15188,0
2016-06-24,21:30:00,5.31,5.31,5.3,5.31,2707,0
2016-06-24,21:35:00,5.315,5.315,5.31,5.31,500,0
2016-06-24,21:40:00,5.32,5.33,5.32,5.33,6787,0
2016-06-24,21:45:00,5.33,5.34,5.33,5.34,2345,0
2016-06-24,21:50:00,5.34,5.34,5.33,5.34,1379,0
2016-06-24,21:55:00,5.34,5.37,5.34,5.36,12767,0
2016-06-24,22:00:00,5.36,5.36,5.35,5.36,18935,0
2016-06-27,15:35:00,5.3,5.31,5.3,5.3,6672,0
2016-06-27,15:40:00,5.3,5.305,5.28,5.28,12513,0
2016-06-27,15:45:00,5.28,5.29,5.25,5.25,44295,0
2016-06-27,15:50:00,5.2,5.23,5.2,5.23,10359,0
2016-06-27,15:55:00,5.23,5.24,5.23,5.23,7000,0
2016-06-27,16:00:00,5.21,5.21,5.18,5.18,900,0
2016-06-27,16:05:00,5.18,5.21,5.18,5.2,12900,0
2016-06-27,16:10:00,5.2,5.2,5.18,5.18,7567,0
2016-06-27,16:15:00,5.18,5.19,5.18,5.18,9350,0
2016-06-27,16:20:00,5.17,5.19,5.15,5.165,4500,0
2016-06-27,16:25:00,5.15,5.18,5.15,5.15,22300,0
2016-06-27,16:30:00,5.15,5.17,5.15,5.17,29306,0
2016-06-27,16:35:00,5.17,5.18,5.13,5.135,45830,0
2016-06-27,16:40:00,5.13,5.17,5.13,5.15,31531,0
2016-06-27,16:45:00,5.15,5.22,5.15,5.2,44587,0
2016-06-27,16:50:00,5.16,5.16,5.14,5.14,1800,0
2016-06-27,16:55:00,5.14,5.14,5.13,5.13,5300,0
2016-06-27,17:00:00,5.13,5.135,5.09,5.09,16602,0
2016-06-27,17:05:00,5.097,5.105,5.097,5.1,3100,0
2016-06-27,17:10:00,5.1,5.11,5.1,5.1,6700,0
2016-06-27,17:15:00,5.1,5.105,5.06,5.06,18224,0
2016-06-27,17:20:00,5.05,5.06,5.04,5.0492,13609,0
2016-06-27,17:25:00,5.05,5.055,5.02,5.05,8033,0
2016-06-27,17:30:00,5.05,5.05,5.03,5.04,11935,0
2016-06-27,17:35:00,5.04,5.07,5.03,5.05,12479,0
2016-06-27,17:40:00,5.07,5.1,5.07,5.07,7602,0
2016-06-27,17:45:00,5.06,5.07,5.04,5.05,11948,0
2016-06-27,17:50:00,5.06,5.07,5.04,5.05,64700,0
2016-06-27,17:55:00,5.05,5.07,5.04,5.07,25287,0
2016-06-27,18:00:00,5.05,5.12,5.05,5.1,2355,0
2016-06-27,18:05:00,5.12,5.12,5.08,5.08,1700,0
2016-06-27,18:10:00,5.089,5.089,5.07,5.08,3000,0
2016-06-27,18:15:00,5.08,5.08,5.07,5.08,300,0
2016-06-27,18:20:00,5.08,5.09,5.08,5.09,1034,0
2016-06-27,18:25:00,5.09,5.09,5.08,5.08,3300,0
2016-06-27,18:30:00,5.099,5.11,5.09,5.11,1800,0
2016-06-27,18:35:00,5.12,5.12,5.1,5.1,2000,0
2016-06-27,18:40:00,5.095,5.095,5.095,5.095,100,0
2016-06-27,18:45:00,5.09,5.09,5.07,5.07,500,0
2016-06-27,18:50:00,5.08,5.08,5.07,5.08,836,0
2016-06-27,18:55:00,5.09,5.09,5.09,5.09,100,0
2016-06-27,19:00:00,5.11,5.11,5.1,5.1,1600,0
2016-06-27,19:05:00,5.1,5.12,5.09,5.12,2600,0
2016-06-27,19:10:00,5.13,5.13,5.12,5.12,200,0
2016-06-27,19:15:00,5.13,5.13,5.12,5.13,1600,0
2016-06-27,19:20:00,5.13,5.14,5.13,5.14,300,0
2016-06-27,19:25:00,5.14,5.14,5.14,5.14,300,0
2016-06-27,19:30:00,5.14,5.14,5.13,5.13,500,0
2016-06-27,19:35:00,5.14,5.14,5.12,5.1325,11300,0
2016-06-27,19:40:00,5.13,5.135,5.125,5.125,9800,0
2016-06-27,19:45:00,5.12,5.13,5.12,5.13,800,0
2016-06-27,19:50:00,5.13,5.14,5.13,5.14,500,0
2016-06-27,19:55:00,5.14,5.14,5.13,5.13,300,0
2016-06-27,20:00:00,5.13,5.14,5.13,5.13,2800,0
2016-06-27,20:05:00,5.14,5.14,5.13,5.13,1000,0
2016-06-27,20:10:00,5.13,5.14,5.12,5.13,6800,0
2016-06-27,20:15:00,5.13,5.14,5.12,5.13,6300,0
2016-06-27,20:20:00,5.13,5.14,5.12,5.12,7484,0
2016-06-27,20:25:00,5.12,5.125,5.1,5.1,3980,0
2016-06-27,20:30:00,5.105,5.11,5.105,5.11,6000,0
2016-06-27,20:35:00,5.12,5.13,5.11,5.11,2600,0
2016-06-27,20:40:00,5.1,5.11,5.1,5.1,1500,0
2016-06-27,20:45:00,5.1,5.11,5.09,5.1,13900,0
2016-06-27,20:50:00,5.1,5.1,5.09,5.09,7900,0
2016-06-27,20:55:00,5.0938,5.0938,5.05,5.05,4400,0
2016-06-27,21:00:00,5.05,5.0625,5.05,5.06,3300,0
2016-06-27,21:05:00,5.06,5.08,5.05,5.08,7300,0
2016-06-27,21:10:00,5.08,5.085,5.07,5.07,3400,0
2016-06-27,21:15:00,5.0716,5.11,5.0716,5.1,5000,0
2016-06-27,21:20:00,5.1,5.11,5.09,5.09,4600,0
2016-06-27,21:25:00,5.09,5.095,5.08,5.08,2750,0
2016-06-27,21:30:00,5.08,5.12,5.08,5.09,10300,0
2016-06-27,21:35:00,5.085,5.11,5.085,5.11,3700,0
2016-06-27,21:40:00,5.11,5.125,5.1,5.115,6760,0
2016-06-27,21:45:00,5.125,5.145,5.11,5.11,53031,0
2016-06-27,21:50:00,5.11,5.1101,5.1,5.11,16560,0
2016-06-27,21:55:00,5.105,5.12,5.1,5.12,19094,0
2016-06-27,22:00:00,5.12,5.13,5.11,5.11,74966,0
2016-06-28,15:35:00,5.15,5.2,5.15,5.2,3700,0
2016-06-28,15:40:00,5.1688,5.23,5.1688,5.22,6760,0
2016-06-28,15:45:00,5.23,5.23,5.2,5.2,3300,0
2016-06-28,15:50:00,5.2,5.21,5.2,5.21,7179,0
2016-06-28,15:55:00,5.22,5.26,5.22,5.23,6200,0
2016-06-28,16:00:00,5.26,5.26,5.23,5.25,2300,0
2016-06-28,16:05:00,5.25,5.26,5.24,5.255,1495,0
2016-06-28,16:10:00,5.255,5.255,5.22,5.22,4800,0
2016-06-28,16:15:00,5.23,5.24,5.22,5.24,1608,0
2016-06-28,16:20:00,5.23,5.26,5.22,5.26,5445,0
2016-06-28,16:25:00,5.26,5.26,5.24,5.24,7210,0
2016-06-28,16:30:00,5.25,5.25,5.235,5.24,1973,0
2016-06-28,16:35:00,5.24,5.25,5.24,5.24,2400,0
2016-06-28,16:40:00,5.24,5.25,5.225,5.24,20043,0
2016-06-28,16:45:00,5.24,5.24,5.23,5.24,2500,0
2016-06-28,16:50:00,5.24,5.25,5.24,5.25,1965,0
2016-06-28,16:55:00,5.25,5.26,5.24,5.26,9400,0
2016-06-28,17:00:00,5.26,5.26,5.25,5.26,1100,0
2016-06-28,17:05:00,5.25,5.26,5.23,5.23,11899,0
2016-06-28,17:10:00,5.23,5.23,5.22,5.23,4600,0
2016-06-28,17:15:00,5.23,5.23,5.225,5.23,3100,0
2016-06-28,17:20:00,5.24,5.24,5.23,5.24,900,0
2016-06-28,17:25:00,5.24,5.25,5.24,5.24,2300,0
2016-06-28,17:30:00,5.24,5.24,5.22,5.23,3342,0
2016-06-28,17:35:00,5.23,5.24,5.22,5.24,2600,0
2016-06-28,17:40:00,5.23,5.24,5.225,5.23,4300,0
2016-06-28,17:45:00,5.23,5.24,5.23,5.24,2391,0
2016-06-28,17:50:00,5.24,5.25,5.235,5.25,2400,0
2016-06-28,17:55:00,5.25,5.25,5.24,5.24,1500,0
2016-06-28,18:00:00,5.24,5.24,5.24,5.24,500,0
2016-06-28,18:05:00,5.25,5.25,5.235,5.24,5600,0
2016-06-28,18:10:00,5.24,5.25,5.23,5.24,3900,0
2016-06-28,18:15:00,5.24,5.25,5.235,5.25,700,0
2016-06-28,18:20:00,5.245,5.245,5.24,5.24,8799,0
2016-06-28,18:25:00,5.24,5.24,5.24,5.24,500,0
2016-06-28,18:30:00,5.24,5.24,5.235,5.24,2700,0
2016-06-28,18:35:00,5.24,5.24,5.24,5.24,400,0
2016-06-28,18:40:00,5.24,5.24,5.24,5.24,300,0
2016-06-28,18:45:00,5.24,5.25,5.23,5.24,5961,0
2016-06-28,18:50:00,5.24,5.25,5.24,5.245,2153,0
2016-06-28,18:55:00,5.245,5.25,5.24,5.24,8358,0
2016-06-28,19:00:00,5.24,5.25,5.24,5.24,3600,0
2016-06-28,19:05:00,5.24,5.24,5.235,5.24,3791,0
2016-06-28,19:10:00,5.24,5.24,5.22,5.225,2200,0
2016-06-28,19:15:00,5.235,5.24,5.22,5.23,1400,0
2016-06-28,19:20:00,5.23,5.24,5.23,5.24,1800,0
2016-06-28,19:25:00,5.24,5.24,5.22,5.23,2800,0
2016-06-28,19:30:00,5.23,5.23,5.225,5.23,900,0
2016-06-28,19:35:00,5.23,5.23,5.22,5.23,2165,0
2016-06-28,19:40:00,5.23,5.23,5.225,5.23,1600,0
2016-06-28,19:45:00,5.23,5.23,5.22,5.23,2400,0
2016-06-28,19:50:00,5.225,5.24,5.22,5.23,31466,0
2016-06-28,19:55:00,5.23,5.24,5.23,5.24,1400,0
2016-06-28,20:00:00,5.24,5.24,5.235,5.235,6000,0
2016-06-28,20:05:00,5.235,5.24,5.235,5.24,1600,0
2016-06-28,20:10:00,5.235,5.24,5.23,5.235,19100,0
2016-06-28,20:15:00,5.24,5.24,5.225,5.23,2395,0
2016-06-28,20:20:00,5.23,5.24,5.225,5.24,2600,0
2016-06-28,20:25:00,5.24,5.24,5.24,5.24,4588,0
2016-06-28,20:30:00,5.24,5.24,5.24,5.24,2095,0
2016-06-28,20:35:00,5.24,5.25,5.24,5.245,14623,0
2016-06-28,20:40:00,5.25,5.26,5.245,5.26,20742,0
2016-06-28,20:45:00,5.255,5.26,5.25,5.255,1800,0
2016-06-28,20:50:00,5.255,5.26,5.25,5.25,1000,0
2016-06-28,20:55:00,5.255,5.27,5.255,5.265,5200,0
2016-06-28,21:00:00,5.265,5.2665,5.26,5.265,2700,0
2016-06-28,21:05:00,5.265,5.27,5.265,5.27,3712,0
2016-06-28,21:10:00,5.265,5.27,5.26,5.265,5102,0
2016-06-28,21:15:00,5.27,5.28,5.265,5.28,12488,0
2016-06-28,21:20:00,5.28,5.28,5.27,5.27,1909,0
2016-06-28,21:25:00,5.27,5.27,5.24,5.25,5040,0
2016-06-28,21:30:00,5.245,5.25,5.23,5.23,3700,0
2016-06-28,21:35:00,5.24,5.25,5.24,5.245,3100,0
2016-06-28,21:40:00,5.245,5.25,5.245,5.25,5500,0
2016-06-28,21:45:00,5.25,5.26,5.24,5.26,6369,0
2016-06-28,21:50:00,5.26,5.26,5.25,5.26,1200,0
2016-06-28,21:55:00,5.255,5.26,5.25,5.26,5800,0
2016-06-28,22:00:00,5.26,5.26,5.25,5.26,28696,0
2016-06-29,15:35:00,5.34,5.39,5.29,5.39,13272,0
2016-06-29,15:40:00,5.32,5.34,5.31,5.31,1900,0
2016-06-29,15:45:00,5.3,5.3,5.28,5.3,7000,0
2016-06-29,15:50:00,5.275,5.3,5.275,5.29,18835,0
2016-06-29,15:55:00,5.3,5.3,5.29,5.29,600,0
2016-06-29,16:00:00,5.3,5.31,5.28,5.28,4901,0
2016-06-29,16:05:00,5.29,5.295,5.28,5.28,2700,0
2016-06-29,16:10:00,5.28,5.3,5.28,5.3,900,0
2016-06-29,16:15:00,5.29,5.3,5.29,5.29,400,0
2016-06-29,16:20:00,5.3,5.31,5.295,5.31,1100,0
2016-06-29,16:25:00,5.3,5.305,5.29,5.29,3500,0
2016-06-29,16:30:00,5.28,5.29,5.28,5.29,200,0
2016-06-29,16:35:00,5.28,5.295,5.28,5.295,6600,0
2016-06-29,16:40:00,5.295,5.3,5.29,5.29,1100,0
2016-06-29,16:45:00,5.285,5.285,5.28,5.285,300,0
2016-06-29,16:50:00,5.28,5.29,5.28,5.29,2100,0
2016-06-29,16:55:00,5.29,5.3,5.29,5.29,3058,0
2016-06-29,17:00:00,5.285,5.285,5.285,5.285,300,0
2016-06-29,17:05:00,5.29,5.3,5.28,5.295,6905,0
2016-06-29,17:10:00,5.29,5.29,5.28,5.29,900,0
2016-06-29,17:15:00,5.28,5.285,5.28,5.285,16200,0
2016-06-29,17:20:00,5.285,5.285,5.28,5.28,500,0
2016-06-29,17:25:00,5.285,5.285,5.285,5.285,100,0
2016-06-29,17:30:00,5.285,5.285,5.28,5.285,7200,0
2016-06-29,17:35:00,5.285,5.29,5.285,5.29,900,0
2016-06-29,17:40:00,5.3,5.31,5.3,5.31,300,0
2016-06-29,17:45:00,5.3,5.3,5.29,5.296,1000,0
2016-06-29,17:50:00,5.3,5.3,5.29,5.295,800,0
2016-06-29,17:55:00,5.29,5.31,5.29,5.3,9100,0
2016-06-29,18:00:00,5.3,5.305,5.3,5.305,1581,0
2016-06-29,18:05:00,5.3,5.3,5.29,5.295,6359,0
2016-06-29,18:10:00,5.3,5.3,5.295,5.295,300,0
2016-06-29,18:15:00,5.29,5.29,5.29,5.29,100,0
2016-06-29,18:20:00,5.295,5.305,5.295,5.3036,1378,0
2016-06-29,18:25:00,5.305,5.31,5.3,5.305,500,0
2016-06-29,18:30:00,5.305,5.305,5.305,5.305,100,0
2016-06-29,18:35:00,5.305,5.31,5.3,5.3,2600,0
2016-06-29,18:40:00,5.31,5.31,5.305,5.305,600,0
2016-06-29,18:45:00,5.305,5.31,5.305,5.305,900,0
2016-06-29,18:50:00,5.305,5.31,5.305,5.305,20500,0
2016-06-29,18:55:00,5.305,5.31,5.305,5.31,24785,0
2016-06-29,19:00:00,5.31,5.32,5.31,5.32,7031,0
2016-06-29,19:05:00,5.33,5.33,5.3108,5.33,3775,0
2016-06-29,19:10:00,5.33,5.33,5.325,5.33,1747,0
2016-06-29,19:15:00,5.33,5.33,5.325,5.325,2900,0
2016-06-29,19:20:00,5.325,5.33,5.321,5.33,2793,0
2016-06-29,19:25:00,5.33,5.35,5.325,5.35,5413,0
2016-06-29,19:30:00,5.36,5.38,5.35,5.37,3696,0
2016-06-29,19:35:00,5.37,5.38,5.37,5.37,600,0
2016-06-29,19:40:00,5.37,5.395,5.37,5.395,1000,0
2016-06-29,19:45:00,5.4,5.4,5.3907,5.3961,1444,0
2016-06-29,19:50:00,5.395,5.4,5.395,5.395,500,0
2016-06-29,19:55:00,5.3907,5.4,5.39,5.39,4000,0
2016-06-29,20:00:00,5.4,5.4011,5.39,5.395,6331,0
2016-06-29,20:05:00,5.395,5.4,5.39,5.395,3299,0
2016-06-29,20:10:00,5.395,5.4,5.395,5.395,1700,0
2016-06-29,20:15:00,5.4,5.4,5.39,5.395,2200,0
2016-06-29,20:20:00,5.395,5.4,5.39,5.395,1300,0
2016-06-29,20:25:00,5.4,5.4,5.395,5.395,5253,0
2016-06-29,20:30:00,5.4,5.4,5.395,5.395,1320,0
2016-06-29,20:35:00,5.395,5.4,5.3911,5.4,1400,0
2016-06-29,20:40:00,5.395,5.4,5.395,5.395,2400,0
2016-06-29,20:45:00,5.395,5.4,5.395,5.4,5100,0
2016-06-29,20:50:00,5.4,5.4,5.395,5.395,700,0
2016-06-29,20:55:00,5.4,5.4,5.395,5.395,600,0
2016-06-29,21:00:00,5.4,5.4,5.39,5.395,1100,0
2016-06-29,21:05:00,5.4,5.4,5.38,5.385,10199,0
2016-06-29,21:10:00,5.38,5.38,5.37,5.375,2885,0
2016-06-29,21:15:00,5.375,5.38,5.37,5.3785,950,0
2016-06-29,21:20:00,5.375,5.38,5.37,5.375,900,0
2016-06-29,21:25:00,5.38,5.38,5.37,5.37,4000,0
2016-06-29,21:30:00,5.375,5.375,5.365,5.365,574,0
2016-06-29,21:35:00,5.365,5.37,5.36,5.36,4700,0
2016-06-29,21:40:00,5.365,5.38,5.36,5.38,2270,0
2016-06-29,21:45:00,5.38,5.38,5.35,5.35,5000,0
2016-06-29,21:50:00,5.35,5.36,5.35,5.355,2980,0
2016-06-29,21:55:00,5.355,5.37,5.355,5.365,3817,0
2016-06-29,22:00:00,5.36,5.37,5.36,5.37,10803,0
2016-06-30,15:35:00,5.41,5.46,5.39,5.44,8429,0
2016-06-30,15:40:00,5.4,5.41,5.36,5.36,11150,0
2016-06-30,15:45:00,5.36,5.36,5.33,5.34,1613,0
2016-06-30,15:50:00,5.33,5.34,5.32,5.33,1700,0
2016-06-30,15:55:00,5.32,5.34,5.32,5.34,400,0
2016-06-30,16:00:00,5.35,5.37,5.35,5.355,4500,0
2016-06-30,16:05:00,5.35,5.36,5.35,5.355,1200,0
2016-06-30,16:10:00,5.35,5.35,5.32,5.33,2453,0
2016-06-30,16:15:00,5.33,5.36,5.33,5.36,2500,0
2016-06-30,16:20:00,5.355,5.36,5.35,5.36,1800,0
2016-06-30,16:25:00,5.35,5.37,5.35,5.36,5059,0
2016-06-30,16:30:00,5.35,5.35,5.35,5.35,2100,0
2016-06-30,16:35:00,5.37,5.37,5.34,5.355,500,0
2016-06-30,16:40:00,5.36,5.36,5.36,5.36,700,0
2016-06-30,16:45:00,5.35,5.36,5.34,5.355,3500,0
2016-06-30,16:50:00,5.35,5.35,5.35,5.35,200,0
2016-06-30,16:55:00,5.36,5.37,5.355,5.355,3056,0
2016-06-30,17:00:00,5.36,5.38,5.355,5.355,6744,0
2016-06-30,17:05:00,5.36,5.39,5.36,5.39,1000,0
2016-06-30,17:10:00,5.39,5.41,5.39,5.41,47865,0
2016-06-30,17:15:00,5.405,5.41,5.38,5.38,9021,0
2016-06-30,17:20:00,5.3899,5.39,5.385,5.385,2430,0
2016-06-30,17:25:00,5.39,5.39,5.39,5.39,100,0
2016-06-30,17:30:00,5.39,5.39,5.385,5.385,600,0
2016-06-30,17:35:00,5.39,5.405,5.39,5.39,4800,0
2016-06-30,17:40:00,5.39,5.39,5.38,5.38,545,0
2016-06-30,17:45:00,5.38,5.38,5.38,5.38,648,0
2016-06-30,17:50:00,5.385,5.4,5.38,5.395,2400,0
2016-06-30,17:55:00,5.4,5.4,5.39,5.39,1310,0
2016-06-30,18:00:00,5.39,5.39,5.39,5.39,1728,0
2016-06-30,18:05:00,5.385,5.39,5.38,5.39,800,0
2016-06-30,18:10:00,5.38,5.38,5.37,5.38,1400,0
2016-06-30,18:15:00,5.38,5.39,5.38,5.39,1300,0
2016-06-30,18:20:00,5.39,5.39,5.38,5.38,700,0
2016-06-30,18:25:00,5.38,5.4,5.38,5.4,700,0
2016-06-30,18:30:00,5.39,5.39,5.38,5.38,3000,0
2016-06-30,18:35:00,5.385,5.385,5.38,5.385,400,0
2016-06-30,18:40:00,5.38,5.39,5.38,5.385,4086,0
2016-06-30,18:45:00,5.38,5.39,5.38,5.385,3399,0
2016-06-30,18:50:00,5.38,5.385,5.38,5.38,1500,0
2016-06-30,18:55:00,5.38,5.38,5.38,5.38,1200,0
2016-06-30,19:00:00,5.38,5.38,5.38,5.38,100,0
2016-06-30,19:05:00,5.385,5.385,5.38,5.38,2700,0
2016-06-30,19:10:00,5.38,5.395,5.38,5.3925,13599,0
2016-06-30,19:15:00,5.395,5.4,5.39,5.39,15700,0
2016-06-30,19:20:00,5.395,5.4,5.39,5.39,2400,0
2016-06-30,19:25:00,5.4,5.4,5.39,5.39,600,0
2016-06-30,19:30:00,5.39,5.395,5.39,5.395,300,0
2016-06-30,19:40:00,5.4,5.4,5.39,5.39,6200,0
2016-06-30,19:45:00,5.395,5.4,5.39,5.39,2300,0
2016-06-30,19:50:00,5.39,5.4,5.39,5.39,6200,0
2016-06-30,19:55:00,5.39,5.4,5.39,5.39,3772,0
2016-06-30,20:00:00,5.39,5.4,5.39,5.39,1200,0
2016-06-30,20:05:00,5.39,5.4,5.39,5.395,3169,0
2016-06-30,20:10:00,5.4,5.415,5.395,5.415,4100,0
2016-06-30,20:15:00,5.415,5.42,5.415,5.415,700,0
2016-06-30,20:20:00,5.415,5.415,5.405,5.405,2200,0
2016-06-30,20:25:00,5.41,5.42,5.405,5.41,4700,0
2016-06-30,20:30:00,5.415,5.415,5.405,5.41,8110,0
2016-06-30,20:35:00,5.41,5.41,5.41,5.41,100,0
2016-06-30,20:40:00,5.41,5.41,5.4,5.4,27900,0
2016-06-30,20:45:00,5.42,5.44,5.42,5.44,4900,0
2016-06-30,20:50:00,5.44,5.44,5.44,5.44,300,0
2016-06-30,20:55:00,5.44,5.45,5.44,5.44,1800,0
2016-06-30,21:00:00,5.445,5.455,5.445,5.45,4885,0
2016-06-30,21:05:00,5.4411,5.4411,5.4411,5.4411,200,0
2016-06-30,21:10:00,5.445,5.45,5.44,5.445,3779,0
2016-06-30,21:15:00,5.445,5.45,5.44,5.445,1300,0
2016-06-30,21:20:00,5.445,5.445,5.44,5.44,3400,0
2016-06-30,21:25:00,5.435,5.44,5.43,5.43,2500,0
2016-06-30,21:30:00,5.43,5.46,5.43,5.44,2130,0
2016-06-30,21:35:00,5.45,5.465,5.445,5.465,2300,0
2016-06-30,21:40:00,5.47,5.47,5.45,5.455,3000,0
2016-06-30,21:45:00,5.455,5.465,5.45,5.45,4288,0
2016-06-30,21:50:00,5.455,5.46,5.44,5.455,4400,0
2016-06-30,21:55:00,5.455,5.46,5.45,5.45,2800,0
2016-06-30,22:00:00,5.455,5.48,5.45,5.48,39237,0
2016-07-01,15:35:00,5.46,5.46,5.46,5.46,400,0
2016-07-01,15:40:00,5.49,5.53,5.49,5.53,8755,0
2016-07-01,15:45:00,5.5,5.5,5.48,5.48,2300,0
2016-07-01,15:50:00,5.46,5.49,5.45,5.47,12678,0
2016-07-01,15:55:00,5.46,5.46,5.43,5.43,2100,0
2016-07-01,16:00:00,5.43,5.43,5.4,5.42,4000,0
2016-07-01,16:05:00,5.42,5.43,5.41,5.41,1800,0
2016-07-01,16:10:00,5.41,5.44,5.41,5.43,2800,0
2016-07-01,16:15:00,5.43,5.45,5.42,5.42,5400,0
2016-07-01,16:20:00,5.42,5.43,5.42,5.43,2200,0
2016-07-01,16:25:00,5.42,5.43,5.4,5.4,5667,0
2016-07-01,16:30:00,5.4,5.42,5.4,5.42,3500,0
2016-07-01,16:35:00,5.41,5.43,5.4,5.43,12656,0
2016-07-01,16:40:00,5.435,5.435,5.43,5.43,2100,0
2016-07-01,16:45:00,5.43,5.43,5.41,5.42,2954,0
2016-07-01,16:50:00,5.42,5.43,5.42,5.42,1600,0
2016-07-01,16:55:00,5.42,5.4275,5.41,5.425,6400,0
2016-07-01,17:00:00,5.425,5.43,5.42,5.42,3700,0
2016-07-01,17:05:00,5.415,5.42,5.41,5.415,2700,0
2016-07-01,17:10:00,5.41,5.42,5.41,5.415,2000,0
2016-07-01,17:15:00,5.415,5.42,5.41,5.415,2600,0
2016-07-01,17:20:00,5.415,5.42,5.41,5.415,2300,0
2016-07-01,17:25:00,5.415,5.44,5.415,5.44,2600,0
2016-07-01,17:30:00,5.44,5.44,5.435,5.435,2300,0
2016-07-01,17:35:00,5.435,5.435,5.42,5.425,5300,0
2016-07-01,17:40:00,5.425,5.435,5.425,5.43,8400,0
2016-07-01,17:45:00,5.43,5.435,5.425,5.425,3100,0
2016-07-01,17:50:00,5.42,5.425,5.42,5.42,800,0
2016-07-01,17:55:00,5.425,5.44,5.42,5.44,4200,0
2016-07-01,18:00:00,5.445,5.45,5.445,5.45,500,0
2016-07-01,18:05:00,5.45,5.455,5.45,5.45,500,0
2016-07-01,18:10:00,5.455,5.455,5.445,5.445,10100,0
2016-07-01,18:15:00,5.445,5.465,5.44,5.465,4800,0
2016-07-01,18:20:00,5.46,5.465,5.46,5.465,1782,0
2016-07-01,18:25:00,5.465,5.48,5.46,5.48,9000,0
2016-07-01,18:30:00,5.48,5.48,5.465,5.465,2400,0
2016-07-01,18:35:00,5.465,5.47,5.465,5.465,3100,0
2016-07-01,18:40:00,5.465,5.47,5.465,5.465,800,0
2016-07-01,18:45:00,5.465,5.47,5.46,5.465,600,0
2016-07-01,18:50:00,5.46,5.47,5.46,5.46,600,0
2016-07-01,18:55:00,5.46,5.46,5.44,5.44,2706,0
2016-07-01,19:00:00,5.45,5.47,5.45,5.46,2700,0
2016-07-01,19:05:00,5.46,5.465,5.46,5.46,611,0
2016-07-01,19:10:00,5.456,5.456,5.45,5.45,600,0
2016-07-01,19:15:00,5.45,5.47,5.45,5.46,2400,0
2016-07-01,19:20:00,5.45,5.45,5.45,5.45,500,0
2016-07-01,19:25:00,5.45,5.455,5.45,5.455,300,0
2016-07-01,19:30:00,5.455,5.46,5.455,5.455,600,0
2016-07-01,19:35:00,5.455,5.46,5.455,5.46,1600,0
2016-07-01,19:40:00,5.47,5.47,5.45,5.45,1700,0
2016-07-01,19:45:00,5.46,5.46,5.46,5.46,500,0
2016-07-01,19:50:00,5.46,5.46,5.46,5.46,700,0
2016-07-01,19:55:00,5.47,5.5,5.47,5.47,9786,0
2016-07-01,20:00:00,5.47,5.48,5.47,5.48,400,0
2016-07-01,20:05:00,5.475,5.49,5.475,5.49,1300,0
2016-07-01,20:10:00,5.48,5.5,5.48,5.49,1200,0
2016-07-01,20:15:00,5.49,5.5,5.49,5.5,2200,0
2016-07-01,20:20:00,5.505,5.505,5.5,5.505,300,0
2016-07-01,20:25:00,5.5,5.5,5.46,5.48,2900,0
2016-07-01,20:30:00,5.49,5.5,5.49,5.5,5550,0
2016-07-01,20:35:00,5.5,5.5,5.49,5.5,1738,0
2016-07-01,20:40:00,5.49,5.5,5.49,5.495,1700,0
2016-07-01,20:45:00,5.49,5.495,5.49,5.49,1945,0
2016-07-01,20:50:00,5.49,5.49,5.48,5.49,12905,0
2016-07-01,20:55:00,5.49,5.49,5.48,5.49,800,0
2016-07-01,21:00:00,5.48,5.49,5.48,5.48,1925,0
2016-07-01,21:05:00,5.48,5.49,5.48,5.49,3700,0
2016-07-01,21:10:00,5.49,5.51,5.49,5.5,12000,0
2016-07-01,21:15:00,5.5,5.51,5.5,5.51,300,0
2016-07-01,21:20:00,5.51,5.51,5.5,5.5,700,0
2016-07-01,21:25:00,5.5,5.51,5.5,5.5,1500,0
2016-07-01,21:30:00,5.505,5.51,5.5,5.51,2500,0
2016-07-01,21:35:00,5.51,5.51,5.5,5.5,7315,0
2016-07-01,21:40:00,5.5,5.54,5.5,5.54,10600,0
2016-07-01,21:45:00,5.54,5.54,5.53,5.535,2150,0
2016-07-01,21:50:00,5.53,5.54,5.53,5.53,2700,0
2016-07-01,21:55:00,5.535,5.56,5.53,5.555,23899,0
2016-07-01,22:00:00,5.56,5.57,5.55,5.57,39142,0
