Date,Time,Open,High,Low,Close,Volume,OpenInt
2016-01-21,15:35:00,10.35,10.35,10.35,10.35,600,0
2016-01-21,17:00:00,10.35,10.35,10.34,10.34,1200,0
2016-01-21,17:20:00,10.35,10.35,10.35,10.35,100,0
2016-01-21,17:30:00,10.35,10.37,10.35,10.37,900,0
2016-01-21,18:00:00,10.31,10.31,10.31,10.31,200,0
2016-01-21,18:05:00,10.31,10.31,10.31,10.31,700,0
2016-01-21,18:10:00,10.31,10.31,10.31,10.31,300,0
2016-01-21,19:10:00,10.3,10.3,10.3,10.3,100,0
2016-01-21,20:00:00,10.3,10.3,10.3,10.3,100,0
2016-01-21,20:10:00,10.3,10.3,10.3,10.3,300,0
2016-01-21,21:15:00,10.29,10.29,10.29,10.29,300,0
2016-01-21,21:25:00,10.28,10.28,10.27,10.27,200,0
2016-01-21,21:30:00,10.31,10.31,10.29,10.29,300,0
2016-01-21,21:40:00,10.33,10.33,10.33,10.33,100,0
2016-01-21,22:00:00,10.3,10.35,10.3,10.35,1300,0
2016-01-22,16:40:00,10.364,10.364,10.364,10.364,1000,0
2016-01-22,16:50:00,10.34,10.34,10.33,10.33,300,0
2016-01-22,17:05:00,10.3299,10.33,10.3299,10.33,1300,0
2016-01-22,17:15:00,10.33,10.33,10.329,10.329,600,0
2016-01-22,17:25:00,10.3399,10.3399,10.3399,10.3399,200,0
2016-01-22,17:35:00,10.33,10.33,10.3,10.3,1200,0
2016-01-22,17:50:00,10.3,10.31,10.3,10.31,1400,0
2016-01-22,18:35:00,10.32,10.32,10.32,10.32,100,0
2016-01-22,19:20:00,10.32,10.32,10.32,10.32,100,0
2016-01-22,20:00:00,10.3379,10.3379,10.3379,10.3379,400,0
2016-01-22,20:30:00,10.34,10.34,10.34,10.34,100,0
2016-01-22,22:00:00,10.38,10.38,10.34,10.34,300,0
2016-01-25,15:35:00,10.25,10.25,10.25,10.25,500,0
2016-01-25,17:15:00,10.3,10.3,10.3,10.3,410,0
2016-01-25,18:40:00,10.35,10.35,10.35,10.35,200,0
2016-01-25,18:50:00,10.3599,10.3599,10.3599,10.3599,1000,0
2016-01-25,18:55:00,10.36,10.36,10.36,10.36,200,0
2016-01-25,19:05:00,10.4,10.4,10.4,10.4,800,0
2016-01-25,21:15:00,10.35,10.35,10.35,10.35,150,0
2016-01-26,19:20:00,10.38,10.38,10.38,10.38,300,0
2016-01-26,20:05:00,10.33,10.33,10.32,10.32,608,0
2016-01-26,20:20:00,10.383,10.383,10.383,10.383,100,0
2016-01-26,21:05:00,10.33,10.33,10.33,10.33,100,0
2016-01-26,21:15:00,10.37,10.37,10.37,10.37,100,0
2016-01-27,16:25:00,11.2,11.2,10.35,10.39,2000,0
2016-01-27,17:25:00,10.36,10.36,10.36,10.36,893,0
2016-01-27,17:40:00,10.48,10.48,10.48,10.48,100,0
2016-01-27,19:10:00,10.34,10.35,10.34,10.35,1200,0
2016-01-27,19:55:00,10.4,10.4,10.4,10.4,100,0
2016-01-27,21:50:00,10.396,10.3989,10.396,10.3989,1000,0
2016-01-27,21:55:00,10.45,10.45,10.45,10.45,100,0
2016-01-27,22:00:00,10.39,10.43,10.39,10.43,25100,0
2016-01-28,21:45:00,10.42,10.42,10.33,10.4,1800,0
2016-01-28,21:50:00,10.32,10.32,10.32,10.32,100,0
2016-01-28,21:55:00,10.31,10.31,10.31,10.31,200,0
2016-01-28,22:00:00,10.31,10.4,10.31,10.32,400,0
2016-01-29,15:40:00,10.4,10.4,10.4,10.4,500,0
2016-01-29,15:45:00,10.4,10.4,10.4,10.4,500,0
2016-01-29,16:15:00,10.354,10.359,10.354,10.359,3300,0
2016-01-29,21:50:00,10.3734,10.3734,10.3734,10.3734,500,0
2016-01-29,21:55:00,10.3672,10.3672,10.3672,10.3672,500,0
2016-02-01,16:55:00,10.25,10.25,10.25,10.25,100000,0
2016-02-01,18:05:00,10.31,10.31,10.25,10.25,22000,0
2016-02-01,18:10:00,10.25,10.26,10.25,10.26,2500,0
2016-02-01,18:20:00,10.245,10.2595,10.245,10.2595,6000,0
2016-02-01,18:55:00,10.25,10.25,10.25,10.25,100,0
2016-02-01,19:15:00,10.23,10.23,10.23,10.23,100,0
2016-02-01,19:55:00,10.25,10.25,10.25,10.25,200,0
2016-02-01,20:25:00,10.27,10.27,10.27,10.27,100,0
2016-02-01,20:45:00,10.27,10.27,10.27,10.27,100,0
2016-02-01,21:00:00,10.3,10.3,10.3,10.3,200,0
2016-02-01,21:20:00,10.32,10.32,10.32,10.32,100,0
2016-02-01,21:30:00,10.34,10.34,10.33,10.33,1000,0
2016-02-01,22:00:00,10.3,10.3235,10.28,10.28,1570,0
2016-02-02,18:05:00,10.3086,10.3086,10.3086,10.3086,100,0
2016-02-02,19:15:00,10.35,10.35,10.3,10.3,1300,0
2016-02-02,19:30:00,10.31,10.31,10.3,10.3,2400,0
2016-02-02,19:40:00,10.3,10.3,10.3,10.3,100000,0
2016-02-03,16:40:00,10.2825,10.2825,10.2825,10.2825,300,0
2016-02-03,17:30:00,10.35,10.35,10.35,10.35,100,0
2016-02-03,19:00:00,10.37,10.38,10.37,10.38,200,0
2016-02-03,22:00:00,10.29,10.29,10.29,10.29,200,0
2016-02-05,19:05:00,10.35,10.35,10.35,10.35,100,0
2016-02-08,15:50:00,10.36,10.36,10.35,10.35,1350,0
2016-02-08,16:20:00,10.27,10.35,10.27,10.35,1000,0
2016-02-08,18:15:00,10.34,10.34,10.28,10.28,200,0
2016-02-08,21:00:00,10.345,10.35,10.345,10.35,800,0
2016-02-08,21:30:00,10.34,10.34,10.34,10.34,200,0
2016-02-08,21:35:00,10.35,10.35,10.345,10.345,105100,0
2016-02-08,21:45:00,10.35,10.35,10.315,10.315,800,0
2016-02-08,21:55:00,10.332,10.34,10.332,10.34,300,0
2016-02-08,22:00:00,10.2601,10.34,10.2601,10.34,400,0
2016-02-09,16:40:00,10.355,10.355,10.355,10.355,2500,0
2016-02-09,16:45:00,10.355,10.355,10.355,10.355,2500,0
2016-02-09,16:50:00,10.355,10.4,10.35,10.4,48324,0
2016-02-09,16:55:00,10.35,10.4,10.35,10.375,3400,0
2016-02-09,17:00:00,10.4,10.4,10.35,10.4,24900,0
2016-02-09,17:05:00,10.375,10.375,10.375,10.375,400,0
2016-02-09,17:10:00,10.375,10.375,10.35,10.35,2500,0
2016-02-09,17:15:00,10.35,10.375,10.35,10.35,3400,0
2016-02-09,17:20:00,10.35,10.355,10.35,10.355,400,0
2016-02-09,17:25:00,10.31,10.319,10.2,10.25,10605,0
2016-02-09,17:45:00,10.4,10.4,10.34,10.342,1325,0
2016-02-09,18:45:00,10.36,10.365,10.36,10.365,1800,0
2016-02-09,18:50:00,10.37,10.37,10.37,10.37,3000,0
2016-02-09,18:55:00,10.375,10.375,10.36,10.375,3100,0
2016-02-09,19:00:00,10.375,10.375,10.375,10.375,2000,0
2016-02-09,19:05:00,10.375,10.375,10.375,10.375,3800,0
2016-02-09,19:10:00,10.375,10.375,10.375,10.375,2200,0
2016-02-09,19:15:00,10.375,10.375,10.375,10.375,3000,0
2016-02-09,19:20:00,10.375,10.4,10.375,10.385,22361,0
2016-02-09,19:25:00,10.3705,10.38,10.37,10.3708,1700,0
2016-02-09,19:35:00,10.3702,10.375,10.37,10.37,3700,0
2016-02-09,19:40:00,10.385,10.385,10.37,10.37,26000,0
2016-02-09,19:45:00,10.3525,10.36,10.3525,10.36,10500,0
2016-02-09,19:50:00,10.3575,10.37,10.35,10.37,28600,0
2016-02-09,19:55:00,10.35,10.37,10.35,10.35,10100,0
2016-02-09,20:15:00,10.35,10.38,10.34,10.38,213289,0
2016-02-09,20:25:00,10.35,10.35,10.35,10.35,200,0
2016-02-09,20:55:00,10.379,10.379,10.379,10.379,100,0
2016-02-09,21:20:00,10.3861,10.3861,10.3861,10.3861,1400,0
2016-02-11,17:10:00,10.2,10.2001,10.2,10.2001,2500,0
2016-02-11,17:15:00,10.376,10.376,10.376,10.376,100,0
2016-02-11,20:05:00,10.25,10.25,10.25,10.25,200,0
2016-02-11,20:20:00,10.33,10.33,10.33,10.33,100,0
2016-02-11,21:35:00,10.3,10.3,10.2649,10.2649,1100,0
2016-02-11,21:40:00,10.2601,10.2601,10.2601,10.2601,200,0
2016-02-12,15:45:00,10.39,10.39,10.39,10.39,100,0
2016-02-12,18:45:00,10.32,10.32,10.31,10.31,1100,0
2016-02-12,18:50:00,10.26,10.29,10.26,10.29,4000,0
2016-02-12,20:20:00,10.284,10.336,10.284,10.336,450,0
2016-02-12,20:55:00,10.28,10.28,10.28,10.28,425,0
2016-02-16,15:40:00,10.2501,10.27,10.2501,10.27,700,0
2016-02-16,16:00:00,10.25,10.25,10.25,10.25,200,0
2016-02-16,16:05:00,10.25,10.25,10.25,10.25,29500,0
2016-02-16,17:45:00,10.3,10.3,10.3,10.3,1000,0
2016-02-16,19:10:00,10.3,10.3,10.2501,10.2501,675,0
2016-02-16,19:25:00,10.27,10.27,10.27,10.27,190,0
2016-02-16,19:35:00,10.27,10.27,10.2682,10.2682,6700,0
2016-02-16,19:40:00,10.27,10.27,10.27,10.27,638,0
2016-02-17,16:55:00,10.27,10.27,10.27,10.27,100,0
2016-02-17,22:00:00,10.27,10.27,10.27,10.27,400,0
2016-02-19,16:45:00,10.26,10.26,10.26,10.26,100,0
2016-02-22,20:20:00,10.2801,10.2801,10.2801,10.2801,1000,0
2016-02-23,18:40:00,10.295,10.295,10.295,10.295,500,0
2016-02-23,20:15:00,10.31,10.34,10.31,10.34,2300,0
2016-02-23,20:25:00,10.34,10.35,10.34,10.34,300,0
2016-02-23,21:00:00,10.3,10.3,10.3,10.3,100,0
2016-02-23,21:25:00,10.3,10.3,10.3,10.3,500,0
2016-02-24,19:10:00,10.31,10.31,10.3,10.3,1000,0
2016-02-24,19:20:00,10.3,10.3,10.3,10.3,400,0
2016-02-25,18:00:00,10.31,10.31,10.3,10.3,400,0
2016-02-25,18:05:00,10.31,10.31,10.31,10.31,100,0
2016-02-25,18:10:00,10.27,10.29,10.27,10.27,1700,0
2016-02-25,18:15:00,10.25,10.25,10.25,10.25,51900,0
2016-02-25,18:30:00,10.25,10.25,10.25,10.25,500,0
2016-02-25,20:15:00,10.27,10.27,10.25,10.25,3000,0
2016-02-25,20:30:00,10.25,10.25,10.25,10.25,500,0
2016-02-25,20:40:00,10.25,10.25,10.25,10.25,100,0
2016-02-25,20:45:00,10.23,10.23,10.23,10.23,100,0
2016-02-25,21:20:00,10.25,10.27,10.25,10.27,17130,0
2016-02-25,21:25:00,10.25,10.25,10.248,10.25,6200,0
2016-02-25,21:35:00,10.25,10.25,10.25,10.25,1000,0
2016-02-25,21:40:00,10.248,10.25,10.248,10.25,10000,0
2016-02-25,21:50:00,10.25,10.25,10.25,10.25,1000,0
2016-02-25,21:55:00,10.25,10.25,10.24,10.25,2100,0
2016-02-25,22:00:00,10.25,10.25,10.25,10.25,4500,0
2016-02-26,16:35:00,10.25,10.25,10.25,10.25,10100,0
2016-02-26,17:40:00,10.25,10.25,10.25,10.25,3200,0
2016-02-26,17:50:00,10.3,10.3,10.29,10.3,805,0
2016-02-26,18:25:00,10.25,10.25,10.25,10.25,10000,0
2016-02-26,18:35:00,10.25,10.26,10.25,10.26,1300,0
2016-02-26,18:40:00,10.26,10.26,10.25,10.25,1600,0
2016-02-26,18:45:00,10.25,10.25,10.25,10.25,700,0
2016-02-26,18:55:00,10.25,10.25,10.25,10.25,12500,0
2016-02-26,19:20:00,10.25,10.25,10.25,10.25,400,0
2016-02-26,19:25:00,10.26,10.26,10.26,10.26,200,0
2016-02-26,19:30:00,10.25,10.25,10.25,10.25,15000,0
2016-02-26,20:20:00,10.25,10.25,10.25,10.25,300,0
2016-02-26,20:25:00,10.25,10.25,10.25,10.25,4700,0
2016-02-26,20:30:00,10.25,10.25,10.25,10.25,1600,0
2016-02-26,20:50:00,10.28,10.28,10.28,10.28,100,0
2016-02-26,21:00:00,10.26,10.27,10.26,10.27,2700,0
2016-02-26,21:10:00,10.27,10.27,10.25,10.25,800,0
2016-02-26,21:15:00,10.27,10.27,10.25,10.25,500,0
2016-02-26,21:45:00,10.25,10.25,10.25,10.25,1000,0
2016-02-26,21:55:00,10.23,10.25,10.23,10.25,2800,0
2016-02-26,22:00:00,10.25,10.25,10.25,10.25,15000,0
2016-02-29,15:40:00,10.26,10.26,10.26,10.26,500,0
2016-02-29,19:25:00,10.25,10.25,10.25,10.25,118856,0
2016-02-29,19:35:00,10.43,10.43,10.43,10.43,100,0
2016-02-29,20:55:00,10.28,10.28,10.272,10.2789,1000,0
2016-03-01,17:50:00,10.2807,10.2807,10.2807,10.2807,2900,0
2016-03-01,17:55:00,10.28,10.28,10.2411,10.2411,2688,0
2016-03-01,18:00:00,10.2411,10.2411,10.2411,10.2411,34300,0
2016-03-01,19:50:00,10.27,10.27,10.27,10.27,250000,0
2016-03-01,20:30:00,10.27,10.27,10.27,10.27,100000,0
2016-03-01,20:45:00,10.26,10.26,10.26,10.26,150000,0
2016-03-01,20:50:00,10.27,10.27,10.27,10.27,100,0
2016-03-01,21:45:00,10.3,10.3,10.29,10.29,1200,0
2016-03-02,15:40:00,10.17,10.17,10.17,10.17,100,0
2016-03-02,17:05:00,10.21,10.21,10.18,10.18,1285,0
2016-03-02,17:45:00,10.27,10.27,10.27,10.27,900,0
2016-03-02,19:35:00,10.31,10.31,10.31,10.31,100,0
2016-03-02,19:45:00,10.27,10.27,10.27,10.27,100,0
2016-03-02,21:05:00,10.32,10.32,10.32,10.32,100,0
2016-03-03,19:35:00,10.35,10.35,10.35,10.35,10000,0
2016-03-03,22:00:00,10.34,10.34,10.34,10.34,100,0
2016-03-04,15:35:00,10.15,10.15,10.15,10.15,500,0
2016-03-04,15:40:00,10.25,10.25,10.25,10.25,100,0
2016-03-04,17:50:00,10.3172,10.3172,10.3172,10.3172,100,0
2016-03-04,18:00:00,10.32,10.32,10.32,10.32,365,0
2016-03-04,19:05:00,10.32,10.32,10.32,10.32,100,0
2016-03-07,22:00:00,10.35,10.35,10.35,10.35,100,0
2016-03-08,17:25:00,10.27,10.27,10.27,10.27,100,0
2016-03-08,19:30:00,10.36,10.36,10.33,10.33,400,0
2016-03-08,21:55:00,10.36,10.36,10.36,10.36,100,0
2016-03-08,22:00:00,10.33,10.33,10.23,10.23,26500,0
2016-03-09,19:40:00,10.3,10.3,10.3,10.3,25000,0
2016-03-09,20:35:00,10.3,10.3,10.3,10.3,25000,0
2016-03-09,20:50:00,10.46,10.46,10.46,10.46,100,0
2016-03-10,15:35:00,10.37,10.37,10.37,10.37,432,0
2016-03-10,15:40:00,10.19,10.21,10.19,10.21,2000,0
2016-03-10,15:45:00,10.24,10.58,10.24,10.54,2100,0
2016-03-10,19:40:00,10.34,10.34,10.34,10.34,100,0
2016-03-10,22:00:00,10.26,10.26,10.26,10.26,316,0
2016-03-11,16:55:00,10.26,10.26,10.26,10.26,200,0
2016-03-11,19:05:00,10.3,10.3,10.3,10.3,25000,0
2016-03-11,19:30:00,10.31,10.31,10.31,10.31,1400,0
2016-03-11,20:25:00,10.35,10.35,10.35,10.35,25000,0
2016-03-11,20:40:00,10.39,10.4,10.39,10.4,464,0
2016-03-11,21:15:00,10.388,10.3989,10.388,10.396,3614,0
2016-03-11,21:20:00,10.4,10.4,10.399,10.4,5200,0
2016-03-11,21:30:00,10.4,10.41,10.4,10.41,20936,0
2016-03-11,21:50:00,10.38,10.38,10.38,10.38,50000,0
2016-03-11,22:00:00,10.38,10.38,10.35,10.35,51600,0
2016-03-14,14:35:00,10.28,10.28,10.28,10.28,100,0
2016-03-14,14:50:00,10.41,10.41,10.41,10.41,100,0
2016-03-15,16:00:00,10.3425,10.3425,10.3425,10.3425,200,0
2016-03-15,17:45:00,10.31,10.31,10.3,10.3,100700,0
2016-03-15,17:50:00,10.3,10.3,10.3,10.3,100000,0
2016-03-15,17:55:00,10.3,10.3,10.3,10.3,75000,0
2016-03-15,18:10:00,10.3,10.3,10.3,10.3,50000,0
2016-03-15,18:20:00,10.3,10.3,10.3,10.3,50000,0
2016-03-15,18:25:00,10.3,10.3,10.3,10.3,100000,0
2016-03-15,18:40:00,10.3,10.3,10.3,10.3,23000,0
2016-03-15,18:45:00,10.3,10.35,10.28,10.3,18615,0
2016-03-15,18:50:00,10.3,10.3,10.3,10.3,65000,0
2016-03-15,19:25:00,10.3,10.3,10.3,10.3,50000,0
2016-03-15,20:50:00,10.32,10.32,10.3,10.3,6249,0
2016-03-15,20:55:00,10.3,10.3,10.3,10.3,1000,0
2016-03-16,16:00:00,10.3,10.3,10.3,10.3,200,0
2016-03-16,16:25:00,10.32,10.32,10.32,10.32,50000,0
2016-03-16,17:35:00,10.3,10.3,10.3,10.3,1400,0
2016-03-16,17:40:00,10.32,10.32,10.32,10.32,200,0
2016-03-16,19:45:00,10.3,10.3,10.3,10.3,4999,0
2016-03-16,21:00:00,10.32,10.32,10.32,10.32,100,0
2016-03-17,14:50:00,10.3,10.35,10.3,10.35,400,0
2016-03-17,17:10:00,10.31,10.31,10.31,10.31,1100,0
2016-03-17,17:15:00,10.31,10.31,10.31,10.31,500,0
2016-03-17,17:45:00,10.3096,10.3096,10.3096,10.3096,700,0
2016-03-17,18:10:00,10.31,10.31,10.31,10.31,1500,0
2016-03-17,18:30:00,10.32,10.32,10.32,10.32,700,0
2016-03-17,18:35:00,10.32,10.32,10.3189,10.3189,5000,0
2016-03-17,19:00:00,10.32,10.32,10.3199,10.3199,1500,0
2016-03-17,19:40:00,10.317,10.32,10.3064,10.32,3800,0
2016-03-17,20:40:00,10.32,10.32,10.32,10.32,100,0
2016-03-17,20:45:00,10.32,10.32,10.32,10.32,200,0
2016-03-17,20:55:00,10.32,10.32,10.32,10.32,200,0
2016-03-17,21:00:00,10.32,10.32,10.31,10.31,300,0
2016-03-21,14:35:00,11,11,11,11,288,0
2016-03-21,14:40:00,11,11,11,11,322,0
2016-03-21,14:55:00,10.75,10.75,10.75,10.75,1800,0
2016-03-21,15:10:00,10.6933,10.6933,10.6933,10.6933,300,0
2016-03-21,16:00:00,10.65,10.65,10.65,10.65,1600,0
2016-03-21,16:05:00,10.6,10.6,10.6,10.6,75000,0
2016-03-21,16:15:00,10.65,10.65,10.65,10.65,400,0
2016-03-21,16:30:00,10.696,10.696,10.677,10.677,4000,0
2016-03-21,16:35:00,10.67,10.67,10.6501,10.6501,2229,0
2016-03-21,16:45:00,10.7,10.79,10.7,10.79,51400,0
2016-03-21,16:55:00,10.8,10.8,10.75,10.75,2200,0
2016-03-21,17:20:00,10.75,10.75,10.75,10.75,20000,0
2016-03-21,19:00:00,10.6515,10.6515,10.651,10.651,1000,0
2016-03-21,19:05:00,10.62,10.62,10.62,10.62,3588,0
2016-03-21,19:20:00,10.63,10.73,10.63,10.73,1500,0
2016-03-21,19:40:00,10.716,10.716,10.712,10.712,2000,0
2016-03-21,20:30:00,10.65,10.65,10.65,10.65,400,0
2016-03-21,20:45:00,10.7,10.7,10.7,10.7,300,0
2016-03-21,20:55:00,10.7,10.7,10.7,10.7,7600,0
2016-03-22,14:35:00,10.65,10.66,10.65,10.65,3000,0
2016-03-22,15:00:00,10.6399,10.6399,10.6399,10.6399,1000,0
2016-03-22,15:05:00,10.59,10.6,10.5835,10.6,11700,0
2016-03-22,15:10:00,10.6,10.6,10.6,10.6,300,0
2016-03-22,15:15:00,10.64,10.69,10.64,10.69,1100,0
2016-03-22,15:30:00,10.63,10.63,10.63,10.63,500,0
2016-03-22,15:45:00,10.62,10.62,10.62,10.62,1000,0
2016-03-22,16:25:00,10.64,10.64,10.6,10.6,50300,0
2016-03-22,16:30:00,10.7,10.7,10.7,10.7,100,0
2016-03-22,16:55:00,10.685,10.685,10.685,10.685,500,0
2016-03-22,17:35:00,10.65,10.65,10.65,10.65,500,0
2016-03-22,17:40:00,10.65,10.65,10.6,10.62,50800,0
2016-03-22,18:05:00,10.61,10.61,10.61,10.61,300,0
2016-03-22,18:50:00,10.622,10.65,10.622,10.65,1200,0
2016-03-22,20:55:00,10.6435,10.65,10.64,10.65,1700,0
2016-03-22,21:00:00,10.605,10.605,10.605,10.605,600,0
2016-03-23,18:20:00,10.607,10.61,10.607,10.61,1000,0
2016-03-23,18:30:00,10.62,10.62,10.62,10.62,500,0
2016-03-23,19:05:00,10.61,10.61,10.58,10.58,1200,0
2016-03-23,20:20:00,10.6,10.6,10.6,10.6,50000,0
2016-03-23,20:25:00,10.6,10.6,10.6,10.6,200,0
2016-03-23,20:35:00,10.6,10.65,10.6,10.65,599,0
2016-03-23,20:45:00,10.6,10.65,10.6,10.65,50100,0
2016-03-24,18:00:00,10.587,10.587,10.582,10.582,1200,0
2016-03-24,19:15:00,10.6,10.6,10.5937,10.5937,600,0
2016-03-24,20:25:00,10.57,10.57,10.55,10.55,300300,0
2016-03-28,16:15:00,10.49,10.67,10.49,10.49,2600,0
2016-03-28,17:00:00,10.619,10.619,10.619,10.619,100,0
2016-03-28,17:25:00,10.51,10.51,10.51,10.51,145923,0
2016-03-28,17:35:00,10.67,10.67,10.67,10.67,100,0
2016-03-28,21:50:00,10.579,10.579,10.571,10.571,2200,0
2016-03-28,21:55:00,10.5799,10.5799,10.5799,10.5799,1000,0
2016-03-28,22:00:00,10.535,10.58,10.535,10.58,1200,0
2016-03-29,15:35:00,10.52,10.52,10.52,10.52,400,0
2016-03-29,16:30:00,10.62,10.62,10.62,10.62,1200,0
2016-03-29,20:30:00,10.54,10.54,10.5,10.5,64000,0
2016-03-29,20:40:00,10.5,10.5,10.5,10.5,973,0
2016-03-29,20:45:00,10.5,10.56,10.5,10.56,2600,0
2016-03-29,21:20:00,10.42,10.53,10.42,10.51,3400,0
2016-03-29,21:55:00,10.49,10.5,10.49,10.5,6400,0
2016-03-29,22:00:00,10.5,10.51,10.5,10.51,31000,0
2016-03-30,15:35:00,10.42,10.472,10.42,10.472,300,0
2016-03-30,15:40:00,10.54,10.54,10.535,10.54,1100,0
2016-03-30,16:35:00,10.5,10.505,10.47,10.47,3200,0
2016-03-30,17:15:00,10.49,10.49,10.49,10.49,100,0
2016-03-30,17:20:00,10.49,10.5,10.475,10.5,700,0
2016-03-30,17:40:00,10.5,10.5,10.5,10.5,1200,0
2016-03-30,17:50:00,10.51,10.51,10.51,10.51,100,0
2016-03-30,18:15:00,10.515,10.515,10.5,10.5,1600,0
2016-03-30,18:45:00,10.5295,10.53,10.52,10.53,1000,0
2016-03-30,18:50:00,10.52,10.52,10.52,10.52,500,0
2016-03-30,19:20:00,10.53,10.53,10.53,10.53,400,0
2016-03-30,19:30:00,10.55,10.55,10.55,10.55,100,0
2016-03-30,19:40:00,10.53,10.53,10.53,10.53,400,0
2016-03-30,19:45:00,10.53,10.53,10.53,10.53,100,0
2016-03-30,20:00:00,10.56,10.56,10.5301,10.5301,1282,0
2016-03-30,20:35:00,10.54,10.54,10.54,10.54,100,0
2016-03-30,20:40:00,10.55,10.55,10.535,10.535,300,0
2016-03-30,20:50:00,10.53,10.533,10.49,10.515,2920,0
2016-03-30,21:10:00,10.508,10.508,10.508,10.508,1000,0
2016-03-30,21:15:00,10.4989,10.5,10.47,10.5,1300,0
2016-03-30,21:25:00,10.53,10.53,10.5,10.5,18800,0
2016-03-30,21:30:00,10.53,10.53,10.5,10.505,13900,0
2016-03-30,21:45:00,10.5,10.5,10.5,10.5,6500,0
2016-03-30,21:50:00,10.5,10.5,10.5,10.5,2100,0
2016-03-30,21:55:00,10.52,10.52,10.51,10.51,600,0
2016-03-30,22:00:00,10.52,10.53,10.49,10.53,8000,0
2016-03-31,15:50:00,10.51,10.51,10.51,10.51,5000,0
2016-03-31,16:05:00,10.5,10.5,10.5,10.5,300,0
2016-03-31,16:30:00,10.5,10.5,10.5,10.5,80000,0
2016-03-31,16:40:00,10.51,10.53,10.505,10.53,11200,0
2016-03-31,16:50:00,10.51,10.51,10.5,10.5,21200,0
2016-03-31,17:00:00,10.5,10.5,10.5,10.5,100,0
2016-03-31,17:05:00,10.5,10.5,10.5,10.5,400,0
2016-03-31,17:10:00,10.5,10.5,10.5,10.5,600,0
2016-03-31,17:15:00,10.51,10.51,10.51,10.51,400,0
2016-03-31,17:20:00,10.5,10.5,10.5,10.5,50000,0
2016-03-31,17:25:00,10.486,10.486,10.486,10.486,1000,0
2016-03-31,17:40:00,10.5,10.5,10.5,10.5,50000,0
2016-03-31,18:00:00,10.5,10.5,10.5,10.5,25500,0
2016-03-31,19:20:00,10.5,10.5,10.5,10.5,7900,0
2016-03-31,20:35:00,10.48,10.48,10.48,10.48,1000,0
2016-03-31,20:50:00,10.48,10.48,10.48,10.48,1000,0
2016-03-31,20:55:00,10.48,10.48,10.48,10.48,100,0
2016-03-31,21:00:00,10.49,10.49,10.49,10.49,1000,0
2016-03-31,21:05:00,10.5,10.5,10.5,10.5,25000,0
2016-03-31,21:30:00,10.49,10.49,10.49,10.49,1000,0
2016-03-31,21:50:00,10.48,10.48,10.48,10.48,1000,0
2016-03-31,22:00:00,10.49,10.49,10.49,10.49,4000,0
2016-04-01,16:00:00,10.45,10.45,10.41,10.45,400,0
2016-04-01,16:10:00,10.5,10.5,10.495,10.5,10600,0
2016-04-01,16:15:00,10.501,10.501,10.5,10.5,400,0
2016-04-01,16:45:00,10.46,10.46,10.46,10.46,200,0
2016-04-01,17:00:00,10.4699,10.507,10.4699,10.507,26100,0
2016-04-01,17:10:00,10.5,10.5,10.5,10.5,100,0
2016-04-01,17:35:00,10.51,10.51,10.5,10.51,1300,0
2016-04-01,20:20:00,10.5,10.5,10.5,10.5,2300,0
2016-04-01,21:20:00,10.5,10.5,10.5,10.5,15000,0
2016-04-01,21:55:00,10.5,10.5,10.5,10.5,5000,0
2016-04-01,22:00:00,10.49,10.49,10.49,10.49,200,0
2016-04-04,20:50:00,10.5,10.5,10.5,10.5,500,0
2016-04-04,21:50:00,10.5,10.5,10.49,10.49,1200,0
2016-04-04,21:55:00,10.49,10.49,10.49,10.49,100,0
2016-04-04,22:00:00,10.47,10.49,10.47,10.49,470,0
2016-04-05,15:35:00,10.4,10.4,10.3999,10.4,4150,0
2016-04-05,16:20:00,10.47,10.47,10.47,10.47,20300,0
2016-04-05,16:50:00,10.49,10.49,10.49,10.49,700,0
2016-04-05,17:15:00,10.48,10.49,10.48,10.49,362,0
2016-04-05,19:05:00,10.49,10.4901,10.49,10.4901,1212,0
2016-04-05,21:20:00,10.49,10.49,10.49,10.49,100,0
2016-04-05,21:25:00,10.49,10.49,10.49,10.49,750,0
2016-04-05,21:45:00,10.49,10.5,10.49,10.5,1400,0
2016-04-06,15:35:00,10.5,10.5,10.5,10.5,268,0
2016-04-06,17:10:00,10.5,10.5,10.5,10.5,125000,0
2016-04-06,18:00:00,10.485,10.485,10.485,10.485,200,0
2016-04-06,18:05:00,10.5,10.5,10.5,10.5,100,0
2016-04-06,18:20:00,10.475,10.475,10.4,10.4,6000,0
2016-04-06,19:00:00,10.5,10.5,10.5,10.5,50000,0
2016-04-06,20:25:00,10.5,10.5,10.5,10.5,100,0
2016-04-06,21:35:00,10.45,10.45,10.45,10.45,2200,0
2016-04-07,17:05:00,10.47,10.47,10.44,10.46,1700,0
2016-04-07,21:50:00,10.41,10.41,10.4,10.4,6100,0
2016-04-08,15:35:00,10.31,10.31,10.31,10.31,1400,0
2016-04-08,15:45:00,10.3,10.35,10.29,10.29,6547,0
2016-04-08,16:40:00,10.35,10.38,10.34,10.36,12199,0
2016-04-08,16:45:00,10.375,10.4,10.31,10.4,40047,0
2016-04-08,16:50:00,10.38,10.38,10.37,10.37,27000,0
2016-04-08,16:55:00,10.38,10.39,10.37,10.37,2200,0
2016-04-08,17:00:00,10.37,10.37,10.35,10.36,22100,0
2016-04-08,17:50:00,10.36,10.36,10.36,10.36,1000,0
2016-04-08,17:55:00,10.36,10.36,10.35,10.35,51000,0
2016-04-08,19:00:00,10.35,10.3589,10.33,10.357,900,0
2016-04-08,20:05:00,10.336,10.336,10.336,10.336,1000,0
2016-04-08,20:10:00,10.34,10.34,10.3399,10.34,6000,0
2016-04-08,20:15:00,10.34,10.39,10.34,10.39,40000,0
2016-04-08,20:20:00,10.34,10.34,10.32,10.32,1600,0
2016-04-08,20:25:00,10.32,10.32,10.3,10.32,21200,0
2016-04-08,20:30:00,10.3,10.31,10.3,10.3,73970,0
2016-04-08,21:20:00,10.33,10.34,10.33,10.33,8200,0
2016-04-08,21:40:00,10.34,10.34,10.34,10.34,2000,0
2016-04-08,21:50:00,10.335,10.35,10.335,10.335,5000,0
2016-04-08,22:00:00,10.35,10.35,10.31,10.33,3400,0
2016-04-11,15:35:00,10.31,10.31,10.31,10.31,3200,0
2016-04-11,16:15:00,10.34,10.34,10.275,10.275,20100,0
2016-04-11,16:20:00,10.34,10.34,10.31,10.311,6100,0
2016-04-11,16:25:00,10.32,10.34,10.32,10.33,8400,0
2016-04-11,16:30:00,10.3,10.3,10.3,10.3,6000,0
2016-04-11,16:40:00,10.335,10.3398,10.335,10.3392,1600,0
2016-04-11,16:45:00,10.335,10.3398,10.335,10.3392,1700,0
2016-04-11,17:40:00,10.35,10.35,10.3,10.3,43400,0
2016-04-11,17:45:00,10.32,10.34,10.315,10.34,5600,0
2016-04-11,17:55:00,10.32,10.32,10.32,10.32,44500,0
2016-04-11,18:40:00,10.32,10.32,10.3,10.3,45500,0
2016-04-11,18:50:00,10.26,10.31,10.25,10.285,72303,0
2016-04-11,19:00:00,10.2325,10.2325,10.2325,10.2325,300,0
2016-04-11,19:10:00,10.25,10.25,10.25,10.25,2900,0
2016-04-11,19:40:00,10.3,10.3,10.275,10.275,6000,0
2016-04-11,21:00:00,10.34,10.34,10.32,10.34,2400,0
2016-04-11,21:20:00,10.3,10.3,10.28,10.28,9100,0
2016-04-11,21:45:00,10.28,10.28,10.28,10.28,2000,0
2016-04-11,21:50:00,10.265,10.27,10.265,10.27,3300,0
2016-04-11,22:00:00,10.265,10.27,10.265,10.265,23266,0
2016-04-12,16:00:00,10.2601,10.2601,10.2601,10.2601,300,0
2016-04-12,17:20:00,10.3,10.3,10.28,10.295,49896,0
2016-04-12,17:25:00,10.28,10.3,10.28,10.3,15000,0
2016-04-12,17:30:00,10.275,10.29,10.275,10.29,40000,0
2016-04-12,17:45:00,10.27,10.27,10.27,10.27,100,0
2016-04-12,18:15:00,10.28,10.29,10.263,10.263,3300,0
2016-04-12,18:45:00,10.28,10.28,10.28,10.28,900,0
2016-04-12,18:50:00,10.27,10.27,10.265,10.27,1800,0
2016-04-12,18:55:00,10.26,10.26,10.26,10.26,3741,0
2016-04-12,19:00:00,10.275,10.28,10.27,10.27,55100,0
2016-04-12,19:25:00,10.28,10.28,10.28,10.28,17500,0
2016-04-12,19:30:00,10.28,10.28,10.28,10.28,107500,0
2016-04-12,20:05:00,10.285,10.285,10.285,10.285,3000,0
2016-04-12,20:35:00,10.29,10.29,10.29,10.29,100,0
2016-04-12,20:40:00,10.27,10.28,10.27,10.2799,3800,0
2016-04-12,20:45:00,10.27,10.27,10.27,10.27,706,0
2016-04-12,21:00:00,10.28,10.28,10.28,10.28,48000,0
2016-04-12,21:05:00,10.275,10.28,10.275,10.28,12500,0
2016-04-12,21:15:00,10.29,10.29,10.29,10.29,100,0
2016-04-13,16:35:00,10.322,10.322,10.322,10.322,200,0
2016-04-13,17:05:00,10.34,10.35,10.33,10.35,900,0
2016-04-13,17:35:00,10.36,10.37,10.32,10.37,10800,0
2016-04-13,17:45:00,10.35,10.35,10.35,10.35,500,0
2016-04-13,18:00:00,10.35,10.355,10.35,10.35,700,0
2016-04-13,18:20:00,10.35,10.35,10.33,10.33,6000,0
2016-04-13,19:05:00,10.335,10.335,10.335,10.335,200,0
2016-04-13,19:45:00,10.35,10.35,10.32,10.32,16800,0
2016-04-13,20:00:00,10.33,10.35,10.33,10.35,5000,0
2016-04-13,20:25:00,10.35,10.35,10.32,10.32,12000,0
2016-04-13,20:30:00,10.37,10.37,10.35,10.35,13500,0
2016-04-13,20:55:00,10.32,10.34,10.32,10.34,2000,0
2016-04-13,21:00:00,10.34,10.34,10.335,10.34,3100,0
2016-04-13,21:20:00,10.35,10.35,10.34,10.35,9429,0
2016-04-13,21:25:00,10.3498,10.35,10.33,10.33,29200,0
2016-04-13,21:35:00,10.33,10.33,10.33,10.33,1100,0
2016-04-13,21:40:00,10.35,10.35,10.32,10.32,29500,0
2016-04-13,21:50:00,10.325,10.325,10.325,10.325,1000,0
2016-04-13,21:55:00,10.325,10.325,10.325,10.325,4000,0
2016-04-13,22:00:00,10.32,10.32,10.32,10.32,300,0
2016-04-14,15:35:00,10.29,10.29,10.29,10.29,700,0
2016-04-14,15:55:00,10.35,10.35,10.35,10.35,100,0
2016-04-14,17:15:00,10.33,10.34,10.29,10.335,5894,0
2016-04-14,18:30:00,10.32,10.35,10.32,10.35,8800,0
2016-04-14,18:35:00,10.35,10.35,10.29,10.29,8770,0
2016-04-14,20:10:00,10.3,10.3,10.29,10.29,381086,0
2016-04-14,20:35:00,10.29,10.29,10.29,10.29,200,0
2016-04-14,20:40:00,10.29,10.3,10.25,10.25,22000,0
2016-04-14,20:45:00,10.27,10.27,10.22,10.255,32500,0
2016-04-14,20:55:00,10.335,10.34,10.335,10.338,1000,0
2016-04-14,21:10:00,10.34,10.34,10.34,10.34,1000,0
2016-04-14,21:15:00,10.34,10.35,10.335,10.335,1400,0
2016-04-14,21:25:00,10.34,10.35,10.3,10.35,22300,0
2016-04-14,21:40:00,10.34,10.34,10.31,10.325,4200,0
2016-04-14,21:45:00,10.35,10.35,10.35,10.35,1800,0
2016-04-14,21:50:00,10.35,10.35,10.31,10.31,12000,0
2016-04-14,22:00:00,10.36,10.36,10.33,10.33,5800,0
2016-04-15,17:20:00,10.35,10.35,10.3,10.325,27700,0
2016-04-15,17:35:00,10.37,10.37,10.37,10.37,100,0
2016-04-15,18:45:00,10.35,10.35,10.35,10.35,5500,0
2016-04-15,19:05:00,10.35,10.37,10.35,10.37,2300,0
2016-04-15,19:10:00,10.36,10.36,10.36,10.36,3000,0
2016-04-15,19:15:00,10.37,10.59,10.36,10.585,9076,0
2016-04-15,19:25:00,10.47,10.47,10.47,10.47,300,0
2016-04-15,19:30:00,10.4594,10.4594,10.4594,10.4594,1000,0
2016-04-15,20:35:00,10.41,10.41,10.38,10.41,26800,0
2016-04-15,21:20:00,10.38,10.41,10.35,10.36,54838,0
2016-04-15,21:30:00,10.37,10.37,10.36,10.36,23000,0
2016-04-15,21:45:00,10.39,10.39,10.39,10.39,3200,0
2016-04-15,21:50:00,10.436,10.436,10.37,10.37,4649,0
2016-04-15,21:55:00,10.43,10.44,10.415,10.4275,34583,0
2016-04-15,22:00:00,10.44,10.49,10.44,10.45,3200,0
2016-04-18,17:25:00,10.45,10.45,10.45,10.45,200,0
2016-04-18,18:45:00,10.465,10.47,10.465,10.47,2100,0
2016-04-18,21:50:00,10.46,10.46,10.43,10.43,30500,0
2016-04-18,21:55:00,10.45,10.45,10.45,10.45,300,0
2016-04-19,15:35:00,10.55,10.55,10.55,10.55,102,0
2016-04-19,16:00:00,10.5,10.55,10.5,10.55,5700,0
2016-04-19,16:05:00,10.55,10.55,10.55,10.55,2500,0
2016-04-19,16:10:00,10.55,10.55,10.53,10.53,12500,0
2016-04-19,16:30:00,10.5,10.5,10.5,10.5,1000,0
2016-04-19,16:35:00,10.4875,10.5,10.4875,10.5,10200,0
2016-04-19,20:35:00,10.47,10.47,10.4,10.43,24100,0
2016-04-19,21:40:00,10.44,10.45,10.44,10.44,1000,0
2016-04-19,21:45:00,10.45,10.45,10.45,10.45,100,0
2016-04-19,22:00:00,10.45,10.45,10.44,10.44,500,0
2016-04-20,15:35:00,10.44,10.44,10.44,10.44,200,0
2016-04-20,17:10:00,10.45,10.45,10.42,10.42,2700,0
2016-04-20,17:20:00,10.46,10.47,10.46,10.47,1100,0
2016-04-20,18:00:00,10.4699,10.47,10.4699,10.47,1100,0
2016-04-20,18:05:00,10.45,10.45,10.45,10.45,1000,0
2016-04-20,18:25:00,10.45,10.45,10.45,10.45,500,0
2016-04-20,18:40:00,10.45,10.45,10.45,10.45,200,0
2016-04-20,19:00:00,10.44,10.44,10.4,10.42,8000,0
2016-04-20,20:45:00,10.45,10.45,10.45,10.45,500,0
2016-04-20,21:50:00,10.437,10.437,10.437,10.437,500,0
2016-04-21,18:05:00,10.49,10.49,10.48,10.48,200,0
2016-04-21,22:00:00,10.41,10.45,10.41,10.45,1600,0
2016-04-22,15:35:00,10.36,10.36,10.36,10.36,1500,0
2016-04-22,15:55:00,10.43,10.45,10.41,10.41,10220,0
2016-04-22,16:20:00,10.41,10.41,10.4,10.4,31480,0
2016-04-22,16:25:00,10.41,10.41,10.41,10.41,100,0
2016-04-22,17:00:00,10.4,10.4,10.4,10.4,100,0
2016-04-22,17:15:00,10.41,10.41,10.41,10.41,200,0
2016-04-22,17:25:00,10.41,10.41,10.41,10.41,100,0
2016-04-22,17:30:00,10.41,10.41,10.41,10.41,200,0
2016-04-22,17:45:00,10.41,10.41,10.41,10.41,200,0
2016-04-22,17:55:00,10.41,10.41,10.41,10.41,100,0
2016-04-22,18:00:00,10.41,10.41,10.41,10.41,200,0
2016-04-22,18:10:00,10.4,10.4,10.4,10.4,100,0
2016-04-22,18:15:00,10.4,10.4,10.4,10.4,200,0
2016-04-22,18:30:00,10.4,10.4,10.4,10.4,200,0
2016-04-22,18:40:00,10.4,10.4,10.4,10.4,100,0
2016-04-22,18:45:00,10.4,10.4,10.4,10.4,200,0
2016-04-22,18:55:00,10.4,10.4,10.4,10.4,100,0
2016-04-22,19:00:00,10.4,10.4,10.4,10.4,200,0
2016-04-22,19:05:00,10.41,10.41,10.4,10.41,8800,0
2016-04-22,19:10:00,10.41,10.41,10.41,10.41,200,0
2016-04-22,19:15:00,10.41,10.41,10.41,10.41,300,0
2016-04-22,19:25:00,10.41,10.41,10.41,10.41,3200,0
2016-04-22,19:30:00,10.41,10.41,10.41,10.41,200,0
2016-04-22,19:45:00,10.41,10.41,10.41,10.41,200,0
2016-04-22,19:55:00,10.41,10.41,10.41,10.41,100,0
2016-04-22,20:00:00,10.41,10.41,10.41,10.41,200,0
2016-04-22,20:10:00,10.41,10.41,10.41,10.41,100,0
2016-04-22,20:15:00,10.41,10.41,10.41,10.41,200,0
2016-04-22,20:30:00,10.41,10.41,10.41,10.41,200,0
2016-04-22,20:40:00,10.41,10.41,10.41,10.41,100,0
2016-04-22,20:45:00,10.41,10.41,10.4,10.4,2179,0
2016-04-22,20:55:00,10.4,10.4,10.4,10.4,100,0
2016-04-22,21:00:00,10.4,10.4,10.4,10.4,200,0
2016-04-22,21:15:00,10.4,10.4,10.4,10.4,200,0
2016-04-22,21:20:00,10.4,10.41,10.4,10.41,800,0
2016-04-25,17:10:00,10.45,10.45,10.41,10.41,124054,0
2016-04-25,18:30:00,10.4,10.41,10.39,10.4,2346,0
2016-04-25,18:35:00,10.4,10.41,10.4,10.41,2200,0
2016-04-25,22:00:00,10.4,10.405,10.4,10.405,400,0
2016-04-26,15:35:00,10.4,10.4,10.4,10.4,100,0
2016-04-26,16:00:00,10.4004,10.4004,10.4,10.4,6700,0
2016-04-26,16:35:00,10.41,10.41,10.41,10.41,700,0
2016-04-26,17:55:00,10.4,10.4,10.4,10.4,500,0
2016-04-26,18:10:00,10.41,10.41,10.38,10.41,29164,0
2016-04-26,19:00:00,10.41,10.41,10.4,10.4,109787,0
2016-04-26,20:15:00,10.41,10.41,10.4,10.4,2300,0
2016-04-26,20:20:00,10.41,10.41,10.4,10.4,1100,0
2016-04-26,20:25:00,10.405,10.41,10.4,10.4,2300,0
2016-04-26,20:30:00,10.41,10.41,10.38,10.4,52700,0
2016-04-26,20:45:00,10.405,10.405,10.4,10.4,50900,0
2016-04-26,20:55:00,10.4,10.41,10.4,10.4,102500,0
2016-04-26,21:05:00,10.4,10.4,10.4,10.4,100000,0
2016-04-26,21:15:00,10.37,10.37,10.37,10.37,200,0
2016-04-26,21:20:00,10.4,10.4,10.4,10.4,3000,0
2016-04-26,21:25:00,10.4,10.4,10.4,10.4,31050,0
2016-04-26,21:40:00,10.44,10.45,10.436,10.45,300,0
2016-04-26,21:50:00,10.41,10.41,10.41,10.41,100,0
2016-04-26,21:55:00,10.41,10.45,10.41,10.45,338,0
2016-04-26,22:00:00,10.44,10.44,10.43,10.43,200,0
2016-04-27,16:10:00,10.44,10.45,10.44,10.45,2252,0
2016-04-27,16:15:00,10.42,10.42,10.4,10.4,100000,0
2016-04-27,16:40:00,10.44,10.44,10.44,10.44,300,0
2016-04-27,16:45:00,10.42,10.42,10.4,10.4,300700,0
2016-04-27,17:15:00,10.49,10.5,10.49,10.5,200,0
2016-04-27,18:35:00,10.46,10.5,10.46,10.5,100100,0
2016-04-27,18:45:00,10.5,10.51,10.5,10.51,1900,0
2016-04-27,20:10:00,10.5,10.5,10.5,10.5,200,0
2016-04-27,20:30:00,10.5,10.5,10.5,10.5,213964,0
2016-04-27,20:50:00,10.48,10.5,10.48,10.5,7000,0
2016-04-27,20:55:00,10.5,10.5,10.5,10.5,39950,0
2016-04-27,21:15:00,10.5,10.51,10.5,10.51,58190,0
2016-04-27,21:20:00,10.5099,10.51,10.507,10.5092,500,0
2016-04-27,21:35:00,10.5,10.5,10.5,10.5,200000,0
2016-04-28,18:30:00,10.52,10.52,10.52,10.52,240,0
2016-04-28,18:55:00,10.58,10.58,10.58,10.58,100,0
2016-04-28,19:00:00,10.57,10.57,10.56,10.56,2298,0
2016-04-28,19:10:00,10.59,10.6,10.59,10.6,3133,0
2016-04-28,19:20:00,10.64,10.64,10.64,10.64,1500,0
2016-04-28,20:30:00,10.64,10.65,10.64,10.65,3700,0
2016-04-28,21:45:00,10.58,10.58,10.58,10.58,100,0
2016-04-29,18:00:00,10.588,10.588,10.588,10.588,800,0
2016-04-29,19:00:00,10.61,10.61,10.6,10.6008,3900,0
2016-04-29,19:05:00,10.673,10.673,10.673,10.673,1000,0
2016-04-29,19:10:00,10.655,10.655,10.54,10.54,2700,0
2016-04-29,19:35:00,10.58,10.58,10.58,10.58,100,0
2016-04-29,19:55:00,10.58,10.58,10.58,10.58,200,0
2016-04-29,20:50:00,10.58,10.58,10.58,10.58,100,0
2016-04-29,21:05:00,10.58,10.58,10.58,10.58,100,0
2016-04-29,21:20:00,10.58,10.58,10.58,10.58,200,0
2016-04-29,21:40:00,10.58,10.58,10.58,10.58,100,0
2016-04-29,22:00:00,10.58,10.58,10.58,10.58,100,0
2016-05-02,16:05:00,10.53,10.53,10.51,10.51,1500,0
2016-05-02,17:00:00,10.52,10.52,10.52,10.52,100,0
2016-05-03,15:35:00,10.39,10.39,10.39,10.39,3000,0
2016-05-03,17:05:00,10.55,10.55,10.55,10.55,100,0
2016-05-03,17:10:00,10.52,10.56,10.52,10.55,101300,0
2016-05-03,17:50:00,10.52,10.62,10.5101,10.5101,2000,0
2016-05-03,17:55:00,10.57,10.57,10.57,10.57,400,0
2016-05-03,18:10:00,10.58,10.58,10.58,10.58,1024,0
2016-05-03,20:55:00,10.5772,10.5772,10.5772,10.5772,1250,0
2016-05-03,21:45:00,10.58,10.64,10.58,10.64,2806,0
2016-05-03,22:00:00,10.61,10.62,10.56,10.56,500,0
2016-05-04,18:35:00,10.6101,10.6101,10.59,10.59,2400,0
2016-05-04,20:50:00,10.58,10.58,10.58,10.58,400,0
2016-05-04,21:00:00,10.58,10.6,10.58,10.6,400,0
2016-05-04,21:20:00,10.61,10.62,10.61,10.62,2100,0
2016-05-04,21:35:00,10.62,10.62,10.6,10.6,500,0
2016-05-04,21:40:00,10.6,10.62,10.6,10.61,2800,0
2016-05-04,21:55:00,10.65,10.68,10.63,10.66,600,0
2016-05-05,16:15:00,10.65,10.65,10.64,10.65,1600,0
2016-05-05,16:20:00,10.67,10.67,10.6501,10.6501,1100,0
2016-05-05,17:40:00,10.6501,10.6501,10.6501,10.6501,1000,0
2016-05-05,18:25:00,10.65,10.65,10.56,10.56,299,0
2016-05-05,18:40:00,10.62,10.62,10.62,10.62,100,0
2016-05-05,20:50:00,10.68,10.69,10.68,10.69,400,0
2016-05-05,22:00:00,10.64,10.64,10.64,10.64,100,0
2016-05-06,17:00:00,10.6,10.6,10.6,10.6,3200,0
2016-05-06,17:45:00,10.61,10.61,10.61,10.61,100,0
2016-05-06,19:40:00,10.68,10.68,10.68,10.68,100,0
2016-05-06,20:00:00,10.69,10.69,10.69,10.69,100,0
2016-05-06,21:25:00,10.663,10.663,10.663,10.663,2000,0
2016-05-06,21:30:00,10.675,10.675,10.66,10.66,500,0
2016-05-06,21:55:00,10.67,10.67,10.67,10.67,200,0
2016-05-06,22:00:00,10.66,10.7,10.65,10.65,1100,0
2016-05-09,15:35:00,10.7,10.7,10.7,10.7,2151,0
2016-05-09,16:45:00,10.6477,10.6477,10.6477,10.6477,200,0
2016-05-10,16:35:00,10.63,10.63,10.62,10.63,15600,0
2016-05-10,16:40:00,10.63,10.63,10.63,10.63,1500,0
2016-05-10,19:15:00,10.66,10.66,10.66,10.66,100,0
2016-05-10,19:45:00,10.65,10.65,10.65,10.65,100,0
2016-05-10,20:45:00,10.65,10.65,10.65,10.65,600,0
2016-05-10,21:30:00,10.63,10.63,10.63,10.63,100,0
2016-05-10,21:40:00,10.641,10.641,10.64,10.64,2500,0
2016-05-11,15:40:00,10.6699,10.6699,10.6699,10.6699,100,0
2016-05-11,15:55:00,10.6,10.6,10.6,10.6,9974,0
2016-05-11,16:10:00,10.6062,10.6062,10.6,10.6,1400,0
2016-05-11,16:40:00,10.61,10.61,10.61,10.61,100,0
2016-05-11,16:55:00,10.6101,10.613,10.61,10.6108,500,0
2016-05-11,19:10:00,10.6,10.6,10.6,10.6,1200,0
2016-05-11,19:40:00,10.5557,10.5557,10.5557,10.5557,100,0
2016-05-11,19:45:00,10.56,10.6,10.56,10.6,1624,0
2016-05-12,15:35:00,10.6,10.6,10.6,10.6,2000,0
2016-05-12,15:40:00,10.6,10.6,10.6,10.6,1450,0
2016-05-12,16:45:00,10.57,10.6,10.57,10.6,500,0
2016-05-12,17:00:00,10.55,10.55,10.55,10.55,200,0
2016-05-12,18:20:00,10.54,10.54,10.54,10.54,100,0
2016-05-12,19:10:00,10.5,10.5,10.49,10.5,6300,0
2016-05-12,21:30:00,10.43,10.43,10.43,10.43,100,0
2016-05-12,21:45:00,10.3999,10.4,10.3999,10.4,2300,0
2016-05-13,16:00:00,10.46,10.46,10.46,10.46,100,0
2016-05-13,16:35:00,10.46,10.46,10.46,10.46,1000,0
2016-05-13,17:30:00,10.49,10.49,10.4898,10.4898,1100,0
2016-05-13,18:15:00,10.49,10.49,10.49,10.49,1000,0
2016-05-13,19:00:00,10.46,10.46,10.46,10.46,100,0
2016-05-13,21:10:00,10.47,10.47,10.47,10.47,200,0
2016-05-16,16:35:00,10.3,10.3,10.3,10.3,2100,0
2016-05-16,17:30:00,10.331,10.331,10.331,10.331,200,0
2016-05-16,17:40:00,10.33,10.33,10.33,10.33,500,0
2016-05-16,18:35:00,10.351,10.351,10.351,10.351,200,0
2016-05-16,18:40:00,10.35,10.35,10.34,10.34,15500,0
2016-05-16,18:45:00,10.315,10.34,10.301,10.315,4100,0
2016-05-16,18:50:00,10.32,10.33,10.32,10.32,4200,0
2016-05-16,18:55:00,10.31,10.31,10.3,10.3,4100,0
2016-05-16,19:00:00,10.3,10.31,10.29,10.29,5700,0
2016-05-16,19:05:00,10.3,10.3,10.3,10.3,1000,0
2016-05-16,19:15:00,10.3,10.3,10.3,10.3,1000,0
2016-05-16,19:25:00,10.3,10.31,10.3,10.3,6600,0
2016-05-16,19:30:00,10.3,10.3,10.3,10.3,22100,0
2016-05-16,19:35:00,10.3,10.31,10.3,10.31,1600,0
2016-05-16,19:40:00,10.3,10.31,10.3,10.31,1900,0
2016-05-16,19:45:00,10.2901,10.2901,10.2901,10.2901,500,0
2016-05-16,19:50:00,10.3,10.303,10.298,10.3,9700,0
2016-05-16,19:55:00,10.31,10.31,10.31,10.31,18500,0
2016-05-16,20:00:00,10.3,10.3,10.3,10.3,400,0
2016-05-16,20:05:00,10.3,10.3,10.3,10.3,300,0
2016-05-16,20:25:00,10.26,10.26,10.26,10.26,100,0
2016-05-16,20:45:00,10.262,10.262,10.262,10.262,100,0
2016-05-16,20:55:00,10.25,10.25,10.24,10.24,500,0
2016-05-16,21:05:00,10.2001,10.2001,10.2001,10.2001,700,0
2016-05-16,21:20:00,10.25,10.25,10.25,10.25,1000,0
2016-05-16,21:25:00,10.25,10.25,10.2101,10.2101,1400,0
2016-05-16,21:35:00,10.2385,10.25,10.2385,10.25,1100,0
2016-05-16,21:40:00,10.2559,10.2559,10.25,10.25,800,0
2016-05-16,21:50:00,10.25,10.25,10.25,10.25,200,0
2016-05-16,21:55:00,10.2501,10.2501,10.25,10.25,1100,0
2016-05-17,18:30:00,10.25,10.251,10.25,10.25,6200,0
2016-05-17,19:20:00,10.16,10.16,10.16,10.16,100,0
2016-05-17,20:00:00,10.15,10.15,10.15,10.15,100,0
2016-05-17,20:30:00,10.15,10.15,10.15,10.15,1900,0
2016-05-17,21:00:00,10.05,10.05,10.05,10.05,100,0
2016-05-17,21:45:00,10.1,10.1,10.1,10.1,200,0
2016-05-18,15:40:00,10.702,10.702,10.702,10.702,1000,0
2016-05-18,16:30:00,10.5,10.5,10.41,10.5,143400,0
2016-05-18,16:45:00,10.4607,10.47,10.46,10.4675,21776,0
2016-05-18,16:50:00,10.46,10.46,10.46,10.46,1800,0
2016-05-18,16:55:00,10.44,10.44,10.44,10.44,1000,0
2016-05-18,17:00:00,10.44,10.45,10.44,10.44,27000,0
2016-05-18,17:05:00,10.44,10.47,10.44,10.47,5724,0
2016-05-18,17:20:00,10.45,10.47,10.45,10.47,1000,0
2016-05-18,17:25:00,10.45,10.46,10.45,10.46,30552,0
2016-05-18,17:30:00,10.465,10.465,10.46,10.465,1000,0
2016-05-18,18:05:00,10.45,10.47,10.45,10.46,15845,0
2016-05-18,18:15:00,10.48,10.48,10.48,10.48,100,0
2016-05-18,19:05:00,10.46,10.46,10.45,10.45,5600,0
2016-05-18,19:10:00,10.45,10.45,10.45,10.45,1100,0
2016-05-18,19:30:00,10.465,10.465,10.46,10.465,500,0
2016-05-18,19:35:00,10.455,10.455,10.45,10.45,3300,0
2016-05-18,19:40:00,10.455,10.46,10.455,10.46,36524,0
2016-05-18,19:45:00,10.465,10.4711,10.465,10.4711,6200,0
2016-05-18,19:50:00,10.47,10.47,10.465,10.465,8600,0
2016-05-18,19:55:00,10.47,10.47,10.465,10.47,7700,0
2016-05-18,20:00:00,10.47,10.48,10.47,10.48,6048,0
2016-05-18,20:05:00,10.47,10.47,10.47,10.47,100,0
2016-05-18,20:40:00,10.46,10.46,10.44,10.45,2550,0
2016-05-18,20:45:00,10.4,10.49,10.4,10.49,500,0
2016-05-18,20:55:00,10.48,10.48,10.48,10.48,100,0
2016-05-18,21:55:00,10.49,10.49,10.47,10.49,800,0
2016-05-18,22:00:00,10.49,10.51,10.47,10.51,10800,0
2016-05-19,16:00:00,10.54,10.54,10.54,10.54,100,0
2016-05-19,16:35:00,10.4894,10.4894,10.4894,10.4894,100,0
2016-05-19,16:40:00,10.4727,10.5,10.4727,10.5,500,0
2016-05-19,16:50:00,10.47,10.47,10.47,10.47,100,0
2016-05-19,17:15:00,10.47,10.47,10.46,10.46,50000,0
2016-05-19,17:20:00,10.46,10.46,10.46,10.46,50000,0
2016-05-19,17:45:00,10.46,10.5,10.46,10.5,1611,0
2016-05-19,20:15:00,10.475,10.475,10.475,10.475,100,0
2016-05-19,21:30:00,10.48,10.48,10.48,10.48,100,0
2016-05-19,21:35:00,10.47,10.47,10.47,10.47,1142,0
2016-05-19,21:40:00,10.47,10.475,10.47,10.47,400,0
2016-05-20,16:10:00,10.5,10.5,10.5,10.5,1156,0
2016-05-20,16:25:00,10.5,10.5,10.5,10.5,4900,0
2016-05-20,16:35:00,10.51,10.51,10.51,10.51,500,0
2016-05-20,20:10:00,10.5,10.5,10.5,10.5,902,0
2016-05-20,21:20:00,10.49,10.49,10.49,10.49,502,0
2016-05-23,15:40:00,10.4785,10.4785,10.4785,10.4785,400,0
2016-05-23,17:10:00,10.49,10.49,10.49,10.49,1000,0
2016-05-23,17:15:00,10.4808,10.5,10.4808,10.5,700,0
2016-05-23,18:55:00,10.5,10.5,10.5,10.5,1100,0
2016-05-23,19:05:00,10.55,10.56,10.55,10.5508,4800,0
2016-05-23,19:45:00,10.6,10.6,10.5901,10.6,4000,0
2016-05-23,19:50:00,10.6,10.61,10.6,10.61,3900,0
2016-05-23,19:55:00,10.6,10.6,10.6,10.6,1000,0
2016-05-23,20:00:00,10.61,10.61,10.6,10.6,600,0
2016-05-23,20:10:00,10.6,10.61,10.6,10.6,3000,0
2016-05-23,22:00:00,10.51,10.52,10.51,10.51,300,0
2016-05-24,15:35:00,10.8,10.8,10.8,10.8,100,0
2016-05-24,15:40:00,10.72,10.72,10.72,10.72,200,0
2016-05-24,15:50:00,10.79,10.85,10.74,10.85,11195,0
2016-05-24,16:00:00,10.85,10.86,10.85,10.86,7686,0
2016-05-24,16:05:00,10.855,10.9011,10.855,10.9,6400,0
2016-05-24,16:40:00,10.82,10.82,10.81,10.81,900,0
2016-05-24,17:35:00,10.78,10.78,10.78,10.78,300,0
2016-05-24,17:50:00,10.8,10.8,10.7989,10.8,500,0
2016-05-24,18:10:00,10.78,10.78,10.78,10.78,1000,0
2016-05-24,18:30:00,10.75,10.75,10.75,10.75,100,0
2016-05-24,18:50:00,10.79,10.79,10.79,10.79,200,0
2016-05-24,19:55:00,10.78,10.78,10.75,10.75,11600,0
2016-05-24,20:00:00,10.77,10.77,10.77,10.77,100,0
2016-05-24,20:15:00,10.79,10.8,10.79,10.7925,9310,0
2016-05-24,21:05:00,10.8,10.8,10.8,10.8,1000,0
2016-05-24,21:40:00,10.8,10.8,10.8,10.8,800,0
2016-05-24,21:50:00,10.8,10.8,10.8,10.8,100,0
2016-05-25,15:35:00,10.85,10.85,10.85,10.85,200,0
2016-05-25,15:40:00,10.69,10.69,10.69,10.69,300,0
2016-05-25,16:05:00,10.74,10.74,10.6999,10.7,5802,0
2016-05-25,16:10:00,10.67,10.67,10.67,10.67,298,0
2016-05-25,16:30:00,10.725,10.75,10.725,10.75,1100,0
2016-05-25,16:35:00,10.7,10.71,10.7,10.7,2100,0
2016-05-25,16:50:00,10.75,10.75,10.75,10.75,200,0
2016-05-25,17:00:00,10.7,10.77,10.7,10.77,600,0
2016-05-25,17:05:00,10.71,10.72,10.71,10.72,3700,0
2016-05-25,17:10:00,10.78,10.78,10.78,10.78,100,0
2016-05-25,18:10:00,10.72,10.72,10.72,10.72,100,0
2016-05-25,18:25:00,10.79,10.79,10.79,10.79,100,0
2016-05-25,19:50:00,10.75,10.75,10.71,10.745,3233,0
2016-05-25,20:45:00,10.76,10.76,10.76,10.76,300,0
2016-05-25,20:50:00,10.76,10.76,10.76,10.76,300,0
2016-05-25,21:05:00,10.76,10.76,10.76,10.76,500,0
2016-05-25,21:20:00,10.77,10.78,10.77,10.78,4650,0
2016-05-25,21:25:00,10.75,10.75,10.75,10.75,100,0
2016-05-25,21:40:00,10.75,10.75,10.75,10.75,5100,0
2016-05-26,21:45:00,10.736,10.736,10.736,10.736,150,0
2016-05-31,20:15:00,10.5681,10.5681,10.5681,10.5681,435,0
2016-05-31,21:10:00,10.59,10.59,10.59,10.59,400,0
2016-05-31,21:25:00,10.6001,10.6001,10.6001,10.6001,567,0
2016-06-02,19:35:00,10.73,10.73,10.73,10.73,500,0
2016-06-02,20:05:00,10.7,10.7,10.7,10.7,2000,0
2016-06-02,21:30:00,10.74,10.74,10.73,10.74,1694,0
2016-06-03,16:20:00,10.7,10.725,10.7,10.7,1500,0
2016-06-03,16:25:00,10.7,10.73,10.7,10.72,1000,0
2016-06-03,17:15:00,10.72,10.72,10.72,10.72,100,0
2016-06-03,17:35:00,10.74,10.74,10.72,10.72,900,0
2016-06-03,17:40:00,10.74,10.74,10.74,10.74,500,0
2016-06-03,17:45:00,10.74,10.74,10.73,10.73,1000,0
2016-06-06,17:25:00,10.7999,10.7999,10.7999,10.7999,1400,0
2016-06-06,17:55:00,10.8,10.8,10.79,10.8,4150,0
2016-06-06,18:45:00,10.85,10.85,10.85,10.85,600,0
2016-06-06,20:55:00,10.94,10.94,10.94,10.94,200,0
2016-06-06,21:00:00,10.94,10.94,10.94,10.94,200,0
2016-06-06,21:20:00,10.92,10.92,10.92,10.92,100,0
2016-06-06,22:00:00,10.91,10.91,10.88,10.88,300,0
2016-06-07,16:00:00,10.85,10.85,10.85,10.85,2500,0
2016-06-07,16:15:00,10.89,10.89,10.89,10.89,200,0
2016-06-07,17:05:00,10.88,10.88,10.88,10.88,100,0
2016-06-07,17:45:00,10.8752,10.8752,10.8752,10.8752,250,0
2016-06-07,21:50:00,10.88,10.88,10.88,10.88,200,0
2016-06-07,21:55:00,10.87,10.87,10.87,10.87,200,0
2016-06-08,16:20:00,10.76,10.76,10.72,10.72,100000,0
2016-06-08,16:35:00,10.75,10.75,10.75,10.75,100,0
2016-06-08,17:45:00,10.81,10.81,10.8,10.8,60700,0
2016-06-08,17:55:00,10.7989,10.86,10.7989,10.8,17200,0
2016-06-08,18:45:00,10.79,10.79,10.77,10.77,1600,0
2016-06-08,18:50:00,10.77,10.77,10.72,10.72,5200,0
2016-06-08,18:55:00,10.74,10.75,10.74,10.75,800,0
2016-06-08,19:05:00,10.7,10.7,10.66,10.665,2100,0
2016-06-08,19:25:00,10.6993,10.6993,10.6993,10.6993,500,0
2016-06-08,19:50:00,10.69,10.69,10.68,10.68,800,0
2016-06-08,20:00:00,10.69,10.69,10.69,10.69,100,0
2016-06-08,20:05:00,10.68,10.68,10.68,10.68,300,0
2016-06-08,20:40:00,10.68,10.68,10.66,10.66,200,0
2016-06-08,21:00:00,10.69,10.69,10.69,10.69,200,0
2016-06-08,22:00:00,10.6,10.6,10.6,10.6,1300,0
2016-06-09,15:40:00,10.65,10.65,10.65,10.65,100,0
2016-06-09,16:30:00,10.59,10.59,10.5,10.5,3475,0
2016-06-09,16:45:00,10.47,10.47,10.25,10.3,8472,0
2016-06-09,17:05:00,10.3,10.3,10.3,10.3,100,0
2016-06-09,17:20:00,10.3,10.3,10.3,10.3,200,0
2016-06-09,17:35:00,10.3,10.3,10.2,10.22,5200,0
2016-06-09,18:20:00,10.29,10.29,10.29,10.29,1000,0
2016-06-09,19:55:00,10.175,10.2,10.175,10.2,1200,0
2016-06-09,20:25:00,10.07,10.07,10.07,10.07,100,0
2016-06-09,20:30:00,10,10.03,10,10,2500,0
2016-06-09,20:40:00,10.055,10.07,10.05,10.05,1200,0
2016-06-09,20:55:00,10.05,10.05,10.04,10.04,1100,0
2016-06-09,21:10:00,10,10,9.95,10,400,0
2016-06-09,22:00:00,9.99,9.99,9.99,9.99,100,0
2016-06-10,16:20:00,10.19,10.24,10.19,10.24,125,0
2016-06-10,16:35:00,10.05,10.24,10.05,10.05,3000,0
2016-06-10,18:55:00,10.11,10.11,10.11,10.11,100,0
2016-06-10,19:00:00,10.08,10.08,10.08,10.08,275,0
2016-06-10,20:15:00,10.05,10.05,10.05,10.05,250,0
2016-06-10,22:00:00,10.05,10.05,10.05,10.05,288,0
2016-06-13,15:45:00,10.05,10.06,10.05,10.06,2100,0
2016-06-13,16:00:00,10.1,10.25,10.1,10.25,2326,0
2016-06-13,16:05:00,10.35,10.35,10.35,10.35,100,0
2016-06-13,16:10:00,10.25,10.25,10.25,10.25,24319,0
2016-06-13,16:15:00,10.24,10.25,10.2,10.2,3700,0
2016-06-13,16:30:00,10.25,10.28,10.25,10.28,25200,0
2016-06-13,16:40:00,10.3225,10.34,10.3225,10.3225,4500,0
2016-06-13,17:00:00,10.45,10.45,10.45,10.45,100,0
2016-06-13,17:20:00,10.3,10.3,10.3,10.3,1000,0
2016-06-13,17:35:00,10.45,10.45,10.45,10.45,30000,0
2016-06-13,17:50:00,10.35,10.35,10.35,10.35,3000,0
2016-06-13,18:10:00,10.4,10.4,10.4,10.4,1500,0
2016-06-13,18:20:00,10.4,10.4,10.4,10.4,45000,0
2016-06-13,18:30:00,10.4,10.4,10.4,10.4,25000,0
2016-06-13,19:15:00,10.4,10.55,10.4,10.55,10100,0
2016-06-13,20:55:00,10.5,10.5,10.5,10.5,100,0
2016-06-13,21:10:00,10.4,10.4,10.4,10.4,100,0
2016-06-13,21:35:00,10.5,10.5,10.5,10.5,2168,0
2016-06-13,21:40:00,10.5,10.5,10.5,10.5,1461,0
2016-06-14,15:45:00,10.75,10.75,10.75,10.75,400,0
2016-06-14,16:15:00,10.5,10.734,10.5,10.734,25100,0
2016-06-14,16:40:00,10.5804,10.5804,10.5804,10.5804,275,0
2016-06-14,17:20:00,10.508,10.53,10.5,10.5,400,0
2016-06-14,17:35:00,10.48,10.48,10.35,10.35,900,0
2016-06-14,17:50:00,10.45,10.45,10.45,10.45,23481,0
2016-06-14,18:40:00,10.36,10.36,10.36,10.36,100,0
2016-06-14,20:35:00,10.3791,10.3791,10.3791,10.3791,100,0
2016-06-14,22:00:00,10.37,10.37,10.35,10.35,2000,0
2016-06-15,19:20:00,10.35,10.35,10.35,10.35,300,0
2016-06-15,21:20:00,10.31,10.63,10.3,10.31,2100,0
2016-06-15,21:35:00,10.35,10.35,10.35,10.35,500,0
2016-06-16,17:10:00,10.31,10.35,10.31,10.35,2500,0
2016-06-16,17:25:00,10.36,10.36,10.36,10.36,200,0
2016-06-16,17:45:00,10.3975,10.3975,10.395,10.395,300,0
2016-06-16,17:55:00,10.44,10.44,10.44,10.44,100,0
2016-06-16,19:05:00,10.4,10.4,10.4,10.4,700,0
2016-06-16,21:05:00,10.4,10.4,10.4,10.4,300,0
2016-06-16,21:30:00,10.4,10.4,10.4,10.4,1000,0
2016-06-16,21:35:00,10.4,10.4,10.4,10.4,600,0
2016-06-16,22:00:00,10.4,10.4,10.4,10.4,900,0
2016-06-17,16:30:00,10.37,10.37,10.35,10.35,900,0
2016-06-17,17:35:00,10.54,10.54,10.54,10.54,100,0
2016-06-17,17:40:00,10.4,10.4,10.4,10.4,100,0
2016-06-17,17:45:00,10.4,10.4,10.4,10.4,100,0
2016-06-17,19:40:00,10.74,10.74,10.74,10.74,100,0
2016-06-17,21:25:00,10.48,10.48,10.48,10.48,100,0
2016-06-17,21:50:00,10.49,10.49,10.49,10.49,100,0
2016-06-17,22:00:00,10.48,10.48,10.48,10.48,100,0
2016-06-20,15:35:00,10.46,10.46,10.46,10.46,200,0
2016-06-20,17:00:00,10.3,10.3,10.3,10.3,500,0
2016-06-20,17:55:00,10.33,10.33,10.33,10.33,100,0
2016-06-20,20:45:00,10.15,10.15,10.1,10.1,500,0
2016-06-20,21:20:00,10.1,10.1,10.1,10.1,100,0
2016-06-20,21:40:00,10,10,10,10,100,0
2016-06-20,21:50:00,10.05,10.05,10.05,10.05,100,0
2016-06-20,21:55:00,10.05,10.05,10.05,10.05,100,0
2016-06-20,22:00:00,10.14,10.24,10.01,10.24,1800,0
2016-06-21,19:05:00,10.24,10.24,10.195,10.195,400,0
2016-06-21,19:25:00,10.24,10.24,10.24,10.24,200,0
2016-06-21,19:35:00,10.195,10.195,10.19,10.19,700,0
2016-06-21,20:15:00,10.23,10.23,10.23,10.23,100,0
2016-06-21,20:40:00,10.24,10.24,10.24,10.24,100,0
2016-06-21,20:45:00,10.225,10.23,10.22,10.22,500,0
2016-06-21,21:10:00,10.225,10.225,10.22,10.22,700,0
2016-06-21,21:25:00,10.22,10.22,10.22,10.22,300,0
2016-06-21,21:30:00,10.22,10.22,10.22,10.22,500,0
2016-06-21,22:00:00,10.22,10.22,10.205,10.22,769,0
2016-06-22,15:35:00,10.12,10.12,10.12,10.12,1356,0
2016-06-22,16:50:00,10.22,10.22,10.22,10.22,156,0
2016-06-22,16:55:00,10.22,10.31,10.21,10.31,3700,0
2016-06-22,18:05:00,10.3,10.3,10.3,10.3,500,0
2016-06-22,21:05:00,10.22,10.22,10.22,10.22,400,0
2016-06-22,21:35:00,10.22,10.22,10.22,10.22,200,0
2016-06-22,21:50:00,10.15,10.15,10.15,10.15,100,0
2016-06-22,22:00:00,10.15,10.15,10.15,10.15,400,0
2016-06-23,17:05:00,10.1801,10.1801,10.1801,10.1801,100,0
2016-06-23,17:30:00,10.18,10.18,10.09,10.1,1994,0
2016-06-23,17:35:00,10.12,10.12,10.1,10.1,5000,0
2016-06-23,17:45:00,10.25,10.31,10.24,10.31,2800,0
2016-06-27,19:40:00,9.95,10.028,9.95,9.95,2400,0
2016-06-27,22:00:00,9.96,10,9.95,9.96,990,0
2016-06-28,18:35:00,10,10.28,10,10.1,1800,0
2016-06-28,18:40:00,10.1,10.1,10.1,10.1,100,0
2016-06-28,19:05:00,10,10,9.9901,9.9901,400,0
2016-06-28,22:00:00,10.09,10.09,10.09,10.09,100,0
2016-06-29,21:45:00,9.95,9.95,9.95,9.95,1500,0
2016-06-29,21:50:00,9.87,9.9522,9.85,9.85,895,0
2016-06-29,22:00:00,9.9,9.9,9.9,9.9,1100,0
2016-06-30,16:45:00,9.5101,9.5101,9.5101,9.5101,1000,0
2016-06-30,17:00:00,9.991,9.991,9.991,9.991,100,0
2016-06-30,18:25:00,9.8287,9.8287,9.8287,9.8287,200,0
2016-06-30,21:15:00,9.745,9.89,9.745,9.89,300,0
2016-07-01,19:35:00,9.8,9.8,9.8,9.8,100,0
2016-07-01,19:40:00,9.8,10.04,9.8,9.8,700,0
