Date,Time,Open,High,Low,Close,Volume,OpenInt
2016-05-31,15:35:00,2,2,1.9408,1.9408,4902,0
2016-05-31,15:40:00,1.95,1.9501,1.94,1.94,4700,0
2016-05-31,15:45:00,1.9279,1.9279,1.9279,1.9279,500,0
2016-05-31,15:50:00,1.8801,1.9199,1.88,1.9199,3336,0
2016-05-31,15:55:00,1.9,1.9401,1.9,1.9401,1000,0
2016-05-31,16:00:00,1.9587,1.9587,1.9587,1.9587,100,0
2016-05-31,16:05:00,1.9595,1.9595,1.9595,1.9595,1000,0
2016-05-31,16:10:00,1.95,1.95,1.94,1.94,1200,0
2016-05-31,16:20:00,1.95,1.95,1.95,1.95,100,0
2016-05-31,16:45:00,1.96,1.96,1.96,1.96,100,0
2016-05-31,16:55:00,1.97,1.97,1.97,1.97,100,0
2016-05-31,17:00:00,1.9799,2.06,1.9799,2.06,3500,0
2016-05-31,17:05:00,2.02,2.02,2.02,2.02,200,0
2016-05-31,17:10:00,2.0101,2.014,2.01,2.014,600,0
2016-05-31,17:20:00,1.96,1.99,1.96,1.99,975,0
2016-05-31,17:25:00,1.98,1.98,1.98,1.98,100,0
2016-05-31,17:30:00,1.9701,1.9701,1.9701,1.9701,800,0
2016-05-31,17:50:00,2,2.01,2,2.01,200,0
2016-05-31,18:00:00,2.01,2.01,1.9996,2.0055,5400,0
2016-05-31,18:05:00,2.01,2.01,2.01,2.01,100,0
2016-05-31,18:10:00,1.9821,1.9821,1.9821,1.9821,200,0
2016-05-31,18:15:00,1.9801,1.9801,1.9801,1.9801,1000,0
2016-05-31,18:20:00,1.9998,2.01,1.98,2.01,1910,0
2016-05-31,18:25:00,2.01,2.02,2.01,2.0101,14380,0
2016-05-31,18:35:00,2.02,2.04,2.02,2.04,200,0
2016-05-31,18:40:00,2.04,2.04,2.02,2.02,1400,0
2016-05-31,18:45:00,2.0211,2.0211,2.0211,2.0211,200,0
2016-05-31,18:50:00,2.0201,2.04,2.02,2.0331,4200,0
2016-05-31,18:55:00,2.0399,2.04,2.02,2.04,2350,0
2016-05-31,19:00:00,2.04,2.04,2.04,2.04,100,0
2016-05-31,19:05:00,2.05,2.05,2.0499,2.0499,300,0
2016-05-31,19:10:00,2.05,2.05,2.02,2.05,3300,0
2016-05-31,19:15:00,2.05,2.05,2.05,2.05,200,0
2016-05-31,19:20:00,2.035,2.05,2.035,2.05,200,0
2016-05-31,19:25:00,2.05,2.05,2.05,2.05,100,0
2016-05-31,19:35:00,2.0329,2.05,2.0329,2.05,6200,0
2016-05-31,19:40:00,2.0309,2.05,2.0309,2.05,1150,0
2016-05-31,19:45:00,2.05,2.05,2.0461,2.0461,200,0
2016-05-31,19:50:00,2.05,2.05,2.05,2.05,200,0
2016-05-31,19:55:00,2.05,2.05,2.03,2.0302,5800,0
2016-05-31,20:10:00,2.0101,2.0101,2.0101,2.0101,2944,0
2016-05-31,20:15:00,2.02,2.05,2.01,2.05,9000,0
2016-05-31,20:25:00,2.04,2.04,2.04,2.04,300,0
2016-05-31,20:35:00,2.03,2.03,2.03,2.03,800,0
2016-05-31,20:40:00,2.02,2.03,2.01,2.03,5500,0
2016-05-31,20:55:00,2.02,2.02,2.02,2.02,100,0
2016-05-31,21:10:00,2,2,2,2,900,0
2016-05-31,21:15:00,1.9908,1.9908,1.9908,1.9908,100,0
2016-05-31,21:20:00,1.98,1.9801,1.98,1.9801,2000,0
2016-05-31,21:30:00,2,2,1.9874,1.9874,350,0
2016-05-31,21:35:00,1.98,1.9906,1.98,1.9906,5600,0
2016-05-31,21:55:00,1.99,1.99,1.99,1.99,1100,0
2016-05-31,22:00:00,1.99,2.01,1.97,2,3038,0
2016-06-01,15:35:00,1.97,2.075,1.97,2.075,2919,0
2016-06-01,15:40:00,2.04,2.04,2.04,2.04,200,0
2016-06-01,15:45:00,2.04,2.05,2.01,2.05,2900,0
2016-06-01,15:50:00,2,2,2,2,400,0
2016-06-01,16:00:00,2.01,2.0128,2,2.0124,1900,0
2016-06-01,16:05:00,2,2,1.97,1.9778,7150,0
2016-06-01,16:25:00,2.05,2.06,2.05,2.06,200,0
2016-06-01,16:35:00,2.03,2.03,1.98,1.98,1800,0
2016-06-01,16:40:00,1.9999,1.9999,1.9999,1.9999,2000,0
2016-06-01,16:55:00,2.0002,2.0002,2.0002,2.0002,300,0
2016-06-01,17:05:00,1.99,1.99,1.99,1.99,100,0
2016-06-01,17:20:00,1.9902,1.9902,1.98,1.98,390,0
2016-06-01,17:45:00,1.98,1.98,1.98,1.98,100,0
2016-06-01,18:05:00,2,2,2,2,1000,0
2016-06-01,18:10:00,1.98,1.98,1.98,1.98,7400,0
2016-06-01,18:35:00,1.96,1.96,1.96,1.96,900,0
2016-06-01,18:45:00,1.95,1.95,1.95,1.95,900,0
2016-06-01,18:50:00,1.95,1.96,1.95,1.95,7600,0
2016-06-01,19:05:00,1.9683,1.99,1.9683,1.99,4200,0
2016-06-01,20:05:00,1.9999,2,1.9999,2,2500,0
2016-06-01,20:15:00,2.02,2.02,2.0199,2.02,6400,0
2016-06-01,20:25:00,2.02,2.03,2.02,2.03,3700,0
2016-06-01,20:30:00,2.03,2.05,2.03,2.05,13300,0
2016-06-01,20:35:00,2.0689,2.07,2.06,2.06,6900,0
2016-06-01,20:40:00,2.07,2.07,2.07,2.07,800,0
2016-06-01,20:45:00,2.0601,2.0601,2.0601,2.0601,1575,0
2016-06-01,21:00:00,2.07,2.07,2.07,2.07,100,0
2016-06-01,21:05:00,2.0601,2.0601,2.0601,2.0601,2000,0
2016-06-01,21:15:00,2.0799,2.0799,2.0799,2.0799,1000,0
2016-06-01,21:30:00,2.06,2.06,2.05,2.05,2300,0
2016-06-01,21:45:00,2.05,2.05,2.04,2.04,5900,0
2016-06-01,21:50:00,2.04,2.05,2.03,2.05,2000,0
2016-06-01,21:55:00,2.05,2.05,2.05,2.05,1076,0
2016-06-01,22:00:00,2.02,2.04,2.02,2.04,210,0
2016-06-02,15:35:00,2.05,2.05,2.05,2.05,300,0
2016-06-02,15:50:00,2.06,2.06,2.06,2.06,277,0
2016-06-02,15:55:00,2.07,2.07,2.05,2.05,660,0
2016-06-02,16:05:00,2.05,2.05,2.05,2.05,3122,0
2016-06-02,16:35:00,2.04,2.04,2.04,2.04,500,0
2016-06-02,16:50:00,2.04,2.04,2,2,18500,0
2016-06-02,16:55:00,2.01,2.03,1.95,1.95,11500,0
2016-06-02,17:00:00,1.95,1.98,1.95,1.98,3875,0
2016-06-02,17:10:00,2.01,2.01,2.01,2.01,200,0
2016-06-02,17:25:00,2.02,2.02,2.02,2.02,100,0
2016-06-02,17:35:00,2.0137,2.0137,2.0137,2.0137,900,0
2016-06-02,18:05:00,2,2,2,2,700,0
2016-06-02,18:50:00,2.0163,2.0163,2.0163,2.0163,200,0
2016-06-02,19:10:00,2.02,2.02,2.02,2.02,200,0
2016-06-02,19:55:00,2,2,2,2,100,0
2016-06-02,20:10:00,2.04,2.04,2.02,2.02,2000,0
2016-06-02,20:25:00,2.0001,2.0001,2.0001,2.0001,1000,0
2016-06-02,20:30:00,2.03,2.03,2.03,2.03,100,0
2016-06-02,20:50:00,2.03,2.05,2.03,2.05,600,0
2016-06-02,20:55:00,2.05,2.05,2.05,2.05,300,0
2016-06-02,21:10:00,2.05,2.05,2.0399,2.0399,200,0
2016-06-02,21:15:00,2.05,2.05,2.05,2.05,11000,0
2016-06-02,21:20:00,2.04,2.05,2.04,2.05,15900,0
2016-06-02,21:25:00,2.06,2.07,2.05,2.05,2800,0
2016-06-02,21:35:00,2.06,2.066,2.06,2.066,3567,0
2016-06-02,21:45:00,2.0653,2.0699,2.04,2.04,1350,0
2016-06-02,21:55:00,2.06,2.06,2.05,2.05,400,0
2016-06-02,22:00:00,2.07,2.07,2.07,2.07,2184,0
2016-06-03,15:35:00,2.07,2.07,2.0049,2.035,1190,0
2016-06-03,15:40:00,2.005,2.07,2,2.07,1400,0
2016-06-03,15:45:00,2.07,2.07,2.07,2.07,100,0
2016-06-03,16:00:00,2.07,2.07,2.07,2.07,248,0
2016-06-03,16:05:00,2.07,2.08,2.07,2.08,3196,0
2016-06-03,16:10:00,2.09,2.09,2.0701,2.0701,1300,0
2016-06-03,16:30:00,2.07,2.07,2.07,2.07,1000,0
2016-06-03,16:40:00,2.0701,2.0701,2.0701,2.0701,200,0
2016-06-03,16:45:00,2.07,2.07,2.07,2.07,400,0
2016-06-03,16:50:00,2.05,2.0518,2.05,2.0518,952,0
2016-06-03,17:00:00,2.051,2.051,2.05,2.05,2000,0
2016-06-03,17:35:00,2.03,2.03,2.03,2.03,100,0
2016-06-03,17:40:00,2.01,2.01,1.88,1.9,38061,0
2016-06-03,17:45:00,1.9001,1.95,1.9,1.93,38725,0
2016-06-03,17:50:00,1.93,1.99,1.92,1.99,8500,0
2016-06-03,17:55:00,1.9899,2.01,1.979,2.01,3800,0
2016-06-03,18:25:00,1.9735,1.9735,1.9735,1.9735,1000,0
2016-06-03,18:35:00,2.01,2.01,1.99,1.99,14674,0
2016-06-03,18:40:00,2.02,2.0335,2.01,2.02,2400,0
2016-06-03,18:45:00,1.99,2.0199,1.97,2.0199,3600,0
2016-06-03,18:50:00,2.0099,2.01,1.96,2.01,7200,0
2016-06-03,19:05:00,2,2,1.986,2,5780,0
2016-06-03,19:10:00,2,2.01,1.98,2,5988,0
2016-06-03,20:10:00,2.02,2.02,2.02,2.02,200,0
2016-06-03,20:15:00,2.02,2.02,2.02,2.02,2000,0
2016-06-03,20:20:00,2.0199,2.02,2.0199,2.02,1300,0
2016-06-03,20:55:00,2.03,2.03,2.03,2.03,900,0
2016-06-03,21:20:00,2.0085,2.04,2.0085,2.04,1800,0
2016-06-03,21:25:00,2.03,2.04,2.02,2.0299,3300,0
2016-06-03,21:30:00,2.04,2.04,2.01,2.01,15403,0
2016-06-03,21:40:00,2.0101,2.0101,2.01,2.01,800,0
2016-06-03,21:55:00,2.06,2.06,2,2.03,15826,0
2016-06-03,22:00:00,2.045,2.06,2.03,2.05,1886,0
2016-06-06,15:35:00,2.03,2.03,2.01,2.01,494,0
2016-06-06,15:45:00,2.02,2.02,2.02,2.02,800,0
2016-06-06,15:55:00,2.055,2.055,2.055,2.055,2200,0
2016-06-06,16:10:00,2.04,2.04,2.04,2.04,300,0
2016-06-06,16:15:00,2.055,2.07,2.055,2.0599,700,0
2016-06-06,16:30:00,2.05,2.05,2.05,2.05,100,0
2016-06-06,16:35:00,2.06,2.06,2.05,2.05,1800,0
2016-06-06,16:40:00,2.06,2.06,2.0568,2.06,1375,0
2016-06-06,16:50:00,2.07,2.07,2.07,2.07,975,0
2016-06-06,17:10:00,2.0655,2.0655,2.065,2.065,1012,0
2016-06-06,17:15:00,2.07,2.07,2.07,2.07,200,0
2016-06-06,17:25:00,2.07,2.07,2.0621,2.0621,1100,0
2016-06-06,17:35:00,2.07,2.07,2.06,2.06,1600,0
2016-06-06,17:40:00,2.07,2.07,2.07,2.07,600,0
2016-06-06,17:45:00,2.06,2.06,2.06,2.06,100,0
2016-06-06,17:50:00,2.06,2.06,2.06,2.06,300,0
2016-06-06,17:55:00,2.06,2.06,2.055,2.055,700,0
2016-06-06,18:05:00,2.0501,2.0501,2.05,2.05,2000,0
2016-06-06,18:15:00,2.055,2.055,2.02,2.02,12100,0
2016-06-06,18:25:00,2.0286,2.0286,2.0286,2.0286,1710,0
2016-06-06,18:40:00,2.0404,2.0404,2.035,2.035,5200,0
2016-06-06,18:50:00,2.04,2.04,2.04,2.04,300,0
2016-06-06,18:55:00,2.04,2.04,2.04,2.04,200,0
2016-06-06,19:40:00,2.04,2.04,2.04,2.04,500,0
2016-06-06,19:45:00,2.045,2.045,2.045,2.045,300,0
2016-06-06,19:50:00,2.045,2.05,2.045,2.045,600,0
2016-06-06,19:55:00,2.05,2.05,2.05,2.05,1100,0
2016-06-06,20:00:00,2.0401,2.0401,2.04,2.04,4300,0
2016-06-06,20:05:00,2.06,2.06,2.06,2.06,200,0
2016-06-06,20:10:00,2.05,2.05,2.04,2.04,3100,0
2016-06-06,20:55:00,2.0501,2.0501,2.05,2.05,2200,0
2016-06-06,21:05:00,2.06,2.06,2.05,2.05,1000,0
2016-06-06,21:20:00,2.0201,2.0201,2.0201,2.0201,611,0
2016-06-06,21:45:00,2.0699,2.0699,2.05,2.05,2611,0
2016-06-06,21:50:00,2.07,2.07,2.07,2.07,1500,0
2016-06-06,22:00:00,2.07,2.07,2.06,2.07,618,0
2016-06-07,15:35:00,2.09,2.104,2.09,2.1,10438,0
2016-06-07,15:50:00,2.0735,2.0735,2.0735,2.0735,300,0
2016-06-07,15:55:00,2.07,2.07,2.06,2.06,3865,0
2016-06-07,16:10:00,2.0701,2.1,2.0701,2.1,7396,0
2016-06-07,16:15:00,2.1,2.14,2.1,2.1392,10100,0
2016-06-07,16:20:00,2.1325,2.16,2.125,2.16,14550,0
2016-06-07,16:25:00,2.2,2.2,2.11,2.11,7700,0
2016-06-07,16:30:00,2.12,2.14,2.12,2.1204,1435,0
2016-06-07,16:35:00,2.1599,2.1599,2.12,2.12,10145,0
2016-06-07,16:40:00,2.1201,2.1201,2.1201,2.1201,2000,0
2016-06-07,16:55:00,2.13,2.13,2.13,2.13,1900,0
2016-06-07,17:00:00,2.1395,2.14,2.1395,2.14,360,0
2016-06-07,17:45:00,2.135,2.1499,2.135,2.135,1000,0
2016-06-07,17:50:00,2.135,2.1455,2.135,2.135,3000,0
2016-06-07,18:45:00,2.1452,2.1452,2.1452,2.1452,2500,0
2016-06-07,18:50:00,2.1499,2.1499,2.1499,2.1499,400,0
2016-06-07,18:55:00,2.1499,2.1499,2.14,2.14,4000,0
2016-06-07,19:10:00,2.1301,2.1301,2.12,2.12,4577,0
2016-06-07,19:15:00,2.13,2.13,2.13,2.13,700,0
2016-06-07,19:20:00,2.12,2.12,2.12,2.12,100,0
2016-06-07,20:00:00,2.12,2.12,2.12,2.12,100,0
2016-06-07,20:30:00,2.12,2.12,2.12,2.12,2000,0
2016-06-07,20:45:00,2.101,2.101,2.0901,2.0901,9065,0
2016-06-07,21:00:00,2.11,2.12,2.105,2.105,3800,0
2016-06-07,21:15:00,2.11,2.11,2.11,2.11,2830,0
2016-06-07,21:40:00,2.1001,2.1001,2.1001,2.1001,400,0
2016-06-07,21:45:00,2.1,2.1,2.1,2.1,500,0
2016-06-07,21:50:00,2.1,2.1,2.1,2.1,2400,0
2016-06-07,22:00:00,2.0801,2.0801,2.07,2.07,1700,0
2016-06-08,15:35:00,2.05,2.0508,2.02,2.0508,2500,0
2016-06-08,15:40:00,2.11,2.11,2.11,2.11,100,0
2016-06-08,16:00:00,2.11,2.11,2.11,2.11,200,0
2016-06-08,16:15:00,2.07,2.11,2.07,2.11,1260,0
2016-06-08,17:35:00,2.0895,2.0895,2.0895,2.0895,500,0
2016-06-08,17:45:00,2.07,2.07,2.07,2.07,5100,0
2016-06-08,18:00:00,2.06,2.06,2.06,2.06,700,0
2016-06-08,18:25:00,2.1,2.1,2.1,2.1,100,0
2016-06-08,18:50:00,2.0801,2.0801,2.0801,2.0801,500,0
2016-06-08,18:55:00,2.08,2.0999,2.08,2.08,1000,0
2016-06-08,19:05:00,2.08,2.08,2.06,2.06,600,0
2016-06-08,19:30:00,2.085,2.085,2.085,2.085,500,0
2016-06-08,19:50:00,2.09,2.1,2.0801,2.09,1000,0
2016-06-08,19:55:00,2.0801,2.11,2.08,2.11,1548,0
2016-06-08,20:00:00,2.1,2.1,2.1,2.1,200,0
2016-06-08,20:20:00,2.115,2.125,2.115,2.125,400,0
2016-06-08,20:25:00,2.12,2.12,2.12,2.12,100,0
2016-06-08,20:35:00,2.12,2.12,2.12,2.12,600,0
2016-06-08,20:50:00,2.1,2.1,2.1,2.1,850,0
2016-06-08,21:10:00,2.09,2.09,2.09,2.09,200,0
2016-06-08,21:20:00,2.1,2.1,2.0901,2.0901,800,0
2016-06-08,21:40:00,2.075,2.075,2.07,2.07,400,0
2016-06-08,21:55:00,2.07,2.071,2.06,2.071,500,0
2016-06-08,22:00:00,2.08,2.14,2.06,2.14,7885,0
2016-06-09,15:35:00,2.15,2.15,2.1,2.14,13870,0
2016-06-09,15:40:00,2.13,2.1363,2.0499,2.0499,9560,0
2016-06-09,15:45:00,2.0497,2.0497,2.03,2.04,4816,0
2016-06-09,16:05:00,2.08,2.08,2.08,2.08,500,0
2016-06-09,16:10:00,2.12,2.12,2.1,2.11,3400,0
2016-06-09,16:15:00,2.0918,2.0918,2.0918,2.0918,2000,0
2016-06-09,16:20:00,2.104,2.1125,2.08,2.1,5200,0
2016-06-09,16:30:00,2.05,2.0501,2.04,2.04,6500,0
2016-06-09,16:35:00,2.05,2.07,2.05,2.07,1900,0
2016-06-09,16:50:00,2.0699,2.07,2.05,2.07,2100,0
2016-06-09,16:55:00,2.08,2.11,2.08,2.09,4678,0
2016-06-09,17:00:00,2.11,2.11,2.07,2.08,4900,0
2016-06-09,17:05:00,2.0801,2.0801,2.0801,2.0801,500,0
2016-06-09,17:10:00,2.08,2.0809,2.0501,2.0501,2100,0
2016-06-09,17:30:00,2.08,2.08,2.08,2.08,100,0
2016-06-09,17:35:00,2.07,2.07,2.03,2.03,22250,0
2016-06-09,17:40:00,2.02,2.0201,2.01,2.0168,7000,0
2016-06-09,17:45:00,2.01,2.01,2.01,2.01,600,0
2016-06-09,17:50:00,2.01,2.01,1.97,1.97,17200,0
2016-06-09,17:55:00,1.97,1.9846,1.96,1.96,10856,0
2016-06-09,18:00:00,1.96,2.02,1.96,2.02,6800,0
2016-06-09,18:15:00,2,2.0186,2,2.0186,1346,0
2016-06-09,18:20:00,2.0199,2.0199,2.0199,2.0199,364,0
2016-06-09,18:25:00,2.01,2.01,2,2,800,0
2016-06-09,18:35:00,2.0099,2.0099,2.0099,2.0099,2000,0
2016-06-09,18:40:00,1.9999,2,1.9999,2,750,0
2016-06-09,18:55:00,1.9899,1.99,1.98,1.98,3300,0
2016-06-09,19:00:00,1.978,1.99,1.978,1.99,5139,0
2016-06-09,19:05:00,1.99,1.99,1.97,1.97,5200,0
2016-06-09,19:10:00,1.97,1.97,1.95,1.96,6300,0
2016-06-09,19:15:00,1.97,1.97,1.97,1.97,100,0
2016-06-09,19:20:00,1.96,1.9665,1.96,1.96,5050,0
2016-06-09,19:30:00,1.96,1.96,1.9599,1.9599,200,0
2016-06-09,19:35:00,1.9699,1.9699,1.9699,1.9699,1000,0
2016-06-09,19:50:00,1.9682,1.9682,1.96,1.96,3200,0
2016-06-09,19:55:00,1.96,1.965,1.96,1.96,5200,0
2016-06-09,20:05:00,1.96,1.96,1.96,1.96,500,0
2016-06-09,20:10:00,1.96,1.97,1.95,1.95,21450,0
2016-06-09,20:15:00,1.95,1.95,1.91,1.911,10509,0
2016-06-09,20:20:00,1.925,1.925,1.91,1.91,1220,0
2016-06-09,20:25:00,1.9369,1.94,1.9319,1.9319,2785,0
2016-06-09,20:30:00,1.94,1.94,1.88,1.88,7975,0
2016-06-09,20:35:00,1.9,1.9,1.88,1.88,1200,0
2016-06-09,20:40:00,1.88,1.88,1.87,1.87,4419,0
2016-06-09,20:45:00,1.8799,1.88,1.87,1.87,3100,0
2016-06-09,20:55:00,1.88,1.88,1.87,1.8799,8918,0
2016-06-09,21:00:00,1.89,1.9,1.89,1.9,800,0
2016-06-09,21:05:00,1.9,1.9,1.9,1.9,158,0
2016-06-09,21:10:00,1.9,1.9,1.9,1.9,521,0
2016-06-09,21:20:00,1.9,1.9999,1.9,1.99,11300,0
2016-06-09,21:25:00,1.95,1.97,1.95,1.97,500,0
2016-06-09,21:30:00,1.97,1.97,1.9401,1.9401,1100,0
2016-06-09,21:35:00,1.9401,1.9401,1.9401,1.9401,3000,0
2016-06-09,21:40:00,1.9401,1.9401,1.9401,1.9401,1500,0
2016-06-09,21:45:00,1.94,1.94,1.91,1.92,2000,0
2016-06-09,21:55:00,1.9299,1.93,1.92,1.93,696,0
2016-06-09,22:00:00,1.9499,1.98,1.9499,1.98,6656,0
2016-06-10,15:35:00,2.02,2.07,1.82,1.85,57008,0
2016-06-10,15:40:00,1.85,1.85,1.84,1.8485,5300,0
2016-06-10,15:45:00,1.865,1.8701,1.865,1.8701,2500,0
2016-06-10,15:50:00,1.8851,1.9,1.879,1.9,1397,0
2016-06-10,15:55:00,1.96,1.96,1.96,1.96,100,0
2016-06-10,16:00:00,1.95,1.95,1.83,1.83,13175,0
2016-06-10,16:10:00,1.89,1.89,1.88,1.88,10026,0
2016-06-10,16:30:00,1.92,1.92,1.9001,1.9001,4800,0
2016-06-10,16:45:00,1.93,1.93,1.93,1.93,5180,0
2016-06-10,16:50:00,1.97,1.99,1.97,1.99,200,0
2016-06-10,17:05:00,1.915,1.915,1.915,1.915,500,0
2016-06-10,17:35:00,1.9,1.9,1.9,1.9,100,0
2016-06-10,17:40:00,1.925,1.925,1.925,1.925,100,0
2016-06-10,17:45:00,1.9,1.9,1.9,1.9,200,0
2016-06-10,17:50:00,1.9,1.9,1.9,1.9,800,0
2016-06-10,17:55:00,1.89,1.89,1.89,1.89,200,0
2016-06-10,18:00:00,1.89,1.89,1.89,1.89,200,0
2016-06-10,18:35:00,1.8999,1.8999,1.8999,1.8999,5000,0
2016-06-10,19:30:00,1.9,1.9,1.9,1.9,3900,0
2016-06-10,19:35:00,1.92,1.92,1.92,1.92,100,0
2016-06-10,19:55:00,1.916,1.916,1.91,1.91,3200,0
2016-06-10,20:00:00,1.91,1.91,1.91,1.91,800,0
2016-06-10,20:05:00,1.905,1.905,1.9001,1.9001,700,0
2016-06-10,20:15:00,1.9099,1.9099,1.8536,1.8545,6750,0
2016-06-10,20:30:00,1.9,1.9,1.86,1.86,300,0
2016-06-10,20:35:00,1.85,1.85,1.85,1.85,5100,0
2016-06-10,20:55:00,1.8401,1.8401,1.84,1.84,3400,0
2016-06-10,21:00:00,1.85,1.85,1.85,1.85,1800,0
2016-06-10,21:10:00,1.86,1.87,1.86,1.86,1900,0
2016-06-10,21:40:00,1.88,1.88,1.88,1.88,1500,0
2016-06-10,21:45:00,1.865,1.87,1.865,1.87,250,0
2016-06-10,21:55:00,1.865,1.87,1.86,1.86,5800,0
2016-06-10,22:00:00,1.8699,1.87,1.8699,1.87,3003,0
2016-06-13,15:40:00,2.0292,2.0292,2.0292,2.0292,100,0
2016-06-13,15:55:00,1.92,1.92,1.89,1.89,7080,0
2016-06-13,16:00:00,1.9496,1.9496,1.82,1.9135,7748,0
2016-06-13,16:05:00,1.923,1.923,1.923,1.923,250,0
2016-06-13,16:10:00,1.93,1.93,1.93,1.93,400,0
2016-06-13,16:15:00,1.92,1.923,1.9,1.9,9381,0
2016-06-13,16:20:00,1.949,1.949,1.9,1.9,3200,0
2016-06-13,16:35:00,1.89,1.89,1.88,1.88,1426,0
2016-06-13,16:40:00,1.84,1.84,1.83,1.83,600,0
2016-06-13,16:50:00,1.864,1.864,1.84,1.85,300,0
2016-06-13,16:55:00,1.84,1.85,1.835,1.835,11575,0
2016-06-13,17:00:00,1.8399,1.8399,1.8399,1.8399,2000,0
2016-06-13,17:05:00,1.84,1.84,1.835,1.84,2300,0
2016-06-13,17:10:00,1.835,1.835,1.83,1.83,6285,0
2016-06-13,17:15:00,1.83,1.83,1.83,1.83,900,0
2016-06-13,17:20:00,1.835,1.84,1.81,1.81,9000,0
2016-06-13,17:25:00,1.81,1.81,1.81,1.81,100,0
2016-06-13,17:30:00,1.84,1.84,1.8,1.8,8375,0
2016-06-13,17:40:00,1.83,1.83,1.83,1.83,400,0
2016-06-13,17:45:00,1.81,1.84,1.81,1.82,6740,0
2016-06-13,18:00:00,1.8228,1.83,1.815,1.825,4100,0
2016-06-13,18:25:00,1.81,1.81,1.805,1.81,3844,0
2016-06-13,18:40:00,1.8,1.81,1.8,1.81,2350,0
2016-06-13,18:50:00,1.8093,1.8093,1.8063,1.8063,1200,0
2016-06-13,18:55:00,1.805,1.805,1.8,1.8,1700,0
2016-06-13,19:05:00,1.8,1.805,1.8,1.805,3150,0
2016-06-13,19:10:00,1.8,1.81,1.8,1.805,8200,0
2016-06-13,19:20:00,1.81,1.81,1.8,1.8,3100,0
2016-06-13,19:25:00,1.8,1.8,1.8,1.8,800,0
2016-06-13,19:30:00,1.805,1.81,1.8,1.805,10800,0
2016-06-13,19:40:00,1.805,1.8099,1.8,1.8,2600,0
2016-06-13,19:55:00,1.805,1.81,1.8,1.81,9200,0
2016-06-13,20:00:00,1.805,1.805,1.8,1.8,7050,0
2016-06-13,20:10:00,1.79,1.79,1.78,1.78,1331,0
2016-06-13,20:15:00,1.8,1.8,1.78,1.8,1700,0
2016-06-13,20:20:00,1.7853,1.8,1.7853,1.8,500,0
2016-06-13,20:45:00,1.79,1.79,1.79,1.79,200,0
2016-06-13,20:50:00,1.7999,1.7999,1.7999,1.7999,1000,0
2016-06-13,21:10:00,1.8,1.8,1.8,1.8,100,0
2016-06-13,21:15:00,1.8,1.809,1.78,1.78,3100,0
2016-06-13,21:25:00,1.81,1.81,1.78,1.78,1400,0
2016-06-13,21:30:00,1.7999,1.8,1.7999,1.8,200,0
2016-06-13,21:35:00,1.8,1.8,1.8,1.8,1800,0
2016-06-13,21:40:00,1.79,1.8,1.79,1.79,1100,0
2016-06-13,21:55:00,1.79,1.8,1.79,1.8,2400,0
2016-06-13,22:00:00,1.8,1.81,1.79,1.81,6028,0
2016-06-14,15:35:00,1.81,1.836,1.8,1.836,3304,0
2016-06-14,15:45:00,1.92,1.92,1.92,1.92,100,0
2016-06-14,15:55:00,1.87,1.8701,1.87,1.8701,3100,0
2016-06-14,16:00:00,1.88,1.8956,1.86,1.8956,4700,0
2016-06-14,16:05:00,1.9,1.9,1.86,1.86,1300,0
2016-06-14,16:20:00,1.85,1.87,1.83,1.83,2600,0
2016-06-14,16:35:00,1.8599,1.8599,1.85,1.85,250,0
2016-06-14,16:40:00,1.8301,1.8301,1.8301,1.8301,300,0
2016-06-14,16:50:00,1.8301,1.87,1.82,1.87,18800,0
2016-06-14,16:55:00,1.8499,1.8499,1.82,1.82,800,0
2016-06-14,17:00:00,1.82,1.82,1.82,1.82,300,0
2016-06-14,17:05:00,1.822,1.822,1.822,1.822,250,0
2016-06-14,17:10:00,1.81,1.81,1.81,1.81,700,0
2016-06-14,17:15:00,1.83,1.85,1.83,1.85,5100,0
2016-06-14,17:30:00,1.83,1.83,1.83,1.83,600,0
2016-06-14,17:40:00,1.84,1.89,1.83,1.89,17400,0
2016-06-14,18:10:00,1.86,1.86,1.86,1.86,800,0
2016-06-14,18:15:00,1.86,1.86,1.86,1.86,400,0
2016-06-14,18:35:00,1.89,1.89,1.8823,1.8823,1000,0
2016-06-14,18:40:00,1.87,1.87,1.87,1.87,300,0
2016-06-14,18:55:00,1.89,1.92,1.8899,1.91,6700,0
2016-06-14,19:45:00,1.9,1.9,1.9,1.9,100,0
2016-06-14,19:50:00,1.89,1.89,1.89,1.89,100,0
2016-06-14,20:10:00,1.89,1.89,1.89,1.89,100,0
2016-06-14,20:15:00,1.85,1.85,1.85,1.85,1100,0
2016-06-14,20:25:00,1.865,1.88,1.85,1.865,7932,0
2016-06-14,20:50:00,1.86,1.86,1.85,1.85,1060,0
2016-06-14,20:55:00,1.8501,1.8501,1.85,1.85,700,0
2016-06-14,21:15:00,1.85,1.85,1.85,1.85,1200,0
2016-06-14,21:20:00,1.867,1.867,1.867,1.867,5000,0
2016-06-14,21:25:00,1.89,1.89,1.83,1.83,700,0
2016-06-14,21:30:00,1.836,1.86,1.82,1.84,2500,0
2016-06-14,21:35:00,1.83,1.83,1.83,1.83,200,0
2016-06-14,21:50:00,1.8275,1.8275,1.8275,1.8275,2000,0
2016-06-14,21:55:00,1.84,1.86,1.83,1.85,3000,0
2016-06-14,22:00:00,1.85,1.85,1.83,1.84,1500,0
2016-06-15,15:35:00,1.86,1.86,1.86,1.86,1596,0
2016-06-15,15:40:00,1.904,1.904,1.904,1.904,200,0
2016-06-15,15:50:00,1.8798,1.8798,1.85,1.85,2400,0
2016-06-15,15:55:00,1.85,1.85,1.85,1.85,800,0
2016-06-15,16:25:00,1.85,1.85,1.84,1.84,27100,0
2016-06-15,16:30:00,1.8663,1.8663,1.82,1.82,3625,0
2016-06-15,16:45:00,1.8257,1.8257,1.8257,1.8257,2000,0
2016-06-15,16:55:00,1.8697,1.8697,1.8697,1.8697,3000,0
2016-06-15,17:05:00,1.86,1.86,1.86,1.86,100,0
2016-06-15,17:10:00,1.8296,1.8296,1.8296,1.8296,2000,0
2016-06-15,17:35:00,1.87,1.87,1.87,1.87,100,0
2016-06-15,18:00:00,1.86,1.86,1.86,1.86,100,0
2016-06-15,18:15:00,1.84,1.84,1.84,1.84,2000,0
2016-06-15,18:45:00,1.8401,1.8401,1.84,1.84,1500,0
2016-06-15,18:50:00,1.88,1.88,1.88,1.88,100,0
2016-06-15,19:10:00,1.84,1.84,1.84,1.84,200,0
2016-06-15,19:15:00,1.86,1.86,1.84,1.84,200,0
2016-06-15,19:20:00,1.8854,1.8854,1.84,1.84,300,0
2016-06-15,19:35:00,1.88,1.88,1.88,1.88,100,0
2016-06-15,19:45:00,1.8502,1.8502,1.8502,1.8502,5000,0
2016-06-15,20:10:00,1.8401,1.8401,1.8401,1.8401,1500,0
2016-06-15,20:20:00,1.87,1.87,1.87,1.87,100,0
2016-06-15,20:45:00,1.855,1.855,1.84,1.84,600,0
2016-06-15,21:00:00,1.86,1.86,1.83,1.8401,4100,0
2016-06-15,21:05:00,1.855,1.87,1.855,1.87,200,0
2016-06-15,21:30:00,1.84,1.8415,1.83,1.83,2100,0
2016-06-15,21:45:00,1.86,1.86,1.86,1.86,400,0
2016-06-15,21:55:00,1.83,1.83,1.83,1.83,457,0
2016-06-15,22:00:00,1.87,1.87,1.87,1.87,200,0
2016-06-16,15:35:00,1.8701,1.93,1.87,1.92,1900,0
2016-06-16,15:40:00,1.92,1.92,1.864,1.91,6503,0
2016-06-16,15:45:00,1.86,1.86,1.86,1.86,1000,0
2016-06-16,15:50:00,1.86,1.86,1.86,1.86,1900,0
2016-06-16,15:55:00,1.86,1.86,1.86,1.86,200,0
2016-06-16,16:00:00,1.87,1.87,1.86,1.865,7185,0
2016-06-16,16:05:00,1.86,1.87,1.86,1.87,3800,0
2016-06-16,16:10:00,1.86,1.8693,1.86,1.8693,1500,0
2016-06-16,16:15:00,1.865,1.865,1.8348,1.8348,2535,0
2016-06-16,16:20:00,1.842,1.842,1.842,1.842,1000,0
2016-06-16,16:30:00,1.864,1.864,1.864,1.864,633,0
2016-06-16,16:35:00,1.8398,1.85,1.8398,1.84,2100,0
2016-06-16,16:40:00,1.84,1.85,1.84,1.8431,8770,0
2016-06-16,16:45:00,1.8499,1.87,1.8431,1.8644,8600,0
2016-06-16,16:50:00,1.8777,1.8777,1.8777,1.8777,300,0
2016-06-16,16:55:00,1.8772,1.8772,1.8772,1.8772,200,0
2016-06-16,17:00:00,1.86,1.88,1.86,1.88,2448,0
2016-06-16,17:05:00,1.8795,1.88,1.8795,1.88,2150,0
2016-06-16,17:10:00,1.865,1.87,1.86,1.865,4560,0
2016-06-16,17:15:00,1.865,1.8675,1.865,1.8675,4000,0
2016-06-16,17:20:00,1.865,1.87,1.863,1.865,6360,0
2016-06-16,17:25:00,1.865,1.87,1.865,1.865,7580,0
2016-06-16,17:35:00,1.865,1.87,1.86,1.86,695,0
2016-06-16,17:40:00,1.86,1.86,1.86,1.86,350,0
2016-06-16,17:45:00,1.866,1.87,1.865,1.87,1700,0
2016-06-16,17:55:00,1.865,1.8699,1.865,1.8699,500,0
2016-06-16,18:00:00,1.865,1.87,1.865,1.865,5859,0
2016-06-16,18:05:00,1.865,1.865,1.865,1.865,1000,0
2016-06-16,18:10:00,1.865,1.87,1.8642,1.87,1800,0
2016-06-16,18:15:00,1.885,1.885,1.87,1.87,3000,0
2016-06-16,18:20:00,1.87,1.87,1.865,1.865,4889,0
2016-06-16,18:25:00,1.86,1.87,1.86,1.87,1800,0
2016-06-16,18:30:00,1.865,1.865,1.865,1.865,300,0
2016-06-16,18:35:00,1.86,1.87,1.86,1.87,3200,0
2016-06-16,18:40:00,1.86,1.86,1.86,1.86,2000,0
2016-06-16,18:45:00,1.8634,1.8634,1.85,1.86,7900,0
2016-06-16,18:50:00,1.85,1.86,1.85,1.86,400,0
2016-06-16,19:05:00,1.85,1.86,1.85,1.853,2200,0
2016-06-16,19:15:00,1.8599,1.86,1.8599,1.8599,3300,0
2016-06-16,19:20:00,1.86,1.86,1.86,1.86,450,0
2016-06-16,19:25:00,1.8599,1.86,1.8599,1.86,700,0
2016-06-16,19:35:00,1.86,1.88,1.86,1.86,11700,0
2016-06-16,19:50:00,1.865,1.88,1.865,1.88,5700,0
2016-06-16,19:55:00,1.865,1.865,1.865,1.865,200,0
2016-06-16,20:00:00,1.865,1.865,1.865,1.865,1100,0
2016-06-16,20:10:00,1.865,1.865,1.865,1.865,900,0
2016-06-16,20:15:00,1.88,1.88,1.88,1.88,100,0
2016-06-16,20:20:00,1.865,1.87,1.86,1.865,3073,0
2016-06-16,20:25:00,1.851,1.851,1.85,1.85,2300,0
2016-06-16,20:30:00,1.8583,1.8583,1.8583,1.8583,100,0
2016-06-16,20:40:00,1.8599,1.8599,1.8599,1.8599,1200,0
2016-06-16,20:50:00,1.855,1.86,1.855,1.855,2100,0
2016-06-16,20:55:00,1.855,1.86,1.855,1.855,13223,0
2016-06-16,21:05:00,1.855,1.86,1.85,1.85,18650,0
2016-06-16,21:10:00,1.85,1.86,1.85,1.85,12543,0
2016-06-16,21:15:00,1.8543,1.8543,1.84,1.84,1950,0
2016-06-16,21:20:00,1.8467,1.85,1.8463,1.85,2800,0
2016-06-16,21:25:00,1.85,1.85,1.8467,1.85,2100,0
2016-06-16,21:30:00,1.85,1.86,1.85,1.86,11798,0
2016-06-16,21:40:00,1.8599,1.8599,1.8599,1.8599,921,0
2016-06-16,21:45:00,1.85,1.86,1.85,1.8501,1010,0
2016-06-16,21:50:00,1.8585,1.86,1.855,1.855,11036,0
2016-06-16,21:55:00,1.8501,1.8599,1.85,1.85,5950,0
2016-06-16,22:00:00,1.85,1.87,1.85,1.87,200,0
2016-06-17,15:35:00,1.9,1.9,1.87,1.87,7408,0
2016-06-17,15:40:00,1.86,1.86,1.86,1.86,146,0
2016-06-17,15:45:00,1.86,1.86,1.86,1.86,1500,0
2016-06-17,16:05:00,1.8501,1.8501,1.8501,1.8501,4000,0
2016-06-17,16:20:00,1.865,1.865,1.86,1.8607,4300,0
2016-06-17,16:30:00,1.8696,1.8696,1.865,1.865,5000,0
2016-06-17,16:40:00,1.865,1.87,1.865,1.87,1700,0
2016-06-17,17:00:00,1.865,1.865,1.865,1.865,16100,0
2016-06-17,17:05:00,1.865,1.87,1.86,1.87,2300,0
2016-06-17,17:15:00,1.87,1.87,1.87,1.87,100,0
2016-06-17,17:20:00,1.865,1.865,1.865,1.865,100,0
2016-06-17,17:25:00,1.869,1.869,1.86,1.86,5200,0
2016-06-17,17:40:00,1.86,1.86,1.86,1.86,6200,0
2016-06-17,17:50:00,1.855,1.855,1.855,1.855,100,0
2016-06-17,17:55:00,1.855,1.855,1.855,1.855,1500,0
2016-06-17,18:05:00,1.8576,1.8576,1.8576,1.8576,460,0
2016-06-17,18:10:00,1.86,1.86,1.86,1.86,200,0
2016-06-17,18:15:00,1.8585,1.8585,1.855,1.855,2600,0
2016-06-17,18:30:00,1.85,1.85,1.85,1.85,1000,0
2016-06-17,18:35:00,1.86,1.86,1.86,1.86,300,0
2016-06-17,18:50:00,1.865,1.865,1.86,1.86,1200,0
2016-06-17,19:00:00,1.86,1.86,1.86,1.86,600,0
2016-06-17,19:05:00,1.86,1.86,1.86,1.86,100,0
2016-06-17,19:10:00,1.86,1.86,1.86,1.86,1000,0
2016-06-17,19:15:00,1.86,1.86,1.86,1.86,100,0
2016-06-17,19:25:00,1.86,1.86,1.85,1.85,17000,0
2016-06-17,19:30:00,1.87,1.87,1.86,1.86,1000,0
2016-06-17,19:55:00,1.86,1.87,1.855,1.855,4200,0
2016-06-17,20:25:00,1.855,1.86,1.855,1.86,16600,0
2016-06-17,20:30:00,1.86,1.86,1.855,1.855,2300,0
2016-06-17,20:35:00,1.86,1.86,1.86,1.86,500,0
2016-06-17,20:55:00,1.85,1.85,1.85,1.85,1000,0
2016-06-17,21:00:00,1.86,1.86,1.855,1.855,600,0
2016-06-17,21:10:00,1.85,1.85,1.85,1.85,600,0
2016-06-17,21:15:00,1.85,1.85,1.85,1.85,800,0
2016-06-17,21:20:00,1.855,1.855,1.85,1.8501,7300,0
2016-06-17,21:25:00,1.85,1.85,1.85,1.85,1600,0
2016-06-17,21:35:00,1.855,1.86,1.85,1.86,5900,0
2016-06-17,21:40:00,1.855,1.855,1.855,1.855,100,0
2016-06-17,21:55:00,1.855,1.8593,1.85,1.8593,3547,0
2016-06-17,22:00:00,1.86,1.86,1.86,1.86,200,0
2016-06-20,15:35:00,1.89,1.89,1.85,1.874,4406,0
2016-06-20,15:45:00,1.8686,1.8686,1.85,1.85,1434,0
2016-06-20,15:50:00,1.84,1.84,1.84,1.84,400,0
2016-06-20,15:55:00,1.84,1.8417,1.84,1.8417,1200,0
2016-06-20,16:00:00,1.845,1.85,1.845,1.845,1400,0
2016-06-20,16:25:00,1.845,1.845,1.845,1.845,1000,0
2016-06-20,16:30:00,1.845,1.845,1.845,1.845,200,0
2016-06-20,17:05:00,1.845,1.8485,1.84,1.84,3465,0
2016-06-20,17:10:00,1.8485,1.8485,1.845,1.845,600,0
2016-06-20,17:15:00,1.85,1.85,1.85,1.85,100,0
2016-06-20,17:20:00,1.8499,1.8499,1.8499,1.8499,250,0
2016-06-20,17:25:00,1.845,1.845,1.845,1.845,100,0
2016-06-20,17:30:00,1.8401,1.85,1.84,1.85,12200,0
2016-06-20,17:50:00,1.846,1.846,1.846,1.846,500,0
2016-06-20,18:00:00,1.85,1.85,1.85,1.85,500,0
2016-06-20,18:05:00,1.85,1.85,1.85,1.85,500,0
2016-06-20,18:10:00,1.85,1.85,1.84,1.85,1500,0
2016-06-20,18:15:00,1.8505,1.8505,1.84,1.84,322,0
2016-06-20,18:20:00,1.86,1.86,1.81,1.84,21740,0
2016-06-20,18:25:00,1.8422,1.8422,1.83,1.8375,900,0
2016-06-20,18:35:00,1.86,1.86,1.855,1.86,400,0
2016-06-20,18:55:00,1.85,1.85,1.8,1.82,13730,0
2016-06-20,19:00:00,1.82,1.82,1.82,1.82,300,0
2016-06-20,19:10:00,1.8284,1.8284,1.82,1.82,655,0
2016-06-20,19:50:00,1.83,1.83,1.83,1.83,100,0
2016-06-20,20:35:00,1.837,1.837,1.837,1.837,120,0
2016-06-20,20:50:00,1.848,1.848,1.848,1.848,200,0
2016-06-20,21:05:00,1.84,1.84,1.83,1.83,850,0
2016-06-20,21:10:00,1.8386,1.8389,1.82,1.82,634,0
2016-06-20,21:25:00,1.84,1.84,1.82,1.82,1500,0
2016-06-20,21:40:00,1.82,1.82,1.82,1.82,800,0
2016-06-20,21:45:00,1.82,1.82,1.8,1.8,2208,0
2016-06-20,21:50:00,1.81,1.825,1.81,1.825,1700,0
2016-06-20,21:55:00,1.822,1.822,1.82,1.8202,2400,0
2016-06-20,22:00:00,1.8115,1.84,1.81,1.84,10304,0
2016-06-21,15:35:00,1.86,1.86,1.85,1.85,1892,0
2016-06-21,15:40:00,1.83,1.83,1.81,1.81,2650,0
2016-06-21,15:55:00,1.86,1.86,1.82,1.82,1375,0
2016-06-21,16:00:00,1.8498,1.8498,1.82,1.82,1600,0
2016-06-21,16:25:00,1.82,1.82,1.81,1.81,10000,0
2016-06-21,16:50:00,1.81,1.82,1.81,1.82,200,0
2016-06-21,16:55:00,1.8075,1.8075,1.8,1.8,1300,0
2016-06-21,17:00:00,1.8,1.8,1.8,1.8,2100,0
2016-06-21,17:10:00,1.8,1.8,1.8,1.8,4200,0
2016-06-21,17:20:00,1.805,1.805,1.8,1.8,1400,0
2016-06-21,17:25:00,1.8,1.805,1.8,1.8,2830,0
2016-06-21,17:40:00,1.79,1.8,1.76,1.76,18348,0
2016-06-21,17:45:00,1.76,1.7601,1.75,1.75,15418,0
2016-06-21,18:00:00,1.75,1.76,1.75,1.75,4675,0
2016-06-21,18:05:00,1.76,1.76,1.76,1.76,900,0
2016-06-21,18:10:00,1.7992,1.7992,1.79,1.79,700,0
2016-06-21,18:25:00,1.77,1.77,1.77,1.77,100,0
2016-06-21,18:35:00,1.7835,1.7835,1.77,1.77,700,0
2016-06-21,18:40:00,1.76,1.76,1.76,1.76,1375,0
2016-06-21,18:45:00,1.755,1.755,1.75,1.75,3600,0
2016-06-21,18:50:00,1.76,1.76,1.76,1.76,275,0
2016-06-21,18:55:00,1.76,1.76,1.7599,1.7599,2800,0
2016-06-21,19:00:00,1.76,1.77,1.754,1.76,6900,0
2016-06-21,19:10:00,1.7675,1.7675,1.7675,1.7675,250,0
2016-06-21,19:15:00,1.7689,1.7689,1.7689,1.7689,300,0
2016-06-21,19:20:00,1.77,1.77,1.77,1.77,600,0
2016-06-21,19:30:00,1.79,1.79,1.79,1.79,1000,0
2016-06-21,19:40:00,1.78,1.78,1.78,1.78,100,0
2016-06-21,19:45:00,1.7732,1.7732,1.7732,1.7732,100,0
2016-06-21,20:10:00,1.79,1.79,1.79,1.79,100,0
2016-06-21,20:20:00,1.79,1.79,1.79,1.79,100,0
2016-06-21,20:25:00,1.78,1.78,1.78,1.78,400,0
2016-06-21,20:35:00,1.79,1.79,1.79,1.79,200,0
2016-06-21,20:50:00,1.773,1.79,1.773,1.79,1300,0
2016-06-21,21:00:00,1.7899,1.79,1.7899,1.79,2600,0
2016-06-21,21:15:00,1.79,1.79,1.77,1.79,600,0
2016-06-21,21:20:00,1.79,1.79,1.79,1.79,100,0
2016-06-21,21:30:00,1.7701,1.78,1.7701,1.7714,500,0
2016-06-21,21:55:00,1.79,1.79,1.7862,1.79,1500,0
2016-06-21,22:00:00,1.78,1.8,1.78,1.8,2142,0
2016-06-22,15:35:00,1.8,1.8,1.75,1.75,314,0
2016-06-22,15:40:00,1.75,1.75,1.7197,1.73,8610,0
2016-06-22,15:50:00,1.7325,1.7325,1.73,1.73,3200,0
2016-06-22,15:55:00,1.739,1.739,1.73,1.73,4190,0
2016-06-22,16:00:00,1.73,1.73,1.71,1.71,8648,0
2016-06-22,16:05:00,1.7133,1.715,1.71,1.71,3375,0
2016-06-22,16:10:00,1.71,1.715,1.71,1.71,4764,0
2016-06-22,16:20:00,1.72,1.72,1.7,1.7,7610,0
2016-06-22,16:25:00,1.7,1.7,1.68,1.69,7325,0
2016-06-22,16:30:00,1.7,1.71,1.7,1.705,1700,0
2016-06-22,16:35:00,1.705,1.7098,1.705,1.705,1200,0
2016-06-22,16:40:00,1.7,1.71,1.7,1.7,4429,0
2016-06-22,16:45:00,1.7,1.7,1.7,1.7,100,0
2016-06-22,16:50:00,1.71,1.71,1.71,1.71,100,0
2016-06-22,16:55:00,1.7211,1.74,1.7211,1.725,1100,0
2016-06-22,17:00:00,1.72,1.72,1.72,1.72,100,0
2016-06-22,17:15:00,1.712,1.72,1.71,1.72,1000,0
2016-06-22,17:30:00,1.73,1.73,1.72,1.725,1100,0
2016-06-22,17:40:00,1.73,1.73,1.725,1.725,550,0
2016-06-22,17:50:00,1.725,1.7292,1.725,1.7292,700,0
2016-06-22,17:55:00,1.725,1.73,1.725,1.73,1700,0
2016-06-22,18:00:00,1.73,1.73,1.73,1.73,100,0
2016-06-22,19:00:00,1.725,1.725,1.72,1.72,1200,0
2016-06-22,19:05:00,1.725,1.73,1.71,1.71,4900,0
2016-06-22,19:10:00,1.71,1.71,1.7,1.7,2670,0
2016-06-22,19:15:00,1.7198,1.7198,1.7,1.7,2500,0
2016-06-22,19:20:00,1.72,1.72,1.7125,1.7125,1100,0
2016-06-22,19:40:00,1.7167,1.72,1.7,1.72,900,0
2016-06-22,19:45:00,1.71,1.7198,1.7,1.7,1143,0
2016-06-22,19:50:00,1.71,1.71,1.71,1.71,100,0
2016-06-22,19:55:00,1.7199,1.72,1.7,1.7,6600,0
2016-06-22,20:00:00,1.71,1.72,1.7,1.71,3700,0
2016-06-22,20:05:00,1.7001,1.7001,1.7001,1.7001,240,0
2016-06-22,20:15:00,1.7158,1.7158,1.7,1.7,600,0
2016-06-22,20:20:00,1.72,1.72,1.7,1.7,1100,0
2016-06-22,20:25:00,1.71,1.71,1.7,1.7,1000,0
2016-06-22,20:30:00,1.71,1.74,1.7059,1.74,7360,0
2016-06-22,20:40:00,1.729,1.729,1.729,1.729,500,0
2016-06-22,21:05:00,1.74,1.74,1.74,1.74,100,0
2016-06-22,21:10:00,1.73,1.73,1.73,1.73,400,0
2016-06-22,21:20:00,1.74,1.74,1.74,1.74,100,0
2016-06-22,21:40:00,1.721,1.721,1.721,1.721,380,0
2016-06-22,21:50:00,1.7107,1.7107,1.7107,1.7107,750,0
2016-06-22,21:55:00,1.71,1.7299,1.7,1.72,5155,0
2016-06-22,22:00:00,1.72,1.73,1.7,1.73,3538,0
2016-06-23,15:35:00,1.7756,1.7756,1.69,1.69,3100,0
2016-06-23,15:45:00,1.742,1.742,1.742,1.742,100,0
2016-06-23,16:20:00,1.728,1.728,1.728,1.728,200,0
2016-06-23,16:35:00,1.73,1.73,1.73,1.73,100,0
2016-06-23,16:40:00,1.76,1.76,1.76,1.76,100,0
2016-06-23,16:55:00,1.75,1.75,1.75,1.75,100,0
2016-06-23,17:10:00,1.735,1.74,1.735,1.74,1400,0
2016-06-23,17:15:00,1.74,1.74,1.73,1.73,400,0
2016-06-23,17:25:00,1.725,1.725,1.725,1.725,530,0
2016-06-23,17:30:00,1.73,1.73,1.725,1.725,500,0
2016-06-23,17:35:00,1.72,1.72,1.71,1.71,700,0
2016-06-23,17:40:00,1.72,1.72,1.71,1.71,600,0
2016-06-23,17:50:00,1.71,1.7101,1.7,1.7,2300,0
2016-06-23,17:55:00,1.7001,1.71,1.7,1.7,7300,0
2016-06-23,18:10:00,1.7278,1.73,1.7,1.71,5204,0
2016-06-23,18:30:00,1.7101,1.72,1.71,1.71,700,0
2016-06-23,18:35:00,1.7101,1.7101,1.7101,1.7101,372,0
2016-06-23,18:40:00,1.71,1.715,1.71,1.71,1400,0
2016-06-23,18:50:00,1.71,1.71,1.7,1.7008,400,0
2016-06-23,18:55:00,1.74,1.74,1.72,1.72,200,0
2016-06-23,19:00:00,1.71,1.71,1.71,1.71,100,0
2016-06-23,19:10:00,1.7393,1.7393,1.7393,1.7393,400,0
2016-06-23,19:20:00,1.7313,1.7313,1.73,1.73,2250,0
2016-06-23,19:35:00,1.735,1.74,1.73,1.73,2700,0
2016-06-23,19:40:00,1.74,1.74,1.74,1.74,100,0
2016-06-23,19:45:00,1.73,1.73,1.73,1.73,300,0
2016-06-23,19:55:00,1.74,1.745,1.74,1.74,1000,0
2016-06-23,20:10:00,1.7499,1.75,1.74,1.74,6100,0
2016-06-23,20:25:00,1.7401,1.7401,1.71,1.71,6200,0
2016-06-23,20:30:00,1.71,1.71,1.71,1.71,300,0
2016-06-23,20:45:00,1.75,1.75,1.72,1.72,200,0
2016-06-23,21:10:00,1.75,1.75,1.73,1.73,1400,0
2016-06-23,21:40:00,1.735,1.74,1.73,1.74,1600,0
2016-06-23,21:45:00,1.731,1.74,1.731,1.74,500,0
2016-06-23,21:50:00,1.735,1.735,1.735,1.735,2500,0
2016-06-23,21:55:00,1.74,1.74,1.71,1.71,5450,0
2016-06-23,22:00:00,1.71,1.74,1.71,1.74,5400,0
2016-06-24,15:35:00,1.67,1.7299,1.67,1.7,7438,0
2016-06-24,15:40:00,1.67,1.69,1.67,1.67,3600,0
2016-06-24,15:45:00,1.67,1.6701,1.65,1.65,5102,0
2016-06-24,15:55:00,1.65,1.659,1.62,1.62,17485,0
2016-06-24,16:00:00,1.65,1.65,1.62,1.62,1600,0
2016-06-24,16:05:00,1.659,1.659,1.62,1.62,3031,0
2016-06-24,16:10:00,1.62,1.6539,1.62,1.62,2090,0
2016-06-24,16:20:00,1.6428,1.65,1.6428,1.65,1300,0
2016-06-24,16:25:00,1.6599,1.6599,1.63,1.65,1300,0
2016-06-24,16:35:00,1.65,1.65,1.6499,1.6499,2000,0
2016-06-24,16:40:00,1.64,1.64,1.6399,1.64,700,0
2016-06-24,16:45:00,1.6477,1.6477,1.6477,1.6477,1500,0
2016-06-24,16:55:00,1.65,1.65,1.65,1.65,100,0
2016-06-24,17:10:00,1.64,1.6476,1.64,1.6476,2323,0
2016-06-24,17:20:00,1.66,1.69,1.66,1.69,10835,0
2016-06-24,17:25:00,1.6831,1.6831,1.6831,1.6831,2000,0
2016-06-24,17:35:00,1.68,1.69,1.68,1.69,3100,0
2016-06-24,17:40:00,1.69,1.69,1.69,1.69,400,0
2016-06-24,17:45:00,1.69,1.7,1.67,1.67,7100,0
2016-06-24,17:50:00,1.66,1.66,1.66,1.66,200,0
2016-06-24,17:55:00,1.68,1.68,1.68,1.68,400,0
2016-06-24,18:10:00,1.68,1.68,1.68,1.68,200,0
2016-06-24,18:25:00,1.68,1.68,1.68,1.68,100,0
2016-06-24,18:35:00,1.671,1.671,1.67,1.67,3100,0
2016-06-24,18:55:00,1.6701,1.675,1.67,1.67,2700,0
2016-06-24,19:00:00,1.6786,1.68,1.67,1.67,11380,0
2016-06-24,19:05:00,1.67,1.67,1.67,1.67,100,0
2016-06-24,19:10:00,1.67,1.67,1.67,1.67,100,0
2016-06-24,19:15:00,1.68,1.68,1.6701,1.6701,5114,0
2016-06-24,19:30:00,1.6799,1.68,1.6799,1.68,307,0
2016-06-24,19:40:00,1.68,1.68,1.68,1.68,100,0
2016-06-24,19:45:00,1.68,1.69,1.67,1.67,2000,0
2016-06-24,20:05:00,1.675,1.675,1.67,1.67,1800,0
2016-06-24,20:25:00,1.6799,1.68,1.67,1.67,1700,0
2016-06-24,20:30:00,1.67,1.675,1.65,1.65,5006,0
2016-06-24,20:35:00,1.6501,1.6501,1.65,1.65,1500,0
2016-06-24,20:45:00,1.67,1.67,1.67,1.67,100,0
2016-06-24,20:50:00,1.6625,1.6625,1.65,1.65,2200,0
2016-06-24,21:00:00,1.65,1.66,1.64,1.64,4503,0
2016-06-24,21:15:00,1.67,1.67,1.665,1.665,5796,0
2016-06-24,21:20:00,1.67,1.69,1.67,1.675,8300,0
2016-06-24,21:25:00,1.7,1.7,1.7,1.7,400,0
2016-06-24,21:30:00,1.67,1.6701,1.67,1.67,1560,0
2016-06-24,21:40:00,1.68,1.68,1.6799,1.6799,1300,0
2016-06-24,21:45:00,1.67,1.67,1.67,1.67,500,0
2016-06-24,21:50:00,1.69,1.69,1.69,1.69,100,0
2016-06-24,21:55:00,1.71,1.73,1.69,1.7,10600,0
2016-06-24,22:00:00,1.7,1.71,1.68,1.68,5348,0
2016-06-27,15:35:00,1.69,1.69,1.67,1.6701,1963,0
2016-06-27,15:40:00,1.67,1.67,1.6301,1.6301,8273,0
2016-06-27,15:45:00,1.64,1.64,1.63,1.6399,10766,0
2016-06-27,15:50:00,1.64,1.64,1.63,1.63,600,0
2016-06-27,15:55:00,1.63,1.635,1.63,1.635,300,0
2016-06-27,16:05:00,1.63,1.64,1.63,1.63,14300,0
2016-06-27,16:10:00,1.63,1.63,1.63,1.63,1750,0
2016-06-27,16:20:00,1.64,1.64,1.63,1.64,1850,0
2016-06-27,16:25:00,1.64,1.64,1.63,1.64,1816,0
2016-06-27,16:30:00,1.64,1.64,1.63,1.63,2819,0
2016-06-27,16:35:00,1.64,1.64,1.62,1.62,11066,0
2016-06-27,16:40:00,1.6179,1.63,1.6179,1.63,5520,0
2016-06-27,17:00:00,1.63,1.63,1.611,1.62,3800,0
2016-06-27,17:05:00,1.62,1.62,1.54,1.57,17401,0
2016-06-27,17:10:00,1.565,1.565,1.565,1.565,100,0
2016-06-27,17:15:00,1.56,1.56,1.56,1.56,200,0
2016-06-27,17:25:00,1.5625,1.5625,1.56,1.56,5400,0
2016-06-27,17:30:00,1.56,1.56,1.56,1.56,1300,0
2016-06-27,17:35:00,1.5699,1.57,1.5699,1.57,3000,0
2016-06-27,17:40:00,1.58,1.58,1.575,1.575,1000,0
2016-06-27,17:45:00,1.566,1.566,1.566,1.566,200,0
2016-06-27,17:50:00,1.5699,1.57,1.5699,1.57,1150,0
2016-06-27,17:55:00,1.5699,1.57,1.5699,1.57,2000,0
2016-06-27,18:20:00,1.6,1.6,1.6,1.6,350,0
2016-06-27,18:25:00,1.6,1.6,1.6,1.6,250,0
2016-06-27,18:30:00,1.6,1.6,1.6,1.6,1538,0
2016-06-27,18:35:00,1.62,1.63,1.62,1.63,610,0
2016-06-27,18:45:00,1.6,1.6,1.6,1.6,1000,0
2016-06-27,19:05:00,1.61,1.61,1.61,1.61,1000,0
2016-06-27,19:15:00,1.61,1.64,1.61,1.62,1200,0
2016-06-27,19:30:00,1.63,1.63,1.63,1.63,100,0
2016-06-27,19:35:00,1.6275,1.6275,1.6275,1.6275,400,0
2016-06-27,19:45:00,1.67,1.67,1.67,1.67,100,0
2016-06-27,19:50:00,1.6,1.6,1.6,1.6,170,0
2016-06-27,20:15:00,1.613,1.613,1.613,1.613,1700,0
2016-06-27,20:20:00,1.6,1.6,1.59,1.6,3200,0
2016-06-27,20:25:00,1.58,1.58,1.58,1.58,1728,0
2016-06-27,20:35:00,1.59,1.59,1.59,1.59,121,0
2016-06-27,20:45:00,1.5899,1.5899,1.5899,1.5899,1000,0
2016-06-27,20:50:00,1.59,1.59,1.59,1.59,300,0
2016-06-27,20:55:00,1.59,1.59,1.5899,1.59,2000,0
2016-06-27,21:00:00,1.59,1.59,1.59,1.59,100,0
2016-06-27,21:05:00,1.59,1.59,1.59,1.59,2400,0
2016-06-27,21:10:00,1.585,1.59,1.585,1.59,300,0
2016-06-27,21:15:00,1.59,1.59,1.59,1.59,1017,0
2016-06-27,21:20:00,1.59,1.59,1.59,1.59,100,0
2016-06-27,21:30:00,1.59,1.62,1.59,1.605,4800,0
2016-06-27,21:35:00,1.6084,1.61,1.6084,1.61,600,0
2016-06-27,21:40:00,1.6006,1.61,1.6006,1.61,2600,0
2016-06-27,21:45:00,1.601,1.601,1.601,1.601,500,0
2016-06-27,21:50:00,1.605,1.61,1.605,1.609,1200,0
2016-06-27,21:55:00,1.61,1.61,1.61,1.61,100,0
2016-06-27,22:00:00,1.61,1.62,1.6,1.62,923,0
2016-06-28,15:35:00,1.61,1.61,1.6,1.6,200,0
2016-06-28,15:45:00,1.68,1.68,1.68,1.68,100,0
2016-06-28,15:55:00,1.62,1.63,1.6,1.61,14800,0
2016-06-28,16:10:00,1.6175,1.6175,1.6175,1.6175,825,0
2016-06-28,16:15:00,1.6182,1.63,1.6182,1.62,2053,0
2016-06-28,16:20:00,1.63,1.63,1.63,1.63,200,0
2016-06-28,16:25:00,1.63,1.63,1.6299,1.6299,800,0
2016-06-28,16:30:00,1.6301,1.6301,1.6301,1.6301,1000,0
2016-06-28,16:45:00,1.6301,1.6301,1.6301,1.6301,900,0
2016-06-28,17:00:00,1.63,1.63,1.63,1.63,102,0
2016-06-28,17:05:00,1.6393,1.6393,1.6393,1.6393,100,0
2016-06-28,17:10:00,1.635,1.6389,1.635,1.6389,300,0
2016-06-28,17:15:00,1.64,1.64,1.64,1.64,200,0
2016-06-28,17:50:00,1.66,1.66,1.66,1.66,100,0
2016-06-28,17:55:00,1.6699,1.6699,1.64,1.64,5800,0
2016-06-28,18:00:00,1.67,1.67,1.64,1.64,200,0
2016-06-28,18:10:00,1.655,1.655,1.64,1.64,1200,0
2016-06-28,18:15:00,1.659,1.659,1.64,1.6493,1260,0
2016-06-28,18:35:00,1.64,1.6415,1.64,1.64,1200,0
2016-06-28,19:05:00,1.6699,1.67,1.63,1.63,14500,0
2016-06-28,19:10:00,1.63,1.63,1.63,1.63,100,0
2016-06-28,19:15:00,1.64,1.68,1.64,1.65,4900,0
2016-06-28,19:20:00,1.66,1.66,1.66,1.66,100,0
2016-06-28,19:40:00,1.66,1.66,1.655,1.655,400,0
2016-06-28,20:00:00,1.6501,1.6501,1.6501,1.6501,389,0
2016-06-28,20:05:00,1.655,1.655,1.655,1.655,100,0
2016-06-28,20:25:00,1.655,1.6599,1.65,1.65,1100,0
2016-06-28,20:40:00,1.66,1.66,1.66,1.66,100,0
2016-06-28,21:00:00,1.655,1.655,1.6532,1.6532,689,0
2016-06-28,21:05:00,1.66,1.67,1.66,1.67,200,0
2016-06-28,21:15:00,1.6599,1.6599,1.6599,1.6599,345,0
2016-06-28,21:20:00,1.655,1.68,1.655,1.66,10800,0
2016-06-28,21:25:00,1.6571,1.6571,1.65,1.65,3100,0
2016-06-28,21:30:00,1.65,1.65,1.64,1.6401,3000,0
2016-06-28,21:40:00,1.6599,1.6599,1.65,1.65,2000,0
2016-06-28,21:55:00,1.64,1.64,1.64,1.64,400,0
2016-06-28,22:00:00,1.64,1.67,1.64,1.67,600,0
2016-06-29,15:35:00,1.68,1.68,1.6687,1.6687,568,0
2016-06-29,15:55:00,1.6589,1.6589,1.6579,1.6579,1197,0
2016-06-29,16:00:00,1.65,1.65,1.6499,1.6499,500,0
2016-06-29,16:05:00,1.66,1.66,1.65,1.65,600,0
2016-06-29,16:10:00,1.65,1.65,1.65,1.65,500,0
2016-06-29,16:30:00,1.65,1.65,1.65,1.65,100,0
2016-06-29,16:45:00,1.62,1.64,1.62,1.64,800,0
2016-06-29,17:15:00,1.6375,1.64,1.63,1.64,2750,0
2016-06-29,17:20:00,1.635,1.6368,1.62,1.62,5174,0
2016-06-29,17:25:00,1.64,1.64,1.62,1.62,2700,0
2016-06-29,17:30:00,1.6384,1.6384,1.63,1.63,700,0
2016-06-29,17:40:00,1.62,1.62,1.62,1.62,1200,0
2016-06-29,17:50:00,1.63,1.63,1.63,1.63,100,0
2016-06-29,17:55:00,1.6201,1.64,1.62,1.62,7400,0
2016-06-29,18:10:00,1.64,1.64,1.64,1.64,100,0
2016-06-29,18:25:00,1.6364,1.64,1.6364,1.64,600,0
2016-06-29,18:35:00,1.6338,1.6338,1.63,1.63,800,0
2016-06-29,18:40:00,1.65,1.65,1.64,1.64,500,0
2016-06-29,18:45:00,1.6407,1.6407,1.6407,1.6407,426,0
2016-06-29,19:05:00,1.646,1.646,1.64,1.64,1300,0
2016-06-29,19:10:00,1.64,1.64,1.63,1.63,700,0
2016-06-29,19:25:00,1.6301,1.6301,1.63,1.63,2300,0
2016-06-29,19:30:00,1.6381,1.6381,1.63,1.63,2200,0
2016-06-29,19:40:00,1.64,1.64,1.63,1.63,400,0
2016-06-29,19:50:00,1.635,1.64,1.63,1.6392,8100,0
2016-06-29,19:55:00,1.63,1.64,1.63,1.635,600,0
2016-06-29,20:05:00,1.65,1.65,1.64,1.64,338,0
2016-06-29,20:10:00,1.6326,1.64,1.6326,1.64,2300,0
2016-06-29,20:20:00,1.64,1.64,1.63,1.63,1920,0
2016-06-29,20:40:00,1.64,1.64,1.64,1.64,400,0
2016-06-29,20:50:00,1.64,1.64,1.635,1.635,1000,0
2016-06-29,20:55:00,1.6399,1.6399,1.6399,1.6399,900,0
2016-06-29,21:05:00,1.63,1.63,1.63,1.63,800,0
2016-06-29,21:10:00,1.63,1.63,1.61,1.61,3900,0
2016-06-29,21:15:00,1.62,1.62,1.61,1.61,10700,0
2016-06-29,21:20:00,1.615,1.62,1.61,1.61,4200,0
2016-06-29,21:25:00,1.615,1.62,1.61,1.61,3900,0
2016-06-29,21:30:00,1.615,1.62,1.6,1.6,5500,0
2016-06-29,21:35:00,1.61,1.61,1.61,1.61,100,0
2016-06-29,21:40:00,1.61,1.61,1.61,1.61,600,0
2016-06-29,21:45:00,1.61,1.61,1.6,1.6,2300,0
2016-06-29,21:55:00,1.61,1.61,1.61,1.61,696,0
2016-06-29,22:00:00,1.6,1.61,1.6,1.6001,6335,0
2016-06-30,15:35:00,1.61,1.6662,1.61,1.6662,1100,0
2016-06-30,15:45:00,1.6473,1.6473,1.6473,1.6473,500,0
2016-06-30,15:55:00,1.6299,1.6299,1.6299,1.6299,500,0
2016-06-30,16:00:00,1.62,1.63,1.61,1.61,5900,0
2016-06-30,16:05:00,1.62,1.62,1.61,1.61,2400,0
2016-06-30,16:15:00,1.6143,1.62,1.6,1.6,12591,0
2016-06-30,16:20:00,1.62,1.62,1.62,1.62,100,0
2016-06-30,16:35:00,1.62,1.62,1.62,1.62,200,0
2016-06-30,16:55:00,1.62,1.62,1.6,1.6,23637,0
2016-06-30,17:00:00,1.6,1.6033,1.6,1.6,2200,0
2016-06-30,17:10:00,1.61,1.6193,1.6,1.615,1500,0
2016-06-30,17:20:00,1.6199,1.6199,1.61,1.61,1100,0
2016-06-30,17:35:00,1.62,1.62,1.615,1.615,500,0
2016-06-30,17:40:00,1.6137,1.6137,1.6137,1.6137,950,0
2016-06-30,18:00:00,1.62,1.62,1.615,1.615,600,0
2016-06-30,18:30:00,1.62,1.62,1.615,1.615,648,0
2016-06-30,18:45:00,1.62,1.62,1.614,1.614,375,0
2016-06-30,18:55:00,1.615,1.62,1.615,1.615,600,0
2016-06-30,19:10:00,1.6107,1.6107,1.6107,1.6107,100,0
2016-06-30,19:30:00,1.62,1.62,1.615,1.615,4200,0
2016-06-30,19:50:00,1.62,1.62,1.615,1.615,700,0
2016-06-30,19:55:00,1.61,1.62,1.61,1.61,300,0
2016-06-30,20:05:00,1.625,1.625,1.625,1.625,100,0
2016-06-30,20:10:00,1.642,1.642,1.642,1.642,3000,0
2016-06-30,20:20:00,1.62,1.62,1.62,1.62,100,0
2016-06-30,20:35:00,1.63,1.63,1.63,1.63,200,0
2016-06-30,20:50:00,1.63,1.63,1.63,1.63,100,0
2016-06-30,20:55:00,1.65,1.65,1.63,1.63,200,0
2016-06-30,21:05:00,1.64,1.64,1.64,1.64,100,0
2016-06-30,21:10:00,1.645,1.65,1.6,1.6,12137,0
2016-06-30,21:15:00,1.61,1.61,1.61,1.61,400,0
2016-06-30,21:50:00,1.6101,1.62,1.6101,1.62,1200,0
2016-06-30,21:55:00,1.63,1.64,1.6299,1.64,1460,0
2016-06-30,22:00:00,1.64,1.64,1.6,1.6,2600,0
2016-07-01,15:35:00,1.5965,1.5965,1.58,1.58,600,0
2016-07-01,15:40:00,1.5801,1.6,1.5801,1.6,500,0
2016-07-01,15:45:00,1.635,1.6492,1.62,1.6492,1700,0
2016-07-01,15:50:00,1.65,1.65,1.65,1.65,600,0
2016-07-01,15:55:00,1.65,1.65,1.65,1.65,900,0
2016-07-01,16:00:00,1.66,1.66,1.655,1.655,2100,0
2016-07-01,16:05:00,1.6544,1.655,1.65,1.65,4400,0
2016-07-01,16:10:00,1.66,1.66,1.655,1.655,4500,0
2016-07-01,16:15:00,1.6575,1.66,1.57,1.57,40341,0
2016-07-01,16:25:00,1.59,1.62,1.57,1.62,1100,0
2016-07-01,16:30:00,1.59,1.6,1.57,1.6,11800,0
2016-07-01,16:35:00,1.61,1.61,1.61,1.61,700,0
2016-07-01,16:45:00,1.59,1.59,1.53,1.57,14060,0
2016-07-01,17:05:00,1.65,1.65,1.65,1.65,100,0
2016-07-01,17:10:00,1.59,1.59,1.59,1.59,100,0
2016-07-01,17:15:00,1.63,1.63,1.59,1.59,700,0
2016-07-01,17:35:00,1.6499,1.65,1.6,1.6,5635,0
2016-07-01,18:00:00,1.64,1.64,1.61,1.63,500,0
2016-07-01,18:10:00,1.62,1.62,1.62,1.62,100,0
2016-07-01,18:15:00,1.6325,1.6325,1.62,1.62,900,0
2016-07-01,18:20:00,1.64,1.64,1.63,1.63,360,0
2016-07-01,18:25:00,1.6436,1.66,1.63,1.63,5200,0
2016-07-01,18:30:00,1.66,1.66,1.66,1.66,200,0
2016-07-01,18:35:00,1.64,1.64,1.63,1.63,300,0
2016-07-01,18:40:00,1.63,1.63,1.63,1.63,1100,0
2016-07-01,18:45:00,1.65,1.65,1.64,1.64,800,0
2016-07-01,19:10:00,1.66,1.66,1.66,1.66,100,0
2016-07-01,19:20:00,1.65,1.66,1.65,1.66,500,0
2016-07-01,19:30:00,1.65,1.65,1.65,1.65,400,0
2016-07-01,19:35:00,1.66,1.66,1.66,1.66,200,0
2016-07-01,19:40:00,1.66,1.66,1.66,1.66,100,0
2016-07-01,19:45:00,1.66,1.7,1.66,1.7,2432,0
2016-07-01,20:00:00,1.67,1.67,1.67,1.67,200,0
2016-07-01,20:20:00,1.7295,1.7295,1.71,1.71,1225,0
2016-07-01,20:25:00,1.71,1.7272,1.71,1.7272,800,0
2016-07-01,20:30:00,1.72,1.72,1.66,1.67,4900,0
2016-07-01,20:35:00,1.663,1.665,1.66,1.66,3060,0
2016-07-01,21:00:00,1.69,1.69,1.6899,1.6899,680,0
2016-07-01,21:15:00,1.67,1.67,1.67,1.67,400,0
2016-07-01,21:20:00,1.67,1.67,1.67,1.67,100,0
2016-07-01,21:25:00,1.676,1.676,1.676,1.676,250,0
2016-07-01,21:35:00,1.67,1.68,1.67,1.68,2100,0
2016-07-01,21:55:00,1.7,1.7001,1.67,1.68,1500,0
2016-07-01,22:00:00,1.69,1.69,1.69,1.69,200,0
