Date,Time,Open,High,Low,Close,Volume,OpenInt
2016-06-16,15:35:00,40.33,40.59,40.33,40.5,904,0
2016-06-16,15:40:00,40.43,40.59,40.35,40.355,1300,0
2016-06-16,15:45:00,40.425,40.425,40.25,40.25,200,0
2016-06-16,15:50:00,40.26,40.26,40.09,40.2,1500,0
2016-06-16,15:55:00,40.2,40.27,40.14,40.14,2500,0
2016-06-16,16:00:00,40.14,40.14,40.11,40.11,500,0
2016-06-16,16:05:00,40.095,40.095,40.05,40.05,400,0
2016-06-16,16:10:00,40.22,40.22,40.09,40.09,800,0
2016-06-16,16:15:00,40.14,40.14,40.1,40.1,900,0
2016-06-16,16:20:00,40.14,40.14,40.015,40.03,1500,0
2016-06-16,16:25:00,40.08,40.08,39.8501,40,1650,0
2016-06-16,16:30:00,40,40.05,40,40.01,700,0
2016-06-16,16:35:00,39.98,39.98,39.98,39.98,300,0
2016-06-16,16:40:00,39.93,39.96,39.92,39.94,1451,0
2016-06-16,16:45:00,39.88,39.88,39.86,39.86,400,0
2016-06-16,16:50:00,39.86,39.86,39.76,39.76,2150,0
2016-06-16,16:55:00,39.72,39.79,39.705,39.79,2200,0
2016-06-16,17:00:00,39.78,39.83,39.78,39.83,300,0
2016-06-16,17:05:00,39.81,39.85,39.8,39.825,900,0
2016-06-16,17:10:00,39.825,39.9,39.8175,39.85,900,0
2016-06-16,17:15:00,39.88,39.94,39.8601,39.895,1454,0
2016-06-16,17:20:00,39.94,39.94,39.88,39.88,3808,0
2016-06-16,17:25:00,39.93,40.0001,39.89,40.0001,1350,0
2016-06-16,17:30:00,40.0001,40.17,40.0001,40.17,795,0
2016-06-16,17:35:00,40.18,40.21,40.08,40.08,1700,0
2016-06-16,17:40:00,40.05,40.05,40,40.01,500,0
2016-06-16,17:45:00,40.03,40.03,40.03,40.03,100,0
2016-06-16,17:50:00,40,40,39.91,39.91,500,0
2016-06-16,17:55:00,39.9,39.98,39.9,39.93,300,0
2016-06-16,18:00:00,39.93,39.93,39.84,39.84,1200,0
2016-06-16,18:05:00,39.87,39.87,39.8,39.85,1510,0
2016-06-16,18:10:00,39.8625,39.885,39.81,39.81,1600,0
2016-06-16,18:15:00,39.85,39.89,39.85,39.87,889,0
2016-06-16,18:20:00,39.835,39.895,39.835,39.86,1000,0
2016-06-16,18:25:00,39.86,39.93,39.86,39.93,1200,0
2016-06-16,18:30:00,39.96,40.04,39.96,40.04,900,0
2016-06-16,18:35:00,40.05,40.08,40.035,40.08,17254,0
2016-06-16,18:40:00,40.12,40.23,40.12,40.23,1908,0
2016-06-16,18:45:00,40.2,40.2,40.2,40.2,100,0
2016-06-16,18:50:00,40.245,40.245,40.18,40.19,1200,0
2016-06-16,18:55:00,40.21,40.21,40.14,40.18,800,0
2016-06-16,19:00:00,40.18,40.23,40.18,40.225,700,0
2016-06-16,19:05:00,40.235,40.3,40.21,40.3,1100,0
2016-06-16,19:10:00,40.2529,40.38,40.2529,40.38,1400,0
2016-06-16,19:15:00,40.35,40.44,40.3033,40.42,1825,0
2016-06-16,19:20:00,40.43,40.44,40.395,40.44,1200,0
2016-06-16,19:25:00,40.46,40.51,40.46,40.47,1700,0
2016-06-16,19:30:00,40.5,40.5,40.39,40.42,1500,0
2016-06-16,19:35:00,40.39,40.44,40.39,40.43,1100,0
2016-06-16,19:40:00,40.42,40.47,40.4,40.4,500,0
2016-06-16,19:45:00,40.38,40.38,40.34,40.35,500,0
2016-06-16,19:50:00,40.35,40.35,40.22,40.25,1000,0
2016-06-16,19:55:00,40.21,40.21,40.13,40.13,600,0
2016-06-16,20:00:00,40.2,40.25,40.14,40.14,700,0
2016-06-16,20:05:00,40.1,40.13,40.06,40.09,900,0
2016-06-16,20:10:00,40.11,40.16,40.11,40.16,900,0
2016-06-16,20:15:00,40.145,40.32,40.145,40.3193,2000,0
2016-06-16,20:20:00,40.32,40.38,40.32,40.33,900,0
2016-06-16,20:25:00,40.34,40.4099,40.34,40.4,3045,0
2016-06-16,20:30:00,40.36,40.36,40.235,40.235,1400,0
2016-06-16,20:35:00,40.28,40.28,40.26,40.26,500,0
2016-06-16,20:40:00,40.3,40.3201,40.21,40.21,1300,0
2016-06-16,20:45:00,40.25,40.27,40.24,40.25,900,0
2016-06-16,20:50:00,40.27,40.35,40.27,40.35,1100,0
2016-06-16,20:55:00,40.36,40.44,40.33,40.44,1100,0
2016-06-16,21:00:00,40.4,40.43,40.4,40.43,300,0
2016-06-16,21:05:00,40.43,40.52,40.4,40.5,11909,0
2016-06-16,21:10:00,40.52,40.6,40.48,40.6,3196,0
2016-06-16,21:15:00,40.57,40.61,40.55,40.61,2000,0
2016-06-16,21:20:00,40.63,40.65,40.53,40.53,10823,0
2016-06-16,21:25:00,40.53,40.53,40.41,40.47,1900,0
2016-06-16,21:30:00,40.5,40.62,40.5,40.59,2300,0
2016-06-16,21:35:00,40.58,40.61,40.57,40.57,3400,0
2016-06-16,21:40:00,40.58,40.58,40.49,40.49,1500,0
2016-06-16,21:45:00,40.53,40.58,40.43,40.43,3102,0
2016-06-16,21:50:00,40.43,40.53,40.42,40.49,4100,0
2016-06-16,21:55:00,40.47,40.56,40.46,40.53,4561,0
2016-06-16,22:00:00,40.56,40.62,40.51,40.54,11680,0
2016-06-17,15:35:00,40.65,41.35,40.61,40.99,52523,0
2016-06-17,15:40:00,40.79,40.85,40.58,40.79,2980,0
2016-06-17,15:45:00,40.79,40.82,40.62,40.82,2400,0
2016-06-17,15:50:00,40.83,40.83,40.625,40.677,2400,0
2016-06-17,15:55:00,40.66,40.7,40.63,40.69,500,0
2016-06-17,16:00:00,40.685,40.79,40.645,40.645,1100,0
2016-06-17,16:05:00,40.645,40.82,40.645,40.765,3100,0
2016-06-17,16:10:00,40.76,40.975,40.693,40.975,3220,0
2016-06-17,16:15:00,40.94,40.96,40.895,40.895,400,0
2016-06-17,16:20:00,40.95,41.02,40.9,41.02,4845,0
2016-06-17,16:25:00,41.03,41.03,40.875,40.875,1503,0
2016-06-17,16:30:00,40.87,40.99,40.845,40.93,2986,0
2016-06-17,16:35:00,40.87,40.9,40.82,40.82,3700,0
2016-06-17,16:40:00,40.87,40.97,40.85,40.89,3300,0
2016-06-17,16:45:00,40.87,40.92,40.85,40.89,4600,0
2016-06-17,16:50:00,40.795,40.92,40.795,40.85,2100,0
2016-06-17,16:55:00,40.9,40.9,40.8,40.88,3900,0
2016-06-17,17:00:00,40.87,40.92,40.81,40.8201,9415,0
2016-06-17,17:05:00,40.845,40.92,40.8,40.87,9528,0
2016-06-17,17:10:00,40.87,40.89,40.71,40.75,5472,0
2016-06-17,17:15:00,40.681,40.7899,40.67,40.67,622,0
2016-06-17,17:20:00,40.58,40.58,40.497,40.497,800,0
2016-06-17,17:25:00,40.53,40.54,40.488,40.489,1000,0
2016-06-17,17:30:00,40.51,40.53,40.45,40.455,700,0
2016-06-17,17:35:00,40.45,40.59,40.45,40.55,1400,0
2016-06-17,17:40:00,40.55,40.6,40.55,40.6,500,0
2016-06-17,17:45:00,40.547,40.709,40.547,40.69,1850,0
2016-06-17,17:50:00,40.68,40.71,40.68,40.71,200,0
2016-06-17,17:55:00,40.675,40.675,40.6,40.62,1900,0
2016-06-17,18:00:00,40.6389,40.7,40.545,40.7,825,0
2016-06-17,18:05:00,40.67,40.71,40.63,40.656,700,0
2016-06-17,18:10:00,40.65,40.651,40.65,40.651,900,0
2016-06-17,18:15:00,40.64,40.64,40.61,40.61,400,0
2016-06-17,18:20:00,40.588,40.59,40.54,40.54,500,0
2016-06-17,18:25:00,40.495,40.5,40.455,40.5,400,0
2016-06-17,18:30:00,40.53,40.62,40.5,40.62,1850,0
2016-06-17,18:35:00,40.62,40.62,40.51,40.58,800,0
2016-06-17,18:40:00,40.5799,40.5799,40.49,40.517,550,0
2016-06-17,18:45:00,40.57,40.57,40.53,40.537,950,0
2016-06-17,18:50:00,40.53,40.54,40.42,40.42,900,0
2016-06-17,18:55:00,40.46,40.46,40.4175,40.43,700,0
2016-06-17,19:00:00,40.41,40.51,40.41,40.47,11100,0
2016-06-17,19:05:00,40.5156,40.5156,40.395,40.395,1750,0
2016-06-17,19:10:00,40.43,40.56,40.43,40.53,2495,0
2016-06-17,19:15:00,40.6,40.6,40.51,40.57,2035,0
2016-06-17,19:20:00,40.55,40.55,40.477,40.53,1000,0
2016-06-17,19:25:00,40.6,40.61,40.59,40.595,4657,0
2016-06-17,19:30:00,40.58,40.645,40.478,40.495,5600,0
2016-06-17,19:35:00,40.54,40.5799,40.42,40.42,2100,0
2016-06-17,19:40:00,40.485,40.49,40.43,40.445,1000,0
2016-06-17,19:45:00,40.505,40.505,40.505,40.505,300,0
2016-06-17,19:50:00,40.5,40.52,40.45,40.457,1554,0
2016-06-17,19:55:00,40.5106,40.5106,40.47,40.47,1500,0
2016-06-17,20:00:00,40.47,40.53,40.4,40.44,5512,0
2016-06-17,20:05:00,40.425,40.44,40.4244,40.43,1025,0
2016-06-17,20:10:00,40.48,40.5099,40.32,40.33,1939,0
2016-06-17,20:15:00,40.36,40.375,40.33,40.375,300,0
2016-06-17,20:20:00,40.34,40.43,40.34,40.43,1800,0
2016-06-17,20:25:00,40.4,40.54,40.4,40.54,3886,0
2016-06-17,20:30:00,40.58,40.58,40.465,40.465,11310,0
2016-06-17,20:35:00,40.48,40.6,40.44,40.55,22031,0
2016-06-17,20:40:00,40.53,40.53,40.495,40.495,200,0
2016-06-17,20:45:00,40.495,40.5,40.45,40.5,1100,0
2016-06-17,20:50:00,40.51,40.5295,40.46,40.48,1800,0
2016-06-17,20:55:00,40.485,40.59,40.485,40.59,1650,0
2016-06-17,21:00:00,40.56,40.56,40.49,40.49,2400,0
2016-06-17,21:05:00,40.485,40.53,40.457,40.47,1000,0
2016-06-17,21:10:00,40.495,40.5,40.47,40.5,700,0
2016-06-17,21:15:00,40.47,40.54,40.47,40.54,6000,0
2016-06-17,21:20:00,40.58,40.6,40.48,40.51,4662,0
2016-06-17,21:25:00,40.54,40.54,40.45,40.45,900,0
2016-06-17,21:30:00,40.445,40.6,40.445,40.6,4432,0
2016-06-17,21:35:00,40.59,40.65,40.55,40.55,3200,0
2016-06-17,21:40:00,40.6,40.625,40.57,40.613,10731,0
2016-06-17,21:45:00,40.64,40.65,40.6,40.65,3595,0
2016-06-17,21:50:00,40.64,40.75,40.625,40.75,5402,0
2016-06-17,21:55:00,40.74,40.91,40.72,40.72,18444,0
2016-06-17,22:00:00,40.72,40.74,40.655,40.68,20368,0
2016-06-20,15:35:00,41.28,41.4,41.035,41.04,2583,0
2016-06-20,15:40:00,41.545,41.86,41.28,41.53,6500,0
2016-06-20,15:45:00,41.83,41.83,41.67,41.75,22300,0
2016-06-20,15:50:00,41.73,41.77,41.12,41.26,2771,0
2016-06-20,15:55:00,41.33,41.48,41.23,41.48,1400,0
2016-06-20,16:00:00,41.51,41.57,41.47,41.53,2300,0
2016-06-20,16:05:00,41.57,41.72,41.515,41.625,4766,0
2016-06-20,16:10:00,41.635,41.68,41.49,41.58,4600,0
2016-06-20,16:15:00,41.51,41.53,41.495,41.495,900,0
2016-06-20,16:20:00,41.5,41.62,41.5,41.605,1597,0
2016-06-20,16:25:00,41.63,41.66,41.55,41.6,6800,0
2016-06-20,16:30:00,41.67,41.71,41.65,41.71,2400,0
2016-06-20,16:35:00,41.725,41.75,41.68,41.73,7500,0
2016-06-20,16:40:00,41.715,41.75,41.5,41.54,9646,0
2016-06-20,16:45:00,41.52,41.65,41.48,41.595,11700,0
2016-06-20,16:50:00,41.55,41.56,41.5,41.5,1200,0
2016-06-20,16:55:00,41.495,41.64,41.46,41.55,6475,0
2016-06-20,17:00:00,41.535,41.69,41.53,41.55,6400,0
2016-06-20,17:05:00,41.64,41.69,41.59,41.67,6100,0
2016-06-20,17:10:00,41.7,41.7999,41.7,41.76,6693,0
2016-06-20,17:15:00,41.77,41.77,41.715,41.74,800,0
2016-06-20,17:20:00,41.77,41.85,41.72,41.85,4100,0
2016-06-20,17:25:00,41.88,42.21,41.88,42.21,2512,0
2016-06-20,17:30:00,42.195,42.23,42.17,42.17,2300,0
2016-06-20,17:35:00,42.17,42.175,42.14,42.17,4703,0
2016-06-20,17:40:00,42.17,42.21,42.15,42.2,1514,0
2016-06-20,17:45:00,42.175,42.35,42.175,42.3,3056,0
2016-06-20,17:50:00,42.3,42.31,42,42,5485,0
2016-06-20,17:55:00,41.95,42.055,41.92,42.055,1300,0
2016-06-20,18:00:00,42.06,42.12,42.035,42.12,1600,0
2016-06-20,18:05:00,42.175,42.25,42.175,42.215,1000,0
2016-06-20,18:10:00,42.18,42.215,42.18,42.21,600,0
2016-06-20,18:15:00,42.215,42.37,42.215,42.325,1100,0
2016-06-20,18:20:00,42.32,42.32,42.305,42.305,400,0
2016-06-20,18:25:00,42.34,42.44,42.34,42.44,900,0
2016-06-20,18:30:00,42.415,42.415,42.405,42.405,300,0
2016-06-20,18:35:00,42.41,42.48,42.41,42.48,2100,0
2016-06-20,18:40:00,42.46,42.48,42.46,42.475,600,0
2016-06-20,18:45:00,42.475,42.58,42.47,42.54,2850,0
2016-06-20,18:50:00,42.51,42.53,42.48,42.525,1400,0
2016-06-20,18:55:00,42.525,42.64,42.525,42.63,1700,0
2016-06-20,19:00:00,42.65,42.65,42.59,42.615,1900,0
2016-06-20,19:05:00,42.595,42.605,42.59,42.605,1700,0
2016-06-20,19:10:00,42.605,42.605,42.577,42.605,800,0
2016-06-20,19:15:00,42.57,42.57,42.33,42.33,3300,0
2016-06-20,19:20:00,42.38,42.48,42.38,42.465,1000,0
2016-06-20,19:25:00,42.465,42.54,42.437,42.54,1000,0
2016-06-20,19:30:00,42.575,42.575,42.39,42.39,2201,0
2016-06-20,19:35:00,42.38,42.41,42.31,42.41,2000,0
2016-06-20,19:40:00,42.405,42.405,42.33,42.335,1400,0
2016-06-20,19:45:00,42.31,42.37,42.27,42.3,1600,0
2016-06-20,19:50:00,42.305,42.34,42.3,42.34,900,0
2016-06-20,19:55:00,42.335,42.345,42.31,42.33,1900,0
2016-06-20,20:00:00,42.32,42.36,42.32,42.336,1100,0
2016-06-20,20:05:00,42.33,42.3699,42.287,42.287,1025,0
2016-06-20,20:10:00,42.33,42.35,42.3,42.305,600,0
2016-06-20,20:15:00,42.305,42.34,42.3,42.33,1000,0
2016-06-20,20:20:00,42.34,42.39,42.32,42.32,3400,0
2016-06-20,20:25:00,42.35,42.38,42.3,42.34,2500,0
2016-06-20,20:30:00,42.375,42.41,42.35,42.38,600,0
2016-06-20,20:35:00,42.37,42.4,42.345,42.4,1000,0
2016-06-20,20:40:00,42.405,42.49,42.405,42.455,1300,0
2016-06-20,20:45:00,42.455,42.49,42.445,42.455,800,0
2016-06-20,20:50:00,42.48,42.52,42.475,42.52,1200,0
2016-06-20,20:55:00,42.54,42.6139,42.515,42.59,1700,0
2016-06-20,21:00:00,42.62,42.66,42.62,42.66,1770,0
2016-06-20,21:05:00,42.63,42.63,42.448,42.45,3200,0
2016-06-20,21:10:00,42.45,42.47,42.44,42.45,1200,0
2016-06-20,21:15:00,42.45,42.49,42.42,42.49,1400,0
2016-06-20,21:20:00,42.51,42.51,42.44,42.465,1850,0
2016-06-20,21:25:00,42.43,42.43,42.25,42.25,5500,0
2016-06-20,21:30:00,42.29,42.29,42.16,42.1866,3500,0
2016-06-20,21:35:00,42.195,42.24,42.195,42.215,1947,0
2016-06-20,21:40:00,42.21,42.24,42.1905,42.24,4000,0
2016-06-20,21:45:00,42.215,42.25,42.19,42.205,4393,0
2016-06-20,21:50:00,42.2,42.2,42.14,42.15,4000,0
2016-06-20,21:55:00,42.1304,42.23,42.1304,42.19,8585,0
2016-06-20,22:00:00,42.18,42.23,42.16,42.16,16461,0
2016-06-21,15:35:00,42.33,42.48,42.33,42.36,2033,0
2016-06-21,15:40:00,42.365,42.48,42.17,42.34,4500,0
2016-06-21,15:45:00,42.155,42.47,42.155,42.44,2620,0
2016-06-21,15:50:00,42.4,42.59,42.4,42.59,3600,0
2016-06-21,15:55:00,42.66,42.885,42.66,42.86,2500,0
2016-06-21,16:00:00,42.87,42.93,42.75,42.8,4400,0
2016-06-21,16:05:00,42.76,42.81,42.68,42.68,2000,0
2016-06-21,16:10:00,42.635,42.775,42.63,42.775,5324,0
2016-06-21,16:15:00,42.745,42.79,42.74,42.78,2100,0
2016-06-21,16:20:00,42.78,42.78,42.56,42.585,2900,0
2016-06-21,16:25:00,42.56,42.6,42.36,42.44,2300,0
2016-06-21,16:30:00,42.42,42.495,42.4,42.4,2300,0
2016-06-21,16:35:00,42.405,42.43,42.27,42.31,2300,0
2016-06-21,16:40:00,42.335,42.34,42.255,42.255,2000,0
2016-06-21,16:45:00,42.31,42.41,42.27,42.3,3100,0
2016-06-21,16:50:00,42.43,42.485,42.34,42.34,3338,0
2016-06-21,16:55:00,42.325,42.39,42.32,42.39,1100,0
2016-06-21,17:00:00,42.4,42.4,42.33,42.35,1400,0
2016-06-21,17:05:00,42.375,42.505,42.375,42.5,2473,0
2016-06-21,17:10:00,42.51,42.552,42.45,42.465,1700,0
2016-06-21,17:15:00,42.45,42.45,42.28,42.33,5669,0
2016-06-21,17:20:00,42.315,42.34,42.22,42.22,1500,0
2016-06-21,17:25:00,42.245,42.245,42.12,42.17,2600,0
2016-06-21,17:30:00,42.17,42.22,42.14,42.21,2000,0
2016-06-21,17:35:00,42.2,42.3,42.1,42.1,6030,0
2016-06-21,17:40:00,42.135,42.135,41.96,42.03,5100,0
2016-06-21,17:45:00,42.06,42.1099,42,42.05,2100,0
2016-06-21,17:50:00,42.12,42.17,42.095,42.17,1700,0
2016-06-21,17:55:00,42.18,42.22,42.16,42.18,2200,0
2016-06-21,18:00:00,42.15,42.38,42.15,42.37,1400,0
2016-06-21,18:05:00,42.3401,42.52,42.3401,42.495,3758,0
2016-06-21,18:10:00,42.47,42.495,42.37,42.48,3800,0
2016-06-21,18:15:00,42.41,42.44,42.33,42.375,4055,0
2016-06-21,18:20:00,42.38,42.42,42.32,42.38,3700,0
2016-06-21,18:25:00,42.37,42.39,42.325,42.325,5161,0
2016-06-21,18:30:00,42.325,42.33,42.21,42.22,5339,0
2016-06-21,18:35:00,42.27,42.27,42.1,42.19,4800,0
2016-06-21,18:40:00,42.14,42.15,42.07,42.105,1200,0
2016-06-21,18:45:00,42.11,42.13,42.09,42.13,1000,0
2016-06-21,18:50:00,42.13,42.21,42.13,42.2,900,0
2016-06-21,18:55:00,42.165,42.19,42.125,42.19,2300,0
2016-06-21,19:00:00,42.21,42.23,42.17,42.18,1900,0
2016-06-21,19:05:00,42.17,42.17,42.046,42.046,5300,0
2016-06-21,19:10:00,42.07,42.15,42.06,42.14,700,0
2016-06-21,19:15:00,42.18,42.22,42.12,42.22,2500,0
2016-06-21,19:20:00,42.18,42.18,42.1,42.13,1398,0
2016-06-21,19:25:00,42.13,42.14,42.05,42.07,3704,0
2016-06-21,19:30:00,42.105,42.105,42.04,42.07,1400,0
2016-06-21,19:35:00,42.12,42.12,42.03,42.074,2884,0
2016-06-21,19:40:00,42.03,42.03,41.89,41.91,2985,0
2016-06-21,19:45:00,41.93,42.09,41.93,41.96,1000,0
2016-06-21,19:50:00,41.98,41.98,41.898,41.915,1100,0
2016-06-21,19:55:00,41.9,42.02,41.9,42.02,900,0
2016-06-21,20:00:00,42.02,42.09,42.005,42.09,1274,0
2016-06-21,20:05:00,42.08,42.1,42.07,42.07,2900,0
2016-06-21,20:10:00,42.05,42.07,41.987,42.07,1100,0
2016-06-21,20:15:00,42.08,42.11,42.01,42.04,4000,0
2016-06-21,20:20:00,42.06,42.1,42.05,42.05,1700,0
2016-06-21,20:25:00,42.04,42.04,41.98,41.98,700,0
2016-06-21,20:30:00,42.01,42.15,42.01,42.15,1700,0
2016-06-21,20:35:00,42.17,42.33,42.17,42.305,1300,0
2016-06-21,20:40:00,42.32,42.48,42.32,42.39,3900,0
2016-06-21,20:45:00,42.38,42.395,42.28,42.2827,1602,0
2016-06-21,20:50:00,42.28,42.38,42.28,42.33,2300,0
2016-06-21,20:55:00,42.32,42.32,42.22,42.312,1900,0
2016-06-21,21:00:00,42.28,42.32,42.26,42.28,1700,0
2016-06-21,21:05:00,42.29,42.36,42.24,42.24,2300,0
2016-06-21,21:10:00,42.21,42.3,42.21,42.28,900,0
2016-06-21,21:15:00,42.31,42.34,42.31,42.32,2200,0
2016-06-21,21:20:00,42.33,42.47,42.3,42.3,4800,0
2016-06-21,21:25:00,42.305,42.305,42.26,42.3,3600,0
2016-06-21,21:30:00,42.295,42.35,42.28,42.29,4904,0
2016-06-21,21:35:00,42.3,42.32,42.26,42.29,2420,0
2016-06-21,21:40:00,42.29,42.33,42.24,42.24,10976,0
2016-06-21,21:45:00,42.26,42.27,42.2,42.2,4110,0
2016-06-21,21:50:00,42.22,42.28,42.21,42.25,7224,0
2016-06-21,21:55:00,42.25,42.39,42.25,42.375,12763,0
2016-06-21,22:00:00,42.4,42.47,42.34,42.35,18780,0
2016-06-22,15:35:00,42.38,42.38,42.25,42.25,781,0
2016-06-22,15:40:00,42.23,42.23,41.61,41.62,3860,0
2016-06-22,15:45:00,41.63,41.65,41.63,41.64,500,0
2016-06-22,15:50:00,41.64,41.64,41.55,41.55,2400,0
2016-06-22,15:55:00,41.48,41.48,41.26,41.26,1000,0
2016-06-22,16:00:00,41.28,41.3775,41.22,41.22,3128,0
2016-06-22,16:05:00,41.02,41.1999,41.02,41.12,6205,0
2016-06-22,16:10:00,41.11,41.1699,41.02,41.125,3191,0
2016-06-22,16:15:00,41.1,41.12,41.045,41.12,2600,0
2016-06-22,16:20:00,41.12,41.141,41.05,41.06,1500,0
2016-06-22,16:25:00,41.02,41.0699,41.01,41.01,800,0
2016-06-22,16:30:00,41.01,41.01,40.776,40.78,14620,0
2016-06-22,16:35:00,40.7301,41.01,40.7301,41.01,7100,0
2016-06-22,16:40:00,41,41.01,40.95,40.95,2991,0
2016-06-22,16:45:00,40.87,40.91,40.86,40.87,4700,0
2016-06-22,16:50:00,40.83,40.89,40.815,40.89,2700,0
2016-06-22,16:55:00,40.92,41,40.92,40.925,6625,0
2016-06-22,17:00:00,40.925,40.99,40.895,40.92,3500,0
2016-06-22,17:05:00,40.9,41,40.8675,41,6400,0
2016-06-22,17:10:00,40.98,40.98,40.95,40.965,1200,0
2016-06-22,17:15:00,40.99,41.03,40.955,40.98,16992,0
2016-06-22,17:20:00,40.98,41.04,40.94,41.02,4928,0
2016-06-22,17:25:00,41.005,41.02,40.98,40.99,2200,0
2016-06-22,17:30:00,40.955,41,40.955,40.97,1500,0
2016-06-22,17:35:00,40.94,40.96,40.89,40.89,1300,0
2016-06-22,17:40:00,40.9,41.06,40.9,41.06,800,0
2016-06-22,17:45:00,41.05,41.08,40.94,40.995,3968,0
2016-06-22,17:50:00,40.97,41.0209,40.96,40.98,5732,0
2016-06-22,17:55:00,40.97,40.97,40.9,40.965,2900,0
2016-06-22,18:00:00,40.95,40.98,40.9,40.92,3800,0
2016-06-22,18:05:00,40.94,40.94,40.88,40.91,1800,0
2016-06-22,18:10:00,40.88,40.94,40.88,40.94,4830,0
2016-06-22,18:15:00,40.95,40.955,40.95,40.955,1200,0
2016-06-22,18:20:00,40.955,40.96,40.89,40.9,6600,0
2016-06-22,18:25:00,40.87,40.93,40.81,40.815,9918,0
2016-06-22,18:30:00,40.81,40.82,40.71,40.81,2300,0
2016-06-22,18:35:00,40.81,40.81,40.75,40.81,1300,0
2016-06-22,18:40:00,40.825,40.91,40.825,40.895,3501,0
2016-06-22,18:45:00,40.86,40.88,40.81,40.88,1200,0
2016-06-22,18:50:00,40.88,40.9,40.82,40.8975,3000,0
2016-06-22,18:55:00,40.94,40.96,40.88,40.96,2100,0
2016-06-22,19:00:00,40.89,40.97,40.89,40.97,800,0
2016-06-22,19:05:00,40.93,40.97,40.93,40.94,2300,0
2016-06-22,19:10:00,40.95,40.95,40.86,40.95,5758,0
2016-06-22,19:15:00,40.93,40.93,40.85,40.85,6200,0
2016-06-22,19:20:00,40.83,40.85,40.8,40.85,1400,0
2016-06-22,19:25:00,40.87,40.87,40.83,40.85,1000,0
2016-06-22,19:30:00,40.85,40.9,40.85,40.87,1500,0
2016-06-22,19:35:00,40.9,40.91,40.86,40.89,500,0
2016-06-22,19:40:00,40.95,40.95,40.92,40.94,500,0
2016-06-22,19:45:00,40.93,40.955,40.9,40.91,5100,0
2016-06-22,19:50:00,40.94,40.965,40.94,40.965,1000,0
2016-06-22,19:55:00,40.98,41,40.97,41,1500,0
2016-06-22,20:00:00,40.9875,41.07,40.97,41.01,5500,0
2016-06-22,20:05:00,40.985,41.04,40.975,41.0101,1440,0
2016-06-22,20:10:00,41.035,41.08,40.94,40.95,3900,0
2016-06-22,20:15:00,40.95,41.04,40.95,41.01,4316,0
2016-06-22,20:20:00,40.97,41.02,40.9653,40.9653,1930,0
2016-06-22,20:25:00,40.94,41.01,40.84,41.01,6941,0
2016-06-22,20:30:00,41,41.02,40.89,40.94,4271,0
2016-06-22,20:35:00,40.93,40.96,40.86,40.86,1529,0
2016-06-22,20:40:00,40.84,40.84,40.79,40.8,1300,0
2016-06-22,20:45:00,40.79,40.82,40.76,40.82,1900,0
2016-06-22,20:50:00,40.85,40.85,40.78,40.8,900,0
2016-06-22,20:55:00,40.83,40.86,40.76,40.76,1531,0
2016-06-22,21:00:00,40.78,40.82,40.77,40.81,1615,0
2016-06-22,21:05:00,40.82,40.9399,40.82,40.88,3553,0
2016-06-22,21:10:00,40.875,40.9,40.8405,40.85,2000,0
2016-06-22,21:15:00,40.87,40.89,40.835,40.835,1300,0
2016-06-22,21:20:00,40.84,40.97,40.84,40.97,8570,0
2016-06-22,21:25:00,40.9,40.93,40.87,40.885,2500,0
2016-06-22,21:30:00,40.885,40.94,40.885,40.94,2200,0
2016-06-22,21:35:00,40.935,41.01,40.935,41,12243,0
2016-06-22,21:40:00,41.01,41.0298,40.975,41.02,3647,0
2016-06-22,21:45:00,41.05,41.06,40.95,40.99,1800,0
2016-06-22,21:50:00,40.98,41.03,40.96,40.98,5639,0
2016-06-22,21:55:00,40.97,41,40.9,41,6474,0
2016-06-22,22:00:00,41,41.01,40.91,40.94,8998,0
2016-06-23,15:35:00,41.14,41.14,41.14,41.14,3142,0
2016-06-23,15:40:00,41.075,41.075,41.055,41.055,200,0
2016-06-23,15:45:00,41.44,41.44,41.44,41.44,200,0
2016-06-23,15:50:00,41.39,41.42,41.24,41.42,6446,0
2016-06-23,15:55:00,41.44,41.62,41.44,41.4952,468,0
2016-06-23,16:00:00,41.62,41.65,41.58,41.62,1600,0
2016-06-23,16:05:00,41.65,41.76,41.63,41.66,1900,0
2016-06-23,16:10:00,41.71,41.83,41.71,41.82,600,0
2016-06-23,16:15:00,41.76,41.76,41.64,41.7,1400,0
2016-06-23,16:20:00,41.655,41.75,41.655,41.67,700,0
2016-06-23,16:25:00,41.7,41.7,41.63,41.645,900,0
2016-06-23,16:30:00,41.69,41.7,41.61,41.61,1100,0
2016-06-23,16:35:00,41.57,41.57,41.45,41.46,600,0
2016-06-23,16:40:00,41.47,41.47,41.305,41.325,3775,0
2016-06-23,16:45:00,41.33,41.36,41.215,41.27,2100,0
2016-06-23,16:50:00,41.27,41.37,41.27,41.28,800,0
2016-06-23,16:55:00,41.39,41.56,41.39,41.56,900,0
2016-06-23,17:00:00,41.565,41.61,41.49,41.55,3000,0
2016-06-23,17:05:00,41.47,41.64,41.47,41.54,2400,0
2016-06-23,17:10:00,41.61,41.61,41.5401,41.56,600,0
2016-06-23,17:15:00,41.56,41.65,41.535,41.65,1500,0
2016-06-23,17:20:00,41.73,41.83,41.73,41.79,1000,0
2016-06-23,17:25:00,41.76,41.84,41.71,41.84,1800,0
2016-06-23,17:30:00,41.81,41.875,41.79,41.875,3000,0
2016-06-23,17:35:00,41.9,41.94,41.85,41.85,1500,0
2016-06-23,17:40:00,41.88,41.9,41.87,41.87,400,0
2016-06-23,17:45:00,41.81,41.87,41.81,41.855,900,0
2016-06-23,17:50:00,41.85,42.01,41.85,41.98,1900,0
2016-06-23,17:55:00,42.02,42.02,42.01,42.01,700,0
2016-06-23,18:00:00,42.01,42.02,41.95,41.98,3400,0
2016-06-23,18:05:00,42,42,41.955,41.96,1403,0
2016-06-23,18:10:00,41.96,42.05,41.96,42.05,1100,0
2016-06-23,18:15:00,42.1,42.1,41.95,41.95,1500,0
2016-06-23,18:20:00,41.95,41.95,41.91,41.91,1700,0
2016-06-23,18:25:00,41.93,42,41.9,41.95,2840,0
2016-06-23,18:30:00,41.93,41.945,41.92,41.93,800,0
2016-06-23,18:35:00,41.93,41.98,41.85,41.85,4500,0
2016-06-23,18:40:00,41.83,41.9,41.8,41.9,1100,0
2016-06-23,18:45:00,41.91,41.91,41.905,41.905,200,0
2016-06-23,18:50:00,41.905,41.91,41.835,41.84,2100,0
2016-06-23,18:55:00,41.845,41.92,41.825,41.845,7900,0
2016-06-23,19:00:00,41.845,41.9,41.8,41.8,8570,0
2016-06-23,19:05:00,41.86,41.885,41.8,41.835,2800,0
2016-06-23,19:10:00,41.82,41.85,41.82,41.84,1400,0
2016-06-23,19:15:00,41.85,41.855,41.8,41.8,6135,0
2016-06-23,19:20:00,41.82,41.87,41.8,41.87,1400,0
2016-06-23,19:25:00,41.85,41.9,41.85,41.87,600,0
2016-06-23,19:30:00,41.85,41.91,41.82,41.91,1700,0
2016-06-23,19:35:00,41.91,41.95,41.91,41.95,500,0
2016-06-23,19:40:00,41.94,41.94,41.89,41.89,1500,0
2016-06-23,19:45:00,41.895,42,41.895,42,1000,0
2016-06-23,19:50:00,41.98,41.98,41.96,41.96,300,0
2016-06-23,19:55:00,41.95,42.07,41.95,42.07,900,0
2016-06-23,20:00:00,42.08,42.165,42.08,42.12,900,0
2016-06-23,20:05:00,42.12,42.23,42.12,42.23,874,0
2016-06-23,20:10:00,42.17,42.1889,42.09,42.1889,1600,0
2016-06-23,20:15:00,42.17,42.23,42.17,42.18,500,0
2016-06-23,20:20:00,42.18,42.18,42.09,42.09,1500,0
2016-06-23,20:25:00,42.05,42.11,41.99,42,2000,0
2016-06-23,20:30:00,41.965,42.05,41.965,42.05,3940,0
2016-06-23,20:35:00,42.03,42.03,41.98,41.995,1700,0
2016-06-23,20:40:00,42.03,42.04,42.03,42.04,300,0
2016-06-23,20:45:00,42.035,42.04,42.02,42.02,1000,0
2016-06-23,20:50:00,42.03,42.07,41.96,41.99,4720,0
2016-06-23,20:55:00,42.02,42.05,42,42.015,5517,0
2016-06-23,21:00:00,42.025,42.025,41.97,41.97,1821,0
2016-06-23,21:05:00,41.96,41.98,41.93,41.95,1300,0
2016-06-23,21:10:00,41.94,42.01,41.94,42.01,3900,0
2016-06-23,21:15:00,41.99,42.03,41.985,42.03,2250,0
2016-06-23,21:20:00,42.02,42.02,41.96,41.96,3201,0
2016-06-23,21:25:00,41.96,41.96,41.92,41.92,7400,0
2016-06-23,21:30:00,41.92,41.92,41.81,41.83,7000,0
2016-06-23,21:35:00,41.82,41.92,41.82,41.91,2650,0
2016-06-23,21:40:00,41.91,41.94,41.83,41.87,3313,0
2016-06-23,21:45:00,41.9,41.95,41.9,41.95,3600,0
2016-06-23,21:50:00,41.95,41.95,41.92,41.925,5116,0
2016-06-23,21:55:00,41.925,42.03,41.92,41.97,19286,0
2016-06-23,22:00:00,41.97,42.21,41.92,42.17,28649,0
2016-06-24,15:35:00,38.33,40.03,38.33,39.705,21975,0
2016-06-24,15:40:00,39.37,39.595,39.36,39.595,5500,0
2016-06-24,15:45:00,39.595,39.9299,39.595,39.7,5500,0
2016-06-24,15:50:00,39.69,39.69,39.32,39.52,7424,0
2016-06-24,15:55:00,39.6295,39.67,39.31,39.67,5765,0
2016-06-24,16:00:00,39.8,39.91,39.7,39.79,4696,0
2016-06-24,16:05:00,39.7,39.75,39.6,39.64,7770,0
2016-06-24,16:10:00,39.67,39.91,39.67,39.905,8000,0
2016-06-24,16:15:00,39.94,40.07,39.94,40.01,3300,0
2016-06-24,16:20:00,40.07,40.12,39.78,39.78,3300,0
2016-06-24,16:25:00,39.76,39.76,39.65,39.73,5400,0
2016-06-24,16:30:00,39.7,40.03,39.67,39.99,8139,0
2016-06-24,16:35:00,40.01,40.05,39.88,39.91,3786,0
2016-06-24,16:40:00,39.9,40.33,39.9,40.22,4900,0
2016-06-24,16:45:00,40.23,40.39,40.1848,40.37,3448,0
2016-06-24,16:50:00,40.38,40.39,40.27,40.27,1800,0
2016-06-24,16:55:00,40.255,40.38,40.245,40.375,1500,0
2016-06-24,17:00:00,40.41,40.48,40.25,40.25,3462,0
2016-06-24,17:05:00,40.28,40.33,40.23,40.23,2877,0
2016-06-24,17:10:00,40.2,40.3,40.16,40.3,3000,0
2016-06-24,17:15:00,40.27,40.28,40.2,40.27,2000,0
2016-06-24,17:20:00,40.28,40.29,40.26,40.26,1801,0
2016-06-24,17:25:00,40.27,40.35,40.23,40.325,6796,0
2016-06-24,17:30:00,40.35,40.68,40.35,40.595,2100,0
2016-06-24,17:35:00,40.62,40.77,40.59,40.71,4845,0
2016-06-24,17:40:00,40.7299,40.74,40.71,40.72,3498,0
2016-06-24,17:45:00,40.68,40.705,40.64,40.645,4053,0
2016-06-24,17:50:00,40.67,40.71,40.63,40.63,2200,0
2016-06-24,17:55:00,40.67,40.78,40.655,40.76,3940,0
2016-06-24,18:00:00,40.76,40.82,40.73,40.81,2800,0
2016-06-24,18:05:00,40.78,40.88,40.75,40.84,5607,0
2016-06-24,18:10:00,40.86,40.86,40.768,40.81,5200,0
2016-06-24,18:15:00,40.8,40.85,40.8,40.83,1700,0
2016-06-24,18:20:00,40.83,40.84,40.775,40.81,3930,0
2016-06-24,18:25:00,40.89,40.91,40.8,40.83,2300,0
2016-06-24,18:30:00,40.822,40.9,40.822,40.88,1400,0
2016-06-24,18:35:00,40.875,40.875,40.72,40.74,1300,0
2016-06-24,18:40:00,40.75,40.84,40.72,40.84,1500,0
2016-06-24,18:45:00,40.84,40.89,40.76,40.83,4520,0
2016-06-24,18:50:00,40.8,40.825,40.74,40.74,1900,0
2016-06-24,18:55:00,40.72,40.72,40.465,40.48,3800,0
2016-06-24,19:00:00,40.55,40.63,40.52,40.59,2400,0
2016-06-24,19:05:00,40.58,40.61,40.53,40.58,1600,0
2016-06-24,19:10:00,40.56,40.61,40.53,40.53,1451,0
2016-06-24,19:15:00,40.5,40.68,40.46,40.62,4000,0
2016-06-24,19:20:00,40.67,40.7,40.56,40.63,3900,0
2016-06-24,19:25:00,40.66,40.76,40.66,40.76,900,0
2016-06-24,19:30:00,40.69,40.69,40.61,40.69,2200,0
2016-06-24,19:35:00,40.76,40.79,40.66,40.73,1700,0
2016-06-24,19:40:00,40.79,40.84,40.77,40.81,2400,0
2016-06-24,19:45:00,40.75,40.78,40.7,40.71,1902,0
2016-06-24,19:50:00,40.71,40.71,40.6,40.6,2100,0
2016-06-24,19:55:00,40.63,40.66,40.6,40.66,600,0
2016-06-24,20:00:00,40.72,40.77,40.64,40.65,2000,0
2016-06-24,20:05:00,40.7,40.82,40.69,40.78,6730,0
2016-06-24,20:10:00,40.8,40.9,40.7,40.7,21689,0
2016-06-24,20:15:00,40.68,40.68,40.595,40.64,2300,0
2016-06-24,20:20:00,40.64,40.65,40.6,40.63,2195,0
2016-06-24,20:25:00,40.61,40.62,40.57,40.62,5103,0
2016-06-24,20:30:00,40.64,40.65,40.55,40.55,4710,0
2016-06-24,20:35:00,40.54,40.54,40.34,40.34,1600,0
2016-06-24,20:40:00,40.36,40.52,40.33,40.52,3100,0
2016-06-24,20:45:00,40.49,40.5025,40.33,40.33,3200,0
2016-06-24,20:50:00,40.31,40.4,40.3,40.4,1800,0
2016-06-24,20:55:00,40.46,40.6,40.46,40.6,2500,0
2016-06-24,21:00:00,40.64,40.74,40.59,40.59,3400,0
2016-06-24,21:05:00,40.56,40.56,40.48,40.48,3300,0
2016-06-24,21:10:00,40.48,40.62,40.48,40.62,2200,0
2016-06-24,21:15:00,40.55,40.58,40.44,40.48,4640,0
2016-06-24,21:20:00,40.48,40.5,40.34,40.34,3000,0
2016-06-24,21:25:00,40.34,40.48,40.33,40.42,5100,0
2016-06-24,21:30:00,40.41,40.48,40.35,40.39,5500,0
2016-06-24,21:35:00,40.41,40.45,40.36,40.45,5876,0
2016-06-24,21:40:00,40.47,40.53,40.4,40.42,9238,0
2016-06-24,21:45:00,40.41,40.55,40.4,40.52,9684,0
2016-06-24,21:50:00,40.52,40.57,40.46,40.48,10156,0
2016-06-24,21:55:00,40.38,40.47,40.15,40.355,51112,0
2016-06-24,22:00:00,40.36,40.43,40.23,40.28,485596,0
2016-06-27,15:35:00,39.83,39.99,39.57,39.7,2840,0
2016-06-27,15:40:00,39.66,39.66,39.36,39.53,1800,0
2016-06-27,15:45:00,39.51,39.55,39.3225,39.455,1100,0
2016-06-27,15:50:00,39.3,39.5,39.3,39.39,4511,0
2016-06-27,15:55:00,39.31,39.39,39.31,39.39,700,0
2016-06-27,16:00:00,39.39,39.51,39.27,39.27,1523,0
2016-06-27,16:05:00,39.23,39.34,39.11,39.26,2200,0
2016-06-27,16:10:00,39.31,39.31,39.08,39.08,1699,0
2016-06-27,16:15:00,39.15,39.16,39.04,39.09,1200,0
2016-06-27,16:20:00,39.05,39.17,38.97,38.97,10600,0
2016-06-27,16:25:00,39.04,39.04,38.96,39.03,1600,0
2016-06-27,16:30:00,39.0225,39.0225,38.785,38.81,2200,0
2016-06-27,16:35:00,38.82,38.82,38.715,38.75,3850,0
2016-06-27,16:40:00,38.93,39.02,38.85,39.01,1800,0
2016-06-27,16:45:00,39.11,39.11,38.96,39.01,2882,0
2016-06-27,16:50:00,39,39,38.83,38.875,3200,0
2016-06-27,16:55:00,38.875,38.89,38.68,38.68,3700,0
2016-06-27,17:00:00,38.71,38.735,38.53,38.53,2800,0
2016-06-27,17:05:00,38.47,38.68,38.47,38.57,1300,0
2016-06-27,17:10:00,38.61,38.61,38.49,38.49,7300,0
2016-06-27,17:15:00,38.49,38.53,38.45,38.47,8400,0
2016-06-27,17:20:00,38.44,38.44,38.36,38.4,2125,0
2016-06-27,17:25:00,38.4,38.49,38.39,38.42,1700,0
2016-06-27,17:30:00,38.415,38.61,38.415,38.61,2800,0
2016-06-27,17:35:00,38.68,38.73,38.68,38.7,2137,0
2016-06-27,17:40:00,38.67,38.81,38.66,38.73,1200,0
2016-06-27,17:45:00,38.8,38.9,38.8,38.89,845,0
2016-06-27,17:50:00,38.84,38.875,38.8,38.86,2300,0
2016-06-27,17:55:00,38.8656,38.8656,38.7525,38.7525,1900,0
2016-06-27,18:00:00,38.76,38.82,38.73,38.74,2800,0
2016-06-27,18:05:00,38.76,38.77,38.71,38.725,1700,0
2016-06-27,18:10:00,38.66,38.66,38.61,38.61,700,0
2016-06-27,18:15:00,38.62,38.65,38.58,38.65,1900,0
2016-06-27,18:20:00,38.62,38.84,38.62,38.76,1900,0
2016-06-27,18:25:00,38.81,38.89,38.81,38.82,400,0
2016-06-27,18:30:00,38.84,39,38.84,38.92,1500,0
2016-06-27,18:35:00,38.94,38.96,38.9,38.93,1500,0
2016-06-27,18:40:00,38.97,38.97,38.92,38.92,200,0
2016-06-27,18:45:00,38.96,38.96,38.87,38.91,1700,0
2016-06-27,18:50:00,38.88,38.91,38.88,38.88,900,0
2016-06-27,18:55:00,38.93,39.03,38.84,38.9,2800,0
2016-06-27,19:00:00,38.96,39.09,38.95,39.09,1400,0
2016-06-27,19:05:00,39.04,39.11,39.02,39.09,2900,0
2016-06-27,19:10:00,39.11,39.12,38.98,38.98,500,0
2016-06-27,19:15:00,38.93,38.93,38.93,38.93,100,0
2016-06-27,19:20:00,38.995,39.04,38.995,39.015,400,0
2016-06-27,19:25:00,39.05,39.09,39.02,39.02,2300,0
2016-06-27,19:30:00,39.06,39.1,39.015,39.015,4100,0
2016-06-27,19:35:00,39.01,39.06,39,39.06,1669,0
2016-06-27,19:40:00,39.01,39.08,39.005,39.005,1500,0
2016-06-27,19:45:00,39.01,39.04,38.92,38.9425,2700,0
2016-06-27,19:50:00,38.93,39.04,38.87,38.96,8100,0
2016-06-27,19:55:00,38.99,39.03,38.87,39.02,4600,0
2016-06-27,20:00:00,39.01,39.05,38.91,38.91,1402,0
2016-06-27,20:05:00,38.9,38.95,38.9,38.95,300,0
2016-06-27,20:10:00,38.9,38.93,38.85,38.88,1100,0
2016-06-27,20:15:00,38.85,38.94,38.84,38.855,2700,0
2016-06-27,20:20:00,38.84,38.9,38.84,38.895,2000,0
2016-06-27,20:25:00,38.85,38.88,38.82,38.84,2425,0
2016-06-27,20:30:00,38.88,38.89,38.81,38.84,1100,0
2016-06-27,20:35:00,38.89,38.89,38.8,38.8,1400,0
2016-06-27,20:40:00,38.81,38.84,38.76,38.78,3100,0
2016-06-27,20:45:00,38.775,38.8,38.66,38.66,5700,0
2016-06-27,20:50:00,38.695,38.695,38.53,38.6,1900,0
2016-06-27,20:55:00,38.57,38.57,38.45,38.53,2500,0
2016-06-27,21:00:00,38.49,38.59,38.47,38.47,1600,0
2016-06-27,21:05:00,38.51,38.61,38.51,38.6,2308,0
2016-06-27,21:10:00,38.585,38.59,38.53,38.57,3500,0
2016-06-27,21:15:00,38.58,38.65,38.5275,38.65,1400,0
2016-06-27,21:20:00,38.59,38.65,38.57,38.57,2700,0
2016-06-27,21:25:00,38.6,38.66,38.6,38.615,3157,0
2016-06-27,21:30:00,38.64,38.74,38.625,38.7,4893,0
2016-06-27,21:35:00,38.76,38.81,38.7,38.7,9000,0
2016-06-27,21:40:00,38.72,38.8297,38.71,38.81,5415,0
2016-06-27,21:45:00,38.86,38.9,38.84,38.9,8000,0
2016-06-27,21:50:00,38.94,39.01,38.86,38.95,8100,0
2016-06-27,21:55:00,38.96,38.98,38.9,38.92,14143,0
2016-06-27,22:00:00,38.92,39.02,38.88,39,54617,0
2016-06-28,15:35:00,39.5,39.66,39.01,39.06,4938,0
2016-06-28,15:40:00,39.2,39.77,39.05,39.77,3794,0
2016-06-28,15:45:00,39.93,39.93,39.59,39.59,700,0
2016-06-28,15:50:00,39.44,39.58,39.43,39.58,2500,0
2016-06-28,15:55:00,39.58,39.68,39.58,39.68,500,0
2016-06-28,16:00:00,39.82,39.82,39.73,39.82,1100,0
2016-06-28,16:05:00,39.7,39.76,39.7,39.76,8513,0
2016-06-28,16:10:00,39.71,39.75,39.64,39.73,9728,0
2016-06-28,16:15:00,39.73,39.74,39.67,39.72,1000,0
2016-06-28,16:20:00,39.75,39.78,39.75,39.78,700,0
2016-06-28,16:25:00,39.83,39.85,39.7,39.75,1800,0
2016-06-28,16:30:00,39.78,39.93,39.77,39.87,1400,0
2016-06-28,16:35:00,39.77,39.8,39.73,39.73,400,0
2016-06-28,16:40:00,39.69,39.69,39.65,39.65,400,0
2016-06-28,16:45:00,39.63,39.7321,39.63,39.73,1893,0
2016-06-28,16:50:00,39.73,39.95,39.73,39.95,1200,0
2016-06-28,16:55:00,40.05,40.05,40,40.01,500,0
2016-06-28,17:00:00,39.97,39.98,39.8,39.87,900,0
2016-06-28,17:05:00,39.83,39.88,39.74,39.74,1300,0
2016-06-28,17:10:00,39.77,39.82,39.66,39.66,1328,0
2016-06-28,17:15:00,39.63,39.86,39.63,39.86,700,0
2016-06-28,17:20:00,39.78,39.86,39.7,39.86,1700,0
2016-06-28,17:25:00,39.87,39.8831,39.77,39.77,700,0
2016-06-28,17:30:00,39.67,39.67,39.62,39.63,400,0
2016-06-28,17:35:00,39.61,39.67,39.61,39.62,700,0
2016-06-28,17:40:00,39.62,39.62,39.58,39.58,1321,0
2016-06-28,17:45:00,39.6,39.77,39.6,39.77,1300,0
2016-06-28,17:50:00,39.8,39.92,39.8,39.91,900,0
2016-06-28,17:55:00,39.9,39.91,39.85,39.85,2100,0
2016-06-28,18:00:00,39.86,39.86,39.85,39.85,500,0
2016-06-28,18:05:00,39.88,39.91,39.87,39.905,1300,0
2016-06-28,18:10:00,39.85,39.86,39.85,39.86,500,0
2016-06-28,18:15:00,39.83,39.86,39.83,39.86,200,0
2016-06-28,18:20:00,39.85,39.86,39.83,39.84,1400,0
2016-06-28,18:25:00,39.82,39.82,39.79,39.805,600,0
2016-06-28,18:30:00,39.8,39.8,39.8,39.8,100,0
2016-06-28,18:35:00,39.8,39.87,39.8,39.84,1400,0
2016-06-28,18:45:00,39.93,40.045,39.93,39.95,2450,0
2016-06-28,18:50:00,39.94,39.95,39.91,39.95,455,0
2016-06-28,18:55:00,39.92,39.94,39.92,39.94,300,0
2016-06-28,19:00:00,39.9,39.9,39.86,39.86,1314,0
2016-06-28,19:05:00,39.9,39.9,39.845,39.845,1300,0
2016-06-28,19:10:00,39.85,39.85,39.82,39.85,4100,0
2016-06-28,19:15:00,39.86,39.86,39.86,39.86,100,0
2016-06-28,19:20:00,39.84,39.875,39.8,39.845,2000,0
2016-06-28,19:25:00,39.81,39.82,39.7525,39.7525,1800,0
2016-06-28,19:30:00,39.75,39.83,39.75,39.83,3050,0
2016-06-28,19:35:00,39.79,39.85,39.79,39.85,1000,0
2016-06-28,19:40:00,39.9,39.9,39.87,39.89,600,0
2016-06-28,19:50:00,39.93,39.95,39.87,39.87,1400,0
2016-06-28,19:55:00,39.85,39.87,39.8,39.87,2100,0
2016-06-28,20:00:00,39.83,39.83,39.74,39.81,1600,0
2016-06-28,20:05:00,39.87,39.87,39.8,39.8,1500,0
2016-06-28,20:10:00,39.84,39.84,39.8399,39.8399,200,0
2016-06-28,20:15:00,39.83,39.83,39.65,39.65,800,0
2016-06-28,20:20:00,39.72,39.81,39.71,39.8,1700,0
2016-06-28,20:25:00,39.81,39.9,39.81,39.87,800,0
2016-06-28,20:30:00,39.89,39.89,39.89,39.89,200,0
2016-06-28,20:35:00,39.89,40.02,39.89,40.02,1100,0
2016-06-28,20:40:00,40.02,40.1,40.02,40.1,1700,0
2016-06-28,20:45:00,40.1,40.1,40.06,40.06,1059,0
2016-06-28,20:50:00,40.03,40.105,40.01,40.105,1700,0
2016-06-28,20:55:00,40.13,40.17,40.13,40.17,2000,0
2016-06-28,21:00:00,40.17,40.24,40.03,40.03,5745,0
2016-06-28,21:05:00,40.055,40.13,40.02,40.11,3019,0
2016-06-28,21:10:00,40.07,40.15,40.07,40.15,1000,0
2016-06-28,21:15:00,40.17,40.3,40.15,40.25,1620,0
2016-06-28,21:20:00,40.22,40.22,40.08,40.085,900,0
2016-06-28,21:25:00,40.07,40.1,40.04,40.065,2700,0
2016-06-28,21:30:00,40.03,40.03,39.95,40,7515,0
2016-06-28,21:35:00,40.03,40.03,39.975,39.975,1918,0
2016-06-28,21:40:00,40,40.11,40,40.1,2300,0
2016-06-28,21:45:00,40.12,40.145,40.08,40.14,2100,0
2016-06-28,21:50:00,40.08,40.1,40.01,40.07,4900,0
2016-06-28,21:55:00,40.07,40.11,39.98,40.01,8358,0
2016-06-28,22:00:00,40.08,40.1,40,40.07,22176,0
2016-06-29,15:35:00,40.52,41.38,40.52,41.38,846,0
2016-06-29,15:40:00,42.035,42.035,41.19,41.19,800,0
2016-06-29,15:45:00,41.5154,41.54,40.732,40.79,1800,0
2016-06-29,15:50:00,40.76,40.875,40.59,40.8,2000,0
2016-06-29,15:55:00,40.77,40.93,40.71,40.765,700,0
2016-06-29,16:00:00,40.76,40.81,40.72,40.76,1000,0
2016-06-29,16:05:00,40.61,40.76,40.61,40.745,1200,0
2016-06-29,16:10:00,40.75,40.75,40.54,40.64,1100,0
2016-06-29,16:15:00,40.61,40.76,40.59,40.67,2600,0
2016-06-29,16:20:00,40.65,40.84,40.65,40.84,505,0
2016-06-29,16:25:00,40.88,40.88,40.67,40.69,1500,0
2016-06-29,16:30:00,40.7975,40.7975,40.59,40.59,1300,0
2016-06-29,16:35:00,40.68,40.74,40.56,40.58,2100,0
2016-06-29,16:40:00,40.575,40.575,40.575,40.575,100,0
2016-06-29,16:45:00,40.53,40.53,40.49,40.5,1953,0
2016-06-29,16:50:00,40.49,40.68,40.49,40.68,1460,0
2016-06-29,16:55:00,40.745,40.81,40.69,40.81,822,0
2016-06-29,17:00:00,40.78,40.78,40.65,40.65,800,0
2016-06-29,17:05:00,40.75,40.87,40.68,40.87,4000,0
2016-06-29,17:10:00,40.86,40.87,40.84,40.84,500,0
2016-06-29,17:15:00,40.87,41.08,40.87,41.08,800,0
2016-06-29,17:20:00,41.06,41.06,41.06,41.06,100,0
2016-06-29,17:25:00,41.05,41.175,41,41.175,1600,0
2016-06-29,17:30:00,41.21,41.24,41.17,41.24,500,0
2016-06-29,17:35:00,41.3,41.34,41.3,41.32,1400,0
2016-06-29,17:40:00,41.32,41.435,41.32,41.435,1400,0
2016-06-29,17:45:00,41.5,41.59,41.44,41.59,1000,0
2016-06-29,17:50:00,41.57,41.57,41.47,41.47,2700,0
2016-06-29,17:55:00,41.52,41.63,41.49,41.57,1100,0
2016-06-29,18:00:00,41.57,41.58,41.42,41.42,4300,0
2016-06-29,18:05:00,41.45,41.51,41.42,41.43,5996,0
2016-06-29,18:10:00,41.44,41.45,41.3201,41.43,2700,0
2016-06-29,18:15:00,41.47,41.54,41.38,41.38,3700,0
2016-06-29,18:20:00,41.475,41.55,41.475,41.55,200,0
2016-06-29,18:25:00,41.505,41.54,41.505,41.54,400,0
2016-06-29,18:30:00,41.52,41.52,41.43,41.43,1500,0
2016-06-29,18:35:00,41.5,41.51,41.45,41.47,1731,0
2016-06-29,18:40:00,41.47,41.52,41.45,41.48,400,0
2016-06-29,18:45:00,41.45,41.5,41.36,41.39,1900,0
2016-06-29,18:50:00,41.36,41.36,41.17,41.19,5600,0
2016-06-29,18:55:00,41.18,41.18,41.18,41.18,100,0
2016-06-29,19:00:00,41.17,41.25,41.15,41.15,2500,0
2016-06-29,19:05:00,41.16,41.21,41.16,41.18,600,0
2016-06-29,19:10:00,41.18,41.22,41.15,41.16,700,0
2016-06-29,19:15:00,41.15,41.18,41.06,41.14,1262,0
2016-06-29,19:20:00,41.14,41.26,41.14,41.245,900,0
2016-06-29,19:25:00,41.27,41.37,41.27,41.37,10056,0
2016-06-29,19:30:00,41.34,41.34,41.26,41.31,2000,0
2016-06-29,19:35:00,41.3,41.35,41.18,41.2,6153,0
2016-06-29,19:40:00,41.19,41.2,41.15,41.185,2500,0
2016-06-29,19:45:00,41.19,41.23,41.19,41.225,1007,0
2016-06-29,19:50:00,41.23,41.28,41.215,41.28,1000,0
2016-06-29,19:55:00,41.28,41.28,41.19,41.2,1000,0
2016-06-29,20:00:00,41.16,41.22,41.16,41.2,2200,0
2016-06-29,20:05:00,41.2,41.2,41.15,41.16,3300,0
2016-06-29,20:10:00,41.17,41.17,41.1,41.1,4366,0
2016-06-29,20:15:00,41.09,41.1,41.04,41.085,4717,0
2016-06-29,20:20:00,41.06,41.12,41.01,41.03,2800,0
2016-06-29,20:25:00,40.995,41.1,40.965,41.085,2904,0
2016-06-29,20:30:00,41.08,41.1,41.04,41.08,3629,0
2016-06-29,20:35:00,41.13,41.22,41.11,41.21,900,0
2016-06-29,20:40:00,41.25,41.34,41.25,41.34,700,0
2016-06-29,20:45:00,41.443,41.46,41.44,41.46,1100,0
2016-06-29,20:50:00,41.42,41.51,41.42,41.45,3835,0
2016-06-29,20:55:00,41.43,41.43,41.3,41.36,1200,0
2016-06-29,21:00:00,41.36,41.39,41.3,41.33,2100,0
2016-06-29,21:05:00,41.37,41.375,41.33,41.35,800,0
2016-06-29,21:10:00,41.32,41.44,41.32,41.42,1000,0
2016-06-29,21:15:00,41.475,41.475,41.33,41.33,4200,0
2016-06-29,21:20:00,41.325,41.38,41.3,41.38,3000,0
2016-06-29,21:25:00,41.39,41.4025,41.33,41.33,3292,0
2016-06-29,21:30:00,41.35,41.41,41.35,41.41,1000,0
2016-06-29,21:35:00,41.41,41.41,41.33,41.41,5300,0
2016-06-29,21:40:00,41.41,41.41,41.27,41.305,7806,0
2016-06-29,21:45:00,41.34,41.34,41.28,41.32,740,0
2016-06-29,21:50:00,41.36,41.5,41.36,41.41,6800,0
2016-06-29,21:55:00,41.41,41.46,41.41,41.44,6954,0
2016-06-29,22:00:00,41.45,41.54,41.4,41.42,29025,0
2016-06-30,15:35:00,41.43,41.43,41.43,41.43,758,0
2016-06-30,15:40:00,40.87,41.71,40.87,41.71,200,0
2016-06-30,15:45:00,41.42,41.68,41.42,41.68,1200,0
2016-06-30,15:50:00,41.69,41.71,41.585,41.71,2847,0
2016-06-30,15:55:00,41.76,41.77,41.73,41.77,900,0
2016-06-30,16:00:00,41.35,41.57,41.23,41.57,2600,0
2016-06-30,16:05:00,41.665,41.72,41.56,41.56,912,0
2016-06-30,16:10:00,41.58,41.66,41.575,41.66,2688,0
2016-06-30,16:15:00,41.73,41.94,41.73,41.78,1500,0
2016-06-30,16:20:00,41.78,41.86,41.78,41.8,1300,0
2016-06-30,16:25:00,41.86,41.86,41.67,41.79,2704,0
2016-06-30,16:30:00,41.72,41.75,41.63,41.645,1700,0
2016-06-30,16:35:00,41.65,41.73,41.65,41.73,600,0
2016-06-30,16:40:00,41.73,41.8,41.73,41.8,500,0
2016-06-30,16:45:00,41.79,41.82,41.73,41.82,3600,0
2016-06-30,16:50:00,41.8,41.98,41.8,41.98,4151,0
2016-06-30,16:55:00,41.98,42.07,41.97,42.05,1700,0
2016-06-30,17:00:00,42.025,42.13,42.025,42.08,1050,0
2016-06-30,17:05:00,42.15,42.35,42.14,42.31,1200,0
2016-06-30,17:10:00,42.38,42.51,42.361,42.51,2300,0
2016-06-30,17:15:00,42.51,42.52,42.35,42.37,5096,0
2016-06-30,17:20:00,42.37,42.37,42.26,42.31,2500,0
2016-06-30,17:25:00,42.32,42.49,42.32,42.48,2475,0
2016-06-30,17:30:00,42.51,42.71,42.51,42.71,5400,0
2016-06-30,17:35:00,42.75,42.75,42.59,42.64,1750,0
2016-06-30,17:40:00,42.62,42.69,42.58,42.69,5600,0
2016-06-30,17:45:00,42.625,42.65,42.59,42.605,7700,0
2016-06-30,17:50:00,42.61,42.61,42.59,42.59,400,0
2016-06-30,17:55:00,42.65,42.65,42.58,42.605,1500,0
2016-06-30,18:00:00,42.6,42.62,42.5,42.5,10482,0
2016-06-30,18:05:00,42.53,42.675,42.53,42.6,4491,0
2016-06-30,18:10:00,42.58,42.7,42.5,42.7,7403,0
2016-06-30,18:15:00,42.74,42.84,42.72,42.84,1500,0
2016-06-30,18:20:00,42.84,43,42.84,43,11683,0
2016-06-30,18:25:00,42.9825,43.079,42.95,43.079,3528,0
2016-06-30,18:30:00,43.06,43.28,43.06,43.21,5197,0
2016-06-30,18:35:00,43.2,43.235,43.12,43.235,3500,0
2016-06-30,18:40:00,43.135,43.135,42.9725,42.9725,700,0
2016-06-30,18:45:00,42.95,42.975,42.89,42.94,3000,0
2016-06-30,18:50:00,42.96,42.97,42.96,42.97,300,0
2016-06-30,18:55:00,42.98,43.115,42.98,43.045,2900,0
2016-06-30,19:00:00,43,43.05,43,43.05,300,0
2016-06-30,19:05:00,43.09,43.09,43.02,43.02,400,0
2016-06-30,19:10:00,43,43.02,42.915,42.96,2401,0
2016-06-30,19:15:00,42.97,42.97,42.84,42.86,2000,0
2016-06-30,19:20:00,42.91,42.91,42.91,42.91,100,0
2016-06-30,19:25:00,42.875,43,42.79,42.8,4500,0
2016-06-30,19:30:00,42.77,42.77,42.57,42.69,4400,0
2016-06-30,19:35:00,42.63,42.74,42.63,42.74,500,0
2016-06-30,19:40:00,42.75,42.85,42.75,42.85,3204,0
2016-06-30,19:45:00,42.84,42.87,42.79,42.85,5700,0
2016-06-30,19:50:00,42.84,42.84,42.64,42.64,5906,0
2016-06-30,19:55:00,42.6,42.625,42.57,42.57,1384,0
2016-06-30,20:00:00,42.55,42.55,42.44,42.45,2300,0
2016-06-30,20:05:00,42.49,42.65,42.49,42.65,1700,0
2016-06-30,20:10:00,42.7,42.7,42.44,42.57,1700,0
2016-06-30,20:15:00,42.61,42.72,42.54,42.63,4743,0
2016-06-30,20:20:00,42.58,42.58,42.58,42.58,200,0
2016-06-30,20:25:00,42.6,42.72,42.6,42.72,700,0
2016-06-30,20:30:00,42.66,42.67,42.59,42.59,1900,0
2016-06-30,20:35:00,42.63,42.74,42.63,42.74,1200,0
2016-06-30,20:40:00,42.7,42.78,42.7,42.76,775,0
2016-06-30,20:45:00,42.79,42.84,42.79,42.84,700,0
2016-06-30,20:50:00,42.87,42.91,42.84,42.91,3100,0
2016-06-30,20:55:00,42.85,42.88,42.85,42.88,500,0
2016-06-30,21:00:00,42.93,42.99,42.8719,42.965,1500,0
2016-06-30,21:05:00,42.97,43.02,42.97,43.02,1300,0
2016-06-30,21:10:00,43.09,43.14,43.08,43.08,4500,0
2016-06-30,21:15:00,43.08,43.095,42.8,42.81,30510,0
2016-06-30,21:20:00,42.8,42.8,42.59,42.59,3585,0
2016-06-30,21:25:00,42.65,42.87,42.62,42.85,4022,0
2016-06-30,21:30:00,42.85,42.96,42.85,42.96,1500,0
2016-06-30,21:35:00,43.035,43.04,42.83,42.91,7755,0
2016-06-30,21:40:00,42.93,43.02,42.9,43.02,5600,0
2016-06-30,21:45:00,43.04,43.11,42.96,42.96,7366,0
2016-06-30,21:50:00,42.92,43.02,42.86,43.0199,7500,0
2016-06-30,21:55:00,43.02,43.13,43.02,43.13,7100,0
2016-06-30,22:00:00,43.13,43.2,43.07,43.2,115750,0
2016-07-01,15:35:00,43.28,43.28,42.94,43.16,1421,0
2016-07-01,15:40:00,43.29,43.56,43.29,43.44,3771,0
2016-07-01,15:45:00,43.43,43.48,43.32,43.48,1320,0
2016-07-01,15:50:00,43.48,43.48,43.12,43.12,1900,0
2016-07-01,15:55:00,43.12,43.42,43.12,43.38,2894,0
2016-07-01,16:00:00,43.36,43.41,43.18,43.24,2000,0
2016-07-01,16:05:00,43.36,43.39,43.32,43.39,1500,0
2016-07-01,16:10:00,43.45,43.59,43.4,43.59,6300,0
2016-07-01,16:15:00,43.54,43.59,43.53,43.53,820,0
2016-07-01,16:20:00,43.61,43.68,43.6,43.68,989,0
2016-07-01,16:25:00,43.68,43.75,43.64,43.66,1290,0
2016-07-01,16:30:00,43.736,43.82,43.715,43.775,4042,0
2016-07-01,16:35:00,43.795,43.8,43.64,43.64,1200,0
2016-07-01,16:40:00,43.53,43.6799,43.53,43.6799,1000,0
2016-07-01,16:45:00,43.625,43.6412,43.51,43.545,4105,0
2016-07-01,16:50:00,43.57,43.575,43.535,43.535,3400,0
2016-07-01,16:55:00,43.56,43.62,43.53,43.62,900,0
2016-07-01,17:00:00,43.595,43.71,43.57,43.695,2523,0
2016-07-01,17:05:00,43.78,43.83,43.78,43.8125,1400,0
2016-07-01,17:10:00,43.76,43.76,43.6,43.65,1990,0
2016-07-01,17:15:00,43.69,43.7533,43.68,43.75,1500,0
2016-07-01,17:20:00,43.68,43.68,43.54,43.54,825,0
2016-07-01,17:25:00,43.59,43.59,43.45,43.49,1895,0
2016-07-01,17:30:00,43.42,43.53,43.39,43.53,1173,0
2016-07-01,17:35:00,43.56,43.56,43.46,43.48,1200,0
2016-07-01,17:40:00,43.44,43.44,43.345,43.44,2400,0
2016-07-01,17:45:00,43.47,43.55,43.47,43.47,800,0
2016-07-01,17:50:00,43.53,43.59,43.53,43.59,900,0
2016-07-01,17:55:00,43.6,43.73,43.6,43.73,2600,0
2016-07-01,18:00:00,43.68,43.68,43.58,43.615,2527,0
2016-07-01,18:05:00,43.61,43.61,43.5,43.51,1200,0
2016-07-01,18:10:00,43.51,43.54,43.47,43.52,2300,0
2016-07-01,18:15:00,43.54,43.56,43.54,43.56,400,0
2016-07-01,18:20:00,43.58,43.58,43.5501,43.57,1100,0
2016-07-01,18:25:00,43.52,43.52,43.41,43.41,627,0
2016-07-01,18:30:00,43.38,43.45,43.35,43.45,1227,0
2016-07-01,18:35:00,43.39,43.41,43.38,43.3825,1700,0
2016-07-01,18:40:00,43.32,43.34,43.29,43.29,1000,0
2016-07-01,18:45:00,43.33,43.41,43.325,43.4,900,0
2016-07-01,18:50:00,43.43,43.43,43.37,43.41,900,0
2016-07-01,18:55:00,43.41,43.4134,43.33,43.33,1550,0
2016-07-01,19:00:00,43.38,43.385,43.38,43.385,751,0
2016-07-01,19:05:00,43.4,43.41,43.37,43.4,3500,0
2016-07-01,19:10:00,43.42,43.45,43.26,43.26,17420,0
2016-07-01,19:15:00,43.33,43.38,43.3,43.3,800,0
2016-07-01,19:20:00,43.295,43.3,43.295,43.3,300,0
2016-07-01,19:25:00,43.27,43.275,43.11,43.11,2000,0
2016-07-01,19:30:00,43.12,43.12,42.95,42.95,1433,0
2016-07-01,19:35:00,42.92,43.16,42.92,43.16,1700,0
2016-07-01,19:40:00,43.17,43.18,43.01,43.045,2830,0
2016-07-01,19:45:00,43.045,43.34,43.045,43.34,4993,0
2016-07-01,19:50:00,43.32,43.32,43.22,43.26,1500,0
2016-07-01,19:55:00,43.3,43.3,43.09,43.09,1200,0
2016-07-01,20:00:00,43.05,43.28,43.05,43.13,2376,0
2016-07-01,20:05:00,43.12,43.2,43.09,43.09,1200,0
2016-07-01,20:10:00,43.18,43.27,43.135,43.27,900,0
2016-07-01,20:15:00,43.35,43.35,43.19,43.19,1100,0
2016-07-01,20:20:00,43.22,43.27,43.22,43.27,700,0
2016-07-01,20:25:00,43.26,43.26,43.16,43.16,800,0
2016-07-01,20:30:00,43.15,43.295,43.15,43.295,600,0
2016-07-01,20:35:00,43.25,43.3,43.25,43.26,700,0
2016-07-01,20:40:00,43.26,43.31,43.25,43.2625,1900,0
2016-07-01,20:45:00,43.25,43.25,43.16,43.16,900,0
2016-07-01,20:50:00,43.19,43.21,43.17,43.205,1500,0
2016-07-01,20:55:00,43.18,43.21,43.18,43.21,1400,0
2016-07-01,21:00:00,43.27,43.34,43.27,43.34,2200,0
2016-07-01,21:05:00,43.37,43.37,43.3396,43.3396,1600,0
2016-07-01,21:10:00,43.4,43.45,43.39,43.44,4900,0
2016-07-01,21:15:00,43.44,43.635,43.4148,43.59,9171,0
2016-07-01,21:20:00,43.62,43.78,43.62,43.77,5875,0
2016-07-01,21:25:00,43.8,43.81,43.69,43.74,5000,0
2016-07-01,21:30:00,43.77,43.77,43.56,43.61,9500,0
2016-07-01,21:35:00,43.66,43.72,43.57,43.57,1600,0
2016-07-01,21:40:00,43.62,43.68,43.51,43.51,3924,0
2016-07-01,21:45:00,43.52,43.635,43.45,43.635,9450,0
2016-07-01,21:50:00,43.64,43.72,43.62,43.65,5500,0
2016-07-01,21:55:00,43.67,43.76,43.67,43.68,8100,0
2016-07-01,22:00:00,43.695,43.751,43.58,43.61,19404,0
