Date,Time,Open,High,Low,Close,Volume,OpenInt
2016-02-17,15:35:00,4.52,4.52,4.52,4.52,101,0
2016-02-17,17:20:00,4.57,4.573,4.57,4.573,234,0
2016-02-17,17:25:00,4.6,4.6,4.6,4.6,100,0
2016-02-17,18:35:00,4.57,4.6,4.57,4.6,200,0
2016-02-17,18:50:00,4.6,4.6,4.6,4.6,100,0
2016-02-17,21:30:00,4.585,4.585,4.585,4.585,200,0
2016-02-17,21:35:00,4.6,4.6,4.6,4.6,100,0
2016-02-17,21:50:00,4.6,4.6,4.6,4.6,100,0
2016-02-18,15:35:00,4.59,4.59,4.59,4.59,100,0
2016-02-18,16:10:00,4.64,4.65,4.61,4.61,983,0
2016-02-18,16:15:00,4.61,4.65,4.61,4.65,340,0
2016-02-18,16:25:00,4.64,4.65,4.64,4.64,1000,0
2016-02-18,16:30:00,4.67,4.67,4.67,4.67,100,0
2016-02-18,17:45:00,4.64,4.64,4.64,4.64,100,0
2016-02-18,18:15:00,4.64,4.64,4.64,4.64,100,0
2016-02-18,18:40:00,4.66,4.66,4.66,4.66,100,0
2016-02-18,19:30:00,4.66,4.66,4.66,4.66,100,0
2016-02-18,19:40:00,4.64,4.64,4.64,4.64,100,0
2016-02-18,21:15:00,4.62,4.62,4.6,4.62,1200,0
2016-02-18,21:35:00,4.62,4.62,4.62,4.62,1957,0
2016-02-18,21:40:00,4.64,4.64,4.64,4.64,100,0
2016-02-18,21:55:00,4.63,4.63,4.63,4.63,100,0
2016-02-18,22:00:00,4.64,4.64,4.64,4.64,100,0
2016-02-19,15:35:00,4.55,4.55,4.55,4.55,100,0
2016-02-19,15:50:00,4.65,4.65,4.65,4.65,100,0
2016-02-19,16:15:00,4.65,4.65,4.58,4.58,400,0
2016-02-19,17:35:00,4.66,4.66,4.66,4.66,100,0
2016-02-19,21:10:00,4.654,4.654,4.654,4.654,200,0
2016-02-19,21:25:00,4.63,4.63,4.63,4.63,100,0
2016-02-19,21:30:00,4.612,4.612,4.612,4.612,300,0
2016-02-19,21:40:00,4.603,4.603,4.603,4.603,200,0
2016-02-19,21:45:00,4.6313,4.6313,4.6313,4.6313,130,0
2016-02-19,22:00:00,4.62,4.62,4.6,4.6,700,0
2016-02-22,15:35:00,4.6,4.6,4.6,4.6,690,0
2016-02-22,15:50:00,4.7,4.7,4.7,4.7,100,0
2016-02-22,15:55:00,4.61,4.61,4.61,4.61,100,0
2016-02-22,16:10:00,4.61,4.61,4.6,4.6,300,0
2016-02-22,16:25:00,4.7,4.7,4.7,4.7,100,0
2016-02-22,21:05:00,4.585,4.603,4.585,4.603,800,0
2016-02-22,21:20:00,4.6045,4.6045,4.6045,4.6045,100,0
2016-02-22,21:40:00,4.61,4.61,4.61,4.61,100,0
2016-02-22,21:55:00,4.59,4.59,4.59,4.59,100,0
2016-02-22,22:00:00,4.58,4.58,4.58,4.58,200,0
2016-02-23,15:35:00,4.55,4.55,4.55,4.55,100,0
2016-02-23,15:55:00,4.59,4.59,4.59,4.59,100,0
2016-02-23,16:00:00,4.58,4.58,4.58,4.58,100,0
2016-02-23,18:40:00,4.55,4.55,4.55,4.55,100,0
2016-02-23,18:45:00,4.5454,4.5454,4.43,4.4301,2816,0
2016-02-23,19:30:00,4.6,4.6,4.6,4.6,100,0
2016-02-23,19:35:00,4.6,4.6,4.58,4.6,3450,0
2016-02-23,19:40:00,4.6,4.6,4.6,4.6,100,0
2016-02-23,20:00:00,4.61,4.61,4.61,4.61,100,0
2016-02-23,20:15:00,4.6,4.61,4.6,4.61,800,0
2016-02-23,20:25:00,4.62,4.62,4.61,4.61,200,0
2016-02-23,20:55:00,4.61,4.61,4.59,4.59,800,0
2016-02-23,21:00:00,4.61,4.61,4.61,4.61,100,0
2016-02-23,21:10:00,4.61,4.62,4.605,4.62,600,0
2016-02-23,21:35:00,4.62,4.62,4.62,4.62,100,0
2016-02-23,22:00:00,4.61,4.61,4.61,4.61,1800,0
2016-02-24,15:35:00,4.5,4.5,4.5,4.5,100,0
2016-02-24,16:40:00,4.49,4.49,4.49,4.49,700,0
2016-02-24,17:30:00,4.54,4.54,4.54,4.54,100,0
2016-02-24,17:35:00,4.55,4.55,4.55,4.55,313,0
2016-02-24,18:20:00,4.51,4.51,4.51,4.51,100,0
2016-02-24,21:20:00,4.53,4.533,4.525,4.525,1294,0
2016-02-24,21:25:00,4.56,4.56,4.53,4.53,200,0
2016-02-24,21:35:00,4.56,4.56,4.56,4.56,100,0
2016-02-24,21:40:00,4.56,4.56,4.56,4.56,200,0
2016-02-24,21:55:00,4.56,4.56,4.56,4.56,100,0
2016-02-25,15:35:00,4.52,4.52,4.52,4.52,100,0
2016-02-25,16:15:00,4.59,4.59,4.59,4.59,200,0
2016-02-25,16:20:00,4.59,4.59,4.59,4.59,100,0
2016-02-25,19:15:00,4.5626,4.5626,4.5626,4.5626,1000,0
2016-02-26,15:35:00,4.55,4.55,4.55,4.55,245,0
2016-02-26,15:40:00,4.6,4.6,4.59,4.59,300,0
2016-02-26,16:40:00,4.62,4.62,4.62,4.62,100,0
2016-02-26,20:40:00,4.61,4.61,4.61,4.61,100,0
2016-02-26,21:55:00,4.61,4.61,4.61,4.61,100,0
2016-02-26,22:00:00,4.55,4.55,4.55,4.55,100,0
2016-02-29,15:35:00,4.67,4.67,4.63,4.63,2200,0
2016-02-29,17:10:00,4.69,4.69,4.62,4.62,403,0
2016-02-29,20:20:00,4.66,4.66,4.61,4.61,200,0
2016-02-29,21:50:00,4.67,4.67,4.67,4.67,100,0
2016-02-29,22:00:00,4.47,4.47,4.47,4.47,100,0
2016-03-01,15:35:00,4.63,4.63,4.63,4.63,100,0
2016-03-01,16:15:00,4.68,4.68,4.68,4.68,100,0
2016-03-01,20:20:00,4.7,4.7,4.7,4.7,100,0
2016-03-01,21:25:00,4.69,4.69,4.69,4.69,100,0
2016-03-02,15:35:00,4.7,4.7089,4.69,4.7089,400,0
2016-03-02,20:10:00,4.74,4.74,4.67,4.74,900,0
2016-03-02,21:40:00,4.69,4.69,4.68,4.68,200,0
2016-03-02,21:45:00,4.68,4.68,4.68,4.68,200,0
2016-03-02,21:50:00,4.68,4.69,4.68,4.69,200,0
2016-03-02,21:55:00,4.73,4.73,4.69,4.7,500,0
2016-03-02,22:00:00,4.7,4.74,4.69,4.74,1188,0
2016-03-03,15:35:00,4.71,4.71,4.71,4.71,102,0
2016-03-03,16:10:00,4.7101,4.724,4.7101,4.724,1000,0
2016-03-03,16:20:00,4.75,4.75,4.75,4.75,100,0
2016-03-03,18:05:00,4.75,4.75,4.75,4.75,100,0
2016-03-03,21:10:00,4.72,4.75,4.72,4.75,300,0
2016-03-03,21:25:00,4.75,4.75,4.75,4.75,100,0
2016-03-03,21:50:00,4.75,4.75,4.75,4.75,100,0
2016-03-03,21:55:00,4.75,4.75,4.75,4.75,100,0
2016-03-03,22:00:00,4.75,4.75,4.72,4.72,1616,0
2016-03-04,15:35:00,4.68,4.68,4.68,4.68,179,0
2016-03-04,16:00:00,4.67,4.67,4.67,4.67,100,0
2016-03-04,16:20:00,4.68,4.68,4.68,4.68,178,0
2016-03-04,19:25:00,4.714,4.714,4.714,4.714,100,0
2016-03-04,19:55:00,4.717,4.717,4.717,4.717,114,0
2016-03-04,20:05:00,4.78,4.78,4.78,4.78,200,0
2016-03-04,20:30:00,4.76,4.76,4.76,4.76,100,0
2016-03-04,20:40:00,4.77,4.77,4.77,4.77,100,0
2016-03-04,21:45:00,4.77,4.77,4.77,4.77,100,0
2016-03-04,22:00:00,4.76,4.76,4.76,4.76,100,0
2016-03-07,15:35:00,4.61,4.61,4.61,4.61,240,0
2016-03-07,15:40:00,4.51,4.51,4.51,4.51,700,0
2016-03-07,16:05:00,4.5,4.5,4.5,4.5,100,0
2016-03-07,16:10:00,4.5,4.51,4.5,4.5,2699,0
2016-03-07,17:30:00,4.53,4.54,4.53,4.54,200,0
2016-03-07,18:20:00,4.49,4.5022,4.48,4.5021,600,0
2016-03-07,18:30:00,4.49,4.4901,4.46,4.4901,1100,0
2016-03-07,18:35:00,4.54,4.54,4.54,4.54,100,0
2016-03-07,18:40:00,4.49,4.49,4.49,4.49,100,0
2016-03-07,19:05:00,4.47,4.47,4.47,4.47,1145,0
2016-03-07,19:15:00,4.48,4.48,4.48,4.48,100,0
2016-03-07,20:35:00,4.52,4.57,4.51,4.57,3800,0
2016-03-07,20:40:00,4.57,4.57,4.57,4.57,600,0
2016-03-07,21:25:00,4.57,4.57,4.57,4.57,100,0
2016-03-07,21:40:00,4.514,4.566,4.51,4.566,504,0
2016-03-07,21:45:00,4.51,4.51,4.51,4.51,300,0
2016-03-07,21:55:00,4.54,4.54,4.54,4.54,100,0
2016-03-08,15:35:00,4.52,4.52,4.52,4.52,900,0
2016-03-08,16:20:00,4.46,4.46,4.46,4.46,100,0
2016-03-08,17:25:00,4.46,4.46,4.46,4.46,100,0
2016-03-08,17:30:00,4.4322,4.4322,4.4322,4.4322,400,0
2016-03-08,17:35:00,4.4,4.4,4.4,4.4,100,0
2016-03-08,18:40:00,4.42,4.4201,4.4156,4.4156,1000,0
2016-03-08,20:55:00,4.41,4.41,4.41,4.41,100,0
2016-03-08,21:15:00,4.47,4.47,4.47,4.47,100,0
2016-03-08,21:45:00,4.45,4.45,4.45,4.45,200,0
2016-03-08,21:50:00,4.47,4.47,4.47,4.47,100,0
2016-03-08,21:55:00,4.468,4.4689,4.468,4.4689,300,0
2016-03-08,22:00:00,4.47,4.47,4.47,4.47,100,0
2016-03-09,15:35:00,4.42,4.42,4.42,4.42,100,0
2016-03-09,17:35:00,4.3996,4.4,4.399,4.399,2100,0
2016-03-09,17:55:00,4.43,4.43,4.43,4.43,100,0
2016-03-09,18:50:00,4.4,4.4,4.399,4.399,600,0
2016-03-09,18:55:00,4.41,4.41,4.41,4.41,100,0
2016-03-09,19:00:00,4.41,4.41,4.41,4.41,100,0
2016-03-09,19:30:00,4.3714,4.3714,4.1611,4.29,8106,0
2016-03-09,19:35:00,4.29,4.29,4.28,4.29,3200,0
2016-03-09,20:40:00,4.2785,4.35,4.2785,4.35,7100,0
2016-03-09,20:50:00,4.3,4.3,4.26,4.26,3200,0
2016-03-09,20:55:00,4.29,4.29,4.29,4.29,100,0
2016-03-09,21:05:00,4.28,4.28,4.28,4.28,100,0
2016-03-09,21:45:00,4.29,4.29,4.29,4.29,100,0
2016-03-09,21:55:00,4.29,4.29,4.29,4.29,100,0
2016-03-10,15:35:00,4.25,4.25,4.25,4.25,1000,0
2016-03-10,15:40:00,4.24,4.24,4.21,4.24,600,0
2016-03-10,16:00:00,4.22,4.23,4.22,4.23,600,0
2016-03-10,17:10:00,4.21,4.21,4.21,4.21,1000,0
2016-03-10,18:15:00,4.21,4.21,4.21,4.21,100,0
2016-03-10,18:40:00,4.15,4.16,4.15,4.16,1500,0
2016-03-10,18:45:00,4.1,4.1501,4.1,4.1501,900,0
2016-03-10,19:20:00,4.115,4.115,4.115,4.115,100,0
2016-03-10,20:50:00,4.125,4.125,4.125,4.125,100,0
2016-03-10,20:55:00,4.11,4.13,4.11,4.13,200,0
2016-03-10,21:25:00,4.13,4.14,4.13,4.14,2500,0
2016-03-10,21:30:00,4.11,4.11,4.11,4.11,600,0
2016-03-10,21:55:00,4.15,4.15,4.15,4.15,100,0
2016-03-11,15:35:00,4.12,4.12,4.12,4.12,101,0
2016-03-11,16:00:00,4.18,4.18,4.1799,4.1799,1056,0
2016-03-11,16:05:00,4.18,4.19,4.18,4.19,2580,0
2016-03-11,21:05:00,4.1919,4.1919,4.19,4.19,999,0
2016-03-11,21:10:00,4.19,4.19,4.19,4.19,100,0
2016-03-11,21:25:00,4.19,4.19,4.19,4.19,400,0
2016-03-11,21:40:00,4.19,4.19,4.19,4.19,400,0
2016-03-11,21:55:00,4.17,4.2,4.17,4.2,1900,0
2016-03-11,22:00:00,4.17,4.17,4.17,4.17,200,0
2016-03-14,14:35:00,4.12,4.12,4.12,4.12,300,0
2016-03-14,15:00:00,4.13,4.16,4.13,4.16,600,0
2016-03-14,15:15:00,4.1585,4.1585,4.1585,4.1585,500,0
2016-03-14,16:50:00,4.16,4.16,4.16,4.16,100,0
2016-03-14,17:00:00,4.1273,4.1273,4.1273,4.1273,384,0
2016-03-14,18:15:00,4.13,4.13,4.13,4.13,100,0
2016-03-14,19:15:00,4.072,4.072,4.072,4.072,100,0
2016-03-14,19:20:00,4.11,4.11,4.11,4.11,100,0
2016-03-14,19:45:00,4.12,4.17,4.11,4.17,1132,0
2016-03-14,20:35:00,4.0901,4.0901,4.08,4.09,1100,0
2016-03-14,20:40:00,4.09,4.09,4.09,4.09,2400,0
2016-03-14,21:00:00,4.1,4.1,4.07,4.07,1056,0
2016-03-15,14:35:00,4.23,4.23,4.23,4.23,2158,0
2016-03-15,14:45:00,4.25,4.25,4.25,4.25,400,0
2016-03-15,15:00:00,4.24,4.24,4.24,4.24,100,0
2016-03-15,15:05:00,4.25,4.25,4.25,4.25,300,0
2016-03-15,15:15:00,4.2201,4.2201,4.2201,4.2201,700,0
2016-03-15,15:20:00,4.25,4.25,4.25,4.25,100,0
2016-03-15,15:35:00,4.2375,4.2375,4.23,4.23,260,0
2016-03-15,16:15:00,4.31,4.31,4.31,4.31,115,0
2016-03-15,17:35:00,4.296,4.3,4.296,4.3,300,0
2016-03-15,19:30:00,4.31,4.31,4.31,4.31,100,0
2016-03-15,20:55:00,4.3099,4.3099,4.3099,4.3099,250,0
2016-03-15,21:00:00,4.26,4.26,4.25,4.25,200,0
2016-03-16,14:35:00,4.38,4.47,4.38,4.47,5172,0
2016-03-16,14:40:00,4.47,4.47,4.47,4.47,100,0
2016-03-16,15:20:00,4.44,4.44,4.44,4.44,200,0
2016-03-16,15:25:00,4.46,4.46,4.46,4.46,800,0
2016-03-16,15:40:00,4.5,4.5,4.5,4.5,400,0
2016-03-16,16:05:00,4.5,4.5,4.5,4.5,200,0
2016-03-16,16:15:00,4.5,4.5,4.5,4.5,125,0
2016-03-16,16:50:00,4.46,4.46,4.46,4.46,500,0
2016-03-16,16:55:00,4.5,4.5,4.5,4.5,200,0
2016-03-16,19:10:00,4.48,4.48,4.46,4.475,1700,0
2016-03-16,19:25:00,4.5,4.5,4.5,4.5,100,0
2016-03-16,19:45:00,4.475,4.475,4.475,4.475,100,0
2016-03-16,19:50:00,4.46,4.5,4.46,4.5,500,0
2016-03-16,19:55:00,4.5,4.52,4.495,4.52,1800,0
2016-03-16,20:05:00,4.52,4.52,4.52,4.52,100,0
2016-03-16,20:10:00,4.5,4.5,4.5,4.5,100,0
2016-03-16,20:15:00,4.5,4.5,4.495,4.495,300,0
2016-03-16,20:25:00,4.52,4.52,4.52,4.52,100,0
2016-03-16,20:35:00,4.5,4.5,4.47,4.47,200,0
2016-03-16,20:40:00,4.48,4.49,4.47,4.47,1078,0
2016-03-16,20:45:00,4.47,4.48,4.47,4.47,400,0
2016-03-16,20:50:00,4.47,4.47,4.47,4.47,300,0
2016-03-16,20:55:00,4.48,4.52,4.48,4.52,300,0
2016-03-16,21:00:00,4.5,4.51,4.5,4.5,1954,0
2016-03-17,14:35:00,4.45,4.46,4.45,4.46,1535,0
2016-03-17,14:50:00,4.46,4.46,4.4555,4.4555,600,0
2016-03-17,14:55:00,4.46,4.46,4.4435,4.46,1695,0
2016-03-17,15:15:00,4.4445,4.4445,4.4445,4.4445,160,0
2016-03-17,15:20:00,4.46,4.46,4.46,4.46,100,0
2016-03-17,16:00:00,4.46,4.5,4.46,4.5,1520,0
2016-03-17,16:40:00,4.4301,4.4301,4.43,4.43,254,0
2016-03-17,17:20:00,4.404,4.404,4.404,4.404,100,0
2016-03-17,17:40:00,4.4001,4.45,4.4,4.45,938,0
2016-03-17,18:30:00,4.47,4.47,4.47,4.47,100,0
2016-03-17,19:05:00,4.46,4.46,4.46,4.46,100,0
2016-03-17,19:10:00,4.47,4.47,4.47,4.47,100,0
2016-03-17,19:15:00,4.47,4.47,4.47,4.47,100,0
2016-03-17,20:40:00,4.45,4.45,4.45,4.45,100,0
2016-03-17,21:00:00,4.44,4.44,4.44,4.44,100,0
2016-03-18,15:50:00,4.41,4.413,4.41,4.413,400,0
2016-03-18,16:10:00,4.44,4.44,4.44,4.44,100,0
2016-03-18,16:20:00,4.44,4.44,4.44,4.44,1000,0
2016-03-18,17:00:00,4.45,4.45,4.45,4.45,100,0
2016-03-18,17:20:00,4.425,4.45,4.42,4.45,1600,0
2016-03-18,17:45:00,4.415,4.415,4.415,4.415,100,0
2016-03-18,18:20:00,4.4,4.4,4.4,4.4,100,0
2016-03-18,18:40:00,4.42,4.43,4.42,4.43,300,0
2016-03-18,19:00:00,4.45,4.45,4.35,4.44,3000,0
2016-03-18,19:05:00,4.45,4.46,4.4499,4.46,800,0
2016-03-18,19:10:00,4.46,4.46,4.46,4.46,100,0
2016-03-18,20:20:00,4.4599,4.4599,4.4599,4.4599,1680,0
2016-03-18,20:35:00,4.46,4.46,4.46,4.46,1997,0
2016-03-18,20:45:00,4.47,4.47,4.47,4.47,100,0
2016-03-18,20:50:00,4.47,4.47,4.47,4.47,100,0
2016-03-21,14:35:00,4.42,4.42,4.42,4.42,217,0
2016-03-21,15:05:00,4.47,4.47,4.47,4.47,200,0
2016-03-21,15:15:00,4.4524,4.4524,4.4524,4.4524,611,0
2016-03-21,16:15:00,4.45,4.46,4.45,4.46,400,0
2016-03-21,16:55:00,4.45,4.45,4.45,4.45,100,0
2016-03-21,18:20:00,4.4345,4.4345,4.4345,4.4345,300,0
2016-03-21,18:25:00,4.46,4.46,4.46,4.46,100,0
2016-03-21,19:40:00,4.44,4.44,4.44,4.44,100,0
2016-03-21,20:55:00,4.46,4.46,4.46,4.46,100,0
2016-03-21,21:00:00,4.46,4.46,4.46,4.46,100,0
2016-03-22,14:50:00,4.46,4.46,4.46,4.46,400,0
2016-03-22,15:10:00,4.46,4.46,4.46,4.46,400,0
2016-03-22,15:40:00,4.47,4.47,4.47,4.47,100,0
2016-03-22,15:45:00,4.47,4.47,4.47,4.47,100,0
2016-03-22,15:55:00,4.46,4.46,4.46,4.46,500,0
2016-03-22,17:35:00,4.47,4.47,4.47,4.47,100,0
2016-03-22,19:00:00,4.47,4.47,4.47,4.47,100,0
2016-03-22,19:40:00,4.47,4.47,4.47,4.47,100,0
2016-03-22,21:00:00,4.45,4.45,4.45,4.45,100,0
2016-03-23,14:35:00,4.43,4.43,4.43,4.43,121,0
2016-03-23,14:40:00,4.46,4.46,4.46,4.46,400,0
2016-03-23,14:45:00,4.46,4.46,4.46,4.46,200,0
2016-03-23,15:20:00,4.45,4.45,4.45,4.45,359,0
2016-03-23,16:05:00,4.45,4.46,4.45,4.46,1200,0
2016-03-23,16:10:00,4.46,4.46,4.46,4.46,1760,0
2016-03-23,16:50:00,4.49,4.49,4.49,4.49,100,0
2016-03-23,17:50:00,4.49,4.49,4.49,4.49,100,0
2016-03-23,19:00:00,4.49,4.49,4.49,4.49,100,0
2016-03-24,19:35:00,4.48,4.48,4.48,4.48,100,0
2016-03-24,20:20:00,4.49,4.49,4.49,4.49,100,0
2016-03-24,20:40:00,4.5,4.5,4.5,4.5,100,0
2016-03-24,20:55:00,4.51,4.51,4.51,4.51,100,0
2016-03-28,15:35:00,4.47,4.47,4.47,4.47,500,0
2016-03-28,16:15:00,4.47,4.47,4.47,4.47,100,0
2016-03-28,17:20:00,4.49,4.49,4.49,4.49,100,0
2016-03-28,18:00:00,4.49,4.49,4.49,4.49,100,0
2016-03-28,18:50:00,4.49,4.49,4.49,4.49,100,0
2016-03-28,22:00:00,4.41,4.41,4.41,4.41,236,0
2016-03-29,15:35:00,4.51,4.53,4.51,4.53,3000,0
2016-03-29,15:40:00,4.57,4.57,4.57,4.57,100,0
2016-03-29,15:55:00,4.5003,4.56,4.5,4.56,1300,0
2016-03-29,16:00:00,4.61,4.61,4.61,4.61,100,0
2016-03-29,16:05:00,4.56,4.56,4.56,4.56,300,0
2016-03-29,16:10:00,4.61,4.61,4.61,4.61,100,0
2016-03-29,18:15:00,4.56,4.5601,4.55,4.55,300,0
2016-03-29,18:25:00,4.56,4.56,4.56,4.56,100,0
2016-03-29,18:30:00,4.56,4.56,4.55,4.55,300,0
2016-03-29,18:35:00,4.61,4.61,4.61,4.61,100,0
2016-03-29,20:50:00,4.6,4.6,4.5975,4.5975,200,0
2016-03-29,22:00:00,4.61,4.61,4.58,4.58,350,0
2016-03-30,16:15:00,4.63,4.63,4.63,4.63,100,0
2016-03-30,16:25:00,4.54,4.54,4.5311,4.54,700,0
2016-03-30,16:35:00,4.58,4.58,4.58,4.58,100,0
2016-03-30,21:55:00,4.55,4.55,4.55,4.55,100,0
2016-03-31,15:35:00,4.66,4.67,4.66,4.67,1325,0
2016-03-31,15:55:00,4.68,4.68,4.68,4.68,100,0
2016-03-31,18:20:00,4.69,4.69,4.69,4.69,200,0
2016-03-31,19:25:00,4.64,4.64,4.64,4.64,100,0
2016-03-31,20:35:00,4.62,4.62,4.62,4.62,100,0
2016-03-31,21:55:00,4.65,4.66,4.65,4.66,2020,0
2016-04-01,16:30:00,4.58,4.58,4.556,4.556,2100,0
2016-04-01,16:45:00,4.577,4.58,4.575,4.58,600,0
2016-04-01,17:30:00,4.655,4.655,4.6001,4.6001,200,0
2016-04-01,17:55:00,4.68,4.68,4.68,4.68,100,0
2016-04-01,18:25:00,4.66,4.66,4.66,4.66,100,0
2016-04-01,20:00:00,4.64,4.64,4.64,4.64,100,0
2016-04-01,20:25:00,4.68,4.68,4.68,4.68,100,0
2016-04-01,21:00:00,4.63,4.63,4.63,4.63,100,0
2016-04-01,21:20:00,4.64,4.64,4.64,4.64,100,0
2016-04-01,21:25:00,4.6383,4.6383,4.6383,4.6383,113,0
2016-04-01,21:50:00,4.65,4.65,4.65,4.65,100,0
2016-04-01,21:55:00,4.62,4.62,4.62,4.62,100,0
2016-04-04,16:15:00,4.58,4.58,4.58,4.58,100,0
2016-04-04,20:15:00,4.5101,4.5101,4.5101,4.5101,175,0
2016-04-04,21:05:00,4.54,4.585,4.52,4.52,900,0
2016-04-04,22:00:00,4.53,4.53,4.51,4.52,1600,0
2016-04-05,17:15:00,4.49,4.51,4.44,4.51,1335,0
2016-04-05,18:00:00,4.4588,4.4588,4.4588,4.4588,100,0
2016-04-05,21:35:00,4.43,4.4301,4.41,4.43,1600,0
2016-04-06,15:35:00,4.56,4.56,4.56,4.56,2016,0
2016-04-06,16:15:00,4.5615,4.5615,4.55,4.55,13803,0
2016-04-06,16:55:00,4.61,4.61,4.61,4.61,100,0
2016-04-06,18:10:00,4.59,4.59,4.59,4.59,100,0
2016-04-06,18:15:00,4.6,4.6,4.6,4.6,100,0
2016-04-06,19:45:00,4.62,4.62,4.62,4.62,100,0
2016-04-06,20:40:00,4.5854,4.5856,4.57,4.5856,500,0
2016-04-06,21:00:00,4.59,4.59,4.59,4.59,100,0
2016-04-06,21:55:00,4.61,4.61,4.61,4.61,100,0
2016-04-07,16:35:00,4.64,4.65,4.64,4.64,1526,0
2016-04-07,18:55:00,4.65,4.68,4.65,4.68,3800,0
2016-04-07,19:35:00,4.62,4.63,4.6,4.6,3400,0
2016-04-07,20:05:00,4.57,4.575,4.57,4.575,600,0
2016-04-07,21:35:00,4.59,4.59,4.59,4.59,100,0
2016-04-08,15:35:00,4.615,4.615,4.615,4.615,100,0
2016-04-08,16:10:00,4.64,4.64,4.64,4.64,200,0
2016-04-08,17:55:00,4.67,4.67,4.67,4.67,105,0
2016-04-08,18:15:00,4.6344,4.6344,4.6344,4.6344,107,0
2016-04-08,18:20:00,4.67,4.67,4.67,4.67,100,0
2016-04-08,19:40:00,4.62,4.62,4.62,4.62,100,0
2016-04-08,20:20:00,4.63,4.63,4.63,4.63,200,0
2016-04-08,21:50:00,4.63,4.63,4.63,4.63,100,0
2016-04-08,21:55:00,4.64,4.64,4.64,4.64,100,0
2016-04-11,15:35:00,4.66,4.72,4.66,4.66,3242,0
2016-04-11,15:40:00,4.69,4.7,4.65,4.65,700,0
2016-04-11,16:25:00,4.68,4.68,4.68,4.68,100,0
2016-04-11,16:40:00,4.68,4.69,4.68,4.69,3627,0
2016-04-11,16:55:00,4.64,4.64,4.64,4.64,100,0
2016-04-11,17:05:00,4.64,4.66,4.64,4.66,200,0
2016-04-11,17:15:00,4.69,4.69,4.69,4.69,400,0
2016-04-11,17:50:00,4.7,4.7,4.7,4.7,400,0
2016-04-11,18:10:00,4.7,4.77,4.7,4.77,4040,0
2016-04-11,19:10:00,4.6996,4.6996,4.6996,4.6996,106,0
2016-04-11,19:30:00,4.72,4.72,4.705,4.705,2400,0
2016-04-11,20:20:00,4.72,4.72,4.72,4.72,100,0
2016-04-11,20:40:00,4.72,4.72,4.72,4.72,300,0
2016-04-11,21:05:00,4.7189,4.72,4.7189,4.72,400,0
2016-04-11,21:25:00,4.66,4.66,4.66,4.66,100,0
2016-04-12,16:30:00,4.6,4.61,4.6,4.61,500,0
2016-04-12,16:55:00,4.62,4.62,4.61,4.61,300,0
2016-04-12,17:05:00,4.6269,4.6269,4.6269,4.6269,100,0
2016-04-12,17:10:00,4.64,4.64,4.64,4.64,400,0
2016-04-12,19:30:00,4.66,4.66,4.66,4.66,600,0
2016-04-12,20:10:00,4.63,4.63,4.63,4.63,517,0
2016-04-13,15:35:00,4.75,4.84,4.75,4.84,607,0
2016-04-13,16:00:00,4.753,4.753,4.753,4.753,250,0
2016-04-13,17:25:00,4.8,4.82,4.8,4.82,1200,0
2016-04-13,21:40:00,4.79,4.79,4.73,4.78,1000,0
2016-04-13,21:45:00,4.78,4.78,4.77,4.77,600,0
2016-04-14,15:35:00,4.8,4.85,4.8,4.85,532,0
2016-04-14,16:15:00,4.85,4.85,4.85,4.85,2500,0
2016-04-14,18:45:00,4.81,4.81,4.81,4.81,100,0
2016-04-14,18:50:00,4.81,4.81,4.8,4.8,200,0
2016-04-14,18:55:00,4.79,4.79,4.79,4.79,200,0
2016-04-14,19:00:00,4.78,4.78,4.78,4.78,200,0
2016-04-14,21:35:00,4.83,4.83,4.78,4.78,300,0
2016-04-14,21:40:00,4.82,4.82,4.82,4.82,100,0
2016-04-14,21:50:00,4.83,4.83,4.83,4.83,100,0
2016-04-14,21:55:00,4.84,4.84,4.84,4.84,100,0
2016-04-14,22:00:00,4.83,4.83,4.79,4.82,643,0
2016-04-15,15:35:00,4.75,4.82,4.75,4.82,2071,0
2016-04-15,16:05:00,4.81,4.81,4.81,4.81,100,0
2016-04-15,16:45:00,4.81,4.81,4.81,4.81,100,0
2016-04-15,17:20:00,4.85,4.85,4.85,4.85,200,0
2016-04-15,17:25:00,4.79,4.79,4.79,4.79,100,0
2016-04-15,17:35:00,4.85,4.85,4.85,4.85,100,0
2016-04-15,18:35:00,4.85,4.85,4.85,4.85,400,0
2016-04-15,20:45:00,4.79,4.79,4.79,4.79,100,0
2016-04-15,20:55:00,4.79,4.79,4.79,4.79,200,0
2016-04-15,21:05:00,4.84,4.84,4.84,4.84,100,0
2016-04-15,21:40:00,4.85,4.85,4.85,4.85,900,0
2016-04-15,22:00:00,4.8,4.82,4.8,4.82,600,0
2016-04-18,15:35:00,4.9,4.94,4.9,4.94,1500,0
2016-04-18,15:50:00,4.95,4.95,4.95,4.95,400,0
2016-04-18,16:15:00,4.95,4.951,4.95,4.95,671,0
2016-04-18,17:15:00,4.95,4.95,4.95,4.95,500,0
2016-04-18,19:30:00,4.96,4.96,4.96,4.96,100,0
2016-04-18,20:00:00,4.957,4.957,4.957,4.957,200,0
2016-04-18,20:10:00,4.95,4.95,4.93,4.945,1420,0
2016-04-18,20:15:00,4.96,4.96,4.96,4.96,200,0
2016-04-18,20:50:00,4.97,5.01,4.97,5.01,8948,0
2016-04-18,21:25:00,5.01,5.01,5.01,5.01,2600,0
2016-04-18,21:30:00,5,5.01,5,5.01,800,0
2016-04-18,21:35:00,5.02,5.02,5.0199,5.0199,930,0
2016-04-18,21:40:00,5.02,5.02,4.9601,4.9601,904,0
2016-04-18,21:45:00,5.02,5.03,5.02,5.03,1600,0
2016-04-18,21:55:00,5.04,5.04,5.03,5.04,730,0
2016-04-19,15:35:00,5.19,5.19,5.11,5.11,1922,0
2016-04-19,16:00:00,5.13,5.13,5.13,5.13,200,0
2016-04-19,16:10:00,5.15,5.15,5.14,5.14,1400,0
2016-04-19,16:25:00,5.1,5.15,5.09,5.09,1800,0
2016-04-19,17:10:00,5.15,5.15,5.14,5.14,1441,0
2016-04-19,17:40:00,5.15,5.15,5.15,5.15,100,0
2016-04-19,17:55:00,5.132,5.132,5.132,5.132,400,0
2016-04-19,19:45:00,5.15,5.15,5.15,5.15,100,0
2016-04-19,21:40:00,5.16,5.16,5.16,5.16,100,0
2016-04-19,21:50:00,5.16,5.16,5.16,5.16,400,0
2016-04-19,21:55:00,5.17,5.17,5.17,5.17,100,0
2016-04-20,16:05:00,5.17,5.17,5.17,5.17,400,0
2016-04-20,16:25:00,5.19,5.19,5.19,5.19,400,0
2016-04-20,17:20:00,5.2,5.2,5.2,5.2,200,0
2016-04-20,18:10:00,5.2,5.2,5.2,5.2,300,0
2016-04-20,19:30:00,5.21,5.21,5.21,5.21,400,0
2016-04-20,21:15:00,5.21,5.21,5.2,5.2,500,0
2016-04-20,22:00:00,5.17,5.17,5.17,5.17,200,0
2016-04-21,16:10:00,5.13,5.14,5.13,5.14,500,0
2016-04-21,16:30:00,5.16,5.16,5.16,5.16,1000,0
2016-04-21,16:40:00,5.16,5.16,5.16,5.16,400,0
2016-04-21,18:10:00,5.136,5.136,5.136,5.136,224,0
2016-04-21,18:15:00,5.14,5.14,5.13,5.13,200,0
2016-04-21,18:40:00,5.16,5.16,5.16,5.16,400,0
2016-04-21,18:45:00,5.122,5.122,5.122,5.122,130,0
2016-04-21,20:00:00,5.16,5.16,5.16,5.16,100,0
2016-04-21,20:20:00,5.15,5.15,5.15,5.15,100,0
2016-04-21,20:25:00,5.15,5.15,5.14,5.14,200,0
2016-04-21,20:30:00,5.12,5.15,5.114,5.15,800,0
2016-04-21,20:35:00,5.15,5.15,5.15,5.15,375,0
2016-04-21,20:55:00,5.11,5.11,5.11,5.11,100,0
2016-04-21,21:55:00,5.1201,5.1201,5.1201,5.1201,1000,0
2016-04-21,22:00:00,5.12,5.12,5.12,5.12,100,0
2016-04-22,15:35:00,5.15,5.15,5.15,5.15,1200,0
2016-04-22,16:35:00,5.15,5.16,5.1333,5.1333,2000,0
2016-04-22,17:10:00,5.13,5.13,5.13,5.13,975,0
2016-04-22,17:20:00,5.13,5.13,5.13,5.13,100,0
2016-04-22,18:00:00,5.13,5.13,5.13,5.13,100,0
2016-04-22,18:25:00,5.11,5.11,5.11,5.11,400,0
2016-04-22,19:20:00,5.1101,5.1101,5.1101,5.1101,200,0
2016-04-22,19:25:00,5.1385,5.1385,5.1385,5.1385,1700,0
2016-04-22,19:40:00,5.1573,5.1573,5.1573,5.1573,480,0
2016-04-22,19:50:00,5.16,5.16,5.16,5.16,1000,0
2016-04-22,20:05:00,5.156,5.156,5.156,5.156,481,0
2016-04-22,21:35:00,5.16,5.16,5.16,5.16,100,0
2016-04-25,15:35:00,5.29,5.29,5.29,5.29,400,0
2016-04-25,16:00:00,5.27,5.29,5.27,5.29,400,0
2016-04-25,18:10:00,5.23,5.24,5.23,5.24,400,0
2016-04-25,18:20:00,5.07,5.07,5.0699,5.0699,1385,0
2016-04-25,18:25:00,5.07,5.07,5.07,5.07,100,0
2016-04-25,18:50:00,5.07,5.07,5.07,5.07,100,0
2016-04-25,19:00:00,5.08,5.08,5.07,5.07,300,0
2016-04-25,19:50:00,5.08,5.08,5.08,5.08,100,0
2016-04-25,19:55:00,5.08,5.08,5.08,5.08,200,0
2016-04-25,20:00:00,5.08,5.1,5.08,5.1,700,0
2016-04-25,20:20:00,5.1,5.11,5.1,5.1,300,0
2016-04-25,21:10:00,5.1,5.1,5.1,5.1,200,0
2016-04-25,21:50:00,5.1,5.1,5.1,5.1,100,0
2016-04-25,22:00:00,5.105,5.105,5.105,5.105,100,0
2016-04-26,17:05:00,5.18,5.19,5.18,5.19,900,0
2016-04-26,17:30:00,5.18,5.18,5.18,5.18,100,0
2016-04-26,17:35:00,5.18,5.18,5.18,5.18,100,0
2016-04-26,17:55:00,5.14,5.14,5.14,5.14,150,0
2016-04-26,18:10:00,5.18,5.18,5.18,5.18,500,0
2016-04-26,18:40:00,5.18,5.18,5.18,5.18,100,0
2016-04-26,19:00:00,5.18,5.18,5.18,5.18,100,0
2016-04-26,19:20:00,5.133,5.133,5.133,5.133,250,0
2016-04-26,19:30:00,5.17,5.17,5.17,5.17,100,0
2016-04-26,20:20:00,5.17,5.17,5.17,5.17,300,0
2016-04-26,20:25:00,5.154,5.154,5.154,5.154,100,0
2016-04-26,20:30:00,5.1357,5.1357,5.1357,5.1357,260,0
2016-04-26,21:40:00,5.18,5.18,5.17,5.17,1000,0
2016-04-26,21:45:00,5.1725,5.1725,5.1725,5.1725,400,0
2016-04-27,15:35:00,5.14,5.15,5.14,5.15,800,0
2016-04-27,15:55:00,5.14,5.1489,5.14,5.1489,300,0
2016-04-27,17:00:00,5.15,5.15,5.15,5.15,100,0
2016-04-27,17:20:00,5.15,5.15,5.15,5.15,100,0
2016-04-27,17:50:00,5.15,5.15,5.15,5.15,300,0
2016-04-27,19:10:00,5.15,5.15,5.15,5.15,300,0
2016-04-27,19:55:00,5.15,5.15,5.15,5.15,100,0
2016-04-27,20:30:00,5.15,5.15,5.15,5.15,1100,0
2016-04-27,20:35:00,5.15,5.15,5.15,5.15,400,0
2016-04-27,20:45:00,5.16,5.16,5.16,5.16,400,0
2016-04-27,21:15:00,5.16,5.18,5.15,5.15,1100,0
2016-04-27,21:20:00,5.18,5.18,5.18,5.18,100,0
2016-04-27,21:25:00,5.18,5.18,5.18,5.18,100,0
2016-04-27,21:50:00,5.18,5.18,5.18,5.18,500,0
2016-04-28,15:35:00,5.19,5.2,5.19,5.2,500,0
2016-04-28,16:25:00,5.19,5.2,5.19,5.2,300,0
2016-04-28,17:45:00,5.2,5.2,5.2,5.2,150,0
2016-04-28,18:20:00,5.16,5.16,5.16,5.16,100,0
2016-04-28,18:40:00,5.16,5.16,5.16,5.16,200,0
2016-04-28,18:55:00,5.13,5.13,5.13,5.13,369,0
2016-04-28,19:10:00,5.12,5.12,5.12,5.12,300,0
2016-04-28,19:15:00,5.12,5.12,5.12,5.12,100,0
2016-04-28,19:30:00,5.16,5.16,5.16,5.16,200,0
2016-04-28,19:50:00,5.17,5.17,5.14,5.14,1500,0
2016-04-28,19:55:00,5.16,5.16,5.155,5.155,300,0
2016-04-28,20:05:00,5.16,5.17,5.16,5.1692,1000,0
2016-04-28,20:15:00,5.16,5.16,5.14,5.14,697,0
2016-04-28,20:25:00,5.17,5.17,5.17,5.17,100,0
2016-04-28,20:50:00,5.17,5.17,5.17,5.17,100,0
2016-04-28,20:55:00,5.17,5.17,5.165,5.165,200,0
2016-04-28,21:15:00,5.15,5.15,5.15,5.15,400,0
2016-04-28,21:20:00,5.17,5.17,5.17,5.17,100,0
2016-04-28,21:25:00,5.14,5.14,5.14,5.14,103,0
2016-04-28,21:30:00,5.14,5.14,5.14,5.14,247,0
2016-04-28,21:45:00,5.14,5.14,5.14,5.14,100,0
2016-04-28,22:00:00,5.12,5.12,5.12,5.12,500,0
2016-04-29,15:35:00,5.11,5.41,5.11,5.1115,1200,0
2016-04-29,16:25:00,5.17,5.18,5.17,5.17,400,0
2016-04-29,17:35:00,5.12,5.12,5.11,5.12,500,0
2016-04-29,17:40:00,5.07,5.075,5.07,5.075,700,0
2016-04-29,18:05:00,5.12,5.12,5.12,5.12,300,0
2016-04-29,18:35:00,5.13,5.13,5.12,5.12,300,0
2016-04-29,18:40:00,5.14,5.14,5.14,5.14,300,0
2016-04-29,18:55:00,5.15,5.15,5.15,5.15,200,0
2016-04-29,19:25:00,5.15,5.15,5.15,5.15,900,0
2016-04-29,19:30:00,5.14,5.14,5.14,5.14,620,0
2016-04-29,20:20:00,5.14,5.14,5.14,5.14,300,0
2016-04-29,21:50:00,5.17,5.17,5.17,5.17,100,0
2016-04-29,22:00:00,5.14,5.14,5.14,5.14,100,0
2016-05-02,15:35:00,5.48,5.49,5.34,5.34,700,0
2016-05-02,16:40:00,5.44,5.44,5.44,5.44,100,0
2016-05-02,16:50:00,5.44,5.46,5.44,5.46,300,0
2016-05-02,17:55:00,5.46,5.46,5.46,5.46,100,0
2016-05-02,18:10:00,5.47,5.47,5.47,5.47,300,0
2016-05-02,18:20:00,5.3668,5.3668,5.3668,5.3668,400,0
2016-05-02,18:25:00,5.38,5.38,5.38,5.38,200,0
2016-05-02,19:20:00,5.3454,5.3454,5.3454,5.3454,256,0
2016-05-02,19:50:00,5.39,5.39,5.39,5.39,200,0
2016-05-02,20:20:00,5.39,5.39,5.39,5.39,100,0
2016-05-02,20:45:00,5.39,5.39,5.39,5.39,200,0
2016-05-02,21:35:00,5.39,5.39,5.39,5.39,300,0
2016-05-03,15:35:00,5.5,5.5,5.5,5.5,1400,0
2016-05-03,16:00:00,5.3897,5.3897,5.3897,5.3897,750,0
2016-05-03,17:30:00,5.43,5.43,5.43,5.43,100,0
2016-05-03,18:15:00,5.37,5.37,5.37,5.37,200,0
2016-05-03,18:25:00,5.37,5.37,5.37,5.37,300,0
2016-05-03,19:05:00,5.38,5.38,5.38,5.38,100,0
2016-05-03,19:35:00,5.38,5.38,5.38,5.38,200,0
2016-05-03,20:25:00,5.37,5.37,5.37,5.37,200,0
2016-05-03,20:55:00,5.4,5.4,5.4,5.4,100,0
2016-05-03,21:10:00,5.316,5.406,5.316,5.406,928,0
2016-05-03,21:20:00,5.41,5.41,5.41,5.41,100,0
2016-05-04,15:35:00,5.36,5.41,5.36,5.41,3500,0
2016-05-04,15:55:00,5.3624,5.3624,5.3624,5.3624,150,0
2016-05-04,16:05:00,5.41,5.41,5.41,5.41,397,0
2016-05-04,16:10:00,5.29,5.29,5.29,5.29,100,0
2016-05-04,16:30:00,5.33,5.33,5.33,5.33,100,0
2016-05-04,18:00:00,5.33,5.33,5.33,5.33,200,0
2016-05-04,18:25:00,5.33,5.34,5.33,5.34,300,0
2016-05-04,18:50:00,5.34,5.34,5.34,5.34,100,0
2016-05-04,19:50:00,5.34,5.34,5.34,5.34,300,0
2016-05-04,20:10:00,5.27,5.27,5.26,5.27,965,0
2016-05-04,21:15:00,5.32,5.32,5.32,5.32,200,0
2016-05-04,21:55:00,5.3,5.32,5.3,5.32,276,0
2016-05-05,15:35:00,5.27,5.29,5.27,5.29,1800,0
2016-05-05,17:15:00,5.28,5.28,5.28,5.28,100,0
2016-05-05,18:55:00,5.29,5.29,5.29,5.29,100,0
2016-05-05,19:30:00,5.29,5.29,5.29,5.29,200,0
2016-05-05,20:25:00,5.29,5.3,5.29,5.29,500,0
2016-05-05,21:40:00,5.29,5.29,5.29,5.29,100,0
2016-05-05,22:00:00,5.23,5.23,5.23,5.23,300,0
2016-05-06,15:40:00,5.21,5.21,5.21,5.21,400,0
2016-05-06,16:05:00,5.22,5.22,5.22,5.22,400,0
2016-05-06,18:00:00,5.24,5.25,5.24,5.25,300,0
2016-05-06,18:30:00,5.2199,5.2199,5.2199,5.2199,100,0
2016-05-06,19:25:00,5.24,5.24,5.24,5.24,100,0
2016-05-06,19:50:00,5.25,5.25,5.25,5.25,100,0
2016-05-06,19:55:00,5.25,5.25,5.24,5.24,200,0
2016-05-06,20:20:00,5.25,5.25,5.25,5.25,200,0
2016-05-06,20:30:00,5.25,5.25,5.25,5.25,100,0
2016-05-06,21:15:00,5.25,5.25,5.25,5.25,200,0
2016-05-06,21:30:00,5.25,5.25,5.25,5.25,900,0
2016-05-06,21:45:00,5.21,5.21,5.21,5.21,100,0
2016-05-09,15:35:00,5.12,5.13,5.12,5.13,1300,0
2016-05-09,15:50:00,5.07,5.08,5.07,5.08,300,0
2016-05-09,16:05:00,5.07,5.07,5.07,5.07,200,0
2016-05-09,17:05:00,5.13,5.13,5.0985,5.0985,350,0
2016-05-09,18:10:00,5.13,5.13,5.13,5.13,100,0
2016-05-09,20:15:00,5.13,5.13,5.13,5.13,100,0
2016-05-09,20:45:00,5.13,5.13,5.13,5.13,300,0
2016-05-09,21:45:00,5.1204,5.1204,5.1204,5.1204,362,0
2016-05-09,21:50:00,5.07,5.07,5.07,5.07,100,0
2016-05-09,21:55:00,5.074,5.074,5.074,5.074,100,0
2016-05-10,15:35:00,5.15,5.15,5.15,5.15,500,0
2016-05-10,15:40:00,5.15,5.15,5.15,5.15,100,0
2016-05-10,15:45:00,5.15,5.15,5.15,5.15,600,0
2016-05-10,15:55:00,5.17,5.18,5.17,5.17,4452,0
2016-05-10,16:10:00,5.17,5.19,5.17,5.19,1900,0
2016-05-10,16:45:00,5.17,5.2,5.17,5.17,5000,0
2016-05-10,17:10:00,5.15,5.15,5.15,5.15,200,0
2016-05-10,17:35:00,5.19,5.19,5.08,5.08,200,0
2016-05-10,17:40:00,5.1109,5.1109,5.1109,5.1109,300,0
2016-05-10,18:45:00,5.2026,5.2026,5.2026,5.2026,100,0
2016-05-10,18:50:00,5.21,5.21,5.21,5.21,500,0
2016-05-10,18:55:00,5.24,5.24,5.23,5.24,600,0
2016-05-10,19:00:00,5.22,5.22,5.22,5.22,600,0
2016-05-10,19:05:00,5.214,5.214,5.214,5.214,157,0
2016-05-10,19:20:00,5.21,5.21,5.21,5.21,100,0
2016-05-10,20:45:00,5.24,5.24,5.2264,5.2264,400,0
2016-05-10,20:55:00,5.22,5.22,5.22,5.22,300,0
2016-05-10,21:00:00,5.21,5.21,5.21,5.21,100,0
2016-05-10,21:20:00,5.24,5.24,5.24,5.24,100,0
2016-05-10,21:35:00,5.24,5.24,5.24,5.24,100,0
2016-05-10,21:50:00,5.22,5.22,5.22,5.22,100,0
2016-05-10,21:55:00,5.22,5.22,5.22,5.22,500,0
2016-05-10,22:00:00,5.23,5.23,5.23,5.23,100,0
2016-05-11,16:30:00,5.27,5.27,5.2689,5.27,1400,0
2016-05-11,16:35:00,5.2689,5.27,5.2689,5.27,200,0
2016-05-11,16:55:00,5.27,5.27,5.27,5.27,200,0
2016-05-11,17:15:00,5.27,5.27,5.27,5.27,182,0
2016-05-11,17:50:00,5.27,5.27,5.27,5.27,300,0
2016-05-11,17:55:00,5.27,5.27,5.27,5.27,100,0
2016-05-11,18:35:00,5.3,5.3,5.3,5.3,100,0
2016-05-11,18:50:00,5.3,5.3,5.3,5.3,100,0
2016-05-11,19:10:00,5.3,5.3,5.3,5.3,600,0
2016-05-11,21:55:00,5.29,5.3,5.29,5.3,1000,0
2016-05-12,15:35:00,5.3,5.3,5.27,5.27,550,0
2016-05-12,16:10:00,5.27,5.27,5.27,5.27,399,0
2016-05-12,16:35:00,5.3,5.3,5.3,5.3,100,0
2016-05-12,17:35:00,5.2101,5.2101,5.2101,5.2101,200,0
2016-05-12,18:00:00,5.22,5.22,5.21,5.21,300,0
2016-05-12,18:05:00,5.25,5.25,5.25,5.25,400,0
2016-05-12,19:40:00,5.27,5.27,5.27,5.27,100,0
2016-05-12,20:00:00,5.28,5.28,5.27,5.27,200,0
2016-05-12,20:55:00,5.28,5.28,5.28,5.28,100,0
2016-05-12,21:25:00,5.28,5.28,5.28,5.28,100,0
2016-05-12,21:55:00,5.28,5.28,5.28,5.28,800,0
2016-05-13,15:35:00,5.3,5.3,5.3,5.3,500,0
2016-05-13,16:15:00,5.3,5.3,5.22,5.22,400,0
2016-05-13,17:10:00,5.21,5.21,5.21,5.21,181,0
2016-05-13,17:15:00,5.3,5.3,5.22,5.22,400,0
2016-05-13,17:30:00,5.2944,5.2944,5.2944,5.2944,100,0
2016-05-13,17:45:00,5.26,5.26,5.25,5.25,396,0
2016-05-13,18:10:00,5.3,5.3,5.3,5.3,300,0
2016-05-13,18:50:00,5.214,5.214,5.214,5.214,200,0
2016-05-13,19:40:00,5.28,5.29,5.28,5.29,300,0
2016-05-13,20:25:00,5.21,5.21,5.21,5.21,112,0
2016-05-13,20:40:00,5.21,5.21,5.21,5.21,200,0
2016-05-13,21:40:00,5.28,5.28,5.2191,5.2191,400,0
2016-05-16,16:00:00,5.33,5.35,5.33,5.35,1800,0
2016-05-16,16:25:00,5.3855,5.3855,5.3855,5.3855,100,0
2016-05-16,16:30:00,5.45,5.45,5.45,5.45,100,0
2016-05-16,16:55:00,5.45,5.45,5.45,5.45,100,0
2016-05-16,17:00:00,5.45,5.45,5.45,5.45,100,0
2016-05-16,18:40:00,5.4299,5.5,5.4272,5.4992,11256,0
2016-05-16,18:45:00,5.45,5.45,5.45,5.45,200,0
2016-05-16,19:05:00,5.49,5.49,5.49,5.49,100,0
2016-05-16,19:20:00,5.425,5.425,5.425,5.425,300,0
2016-05-16,19:35:00,5.462,5.462,5.462,5.462,500,0
2016-05-16,19:55:00,5.46,5.46,5.46,5.46,199,0
2016-05-16,20:25:00,5.4511,5.4511,5.4511,5.4511,320,0
2016-05-16,20:30:00,5.4699,5.4699,5.467,5.4692,500,0
2016-05-16,20:40:00,5.46,5.46,5.4416,5.4416,200,0
2016-05-16,21:25:00,5.48,5.48,5.48,5.48,400,0
2016-05-17,15:35:00,5.35,5.35,5.35,5.35,1200,0
2016-05-17,15:50:00,5.35,5.35,5.35,5.35,300,0
2016-05-17,16:05:00,5.35,5.35,5.35,5.35,300,0
2016-05-17,17:00:00,5.35,5.35,5.35,5.35,100,0
2016-05-17,17:30:00,5.38,5.38,5.38,5.38,300,0
2016-05-17,18:50:00,5.38,5.38,5.38,5.38,300,0
2016-05-17,19:35:00,5.38,5.38,5.38,5.38,100,0
2016-05-17,20:15:00,5.38,5.38,5.38,5.38,200,0
2016-05-17,20:40:00,5.3105,5.3105,5.3105,5.3105,300,0
2016-05-17,21:10:00,5.38,5.38,5.38,5.38,400,0
2016-05-17,22:00:00,5.35,5.35,5.3211,5.3211,400,0
2016-05-18,15:35:00,5.18,5.18,5.18,5.18,2300,0
2016-05-18,15:40:00,5.1,5.18,5.1,5.18,1252,0
2016-05-18,15:55:00,5.18,5.18,5.18,5.18,340,0
2016-05-18,18:55:00,5.18,5.2,5.115,5.2,1827,0
2016-05-18,19:30:00,5.2,5.2,5.2,5.2,100,0
2016-05-18,20:00:00,5.2,5.2,5.2,5.2,100,0
2016-05-18,20:15:00,5.2,5.2,5.2,5.2,200,0
2016-05-18,20:20:00,5.2,5.2,5.2,5.2,200,0
2016-05-18,20:30:00,5.2,5.2,5.2,5.2,100,0
2016-05-18,21:10:00,5.2212,5.2212,5.2212,5.2212,250,0
2016-05-18,21:20:00,5.21,5.23,5.21,5.21,627,0
2016-05-18,21:25:00,5.1804,5.1804,5.1804,5.1804,550,0
2016-05-18,21:30:00,5.1815,5.1815,5.1815,5.1815,500,0
2016-05-18,21:50:00,5.17,5.17,5.17,5.17,100,0
2016-05-19,15:50:00,5.1124,5.17,5.0801,5.17,1500,0
2016-05-19,16:00:00,5.105,5.105,5.105,5.105,194,0
2016-05-19,16:50:00,5.17,5.17,5.17,5.17,100,0
2016-05-19,17:15:00,5.16,5.16,5.16,5.16,1100,0
2016-05-19,17:45:00,5.03,5.03,5.03,5.03,158,0
2016-05-19,20:05:00,5.0401,5.0401,5.0401,5.0401,190,0
2016-05-19,22:00:00,5.14,5.15,5.08,5.08,400,0
2016-05-20,15:35:00,5.14,5.17,5.14,5.17,500,0
2016-05-20,16:30:00,5.15,5.17,5.15,5.17,300,0
2016-05-20,16:50:00,5.16,5.16,5.16,5.16,100,0
2016-05-20,17:50:00,5.17,5.17,5.17,5.17,200,0
2016-05-20,18:40:00,5.17,5.17,5.17,5.17,100,0
2016-05-20,18:45:00,5.17,5.17,5.17,5.17,300,0
2016-05-20,20:30:00,5.17,5.17,5.17,5.17,400,0
2016-05-20,20:45:00,5.1244,5.1244,5.1244,5.1244,677,0
2016-05-20,21:05:00,5.1549,5.1549,5.1549,5.1549,180,0
2016-05-20,21:55:00,5.16,5.16,5.1,5.1,1765,0
2016-05-23,15:35:00,4.98,4.99,4.98,4.99,5000,0
2016-05-23,16:05:00,4.91,4.91,4.9,4.9,200,0
2016-05-23,16:15:00,4.88,4.89,4.88,4.89,1520,0
2016-05-23,16:40:00,4.886,4.886,4.881,4.885,500,0
2016-05-23,16:45:00,4.97,4.97,4.97,4.97,100,0
2016-05-23,18:00:00,4.98,4.98,4.98,4.98,100,0
2016-05-23,18:10:00,4.92,4.92,4.92,4.92,100,0
2016-05-23,18:35:00,4.93,4.93,4.93,4.93,100,0
2016-05-23,18:50:00,4.9578,4.9578,4.9578,4.9578,100,0
2016-05-23,19:00:00,4.93,4.93,4.93,4.93,100,0
2016-05-23,19:30:00,4.93,4.93,4.93,4.93,200,0
2016-05-23,19:40:00,4.93,4.93,4.91,4.91,300,0
2016-05-23,19:45:00,4.91,4.91,4.88,4.88,5680,0
2016-05-23,19:50:00,4.87,4.88,4.87,4.8799,2300,0
2016-05-23,19:55:00,4.9079,4.92,4.9079,4.92,5200,0
2016-05-23,20:00:00,4.91,4.91,4.91,4.91,700,0
2016-05-23,20:05:00,4.91,4.91,4.91,4.91,1100,0
2016-05-23,20:15:00,4.91,4.91,4.9,4.91,3275,0
2016-05-23,20:20:00,4.91,4.9111,4.91,4.91,700,0
2016-05-23,20:30:00,4.9,4.901,4.9,4.901,1700,0
2016-05-23,20:35:00,4.9084,4.92,4.9,4.92,1700,0
2016-05-23,20:40:00,4.92,4.9452,4.92,4.9452,400,0
2016-05-23,20:45:00,4.95,4.95,4.95,4.95,100,0
2016-05-23,21:00:00,4.95,4.95,4.95,4.95,100,0
2016-05-23,21:30:00,4.95,4.95,4.9,4.95,1177,0
2016-05-23,21:40:00,4.92,4.9201,4.92,4.9201,200,0
2016-05-23,22:00:00,4.91,4.91,4.91,4.91,400,0
2016-05-24,16:10:00,5.1104,5.13,5.1104,5.13,3025,0
2016-05-24,16:15:00,5.05,5.05,5.03,5.03,3000,0
2016-05-24,16:50:00,5.06,5.13,5.06,5.13,5100,0
2016-05-24,16:55:00,5.11,5.11,5.09,5.1,400,0
2016-05-24,17:05:00,5.0501,5.0515,5.05,5.0501,6600,0
2016-05-24,17:45:00,5.05,5.05,5.05,5.05,2300,0
2016-05-24,18:10:00,5.1,5.1,5.05,5.05,1000,0
2016-05-24,18:25:00,5.05,5.05,5.05,5.05,100,0
2016-05-24,18:30:00,5.05,5.05,5.05,5.05,200,0
2016-05-24,18:50:00,5.07,5.07,5.06,5.07,900,0
2016-05-24,19:45:00,5.1,5.1,5.1,5.1,300,0
2016-05-24,19:50:00,5.06,5.06,5.06,5.06,100,0
2016-05-24,20:05:00,5.09,5.09,5.09,5.09,100,0
2016-05-24,20:20:00,5.06,5.07,5.06,5.07,200,0
2016-05-24,21:00:00,5.09,5.09,5.06,5.06,4700,0
2016-05-24,21:05:00,5.06,5.07,5.06,5.06,800,0
2016-05-24,21:10:00,5.06,5.064,5.05,5.05,500,0
2016-05-24,21:20:00,5.07,5.07,5.07,5.07,200,0
2016-05-24,21:25:00,5.05,5.05,5.05,5.05,200,0
2016-05-24,21:30:00,5.06,5.08,5.05,5.05,7900,0
2016-05-24,21:35:00,5.04,5.05,5.04,5.05,900,0
2016-05-24,22:00:00,5.06,5.06,5.06,5.06,100,0
2016-05-25,15:35:00,5.1,5.15,5.1,5.15,650,0
2016-05-25,15:40:00,5.15,5.15,5.15,5.15,200,0
2016-05-25,16:15:00,5.15,5.15,5.15,5.15,600,0
2016-05-25,17:00:00,5.09,5.09,5.09,5.09,100,0
2016-05-25,17:50:00,5.06,5.06,5.05,5.05,456,0
2016-05-25,18:00:00,5.1,5.1,5.1,5.1,100,0
2016-05-25,18:15:00,5.11,5.11,5.11,5.11,400,0
2016-05-25,18:25:00,5.14,5.14,5.14,5.14,100,0
2016-05-25,18:45:00,5.14,5.14,5.14,5.14,100,0
2016-05-25,19:25:00,5.15,5.15,5.15,5.15,400,0
2016-05-25,20:35:00,5.15,5.15,5.15,5.15,400,0
2016-05-25,20:45:00,5.15,5.15,5.15,5.15,100,0
2016-05-25,21:10:00,5.15,5.15,5.15,5.15,100,0
2016-05-25,21:45:00,5.15,5.15,5.15,5.15,300,0
2016-05-25,22:00:00,5.06,5.0701,5.06,5.0701,300,0
2016-05-26,15:35:00,5.12,5.2,5.12,5.2,1040,0
2016-05-26,16:05:00,5.118,5.118,5.118,5.118,100,0
2016-05-26,16:10:00,5.14,5.15,5.14,5.15,200,0
2016-05-26,16:45:00,5.14,5.14,5.14,5.14,100,0
2016-05-26,17:05:00,5.14,5.14,5.14,5.14,215,0
2016-05-26,18:00:00,5.14,5.14,5.14,5.14,100,0
2016-05-26,18:20:00,5.15,5.15,5.1042,5.1042,1000,0
2016-05-26,18:55:00,5.15,5.15,5.15,5.15,100,0
2016-05-26,19:00:00,5.14,5.14,5.14,5.14,200,0
2016-05-26,19:35:00,5.15,5.15,5.15,5.15,200,0
2016-05-26,20:15:00,5.15,5.15,5.15,5.15,200,0
2016-05-26,20:30:00,5.0809,5.0809,5.0809,5.0809,152,0
2016-05-26,20:50:00,5.15,5.15,5.15,5.15,200,0
2016-05-26,21:10:00,5.15,5.15,5.15,5.15,200,0
2016-05-26,21:15:00,5.15,5.15,5.15,5.15,100,0
2016-05-26,21:50:00,5.13,5.13,5.13,5.13,400,0
2016-05-27,15:35:00,5.09,5.11,5.09,5.11,1000,0
2016-05-27,16:15:00,5.12,5.12,5.12,5.12,400,0
2016-05-27,17:05:00,5.11,5.1283,5.11,5.1283,1400,0
2016-05-27,17:40:00,5.17,5.17,5.17,5.17,300,0
2016-05-27,17:45:00,5.15,5.15,5.15,5.15,200,0
2016-05-27,18:40:00,5.15,5.15,5.15,5.15,500,0
2016-05-27,19:25:00,5.06,5.065,5.06,5.065,400,0
2016-05-27,19:45:00,5.0892,5.0892,5.0892,5.0892,500,0
2016-05-27,20:20:00,5.13,5.13,5.13,5.13,100,0
2016-05-27,20:25:00,5.14,5.14,5.14,5.14,100,0
2016-05-27,20:40:00,5.13,5.14,5.13,5.14,300,0
2016-05-27,21:45:00,5.14,5.15,5.14,5.15,500,0
2016-05-27,22:00:00,5.06,5.06,5.06,5.06,200,0
2016-05-31,15:35:00,5.21,5.31,5.21,5.29,933,0
2016-05-31,16:30:00,5.19,5.19,5.19,5.19,100,0
2016-05-31,16:50:00,5.22,5.225,5.185,5.2,1400,0
2016-05-31,17:00:00,5.26,5.26,5.26,5.26,100,0
2016-05-31,18:30:00,5.2599,5.2599,5.2599,5.2599,100,0
2016-05-31,19:35:00,5.26,5.26,5.26,5.26,400,0
2016-05-31,19:40:00,5.27,5.27,5.26,5.27,800,0
2016-05-31,20:05:00,5.27,5.27,5.27,5.27,100,0
2016-05-31,20:20:00,5.27,5.27,5.27,5.27,100,0
2016-05-31,20:40:00,5.26,5.26,5.26,5.26,200,0
2016-05-31,20:50:00,5.26,5.26,5.26,5.26,400,0
2016-05-31,21:30:00,5.27,5.27,5.2686,5.2686,200,0
2016-06-01,16:25:00,5.21,5.21,5.21,5.21,100,0
2016-06-01,17:30:00,5.204,5.204,5.204,5.204,100,0
2016-06-01,19:05:00,5.22,5.22,5.22,5.22,100,0
2016-06-01,19:15:00,5.29,5.29,5.29,5.29,100,0
2016-06-01,19:20:00,5.3,5.3,5.3,5.3,100,0
2016-06-01,19:55:00,5.3,5.3,5.3,5.3,100,0
2016-06-01,21:40:00,5.26,5.3,5.26,5.3,200,0
2016-06-01,22:00:00,5.26,5.26,5.26,5.26,200,0
2016-06-02,15:35:00,5.32,5.32,5.32,5.32,985,0
2016-06-02,16:30:00,5.4,5.4,5.4,5.4,100,0
2016-06-02,16:40:00,5.34,5.34,5.34,5.34,100,0
2016-06-02,16:50:00,5.27,5.34,5.25,5.26,1679,0
2016-06-02,17:50:00,5.33,5.33,5.33,5.33,100,0
2016-06-02,19:40:00,5.33,5.33,5.33,5.33,100,0
2016-06-02,19:45:00,5.31,5.31,5.31,5.31,100,0
2016-06-03,18:15:00,5.26,5.26,5.24,5.26,1600,0
2016-06-03,20:05:00,5.34,5.34,5.34,5.34,100,0
2016-06-06,15:35:00,5.22,5.22,5.22,5.22,103,0
2016-06-06,17:10:00,5.28,5.32,5.28,5.32,1760,0
2016-06-06,17:45:00,5.32,5.34,5.26,5.32,6449,0
2016-06-06,18:10:00,5.32,5.32,5.32,5.32,100,0
2016-06-06,18:30:00,5.33,5.34,5.33,5.33,770,0
2016-06-06,18:55:00,5.33,5.35,5.33,5.34,2270,0
2016-06-06,19:00:00,5.35,5.35,5.35,5.35,100,0
2016-06-06,19:55:00,5.36,5.36,5.35,5.36,500,0
2016-06-06,20:20:00,5.37,5.37,5.37,5.37,400,0
2016-06-06,20:35:00,5.37,5.37,5.36,5.365,1000,0
2016-06-06,20:50:00,5.3475,5.3475,5.3475,5.3475,200,0
2016-06-06,21:05:00,5.33,5.34,5.32,5.33,3800,0
2016-06-06,21:35:00,5.38,5.38,5.38,5.38,100,0
2016-06-06,21:40:00,5.38,5.38,5.3492,5.3492,7355,0
2016-06-06,22:00:00,5.35,5.38,5.35,5.36,600,0
2016-06-07,15:50:00,5.29,5.29,5.29,5.29,200,0
2016-06-07,16:25:00,5,5.0795,5,5.0795,259,0
2016-06-07,16:40:00,5.24,5.24,5.24,5.24,2104,0
2016-06-07,17:00:00,5.22,5.22,5.215,5.215,220,0
2016-06-07,18:15:00,5.2,5.2,5.2,5.2,100,0
2016-06-07,19:10:00,5.2184,5.2184,5.2184,5.2184,800,0
2016-06-07,19:50:00,5.25,5.26,5.25,5.26,2400,0
2016-06-07,20:10:00,5.26,5.26,5.26,5.26,100,0
2016-06-07,20:50:00,5.2,5.2,5.2,5.2,100,0
2016-06-07,22:00:00,5.21,5.21,5.2,5.21,400,0
2016-06-08,17:50:00,5.45,5.45,5.42,5.42,300,0
2016-06-08,18:05:00,5.14,5.14,5.14,5.14,100,0
2016-06-08,18:45:00,5.21,5.21,5.2,5.2,400,0
2016-06-08,20:50:00,5.15,5.32,5.15,5.32,200,0
2016-06-08,22:00:00,5.33,5.33,5.33,5.33,100,0
2016-06-09,16:05:00,5.14,5.14,5.1296,5.1296,2990,0
2016-06-09,16:10:00,5.14,5.16,5.12,5.16,5458,0
2016-06-09,16:15:00,5.11,5.18,5.11,5.16,5800,0
2016-06-09,16:20:00,5.1009,5.18,5.1,5.18,600,0
2016-06-09,16:25:00,5.155,5.155,5.155,5.155,499,0
2016-06-09,18:10:00,5.11,5.11,5.11,5.11,100,0
2016-06-09,18:25:00,5.09,5.09,5.055,5.055,1700,0
2016-06-09,19:10:00,5.05,5.06,5.05,5.06,1400,0
2016-06-09,19:15:00,5.09,5.09,5.09,5.09,200,0
2016-06-09,19:25:00,5.09,5.09,5.05,5.05,2000,0
2016-06-09,19:50:00,5.09,5.09,5.05,5.05,400,0
2016-06-09,20:10:00,5.09,5.09,5.05,5.05,1600,0
2016-06-09,20:15:00,5.07,5.07,5.05,5.05,400,0
2016-06-09,20:20:00,5.07,5.07,5.05,5.05,800,0
2016-06-09,20:25:00,5.06,5.06,5.05,5.05,400,0
2016-06-09,20:30:00,5.07,5.07,5.05,5.06,500,0
2016-06-09,20:35:00,5.05,5.05,5.05,5.05,400,0
2016-06-09,20:40:00,5.05,5.06,5.05,5.05,800,0
2016-06-09,20:50:00,5.04,5.04,5.04,5.04,100,0
2016-06-09,21:20:00,5.13,5.13,5.13,5.13,100,0
2016-06-09,21:30:00,5.05,5.05,5.05,5.05,400,0
2016-06-09,21:40:00,5.04,5.04,5.02,5.02,900,0
2016-06-09,21:45:00,5.03,5.03,5.01,5.01,2700,0
2016-06-09,21:55:00,5.1,5.1,5.1,5.1,100,0
2016-06-10,15:35:00,5.1,5.1,5.1,5.1,722,0
2016-06-10,15:45:00,5.03,5.03,5.03,5.03,400,0
2016-06-10,16:00:00,5.02,5.02,5.02,5.02,200,0
2016-06-10,16:30:00,4.9201,4.9201,4.9201,4.9201,100,0
2016-06-10,18:20:00,5.03,5.03,5.03,5.03,100,0
2016-06-10,18:50:00,5,5,5,5,900,0
2016-06-10,19:15:00,4.9999,4.9999,4.9999,4.9999,100,0
2016-06-10,19:50:00,5,5,5,5,100,0
2016-06-10,20:05:00,5,5,5,5,100,0
2016-06-10,20:10:00,4.99,4.99,4.99,4.99,120,0
2016-06-10,21:25:00,4.99,4.99,4.99,4.99,100,0
2016-06-10,21:45:00,4.962,4.962,4.962,4.962,100,0
2016-06-13,15:35:00,4.85,4.85,4.8111,4.8111,800,0
2016-06-13,15:40:00,4.8101,4.8101,4.8101,4.8101,350,0
2016-06-13,16:10:00,4.81,4.81,4.81,4.81,100,0
2016-06-13,17:10:00,4.88,4.88,4.88,4.88,100,0
2016-06-13,17:40:00,4.812,4.84,4.812,4.84,200,0
2016-06-13,17:50:00,4.84,4.84,4.84,4.84,100,0
2016-06-13,20:30:00,4.86,4.92,4.85,4.89,2566,0
2016-06-14,15:35:00,4.81,4.81,4.81,4.81,171,0
2016-06-14,17:00:00,4.97,4.97,4.97,4.97,100,0
2016-06-14,17:35:00,4.8,4.8,4.8,4.8,100,0
2016-06-14,20:40:00,4.7572,4.7572,4.7572,4.7572,300,0
2016-06-14,20:50:00,4.7699,4.7699,4.7699,4.7699,350,0
2016-06-15,15:35:00,4.7,4.7,4.57,4.57,2398,0
2016-06-15,19:30:00,4.6101,4.6101,4.6101,4.6101,350,0
2016-06-16,18:50:00,4.7,4.7,4.7,4.7,100,0
2016-06-16,19:15:00,4.71,4.72,4.645,4.72,600,0
2016-06-16,19:30:00,4.59,4.59,4.59,4.59,400,0
2016-06-16,19:35:00,4.59,4.59,4.59,4.59,200,0
2016-06-16,21:20:00,4.6,4.6,4.59,4.59,600,0
2016-06-16,21:55:00,4.59,4.59,4.59,4.59,100,0
2016-06-16,22:00:00,4.59,4.59,4.58,4.58,2600,0
2016-06-17,20:50:00,4.59,4.59,4.59,4.59,100,0
2016-06-17,21:35:00,4.5215,4.5215,4.5215,4.5215,851,0
2016-06-20,17:10:00,4.3201,4.3201,4.3201,4.3201,849,0
2016-06-20,19:15:00,4.47,4.47,4.47,4.47,100,0
2016-06-20,20:35:00,4.44,4.44,4.4,4.4,1000,0
2016-06-21,17:15:00,4.5,4.5,4.5,4.5,100,0
2016-06-21,17:20:00,4.3601,4.3601,4.3601,4.3601,200,0
2016-06-21,18:25:00,4.407,4.407,4.407,4.407,500,0
2016-06-21,19:30:00,4.42,4.42,4.42,4.42,100,0
2016-06-21,22:00:00,4.38,4.42,4.38,4.42,500,0
2016-06-22,15:35:00,4.37,4.37,4.37,4.37,200,0
2016-06-22,17:15:00,4.2477,4.3268,4.2477,4.2484,1799,0
2016-06-22,17:50:00,4.33,4.33,4.2701,4.2701,640,0
2016-06-22,18:35:00,4.39,4.39,4.39,4.39,500,0
2016-06-22,20:25:00,4.31,4.31,4.3,4.3,700,0
2016-06-23,15:35:00,4.36,4.36,4.36,4.36,300,0
2016-06-23,16:05:00,4.3463,4.3463,4.3463,4.3463,1000,0
2016-06-23,17:30:00,4.29,4.29,4.29,4.29,183,0
2016-06-23,17:35:00,4.29,4.29,4.29,4.29,400,0
2016-06-23,19:15:00,4.32,4.32,4.32,4.32,100,0
2016-06-23,20:10:00,4.3,4.3,4.3,4.3,210,0
2016-06-23,20:50:00,4.3,4.305,4.3,4.3,400,0
2016-06-23,21:20:00,4.31,4.33,4.3,4.33,1100,0
2016-06-23,21:55:00,4.32,4.32,4.32,4.32,100,0
2016-06-24,15:35:00,4.14,4.14,4,4,2230,0
2016-06-24,18:25:00,4.1524,4.1524,4.08,4.08,500,0
2016-06-24,19:25:00,4.1,4.1,4.1,4.1,100,0
2016-06-27,15:35:00,4.11,4.11,4.11,4.11,407,0
2016-06-27,16:30:00,4.1,4.1,4.1,4.1,1000,0
2016-06-27,17:15:00,4.03,4.08,4.03,4.08,1241,0
2016-06-27,21:10:00,4.024,4.024,4.024,4.024,1288,0
2016-06-27,21:45:00,4.03,4.03,4.03,4.03,100,0
2016-06-28,15:35:00,4.21,4.21,4.21,4.21,290,0
2016-06-28,16:10:00,4.22,4.22,4.22,4.22,300,0
2016-06-28,21:20:00,4.2,4.26,4.2,4.26,314,0
2016-06-29,15:35:00,4.39,4.3999,4.39,4.3999,445,0
2016-06-29,15:55:00,4.4,4.4,4.4,4.4,25458,0
2016-06-29,16:00:00,4.4,4.41,4.4,4.4,2500,0
2016-06-29,16:15:00,4.2892,4.2892,4.2892,4.2892,499,0
2016-06-29,16:20:00,4.45,4.45,4.45,4.45,499,0
2016-06-29,20:45:00,4.317,4.375,4.31,4.375,950,0
2016-06-29,20:55:00,4.36,4.37,4.36,4.37,2500,0
2016-06-30,16:00:00,4.54,4.54,4.54,4.54,100,0
2016-06-30,16:50:00,4.72,4.72,4.72,4.72,100,0
2016-06-30,17:35:00,4.74,4.74,4.74,4.74,100,0
2016-06-30,19:30:00,4.61,4.61,4.61,4.61,100,0
2016-06-30,19:35:00,4.56,4.56,4.56,4.56,100,0
2016-06-30,20:00:00,4.61,4.61,4.61,4.61,247,0
2016-06-30,20:10:00,4.61,4.61,4.61,4.61,100,0
2016-06-30,21:20:00,4.5201,4.5201,4.5201,4.5201,900,0
2016-07-01,15:35:00,4.53,4.53,4.51,4.52,1214,0
2016-07-01,16:00:00,4.53,4.53,4.53,4.53,200,0
2016-07-01,16:45:00,4.53,4.53,4.53,4.53,1800,0
2016-07-01,20:10:00,4.5799,4.5799,4.5799,4.5799,140,0
