Date,Time,Open,High,Low,Close,Volume,OpenInt
2016-05-11,15:35:00,4.48,4.52,4.48,4.52,301,0
2016-05-11,15:40:00,4.55,4.55,4.09,4.38,2250,0
2016-05-11,15:45:00,4.3,4.3,4.268,4.3,1711,0
2016-05-11,15:50:00,4.3,4.3,4.2401,4.2401,2340,0
2016-05-11,16:00:00,4.28,4.28,4.265,4.272,979,0
2016-05-11,16:25:00,4.294,4.295,4.294,4.295,400,0
2016-05-11,16:30:00,4.37,4.38,4.37,4.38,300,0
2016-05-11,16:55:00,4.29,4.29,4.28,4.28,800,0
2016-05-11,17:10:00,4.39,4.39,4.39,4.39,700,0
2016-05-11,17:50:00,4.4,4.4,4.4,4.4,200,0
2016-05-11,17:55:00,4.4,4.4,4.4,4.4,100,0
2016-05-11,18:15:00,4.39,4.39,4.39,4.39,100,0
2016-05-11,18:45:00,4.3999,4.3999,4.3392,4.3392,1700,0
2016-05-11,19:00:00,4.34,4.4,4.34,4.4,500,0
2016-05-11,19:15:00,4.3999,4.3999,4.3999,4.3999,100,0
2016-05-11,19:30:00,4.4,4.4,4.4,4.4,100,0
2016-05-11,19:40:00,4.4,4.49,4.3999,4.48,2000,0
2016-05-11,20:00:00,4.42,4.42,4.3995,4.3995,1200,0
2016-05-11,20:10:00,4.44,4.44,4.44,4.44,250,0
2016-05-11,21:15:00,4.35,4.35,4.35,4.35,230,0
2016-05-11,21:25:00,4.42,4.42,4.42,4.42,100,0
2016-05-11,21:45:00,4.37,4.41,4.37,4.41,317,0
2016-05-11,21:50:00,4.46,4.46,4.42,4.42,4420,0
2016-05-11,21:55:00,4.4201,4.43,4.4,4.43,3899,0
2016-05-11,22:00:00,4.35,4.54,4.35,4.54,2883,0
2016-05-12,15:35:00,4,4.28,4,4.16,11081,0
2016-05-12,15:40:00,4.145,4.25,4.06,4.08,11000,0
2016-05-12,15:45:00,4.0801,4.17,4.0801,4.17,2391,0
2016-05-12,15:50:00,4.14,4.1495,4.14,4.14,1300,0
2016-05-12,15:55:00,4.11,4.11,4.09,4.09,1400,0
2016-05-12,16:00:00,4.09,4.14,4.09,4.14,1200,0
2016-05-12,16:05:00,4.117,4.14,4.09,4.14,3605,0
2016-05-12,16:10:00,4.1,4.11,4.095,4.11,500,0
2016-05-12,16:15:00,4.1179,4.1179,4.1179,4.1179,191,0
2016-05-12,16:20:00,4.0975,4.0975,4.0975,4.0975,500,0
2016-05-12,16:25:00,4.1,4.14,4.1,4.13,1300,0
2016-05-12,16:40:00,4.08,4.08,4.08,4.08,100,0
2016-05-12,16:45:00,4.08,4.08,4.08,4.08,1300,0
2016-05-12,16:50:00,4.09,4.11,4.09,4.1,900,0
2016-05-12,16:55:00,4.09,4.09,4.09,4.09,200,0
2016-05-12,17:00:00,4.0993,4.1,4.0993,4.1,2500,0
2016-05-12,17:10:00,4.09,4.09,4.09,4.09,234,0
2016-05-12,17:15:00,4.09,4.09,4.09,4.09,100,0
2016-05-12,17:30:00,4.095,4.0985,4.095,4.0984,902,0
2016-05-12,17:50:00,4.095,4.1,4.095,4.1,6200,0
2016-05-12,17:55:00,4.1,4.1,4.099,4.1,6400,0
2016-05-12,18:00:00,4.1,4.14,4.099,4.13,9012,0
2016-05-12,18:05:00,4.099,4.12,4.099,4.12,4100,0
2016-05-12,18:10:00,4.12,4.12,4.12,4.12,100,0
2016-05-12,18:15:00,4.1001,4.12,4.1001,4.12,1100,0
2016-05-12,18:20:00,4.1499,4.1499,4.1499,4.1499,100,0
2016-05-12,18:30:00,4.1443,4.15,4.1443,4.15,1050,0
2016-05-12,18:35:00,4.17,4.17,4.17,4.17,200,0
2016-05-12,18:40:00,4.18,4.19,4.163,4.19,2350,0
2016-05-12,18:50:00,4.19,4.22,4.19,4.22,4150,0
2016-05-12,18:55:00,4.22,4.22,4.22,4.22,200,0
2016-05-12,19:05:00,4.23,4.23,4.23,4.23,261,0
2016-05-12,19:15:00,4.23,4.23,4.23,4.23,100,0
2016-05-12,19:40:00,4.23,4.23,4.2299,4.2299,1200,0
2016-05-12,20:05:00,4.22,4.22,4.22,4.22,200,0
2016-05-12,20:35:00,4.19,4.19,4.19,4.19,100,0
2016-05-12,21:30:00,4.164,4.164,4.164,4.164,250,0
2016-05-12,21:40:00,4.1601,4.1601,4.1601,4.1601,200,0
2016-05-12,21:45:00,4.1,4.17,4.1,4.17,4400,0
2016-05-12,22:00:00,4.11,4.12,4.11,4.12,700,0
2016-05-13,15:35:00,4.07,4.07,4.07,4.07,800,0
2016-05-13,15:40:00,4.0699,4.0699,4,4.0011,2950,0
2016-05-13,15:45:00,4.0001,4.0001,4.0001,4.0001,5000,0
2016-05-13,15:50:00,4.04,4.04,4.01,4.0101,1300,0
2016-05-13,15:55:00,4.015,4.035,3.96,3.972,10355,0
2016-05-13,16:00:00,3.9604,3.9792,3.93,3.9692,4400,0
2016-05-13,16:25:00,3.85,3.85,3.66,3.66,16528,0
2016-05-13,16:30:00,3.7,3.7,3.7,3.7,500,0
2016-05-13,16:35:00,3.6001,3.7095,3.6001,3.7,1600,0
2016-05-13,16:40:00,3.67,3.67,3.65,3.65,4990,0
2016-05-13,16:45:00,3.67,3.69,3.65,3.65,5398,0
2016-05-13,16:50:00,3.69,3.69,3.69,3.69,300,0
2016-05-13,16:55:00,3.66,3.66,3.6506,3.6506,3531,0
2016-05-13,17:00:00,3.6728,3.68,3.65,3.6601,1400,0
2016-05-13,17:15:00,3.651,3.67,3.65,3.6501,5229,0
2016-05-13,17:20:00,3.66,3.66,3.61,3.65,2000,0
2016-05-13,17:25:00,3.63,3.63,3.63,3.63,700,0
2016-05-13,17:30:00,3.7089,3.7089,3.7089,3.7089,200,0
2016-05-13,17:40:00,3.61,3.61,3.6,3.6,525,0
2016-05-13,17:55:00,3.6693,3.6693,3.6693,3.6693,2000,0
2016-05-13,18:15:00,3.63,3.63,3.63,3.63,250,0
2016-05-13,18:45:00,3.64,3.64,3.64,3.64,200,0
2016-05-13,18:50:00,3.635,3.64,3.635,3.6387,2700,0
2016-05-13,18:55:00,3.7299,3.7299,3.7299,3.7299,2000,0
2016-05-13,19:00:00,3.77,3.78,3.685,3.72,9000,0
2016-05-13,19:15:00,3.76,3.76,3.76,3.76,100,0
2016-05-13,19:25:00,3.77,3.77,3.77,3.77,400,0
2016-05-13,19:35:00,3.77,3.77,3.74,3.74,350,0
2016-05-13,19:40:00,3.77,3.77,3.77,3.77,100,0
2016-05-13,19:55:00,3.755,3.7889,3.755,3.7889,788,0
2016-05-13,20:00:00,3.72,3.72,3.72,3.72,2900,0
2016-05-13,20:10:00,3.7201,3.7201,3.7201,3.7201,300,0
2016-05-13,20:15:00,3.73,3.73,3.73,3.73,100,0
2016-05-13,20:25:00,3.7899,3.7899,3.7899,3.7899,500,0
2016-05-13,20:30:00,3.7893,3.79,3.7893,3.79,350,0
2016-05-13,20:35:00,3.79,3.79,3.79,3.79,100,0
2016-05-13,20:45:00,3.735,3.735,3.735,3.735,100,0
2016-05-13,20:50:00,3.78,3.79,3.78,3.79,200,0
2016-05-13,21:10:00,3.79,3.79,3.79,3.79,100,0
2016-05-13,21:30:00,3.79,3.79,3.79,3.79,100,0
2016-05-13,21:45:00,3.748,3.75,3.748,3.75,900,0
2016-05-13,22:00:00,3.75,3.75,3.75,3.75,200,0
2016-05-16,15:35:00,3.71,3.71,3.61,3.61,2646,0
2016-05-16,15:55:00,3.6613,3.6613,3.6613,3.6613,400,0
2016-05-16,16:00:00,3.6442,3.6442,3.6442,3.6442,8200,0
2016-05-16,16:10:00,3.6412,3.6412,3.6412,3.6412,1300,0
2016-05-16,16:20:00,3.6438,3.6438,3.6438,3.6438,200,0
2016-05-16,16:35:00,3.6101,3.6101,3.6101,3.6101,445,0
2016-05-16,16:40:00,3.635,3.637,3.61,3.61,5222,0
2016-05-16,16:45:00,3.635,3.64,3.62,3.62,2700,0
2016-05-16,16:50:00,3.61,3.61,3.61,3.61,100,0
2016-05-16,17:00:00,3.6,3.61,3.6,3.61,2200,0
2016-05-16,17:05:00,3.604,3.6099,3.56,3.56,4885,0
2016-05-16,17:10:00,3.5501,3.6,3.55,3.5999,3218,0
2016-05-16,17:15:00,3.586,3.586,3.586,3.586,500,0
2016-05-16,17:20:00,3.6,3.6,3.5874,3.5874,425,0
2016-05-16,17:25:00,3.56,3.56,3.56,3.56,100,0
2016-05-16,17:40:00,3.56,3.56,3.56,3.56,100,0
2016-05-16,17:45:00,3.59,3.59,3.575,3.5892,1700,0
2016-05-16,17:50:00,3.59,3.6,3.59,3.6,200,0
2016-05-16,18:00:00,3.56,3.56,3.56,3.56,100,0
2016-05-16,18:10:00,3.5542,3.5542,3.5542,3.5542,300,0
2016-05-16,18:15:00,3.55,3.55,3.54,3.54,3000,0
2016-05-16,18:20:00,3.5235,3.5235,3.52,3.52,1000,0
2016-05-16,19:00:00,3.5201,3.5743,3.5201,3.5743,2700,0
2016-05-16,19:10:00,3.53,3.53,3.53,3.53,5000,0
2016-05-16,19:25:00,3.54,3.54,3.54,3.54,100,0
2016-05-16,19:55:00,3.54,3.54,3.535,3.5392,2600,0
2016-05-16,20:00:00,3.5301,3.5301,3.5301,3.5301,3000,0
2016-05-16,20:05:00,3.5301,3.54,3.5301,3.5301,1690,0
2016-05-16,20:10:00,3.5305,3.5305,3.5305,3.5305,752,0
2016-05-16,20:15:00,3.58,3.58,3.58,3.58,100,0
2016-05-16,20:25:00,3.5576,3.5576,3.54,3.54,2100,0
2016-05-16,20:30:00,3.544,3.58,3.544,3.58,600,0
2016-05-16,21:05:00,3.55,3.55,3.55,3.55,100,0
2016-05-16,21:25:00,3.5599,3.5599,3.556,3.556,400,0
2016-05-16,21:30:00,3.55,3.55,3.55,3.55,100,0
2016-05-16,21:35:00,3.5516,3.5516,3.5516,3.5516,300,0
2016-05-16,21:40:00,3.555,3.56,3.5516,3.56,700,0
2016-05-16,21:45:00,3.555,3.555,3.5516,3.5516,200,0
2016-05-16,21:50:00,3.5576,3.5576,3.5576,3.5576,800,0
2016-05-16,21:55:00,3.56,3.56,3.5516,3.5516,800,0
2016-05-16,22:00:00,3.5516,3.5599,3.55,3.55,1520,0
2016-05-17,15:35:00,3.71,3.71,3.71,3.71,3320,0
2016-05-17,15:40:00,3.9099,3.9099,3.847,3.847,400,0
2016-05-17,15:50:00,3.8211,3.8211,3.8211,3.8211,1000,0
2016-05-17,15:55:00,3.83,3.8572,3.83,3.8572,200,0
2016-05-17,16:00:00,3.8599,3.8599,3.8599,3.8599,292,0
2016-05-17,16:05:00,3.844,3.844,3.82,3.82,747,0
2016-05-17,16:10:00,3.7799,3.7799,3.75,3.75,2000,0
2016-05-17,16:25:00,3.75,3.75,3.75,3.75,100,0
2016-05-17,16:35:00,3.777,3.777,3.777,3.777,1300,0
2016-05-17,16:40:00,3.75,3.75,3.75,3.75,387,0
2016-05-17,16:50:00,3.765,3.85,3.75,3.84,3900,0
2016-05-17,16:55:00,3.91,3.91,3.85,3.85,300,0
2016-05-17,17:00:00,3.86,3.86,3.83,3.83,1900,0
2016-05-17,17:05:00,3.84,3.84,3.78,3.78,1400,0
2016-05-17,17:10:00,3.8,3.8,3.8,3.8,630,0
2016-05-17,17:15:00,3.86,3.86,3.86,3.86,100,0
2016-05-17,17:20:00,3.86,3.86,3.84,3.84,2900,0
2016-05-17,17:25:00,3.82,3.82,3.815,3.815,200,0
2016-05-17,17:55:00,3.8299,3.8299,3.82,3.82,1600,0
2016-05-17,18:05:00,3.8,3.8,3.8,3.8,200,0
2016-05-17,18:10:00,3.82,3.83,3.82,3.83,500,0
2016-05-17,18:15:00,3.87,3.9,3.87,3.9,1198,0
2016-05-17,18:20:00,3.81,3.81,3.81,3.81,500,0
2016-05-17,18:25:00,3.8,3.8,3.8,3.8,2390,0
2016-05-17,18:30:00,3.8199,3.8199,3.8199,3.8199,1050,0
2016-05-17,18:35:00,3.8175,3.8175,3.8175,3.8175,1040,0
2016-05-17,18:55:00,3.81,3.82,3.81,3.81,1000,0
2016-05-17,19:00:00,3.82,3.82,3.82,3.82,100,0
2016-05-17,19:25:00,3.85,3.885,3.82,3.8795,5300,0
2016-05-17,19:35:00,3.89,3.98,3.885,3.98,4202,0
2016-05-17,19:45:00,3.99,4,3.99,4,700,0
2016-05-17,20:05:00,4.03,4.04,4.03,4.04,200,0
2016-05-17,20:10:00,4.04,4.05,4.04,4.05,800,0
2016-05-17,20:15:00,4.0638,4.1899,4.0638,4.1899,8650,0
2016-05-17,20:20:00,4.19,4.19,4.1056,4.108,900,0
2016-05-17,20:25:00,4.1,4.1,4.1,4.1,600,0
2016-05-17,20:30:00,4.08,4.08,4.05,4.06,1100,0
2016-05-17,20:35:00,4.08,4.08,4.05,4.05,1100,0
2016-05-17,20:40:00,4.03,4.03,4.03,4.03,100,0
2016-05-17,20:45:00,3.98,4.018,3.97,4.018,652,0
2016-05-17,21:00:00,3.9828,3.9828,3.9828,3.9828,500,0
2016-05-17,21:05:00,4.05,4.05,4.05,4.05,100,0
2016-05-17,21:10:00,4.04,4.04,4.04,4.04,100,0
2016-05-17,21:15:00,4,4.0599,4,4.05,600,0
2016-05-17,21:40:00,4.05,4.05,4.05,4.05,100,0
2016-05-17,21:45:00,4.03,4.03,4,4,2472,0
2016-05-17,21:50:00,4,4,3.99,3.99,900,0
2016-05-17,21:55:00,3.985,4.04,3.985,4.04,200,0
2016-05-17,22:00:00,4.02,4.06,3.99,3.99,5601,0
2016-05-18,15:35:00,3.96,3.96,3.96,3.96,475,0
2016-05-18,15:40:00,3.97,3.97,3.78,3.78,1485,0
2016-05-18,16:25:00,3.8401,3.8401,3.8401,3.8401,105,0
2016-05-18,16:55:00,3.86,3.87,3.86,3.87,2100,0
2016-05-18,17:05:00,3.96,3.96,3.96,3.96,100,0
2016-05-18,17:30:00,3.95,4.08,3.95,4,625,0
2016-05-18,17:35:00,4.01,4.03,4.005,4.03,2200,0
2016-05-18,17:40:00,4.03,4.03,4.03,4.03,188,0
2016-05-18,17:45:00,4.06,4.06,4.0299,4.0299,200,0
2016-05-18,18:05:00,4.05,4.19,4.04,4.19,7812,0
2016-05-18,18:10:00,4.1798,4.1798,4.09,4.0936,675,0
2016-05-18,18:45:00,4.12,4.12,4.12,4.12,100,0
2016-05-18,19:20:00,4.19,4.19,4.19,4.19,100,0
2016-05-18,19:25:00,4.18,4.18,4.14,4.14,900,0
2016-05-18,19:30:00,4.2044,4.2044,4.2044,4.2044,120,0
2016-05-18,19:35:00,4.2,4.32,4.1999,4.32,5998,0
2016-05-18,19:45:00,4.28,4.28,4.28,4.28,100,0
2016-05-18,19:50:00,4.26,4.26,4.26,4.26,100,0
2016-05-18,19:55:00,4.1,4.1,4.08,4.09,1000,0
2016-05-18,20:00:00,4.08,4.08,4.08,4.08,100,0
2016-05-18,20:10:00,4.24,4.24,4.24,4.24,100,0
2016-05-18,20:15:00,4.08,4.08,4.08,4.08,500,0
2016-05-18,20:25:00,4.08,4.1,4.08,4.1,200,0
2016-05-18,20:30:00,4.07,4.07,3.88,3.88,2700,0
2016-05-18,20:35:00,3.98,4.01,3.98,4.01,1000,0
2016-05-18,20:50:00,3.9836,4.02,3.9836,4.02,350,0
2016-05-18,20:55:00,4.02,4.03,4.02,4.03,2000,0
2016-05-18,21:00:00,4.02,4.02,4.02,4.02,100,0
2016-05-18,21:05:00,4.02,4.02,4.02,4.02,200,0
2016-05-18,21:25:00,4.02,4.02,4.02,4.02,200,0
2016-05-18,21:35:00,4.02,4.02,4.02,4.02,100,0
2016-05-18,21:45:00,4.09,4.09,4.01,4.01,200,0
2016-05-18,21:50:00,3.99,3.99,3.99,3.99,100,0
2016-05-18,21:55:00,3.99,3.99,3.92,3.92,1900,0
2016-05-18,22:00:00,3.8678,3.8678,3.8499,3.85,3800,0
2016-05-19,15:35:00,3.83,3.83,3.83,3.83,207,0
2016-05-19,15:55:00,3.98,3.98,3.98,3.98,200,0
2016-05-19,16:40:00,3.86,3.86,3.86,3.86,100,0
2016-05-19,17:15:00,4,4,4,4,300,0
2016-05-19,17:40:00,3.83,3.83,3.7,3.7,7729,0
2016-05-19,17:45:00,3.74,3.8534,3.63,3.71,649,0
2016-05-19,17:55:00,3.7,3.7,3.7,3.7,100,0
2016-05-19,18:05:00,3.85,3.85,3.8,3.8,1900,0
2016-05-19,18:10:00,3.91,3.91,3.8401,3.8401,1200,0
2016-05-19,18:20:00,3.96,3.96,3.81,3.81,300,0
2016-05-19,18:25:00,3.8,3.8,3.8,3.8,300,0
2016-05-19,18:30:00,3.62,3.72,3.62,3.72,200,0
2016-05-19,18:40:00,3.67,3.67,3.67,3.67,300,0
2016-05-19,19:10:00,3.65,3.65,3.65,3.65,100,0
2016-05-19,19:20:00,3.74,3.75,3.74,3.75,300,0
2016-05-19,19:25:00,3.8,3.8,3.74,3.74,200,0
2016-05-19,19:30:00,3.7,3.7,3.7,3.7,100,0
2016-05-19,19:45:00,3.75,3.75,3.75,3.75,200,0
2016-05-19,19:50:00,3.7,3.78,3.7,3.78,2806,0
2016-05-19,20:10:00,3.71,3.71,3.71,3.71,100,0
2016-05-19,20:35:00,3.72,3.8,3.72,3.8,200,0
2016-05-19,20:40:00,3.7,3.7399,3.65,3.65,12700,0
2016-05-19,20:45:00,3.65,3.65,3.52,3.61,10100,0
2016-05-19,20:50:00,3.63,3.69,3.5201,3.66,10490,0
2016-05-19,20:55:00,3.55,3.67,3.55,3.67,700,0
2016-05-19,21:00:00,3.69,3.8,3.67,3.7517,2800,0
2016-05-19,21:05:00,3.68,3.7799,3.68,3.7799,3300,0
2016-05-19,21:10:00,3.74,3.8,3.74,3.8,2100,0
2016-05-19,21:15:00,3.84,3.96,3.73,3.86,5000,0
2016-05-19,21:25:00,3.88,3.92,3.84,3.89,4000,0
2016-05-19,21:30:00,3.89,4.1,3.88,4.08,11600,0
2016-05-19,21:35:00,4.1,4.2,3.99,3.99,5800,0
2016-05-19,21:40:00,4.04,4.05,4,4.01,7700,0
2016-05-19,21:45:00,4.03,4.07,4.02,4.02,6197,0
2016-05-19,21:50:00,4.07,4.14,4.07,4.14,5100,0
2016-05-19,21:55:00,4.07,4.07,4.04,4.04,200,0
2016-05-19,22:00:00,4.07,4.08,4.03,4.07,2557,0
2016-05-20,15:35:00,4.06,4.12,4.06,4.12,770,0
2016-05-20,15:40:00,4.11,4.11,4.1,4.1,500,0
2016-05-20,15:45:00,4.14,4.1599,4.13,4.13,1225,0
2016-05-20,15:50:00,4.15,4.15,4.035,4.15,2400,0
2016-05-20,16:05:00,4.1899,4.1899,4.1899,4.1899,2500,0
2016-05-20,16:15:00,4.0916,4.0916,4.0916,4.0916,2470,0
2016-05-20,16:25:00,4.19,4.19,4.19,4.19,100,0
2016-05-20,16:30:00,4.118,4.19,4.118,4.19,437,0
2016-05-20,16:35:00,4.19,4.34,4.17,4.34,7600,0
2016-05-20,16:40:00,4.34,4.4,4.27,4.32,24501,0
2016-05-20,16:45:00,4.31,4.38,4.3,4.3672,2500,0
2016-05-20,16:55:00,4.34,4.35,4.305,4.3491,1300,0
2016-05-20,17:05:00,4.26,4.33,4.26,4.33,300,0
2016-05-20,17:10:00,4.26,4.34,4.24,4.33,7195,0
2016-05-20,17:25:00,4.34,4.34,4.25,4.25,8080,0
2016-05-20,17:30:00,4.34,4.34,4.24,4.24,5420,0
2016-05-20,17:45:00,4.23,4.23,4.23,4.23,100,0
2016-05-20,17:50:00,4.3,4.32,4.29,4.3,10200,0
2016-05-20,18:00:00,4.2,4.2,4.2,4.2,100,0
2016-05-20,18:10:00,4.25,4.25,4.25,4.25,100,0
2016-05-20,18:15:00,4.2133,4.2133,4.2133,4.2133,250,0
2016-05-20,18:20:00,4.2,4.25,4.2,4.25,200,0
2016-05-20,18:25:00,4.25,4.25,4.25,4.25,700,0
2016-05-20,18:30:00,4.225,4.225,4.2,4.2,3150,0
2016-05-20,18:35:00,4.07,4.07,4.07,4.07,100,0
2016-05-20,18:45:00,4.18,4.18,4.15,4.16,300,0
2016-05-20,18:50:00,4.175,4.175,4.175,4.175,250,0
2016-05-20,18:55:00,4.1155,4.1155,4.1155,4.1155,3000,0
2016-05-20,19:05:00,4.12,4.12,4.12,4.12,100,0
2016-05-20,19:25:00,4.08,4.08,4.07,4.07,200,0
2016-05-20,19:50:00,4.1,4.1,4.1,4.1,100,0
2016-05-20,20:00:00,4.08,4.08,4.07,4.07,200,0
2016-05-20,20:15:00,4.08,4.08,4.08,4.08,100,0
2016-05-20,20:25:00,4.17,4.19,4.17,4.19,200,0
2016-05-20,20:30:00,4.09,4.09,4.09,4.09,200,0
2016-05-20,20:55:00,4.1,4.1,4.1,4.1,100,0
2016-05-20,21:00:00,4.1,4.1,4.1,4.1,100,0
2016-05-20,21:05:00,4.11,4.11,4.11,4.11,100,0
2016-05-20,21:25:00,4.11,4.11,4.11,4.11,200,0
2016-05-20,21:40:00,4.18,4.18,4.12,4.12,200,0
2016-05-20,21:45:00,4.13,4.14,4.13,4.14,600,0
2016-05-20,21:50:00,4.14,4.14,4.14,4.14,200,0
2016-05-20,21:55:00,4.15,4.15,4.15,4.15,200,0
2016-05-20,22:00:00,4.15,4.1999,4.07,4.11,808,0
2016-05-23,15:45:00,4.3,4.3,4.3,4.3,100,0
2016-05-23,16:20:00,4.1534,4.1534,4.1534,4.1534,285,0
2016-05-23,16:35:00,4.1201,4.1201,4.12,4.12,1400,0
2016-05-23,16:50:00,4.11,4.11,4.11,4.11,100,0
2016-05-23,17:00:00,4.126,4.126,4.126,4.126,100,0
2016-05-23,17:10:00,4.07,4.07,4.07,4.07,200,0
2016-05-23,17:20:00,4.07,4.07,4.07,4.07,200,0
2016-05-23,17:35:00,4.07,4.0964,4.07,4.08,800,0
2016-05-23,17:40:00,4.07,4.07,3.97,3.97,200,0
2016-05-23,17:45:00,4.08,4.08,4.08,4.08,100,0
2016-05-23,17:55:00,3.96,3.96,3.96,3.96,100,0
2016-05-23,18:05:00,3.97,3.97,3.97,3.97,100,0
2016-05-23,18:25:00,4.05,4.05,3.97,3.97,600,0
2016-05-23,18:50:00,3.96,3.96,3.96,3.96,100,0
2016-05-23,19:20:00,4,4.04,4,4.04,1200,0
2016-05-23,19:25:00,4,4.02,4,4.02,2700,0
2016-05-23,19:30:00,3.98,3.98,3.98,3.98,100,0
2016-05-23,19:40:00,4.01,4.01,3.97,3.97,338,0
2016-05-23,19:55:00,3.99,3.99,3.99,3.99,100,0
2016-05-23,20:00:00,4.01,4.01,3.99,4.01,300,0
2016-05-23,20:05:00,4.04,4.04,4.04,4.04,100,0
2016-05-23,20:20:00,4.01,4.01,4.01,4.01,100,0
2016-05-23,20:25:00,4.01,4.01,4.01,4.01,100,0
2016-05-23,20:30:00,4.05,4.05,4.01,4.01,1100,0
2016-05-23,20:45:00,4.02,4.02,4.02,4.02,100,0
2016-05-23,20:55:00,3.99,3.99,3.99,3.99,100,0
2016-05-23,21:05:00,4,4,4,4,100,0
2016-05-23,21:10:00,4,4.03,4,4.03,200,0
2016-05-23,21:15:00,4,4,4,4,100,0
2016-05-23,21:25:00,4,4,4,4,100,0
2016-05-23,21:30:00,4,4,4,4,100,0
2016-05-23,21:40:00,4,4,4,4,100,0
2016-05-23,21:45:00,4.0399,4.0399,4,4.0101,900,0
2016-05-23,21:50:00,4,4.0101,4,4.0101,300,0
2016-05-23,21:55:00,4.04,4.04,4.04,4.04,200,0
2016-05-23,22:00:00,4.01,4.05,4.01,4.05,2900,0
2016-05-24,15:35:00,4.04,4.0558,4.04,4.0558,546,0
2016-05-24,15:45:00,4,4,3.8701,3.8701,1800,0
2016-05-24,15:50:00,3.9,3.9,3.9,3.9,100,0
2016-05-24,15:55:00,3.9001,3.9001,3.9001,3.9001,4000,0
2016-05-24,16:10:00,3.99,3.9992,3.99,3.9992,900,0
2016-05-24,16:20:00,4,4,4,4,500,0
2016-05-24,16:40:00,4,4.0001,4,4,3100,0
2016-05-24,16:55:00,4,4,4,4,100,0
2016-05-24,17:00:00,4.05,4.05,4.05,4.05,100,0
2016-05-24,17:10:00,4.05,4.05,4.05,4.05,100,0
2016-05-24,17:15:00,4.05,4.05,4.05,4.05,100,0
2016-05-24,17:50:00,4.01,4.01,4.01,4.01,100,0
2016-05-24,18:35:00,4.01,4.01,4.01,4.01,100,0
2016-05-24,18:40:00,4.049,4.05,4.01,4.01,1111,0
2016-05-24,19:50:00,4.01,4.01,4.01,4.01,100,0
2016-05-24,20:00:00,3.95,3.95,3.95,3.95,100,0
2016-05-24,20:05:00,3.98,3.98,3.98,3.98,250,0
2016-05-24,20:15:00,3.9231,3.95,3.9,3.9,2540,0
2016-05-24,20:45:00,3.9,3.9,3.9,3.9,100,0
2016-05-24,20:55:00,3.99,3.99,3.99,3.99,100,0
2016-05-24,21:10:00,3.91,3.91,3.91,3.91,100,0
2016-05-24,21:45:00,3.92,4,3.92,4,200,0
2016-05-24,21:55:00,3.9565,3.9565,3.9565,3.9565,500,0
2016-05-24,22:00:00,3.94,3.99,3.92,3.93,1184,0
2016-05-25,15:40:00,3.9245,3.9245,3.88,3.88,630,0
2016-05-25,15:45:00,3.97,3.97,3.97,3.97,100,0
2016-05-25,16:30:00,3.91,3.9101,3.77,3.78,2683,0
2016-05-25,16:45:00,3.9292,3.9292,3.9292,3.9292,1000,0
2016-05-25,17:05:00,3.99,3.99,3.99,3.99,200,0
2016-05-25,17:45:00,3.99,3.99,3.99,3.99,100,0
2016-05-25,18:25:00,3.99,3.99,3.99,3.99,100,0
2016-05-25,18:45:00,3.99,3.99,3.99,3.99,100,0
2016-05-25,18:55:00,3.97,3.99,3.97,3.99,400,0
2016-05-25,19:20:00,3.9649,3.9649,3.9649,3.9649,200,0
2016-05-25,19:25:00,3.95,3.95,3.95,3.95,1000,0
2016-05-25,19:40:00,3.99,3.99,3.91,3.95,1000,0
2016-05-25,19:50:00,3.98,3.98,3.96,3.96,200,0
2016-05-25,20:00:00,3.951,3.951,3.951,3.951,750,0
2016-05-25,20:15:00,3.962,3.962,3.962,3.962,500,0
2016-05-25,20:45:00,3.95,3.95,3.95,3.95,100,0
2016-05-25,21:15:00,3.938,3.938,3.938,3.938,1000,0
2016-05-25,21:30:00,3.99,3.99,3.99,3.99,100,0
2016-05-25,21:50:00,3.94,3.94,3.94,3.94,300,0
2016-05-25,21:55:00,3.94,3.94,3.94,3.94,697,0
2016-05-25,22:00:00,3.96,4.01,3.96,4.01,2071,0
2016-05-26,15:35:00,3.98,3.98,3.98,3.98,200,0
2016-05-26,15:40:00,3.91,3.91,3.9,3.9,300,0
2016-05-26,15:55:00,3.92,3.92,3.9156,3.9156,1100,0
2016-05-26,16:05:00,3.91,3.91,3.91,3.91,100,0
2016-05-26,16:10:00,3.91,3.9101,3.9,3.9,1200,0
2016-05-26,16:15:00,3.9,3.9,3.9,3.9,200,0
2016-05-26,16:20:00,3.9,3.9,3.9,3.9,200,0
2016-05-26,16:25:00,3.91,3.91,3.91,3.91,100,0
2016-05-26,16:40:00,3.94,3.94,3.94,3.94,800,0
2016-05-26,17:00:00,3.94,3.94,3.94,3.94,100,0
2016-05-26,17:05:00,3.98,3.99,3.98,3.99,200,0
2016-05-26,17:10:00,3.9899,3.9899,3.9899,3.9899,1000,0
2016-05-26,17:20:00,3.9899,3.9899,3.9899,3.9899,250,0
2016-05-26,17:30:00,3.9411,3.9411,3.845,3.845,2868,0
2016-05-26,18:00:00,3.9399,3.94,3.9399,3.94,1329,0
2016-05-26,18:15:00,3.9028,3.94,3.9,3.94,1700,0
2016-05-26,18:20:00,3.95,3.95,3.95,3.95,100,0
2016-05-26,18:35:00,3.95,3.95,3.95,3.95,100,0
2016-05-26,18:50:00,3.92,3.92,3.92,3.92,200,0
2016-05-26,19:05:00,3.9001,3.9001,3.9001,3.9001,1800,0
2016-05-26,19:10:00,3.9199,3.9199,3.9,3.9,1700,0
2016-05-26,19:50:00,3.9,3.9,3.9,3.9,100,0
2016-05-26,21:00:00,3.8698,3.8698,3.865,3.865,200,0
2016-05-26,21:10:00,3.89,3.89,3.89,3.89,100,0
2016-05-26,21:15:00,3.85,3.85,3.85,3.85,100,0
2016-05-26,21:35:00,3.83,3.84,3.82,3.83,1200,0
2016-05-26,21:50:00,3.89,3.89,3.89,3.89,430,0
2016-05-26,22:00:00,3.88,3.9,3.88,3.9,300,0
2016-05-27,16:00:00,3.8632,3.99,3.8632,3.99,2100,0
2016-05-27,16:15:00,3.99,3.99,3.99,3.99,100,0
2016-05-27,17:10:00,3.95,3.95,3.95,3.95,100,0
2016-05-27,17:25:00,3.95,3.95,3.9,3.9,400,0
2016-05-27,17:30:00,3.9,3.96,3.9,3.96,200,0
2016-05-27,17:35:00,3.96,3.96,3.951,3.951,200,0
2016-05-27,17:40:00,3.91,3.96,3.91,3.96,200,0
2016-05-27,17:55:00,3.93,3.945,3.93,3.945,1300,0
2016-05-27,18:10:00,3.96,3.96,3.96,3.96,100,0
2016-05-27,18:40:00,3.95,3.95,3.93,3.9308,3200,0
2016-05-27,18:45:00,3.95,3.95,3.93,3.93,2200,0
2016-05-27,18:55:00,3.95,3.95,3.95,3.95,200,0
2016-05-27,19:00:00,3.93,3.945,3.93,3.945,800,0
2016-05-27,19:25:00,3.95,3.95,3.93,3.93,2200,0
2016-05-27,19:40:00,3.97,3.97,3.97,3.97,200,0
2016-05-27,19:50:00,3.97,3.97,3.97,3.97,100,0
2016-05-27,20:00:00,3.965,3.965,3.94,3.94,515,0
2016-05-27,20:05:00,3.9599,3.97,3.9599,3.97,300,0
2016-05-27,20:20:00,3.9655,3.9655,3.9655,3.9655,100,0
2016-05-27,20:40:00,3.97,3.97,3.94,3.96,300,0
2016-05-27,20:55:00,3.95,3.96,3.93,3.9408,3950,0
2016-05-27,21:05:00,3.96,3.96,3.96,3.96,100,0
2016-05-27,21:10:00,3.95,3.95,3.93,3.9425,3850,0
2016-05-27,21:25:00,3.95,3.95,3.93,3.95,5400,0
2016-05-27,21:40:00,3.95,3.95,3.95,3.95,100,0
2016-05-27,21:50:00,3.93,3.95,3.93,3.95,300,0
2016-05-27,21:55:00,3.95,3.95,3.95,3.95,498,0
2016-05-27,22:00:00,3.97,3.97,3.96,3.97,2967,0
2016-05-31,15:35:00,3.95,3.95,3.95,3.95,1150,0
2016-05-31,15:45:00,3.9993,3.9993,3.9993,3.9993,500,0
2016-05-31,16:05:00,4,4,4,4,200,0
2016-05-31,16:35:00,4,4,4,4,1800,0
2016-05-31,16:50:00,4.15,4.15,4.145,4.145,567,0
2016-05-31,17:05:00,4.15,4.15,4.15,4.15,100,0
2016-05-31,17:10:00,3.98,3.98,3.98,3.98,200,0
2016-05-31,17:20:00,3.9601,3.975,3.95,3.95,13074,0
2016-05-31,17:30:00,3.96,4.09,3.96,3.96,1700,0
2016-05-31,17:35:00,3.96,3.965,3.93,3.965,600,0
2016-05-31,17:40:00,3.97,3.97,3.97,3.97,100,0
2016-05-31,18:05:00,4,4,4,4,100,0
2016-05-31,18:10:00,4.01,4.01,4.01,4.01,200,0
2016-05-31,19:10:00,4.01,4.01,4.01,4.01,100,0
2016-05-31,19:20:00,3.97,4.01,3.97,4.01,300,0
2016-05-31,19:55:00,4.01,4.01,4.01,4.01,100,0
2016-05-31,20:45:00,4.01,4.01,4.01,4.01,100,0
2016-05-31,21:15:00,4.01,4.01,4.01,4.01,100,0
2016-05-31,21:30:00,4.01,4.01,4.01,4.01,100,0
2016-05-31,21:45:00,4.01,4.01,4.01,4.01,100,0
2016-05-31,21:50:00,4.009,4.009,4.009,4.009,913,0
2016-05-31,21:55:00,3.98,3.98,3.98,3.98,200,0
2016-05-31,22:00:00,3.98,4,3.97,4,500,0
2016-06-01,15:40:00,4,4,3.9201,3.955,2100,0
2016-06-01,15:55:00,3.9201,3.9201,3.9201,3.9201,2000,0
2016-06-01,16:45:00,3.97,3.97,3.97,3.97,300,0
2016-06-01,16:50:00,4,4,4,4,700,0
2016-06-01,16:55:00,3.95,3.95,3.95,3.95,100,0
2016-06-01,17:15:00,3.99,3.99,3.99,3.99,100,0
2016-06-01,17:25:00,3.97,3.97,3.97,3.97,100,0
2016-06-01,18:00:00,4,4,3.97,3.97,200,0
2016-06-01,19:20:00,3.99,3.99,3.99,3.99,100,0
2016-06-01,19:30:00,3.9701,3.9701,3.97,3.97,2200,0
2016-06-01,19:50:00,3.97,3.9999,3.97,3.9999,900,0
2016-06-01,19:55:00,4,4,4,4,100,0
2016-06-01,20:00:00,3.9999,3.9999,3.9999,3.9999,100,0
2016-06-01,20:15:00,3.985,3.985,3.985,3.985,5000,0
2016-06-01,20:20:00,3.97,3.97,3.97,3.97,100,0
2016-06-01,20:40:00,3.95,3.95,3.95,3.95,300,0
2016-06-01,20:50:00,3.94,3.94,3.94,3.94,100,0
2016-06-01,20:55:00,3.955,3.955,3.9301,3.955,700,0
2016-06-01,21:10:00,3.98,3.98,3.98,3.98,100,0
2016-06-01,21:35:00,3.96,4,3.95,3.955,800,0
2016-06-01,21:40:00,3.93,3.96,3.93,3.96,500,0
2016-06-01,21:45:00,3.97,3.985,3.97,3.98,700,0
2016-06-01,21:50:00,3.975,4,3.9501,3.98,900,0
2016-06-01,21:55:00,4,4,3.99,3.99,300,0
2016-06-01,22:00:00,4,4,4,4,300,0
2016-06-02,16:00:00,3.96,4,3.96,4,2900,0
2016-06-02,16:05:00,3.95,4.05,3.95,4.05,3379,0
2016-06-02,16:10:00,4.05,4.1,4.03,4.1,1550,0
2016-06-02,16:15:00,4.04,4.04,3.98,3.99,3496,0
2016-06-02,16:20:00,4,4.1,4,4.1,2920,0
2016-06-02,16:25:00,4.02,4.02,3.98,3.98,1620,0
2016-06-02,16:30:00,4.02,4.02,4,4.02,2000,0
2016-06-02,16:35:00,4.02,4.04,3.98,4,1800,0
2016-06-02,16:40:00,4.05,4.06,4.05,4.06,1100,0
2016-06-02,16:45:00,4,4.01,3.98,3.98,500,0
2016-06-02,16:50:00,4.01,4.01,3.98,4,2800,0
2016-06-02,16:55:00,4.01,4.05,4,4.05,1600,0
2016-06-02,17:00:00,4.08,4.1,4.08,4.1,200,0
2016-06-02,17:05:00,4.07,4.08,4,4,1900,0
2016-06-02,17:10:00,4.02,4.05,4,4.02,5900,0
2016-06-02,17:15:00,4.02,4.1,4.01,4.06,4000,0
2016-06-02,17:25:00,4.08,4.08,4.08,4.08,200,0
2016-06-02,17:55:00,4.09,4.09,4.09,4.09,100,0
2016-06-02,18:10:00,4.11,4.11,4.11,4.11,100,0
2016-06-02,19:45:00,4.09,4.09,4.09,4.09,100,0
2016-06-02,19:50:00,4.0368,4.0368,4.0368,4.0368,2500,0
2016-06-02,20:30:00,4.06,4.06,4.05,4.06,2000,0
2016-06-02,20:35:00,4.08,4.08,4.06,4.08,650,0
2016-06-02,21:00:00,4.1,4.11,4.1,4.1,1000,0
2016-06-02,21:30:00,4.11,4.11,4.11,4.11,400,0
2016-06-02,21:35:00,4.11,4.11,4.11,4.11,100,0
2016-06-02,21:55:00,4.11,4.11,4.11,4.11,200,0
2016-06-02,22:00:00,4.11,4.15,4.1,4.1499,1400,0
2016-06-03,15:35:00,4.1,4.1,4.1,4.1,102,0
2016-06-03,16:15:00,4.0601,4.0601,4.0601,4.0601,250,0
2016-06-03,17:35:00,4.0801,4.0801,4.0801,4.0801,200,0
2016-06-03,18:50:00,4.1,4.1,4.1,4.1,200,0
2016-06-03,19:10:00,4.1,4.1,4.1,4.1,300,0
2016-06-03,19:55:00,4.13,4.13,4.13,4.13,100,0
2016-06-03,20:05:00,4.14,4.14,4.14,4.14,100,0
2016-06-03,20:10:00,4.11,4.11,4.11,4.11,100,0
2016-06-03,20:45:00,4.11,4.11,4.11,4.11,100,0
2016-06-03,20:55:00,4.05,4.05,4.05,4.05,100,0
2016-06-03,21:00:00,4.14,4.14,4.14,4.14,100,0
2016-06-03,21:15:00,4.122,4.14,4.122,4.14,300,0
2016-06-03,21:30:00,4.11,4.11,4.11,4.11,100,0
2016-06-03,21:35:00,4.12,4.12,4.12,4.12,100,0
2016-06-03,21:50:00,4.085,4.085,4.085,4.085,100,0
2016-06-03,21:55:00,4.07,4.07,4.07,4.07,100,0
2016-06-03,22:00:00,4.05,4.05,3.96,4.04,500,0
2016-06-06,15:35:00,4.04,4.04,4.04,4.04,415,0
2016-06-06,15:45:00,4.15,4.15,4.15,4.15,100,0
2016-06-06,15:55:00,4.1395,4.24,4.1279,4.1279,13000,0
2016-06-06,16:25:00,4.1632,4.2,4.1632,4.2,1800,0
2016-06-06,16:35:00,4.2,4.25,4.18,4.2,2400,0
2016-06-06,16:40:00,4.2,4.2,4.2,4.2,800,0
2016-06-06,16:55:00,4.22,4.24,4.22,4.24,400,0
2016-06-06,17:00:00,4.21,4.21,4.21,4.21,300,0
2016-06-06,17:10:00,4.13,4.13,4.13,4.13,100,0
2016-06-06,18:05:00,4.25,4.25,4.25,4.25,100,0
2016-06-06,18:20:00,4.2101,4.2101,4.2101,4.2101,250,0
2016-06-06,18:25:00,4.24,4.24,4.24,4.24,100,0
2016-06-06,18:35:00,4.24,4.24,4.24,4.24,100,0
2016-06-06,18:45:00,4.21,4.32,4.21,4.32,6728,0
2016-06-06,18:50:00,4.27,4.31,4.27,4.31,400,0
2016-06-06,18:55:00,4.31,4.32,4.286,4.286,4100,0
2016-06-06,19:00:00,4.2801,4.32,4.2801,4.32,1600,0
2016-06-06,19:05:00,4.3038,4.3038,4.3038,4.3038,855,0
2016-06-06,19:10:00,4.32,4.32,4.31,4.31,400,0
2016-06-06,19:15:00,4.31,4.31,4.31,4.31,100,0
2016-06-06,19:25:00,4.31,4.31,4.31,4.31,200,0
2016-06-06,19:30:00,4.31,4.31,4.31,4.31,100,0
2016-06-06,19:45:00,4.31,4.31,4.31,4.31,100,0
2016-06-06,19:50:00,4.31,4.31,4.31,4.31,100,0
2016-06-06,19:55:00,4.31,4.31,4.29,4.3,700,0
2016-06-06,20:10:00,4.29,4.31,4.29,4.31,200,0
2016-06-06,20:35:00,4.29,4.29,4.25,4.25,900,0
2016-06-06,21:20:00,4.25,4.25,4.21,4.21,500,0
2016-06-06,21:30:00,4.249,4.25,4.222,4.25,1350,0
2016-06-06,21:35:00,4.26,4.26,4.26,4.26,4400,0
2016-06-06,21:40:00,4.24,4.24,4.24,4.24,100,0
2016-06-06,21:50:00,4.26,4.26,4.2476,4.2549,3900,0
2016-06-06,21:55:00,4.26,4.26,4.26,4.26,100,0
2016-06-06,22:00:00,4.25,4.25,4.24,4.25,1210,0
2016-06-07,15:35:00,4.25,4.25,4.25,4.25,300,0
2016-06-07,16:10:00,4.22,4.22,4.22,4.22,100,0
2016-06-07,16:15:00,4.22,4.2234,4.192,4.2234,500,0
2016-06-07,16:20:00,4.21,4.21,4.21,4.21,100,0
2016-06-07,16:25:00,4.21,4.21,4.21,4.21,100,0
2016-06-07,16:35:00,4.2101,4.2101,4.2101,4.2101,300,0
2016-06-07,16:40:00,4.2472,4.25,4.2472,4.25,1400,0
2016-06-07,16:55:00,4.223,4.23,4.223,4.23,200,0
2016-06-07,17:00:00,4.22,4.22,4.22,4.22,100,0
2016-06-07,17:15:00,4.2172,4.2172,4.2172,4.2172,110,0
2016-06-07,17:35:00,4.2101,4.2101,4.21,4.21,2600,0
2016-06-07,17:50:00,4.2499,4.2499,4.2499,4.2499,1000,0
2016-06-07,18:00:00,4.2479,4.25,4.2315,4.2315,2800,0
2016-06-07,18:10:00,4.249,4.25,4.232,4.232,1425,0
2016-06-07,18:15:00,4.22,4.22,4.21,4.21,1800,0
2016-06-07,19:35:00,4.2108,4.2108,4.2108,4.2108,100,0
2016-06-07,19:50:00,4.23,4.23,4.23,4.23,100,0
2016-06-07,19:55:00,4.21,4.21,4.21,4.21,100,0
2016-06-07,20:00:00,4.21,4.21,4.2,4.2,3800,0
2016-06-07,20:15:00,4.1701,4.1701,4.16,4.16,2900,0
2016-06-07,20:35:00,4.184,4.184,4.184,4.184,110,0
2016-06-07,20:55:00,4.16,4.16,4.16,4.16,200,0
2016-06-07,21:00:00,4.21,4.21,4.21,4.21,100,0
2016-06-07,21:35:00,4.2,4.2,4.2,4.2,100,0
2016-06-07,21:50:00,4.2,4.2,4.16,4.16,300,0
2016-06-07,21:55:00,4.16,4.16,4.16,4.16,100,0
2016-06-07,22:00:00,4.16,4.19,4.16,4.19,310,0
2016-06-08,15:40:00,4.21,4.21,4.21,4.21,100,0
2016-06-08,15:45:00,4.21,4.21,4.21,4.21,100,0
2016-06-08,15:50:00,4.22,4.23,4.22,4.2299,700,0
2016-06-08,15:55:00,4.23,4.23,4.2299,4.2299,4000,0
2016-06-08,16:10:00,4.23,4.23,4.23,4.23,100,0
2016-06-08,16:30:00,4.2099,4.2099,4.2099,4.2099,1433,0
2016-06-08,16:40:00,4.1956,4.2099,4.1956,4.2099,1500,0
2016-06-08,17:25:00,4.23,4.23,4.23,4.23,100,0
2016-06-08,17:35:00,4.2173,4.2173,4.2173,4.2173,500,0
2016-06-08,17:50:00,4.227,4.227,4.227,4.227,500,0
2016-06-08,18:10:00,4.23,4.25,4.2299,4.25,11892,0
2016-06-08,18:20:00,4.29,4.29,4.29,4.29,300,0
2016-06-08,18:30:00,4.2988,4.2988,4.2988,4.2988,294,0
2016-06-08,18:55:00,4.3189,4.33,4.3179,4.33,1100,0
2016-06-08,19:00:00,4.36,4.4,4.35,4.4,6750,0
2016-06-08,19:15:00,4.49,4.49,4.49,4.49,200,0
2016-06-08,19:20:00,4.49,4.49,4.43,4.43,1400,0
2016-06-08,19:50:00,4.368,4.368,4.368,4.368,1000,0
2016-06-08,20:20:00,4.38,4.38,4.38,4.38,100,0
2016-06-08,20:35:00,4.37,4.37,4.34,4.34,984,0
2016-06-08,21:40:00,4.39,4.39,4.39,4.39,100,0
2016-06-08,21:55:00,4.39,4.39,4.39,4.39,100,0
2016-06-08,22:00:00,4.39,4.39,4.35,4.35,300,0
2016-06-09,15:35:00,4.35,4.35,4.35,4.35,1842,0
2016-06-09,15:40:00,4.39,4.39,4.39,4.39,500,0
2016-06-09,15:45:00,4.39,4.4,4.39,4.4,700,0
2016-06-09,15:55:00,4.395,4.395,4.3903,4.3903,1100,0
2016-06-09,16:00:00,4.495,4.495,4.4836,4.4836,2200,0
2016-06-09,16:10:00,4.405,4.405,4.405,4.405,200,0
2016-06-09,16:25:00,4.44,4.44,4.44,4.44,100,0
2016-06-09,16:45:00,4.4,4.4,4.4,4.4,100,0
2016-06-09,16:55:00,4.4499,4.4499,4.41,4.41,1600,0
2016-06-09,17:00:00,4.4,4.4,4.4,4.4,400,0
2016-06-09,17:05:00,4.39,4.39,4.39,4.39,100,0
2016-06-09,17:20:00,4.4499,4.4499,4.39,4.39,1050,0
2016-06-09,17:30:00,4.4111,4.4111,4.39,4.39,3606,0
2016-06-09,17:35:00,4.39,4.39,4.39,4.39,200,0
2016-06-09,17:50:00,4.39,4.39,4.39,4.39,100,0
2016-06-09,18:00:00,4.44,4.44,4.44,4.44,100,0
2016-06-09,18:25:00,4.4,4.4399,4.29,4.29,9466,0
2016-06-09,18:30:00,4.29,4.29,4.29,4.29,100,0
2016-06-09,18:35:00,4.3,4.31,4.3,4.31,200,0
2016-06-09,18:40:00,4.31,4.31,4.31,4.31,100,0
2016-06-09,18:50:00,4.31,4.31,4.31,4.31,100,0
2016-06-09,19:30:00,4.3,4.43,4.3,4.3,400,0
2016-06-09,19:55:00,4.43,4.43,4.43,4.43,100,0
2016-06-09,20:15:00,4.32,4.42,4.32,4.42,200,0
2016-06-09,20:20:00,4.44,4.44,4.44,4.44,100,0
2016-06-09,20:25:00,4.39,4.39,4.39,4.39,100,0
2016-06-09,20:35:00,4.34,4.34,4.34,4.34,100,0
2016-06-09,20:40:00,4.34,4.34,4.34,4.34,100,0
2016-06-09,21:00:00,4.3,4.3,4.3,4.3,100,0
2016-06-09,21:30:00,4.3,4.3,4.3,4.3,100,0
2016-06-09,21:40:00,4.3,4.3,4.3,4.3,100,0
2016-06-09,21:45:00,4.3,4.3,4.3,4.3,100,0
2016-06-09,21:50:00,4.31,4.39,4.31,4.39,200,0
2016-06-09,21:55:00,4.32,4.32,4.31,4.31,200,0
2016-06-09,22:00:00,4.31,4.34,4.31,4.31,400,0
2016-06-10,15:35:00,4.26,4.262,4.22,4.22,3741,0
2016-06-10,15:55:00,4.1801,4.1801,4.1801,4.1801,200,0
2016-06-10,16:10:00,4.3,4.3,4.3,4.3,100,0
2016-06-10,17:05:00,4.31,4.31,4.31,4.31,100,0
2016-06-10,17:35:00,4.22,4.22,4.22,4.22,100,0
2016-06-10,17:45:00,4.3,4.3,4.3,4.3,100,0
2016-06-10,18:40:00,4.3,4.3,4.3,4.3,100,0
2016-06-10,19:40:00,4.3,4.3,4.3,4.3,100,0
2016-06-10,20:25:00,4.3,4.3,4.3,4.3,100,0
2016-06-10,20:45:00,4.31,4.31,4.31,4.31,100,0
2016-06-10,21:35:00,4.2728,4.31,4.2728,4.31,640,0
2016-06-10,21:50:00,4.3,4.3,4.3,4.3,100,0
2016-06-10,22:00:00,4.3,4.3,4.3,4.3,200,0
2016-06-13,16:05:00,4.43,4.43,4.41,4.41,200,0
2016-06-13,16:50:00,4.24,4.24,4.24,4.24,300,0
2016-06-13,17:15:00,4.32,4.32,4.32,4.32,100,0
2016-06-13,17:25:00,4.34,4.34,4.34,4.34,100,0
2016-06-13,17:50:00,4.32,4.32,4.32,4.32,100,0
2016-06-13,17:55:00,4.33,4.33,4.33,4.33,100,0
2016-06-13,18:20:00,4.32,4.32,4.32,4.32,100,0
2016-06-13,18:30:00,4.32,4.32,4.32,4.32,100,0
2016-06-13,18:35:00,4.219,4.219,4.219,4.219,1000,0
2016-06-13,18:40:00,4.2123,4.2123,4.2123,4.2123,100,0
2016-06-13,18:45:00,4.3,4.3,4.3,4.3,100,0
2016-06-13,18:50:00,4.24,4.24,4.24,4.24,100,0
2016-06-13,18:55:00,4.23,4.23,4.23,4.23,500,0
2016-06-13,19:00:00,4.3199,4.3199,4.3199,4.3199,1000,0
2016-06-13,19:15:00,4.3178,4.3178,4.3178,4.3178,1000,0
2016-06-13,19:20:00,4.35,4.35,4.35,4.35,100,0
2016-06-13,19:45:00,4.27,4.27,4.27,4.27,100,0
2016-06-13,19:50:00,4.35,4.35,4.35,4.35,100,0
2016-06-13,20:15:00,4.26,4.26,4.26,4.26,100,0
2016-06-13,21:10:00,4.25,4.25,4.25,4.25,100,0
2016-06-13,21:45:00,4.2401,4.2401,4.2401,4.2401,1000,0
2016-06-13,21:50:00,4.25,4.25,4.25,4.25,100,0
2016-06-13,22:00:00,4.24,4.25,4.24,4.25,300,0
2016-06-14,15:35:00,4.24,4.24,4.24,4.24,399,0
2016-06-14,15:50:00,4.2401,4.2401,4.17,4.17,4857,0
2016-06-14,15:55:00,4.16,4.16,4.16,4.16,815,0
2016-06-14,16:35:00,4.1498,4.1498,4.1498,4.1498,3000,0
2016-06-14,16:55:00,4.14,4.14,4.14,4.14,400,0
2016-06-14,17:00:00,4.13,4.14,4.13,4.14,1200,0
2016-06-14,17:25:00,4.11,4.11,4.021,4.021,3560,0
2016-06-14,17:30:00,4.05,4.065,4.05,4.05,1500,0
2016-06-14,17:35:00,4.0775,4.0775,4.0775,4.0775,313,0
2016-06-14,18:00:00,4.14,4.14,4.14,4.14,100,0
2016-06-14,18:20:00,4.08,4.08,4.08,4.08,100,0
2016-06-14,18:25:00,4.05,4.0725,4.05,4.0725,1900,0
2016-06-14,18:35:00,4.14,4.14,4.14,4.14,100,0
2016-06-14,19:30:00,4.09,4.09,4.09,4.09,500,0
2016-06-14,19:50:00,4.0601,4.0601,4.0601,4.0601,500,0
2016-06-14,19:55:00,4.09,4.09,4.09,4.09,100,0
2016-06-14,20:00:00,4.07,4.12,4.07,4.085,800,0
2016-06-14,20:15:00,4.09,4.09,4.09,4.09,100,0
2016-06-14,20:30:00,4.06,4.07,4.06,4.07,600,0
2016-06-14,20:40:00,4.095,4.095,4.095,4.095,500,0
2016-06-14,20:45:00,4.12,4.12,4.12,4.12,100,0
2016-06-14,21:05:00,4.12,4.12,4.12,4.12,100,0
2016-06-14,21:35:00,4.12,4.12,4.12,4.12,100,0
2016-06-14,21:50:00,4.12,4.12,4.12,4.12,100,0
2016-06-14,22:00:00,4.12,4.14,4.12,4.14,799,0
2016-06-15,15:35:00,4.1,4.1,4.08,4.08,851,0
2016-06-15,16:25:00,4.24,4.24,4.24,4.24,100,0
2016-06-15,17:05:00,4.178,4.178,4.14,4.14,3500,0
2016-06-15,17:10:00,4.23,4.23,4.23,4.23,100,0
2016-06-15,17:50:00,4.21,4.21,4.21,4.21,100,0
2016-06-15,17:55:00,4.17,4.17,4.15,4.15,300,0
2016-06-15,18:10:00,4.15,4.15,4.15,4.15,100,0
2016-06-15,19:10:00,4.13,4.15,4.13,4.14,500,0
2016-06-15,19:15:00,4.13,4.13,4.12,4.12,200,0
2016-06-15,19:20:00,4.18,4.18,4.18,4.18,100,0
2016-06-15,19:55:00,4.14,4.14,4.125,4.125,500,0
2016-06-15,20:05:00,4.13,4.13,4.13,4.13,100,0
2016-06-15,20:20:00,4.147,4.15,4.13,4.135,3900,0
2016-06-15,20:25:00,4.13,4.15,4.13,4.15,300,0
2016-06-15,20:40:00,4.125,4.125,4.125,4.125,100,0
2016-06-15,21:05:00,4.11,4.126,4.09,4.1,5200,0
2016-06-15,21:10:00,4.1198,4.1198,4.1198,4.1198,2450,0
2016-06-15,21:15:00,4.1,4.1,4.01,4.01,13000,0
2016-06-15,21:20:00,4.035,4.06,4,4.06,300,0
2016-06-15,21:40:00,4.12,4.12,4.04,4.04,1600,0
2016-06-15,21:50:00,4.07,4.07,4.07,4.07,200,0
2016-06-15,21:55:00,4.07,4.12,4.07,4.12,400,0
2016-06-15,22:00:00,4.12,4.23,4.12,4.23,548,0
2016-06-16,15:35:00,4.15,4.15,4.15,4.15,200,0
2016-06-16,15:40:00,4.14,4.1896,4.14,4.1896,350,0
2016-06-16,15:45:00,4.14,4.14,4.14,4.14,240,0
2016-06-16,16:15:00,4.0901,4.095,4.0901,4.095,1100,0
2016-06-16,16:20:00,4.0901,4.1,4.0901,4.1,2670,0
2016-06-16,16:35:00,4.1,4.1,4.1,4.1,330,0
2016-06-16,16:40:00,4.1,4.1,4.1,4.1,100,0
2016-06-16,16:50:00,4.11,4.11,4.11,4.11,100,0
2016-06-16,17:10:00,4.11,4.11,4.1,4.1,300,0
2016-06-16,17:40:00,4.13,4.13,4.13,4.13,100,0
2016-06-16,17:50:00,4.1001,4.1001,4.1,4.1,1100,0
2016-06-16,17:55:00,4.1,4.1175,4.05,4.09,2880,0
2016-06-16,18:30:00,4.09,4.12,4.09,4.12,300,0
2016-06-16,18:40:00,4.05,4.075,4.05,4.075,200,0
2016-06-16,19:00:00,4.1,4.1,4.1,4.1,100,0
2016-06-16,19:05:00,4.1,4.1,4.1,4.1,100,0
2016-06-16,19:10:00,4.12,4.12,4.12,4.12,100,0
2016-06-16,19:20:00,4.0902,4.1,4.09,4.1,700,0
2016-06-16,20:30:00,4.09,4.09,4.09,4.09,100,0
2016-06-16,20:50:00,4.1,4.1,4.0801,4.0801,1925,0
2016-06-16,21:00:00,4.11,4.11,4.095,4.095,200,0
2016-06-16,21:25:00,4.11,4.11,4.08,4.08,200,0
2016-06-16,21:30:00,4.1099,4.1099,4.08,4.08,450,0
2016-06-16,21:45:00,4.095,4.095,4.095,4.095,800,0
2016-06-16,22:00:00,4.11,4.24,4.07,4.24,604,0
2016-06-17,15:40:00,4.04,4.04,4.04,4.04,100,0
2016-06-17,16:05:00,4.02,4.02,4.02,4.02,500,0
2016-06-17,16:40:00,4.1,4.1,4.1,4.1,100,0
2016-06-17,16:45:00,4.1,4.1,4.1,4.1,200,0
2016-06-17,17:25:00,4.1,4.1,4.1,4.1,100,0
2016-06-17,18:05:00,4.11,4.11,4.11,4.11,100,0
2016-06-17,18:10:00,4.11,4.11,4.11,4.11,100,0
2016-06-17,18:25:00,4.11,4.11,4.11,4.11,100,0
2016-06-17,18:50:00,4.1929,4.1929,4.1929,4.1929,500,0
2016-06-17,19:50:00,4.16,4.16,4.15,4.15,200,0
2016-06-17,20:25:00,4.13,4.13,4.13,4.13,100,0
2016-06-17,20:45:00,4.12,4.12,4.12,4.12,100,0
2016-06-17,21:35:00,4.13,4.13,4.13,4.13,291,0
2016-06-17,21:55:00,4.06,4.1,4,4.1,9275,0
2016-06-17,22:00:00,4.07,4.14,4.07,4.08,20572,0
2016-06-20,15:45:00,4.1,4.1,4.1,4.1,145,0
2016-06-20,16:25:00,4.1,4.1,4.1,4.1,400,0
2016-06-20,17:40:00,4.1799,4.1799,4.17,4.17,1100,0
2016-06-20,18:10:00,4.17,4.17,4.17,4.17,200,0
2016-06-20,18:30:00,4.1201,4.17,4.1201,4.17,750,0
2016-06-20,19:20:00,4.15,4.15,4.15,4.15,100,0
2016-06-20,20:00:00,4.18,4.18,4.18,4.18,100,0
2016-06-20,21:25:00,4.2099,4.2099,4.2099,4.2099,600,0
2016-06-20,21:40:00,4.21,4.21,4.21,4.21,100,0
2016-06-20,22:00:00,4.17,4.2,4.17,4.2,400,0
2016-06-21,15:45:00,4.0101,4.0101,4.0101,4.0101,750,0
2016-06-21,16:40:00,4.1,4.1,4.1,4.1,230,0
2016-06-21,18:30:00,4.14,4.14,4.14,4.14,100,0
2016-06-21,21:20:00,4.1899,4.1899,4.1899,4.1899,1000,0
2016-06-21,21:55:00,4.15,4.15,4.15,4.15,100,0
2016-06-21,22:00:00,4.13,4.13,4.13,4.13,100,0
2016-06-22,16:25:00,4.15,4.15,4.15,4.15,100,0
2016-06-22,16:30:00,4.13,4.13,4.13,4.13,100,0
2016-06-22,16:55:00,4.14,4.14,4.14,4.14,100,0
2016-06-22,17:25:00,4.14,4.14,4.14,4.14,100,0
2016-06-22,17:35:00,4.14,4.14,4.14,4.14,100,0
2016-06-22,17:40:00,4.14,4.14,4.14,4.14,400,0
2016-06-22,17:45:00,4.14,4.14,4.14,4.14,1308,0
2016-06-22,22:00:00,4.15,4.15,4.15,4.15,300,0
2016-06-23,17:20:00,4.1127,4.1127,4.1127,4.1127,100,0
2016-06-23,17:40:00,4.13,4.13,4.13,4.13,1150,0
2016-06-23,17:45:00,4.1262,4.1262,4.1262,4.1262,1330,0
2016-06-23,17:50:00,4.09,4.138,4.09,4.138,5000,0
2016-06-23,19:10:00,4.17,4.17,4.17,4.17,100,0
2016-06-23,20:05:00,4.1201,4.1201,4.1201,4.1201,1000,0
2016-06-23,20:35:00,4.15,4.15,4.15,4.15,100,0
2016-06-23,21:10:00,4.1,4.1,4.1,4.1,200,0
2016-06-23,21:25:00,4.14,4.14,4.13,4.13,400,0
2016-06-23,21:40:00,4.14,4.14,4.14,4.14,150,0
2016-06-23,21:45:00,4.14,4.14,4.14,4.14,100,0
2016-06-23,21:50:00,4.13,4.13,4.13,4.13,300,0
2016-06-23,21:55:00,4.14,4.14,4.14,4.14,800,0
2016-06-23,22:00:00,4.15,4.15,4.11,4.11,235,0
2016-06-24,15:35:00,4.1,4.1,4.1,4.1,675,0
2016-06-24,15:40:00,4.046,4.046,4.046,4.046,500,0
2016-06-24,15:45:00,4.05,4.0505,4.05,4.0505,4386,0
2016-06-24,16:25:00,4.099,4.1,4.095,4.0996,4000,0
2016-06-24,17:10:00,4.0535,4.0535,4.0535,4.0535,200,0
2016-06-24,17:25:00,4.05,4.1,4.05,4.1,4105,0
2016-06-24,18:40:00,4.12,4.12,4.12,4.12,800,0
2016-06-24,18:45:00,4.12,4.12,4.12,4.12,1500,0
2016-06-24,19:20:00,4.14,4.14,4.14,4.14,200,0
2016-06-24,19:40:00,4.16,4.16,4.1483,4.1483,1107,0
2016-06-24,19:55:00,4.1041,4.1041,4.1041,4.1041,1330,0
2016-06-24,21:45:00,4.11,4.11,4.11,4.11,600,0
2016-06-24,21:50:00,4.11,4.11,4.11,4.11,600,0
2016-06-24,21:55:00,4.11,4.19,4.1,4.11,1693,0
2016-06-24,22:00:00,4.18,4.23,4.1508,4.23,11007,0
2016-06-27,15:55:00,4.0977,4.0977,4.0977,4.0977,500,0
2016-06-27,16:20:00,4.199,4.199,4.14,4.1988,1600,0
2016-06-27,17:05:00,4.1899,4.1899,4.1899,4.1899,500,0
2016-06-27,17:20:00,4.09,4.09,4.09,4.09,300,0
2016-06-27,20:55:00,4.14,4.14,4.14,4.14,100,0
2016-06-27,21:05:00,4.1001,4.1001,4.1,4.1,900,0
2016-06-27,21:10:00,4.09,4.1,4.09,4.1,200,0
2016-06-27,21:15:00,4.1,4.1,4.1,4.1,3667,0
2016-06-27,21:30:00,4.1,4.1016,4.1,4.1016,400,0
2016-06-27,21:35:00,4.1,4.1,4.1,4.1,100,0
2016-06-27,21:40:00,4.0932,4.11,4.0932,4.11,300,0
2016-06-27,21:45:00,4.11,4.11,4.11,4.11,100,0
2016-06-27,22:00:00,4.11,4.11,4.1,4.1,1596,0
2016-06-28,15:35:00,4.1,4.1,4.1,4.1,2500,0
2016-06-28,16:10:00,4.138,4.138,4.138,4.138,1252,0
2016-06-28,17:30:00,4.13,4.13,4.1,4.1,4270,0
2016-06-28,17:45:00,4.11,4.11,4.11,4.11,200,0
2016-06-28,17:50:00,4.12,4.12,4.12,4.12,400,0
2016-06-28,17:55:00,4.12,4.12,4.12,4.12,509,0
2016-06-28,18:00:00,4.12,4.12,4.12,4.12,400,0
2016-06-28,18:05:00,4.12,4.125,4.12,4.125,200,0
2016-06-28,18:10:00,4.12,4.12,4.12,4.12,100,0
2016-06-28,18:40:00,4.1057,4.1057,4.1057,4.1057,800,0
2016-06-28,19:00:00,4.12,4.12,4.12,4.12,250,0
2016-06-28,19:10:00,4.103,4.103,4.103,4.103,390,0
2016-06-28,19:40:00,4.1165,4.1165,4.1165,4.1165,400,0
2016-06-28,19:50:00,4.1129,4.1129,4.1,4.1,1200,0
2016-06-28,20:15:00,4.1129,4.12,4.1,4.12,2200,0
2016-06-28,20:20:00,4.1129,4.12,4.1,4.1,1400,0
2016-06-28,20:30:00,4.11,4.1193,4.06,4.1115,1800,0
2016-06-28,20:35:00,4.1115,4.1399,4.102,4.1086,1300,0
2016-06-28,20:40:00,4.07,4.13,4.05,4.13,1800,0
2016-06-28,20:45:00,4.1,4.13,4.07,4.1151,600,0
2016-06-28,20:50:00,4.07,4.14,4.07,4.14,2500,0
2016-06-28,22:00:00,4.19,4.19,4.19,4.19,100,0
2016-06-29,15:35:00,4.2,4.2,4.2,4.2,1000,0
2016-06-29,15:50:00,4.19,4.19,4.19,4.19,100,0
2016-06-29,16:30:00,4.2,4.2,4.19,4.19,499,0
2016-06-29,16:35:00,4.2,4.2,4.2,4.2,300,0
2016-06-29,16:40:00,4.2,4.2,4.1835,4.1999,1700,0
2016-06-29,16:50:00,4.2,4.2,4.15,4.15,1500,0
2016-06-29,16:55:00,4.2,4.2,4.2,4.2,200,0
2016-06-29,17:05:00,4.2,4.2,4.1901,4.1901,1700,0
2016-06-29,17:25:00,4.2,4.2,4.17,4.17,1000,0
2016-06-29,17:40:00,4.2,4.2,4.17,4.1901,3600,0
2016-06-29,17:55:00,4.22,4.22,4.22,4.22,100,0
2016-06-29,18:00:00,4.22,4.22,4.22,4.22,300,0
2016-06-29,18:05:00,4.2001,4.22,4.2001,4.21,3100,0
2016-06-29,18:10:00,4.22,4.22,4.21,4.21,200,0
2016-06-29,18:15:00,4.2,4.2,4.2,4.2,600,0
2016-06-29,18:30:00,4.1654,4.2,4.1,4.18,600,0
2016-06-29,18:40:00,4.1999,4.1999,4.1999,4.1999,100,0
2016-06-29,18:50:00,4.2,4.2,4.18,4.19,4400,0
2016-06-29,18:55:00,4.19,4.19,4.19,4.19,100,0
2016-06-29,19:00:00,4.19,4.2,4.18,4.1934,2600,0
2016-06-29,19:30:00,4.2,4.2,4.2,4.2,100,0
2016-06-29,19:40:00,4.2,4.2,4.2,4.2,100,0
2016-06-29,20:15:00,4.2,4.2,4.2,4.2,100,0
2016-06-29,20:20:00,4.2,4.2,4.1934,4.1934,200,0
2016-06-29,20:35:00,4.1999,4.2,4.1934,4.1934,400,0
2016-06-29,21:00:00,4.2,4.2,4.2,4.2,1100,0
2016-06-29,21:25:00,4.2,4.2,4.2,4.2,100,0
2016-06-29,21:30:00,4.2,4.2,4.2,4.2,800,0
2016-06-29,21:50:00,4.2,4.2,4.2,4.2,200,0
2016-06-29,22:00:00,4.2,4.2,4.2,4.2,407,0
2016-06-30,15:35:00,4.0101,4.0101,4.0101,4.0101,2000,0
2016-06-30,15:45:00,4.138,4.1899,4.08,4.144,400,0
2016-06-30,15:50:00,4.1468,4.1468,4.08,4.144,500,0
2016-06-30,16:00:00,4.19,4.1999,4.156,4.1999,600,0
2016-06-30,16:05:00,4.2,4.2,4.1736,4.1736,300,0
2016-06-30,16:10:00,4.12,4.12,4.12,4.12,200,0
2016-06-30,16:15:00,4.16,4.2472,4.13,4.246,29100,0
2016-06-30,16:25:00,4.2,4.2,4.2,4.2,781,0
2016-06-30,16:50:00,4.245,4.3096,4.24,4.3032,1100,0
2016-06-30,16:55:00,4.3069,4.34,4.3069,4.34,600,0
2016-06-30,17:00:00,4.35,4.35,4.3,4.3335,5100,0
2016-06-30,17:20:00,4.414,4.414,4.414,4.414,2000,0
2016-06-30,17:35:00,4.45,4.45,4.45,4.45,154,0
2016-06-30,17:40:00,4.4,4.4,4.4,4.4,100,0
2016-06-30,17:55:00,4.4,4.4,4.4,4.4,300,0
2016-06-30,18:05:00,4.35,4.3999,4.3275,4.3999,4200,0
2016-06-30,18:10:00,4.3999,4.4,4.3999,4.4,1100,0
2016-06-30,18:20:00,4.36,4.39,4.36,4.39,2650,0
2016-06-30,18:25:00,4.39,4.4,4.36,4.36,1600,0
2016-06-30,18:30:00,4.4,4.41,4.36,4.41,1400,0
2016-06-30,18:40:00,4.4178,4.4178,4.4178,4.4178,300,0
2016-06-30,18:50:00,4.41,4.41,4.41,4.41,200,0
2016-06-30,18:55:00,4.41,4.41,4.41,4.41,299,0
2016-06-30,19:10:00,4.4399,4.44,4.38,4.4136,7300,0
2016-06-30,19:15:00,4.36,4.43,4.36,4.43,300,0
2016-06-30,19:20:00,4.36,4.4105,4.36,4.36,500,0
2016-06-30,19:25:00,4.3933,4.44,4.3933,4.44,4000,0
2016-06-30,19:45:00,4.4172,4.44,4.38,4.38,500,0
2016-06-30,19:50:00,4.398,4.45,4.38,4.4203,2000,0
2016-06-30,19:55:00,4.45,4.45,4.445,4.445,479,0
2016-06-30,20:10:00,4.45,4.45,4.45,4.45,100,0
2016-06-30,20:40:00,4.45,4.45,4.45,4.45,100,0
2016-06-30,20:50:00,4.48,4.48,4.48,4.48,100,0
2016-06-30,21:00:00,4.48,4.48,4.48,4.48,200,0
2016-06-30,21:05:00,4.4701,4.49,4.47,4.488,1900,0
2016-06-30,21:10:00,4.488,4.52,4.47,4.52,2400,0
2016-06-30,21:25:00,4.53,4.53,4.53,4.53,210,0
2016-06-30,21:35:00,4.51,4.51,4.38,4.39,1100,0
2016-06-30,21:40:00,4.44,4.44,4.44,4.44,100,0
2016-06-30,21:45:00,4.48,4.49,4.46,4.46,1508,0
2016-06-30,21:50:00,4.49,4.49,4.49,4.49,100,0
2016-06-30,22:00:00,4.46,4.51,4.26,4.38,5602,0
2016-07-01,15:35:00,4.34,4.4,4.34,4.4,4600,0
2016-07-01,15:40:00,4.42,4.6,4.42,4.6,14464,0
2016-07-01,15:45:00,4.579,4.74,4.579,4.74,13460,0
2016-07-01,15:55:00,4.688,4.688,4.688,4.688,1000,0
2016-07-01,16:00:00,4.69,4.75,4.635,4.6993,4680,0
2016-07-01,16:05:00,4.74,4.74,4.66,4.7328,2700,0
2016-07-01,16:10:00,4.7499,4.75,4.7,4.7328,1800,0
2016-07-01,16:15:00,4.75,4.75,4.62,4.62,3500,0
2016-07-01,16:20:00,4.7299,4.7299,4.63,4.6955,500,0
2016-07-01,16:25:00,4.7299,4.7299,4.65,4.6541,500,0
2016-07-01,16:30:00,4.6694,4.6694,4.6694,4.6694,1100,0
2016-07-01,16:45:00,4.73,4.73,4.7,4.7008,4797,0
2016-07-01,16:55:00,4.65,4.6842,4.64,4.6842,1600,0
2016-07-01,17:00:00,4.6999,4.7,4.63,4.6777,1200,0
2016-07-01,17:05:00,4.7,4.73,4.649,4.66,3400,0
2016-07-01,17:35:00,4.6601,4.73,4.6601,4.73,2100,0
2016-07-01,17:50:00,4.73,4.73,4.73,4.73,100,0
2016-07-01,17:55:00,4.73,4.73,4.73,4.73,100,0
2016-07-01,18:20:00,4.73,4.73,4.73,4.73,300,0
2016-07-01,18:40:00,4.73,4.73,4.73,4.73,100,0
2016-07-01,18:45:00,4.73,4.73,4.73,4.73,300,0
2016-07-01,18:50:00,4.73,4.73,4.73,4.73,100,0
2016-07-01,18:55:00,4.73,4.73,4.7048,4.73,1458,0
2016-07-01,19:10:00,4.68,4.7237,4.68,4.68,700,0
2016-07-01,19:20:00,4.7112,4.73,4.6883,4.73,5000,0
2016-07-01,19:25:00,4.73,4.73,4.73,4.73,200,0
2016-07-01,19:30:00,4.72,4.72,4.72,4.72,100,0
2016-07-01,20:20:00,4.727,4.727,4.705,4.71,496,0
2016-07-01,21:45:00,4.6988,4.6988,4.6988,4.6988,1000,0
2016-07-01,21:50:00,4.67,4.67,4.65,4.65,1000,0
2016-07-01,21:55:00,4.6801,4.6801,4.6801,4.6801,187,0
2016-07-01,22:00:00,4.7,4.71,4.67,4.67,1600,0
