Date,Time,Open,High,Low,Close,Volume,OpenInt
2016-06-16,15:35:00,80.66,80.95,80.54,80.95,3056,0
2016-06-16,15:40:00,80.81,81.4008,80.81,81.31,3787,0
2016-06-16,15:45:00,81.44,81.88,81.43,81.76,8223,0
2016-06-16,15:50:00,81.72,81.8,81.2,81.3,9230,0
2016-06-16,15:55:00,81.23,81.23,81.22,81.22,200,0
2016-06-16,16:00:00,81.3,81.6,81.26,81.4,4100,0
2016-06-16,16:05:00,81.47,81.47,81.37,81.4215,750,0
2016-06-16,16:10:00,81.47,82.01,81.44,81.8,8200,0
2016-06-16,16:15:00,81.83,81.99,81.83,81.96,1800,0
2016-06-16,16:20:00,81.89,81.9,81.73,81.8299,2700,0
2016-06-16,16:25:00,81.72,81.73,81.64,81.64,500,0
2016-06-16,16:30:00,81.7,82.01,81.7,81.91,7552,0
2016-06-16,16:35:00,81.81,82.22,81.81,82.22,4000,0
2016-06-16,16:40:00,82.21,82.21,81.94,81.94,9429,0
2016-06-16,16:45:00,82.07,82.17,82.06,82.17,1795,0
2016-06-16,16:50:00,82.1634,82.1634,82.1634,82.1634,118,0
2016-06-16,16:55:00,82.14,82.43,82.14,82.28,4400,0
2016-06-16,17:00:00,82.27,82.27,82.06,82.11,1536,0
2016-06-16,17:05:00,82.12,82.25,82.12,82.16,1900,0
2016-06-16,17:10:00,82.25,82.28,82.25,82.28,600,0
2016-06-16,17:15:00,82.31,82.41,82.29,82.41,1300,0
2016-06-16,17:20:00,82.41,82.41,82.34,82.34,1200,0
2016-06-16,17:25:00,82.18,82.18,82.05,82.05,1727,0
2016-06-16,17:30:00,82.02,82.12,82.02,82.12,1750,0
2016-06-16,17:35:00,82.21,82.23,82.09,82.09,1300,0
2016-06-16,17:40:00,82.04,82.05,82.02,82.02,300,0
2016-06-16,17:45:00,81.96,81.97,81.65,81.65,1100,0
2016-06-16,17:50:00,81.61,81.61,81.61,81.61,100,0
2016-06-16,17:55:00,81.69,81.91,81.68,81.865,3241,0
2016-06-16,18:00:00,81.83,81.84,81.77,81.84,1100,0
2016-06-16,18:05:00,81.78,81.78,81.61,81.61,1100,0
2016-06-16,18:10:00,81.63,81.73,81.63,81.68,1600,0
2016-06-16,18:15:00,81.55,81.6225,81.55,81.6225,200,0
2016-06-16,18:20:00,81.6,81.64,81.57,81.575,700,0
2016-06-16,18:25:00,81.58,81.61,81.54,81.61,1400,0
2016-06-16,18:30:00,81.61,81.68,81.54,81.6,1600,0
2016-06-16,18:35:00,81.56,81.56,81.4,81.45,1245,0
2016-06-16,18:40:00,81.47,81.52,81.43,81.43,900,0
2016-06-16,18:45:00,81.49,81.69,81.49,81.66,2400,0
2016-06-16,18:50:00,81.7,81.72,81.53,81.53,3927,0
2016-06-16,18:55:00,81.54,81.54,81.39,81.42,1025,0
2016-06-16,19:00:00,81.41,81.51,81.36,81.42,2400,0
2016-06-16,19:05:00,81.44,81.55,81.42,81.485,2100,0
2016-06-16,19:10:00,81.43,81.43,81.31,81.42,1400,0
2016-06-16,19:15:00,81.35,81.46,81.35,81.44,1900,0
2016-06-16,19:20:00,81.41,81.42,81.3,81.3,800,0
2016-06-16,19:25:00,81.37,81.45,81.37,81.45,1400,0
2016-06-16,19:30:00,81.61,81.615,81.4,81.4,1100,0
2016-06-16,19:35:00,81.4,81.43,81.25,81.25,800,0
2016-06-16,19:40:00,81.25,81.48,81.25,81.48,2699,0
2016-06-16,19:45:00,81.44,81.47,81.35,81.35,1500,0
2016-06-16,19:50:00,81.34,81.36,81.32,81.34,2100,0
2016-06-16,19:55:00,81.34,81.3445,81.24,81.27,1900,0
2016-06-16,20:00:00,81.25,81.25,81.17,81.17,900,0
2016-06-16,20:05:00,81.17,81.31,81.17,81.265,6600,0
2016-06-16,20:10:00,81.31,81.45,81.31,81.45,2000,0
2016-06-16,20:15:00,81.5,81.57,81.5,81.57,2700,0
2016-06-16,20:20:00,81.545,81.62,81.46,81.62,3100,0
2016-06-16,20:25:00,81.62,81.63,81.48,81.52,3600,0
2016-06-16,20:30:00,81.56,81.56,81.44,81.44,2100,0
2016-06-16,20:35:00,81.44,81.505,81.36,81.405,2731,0
2016-06-16,20:40:00,81.44,81.48,81.43,81.43,1100,0
2016-06-16,20:45:00,81.41,81.5,81.4,81.5,2300,0
2016-06-16,20:50:00,81.51,81.54,81.43,81.43,9431,0
2016-06-16,20:55:00,81.48,81.65,81.47,81.605,3700,0
2016-06-16,21:00:00,81.65,81.66,81.5,81.565,2900,0
2016-06-16,21:05:00,81.5561,81.65,81.5561,81.58,3206,0
2016-06-16,21:10:00,81.57,81.65,81.44,81.59,4363,0
2016-06-16,21:15:00,81.6,81.76,81.495,81.76,2200,0
2016-06-16,21:20:00,81.75,81.86,81.72,81.82,4400,0
2016-06-16,21:25:00,81.79,81.89,81.7475,81.89,4600,0
2016-06-16,21:30:00,81.89,82.065,81.89,81.9675,6100,0
2016-06-16,21:35:00,82.01,82.09,81.97,82.09,7710,0
2016-06-16,21:40:00,82.08,82.08,81.99,81.99,4862,0
2016-06-16,21:45:00,82.01,82.05,81.99,82.05,3913,0
2016-06-16,21:50:00,82.07,82.08,81.985,82.03,10644,0
2016-06-16,21:55:00,82.03,82.04,81.92,82.02,8615,0
2016-06-16,22:00:00,82.03,82.12,82.03,82.07,21907,0
2016-06-17,15:35:00,81.84,82,81.58,82,53276,0
2016-06-17,15:40:00,81.3492,81.63,81.3492,81.6,629,0
2016-06-17,15:45:00,81.39,81.52,80.85,80.85,5100,0
2016-06-17,15:50:00,81,81.01,80.38,80.97,19233,0
2016-06-17,15:55:00,80.85,81.05,80.85,80.92,1500,0
2016-06-17,16:00:00,80.88,81.52,80.88,81.52,3059,0
2016-06-17,16:05:00,81.3,81.62,81.295,81.47,3400,0
2016-06-17,16:10:00,81.37,81.4,81.13,81.19,4989,0
2016-06-17,16:15:00,81.16,81.3,81.16,81.3,300,0
2016-06-17,16:20:00,81.33,81.37,81.26,81.37,900,0
2016-06-17,16:25:00,81.39,81.46,81.22,81.26,5011,0
2016-06-17,16:30:00,81.28,81.28,81.27,81.27,200,0
2016-06-17,16:35:00,81.145,81.1499,81.07,81.09,1814,0
2016-06-17,16:40:00,81.08,81.08,80.78,80.79,4100,0
2016-06-17,16:45:00,80.9,80.9,80.56,80.56,2363,0
2016-06-17,16:50:00,80.57,80.86,80.57,80.69,7900,0
2016-06-17,16:55:00,80.69,80.71,80.54,80.54,1500,0
2016-06-17,17:00:00,80.66,80.66,80.53,80.55,1950,0
2016-06-17,17:05:00,80.595,80.62,80.3601,80.41,20700,0
2016-06-17,17:10:00,80.41,80.45,80.27,80.27,4209,0
2016-06-17,17:15:00,80.285,80.37,80.27,80.37,2100,0
2016-06-17,17:20:00,80.36,80.42,80.28,80.385,2330,0
2016-06-17,17:25:00,80.37,80.65,80.37,80.58,5300,0
2016-06-17,17:30:00,80.6,80.675,80.53,80.53,13804,0
2016-06-17,17:35:00,80.59,80.77,80.56,80.63,4932,0
2016-06-17,17:40:00,80.6,80.67,80.6,80.65,1500,0
2016-06-17,17:45:00,80.62,80.7,80.5305,80.62,3008,0
2016-06-17,17:50:00,80.56,80.67,80.56,80.67,1590,0
2016-06-17,17:55:00,80.66,80.68,80.6,80.6,3384,0
2016-06-17,18:00:00,80.58,80.69,80.58,80.6775,1700,0
2016-06-17,18:05:00,80.685,80.685,80.62,80.62,2500,0
2016-06-17,18:10:00,80.61,80.67,80.56,80.62,3800,0
2016-06-17,18:15:00,80.6,80.67,80.59,80.63,1600,0
2016-06-17,18:20:00,80.66,80.66,80.6,80.66,900,0
2016-06-17,18:25:00,80.655,80.655,80.63,80.63,400,0
2016-06-17,18:30:00,80.63,80.685,80.63,80.67,1700,0
2016-06-17,18:35:00,80.67,80.67,80.6,80.6166,4200,0
2016-06-17,18:40:00,80.6,80.73,80.6,80.72,1600,0
2016-06-17,18:45:00,80.7,80.705,80.6775,80.6775,500,0
2016-06-17,18:50:00,80.69,80.705,80.6,80.6,1300,0
2016-06-17,18:55:00,80.56,80.56,80.56,80.56,100,0
2016-06-17,19:00:00,80.58,80.58,80.5275,80.55,400,0
2016-06-17,19:05:00,80.55,80.55,80.42,80.42,1700,0
2016-06-17,19:10:00,80.46,80.6,80.46,80.6,1600,0
2016-06-17,19:15:00,80.59,80.59,80.505,80.56,1500,0
2016-06-17,19:20:00,80.57,80.6575,80.57,80.65,1000,0
2016-06-17,19:25:00,80.6625,80.7,80.65,80.675,1200,0
2016-06-17,19:30:00,80.69,80.8,80.69,80.735,1300,0
2016-06-17,19:35:00,80.77,80.77,80.73,80.77,2483,0
2016-06-17,19:40:00,80.77,80.77,80.68,80.68,4000,0
2016-06-17,19:45:00,80.76,80.79,80.7201,80.78,9100,0
2016-06-17,19:50:00,80.72,80.78,80.72,80.78,2100,0
2016-06-17,19:55:00,80.765,80.77,80.64,80.64,3198,0
2016-06-17,20:00:00,80.64,80.64,80.58,80.58,1300,0
2016-06-17,20:05:00,80.59,80.62,80.58,80.58,3021,0
2016-06-17,20:10:00,80.59,80.59,80.5,80.5,1400,0
2016-06-17,20:15:00,80.54,80.65,80.53,80.65,2500,0
2016-06-17,20:20:00,80.65,80.71,80.64,80.64,1200,0
2016-06-17,20:25:00,80.66,81.06,80.66,81.01,10101,0
2016-06-17,20:30:00,81.01,81.26,81.01,81.26,7430,0
2016-06-17,20:35:00,81.23,81.54,81.21,81.32,18478,0
2016-06-17,20:40:00,81.37,81.37,81.1,81.2175,4955,0
2016-06-17,20:45:00,81.1701,81.43,81.1701,81.38,5840,0
2016-06-17,20:50:00,81.41,81.49,81.27,81.41,12602,0
2016-06-17,20:55:00,81.48,81.55,81.432,81.47,3371,0
2016-06-17,21:00:00,81.54,81.7,81.53,81.59,3486,0
2016-06-17,21:05:00,81.59,81.63,81.51,81.53,2000,0
2016-06-17,21:10:00,81.51,81.51,81.4,81.44,2302,0
2016-06-17,21:15:00,81.42,81.48,81.39,81.48,1701,0
2016-06-17,21:20:00,81.44,81.44,81.29,81.335,3800,0
2016-06-17,21:25:00,81.335,81.395,81.225,81.29,2300,0
2016-06-17,21:30:00,81.33,81.33,81.28,81.32,1000,0
2016-06-17,21:35:00,81.25,81.4,81.22,81.4,3400,0
2016-06-17,21:40:00,81.4,81.43,81.31,81.33,5225,0
2016-06-17,21:45:00,81.3,81.3,81.07,81.21,4800,0
2016-06-17,21:50:00,81.21,81.25,81.17,81.1825,6700,0
2016-06-17,21:55:00,81.2,81.23,81.14,81.17,6100,0
2016-06-17,22:00:00,81.18,81.38,81.18,81.3,37012,0
2016-06-20,15:35:00,81.94,82.01,81.74,81.74,3213,0
2016-06-20,15:40:00,81.83,81.98,81.7,81.7,980,0
2016-06-20,15:45:00,81.92,81.92,81.56,81.76,2500,0
2016-06-20,15:50:00,81.66,81.8,81.66,81.79,1700,0
2016-06-20,15:55:00,81.845,81.91,81.65,81.68,1800,0
2016-06-20,16:00:00,81.68,81.87,81.68,81.83,2300,0
2016-06-20,16:05:00,81.791,81.87,81.52,81.6,3973,0
2016-06-20,16:10:00,81.66,81.82,81.66,81.82,1100,0
2016-06-20,16:15:00,81.92,82.17,81.9,82.09,5247,0
2016-06-20,16:20:00,82.09,82.18,82.09,82.13,500,0
2016-06-20,16:25:00,82.15,82.21,82.06,82.07,5199,0
2016-06-20,16:30:00,82.04,82.09,81.87,82.09,2600,0
2016-06-20,16:35:00,82.2,82.21,82.05,82.05,1300,0
2016-06-20,16:40:00,82.06,82.16,82.05,82.1325,1700,0
2016-06-20,16:45:00,82.18,82.36,82.18,82.34,2600,0
2016-06-20,16:50:00,82.335,82.41,82.335,82.4,913,0
2016-06-20,16:55:00,82.45,82.49,82.2,82.2,1817,0
2016-06-20,17:00:00,82.23,82.32,82.23,82.25,500,0
2016-06-20,17:05:00,82.3079,82.3079,82.18,82.18,1600,0
2016-06-20,17:10:00,82.195,82.31,82.195,82.31,700,0
2016-06-20,17:15:00,82.35,82.35,82.3,82.3,400,0
2016-06-20,17:20:00,82.39,82.48,82.37,82.48,1000,0
2016-06-20,17:25:00,82.48,82.76,82.48,82.76,5930,0
2016-06-20,17:30:00,82.79,82.85,82.78,82.85,1100,0
2016-06-20,17:35:00,82.7633,82.91,82.74,82.91,5524,0
2016-06-20,17:40:00,82.84,82.925,82.84,82.925,1300,0
2016-06-20,17:45:00,82.91,83.01,82.9,82.94,1600,0
2016-06-20,17:50:00,82.93,82.93,82.79,82.85,1800,0
2016-06-20,17:55:00,82.84,82.84,82.75,82.76,300,0
2016-06-20,18:00:00,82.695,82.8,82.695,82.77,1157,0
2016-06-20,18:05:00,82.77,82.77,82.55,82.6,4100,0
2016-06-20,18:10:00,82.61,82.62,82.39,82.39,2200,0
2016-06-20,18:15:00,82.4448,82.4448,82.2,82.2,1000,0
2016-06-20,18:20:00,82.2,82.2,82.095,82.1,600,0
2016-06-20,18:25:00,82.12,82.23,82.12,82.15,1925,0
2016-06-20,18:30:00,82.07,82.105,81.9401,81.9401,1577,0
2016-06-20,18:35:00,82.01,82.05,81.9942,81.9942,2380,0
2016-06-20,18:40:00,82.12,82.13,82.03,82.12,3900,0
2016-06-20,18:45:00,82.15,82.25,82.15,82.15,3600,0
2016-06-20,18:50:00,82.05,82.1,82.04,82.1,1400,0
2016-06-20,18:55:00,82.09,82.11,81.99,81.99,706,0
2016-06-20,19:05:00,82.07,82.17,82.07,82.17,700,0
2016-06-20,19:10:00,82.22,82.26,82.22,82.2484,500,0
2016-06-20,19:15:00,82.21,82.21,82.08,82.08,1300,0
2016-06-20,19:25:00,82.02,82.07,82,82.07,1200,0
2016-06-20,19:30:00,82.03,82.11,82.01,82.01,500,0
2016-06-20,19:35:00,81.99,82.01,81.99,82.01,200,0
2016-06-20,19:40:00,82.02,82.049,81.99,82.049,1121,0
2016-06-20,19:45:00,82.02,82.15,82.02,82.15,2000,0
2016-06-20,19:50:00,82.14,82.18,82.13,82.15,3804,0
2016-06-20,19:55:00,82.15,82.2,82.15,82.16,800,0
2016-06-20,20:00:00,82.29,82.29,82.29,82.29,100,0
2016-06-20,20:05:00,82.23,82.31,82.17,82.17,900,0
2016-06-20,20:10:00,82.145,82.16,82.1175,82.12,2300,0
2016-06-20,20:15:00,82.14,82.23,82.14,82.23,1800,0
2016-06-20,20:20:00,82.2499,82.2499,82.18,82.2,563,0
2016-06-20,20:25:00,82.16,82.16,82.14,82.145,800,0
2016-06-20,20:30:00,82.18,82.22,82.134,82.22,1612,0
2016-06-20,20:35:00,82.22,82.22,82.195,82.2,400,0
2016-06-20,20:40:00,82.24,82.3,82.24,82.3,1264,0
2016-06-20,20:45:00,82.38,82.435,82.38,82.4275,1550,0
2016-06-20,20:50:00,82.46,82.49,82.405,82.405,1200,0
2016-06-20,20:55:00,82.424,82.43,82.33,82.33,1550,0
2016-06-20,21:00:00,82.25,82.33,82.25,82.285,1903,0
2016-06-20,21:05:00,82.29,82.37,82.26,82.34,2700,0
2016-06-20,21:10:00,82.3,82.3,82.25,82.27,1500,0
2016-06-20,21:15:00,82.26,82.26,82.25,82.25,500,0
2016-06-20,21:20:00,82.25,82.25,82.17,82.21,7143,0
2016-06-20,21:25:00,82.18,82.27,82.18,82.25,6589,0
2016-06-20,21:30:00,82.25,82.25,82.16,82.17,3377,0
2016-06-20,21:35:00,82.17,82.1914,82.01,82.01,3379,0
2016-06-20,21:40:00,82.02,82.048,82.02,82.03,4495,0
2016-06-20,21:45:00,82.03,82.03,81.955,81.98,6600,0
2016-06-20,21:50:00,81.94,81.94,81.88,81.92,2600,0
2016-06-20,21:55:00,81.87,81.88,81.7,81.72,5000,0
2016-06-20,22:00:00,81.73,81.76,81.69,81.7,31022,0
2016-06-21,15:35:00,82.25,82.56,81.5,82.14,3535,0
2016-06-21,15:45:00,82.33,82.33,82.33,82.33,100,0
2016-06-21,15:50:00,82.1616,82.56,82.12,82.56,7716,0
2016-06-21,15:55:00,82.6,82.71,82.53,82.71,1219,0
2016-06-21,16:00:00,82.755,82.82,82.755,82.82,300,0
2016-06-21,16:05:00,82.7301,83.02,82.73,83,9120,0
2016-06-21,16:10:00,82.98,83.12,82.89,83.05,5900,0
2016-06-21,16:15:00,83.12,83.25,83.12,83.14,5000,0
2016-06-21,16:20:00,83.06,83.06,82.95,82.95,400,0
2016-06-21,16:25:00,82.92,82.96,82.81,82.81,1400,0
2016-06-21,16:30:00,82.91,83.1,82.91,83.1,1900,0
2016-06-21,16:35:00,83.1,83.15,82.9,82.9,3600,0
2016-06-21,16:40:00,82.865,82.9907,82.865,82.98,2800,0
2016-06-21,16:45:00,83.01,83.02,82.9048,82.9048,2500,0
2016-06-21,16:50:00,83.0088,83.0088,82.93,82.93,500,0
2016-06-21,16:55:00,82.9275,83.04,82.9275,82.98,1900,0
2016-06-21,17:00:00,83,83,82.77,82.77,2100,0
2016-06-21,17:05:00,82.79,82.9,82.77,82.88,1300,0
2016-06-21,17:10:00,82.83,82.88,82.77,82.86,3400,0
2016-06-21,17:15:00,82.7925,83,82.7925,83,3650,0
2016-06-21,17:20:00,82.965,83,82.965,83,800,0
2016-06-21,17:25:00,82.98,83,82.93,83,5288,0
2016-06-21,17:30:00,82.99,83,82.97,82.975,3220,0
2016-06-21,17:35:00,82.95,82.965,82.875,82.91,2000,0
2016-06-21,17:40:00,82.885,82.96,82.86,82.935,2660,0
2016-06-21,17:45:00,82.89,83.04,82.89,82.98,1500,0
2016-06-21,17:50:00,82.96,82.98,82.91,82.93,600,0
2016-06-21,17:55:00,82.91,82.91,82.86,82.86,200,0
2016-06-21,18:00:00,82.87,82.94,82.82,82.86,1800,0
2016-06-21,18:05:00,82.87,82.91,82.85,82.87,1500,0
2016-06-21,18:10:00,82.88,82.905,82.79,82.8,2118,0
2016-06-21,18:15:00,82.79,82.95,82.79,82.94,5602,0
2016-06-21,18:20:00,82.9299,82.9299,82.83,82.83,800,0
2016-06-21,18:25:00,82.8,82.8,82.8,82.8,100,0
2016-06-21,18:30:00,82.8,82.93,82.75,82.93,3267,0
2016-06-21,18:35:00,82.93,83,82.93,82.98,1300,0
2016-06-21,18:40:00,82.99,82.99,82.86,82.86,400,0
2016-06-21,18:45:00,82.86,82.9,82.83,82.9,1000,0
2016-06-21,18:50:00,82.85,82.92,82.83,82.86,2875,0
2016-06-21,18:55:00,82.81,82.81,82.76,82.76,300,0
2016-06-21,19:00:00,82.795,82.84,82.76,82.83,2040,0
2016-06-21,19:05:00,82.77,82.84,82.77,82.84,700,0
2016-06-21,19:10:00,82.85,82.89,82.85,82.89,645,0
2016-06-21,19:15:00,82.86,82.95,82.86,82.89,3400,0
2016-06-21,19:20:00,82.95,83.17,82.925,83.11,3681,0
2016-06-21,19:25:00,83.11,83.31,83,83.04,5702,0
2016-06-21,19:30:00,83.02,83.12,83.02,83.07,1800,0
2016-06-21,19:35:00,82.9112,82.965,82.89,82.89,1500,0
2016-06-21,19:40:00,82.89,83,82.89,83,1400,0
2016-06-21,19:45:00,82.975,83,82.93,83,500,0
2016-06-21,19:50:00,82.97,83.01,82.93,82.97,1500,0
2016-06-21,19:55:00,82.98,82.99,82.92,82.99,2100,0
2016-06-21,20:00:00,82.99,83.36,82.99,83.25,8931,0
2016-06-21,20:05:00,83.2699,83.38,83.23,83.35,7800,0
2016-06-21,20:10:00,83.3699,83.51,83.3699,83.435,6800,0
2016-06-21,20:15:00,83.435,83.435,83.3383,83.385,1920,0
2016-06-21,20:20:00,83.37,83.46,83.37,83.46,2000,0
2016-06-21,20:25:00,83.46,83.46,83.41,83.41,1100,0
2016-06-21,20:30:00,83.44,83.54,83.43,83.505,3800,0
2016-06-21,20:35:00,83.47,83.51,83.39,83.5,2113,0
2016-06-21,20:40:00,83.55,83.6799,83.49,83.6799,5050,0
2016-06-21,20:45:00,83.64,83.64,83.56,83.56,1156,0
2016-06-21,20:50:00,83.6,83.61,83.53,83.56,2514,0
2016-06-21,20:55:00,83.55,83.56,83.51,83.52,2105,0
2016-06-21,21:00:00,83.52,83.63,83.51,83.53,3300,0
2016-06-21,21:05:00,83.58,83.6,83.36,83.36,2224,0
2016-06-21,21:10:00,83.33,83.39,83.295,83.295,1000,0
2016-06-21,21:15:00,83.26,83.42,83.26,83.35,6100,0
2016-06-21,21:20:00,83.37,83.41,83.37,83.4,1600,0
2016-06-21,21:25:00,83.4,83.4,83.31,83.36,2728,0
2016-06-21,21:30:00,83.36,83.38,83.27,83.305,5232,0
2016-06-21,21:35:00,83.305,83.305,83.16,83.16,6179,0
2016-06-21,21:40:00,83.185,83.21,83.14,83.17,5603,0
2016-06-21,21:45:00,83.14,83.14,82.95,82.97,6833,0
2016-06-21,21:50:00,82.91,82.99,82.9,82.985,8102,0
2016-06-21,21:55:00,82.97,82.97,82.87,82.93,12981,0
2016-06-21,22:00:00,82.93,82.97,82.86,82.89,44935,0
2016-06-22,15:35:00,83.2,83.25,83.045,83.25,2342,0
2016-06-22,15:40:00,83.34,83.34,82.99,82.99,1776,0
2016-06-22,15:45:00,82.95,83.14,82.92,82.92,1700,0
2016-06-22,15:50:00,82.98,83.2,82.9,83.12,14700,0
2016-06-22,15:55:00,83.12,83.12,83,83.015,3100,0
2016-06-22,16:00:00,83.015,83.015,82.87,82.91,5500,0
2016-06-22,16:05:00,82.935,82.935,82.695,82.74,9587,0
2016-06-22,16:10:00,82.77,82.9,82.73,82.9,1900,0
2016-06-22,16:15:00,83,83.01,82.92,82.92,4600,0
2016-06-22,16:20:00,82.86,82.95,82.74,82.86,1600,0
2016-06-22,16:25:00,82.92,83.01,82.92,83.01,1800,0
2016-06-22,16:30:00,83.01,83.01,82.85,82.85,3500,0
2016-06-22,16:35:00,82.7,82.75,82.5,82.51,3004,0
2016-06-22,16:40:00,82.45,82.587,82.42,82.47,2300,0
2016-06-22,16:45:00,82.42,82.563,82.39,82.53,1800,0
2016-06-22,16:50:00,82.613,82.73,82.58,82.6,1050,0
2016-06-22,16:55:00,82.6,82.908,82.59,82.9,8015,0
2016-06-22,17:00:00,82.973,83.28,82.92,83.28,15893,0
2016-06-22,17:05:00,83.26,83.42,83.23,83.23,17100,0
2016-06-22,17:10:00,83.225,83.31,83.07,83.235,2600,0
2016-06-22,17:15:00,83.305,83.305,83.22,83.23,900,0
2016-06-22,17:20:00,83.2749,83.4699,83.27,83.4699,1180,0
2016-06-22,17:25:00,83.375,83.691,83.36,83.691,5381,0
2016-06-22,17:30:00,83.762,83.77,83.56,83.6,10647,0
2016-06-22,17:35:00,83.6,83.6,83.18,83.23,11373,0
2016-06-22,17:40:00,83.33,83.39,83.27,83.27,2731,0
2016-06-22,17:45:00,83.33,83.45,83.2,83.405,4400,0
2016-06-22,17:50:00,83.414,83.414,83.3,83.315,3200,0
2016-06-22,17:55:00,83.29,83.305,83.21,83.24,1100,0
2016-06-22,18:00:00,83.319,83.43,83.31,83.37,2800,0
2016-06-22,18:05:00,83.43,83.5,83.41,83.41,2691,0
2016-06-22,18:10:00,83.45,83.49,83.39,83.39,2200,0
2016-06-22,18:15:00,83.45,83.48,83.42,83.48,2400,0
2016-06-22,18:20:00,83.48,83.48,83.4,83.4,1359,0
2016-06-22,18:25:00,83.37,83.45,83.195,83.195,2000,0
2016-06-22,18:30:00,83.172,83.255,83.17,83.22,2520,0
2016-06-22,18:35:00,83.2,83.418,83.19,83.418,800,0
2016-06-22,18:40:00,83.47,83.47,83.37,83.4,1400,0
2016-06-22,18:45:00,83.34,83.38,83.292,83.292,2100,0
2016-06-22,18:50:00,83.303,83.303,83.19,83.21,3200,0
2016-06-22,18:55:00,83.25,83.277,83.19,83.277,2000,0
2016-06-22,19:00:00,83.24,83.271,83.24,83.271,200,0
2016-06-22,19:05:00,83.25,83.26,83.15,83.248,1600,0
2016-06-22,19:10:00,83.255,83.255,83.03,83.03,3650,0
2016-06-22,19:15:00,83.03,83.08,82.99,83.075,1600,0
2016-06-22,19:20:00,83.08,83.12,82.94,83.05,13446,0
2016-06-22,19:25:00,83.06,83.06,82.75,82.8,13359,0
2016-06-22,19:30:00,82.85,82.88,82.8,82.88,800,0
2016-06-22,19:35:00,82.85,82.85,82.76,82.76,600,0
2016-06-22,19:40:00,82.7483,82.88,82.7483,82.852,2908,0
2016-06-22,19:45:00,82.88,82.97,82.83,82.85,3900,0
2016-06-22,19:50:00,82.92,83.02,82.905,83.02,800,0
2016-06-22,19:55:00,83.03,83.17,83,83.045,1500,0
2016-06-22,20:00:00,83.05,83.11,83.05,83.11,700,0
2016-06-22,20:05:00,83,83,82.82,82.8316,450,0
2016-06-22,20:10:00,82.84,82.968,82.81,82.81,2400,0
2016-06-22,20:15:00,82.84,82.98,82.83,82.98,4000,0
2016-06-22,20:20:00,82.86,82.89,82.83,82.89,538,0
2016-06-22,20:25:00,82.83,83.09,82.8,83.09,7800,0
2016-06-22,20:30:00,83.16,83.22,83.16,83.17,1766,0
2016-06-22,20:35:00,83.16,83.195,83.04,83.09,2010,0
2016-06-22,20:40:00,83.07,83.08,83.0101,83.02,2415,0
2016-06-22,20:45:00,83.05,83.06,83.05,83.06,300,0
2016-06-22,20:50:00,83.01,83.055,83.01,83.055,200,0
2016-06-22,20:55:00,83.1,83.1,83.02,83.095,900,0
2016-06-22,21:00:00,83.12,83.18,83.04,83.08,2000,0
2016-06-22,21:05:00,83.09,83.18,83.09,83.16,2100,0
2016-06-22,21:10:00,83.12,83.15,82.99,82.99,2515,0
2016-06-22,21:15:00,82.93,83.03,82.93,82.98,3600,0
2016-06-22,21:20:00,82.99,83.005,82.97,82.97,1605,0
2016-06-22,21:25:00,82.995,82.995,82.96,82.96,1473,0
2016-06-22,21:30:00,83,83,82.93,82.975,4984,0
2016-06-22,21:35:00,82.98,83.01,82.95,82.95,4546,0
2016-06-22,21:40:00,82.94,83.01,82.93,82.99,9360,0
2016-06-22,21:45:00,83,83.0299,82.94,82.97,7731,0
2016-06-22,21:50:00,82.98,83.005,82.89,82.95,10700,0
2016-06-22,21:55:00,82.92,82.96,82.77,82.94,26367,0
2016-06-22,22:00:00,82.93,82.95,82.88,82.91,17826,0
2016-06-23,15:35:00,82.87,83,82.565,83,5267,0
2016-06-23,15:40:00,82.55,82.55,82.05,82.05,5590,0
2016-06-23,15:45:00,82.12,82.78,82.12,82.65,13500,0
2016-06-23,15:50:00,82.5501,82.71,82.13,82.45,16613,0
2016-06-23,15:55:00,82.65,82.7,82.3,82.575,12506,0
2016-06-23,16:00:00,82.7,82.76,82.58,82.67,7000,0
2016-06-23,16:05:00,82.71,82.78,82.37,82.65,14339,0
2016-06-23,16:10:00,82.68,82.68,82.44,82.57,12482,0
2016-06-23,16:15:00,82.55,82.59,82.47,82.475,9717,0
2016-06-23,16:20:00,82.53,82.54,82.11,82.115,6983,0
2016-06-23,16:25:00,82.155,82.1937,81.82,81.82,3546,0
2016-06-23,16:30:00,81.87,82.065,81.77,81.92,12485,0
2016-06-23,16:35:00,81.93,82.03,81.75,81.825,13792,0
2016-06-23,16:40:00,81.8,82.29,81.8,82.29,14304,0
2016-06-23,16:45:00,82.185,82.52,82.185,82.52,9275,0
2016-06-23,16:50:00,82.45,82.57,82.31,82.31,3900,0
2016-06-23,16:55:00,82.31,82.44,82.25,82.2899,9692,0
2016-06-23,17:00:00,82.21,82.34,82.17,82.33,3384,0
2016-06-23,17:05:00,82.31,82.31,82.13,82.21,3000,0
2016-06-23,17:10:00,82.21,82.31,82.21,82.31,2600,0
2016-06-23,17:15:00,82.32,82.32,82.16,82.16,8400,0
2016-06-23,17:20:00,82.19,82.19,82.1,82.16,2400,0
2016-06-23,17:25:00,82.18,82.285,82.18,82.285,3300,0
2016-06-23,17:30:00,82.29,82.5,82.2,82.3,16234,0
2016-06-23,17:35:00,82.36,82.78,82.36,82.69,7300,0
2016-06-23,17:40:00,82.75,82.76,82.47,82.7,9082,0
2016-06-23,17:45:00,82.675,82.84,82.585,82.7,10648,0
2016-06-23,17:50:00,82.81,82.82,82.615,82.73,6055,0
2016-06-23,17:55:00,82.71,82.72,82.5,82.535,9852,0
2016-06-23,18:00:00,82.47,82.7,82.32,82.51,18590,0
2016-06-23,18:05:00,82.55,82.66,82.5132,82.66,1200,0
2016-06-23,18:10:00,82.55,82.65,82.45,82.52,8552,0
2016-06-23,18:15:00,82.61,82.79,82.515,82.62,8300,0
2016-06-23,18:20:00,82.54,82.59,82.54,82.59,600,0
2016-06-23,18:25:00,82.61,82.75,82.61,82.75,5602,0
2016-06-23,18:30:00,82.76,82.8,82.65,82.8,6200,0
2016-06-23,18:35:00,82.68,82.73,82.68,82.73,1300,0
2016-06-23,18:40:00,82.76,82.77,82.65,82.65,1900,0
2016-06-23,18:45:00,82.685,82.75,82.65,82.75,500,0
2016-06-23,18:50:00,82.6,82.7,82.6,82.63,3100,0
2016-06-23,18:55:00,82.59,82.63,82.46,82.58,3500,0
2016-06-23,19:00:00,82.51,82.55,82.42,82.42,2700,0
2016-06-23,19:05:00,82.45,82.5,82.45,82.5,1100,0
2016-06-23,19:10:00,82.45,82.5,82.45,82.5,1600,0
2016-06-23,19:15:00,82.47,82.48,82.39,82.39,2200,0
2016-06-23,19:20:00,82.45,82.51,82.44,82.51,3000,0
2016-06-23,19:25:00,82.54,82.64,82.525,82.58,1900,0
2016-06-23,19:30:00,82.53,82.53,82.53,82.53,100,0
2016-06-23,19:35:00,82.5356,82.56,82.45,82.45,2745,0
2016-06-23,19:40:00,82.45,82.49,82.45,82.49,4856,0
2016-06-23,19:45:00,82.42,82.44,82.28,82.28,600,0
2016-06-23,19:50:00,82.33,82.34,82.25,82.31,1300,0
2016-06-23,19:55:00,82.3,82.3,82.27,82.27,300,0
2016-06-23,20:00:00,82.28,82.32,82.25,82.3,4600,0
2016-06-23,20:05:00,82.28,82.33,82.24,82.245,5383,0
2016-06-23,20:10:00,82.25,82.31,82.245,82.31,1635,0
2016-06-23,20:15:00,82.31,82.37,82.29,82.37,2020,0
2016-06-23,20:20:00,82.33,82.33,82.24,82.25,3900,0
2016-06-23,20:25:00,82.26,82.3,82.23,82.28,4273,0
2016-06-23,20:30:00,82.26,82.33,82.25,82.25,2100,0
2016-06-23,20:35:00,82.24,82.33,82.16,82.16,17503,0
2016-06-23,20:40:00,82.18,82.26,82.135,82.135,10897,0
2016-06-23,20:45:00,82.135,82.18,81.895,81.97,12646,0
2016-06-23,20:50:00,82,82.135,81.88,81.99,16424,0
2016-06-23,20:55:00,82.09,82.22,81.995,82.16,4951,0
2016-06-23,21:00:00,82.11,82.2,81.97,82.2,7800,0
2016-06-23,21:05:00,82.17,82.21,82.08,82.08,12600,0
2016-06-23,21:10:00,82.12,82.2,82.06,82.17,8200,0
2016-06-23,21:15:00,82.14,82.165,82.06,82.13,7156,0
2016-06-23,21:20:00,82.12,82.13,82.02,82.13,5600,0
2016-06-23,21:25:00,82.13,82.13,82.04,82.11,6604,0
2016-06-23,21:30:00,82.12,82.19,82.055,82.19,7704,0
2016-06-23,21:35:00,82.17,82.385,82.09,82.385,11597,0
2016-06-23,21:40:00,82.36,82.59,82.285,82.51,15680,0
2016-06-23,21:45:00,82.52,82.71,82.42,82.665,10815,0
2016-06-23,21:50:00,82.67,82.67,82.59,82.6,11303,0
2016-06-23,21:55:00,82.64,82.74,82.605,82.72,12917,0
2016-06-23,22:00:00,82.72,82.74,82.64,82.67,43770,0
2016-06-24,15:35:00,80.42,81.34,80.42,81.0001,12491,0
2016-06-24,15:40:00,81,81.38,80.93,81.11,4909,0
2016-06-24,15:45:00,81.2,81.98,81.08,81.97,14850,0
2016-06-24,15:50:00,82.17,82.2299,81.95,82.21,5106,0
2016-06-24,15:55:00,82.03,82.53,82.03,82.44,4087,0
2016-06-24,16:00:00,82.44,82.61,82.43,82.58,1700,0
2016-06-24,16:05:00,82.57,83.2899,82.43,83.21,13052,0
2016-06-24,16:10:00,83.1,83.52,83.1,83.39,6200,0
2016-06-24,16:15:00,83.5,83.63,83.46,83.46,4300,0
2016-06-24,16:20:00,83.4001,83.55,83.31,83.39,3156,0
2016-06-24,16:25:00,83.44,83.61,83.3,83.61,3222,0
2016-06-24,16:30:00,83.58,83.71,83.48,83.69,2600,0
2016-06-24,16:35:00,83.71,83.74,83.46,83.47,2800,0
2016-06-24,16:40:00,83.51,83.655,83.51,83.575,4368,0
2016-06-24,16:45:00,83.56,83.56,83.23,83.4,5800,0
2016-06-24,16:50:00,83.39,83.57,83.27,83.395,5800,0
2016-06-24,16:55:00,83.43,83.72,83.43,83.555,5595,0
2016-06-24,17:00:00,83.62,83.81,83.61,83.78,3100,0
2016-06-24,17:05:00,83.82,83.82,83.52,83.58,3200,0
2016-06-24,17:10:00,83.57,83.7,83.5,83.7,3100,0
2016-06-24,17:15:00,83.74,84.26,83.68,84.185,8988,0
2016-06-24,17:20:00,84.22,84.22,83.96,84.12,4300,0
2016-06-24,17:25:00,84.2,84.37,84.08,84.15,10912,0
2016-06-24,17:30:00,84.225,84.615,84.225,84.56,3900,0
2016-06-24,17:35:00,84.58,84.58,84.19,84.195,6000,0
2016-06-24,17:40:00,84.19,84.245,84.08,84.22,2300,0
2016-06-24,17:45:00,84.27,84.5,84.15,84.5,3603,0
2016-06-24,17:50:00,84.45,84.7,84.44,84.51,2791,0
2016-06-24,17:55:00,84.54,84.7499,84.54,84.69,2700,0
2016-06-24,18:00:00,84.71,84.98,84.69,84.98,4112,0
2016-06-24,18:05:00,84.935,84.935,84.64,84.66,5400,0
2016-06-24,18:10:00,84.67,84.68,84.48,84.48,2600,0
2016-06-24,18:15:00,84.44,84.57,84.36,84.49,5103,0
2016-06-24,18:20:00,84.39,84.47,84.07,84.4,10822,0
2016-06-24,18:25:00,84.45,84.49,84.43,84.455,2242,0
2016-06-24,18:30:00,84.45,84.625,84.43,84.58,6350,0
2016-06-24,18:35:00,84.53,84.565,84.45,84.45,1100,0
2016-06-24,18:40:00,84.43,84.46,84.37,84.39,2000,0
2016-06-24,18:45:00,84.42,84.48,84.26,84.26,2800,0
2016-06-24,18:50:00,84.34,84.34,84.17,84.18,2700,0
2016-06-24,18:55:00,84.21,84.24,84.09,84.12,4200,0
2016-06-24,19:00:00,84.11,84.16,83.93,83.96,7000,0
2016-06-24,19:05:00,83.96,84.13,83.89,84.13,2800,0
2016-06-24,19:10:00,84.12,84.12,83.83,83.84,5900,0
2016-06-24,19:15:00,83.89,84,83.88,83.99,3938,0
2016-06-24,19:20:00,84.01,84.055,83.86,83.87,8500,0
2016-06-24,19:25:00,83.86,83.9,83.74,83.74,2000,0
2016-06-24,19:30:00,83.84,83.91,83.78,83.91,3100,0
2016-06-24,19:35:00,83.88,83.97,83.72,83.93,4032,0
2016-06-24,19:40:00,83.97,84.11,83.97,84.01,2600,0
2016-06-24,19:45:00,83.95,84.02,83.9,83.97,2400,0
2016-06-24,19:50:00,83.94,83.94,83.82,83.89,2000,0
2016-06-24,19:55:00,83.96,84.05,83.84,83.91,10000,0
2016-06-24,20:00:00,83.93,84.01,83.93,84,3200,0
2016-06-24,20:05:00,84,84.02,83.9,84,8408,0
2016-06-24,20:10:00,84,84.04,83.91,84.01,2600,0
2016-06-24,20:15:00,84.04,84.19,84.04,84.12,6400,0
2016-06-24,20:20:00,84.125,84.14,84.09,84.13,3300,0
2016-06-24,20:25:00,84.12,84.12,83.91,83.91,1805,0
2016-06-24,20:30:00,83.93,84.06,83.88,83.99,5400,0
2016-06-24,20:35:00,83.97,83.97,83.67,83.71,4500,0
2016-06-24,20:40:00,83.71,83.81,83.64,83.73,4666,0
2016-06-24,20:45:00,83.71,83.77,83.66,83.66,5600,0
2016-06-24,20:50:00,83.65,83.74,83.27,83.74,19499,0
2016-06-24,20:55:00,83.76,83.78,83.63,83.76,2900,0
2016-06-24,21:00:00,83.83,83.93,83.72,83.72,4100,0
2016-06-24,21:05:00,83.76,83.83,83.67,83.68,4186,0
2016-06-24,21:10:00,83.63,83.71,83.54,83.54,1800,0
2016-06-24,21:15:00,83.55,83.61,83.34,83.6095,7000,0
2016-06-24,21:20:00,83.5301,83.6059,83.16,83.32,14941,0
2016-06-24,21:25:00,83.3,83.61,83.28,83.49,11202,0
2016-06-24,21:30:00,83.4699,83.58,83.41,83.42,8145,0
2016-06-24,21:35:00,83.41,83.46,83.35,83.46,7760,0
2016-06-24,21:40:00,83.41,83.5688,83.23,83.27,10095,0
2016-06-24,21:45:00,83.265,83.455,83.265,83.35,12300,0
2016-06-24,21:50:00,83.375,83.47,83.31,83.37,15079,0
2016-06-24,21:55:00,83.43,83.57,83.38,83.39,20971,0
2016-06-24,22:00:00,83.42,83.44,83.16,83.17,47276,0
2016-06-27,15:35:00,83,83,82.335,82.53,2569,0
2016-06-27,15:40:00,82.8,83.2,82.8,83.1,3219,0
2016-06-27,15:45:00,83.13,83.635,83.13,83.635,6100,0
2016-06-27,15:50:00,83.464,83.65,83.2,83.2,4498,0
2016-06-27,15:55:00,83.19,83.42,83.16,83.16,4392,0
2016-06-27,16:00:00,83.07,83.1,82.98,82.99,2200,0
2016-06-27,16:05:00,83.09,83.12,83,83.05,7444,0
2016-06-27,16:10:00,83.02,83.06,82.78,82.78,2000,0
2016-06-27,16:15:00,82.78,82.89,82.44,82.46,5253,0
2016-06-27,16:20:00,82.58,82.58,82.36,82.37,2200,0
2016-06-27,16:25:00,82.4001,82.66,82.4,82.45,5200,0
2016-06-27,16:30:00,82.39,82.42,82.13,82.175,2760,0
2016-06-27,16:35:00,82.22,82.28,82.09,82.09,3200,0
2016-06-27,16:40:00,82.09,82.2,82.07,82.19,3500,0
2016-06-27,16:45:00,82.29,82.33,82.13,82.13,5400,0
2016-06-27,16:50:00,82.13,82.32,82.06,82.11,12503,0
2016-06-27,16:55:00,82.25,82.56,82.25,82.56,5540,0
2016-06-27,17:00:00,82.62,82.78,82.56,82.56,5570,0
2016-06-27,17:05:00,82.425,82.54,82.38,82.4225,5617,0
2016-06-27,17:10:00,82.375,82.375,82.144,82.29,4989,0
2016-06-27,17:15:00,82.29,82.445,82.29,82.33,7779,0
2016-06-27,17:20:00,82.33,82.53,82.33,82.53,4700,0
2016-06-27,17:25:00,82.7,82.73,82.58,82.58,1723,0
2016-06-27,17:30:00,82.635,82.84,82.58,82.84,6802,0
2016-06-27,17:35:00,82.91,82.91,82.69,82.69,1600,0
2016-06-27,17:40:00,82.74,82.82,82.74,82.82,900,0
2016-06-27,17:45:00,82.75,82.87,82.75,82.87,3700,0
2016-06-27,17:50:00,82.81,83.02,82.8,83.02,1500,0
2016-06-27,17:55:00,83.17,83.19,83,83,4790,0
2016-06-27,18:00:00,83.11,83.15,82.95,82.95,5627,0
2016-06-27,18:05:00,83.015,83.08,82.975,83.07,1900,0
2016-06-27,18:10:00,83.08,83.14,83.032,83.14,2438,0
2016-06-27,18:15:00,83.09,83.09,82.98,83.06,800,0
2016-06-27,18:20:00,83.07,83.22,83.035,83.12,2900,0
2016-06-27,18:25:00,83.17,83.22,83.145,83.22,1200,0
2016-06-27,18:30:00,83.25,83.33,83.25,83.26,1700,0
2016-06-27,18:35:00,83.34,83.34,83.22,83.22,600,0
2016-06-27,18:40:00,83.23,83.24,83.03,83.03,5450,0
2016-06-27,18:45:00,83.04,83.05,82.96,82.965,1500,0
2016-06-27,18:50:00,82.965,82.965,82.9,82.96,1432,0
2016-06-27,18:55:00,83.03,83.22,82.99,83.22,8500,0
2016-06-27,19:00:00,83.25,83.4899,83.2,83.32,4499,0
2016-06-27,19:05:00,83.38,83.39,83.37,83.39,1100,0
2016-06-27,19:10:00,83.36,83.39,83.34,83.39,1400,0
2016-06-27,19:15:00,83.4,83.56,83.4,83.56,12450,0
2016-06-27,19:20:00,83.58,83.69,83.56,83.56,3100,0
2016-06-27,19:25:00,83.6,83.63,83.56,83.56,1200,0
2016-06-27,19:30:00,83.64,83.64,83.55,83.64,601,0
2016-06-27,19:35:00,83.58,83.58,83.42,83.42,3100,0
2016-06-27,19:40:00,83.41,83.52,83.41,83.48,4100,0
2016-06-27,19:45:00,83.49,83.49,83.34,83.34,4460,0
2016-06-27,19:50:00,83.4,83.4499,83.39,83.41,6343,0
2016-06-27,19:55:00,83.4,83.425,83.36,83.4,5100,0
2016-06-27,20:00:00,83.42,83.42,83.29,83.38,3200,0
2016-06-27,20:05:00,83.36,83.48,83.3,83.48,4100,0
2016-06-27,20:10:00,83.46,83.48,83.415,83.42,3133,0
2016-06-27,20:15:00,83.37,83.39,83.18,83.21,10970,0
2016-06-27,20:20:00,83.21,83.21,83.16,83.17,800,0
2016-06-27,20:25:00,83.18,83.32,83.18,83.29,6206,0
2016-06-27,20:30:00,83.3,83.65,83.29,83.63,6970,0
2016-06-27,20:35:00,83.59,83.8,83.55,83.72,10057,0
2016-06-27,20:40:00,83.73,83.84,83.66,83.81,6441,0
2016-06-27,20:45:00,83.81,83.84,83.73,83.75,1869,0
2016-06-27,20:50:00,83.8,83.8,83.62,83.62,2100,0
2016-06-27,20:55:00,83.55,83.55,83.37,83.37,800,0
2016-06-27,21:00:00,83.34,83.5,83.33,83.46,5800,0
2016-06-27,21:05:00,83.45,83.57,83.4001,83.57,5100,0
2016-06-27,21:10:00,83.57,83.575,83.48,83.552,5299,0
2016-06-27,21:15:00,83.52,83.6,83.5,83.56,4100,0
2016-06-27,21:20:00,83.51,83.52,83.46,83.485,3300,0
2016-06-27,21:25:00,83.44,83.45,83.31,83.31,5468,0
2016-06-27,21:30:00,83.31,83.34,83.28,83.3,2139,0
2016-06-27,21:35:00,83.28,83.39,83.24,83.32,6709,0
2016-06-27,21:40:00,83.29,83.52,83.24,83.51,15695,0
2016-06-27,21:45:00,83.51,83.51,83.4,83.41,8092,0
2016-06-27,21:50:00,83.415,83.56,83.39,83.56,11880,0
2016-06-27,21:55:00,83.55,83.55,83.4,83.4,8500,0
2016-06-27,22:00:00,83.42,83.48,83.37,83.39,28284,0
2016-06-28,15:35:00,83.5,83.63,82,83.6,3552,0
2016-06-28,15:40:00,83.47,84.18,83.318,83.8,16336,0
2016-06-28,15:45:00,84.06,84.14,83.67,84.07,2842,0
2016-06-28,15:50:00,84.07,84.42,83.97,84.08,3501,0
2016-06-28,15:55:00,84.14,84.28,84.04,84.04,1700,0
2016-06-28,16:00:00,84.04,84.07,83.71,83.71,2011,0
2016-06-28,16:05:00,83.68,83.68,83.08,83.19,11419,0
2016-06-28,16:10:00,83.05,83.28,82.97,83.17,5406,0
2016-06-28,16:15:00,83.11,83.16,82.99,82.99,1500,0
2016-06-28,16:20:00,82.97,83.03,82.77,83,2700,0
2016-06-28,16:25:00,83.035,83.035,82.83,82.9388,1370,0
2016-06-28,16:30:00,82.82,83.27,82.82,83.27,2800,0
2016-06-28,16:35:00,83.235,83.4,83.05,83.105,4337,0
2016-06-28,16:40:00,83.17,83.24,83.16,83.23,1200,0
2016-06-28,16:45:00,83.24,83.47,83.23,83.47,5504,0
2016-06-28,16:50:00,83.45,83.64,83.41,83.64,1900,0
2016-06-28,16:55:00,83.62,83.62,83.4,83.53,4000,0
2016-06-28,17:00:00,83.46,83.475,83.39,83.425,1645,0
2016-06-28,17:05:00,83.4,83.51,83.33,83.33,4095,0
2016-06-28,17:10:00,83.4099,83.43,83.26,83.38,5670,0
2016-06-28,17:15:00,83.404,83.404,83.35,83.38,400,0
2016-06-28,17:20:00,83.37,83.47,83.28,83.32,4730,0
2016-06-28,17:25:00,83.32,83.32,83.01,83.01,2443,0
2016-06-28,17:30:00,82.87,82.87,82.79,82.79,500,0
2016-06-28,17:35:00,82.84,83.01,82.82,83.01,2600,0
2016-06-28,17:40:00,83.06,83.14,83.06,83.11,2563,0
2016-06-28,17:45:00,83.0824,83.23,83.0824,83.2,1615,0
2016-06-28,17:50:00,83.23,83.32,83.22,83.2224,1475,0
2016-06-28,17:55:00,83.3,83.3,83.1505,83.195,5357,0
2016-06-28,18:00:00,83.14,83.22,83.065,83.195,2000,0
2016-06-28,18:05:00,83.26,83.26,83.18,83.235,3500,0
2016-06-28,18:10:00,83.19,83.26,83.15,83.26,4704,0
2016-06-28,18:15:00,83.2,83.26,83.19,83.245,2548,0
2016-06-28,18:20:00,83.28,83.36,83.245,83.32,1900,0
2016-06-28,18:25:00,83.31,83.37,83.3,83.3,1600,0
2016-06-28,18:30:00,83.245,83.245,83.12,83.2,1300,0
2016-06-28,18:35:00,83.18,83.26,83.18,83.26,800,0
2016-06-28,18:40:00,83.27,83.27,83.16,83.2,3400,0
2016-06-28,18:45:00,83.225,83.35,83.225,83.35,4300,0
2016-06-28,18:50:00,83.32,83.32,83.2,83.2,1200,0
2016-06-28,18:55:00,83.2,83.2,83.12,83.12,1620,0
2016-06-28,19:00:00,83.09,83.09,83.02,83.02,2050,0
2016-06-28,19:05:00,83.05,83.06,83.05,83.06,600,0
2016-06-28,19:10:00,83.03,83.03,82.93,82.9879,2450,0
2016-06-28,19:15:00,83.02,83.06,83.02,83.06,1500,0
2016-06-28,19:20:00,82.98,83.01,82.92,82.98,1900,0
2016-06-28,19:25:00,82.87,82.88,82.75,82.75,1300,0
2016-06-28,19:30:00,82.71,82.71,82.7,82.71,1000,0
2016-06-28,19:35:00,82.73,82.77,82.71,82.77,1000,0
2016-06-28,19:40:00,82.73,82.78,82.59,82.59,2875,0
2016-06-28,19:45:00,82.52,82.62,82.52,82.53,1929,0
2016-06-28,19:50:00,82.53,82.54,82.43,82.43,1800,0
2016-06-28,19:55:00,82.45,82.5,82.42,82.44,2400,0
2016-06-28,20:00:00,82.48,82.48,82.33,82.43,1800,0
2016-06-28,20:05:00,82.41,82.5,82.37,82.45,4518,0
2016-06-28,20:10:00,82.45,82.45,82.36,82.39,1200,0
2016-06-28,20:15:00,82.33,82.35,82.3,82.3,900,0
2016-06-28,20:20:00,82.29,82.47,82.2875,82.47,6093,0
2016-06-28,20:25:00,82.51,82.63,82.51,82.57,2400,0
2016-06-28,20:30:00,82.56,82.63,82.56,82.605,2000,0
2016-06-28,20:35:00,82.63,82.85,82.63,82.82,3300,0
2016-06-28,20:40:00,82.82,82.93,82.75,82.89,5400,0
2016-06-28,20:45:00,82.86,82.86,82.76,82.76,1985,0
2016-06-28,20:50:00,82.8,82.89,82.8,82.86,4600,0
2016-06-28,20:55:00,82.87,82.99,82.86,82.97,4500,0
2016-06-28,21:00:00,82.95,83.12,82.95,83.01,2936,0
2016-06-28,21:05:00,83.05,83.07,82.84,82.94,3700,0
2016-06-28,21:10:00,82.95,83,82.88,82.9,5700,0
2016-06-28,21:15:00,82.88,83.02,82.88,83.01,3900,0
2016-06-28,21:20:00,82.97,83.04,82.9,82.9,2900,0
2016-06-28,21:25:00,82.88,82.91,82.845,82.845,3300,0
2016-06-28,21:30:00,82.82,82.82,82.72,82.81,4650,0
2016-06-28,21:35:00,82.83,82.87,82.79,82.8,5638,0
2016-06-28,21:40:00,82.8,82.8,82.68,82.69,8028,0
2016-06-28,21:45:00,82.69,82.715,82.64,82.68,10908,0
2016-06-28,21:50:00,82.7,82.77,82.69,82.77,10237,0
2016-06-28,21:55:00,82.76,82.77,82.68,82.75,6379,0
2016-06-28,22:00:00,82.77,82.77,82.65,82.65,52045,0
2016-06-29,15:35:00,83.73,83.73,82.7593,83.66,4136,0
2016-06-29,15:40:00,83.6,84.19,83.6,84.1499,10918,0
2016-06-29,15:45:00,84.19,84.45,84.11,84.27,6202,0
2016-06-29,15:50:00,84.2,84.2,83.76,84.03,6724,0
2016-06-29,15:55:00,83.94,83.94,83.78,83.94,700,0
2016-06-29,16:00:00,83.876,83.89,83.45,83.45,2038,0
2016-06-29,16:05:00,83.55,83.55,83.15,83.15,2519,0
2016-06-29,16:10:00,83.19,83.19,82.63,82.63,5500,0
2016-06-29,16:15:00,82.65,82.74,82.41,82.42,2800,0
2016-06-29,16:20:00,82.38,82.54,82.29,82.43,4200,0
2016-06-29,16:25:00,82.39,82.43,82,82.08,4118,0
2016-06-29,16:30:00,82.01,82.3,82.01,82.23,4716,0
2016-06-29,16:35:00,82.2,82.27,82,82.155,17700,0
2016-06-29,16:40:00,82.11,82.27,82.04,82.175,8700,0
2016-06-29,16:45:00,82.26,82.33,82.2,82.28,3219,0
2016-06-29,16:50:00,82.27,82.34,82.24,82.34,3261,0
2016-06-29,16:55:00,82.3,82.33,81.94,82.06,12644,0
2016-06-29,17:00:00,82.025,82.17,82.02,82.06,14856,0
2016-06-29,17:05:00,82.0775,82.09,82.01,82.01,4300,0
2016-06-29,17:10:00,82.01,82.03,81.7,81.73,17355,0
2016-06-29,17:15:00,81.73,82.09,81.73,82.085,26926,0
2016-06-29,17:20:00,82.07,82.44,82.07,82.43,7488,0
2016-06-29,17:25:00,82.42,82.42,82.12,82.25,3200,0
2016-06-29,17:30:00,82.12,82.2099,82.02,82.19,5523,0
2016-06-29,17:35:00,82.19,82.35,82.18,82.32,3300,0
2016-06-29,17:40:00,82.31,82.41,82.31,82.39,2439,0
2016-06-29,17:45:00,82.4,82.48,82.4,82.48,6260,0
2016-06-29,17:50:00,82.42,82.42,82.31,82.31,1800,0
2016-06-29,17:55:00,82.32,82.48,82.305,82.44,3385,0
2016-06-29,18:00:00,82.47,82.47,82.32,82.39,1200,0
2016-06-29,18:05:00,82.38,82.55,82.38,82.53,3627,0
2016-06-29,18:10:00,82.49,82.59,82.44,82.59,4000,0
2016-06-29,18:15:00,82.555,82.69,82.555,82.68,1797,0
2016-06-29,18:20:00,82.68,82.77,82.68,82.77,3339,0
2016-06-29,18:25:00,82.685,82.75,82.685,82.69,300,0
2016-06-29,18:30:00,82.76,82.81,82.73,82.8,4145,0
2016-06-29,18:35:00,82.81,82.86,82.8,82.8,1700,0
2016-06-29,18:40:00,82.83,82.83,82.75,82.7825,3000,0
2016-06-29,18:45:00,82.7646,82.78,82.69,82.77,2840,0
2016-06-29,18:50:00,82.69,82.76,82.65,82.73,2100,0
2016-06-29,18:55:00,82.65,82.67,82.6,82.61,2200,0
2016-06-29,19:00:00,82.61,82.61,82.415,82.415,1300,0
2016-06-29,19:05:00,82.52,82.53,82.45,82.505,1800,0
2016-06-29,19:10:00,82.48,82.505,82.24,82.25,4800,0
2016-06-29,19:15:00,82.32,82.36,82.24,82.36,3500,0
2016-06-29,19:20:00,82.37,82.37,82.29,82.325,2500,0
2016-06-29,19:25:00,82.36,82.37,82.23,82.23,2300,0
2016-06-29,19:30:00,82.19,82.28,81.95,82.25,10575,0
2016-06-29,19:35:00,82.25,82.32,82.2,82.32,3400,0
2016-06-29,19:40:00,82.31,82.31,82.31,82.31,100,0
2016-06-29,19:45:00,82.31,82.31,82.24,82.24,600,0
2016-06-29,19:50:00,82.27,82.3,82.11,82.11,3002,0
2016-06-29,19:55:00,82.17,82.17,81.955,82.06,1736,0
2016-06-29,20:00:00,82,82.03,81.92,81.9825,2500,0
2016-06-29,20:05:00,82.01,82.32,81.99,82.22,8342,0
2016-06-29,20:10:00,82.26,82.38,82.25,82.38,2567,0
2016-06-29,20:15:00,82.31,82.38,82.25,82.38,3403,0
2016-06-29,20:20:00,82.39,82.43,82.39,82.42,1313,0
2016-06-29,20:25:00,82.414,82.76,82.414,82.76,6419,0
2016-06-29,20:30:00,82.79,82.8,82.7373,82.7373,1682,0
2016-06-29,20:35:00,82.78,82.82,82.75,82.75,4600,0
2016-06-29,20:40:00,82.75,82.75,82.62,82.7,800,0
2016-06-29,20:45:00,82.64,82.64,82.59,82.63,1500,0
2016-06-29,20:50:00,82.63,82.89,82.63,82.7,7509,0
2016-06-29,20:55:00,82.75,82.78,82.67,82.72,3026,0
2016-06-29,21:00:00,82.75,82.77,82.73,82.75,1100,0
2016-06-29,21:05:00,82.75,82.81,82.69,82.8,4836,0
2016-06-29,21:10:00,82.74,82.83,82.7,82.83,3739,0
2016-06-29,21:15:00,82.83,82.985,82.81,82.92,5769,0
2016-06-29,21:20:00,82.92,83.04,82.889,83.02,6500,0
2016-06-29,21:25:00,82.96,83.01,82.85,82.88,3264,0
2016-06-29,21:30:00,82.91,83.01,82.84,82.84,4200,0
2016-06-29,21:35:00,82.92,82.92,82.68,82.81,6840,0
2016-06-29,21:40:00,82.82,82.82,82.69,82.69,2718,0
2016-06-29,21:45:00,82.74,82.74,82.64,82.67,9302,0
2016-06-29,21:50:00,82.67,82.8,82.64,82.67,6734,0
2016-06-29,21:55:00,82.685,82.69,82.58,82.59,12335,0
2016-06-29,22:00:00,82.585,82.67,82.56,82.58,34499,0
2016-06-30,15:35:00,83.09,83.71,83.09,83.71,2731,0
2016-06-30,15:40:00,83.69,84.34,83.69,84.34,600,0
2016-06-30,15:45:00,84.29,85.28,84.1,84.82,21582,0
2016-06-30,15:50:00,84.97,85.96,84.93,85.63,22149,0
2016-06-30,15:55:00,85.6,85.85,85.5,85.5,11207,0
2016-06-30,16:00:00,85.48,85.5,85.11,85.31,8184,0
2016-06-30,16:05:00,85.45,86.43,85.45,86.26,24928,0
2016-06-30,16:10:00,86.26,86.78,85.96,86.78,25542,0
2016-06-30,16:15:00,86.68,86.75,86.44,86.52,14999,0
2016-06-30,16:20:00,86.405,86.95,86.405,86.95,8600,0
2016-06-30,16:25:00,87,87.025,86.84,86.975,8700,0
2016-06-30,16:30:00,86.8349,87.64,86.8349,87.44,15731,0
2016-06-30,16:35:00,87.43,88.11,87.33,87.935,11944,0
2016-06-30,16:40:00,87.9388,88.95,87.87,88.95,16479,0
2016-06-30,16:45:00,88.83,89.17,88.68,88.7,18021,0
2016-06-30,16:50:00,88.72,89.22,88.6,88.8,12908,0
2016-06-30,16:55:00,88.8,89.04,87.63,88.81,15050,0
2016-06-30,17:00:00,88.9,89.02,88.61,88.95,31300,0
2016-06-30,17:05:00,88.97,89.02,88.59,88.65,21663,0
2016-06-30,17:10:00,88.6422,88.685,88.05,88.155,9044,0
2016-06-30,17:15:00,88.19,88.22,87.7875,87.83,8422,0
2016-06-30,17:20:00,87.79,88.09,87.66,87.72,5324,0
2016-06-30,17:25:00,87.66,87.85,87.08,87.19,10750,0
2016-06-30,17:30:00,87.165,87.88,87.165,87.74,18574,0
2016-06-30,17:35:00,87.7,87.8,87.6,87.69,19801,0
2016-06-30,17:40:00,87.745,87.745,87.13,87.49,8651,0
2016-06-30,17:45:00,87.44,87.69,87.23,87.33,3800,0
2016-06-30,17:50:00,87.34,87.8,87.33,87.63,5900,0
2016-06-30,17:55:00,87.52,87.52,87.09,87.09,4010,0
2016-06-30,18:00:00,87.04,87.24,86.36,86.56,47973,0
2016-06-30,18:05:00,86.64,87.8,86.63,87.8,15956,0
2016-06-30,18:10:00,87.8,88.06,87.51,88.06,33606,0
2016-06-30,18:15:00,88.05,88.54,88.002,88.5,32940,0
2016-06-30,18:20:00,88.5,88.61,88.33,88.5,26708,0
2016-06-30,18:25:00,88.5,88.545,88.15,88.38,4940,0
2016-06-30,18:30:00,88.32,88.39,87.8601,88.04,17700,0
2016-06-30,18:35:00,87.87,87.98,87.7701,87.82,3045,0
2016-06-30,18:40:00,87.8,87.904,87.66,87.82,4052,0
2016-06-30,18:45:00,87.87,87.89,87.681,87.681,1830,0
2016-06-30,18:50:00,87.49,87.652,87.37,87.435,2900,0
2016-06-30,18:55:00,87.51,87.78,87.51,87.73,5300,0
2016-06-30,19:00:00,87.7,88.04,87.69,88.04,1600,0
2016-06-30,19:05:00,87.98,88.06,87.85,87.93,2200,0
2016-06-30,19:10:00,88.02,88.02,87.88,87.91,2400,0
2016-06-30,19:15:00,87.9,87.9599,87.65,87.65,2800,0
2016-06-30,19:20:00,87.58,88,87.58,87.885,4900,0
2016-06-30,19:25:00,87.83,87.936,87.81,87.896,600,0
2016-06-30,19:30:00,87.8,87.81,87.68,87.68,2500,0
2016-06-30,19:35:00,87.65,87.65,87.53,87.53,1100,0
2016-06-30,19:40:00,87.47,87.65,87.46,87.52,5290,0
2016-06-30,19:45:00,87.52,87.52,87.34,87.47,5300,0
2016-06-30,19:50:00,87.53,87.53,87.27,87.46,17100,0
2016-06-30,19:55:00,87.425,87.5,87.22,87.37,5142,0
2016-06-30,20:00:00,87.2,87.235,86.99,87.2,6790,0
2016-06-30,20:05:00,87.08,87.13,86.94,87,3750,0
2016-06-30,20:10:00,86.85,86.86,86.5794,86.5794,3600,0
2016-06-30,20:15:00,86.56,86.798,86.56,86.68,6855,0
2016-06-30,20:20:00,86.6,86.68,86.58,86.64,7805,0
2016-06-30,20:25:00,86.5775,86.775,86.5775,86.74,4700,0
2016-06-30,20:30:00,86.75,86.75,86.39,86.44,5005,0
2016-06-30,20:35:00,86.45,86.58,86.38,86.38,5930,0
2016-06-30,20:40:00,86.448,86.448,86.27,86.35,5300,0
2016-06-30,20:45:00,86.36,86.6,86.33,86.6,2600,0
2016-06-30,20:50:00,86.61,86.66,86.39,86.39,8156,0
2016-06-30,20:55:00,86.43,86.48,86.4,86.42,4293,0
2016-06-30,21:00:00,86.45,86.45,86.15,86.15,2900,0
2016-06-30,21:05:00,86.16,86.27,86.16,86.2,7048,0
2016-06-30,21:10:00,86.22,86.22,86.115,86.2,10000,0
2016-06-30,21:15:00,86.19,86.23,86.07,86.14,6700,0
2016-06-30,21:20:00,86.2,86.2,86.04,86.19,8933,0
2016-06-30,21:25:00,86.18,86.21,86.02,86.21,7277,0
2016-06-30,21:30:00,86.18,86.48,86.18,86.48,7772,0
2016-06-30,21:35:00,86.4,86.4575,86.14,86.14,10268,0
2016-06-30,21:40:00,86.11,86.21,86.07,86.19,8915,0
2016-06-30,21:45:00,86.2,86.39,86.2,86.34,9563,0
2016-06-30,21:50:00,86.34,86.35,86.28,86.32,9822,0
2016-06-30,21:55:00,86.31,86.58,86.29,86.57,14607,0
2016-06-30,22:00:00,86.57,86.7,86.56,86.64,79426,0
2016-07-01,15:35:00,86.92,86.94,86.2,86.2,4025,0
2016-07-01,15:40:00,86.35,87.195,86.35,87.195,1739,0
2016-07-01,15:45:00,87.22,87.64,87.22,87.53,8000,0
2016-07-01,15:50:00,87.76,88.03,87.55,87.55,17710,0
2016-07-01,15:55:00,87.55,87.55,87.27,87.28,2300,0
2016-07-01,16:00:00,87.32,87.48,87.29,87.48,1700,0
2016-07-01,16:05:00,87.44,87.87,87.29,87.29,5663,0
2016-07-01,16:10:00,87.375,87.375,86.82,86.82,1909,0
2016-07-01,16:15:00,86.765,87.05,86.765,87.01,2100,0
2016-07-01,16:20:00,86.9442,87.12,86.82,87.08,7000,0
2016-07-01,16:25:00,87.03,87.03,86.99,87.01,1300,0
2016-07-01,16:30:00,86.89,87.11,86.73,87.11,3800,0
2016-07-01,16:35:00,87.24,87.32,87.04,87.04,3830,0
2016-07-01,16:40:00,86.98,87.06,86.73,86.73,3500,0
2016-07-01,16:45:00,86.68,86.68,86.07,86.07,8858,0
2016-07-01,16:50:00,86.135,86.135,85.82,85.82,2700,0
2016-07-01,16:55:00,85.81,86.22,85.79,85.79,7765,0
2016-07-01,17:00:00,85.83,86.1,85.79,85.79,5205,0
2016-07-01,17:05:00,85.74,85.82,85.47,85.53,2829,0
2016-07-01,17:10:00,85.53,85.53,85.13,85.15,2612,0
2016-07-01,17:15:00,85.19,85.48,85.19,85.48,2717,0
2016-07-01,17:20:00,85.41,85.69,85.41,85.69,1550,0
2016-07-01,17:25:00,85.72,85.72,85.49,85.49,1100,0
2016-07-01,17:30:00,85.62,85.67,85.56,85.59,2100,0
2016-07-01,17:35:00,85.68,85.71,85.47,85.47,1858,0
2016-07-01,17:40:00,85.47,85.47,85.45,85.45,300,0
2016-07-01,17:45:00,85.45,85.52,85.38,85.38,2050,0
2016-07-01,17:50:00,85.35,85.4,85.26,85.31,2700,0
2016-07-01,17:55:00,85.3,85.31,85.16,85.26,2600,0
2016-07-01,18:00:00,85.23,85.26,85.07,85.07,2200,0
2016-07-01,18:05:00,85.09,85.24,85.01,85.01,2700,0
2016-07-01,18:10:00,85.08,85.21,85.08,85.195,2501,0
2016-07-01,18:15:00,85.18,85.36,85.18,85.36,1736,0
2016-07-01,18:20:00,85.42,85.42,85.16,85.17,1900,0
2016-07-01,18:25:00,85.18,85.18,84.93,84.9501,1762,0
2016-07-01,18:30:00,84.95,84.99,84.87,84.95,1800,0
2016-07-01,18:35:00,84.96,85.16,84.96,85.16,1330,0
2016-07-01,18:40:00,85.112,85.25,85.06,85.06,1100,0
2016-07-01,18:45:00,85.1,85.19,85.05,85.19,1900,0
2016-07-01,18:50:00,85.14,85.15,85.1,85.1,800,0
2016-07-01,18:55:00,85.1,85.1,84.99,85.085,3052,0
2016-07-01,19:00:00,85.14,85.19,85.02,85.04,2100,0
2016-07-01,19:05:00,85.02,85.15,84.98,85.131,2300,0
2016-07-01,19:10:00,85.06,85.08,85.04,85.04,700,0
2016-07-01,19:15:00,85.04,85.21,85.03,85.21,1050,0
2016-07-01,19:20:00,85.18,85.18,84.89,84.89,2400,0
2016-07-01,19:25:00,84.81,84.87,84.74,84.74,2723,0
2016-07-01,19:30:00,84.71,84.75,84.53,84.53,2400,0
2016-07-01,19:35:00,84.6,84.75,84.6,84.75,1100,0
2016-07-01,19:40:00,84.78,84.8,84.69,84.75,2060,0
2016-07-01,19:45:00,84.74,84.81,84.73,84.765,2000,0
2016-07-01,19:50:00,84.775,84.91,84.775,84.91,2903,0
2016-07-01,19:55:00,84.985,84.985,84.74,84.79,1500,0
2016-07-01,20:00:00,84.74,84.79,84.675,84.675,2000,0
2016-07-01,20:05:00,84.61,84.71,84.47,84.47,3700,0
2016-07-01,20:10:00,84.445,84.52,84.23,84.52,5034,0
2016-07-01,20:15:00,84.615,84.68,84.35,84.35,4470,0
2016-07-01,20:20:00,84.47,84.58,84.45,84.57,3602,0
2016-07-01,20:25:00,84.57,84.67,84.54,84.655,4330,0
2016-07-01,20:30:00,84.73,84.73,84.56,84.565,1200,0
2016-07-01,20:35:00,84.62,84.64,84.56,84.59,3500,0
2016-07-01,20:40:00,84.56,84.65,84.54,84.61,5805,0
2016-07-01,20:45:00,84.62,84.795,84.54,84.605,5600,0
2016-07-01,20:50:00,84.7,84.87,84.7,84.7,3500,0
2016-07-01,20:55:00,84.765,84.765,84.63,84.67,1100,0
2016-07-01,21:00:00,84.69,84.88,84.69,84.75,3500,0
2016-07-01,21:05:00,84.77,84.81,84.74,84.75,3900,0
2016-07-01,21:10:00,84.72,84.73,84.65,84.73,2200,0
2016-07-01,21:15:00,84.73,84.89,84.73,84.77,3700,0
2016-07-01,21:20:00,84.825,84.825,84.66,84.67,2779,0
2016-07-01,21:25:00,84.65,84.72,84.6,84.6,3400,0
2016-07-01,21:30:00,84.6,84.71,84.49,84.515,8825,0
2016-07-01,21:35:00,84.49,84.59,84.39,84.475,5900,0
2016-07-01,21:40:00,84.44,84.64,84.43,84.44,5000,0
2016-07-01,21:45:00,84.4,84.7,84.4,84.635,3327,0
2016-07-01,21:50:00,84.63,84.75,84.63,84.64,5798,0
2016-07-01,21:55:00,84.64,84.71,84.63,84.6639,11536,0
2016-07-01,22:00:00,84.66,84.73,84.63,84.63,14184,0
