Date,Time,Open,High,Low,Close,Volume,OpenInt
2016-05-31,15:35:00,31.82,31.82,31.82,31.82,119,0
2016-05-31,15:40:00,31.74,31.8899,31.7,31.8899,1500,0
2016-05-31,15:45:00,31.89,32.16,31.82,31.82,3000,0
2016-05-31,15:50:00,31.87,31.97,31.87,31.97,2800,0
2016-05-31,15:55:00,31.51,31.72,31.51,31.72,300,0
2016-05-31,16:05:00,31.52,31.52,31.52,31.52,100,0
2016-05-31,16:15:00,31.58,31.58,31.58,31.58,100,0
2016-05-31,16:20:00,31.66,31.66,31.66,31.66,100,0
2016-05-31,16:25:00,31.69,31.69,31.69,31.69,100,0
2016-05-31,16:40:00,31.7,31.7,31.43,31.43,800,0
2016-05-31,16:45:00,31.51,31.51,31.51,31.51,100,0
2016-05-31,17:05:00,31.655,31.7,31.61,31.64,900,0
2016-05-31,17:10:00,31.53,31.56,31.47,31.47,400,0
2016-05-31,17:20:00,31.55,31.55,31.54,31.54,300,0
2016-05-31,17:30:00,31.55,31.55,31.55,31.55,100,0
2016-05-31,17:40:00,31.62,31.62,31.62,31.62,100,0
2016-05-31,17:45:00,31.57,31.57,31.57,31.57,100,0
2016-05-31,17:50:00,31.62,31.62,31.59,31.59,200,0
2016-05-31,18:00:00,31.56,31.56,31.46,31.46,200,0
2016-05-31,18:05:00,31.32,31.37,31.32,31.37,500,0
2016-05-31,18:10:00,31.26,31.26,31.26,31.26,100,0
2016-05-31,18:35:00,31.5,31.5,31.47,31.49,600,0
2016-05-31,18:40:00,31.41,31.41,31.41,31.41,100,0
2016-05-31,18:45:00,31.415,31.415,31.415,31.415,100,0
2016-05-31,18:55:00,31.4,31.46,31.4,31.46,200,0
2016-05-31,19:05:00,31.41,31.41,31.41,31.41,100,0
2016-05-31,19:15:00,31.44,31.44,31.44,31.44,100,0
2016-05-31,19:25:00,31.38,31.5,31.38,31.5,1100,0
2016-05-31,19:30:00,31.47,31.47,31.45,31.45,200,0
2016-05-31,19:40:00,31.3,31.3,31.3,31.3,100,0
2016-05-31,19:50:00,31.29,31.29,31.29,31.29,200,0
2016-05-31,19:55:00,31.26,31.26,31.26,31.26,900,0
2016-05-31,20:00:00,31.26,31.26,31.235,31.235,200,0
2016-05-31,20:05:00,31.26,31.26,31.24,31.26,400,0
2016-05-31,20:10:00,31.26,31.26,31.22,31.25,800,0
2016-05-31,20:15:00,31.18,31.18,31.18,31.18,100,0
2016-05-31,20:25:00,31.09,31.09,31.09,31.09,100,0
2016-05-31,20:35:00,31.14,31.14,31.14,31.14,100,0
2016-05-31,20:45:00,31.17,31.17,31.17,31.17,100,0
2016-05-31,20:55:00,31.19,31.19,31.19,31.19,100,0
2016-05-31,21:00:00,31.19,31.19,31.19,31.19,100,0
2016-05-31,21:05:00,31.18,31.18,31.18,31.18,100,0
2016-05-31,21:10:00,31.18,31.24,31.18,31.24,400,0
2016-05-31,21:15:00,31.38,31.38,31.38,31.38,100,0
2016-05-31,21:20:00,31.235,31.235,31.235,31.235,100,0
2016-05-31,21:25:00,31.22,31.22,31.19,31.2,400,0
2016-05-31,21:30:00,31.17,31.22,31.17,31.22,400,0
2016-05-31,21:35:00,31.12,31.18,31.12,31.18,200,0
2016-05-31,21:40:00,31.18,31.18,31.11,31.16,500,0
2016-05-31,21:45:00,31.18,31.225,31.13,31.13,509,0
2016-05-31,21:55:00,31.17,31.29,31.17,31.29,400,0
2016-05-31,22:00:00,31.37,31.37,31.11,31.22,10165,0
2016-06-01,15:35:00,31.29,31.29,31.29,31.29,100,0
2016-06-01,15:50:00,31.24,31.24,31.1,31.1,200,0
2016-06-01,16:10:00,31.06,31.22,31.06,31.22,500,0
2016-06-01,16:25:00,31.23,31.23,31.23,31.23,100,0
2016-06-01,16:30:00,31.24,31.24,31.24,31.24,100,0
2016-06-01,16:40:00,31.23,31.23,31.23,31.23,100,0
2016-06-01,16:45:00,31.14,31.17,31.05,31.17,400,0
2016-06-01,16:55:00,31.24,31.25,31.24,31.25,200,0
2016-06-01,17:05:00,31.33,31.35,31.33,31.35,200,0
2016-06-01,17:10:00,31.44,31.44,31.355,31.37,400,0
2016-06-01,17:15:00,31.4,31.47,31.4,31.425,400,0
2016-06-01,17:25:00,31.53,31.53,31.53,31.53,100,0
2016-06-01,17:45:00,31.53,31.55,31.53,31.55,1300,0
2016-06-01,17:50:00,31.55,31.75,31.55,31.75,900,0
2016-06-01,17:55:00,31.76,31.96,31.76,31.96,600,0
2016-06-01,18:00:00,31.97,32.08,31.97,32.08,600,0
2016-06-01,18:05:00,32.2,32.47,32.2,32.47,700,0
2016-06-01,18:10:00,32.48,32.5,32.4,32.47,600,0
2016-06-01,18:15:00,32.48,32.76,32.44,32.75,2002,0
2016-06-01,18:20:00,32.89,32.99,32.89,32.99,800,0
2016-06-01,18:25:00,33.05,33.12,33.05,33.12,700,0
2016-06-01,18:30:00,33.1,33.1,32.77,32.98,2950,0
2016-06-01,18:35:00,32.99,33.4,32.99,33.4,1000,0
2016-06-01,18:45:00,33.38,33.41,32.945,33.34,9044,0
2016-06-01,18:50:00,33.21,33.54,33.2,33.54,7100,0
2016-06-01,18:55:00,33.58,33.61,33.58,33.61,400,0
2016-06-01,19:00:00,33.58,33.71,33.58,33.66,1000,0
2016-06-01,19:05:00,33.66,33.71,33.64,33.71,1000,0
2016-06-01,19:10:00,33.9,34.04,33.88,34.04,500,0
2016-06-01,19:15:00,34.07,34.08,34.07,34.08,200,0
2016-06-01,19:20:00,34.01,34.18,33.86,33.98,2800,0
2016-06-01,19:25:00,33.99,34.02,33.99,34.01,400,0
2016-06-01,19:30:00,34,34,33.89,33.9,600,0
2016-06-01,20:05:00,33.285,33.285,33.285,33.285,100,0
2016-06-01,20:10:00,33.61,33.73,33.21,33.73,1300,0
2016-06-01,20:20:00,33.91,33.91,33.91,33.91,100,0
2016-06-01,20:25:00,33.82,33.82,33.77,33.7701,800,0
2016-06-01,20:30:00,33.78,33.78,33.78,33.78,200,0
2016-06-01,20:35:00,33.725,33.725,33.5935,33.5935,265,0
2016-06-01,20:50:00,33.41,33.41,33.41,33.41,100,0
2016-06-01,21:15:00,33.475,33.62,33.475,33.62,1000,0
2016-06-01,21:20:00,33.53,33.53,33.49,33.49,200,0
2016-06-01,21:25:00,33.61,33.61,33.56,33.56,1100,0
2016-06-01,21:30:00,33.48,33.48,33.37,33.37,700,0
2016-06-01,21:35:00,33.43,33.43,33.38,33.38,200,0
2016-06-01,21:40:00,33.455,33.52,33.37,33.48,500,0
2016-06-01,21:45:00,33.53,33.53,33.425,33.5,900,0
2016-06-01,21:50:00,33.45,33.46,33.44,33.44,900,0
2016-06-01,21:55:00,33.36,33.43,33.29,33.31,800,0
2016-06-01,22:00:00,33.38,33.39,33.28,33.39,2801,0
2016-06-02,15:35:00,33.31,33.31,33.31,33.31,164,0
2016-06-02,15:40:00,33.32,33.32,33.32,33.32,132,0
2016-06-02,15:45:00,33.25,33.25,33.1,33.1,1105,0
2016-06-02,15:50:00,32.89,32.95,32.89,32.95,200,0
2016-06-02,16:05:00,32.73,32.73,32.385,32.41,600,0
2016-06-02,16:10:00,32.69,32.69,32.69,32.69,100,0
2016-06-02,16:20:00,32.3998,32.56,32.395,32.56,1100,0
2016-06-02,16:40:00,32.55,32.55,32.55,32.55,100,0
2016-06-02,16:50:00,32.5199,32.5199,32.5199,32.5199,100,0
2016-06-02,16:55:00,32.37,32.37,32.37,32.37,100,0
2016-06-02,17:05:00,32.37,32.37,32.37,32.37,100,0
2016-06-02,17:10:00,32.49,32.5,32.49,32.5,400,0
2016-06-02,17:15:00,32.4,32.4,32.4,32.4,100,0
2016-06-02,17:25:00,32.39,32.39,32.39,32.39,100,0
2016-06-02,17:30:00,32.52,32.61,32.52,32.61,700,0
2016-06-02,17:35:00,32.67,32.67,32.56,32.56,400,0
2016-06-02,17:40:00,32.6,32.66,32.41,32.57,2600,0
2016-06-02,17:55:00,32.43,32.43,32.43,32.43,100,0
2016-06-02,18:25:00,32.56,32.59,32.56,32.59,300,0
2016-06-02,18:30:00,32.5501,32.58,32.5,32.56,800,0
2016-06-02,18:55:00,32.6,32.6,32.6,32.6,100,0
2016-06-02,19:00:00,32.54,32.54,32.48,32.48,400,0
2016-06-02,19:05:00,32.51,32.51,32.51,32.51,100,0
2016-06-02,19:10:00,32.68,32.68,32.68,32.68,100,0
2016-06-02,19:35:00,32.49,32.49,32.49,32.49,100,0
2016-06-02,20:10:00,32.52,32.575,32.52,32.575,400,0
2016-06-02,20:30:00,32.64,32.64,32.64,32.64,100,0
2016-06-02,20:35:00,32.52,32.52,32.52,32.52,200,0
2016-06-02,20:40:00,32.48,32.48,32.48,32.48,100,0
2016-06-02,20:45:00,32.49,32.49,32.49,32.49,100,0
2016-06-02,20:50:00,32.48,32.48,32.44,32.44,300,0
2016-06-02,20:55:00,32.497,32.497,32.497,32.497,100,0
2016-06-02,21:00:00,32.43,32.43,32.43,32.43,100,0
2016-06-02,21:05:00,32.43,32.45,32.405,32.405,500,0
2016-06-02,21:10:00,32.37,32.37,32.31,32.31,200,0
2016-06-02,21:20:00,32.33,32.54,32.32,32.32,3305,0
2016-06-02,21:25:00,32.5,32.76,32.33,32.54,6207,0
2016-06-02,21:30:00,32.63,32.63,32.56,32.56,200,0
2016-06-02,21:35:00,32.62,32.62,32.55,32.59,1200,0
2016-06-02,21:40:00,32.6,32.6,32.59,32.59,200,0
2016-06-02,21:45:00,32.65,32.65,32.64,32.64,800,0
2016-06-02,21:50:00,32.71,32.71,32.64,32.68,300,0
2016-06-02,21:55:00,32.71,32.71,32.65,32.66,900,0
2016-06-02,22:00:00,32.62,32.71,32.6,32.7,1601,0
2016-06-03,15:35:00,32.72,32.72,32.72,32.72,432,0
2016-06-03,16:05:00,32.69,32.7,32.46,32.46,600,0
2016-06-03,16:10:00,32.53,32.53,32.53,32.53,100,0
2016-06-03,16:15:00,32.49,32.56,32.27,32.27,600,0
2016-06-03,16:20:00,32.4285,32.4285,32.27,32.27,300,0
2016-06-03,16:35:00,32.275,32.3599,32.275,32.32,400,0
2016-06-03,17:00:00,32.41,32.41,32.41,32.41,100,0
2016-06-03,17:15:00,32.35,32.35,32.14,32.14,400,0
2016-06-03,17:20:00,32.21,32.23,32.07,32.07,300,0
2016-06-03,17:25:00,32.23,32.23,32.07,32.23,700,0
2016-06-03,17:35:00,32.24,32.24,32.24,32.24,200,0
2016-06-03,17:40:00,32.29,32.29,32.29,32.29,100,0
2016-06-03,17:45:00,32.3099,32.35,32.265,32.35,600,0
2016-06-03,17:50:00,32.38,32.38,32.38,32.38,100,0
2016-06-03,18:00:00,32.29,32.29,32.29,32.29,200,0
2016-06-03,18:35:00,32.29,32.29,32.17,32.17,200,0
2016-06-03,19:05:00,32.14,32.14,32.14,32.14,100,0
2016-06-03,19:20:00,32.1,32.1,32.09,32.09,200,0
2016-06-03,19:35:00,32.18,32.18,32.14,32.14,200,0
2016-06-03,19:55:00,32.13,32.13,32.13,32.13,100,0
2016-06-03,20:10:00,32.21,32.21,32.16,32.16,200,0
2016-06-03,20:25:00,32.21,32.21,32.21,32.21,100,0
2016-06-03,20:30:00,32.12,32.12,32.12,32.12,100,0
2016-06-03,20:40:00,32.11,32.11,32.11,32.11,100,0
2016-06-03,20:55:00,32.1,32.1,32.1,32.1,100,0
2016-06-03,21:00:00,32.08,32.08,32.08,32.08,100,0
2016-06-03,21:15:00,32.09,32.09,32,32,500,0
2016-06-03,21:25:00,32.06,32.06,32.06,32.06,100,0
2016-06-03,21:30:00,31.83,31.83,31.83,31.83,100,0
2016-06-03,21:40:00,31.81,31.95,31.81,31.94,600,0
2016-06-03,21:45:00,31.82,31.82,31.82,31.82,100,0
2016-06-03,21:50:00,31.89,31.89,31.81,31.81,400,0
2016-06-03,21:55:00,31.79,31.83,31.65,31.67,2834,0
2016-06-03,22:00:00,31.59,31.665,31.58,31.63,7748,0
2016-06-06,15:35:00,31.89,31.89,31.89,31.89,357,0
2016-06-06,15:45:00,32.015,32.015,31.9057,31.9057,200,0
2016-06-06,15:55:00,31.63,31.63,31.63,31.63,100,0
2016-06-06,16:10:00,31.9,31.9,31.9,31.9,100,0
2016-06-06,16:15:00,31.9899,31.9899,31.9899,31.9899,100,0
2016-06-06,16:20:00,31.62,31.62,31.56,31.56,200,0
2016-06-06,16:40:00,31.52,31.52,31.52,31.52,100,0
2016-06-06,16:50:00,31.4,31.4,31.4,31.4,100,0
2016-06-06,17:00:00,31.48,31.5,31.48,31.5,200,0
2016-06-06,17:10:00,31.55,31.55,31.55,31.55,100,0
2016-06-06,17:15:00,31.5,31.5,31.5,31.5,100,0
2016-06-06,17:20:00,31.39,31.39,31.39,31.39,100,0
2016-06-06,17:35:00,31.5199,31.5199,31.5199,31.5199,100,0
2016-06-06,17:55:00,31.45,31.45,31.45,31.45,100,0
2016-06-06,18:10:00,31.4001,31.4001,31.4001,31.4001,100,0
2016-06-06,18:20:00,31.5,31.5,31.5,31.5,100,0
2016-06-06,18:35:00,31.52,31.59,31.52,31.555,400,0
2016-06-06,18:55:00,31.55,31.55,31.48,31.525,800,0
2016-06-06,19:00:00,31.405,31.405,31.405,31.405,100,0
2016-06-06,19:05:00,31.44,31.44,31.44,31.44,100,0
2016-06-06,19:10:00,31.465,31.62,31.465,31.62,1000,0
2016-06-06,19:15:00,31.74,31.77,31.74,31.77,300,0
2016-06-06,19:20:00,31.84,31.84,31.79,31.79,300,0
2016-06-06,19:25:00,31.8,31.82,31.8,31.82,500,0
2016-06-06,20:00:00,31.8925,31.8925,31.63,31.63,200,0
2016-06-06,20:15:00,31.97,31.97,31.97,31.97,100,0
2016-06-06,20:20:00,31.905,31.97,31.905,31.97,200,0
2016-06-06,20:40:00,32.04,32.05,32.04,32.05,200,0
2016-06-06,21:05:00,31.985,32.04,31.92,32.04,800,0
2016-06-06,21:20:00,32.08,32.16,32.08,32.16,200,0
2016-06-06,21:25:00,32.16,32.16,32.16,32.16,100,0
2016-06-06,21:30:00,32.2,32.2,32.08,32.08,200,0
2016-06-06,21:45:00,32.2,32.25,32.2,32.25,400,0
2016-06-06,21:50:00,32.15,32.26,32.13,32.13,600,0
2016-06-06,21:55:00,32.13,32.15,32.13,32.15,300,0
2016-06-06,22:00:00,32.11,32.25,32.04,32.13,4279,0
2016-06-07,15:50:00,31.61,31.77,31.61,31.77,700,0
2016-06-07,15:55:00,31.77,31.77,31.77,31.77,100,0
2016-06-07,16:00:00,31.79,31.79,31.79,31.79,100,0
2016-06-07,16:25:00,31.77,31.77,31.76,31.76,400,0
2016-06-07,16:35:00,31.905,31.905,31.905,31.905,100,0
2016-06-07,17:00:00,31.84,31.84,31.84,31.84,200,0
2016-06-07,17:15:00,31.83,31.84,31.83,31.84,300,0
2016-06-07,17:20:00,31.89,31.89,31.89,31.89,100,0
2016-06-07,17:30:00,31.94,32,31.94,32,200,0
2016-06-07,17:35:00,32.025,32.05,32.025,32.05,300,0
2016-06-07,17:40:00,32.07,32.07,32,32,600,0
2016-06-07,18:00:00,32.08,32.08,32.08,32.08,300,0
2016-06-07,18:05:00,32.25,32.27,32.25,32.27,200,0
2016-06-07,18:15:00,32.31,32.31,32.31,32.31,100,0
2016-06-07,18:20:00,32.21,32.33,32.21,32.33,300,0
2016-06-07,19:20:00,32.26,32.27,32.26,32.27,400,0
2016-06-07,19:50:00,32.18,32.18,32.18,32.18,100,0
2016-06-07,20:10:00,32.28,32.28,32.18,32.18,400,0
2016-06-07,20:15:00,32.18,32.18,32.18,32.18,200,0
2016-06-07,20:20:00,32.08,32.08,32.04,32.04,300,0
2016-06-07,20:25:00,32.04,32.06,32.03,32.06,400,0
2016-06-07,20:35:00,32.0899,32.0899,32.0899,32.0899,312,0
2016-06-07,21:00:00,32.09,32.09,32.04,32.04,200,0
2016-06-07,21:05:00,32.03,32.03,32.02,32.02,300,0
2016-06-07,21:15:00,32.03,32.03,31.93,31.93,300,0
2016-06-07,21:25:00,31.85,31.85,31.85,31.85,100,0
2016-06-07,21:30:00,31.77,31.77,31.77,31.77,100,0
2016-06-07,21:35:00,31.86,31.86,31.77,31.77,300,0
2016-06-07,21:40:00,31.78,31.79,31.78,31.79,300,0
2016-06-07,21:45:00,31.77,31.77,31.77,31.77,100,0
2016-06-07,21:50:00,31.78,31.89,31.78,31.89,300,0
2016-06-07,21:55:00,31.81,31.81,31.8,31.8,200,0
2016-06-07,22:00:00,31.8,31.8,31.65,31.75,2934,0
2016-06-08,15:35:00,31.75,31.75,31.75,31.75,457,0
2016-06-08,15:55:00,31.8,31.8,31.7,31.74,400,0
2016-06-08,16:00:00,31.64,31.86,31.64,31.86,684,0
2016-06-08,16:05:00,32.35,32.35,32.35,32.35,100,0
2016-06-08,16:10:00,32.14,32.24,32.14,32.24,1400,0
2016-06-08,16:15:00,32.13,32.13,32.13,32.13,100,0
2016-06-08,16:20:00,31.92,31.96,31.9,31.96,412,0
2016-06-08,16:25:00,31.78,31.9499,31.78,31.9499,1200,0
2016-06-08,16:30:00,31.94,31.96,31.94,31.96,200,0
2016-06-08,16:45:00,31.93,31.93,31.93,31.93,300,0
2016-06-08,16:55:00,32.31,32.31,32.31,32.31,100,0
2016-06-08,17:25:00,31.97,32.13,31.97,32.12,690,0
2016-06-08,17:30:00,32,32,32,32,100,0
2016-06-08,17:35:00,32.075,32.15,31.985,32.06,3000,0
2016-06-08,17:40:00,32.15,32.16,32,32,1100,0
2016-06-08,17:45:00,32,32.075,31.9901,32.075,600,0
2016-06-08,18:10:00,32.015,32.015,32.015,32.015,100,0
2016-06-08,18:15:00,32.14,32.14,32.14,32.14,100,0
2016-06-08,18:35:00,32.13,32.2,32.13,32.2,300,0
2016-06-08,18:50:00,31.92,31.92,31.92,31.92,100,0
2016-06-08,19:15:00,31.96,32.15,31.92,32.15,2190,0
2016-06-08,19:20:00,32.2,32.2,32.2,32.2,200,0
2016-06-08,19:35:00,32.255,32.255,32.255,32.255,100,0
2016-06-08,19:40:00,32.425,32.425,32.34,32.34,200,0
2016-06-08,19:45:00,32.46,32.46,32.46,32.46,100,0
2016-06-08,19:50:00,32.355,32.355,32.355,32.355,100,0
2016-06-08,19:55:00,32.4,32.4,32.4,32.4,100,0
2016-06-08,20:10:00,32.37,32.37,32.37,32.37,100,0
2016-06-08,20:25:00,32.48,32.48,32.48,32.48,100,0
2016-06-08,20:35:00,32.51,32.52,32.51,32.52,200,0
2016-06-08,20:40:00,32.38,32.38,32.3,32.3,600,0
2016-06-08,20:45:00,32.375,32.375,32.23,32.3,7360,0
2016-06-08,20:50:00,32.365,32.365,32.23,32.3,800,0
2016-06-08,20:55:00,32.36,32.36,32.36,32.36,100,0
2016-06-08,21:00:00,32.44,32.44,32.25,32.25,300,0
2016-06-08,21:10:00,32.22,32.22,32.22,32.22,100,0
2016-06-08,21:20:00,32.335,32.34,32.2,32.2,3380,0
2016-06-08,21:25:00,32.42,32.43,32.4,32.43,500,0
2016-06-08,21:30:00,32.45,32.63,32.45,32.62,1100,0
2016-06-08,21:35:00,32.67,32.67,32.67,32.67,100,0
2016-06-08,21:40:00,32.45,32.45,32.45,32.45,100,0
2016-06-08,21:45:00,32.525,32.61,32.525,32.61,200,0
2016-06-08,21:55:00,32.61,32.7,32.6,32.7,800,0
2016-06-08,22:00:00,32.7,32.72,32.51,32.58,4301,0
2016-06-09,15:35:00,32.16,32.16,32.16,32.16,1091,0
2016-06-09,15:45:00,32.27,32.37,32.27,32.37,400,0
2016-06-09,15:50:00,32.36,32.36,32.36,32.36,100,0
2016-06-09,16:00:00,32.31,32.31,32.31,32.31,100,0
2016-06-09,16:05:00,32.43,32.43,32.315,32.315,200,0
2016-06-09,16:10:00,32.49,32.54,32.49,32.52,400,0
2016-06-09,16:15:00,32.64,32.64,32.64,32.64,300,0
2016-06-09,16:35:00,33,33,33,33,500,0
2016-06-09,16:40:00,32.98,32.999,32.975,32.975,300,0
2016-06-09,16:45:00,32.9201,32.965,32.88,32.88,1500,0
2016-06-09,16:50:00,32.92,33.03,32.91,33.03,600,0
2016-06-09,16:55:00,33.05,33.06,32.95,33.06,1200,0
2016-06-09,17:05:00,33.15,33.17,33.15,33.17,200,0
2016-06-09,17:25:00,33.19,33.2099,33.19,33.2099,304,0
2016-06-09,17:35:00,33.2,33.25,33.18,33.25,600,0
2016-06-09,17:45:00,33.335,33.42,33.335,33.42,300,0
2016-06-09,18:00:00,33.4,33.44,33.4,33.44,200,0
2016-06-09,18:05:00,33.48,33.52,33.48,33.52,600,0
2016-06-09,18:15:00,33.56,33.61,33.56,33.61,400,0
2016-06-09,18:20:00,33.64,33.64,33.5401,33.58,900,0
2016-06-09,19:00:00,33.54,33.54,33.54,33.54,100,0
2016-06-09,19:05:00,33.49,33.49,33.49,33.49,100,0
2016-06-09,19:15:00,33.45,33.45,33.45,33.45,100,0
2016-06-09,19:20:00,33.49,33.5,33.49,33.5,400,0
2016-06-09,19:25:00,33.54,33.55,33.5,33.5,600,0
2016-06-09,19:30:00,33.58,33.6,33.58,33.6,400,0
2016-06-09,19:35:00,33.63,33.68,33.63,33.68,400,0
2016-06-09,19:40:00,33.76,33.76,33.73,33.73,300,0
2016-06-09,19:45:00,33.81,33.86,33.81,33.86,200,0
2016-06-09,19:55:00,33.9,33.9,33.87,33.87,200,0
2016-06-09,20:05:00,33.84,33.84,33.84,33.84,100,0
2016-06-09,20:10:00,33.85,33.85,33.85,33.85,100,0
2016-06-09,20:15:00,33.85,33.85,33.85,33.85,425,0
2016-06-09,20:20:00,33.89,33.89,33.89,33.89,100,0
2016-06-09,20:40:00,33.85,33.85,33.85,33.85,100,0
2016-06-09,20:45:00,33.96,33.96,33.96,33.96,100,0
2016-06-09,20:50:00,33.97,34,33.97,34,302,0
2016-06-09,20:55:00,33.9989,33.9989,33.9,33.9,400,0
2016-06-09,21:00:00,33.9,33.94,33.9,33.94,600,0
2016-06-09,21:10:00,33.89,33.89,33.82,33.82,400,0
2016-06-09,21:20:00,33.8507,33.865,33.8,33.83,400,0
2016-06-09,21:25:00,33.82,33.85,33.76,33.79,1100,0
2016-06-09,21:30:00,33.7812,33.7812,33.78,33.78,400,0
2016-06-09,21:35:00,33.78,33.86,33.78,33.86,400,0
2016-06-09,21:40:00,33.72,33.86,33.72,33.86,500,0
2016-06-09,21:50:00,33.8,33.8,33.8,33.8,100,0
2016-06-09,21:55:00,33.82,33.82,33.82,33.82,100,0
2016-06-09,22:00:00,33.81,34.22,33.8,34.05,6999,0
2016-06-10,15:35:00,34,34.44,34,34.23,780,0
2016-06-10,16:00:00,34.08,34.08,34.08,34.08,100,0
2016-06-10,16:05:00,34.21,34.21,34.21,34.21,100,0
2016-06-10,16:15:00,34.01,34.01,34.01,34.01,100,0
2016-06-10,16:20:00,34.01,34.01,33.75,33.75,1676,0
2016-06-10,16:25:00,33.75,33.75,33.75,33.75,100,0
2016-06-10,16:50:00,33.81,33.81,33.81,33.81,200,0
2016-06-10,16:55:00,33.94,34.08,33.92,34.08,1300,0
2016-06-10,17:00:00,34.08,34.22,34.08,34.22,400,0
2016-06-10,17:05:00,34.16,34.16,34.16,34.16,400,0
2016-06-10,17:10:00,34.18,34.18,34.18,34.18,200,0
2016-06-10,17:40:00,34.2,34.4,34.19,34.4,600,0
2016-06-10,17:45:00,34.35,34.35,34.35,34.35,200,0
2016-06-10,17:50:00,34.28,34.28,34.28,34.28,100,0
2016-06-10,17:55:00,34.33,34.33,34.33,34.33,100,0
2016-06-10,18:00:00,34.43,34.43,34.43,34.43,100,0
2016-06-10,18:15:00,34.4,34.4,34.4,34.4,100,0
2016-06-10,18:30:00,34.335,34.39,34.27,34.35,1250,0
2016-06-10,18:35:00,34,34.25,34,34.25,800,0
2016-06-10,18:40:00,34.24,34.24,34.23,34.23,400,0
2016-06-10,18:45:00,34.36,34.36,34.26,34.26,200,0
2016-06-10,20:00:00,34.24,34.24,34.24,34.24,100,0
2016-06-10,20:10:00,34.18,34.24,34.18,34.24,600,0
2016-06-10,20:15:00,34.3,34.3,34.3,34.3,100,0
2016-06-10,20:25:00,34.24,34.29,34.24,34.29,257,0
2016-06-10,20:40:00,34.32,34.32,34.32,34.32,100,0
2016-06-10,20:50:00,34.3,34.3,34.22,34.22,200,0
2016-06-10,21:20:00,34.275,34.3795,34.275,34.3795,400,0
2016-06-10,21:25:00,34.38,34.45,34.3,34.45,500,0
2016-06-10,21:30:00,34.46,34.46,34.46,34.46,100,0
2016-06-10,21:35:00,34.46,34.76,34.46,34.71,3100,0
2016-06-10,21:40:00,34.7,34.7,34.7,34.7,100,0
2016-06-10,21:45:00,34.67,34.67,34.54,34.57,800,0
2016-06-10,21:50:00,34.55,34.55,34.54,34.54,200,0
2016-06-10,21:55:00,34.45,34.55,34.44,34.49,1910,0
2016-06-10,22:00:00,34.45,34.75,34.44,34.5,5776,0
2016-06-13,15:35:00,34.62,34.62,34.62,34.62,732,0
2016-06-13,15:40:00,34.19,34.2,34,34,400,0
2016-06-13,15:55:00,34.01,34.01,33.88,33.88,300,0
2016-06-13,16:00:00,33.9,33.9,33.9,33.9,100,0
2016-06-13,16:05:00,34.13,34.13,33.81,33.81,400,0
2016-06-13,16:15:00,33.82,33.82,33.82,33.82,100,0
2016-06-13,16:30:00,33.86,34.03,33.81,34.03,600,0
2016-06-13,16:35:00,33.96,33.96,33.96,33.96,100,0
2016-06-13,16:40:00,33.98,33.98,33.98,33.98,300,0
2016-06-13,16:45:00,33.93,33.93,33.86,33.86,300,0
2016-06-13,16:50:00,33.85,33.95,33.7301,33.95,300,0
2016-06-13,16:55:00,33.8853,34.18,33.8853,34.14,1700,0
2016-06-13,17:00:00,33.98,34.03,33.98,33.989,300,0
2016-06-13,17:05:00,33.99,33.99,33.99,33.99,100,0
2016-06-13,17:15:00,33.77,34.03,33.77,34,300,0
2016-06-13,17:20:00,34.05,34.09,34.05,34.09,200,0
2016-06-13,17:30:00,33.95,34.025,33.95,34.025,400,0
2016-06-13,17:35:00,34.14,34.14,34.14,34.14,100,0
2016-06-13,17:40:00,34.06,34.2,34.05,34.125,600,0
2016-06-13,17:45:00,34.06,34.07,34.06,34.07,200,0
2016-06-13,17:50:00,34.27,34.27,34.27,34.27,100,0
2016-06-13,18:00:00,34.2,34.43,34.2,34.43,600,0
2016-06-13,18:10:00,34.13,34.13,34.11,34.11,300,0
2016-06-13,18:20:00,34.125,34.125,34.125,34.125,100,0
2016-06-13,18:25:00,34.19,34.19,34.12,34.12,200,0
2016-06-13,18:30:00,34.13,34.13,34.13,34.13,300,0
2016-06-13,18:40:00,34.07,34.09,34.02,34.09,300,0
2016-06-13,18:50:00,33.96,34.03,33.9101,33.9101,3687,0
2016-06-13,19:00:00,34.13,34.13,34.13,34.13,100,0
2016-06-13,19:10:00,34.26,34.26,34.215,34.26,300,0
2016-06-13,19:20:00,34.26,34.35,34.26,34.35,200,0
2016-06-13,19:25:00,34.31,34.4,34.31,34.4,400,0
2016-06-13,19:30:00,34.39,34.39,34.39,34.39,100,0
2016-06-13,19:35:00,34.2,34.2,34.2,34.2,100,0
2016-06-13,19:40:00,34.18,34.18,34.18,34.18,100,0
2016-06-13,19:45:00,34.27,34.28,34.27,34.28,200,0
2016-06-13,19:50:00,34.28,34.28,34.28,34.28,100,0
2016-06-13,19:55:00,34.4,34.4,34.22,34.22,200,0
2016-06-13,20:00:00,34.21,34.21,34.21,34.21,100,0
2016-06-13,20:10:00,34.3099,34.3099,34.3099,34.3099,106,0
2016-06-13,20:20:00,34.27,34.27,34.27,34.27,100,0
2016-06-13,20:25:00,34.23,34.23,34.23,34.23,100,0
2016-06-13,20:30:00,34.27,34.27,34.27,34.27,200,0
2016-06-13,20:35:00,34.22,34.22,34.22,34.22,100,0
2016-06-13,20:45:00,34.27,34.27,34.22,34.22,200,0
2016-06-13,20:50:00,34.21,34.32,34.21,34.32,300,0
2016-06-13,20:55:00,34.32,34.32,34.31,34.31,500,0
2016-06-13,21:10:00,34.25,34.28,34.24,34.28,800,0
2016-06-13,21:15:00,34.29,34.29,34.29,34.29,100,0
2016-06-13,21:20:00,34.28,34.33,34.28,34.305,500,0
2016-06-13,21:25:00,34.29,34.36,34.29,34.36,600,0
2016-06-13,21:30:00,34.47,34.47,34.47,34.47,100,0
2016-06-13,21:35:00,34.3,34.3,34.3,34.3,100,0
2016-06-13,21:40:00,34.35,34.41,34.35,34.41,400,0
2016-06-13,21:45:00,34.41,34.42,34.28,34.41,600,0
2016-06-13,21:50:00,34.42,34.42,34.34,34.34,400,0
2016-06-13,21:55:00,34.55,34.55,34.37,34.38,1000,0
2016-06-13,22:00:00,34.37,34.6,34.37,34.5,3622,0
2016-06-14,15:35:00,34.51,34.51,34.01,34.3925,1632,0
2016-06-14,15:40:00,34.36,34.36,33.95,33.95,700,0
2016-06-14,15:45:00,34.24,34.24,34.24,34.24,800,0
2016-06-14,15:50:00,34.15,34.325,34.05,34.15,1520,0
2016-06-14,15:55:00,34.3,34.5,34.26,34.26,1578,0
2016-06-14,16:00:00,34.33,34.59,34.33,34.59,300,0
2016-06-14,16:05:00,34.95,34.95,34.95,34.95,100,0
2016-06-14,16:20:00,34.9,34.9,34.9,34.9,100,0
2016-06-14,16:40:00,34.9,34.9,34.79,34.79,200,0
2016-06-14,17:05:00,35,35,35,35,100,0
2016-06-14,17:10:00,34.9899,34.99,34.88,34.99,376,0
2016-06-14,17:15:00,34.97,34.97,34.97,34.97,100,0
2016-06-14,17:20:00,34.82,34.82,34.8,34.8,600,0
2016-06-14,17:35:00,34.64,34.64,34.64,34.64,100,0
2016-06-14,17:40:00,34.83,34.83,34.83,34.83,100,0
2016-06-14,17:45:00,34.82,34.88,34.82,34.84,600,0
2016-06-14,17:50:00,34.91,34.91,34.91,34.91,100,0
2016-06-14,18:00:00,34.92,34.92,34.92,34.92,100,0
2016-06-14,18:05:00,34.9,34.94,34.9,34.94,400,0
2016-06-14,18:15:00,34.93,35,34.93,35,2959,0
2016-06-14,18:20:00,35.08,35.08,35.08,35.08,100,0
2016-06-14,18:30:00,35.22,35.23,35.2,35.2,700,0
2016-06-14,18:40:00,35.1,35.1,35.1,35.1,100,0
2016-06-14,18:50:00,35.08,35.08,35.08,35.08,100,0
2016-06-14,18:55:00,34.9701,35.18,34.97,35.04,1000,0
2016-06-14,19:10:00,34.9,34.914,34.9,34.914,200,0
2016-06-14,19:15:00,35.03,35.03,35.03,35.03,100,0
2016-06-14,19:40:00,35.035,35.18,35.01,35.18,700,0
2016-06-14,19:45:00,34.97,35.16,34.91,35.13,2700,0
2016-06-14,19:50:00,35.12,35.18,35.12,35.17,600,0
2016-06-14,19:55:00,35.08,35.08,35.08,35.08,100,0
2016-06-14,20:00:00,34.9,34.9,34.9,34.9,100,0
2016-06-14,20:10:00,35.1797,35.1797,35.1797,35.1797,156,0
2016-06-14,20:40:00,35.24,35.26,35.24,35.26,200,0
2016-06-14,21:00:00,35.23,35.23,35.23,35.23,100,0
2016-06-14,21:05:00,35.37,35.37,35.36,35.36,200,0
2016-06-14,21:15:00,35.38,35.42,35.37,35.42,300,0
2016-06-14,21:20:00,35.465,35.48,35.45,35.47,700,0
2016-06-14,21:25:00,35.38,35.48,35.33,35.48,550,0
2016-06-14,21:35:00,35.48,35.48,35.45,35.45,300,0
2016-06-14,21:45:00,35.39,35.4,35.29,35.39,600,0
2016-06-14,21:50:00,35.38,35.38,35.31,35.31,500,0
2016-06-14,21:55:00,35.3,35.38,35.2801,35.2801,1403,0
2016-06-14,22:00:00,35.29,35.45,35.28,35.37,1701,0
2016-06-15,15:35:00,35.5,35.5,35.18,35.18,1199,0
2016-06-15,16:25:00,34.76,34.76,34.76,34.76,100,0
2016-06-15,16:55:00,35.24,35.475,35.24,35.475,500,0
2016-06-15,17:10:00,35.37,35.49,35.37,35.49,400,0
2016-06-15,17:15:00,35.47,35.5,35.46,35.5,1400,0
2016-06-15,17:25:00,35.4,35.4,35.4,35.4,200,0
2016-06-15,17:55:00,35.47,35.47,35.47,35.47,100,0
2016-06-15,18:00:00,35.45,35.47,35.45,35.47,600,0
2016-06-15,18:05:00,35.455,35.455,35.45,35.45,300,0
2016-06-15,18:10:00,35.45,35.45,35.38,35.45,400,0
2016-06-15,18:15:00,35.46,35.46,35.45,35.45,200,0
2016-06-15,18:20:00,35.45,35.46,35.42,35.42,800,0
2016-06-15,18:25:00,35.42,35.42,35.42,35.42,100,0
2016-06-15,18:30:00,35.47,35.47,35.44,35.44,300,0
2016-06-15,18:40:00,35.45,35.45,35.45,35.45,100,0
2016-06-15,18:50:00,35.45,35.45,35.45,35.45,300,0
2016-06-15,18:55:00,35.44,35.45,35.44,35.45,200,0
2016-06-15,19:00:00,35.45,35.45,35.45,35.45,100,0
2016-06-15,19:10:00,35.495,35.495,35.46,35.46,200,0
2016-06-15,19:35:00,35.5,35.5,35.45,35.45,900,0
2016-06-15,19:40:00,35.43,35.43,35.37,35.4,779,0
2016-06-15,19:45:00,35.39,35.39,35.39,35.39,100,0
2016-06-15,19:50:00,35.42,35.42,35.42,35.42,300,0
2016-06-15,20:05:00,35.45,35.45,35.41,35.41,400,0
2016-06-15,20:10:00,35.4997,35.4997,35.45,35.45,496,0
2016-06-15,20:15:00,35.48,35.48,35.22,35.22,500,0
2016-06-15,20:30:00,35.43,35.47,35.35,35.47,300,0
2016-06-15,20:45:00,35.41,35.43,35.41,35.43,200,0
2016-06-15,20:50:00,35.43,35.46,35.43,35.46,300,0
2016-06-15,21:00:00,35.45,35.46,35.45,35.46,500,0
2016-06-15,21:05:00,35.46,35.46,35.43,35.44,1500,0
2016-06-15,21:10:00,35.47,35.47,35.4,35.4,300,0
2016-06-15,21:15:00,35.38,35.39,35.38,35.39,200,0
2016-06-15,21:20:00,35.385,35.385,35.37,35.37,200,0
2016-06-15,21:25:00,35.35,35.35,35.35,35.35,100,0
2016-06-15,21:30:00,35.32,35.385,35.31,35.385,500,0
2016-06-15,21:40:00,35.34,35.34,35.34,35.34,100,0
2016-06-15,21:45:00,35.31,35.325,35.3,35.325,601,0
2016-06-15,21:50:00,35.38,35.38,35.38,35.38,100,0
2016-06-15,21:55:00,35.32,35.45,35.28,35.31,1117,0
2016-06-15,22:00:00,35.32,35.39,35.2,35.31,5854,0
2016-06-16,15:35:00,35.21,35.21,35.21,35.21,421,0
2016-06-16,15:45:00,35.43,35.43,35.43,35.43,100,0
2016-06-16,16:10:00,35.08,35.14,35.08,35.1,611,0
2016-06-16,16:30:00,35.36,35.38,35.32,35.32,800,0
2016-06-16,16:35:00,35.36,35.36,35.36,35.36,100,0
2016-06-16,16:40:00,35.35,35.35,35.33,35.35,302,0
2016-06-16,17:15:00,35.4899,35.4899,35.45,35.45,353,0
2016-06-16,17:20:00,35.49,35.49,35.49,35.49,100,0
2016-06-16,17:55:00,35.45,35.45,35.45,35.45,100,0
2016-06-16,18:00:00,35.45,35.45,35.45,35.45,200,0
2016-06-16,18:15:00,35.4,35.4,35.4,35.4,100,0
2016-06-16,18:25:00,35.45,35.45,35.45,35.45,400,0
2016-06-16,18:30:00,35.5,35.71,35.5,35.71,1457,0
2016-06-16,18:40:00,35.68,35.75,35.62,35.75,2300,0
2016-06-16,18:45:00,35.75,35.75,35.39,35.42,4300,0
2016-06-16,18:50:00,35.37,35.41,35.37,35.41,600,0
2016-06-16,18:55:00,35.31,35.31,35.3005,35.3005,200,0
2016-06-16,19:40:00,35.37,35.37,35.37,35.37,100,0
2016-06-16,19:45:00,35.295,35.37,35.295,35.37,280,0
2016-06-16,20:05:00,35.355,35.4099,35.3001,35.3001,821,0
2016-06-16,20:15:00,35.41,35.45,35.41,35.45,600,0
2016-06-16,20:20:00,35.49,35.49,35.49,35.49,100,0
2016-06-16,20:35:00,35.54,35.55,35.515,35.53,1303,0
2016-06-16,20:40:00,35.54,35.62,35.54,35.62,200,0
2016-06-16,20:45:00,35.535,35.535,35.535,35.535,100,0
2016-06-16,20:50:00,35.55,35.55,35.46,35.46,800,0
2016-06-16,20:55:00,35.54,35.55,35.51,35.55,900,0
2016-06-16,21:00:00,35.51,35.52,35.51,35.52,400,0
2016-06-16,21:05:00,35.53,35.53,35.525,35.525,300,0
2016-06-16,21:10:00,35.52,35.52,35.52,35.52,100,0
2016-06-16,21:15:00,35.45,35.55,35.45,35.55,200,0
2016-06-16,21:20:00,35.575,35.575,35.51,35.51,200,0
2016-06-16,21:25:00,35.5,35.595,35.5,35.595,200,0
2016-06-16,21:40:00,35.64,35.64,35.57,35.57,1004,0
2016-06-16,21:45:00,35.68,35.68,35.68,35.68,100,0
2016-06-16,21:55:00,35.65,35.65,35.54,35.54,700,0
2016-06-16,22:00:00,35.48,35.59,35.47,35.51,4844,0
2016-06-17,15:35:00,35.63,35.63,35.63,35.63,16510,0
2016-06-17,16:10:00,35.11,35.17,35.11,35.17,500,0
2016-06-17,16:15:00,35.4,35.4,35.305,35.305,394,0
2016-06-17,16:25:00,35.42,35.42,35.401,35.401,600,0
2016-06-17,16:55:00,35.63,35.63,35.47,35.52,500,0
2016-06-17,17:00:00,35.42,35.42,35.365,35.365,200,0
2016-06-17,17:20:00,35.41,35.41,35.31,35.31,600,0
2016-06-17,17:50:00,35.46,35.46,35.46,35.46,100,0
2016-06-17,18:00:00,35.415,35.415,35.415,35.415,100,0
2016-06-17,18:25:00,35.45,35.45,35.45,35.45,300,0
2016-06-17,19:00:00,35.45,35.45,35.45,35.45,100,0
2016-06-17,19:55:00,35.51,35.51,35.51,35.51,100,0
2016-06-17,20:00:00,35.46,35.46,35.46,35.46,100,0
2016-06-17,20:10:00,35.48,35.48,35.48,35.48,100,0
2016-06-17,20:15:00,35.39,35.48,35.39,35.48,200,0
2016-06-17,20:35:00,35.38,35.38,35.38,35.38,100,0
2016-06-17,20:45:00,35.46,35.46,35.46,35.46,100,0
2016-06-17,21:00:00,35.65,35.65,35.65,35.65,100,0
2016-06-17,21:05:00,35.76,35.76,35.73,35.73,200,0
2016-06-17,21:10:00,35.818,35.818,35.818,35.818,199,0
2016-06-17,21:15:00,35.8,35.924,35.791,35.82,979,0
2016-06-17,21:20:00,35.94,35.94,35.82,35.82,400,0
2016-06-17,21:25:00,35.8,35.8,35.8,35.8,500,0
2016-06-17,21:30:00,35.78,35.825,35.72,35.825,600,0
2016-06-17,21:40:00,35.8,35.8,35.71,35.7675,448,0
2016-06-17,21:45:00,35.83,35.85,35.83,35.85,309,0
2016-06-17,21:50:00,35.8025,35.84,35.8,35.8,798,0
2016-06-17,21:55:00,35.81,35.875,35.73,35.825,2600,0
2016-06-17,22:00:00,35.87,35.87,35.79,35.79,11332,0
2016-06-20,15:35:00,35.75,35.85,35.7,35.835,2445,0
2016-06-20,15:40:00,35.97,36,35.97,36,1900,0
2016-06-20,15:50:00,35.96,36.17,35.86,35.86,4913,0
2016-06-20,15:55:00,35.9,35.9,35.9,35.9,375,0
2016-06-20,16:00:00,35.72,35.85,35.72,35.85,200,0
2016-06-20,16:05:00,36.15,36.15,35.7,35.745,300,0
2016-06-20,16:10:00,35.95,35.95,35.93,35.93,400,0
2016-06-20,16:20:00,35.97,36.12,35.97,36.12,3500,0
2016-06-20,16:30:00,35.81,35.81,35.72,35.72,350,0
2016-06-20,16:35:00,35.9,35.9,35.9,35.9,100,0
2016-06-20,16:45:00,35.84,35.84,35.79,35.79,400,0
2016-06-20,16:55:00,35.86,35.86,35.7201,35.73,1020,0
2016-06-20,17:00:00,35.72,35.72,35.605,35.605,764,0
2016-06-20,17:05:00,35.66,35.67,35.66,35.67,600,0
2016-06-20,17:10:00,35.8399,35.8399,35.6666,35.6666,615,0
2016-06-20,17:25:00,35.76,35.76,35.58,35.58,200,0
2016-06-20,17:45:00,35.59,35.7,35.59,35.7,200,0
2016-06-20,18:00:00,35.77,35.77,35.77,35.77,100,0
2016-06-20,18:30:00,35.82,35.82,35.65,35.65,200,0
2016-06-20,18:55:00,35.835,35.835,35.835,35.835,100,0
2016-06-20,19:00:00,35.935,36.02,35.935,36.02,400,0
2016-06-20,19:20:00,35.8401,35.8401,35.84,35.84,200,0
2016-06-20,19:25:00,35.92,35.92,35.92,35.92,100,0
2016-06-20,19:35:00,35.85,35.859,35.84,35.85,1180,0
2016-06-20,19:40:00,35.85,35.85,35.85,35.85,200,0
2016-06-20,19:45:00,35.91,35.91,35.91,35.91,100,0
2016-06-20,19:50:00,35.85,35.85,35.85,35.85,100,0
2016-06-20,19:55:00,35.99,35.99,35.87,35.87,200,0
2016-06-20,20:00:00,36.03,36.03,35.83,35.83,700,0
2016-06-20,20:05:00,35.8899,35.8899,35.8899,35.8899,100,0
2016-06-20,20:35:00,35.8,35.8,35.8,35.8,100,0
2016-06-20,20:50:00,35.75,35.7592,35.71,35.71,400,0
2016-06-20,21:10:00,35.67,35.67,35.67,35.67,300,0
2016-06-20,21:20:00,35.66,35.66,35.66,35.66,500,0
2016-06-20,21:25:00,35.715,35.715,35.715,35.715,100,0
2016-06-20,21:30:00,35.66,35.66,35.61,35.61,200,0
2016-06-20,21:40:00,35.62,35.62,35.62,35.62,100,0
2016-06-20,21:45:00,35.69,35.69,35.69,35.69,100,0
2016-06-20,21:50:00,35.57,35.57,35.57,35.57,100,0
2016-06-20,22:00:00,35.64,35.65,35.49,35.61,4059,0
2016-06-21,15:35:00,35.57,35.64,35.24,35.64,1525,0
2016-06-21,15:40:00,35.41,35.41,35.28,35.28,600,0
2016-06-21,15:50:00,34.7662,35.39,34.7662,35.39,600,0
2016-06-21,15:55:00,34.91,35.36,34.91,35.36,200,0
2016-06-21,16:05:00,35.16,35.275,35.16,35.275,200,0
2016-06-21,16:15:00,35.32,35.32,35.32,35.32,100,0
2016-06-21,16:30:00,35.28,35.28,35.28,35.28,100,0
2016-06-21,16:35:00,34.89,34.89,34.89,34.89,100,0
2016-06-21,16:45:00,35.01,35.01,35.01,35.01,100,0
2016-06-21,16:50:00,35.16,35.26,35.16,35.26,263,0
2016-06-21,17:05:00,35.25,35.27,35.18,35.27,300,0
2016-06-21,17:25:00,35.26,35.26,35.26,35.26,100,0
2016-06-21,17:35:00,35.26,35.3,35.26,35.3,602,0
2016-06-21,17:40:00,35.31,35.43,35.31,35.36,600,0
2016-06-21,17:45:00,35.36,35.36,35.31,35.31,400,0
2016-06-21,17:50:00,35.51,35.51,35.51,35.51,100,0
2016-06-21,17:55:00,35.3,35.55,35.3,35.55,400,0
2016-06-21,18:00:00,35.55,35.55,35.55,35.55,100,0
2016-06-21,18:10:00,35.62,35.65,35.62,35.65,200,0
2016-06-21,18:15:00,35.69,35.69,35.69,35.69,100,0
2016-06-21,18:30:00,35.89,35.89,35.89,35.89,100,0
2016-06-21,18:35:00,35.93,35.93,35.93,35.93,100,0
2016-06-21,18:40:00,35.97,35.97,35.97,35.97,100,0
2016-06-21,18:45:00,35.93,35.93,35.93,35.93,100,0
2016-06-21,18:50:00,35.97,35.97,35.97,35.97,100,0
2016-06-21,19:05:00,36.18,36.18,36.18,36.18,100,0
2016-06-21,19:15:00,36.25,36.25,35.75,36.21,2600,0
2016-06-21,19:25:00,36.21,36.21,36.21,36.21,100,0
2016-06-21,19:30:00,36.22,36.22,36.015,36.22,300,0
2016-06-21,19:35:00,35.84,36.24,35.79,35.79,500,0
2016-06-21,19:50:00,36.19,36.24,36.19,36.24,200,0
2016-06-21,19:55:00,36.2,36.2,36.2,36.2,100,0
2016-06-21,20:00:00,36.21,36.21,35.82,36.1495,600,0
2016-06-21,20:05:00,36.2,36.25,36.2,36.2,1100,0
2016-06-21,20:20:00,36.2,36.2,36.2,36.2,100,0
2016-06-21,20:25:00,36.13,36.18,36.13,36.18,200,0
2016-06-21,20:30:00,36.13,36.2,36.13,36.2,200,0
2016-06-21,20:35:00,36.2,36.25,36.19,36.25,697,0
2016-06-21,20:40:00,36.2,36.37,36.2,36.37,2862,0
2016-06-21,20:50:00,36.35,36.35,36.35,36.35,100,0
2016-06-21,20:55:00,36.33,36.33,36.33,36.33,100,0
2016-06-21,21:00:00,36.22,36.36,36.08,36.36,2700,0
2016-06-21,21:05:00,36.14,36.35,36.14,36.35,800,0
2016-06-21,21:20:00,36.27,36.34,36.11,36.11,1800,0
2016-06-21,21:25:00,36.08,36.08,36.08,36.08,100,0
2016-06-21,21:30:00,36.1277,36.1277,36.1277,36.1277,1000,0
2016-06-21,21:35:00,36.2,36.2,36.2,36.2,100,0
2016-06-21,21:40:00,36.17,36.17,35.95,35.95,500,0
2016-06-21,21:45:00,36.13,36.13,36.12,36.12,300,0
2016-06-21,21:55:00,36.04,36.14,36.04,36.11,700,0
2016-06-21,22:00:00,36.18,36.19,36.1,36.17,4666,0
2016-06-22,15:35:00,36.27,36.27,36.27,36.27,426,0
2016-06-22,16:25:00,35.95,35.95,35.95,35.95,100,0
2016-06-22,16:30:00,36.02,36.02,36.02,36.02,200,0
2016-06-22,16:45:00,35.7785,35.8,35.7785,35.8,200,0
2016-06-22,16:50:00,35.69,35.69,35.69,35.69,100,0
2016-06-22,17:00:00,35.76,35.9,35.76,35.9,500,0
2016-06-22,17:05:00,35.93,35.98,35.93,35.98,400,0
2016-06-22,17:15:00,35.8733,35.8733,35.8733,35.8733,304,0
2016-06-22,17:30:00,35.92,36.04,35.92,36.04,300,0
2016-06-22,17:45:00,35.97,35.97,35.97,35.97,100,0
2016-06-22,18:05:00,36.02,36.02,36.02,36.02,100,0
2016-06-22,18:45:00,35.82,35.82,35.82,35.82,100,0
2016-06-22,18:50:00,35.72,35.72,35.7,35.7,200,0
2016-06-22,19:05:00,35.66,35.66,35.66,35.66,100,0
2016-06-22,19:10:00,35.66,35.68,35.54,35.59,1475,0
2016-06-22,19:15:00,35.55,35.675,35.535,35.675,1300,0
2016-06-22,19:20:00,35.54,35.675,35.54,35.675,700,0
2016-06-22,19:25:00,35.685,35.685,35.58,35.59,500,0
2016-06-22,19:30:00,35.58,35.72,35.58,35.63,1800,0
2016-06-22,19:40:00,35.64,35.64,35.64,35.64,100,0
2016-06-22,19:55:00,35.7115,35.7115,35.7115,35.7115,300,0
2016-06-22,20:15:00,35.69,35.89,35.69,35.89,200,0
2016-06-22,20:20:00,35.87,35.87,35.81,35.81,200,0
2016-06-22,20:25:00,35.77,35.77,35.77,35.77,100,0
2016-06-22,20:30:00,35.77,35.77,35.73,35.73,300,0
2016-06-22,20:35:00,35.85,35.85,35.71,35.71,200,0
2016-06-22,21:15:00,35.71,35.81,35.71,35.81,200,0
2016-06-22,21:25:00,35.7,35.8,35.7,35.7,700,0
2016-06-22,21:30:00,35.7,35.7,35.525,35.525,251,0
2016-06-22,21:35:00,35.48,35.48,35.48,35.48,100,0
2016-06-22,21:40:00,35.68,35.69,35.68,35.69,200,0
2016-06-22,21:45:00,35.76,35.76,35.76,35.76,100,0
2016-06-22,21:55:00,35.59,35.77,35.59,35.77,300,0
2016-06-22,22:00:00,35.68,35.73,35.51,35.67,2062,0
2016-06-23,15:35:00,35.85,35.85,35.85,35.85,303,0
2016-06-23,15:50:00,35.87,35.87,35.87,35.87,100,0
2016-06-23,16:15:00,36.01,36.01,36.01,36.01,100,0
2016-06-23,16:20:00,36,36,36,36,100,0
2016-06-23,16:55:00,35.93,35.94,35.93,35.94,200,0
2016-06-23,17:05:00,35.86,35.86,35.86,35.86,200,0
2016-06-23,17:10:00,35.95,35.95,35.95,35.95,100,0
2016-06-23,17:20:00,36.1,36.15,36.1,36.15,400,0
2016-06-23,17:25:00,36.18,36.18,36.18,36.18,100,0
2016-06-23,17:30:00,36.25,36.25,36.25,36.25,100,0
2016-06-23,18:00:00,36.04,36.165,36.04,36.165,200,0
2016-06-23,18:10:00,36.28,36.28,36.28,36.28,100,0
2016-06-23,18:20:00,36.29,36.29,36.29,36.29,100,0
2016-06-23,18:25:00,36.17,36.37,36.17,36.17,2700,0
2016-06-23,18:30:00,36.34,36.35,36.2,36.21,1200,0
2016-06-23,18:35:00,36.255,36.255,36.255,36.255,100,0
2016-06-23,18:45:00,36.2,36.26,36.2,36.26,300,0
2016-06-23,18:50:00,36.23,36.23,36.23,36.23,100,0
2016-06-23,18:55:00,36.17,36.2,36.17,36.2,200,0
2016-06-23,19:00:00,36.2,36.2,36.2,36.2,100,0
2016-06-23,19:05:00,36.18,36.18,36.18,36.18,100,0
2016-06-23,19:10:00,36.17,36.17,36.17,36.17,100,0
2016-06-23,19:15:00,36.4,36.4,36.4,36.4,100,0
2016-06-23,19:40:00,36.315,36.315,36.315,36.315,100,0
2016-06-23,19:45:00,36.4,36.4,36.4,36.4,100,0
2016-06-23,19:50:00,36.42,36.42,36.2,36.2,600,0
2016-06-23,20:00:00,36.23,36.4,36.23,36.29,1197,0
2016-06-23,20:05:00,36.39,36.44,36.39,36.44,1100,0
2016-06-23,20:10:00,36.25,36.25,36.25,36.25,100,0
2016-06-23,20:15:00,36.325,36.45,36.325,36.43,3296,0
2016-06-23,20:20:00,36.37,36.37,36.37,36.37,100,0
2016-06-23,20:25:00,36.41,36.41,36.28,36.28,1800,0
2016-06-23,20:30:00,36.34,36.34,36.25,36.25,200,0
2016-06-23,20:35:00,36.31,36.31,36.31,36.31,200,0
2016-06-23,20:50:00,36.395,36.395,36.33,36.33,200,0
2016-06-23,21:00:00,36.34,36.34,36.27,36.27,500,0
2016-06-23,21:15:00,36.09,36.1,36.09,36.1,300,0
2016-06-23,21:35:00,36.04,36.14,36.04,36.14,400,0
2016-06-23,21:40:00,36.15,36.15,36.1,36.1,300,0
2016-06-23,21:45:00,36.22,36.22,36.2,36.2,200,0
2016-06-23,21:50:00,36.26,36.27,36.11,36.11,2605,0
2016-06-23,22:00:00,36.13,36.26,36.13,36.2,4274,0
2016-06-24,15:35:00,35.28,35.28,35.09,35.155,751,0
2016-06-24,15:40:00,35.29,35.575,35.17,35.17,400,0
2016-06-24,15:45:00,35.26,35.26,35.26,35.26,100,0
2016-06-24,15:55:00,35.29,35.66,35.29,35.66,226,0
2016-06-24,16:10:00,35.38,35.38,35.38,35.38,100,0
2016-06-24,16:15:00,35.57,35.57,35.57,35.57,100,0
2016-06-24,16:25:00,35.44,35.44,35.44,35.44,300,0
2016-06-24,16:55:00,35.61,35.63,35.61,35.63,200,0
2016-06-24,17:05:00,35.65,35.65,35.65,35.65,200,0
2016-06-24,17:15:00,35.6501,35.77,35.65,35.69,759,0
2016-06-24,17:30:00,35.6625,35.6625,35.6625,35.6625,100,0
2016-06-24,17:35:00,35.63,35.81,35.63,35.81,200,0
2016-06-24,17:40:00,35.75,35.75,35.71,35.71,400,0
2016-06-24,18:10:00,35.79,35.79,35.74,35.74,700,0
2016-06-24,18:15:00,35.78,35.78,35.78,35.78,200,0
2016-06-24,18:20:00,35.53,35.71,35.53,35.71,300,0
2016-06-24,18:25:00,35.72,35.74,35.72,35.74,200,0
2016-06-24,19:00:00,35.5,35.63,35.43,35.43,300,0
2016-06-24,19:05:00,35.41,35.5,35.41,35.5,1000,0
2016-06-24,19:10:00,35.55,35.55,35.55,35.55,100,0
2016-06-24,19:15:00,35.43,35.43,35.43,35.43,100,0
2016-06-24,19:30:00,35.66,35.66,35.66,35.66,100,0
2016-06-24,19:45:00,35.66,35.66,35.66,35.66,100,0
2016-06-24,19:50:00,35.6493,35.6599,35.6493,35.6545,4180,0
2016-06-24,19:55:00,35.64,35.77,35.64,35.77,201,0
2016-06-24,20:00:00,35.83,35.83,35.83,35.83,100,0
2016-06-24,20:10:00,35.73,35.73,35.73,35.73,100,0
2016-06-24,20:20:00,35.87,35.87,35.86,35.86,200,0
2016-06-24,20:30:00,35.8,35.8,35.69,35.69,400,0
2016-06-24,20:35:00,35.54,35.73,35.54,35.64,2500,0
2016-06-24,20:40:00,35.68,35.68,35.51,35.51,300,0
2016-06-24,20:50:00,35.55,35.55,35.55,35.55,772,0
2016-06-24,20:55:00,35.6,35.61,35.55,35.55,600,0
2016-06-24,21:00:00,35.61,35.61,35.61,35.61,100,0
2016-06-24,21:10:00,35.613,35.62,35.611,35.62,2000,0
2016-06-24,21:15:00,35.51,35.59,35.51,35.59,200,0
2016-06-24,21:20:00,35.5,35.5,35.48,35.48,300,0
2016-06-24,21:25:00,35.47,35.47,35.45,35.45,200,0
2016-06-24,21:30:00,35.54,35.55,35.54,35.55,300,0
2016-06-24,21:35:00,35.55,35.62,35.55,35.62,1003,0
2016-06-24,21:40:00,35.62,35.62,35.62,35.62,100,0
2016-06-24,21:45:00,35.71,35.71,35.7,35.7,300,0
2016-06-24,21:50:00,35.76,35.76,35.73,35.73,200,0
2016-06-24,21:55:00,35.81,35.91,35.8,35.91,1128,0
2016-06-24,22:00:00,35.71,36.03,35.71,36.03,54930,0
2016-06-27,15:35:00,35.81,36.1,35.81,36.05,1463,0
2016-06-27,16:35:00,35.89,35.89,35.84,35.84,400,0
2016-06-27,16:40:00,35.84,35.84,35.79,35.79,200,0
2016-06-27,16:45:00,35.69,35.84,35.69,35.84,200,0
2016-06-27,16:50:00,35.7,35.7,35.7,35.7,100,0
2016-06-27,16:55:00,35.72,35.72,35.6,35.6,300,0
2016-06-27,17:05:00,35.71,35.71,35.5,35.5,400,0
2016-06-27,17:10:00,35.51,35.51,35.51,35.51,100,0
2016-06-27,17:15:00,35.44,35.44,35.44,35.44,100,0
2016-06-27,17:25:00,35.3101,35.43,35.29,35.43,1468,0
2016-06-27,17:30:00,35.43,35.58,35.42,35.58,900,0
2016-06-27,17:35:00,35.65,35.66,35.55,35.6,600,0
2016-06-27,17:40:00,35.6,35.615,35.6,35.615,240,0
2016-06-27,17:50:00,35.61,35.61,35.61,35.61,100,0
2016-06-27,17:55:00,35.47,35.47,35.47,35.47,100,0
2016-06-27,18:00:00,35.455,35.455,35.455,35.455,100,0
2016-06-27,18:05:00,35.39,35.4,35.37,35.37,600,0
2016-06-27,18:30:00,35.42,35.42,35.305,35.305,200,0
2016-06-27,18:45:00,35.3,35.31,35.3,35.31,300,0
2016-06-27,19:05:00,35.37,35.46,35.37,35.42,500,0
2016-06-27,19:55:00,35.39,35.39,35.37,35.37,1100,0
2016-06-27,20:10:00,35.29,35.29,35.215,35.215,200,0
2016-06-27,20:25:00,35.29,35.29,35.23,35.23,200,0
2016-06-27,20:35:00,35.285,35.285,35.22,35.22,300,0
2016-06-27,20:40:00,35.21,35.21,35.08,35.08,750,0
2016-06-27,20:45:00,35.03,35.03,35.02,35.02,300,0
2016-06-27,20:50:00,35.05,35.05,35.05,35.05,200,0
2016-06-27,20:55:00,34.86,34.86,34.84,34.84,600,0
2016-06-27,21:05:00,34.87,34.95,34.77,34.95,900,0
2016-06-27,21:20:00,34.9,34.9,34.9,34.9,100,0
2016-06-27,21:25:00,34.9,34.95,34.9,34.95,300,0
2016-06-27,21:30:00,34.88,34.9,34.88,34.9,300,0
2016-06-27,21:35:00,35.05,35.05,35.05,35.05,100,0
2016-06-27,21:40:00,34.97,35.07,34.97,34.98,600,0
2016-06-27,21:55:00,35.14,35.25,35.14,35.25,400,0
2016-06-27,22:00:00,35.24,35.24,34.95,34.98,5517,0
2016-06-28,15:35:00,35.19,35.19,34.98,34.98,367,0
2016-06-28,16:10:00,35.1,35.1,35.1,35.1,200,0
2016-06-28,16:20:00,35.3299,35.3299,35.3299,35.3299,1200,0
2016-06-28,16:30:00,35.38,35.38,35.26,35.26,400,0
2016-06-28,16:45:00,35.3,35.3,35.29,35.29,300,0
2016-06-28,16:50:00,35.29,35.3,35.29,35.3,600,0
2016-06-28,16:55:00,35.435,35.435,35.435,35.435,100,0
2016-06-28,17:10:00,35.1801,35.2,35.1801,35.2,244,0
2016-06-28,17:25:00,35.19,35.39,35.19,35.39,200,0
2016-06-28,18:10:00,35.25,35.25,35.25,35.25,100,0
2016-06-28,18:45:00,35.4,35.42,35.4,35.42,200,0
2016-06-28,19:10:00,35.4,35.6,35.4,35.6,400,0
2016-06-28,20:05:00,35.1201,35.14,35.1201,35.14,237,0
2016-06-28,20:10:00,35.25,35.25,35.07,35.07,775,0
2016-06-28,20:40:00,34.92,34.9599,34.855,34.9599,400,0
2016-06-28,20:45:00,34.855,34.945,34.855,34.945,600,0
2016-06-28,20:50:00,34.72,34.77,34.72,34.77,400,0
2016-06-28,20:55:00,34.9,34.9,34.9,34.9,100,0
2016-06-28,21:15:00,34.8,34.8,34.8,34.8,100,0
2016-06-28,21:25:00,34.83,34.83,34.67,34.67,300,0
2016-06-28,21:30:00,34.68,34.68,34.68,34.68,100,0
2016-06-28,21:40:00,34.63,34.63,34.63,34.63,300,0
2016-06-28,21:45:00,34.74,34.74,34.74,34.74,200,0
2016-06-28,21:50:00,34.87,34.87,34.87,34.87,100,0
2016-06-28,21:55:00,34.85,34.85,34.77,34.77,200,0
2016-06-28,22:00:00,34.78,34.84,34.69,34.79,3500,0
2016-06-29,15:35:00,35.2,35.2,34.5501,34.5501,750,0
2016-06-29,15:40:00,34.98,35.1499,34.98,35.1499,500,0
2016-06-29,15:45:00,35.18,35.18,35.18,35.18,340,0
2016-06-29,15:55:00,34.98,34.98,34.98,34.98,100,0
2016-06-29,16:00:00,35.01,35.01,35.01,35.01,100,0
2016-06-29,16:15:00,35.21,35.21,35.21,35.21,100,0
2016-06-29,16:20:00,35.41,35.41,35.24,35.24,200,0
2016-06-29,16:35:00,35.4,35.4,35.4,35.4,100,0
2016-06-29,16:45:00,35.33,35.33,35.33,35.33,100,0
2016-06-29,16:50:00,35.48,35.53,35.48,35.53,427,0
2016-06-29,16:55:00,35.53,35.54,35.45,35.45,1300,0
2016-06-29,17:00:00,35.38,35.38,35.38,35.38,100,0
2016-06-29,17:10:00,35.4201,35.4201,35.4201,35.4201,146,0
2016-06-29,17:15:00,35.43,35.43,35.43,35.43,100,0
2016-06-29,17:20:00,35.59,35.6,35.51,35.51,800,0
2016-06-29,17:25:00,35.55,35.55,35.5,35.5,400,0
2016-06-29,17:30:00,35.51,35.51,35.46,35.46,500,0
2016-06-29,17:45:00,35.5,35.5,35.5,35.5,100,0
2016-06-29,17:50:00,35.53,35.57,35.53,35.53,700,0
2016-06-29,18:10:00,35.61,35.65,35.59,35.63,800,0
2016-06-29,18:20:00,35.61,35.61,35.61,35.61,100,0
2016-06-29,18:30:00,35.57,35.86,35.57,35.82,300,0
2016-06-29,18:50:00,35.75,35.75,35.75,35.75,200,0
2016-06-29,19:00:00,35.69,35.69,35.69,35.69,100,0
2016-06-29,19:05:00,35.74,35.74,35.67,35.67,200,0
2016-06-29,19:20:00,35.6,35.61,35.6,35.61,200,0
2016-06-29,19:40:00,35.55,35.55,35.55,35.55,100,0
2016-06-29,19:55:00,35.55,35.55,35.55,35.55,100,0
2016-06-29,20:15:00,35.5801,35.59,35.5801,35.59,373,0
2016-06-29,20:30:00,35.56,35.56,35.56,35.56,100,0
2016-06-29,20:45:00,35.59,35.59,35.59,35.59,100,0
2016-06-29,21:00:00,35.56,35.56,35.56,35.56,100,0
2016-06-29,21:10:00,35.66,35.66,35.66,35.66,100,0
2016-06-29,21:20:00,35.65,35.65,35.65,35.65,100,0
2016-06-29,21:25:00,35.66,35.66,35.66,35.66,100,0
2016-06-29,21:30:00,35.73,35.73,35.73,35.73,100,0
2016-06-29,21:35:00,35.73,35.73,35.73,35.73,100,0
2016-06-29,21:40:00,35.74,35.74,35.74,35.74,100,0
2016-06-29,21:50:00,35.72,35.72,35.62,35.62,400,0
2016-06-29,22:00:00,35.65,35.75,35.65,35.75,500,0
2016-06-30,15:35:00,35.97,35.97,35.97,35.97,111,0
2016-06-30,15:45:00,36,36,35.94,35.94,500,0
2016-06-30,15:50:00,35.93,35.93,35.93,35.93,100,0
2016-06-30,15:55:00,35.97,35.97,35.95,35.95,200,0
2016-06-30,16:25:00,35.9,35.9,35.88,35.88,200,0
2016-06-30,16:30:00,35.9818,35.9818,35.96,35.96,655,0
2016-06-30,16:35:00,36.03,36.05,35.92,36.03,1700,0
2016-06-30,16:40:00,36.03,36.05,36.015,36.04,2504,0
2016-06-30,16:45:00,36.05,36.21,36.04,36.21,1300,0
2016-06-30,16:50:00,36.19,36.2,36.08,36.08,1309,0
2016-06-30,16:55:00,36.21,36.25,36.13,36.2,2400,0
2016-06-30,17:00:00,36.24,36.24,36.2,36.2,200,0
2016-06-30,17:05:00,36.1301,36.2,36.13,36.2,1043,0
2016-06-30,17:10:00,36.1801,36.2,36.1801,36.19,523,0
2016-06-30,17:15:00,36.2,36.2,36.1,36.1,500,0
2016-06-30,17:20:00,36.1,36.1,36.1,36.1,100,0
2016-06-30,17:25:00,36.03,36.03,36.03,36.03,100,0
2016-06-30,17:30:00,36.055,36.055,36,36,500,0
2016-06-30,17:45:00,35.92,35.92,35.92,35.92,100,0
2016-06-30,17:55:00,35.92,35.92,35.92,35.92,200,0
2016-06-30,18:05:00,35.97,35.97,35.97,35.97,200,0
2016-06-30,18:10:00,35.92,35.92,35.85,35.85,500,0
2016-06-30,18:15:00,35.9,35.9,35.9,35.9,100,0
2016-06-30,18:25:00,36.01,36.01,36.01,36.01,100,0
2016-06-30,18:30:00,36.04,36.04,35.955,35.955,300,0
2016-06-30,18:35:00,36.05,36.05,36.02,36.05,1400,0
2016-06-30,18:50:00,36.05,36.05,36.05,36.05,100,0
2016-06-30,18:55:00,36.05,36.07,36.05,36.07,200,0
2016-06-30,19:05:00,36.1,36.1,36.075,36.075,500,0
2016-06-30,19:20:00,36.075,36.1,36.075,36.1,200,0
2016-06-30,19:35:00,36.09,36.09,36.08,36.08,200,0
2016-06-30,19:40:00,36.09,36.1,36.09,36.09,300,0
2016-06-30,19:50:00,36.1,36.105,36.1,36.105,300,0
2016-06-30,19:55:00,36.12,36.12,36.12,36.12,500,0
2016-06-30,20:05:00,36.14,36.14,36.14,36.14,300,0
2016-06-30,20:10:00,36.11,36.11,36.11,36.11,100,0
2016-06-30,20:15:00,36.11,36.115,36.11,36.115,200,0
2016-06-30,20:25:00,36.11,36.11,36.04,36.04,200,0
2016-06-30,20:30:00,36.13,36.13,36.04,36.04,315,0
2016-06-30,20:40:00,36.07,36.07,36.06,36.06,635,0
2016-06-30,21:00:00,36.05,36.0884,36.02,36.02,800,0
2016-06-30,21:10:00,36.16,36.19,36.16,36.19,200,0
2016-06-30,21:15:00,36.2,36.21,36.2,36.2,600,0
2016-06-30,21:20:00,36.26,36.26,36.19,36.19,700,0
2016-06-30,21:30:00,36.2,36.31,36.18,36.18,2700,0
2016-06-30,21:35:00,36.2,36.225,36.12,36.2,2090,0
2016-06-30,21:40:00,36.2,36.25,36.16,36.16,1100,0
2016-06-30,21:50:00,36.17,36.17,36.17,36.17,100,0
2016-06-30,21:55:00,36.2025,36.205,36.08,36.08,900,0
2016-06-30,22:00:00,36.2,36.3,36.11,36.21,11178,0
2016-07-01,15:35:00,36.38,36.38,36.38,36.38,286,0
2016-07-01,15:45:00,36.41,36.48,36.41,36.48,200,0
2016-07-01,15:50:00,36.45,36.5,36.4,36.43,1400,0
2016-07-01,15:55:00,36.48,36.5,36.4,36.4,700,0
2016-07-01,16:15:00,36.38,36.38,36.38,36.38,100,0
2016-07-01,16:20:00,36.38,36.38,36.38,36.38,300,0
2016-07-01,16:45:00,36.32,36.33,36.23,36.23,700,0
2016-07-01,16:50:00,36.08,36.09,36.08,36.09,200,0
2016-07-01,17:10:00,36.03,36.03,35.99,35.99,200,0
2016-07-01,17:15:00,36.125,36.125,36.125,36.125,100,0
2016-07-01,17:25:00,36.12,36.12,36.02,36.03,300,0
2016-07-01,17:35:00,36.09,36.09,36.09,36.09,100,0
2016-07-01,17:50:00,36.03,36.03,36.03,36.03,200,0
2016-07-01,18:05:00,36.03,36.03,36.03,36.03,100,0
2016-07-01,18:10:00,36,36,36,36,200,0
2016-07-01,18:15:00,36.03,36.03,36.03,36.03,100,0
2016-07-01,18:20:00,36.03,36.03,36.03,36.03,100,0
2016-07-01,18:25:00,35.98,35.98,35.8901,35.8901,692,0
2016-07-01,19:25:00,35.91,35.91,35.91,35.91,300,0
2016-07-01,19:30:00,35.85,35.893,35.82,35.893,900,0
2016-07-01,19:35:00,35.91,35.91,35.91,35.91,100,0
2016-07-01,20:00:00,35.9,35.9,35.9,35.9,200,0
2016-07-01,20:05:00,35.91,35.91,35.91,35.91,200,0
2016-07-01,20:30:00,36,36.0499,36,36.0499,300,0
2016-07-01,20:45:00,36,36,36,36,100,0
2016-07-01,21:00:00,35.91,35.92,35.91,35.92,200,0
2016-07-01,21:05:00,35.93,35.96,35.93,35.96,300,0
2016-07-01,21:25:00,36.16,36.21,36.16,36.21,200,0
2016-07-01,21:35:00,36.27,36.27,36.27,36.27,116,0
2016-07-01,21:40:00,36.16,36.18,36.14,36.18,400,0
2016-07-01,21:50:00,36.18,36.18,36.18,36.18,300,0
2016-07-01,21:55:00,36.24,36.24,36.24,36.24,100,0
2016-07-01,22:00:00,36.2,36.33,36.19,36.29,2793,0
