Date,Time,Open,High,Low,Close,Volume,OpenInt
2016-06-16,15:35:00,46.53,46.53,45.83,45.83,8971,0
2016-06-16,15:40:00,45.955,46.0099,45.12,45.225,11173,0
2016-06-16,15:45:00,45.15,45.58,45.06,45.53,18846,0
2016-06-16,15:50:00,45.36,45.7,45.26,45.62,4000,0
2016-06-16,15:55:00,45.55,45.59,45.41,45.41,3200,0
2016-06-16,16:00:00,45.47,45.58,45.3975,45.57,4280,0
2016-06-16,16:05:00,45.6,45.77,45.5601,45.71,4192,0
2016-06-16,16:10:00,45.71,45.81,45.71,45.78,2250,0
2016-06-16,16:15:00,45.83,45.9,45.785,45.89,3000,0
2016-06-16,16:20:00,45.84,45.88,45.59,45.59,4250,0
2016-06-16,16:25:00,45.64,45.65,45.375,45.56,8124,0
2016-06-16,16:30:00,45.51,45.52,45.42,45.5,3319,0
2016-06-16,16:35:00,45.5095,45.56,45.5,45.54,4655,0
2016-06-16,16:40:00,45.57,45.62,45.45,45.62,12468,0
2016-06-16,16:45:00,45.58,45.61,45.44,45.57,11030,0
2016-06-16,16:50:00,45.57,45.74,45.53,45.69,18549,0
2016-06-16,16:55:00,45.67,45.71,45.5,45.57,8294,0
2016-06-16,17:00:00,45.58,45.73,45.58,45.73,2427,0
2016-06-16,17:05:00,45.695,45.82,45.69,45.82,2990,0
2016-06-16,17:10:00,45.81,45.86,45.73,45.75,3400,0
2016-06-16,17:15:00,45.77,45.89,45.76,45.89,3250,0
2016-06-16,17:20:00,45.8826,45.8826,45.72,45.7925,5800,0
2016-06-16,17:25:00,45.78,45.82,45.74,45.78,1900,0
2016-06-16,17:30:00,45.79,45.92,45.78,45.92,1800,0
2016-06-16,17:35:00,45.9105,45.96,45.87,45.93,2673,0
2016-06-16,17:40:00,45.95,46.02,45.9,46.0104,3400,0
2016-06-16,17:45:00,46,46,45.925,45.99,3000,0
2016-06-16,17:50:00,45.99,46,45.79,45.89,3500,0
2016-06-16,17:55:00,45.89,45.98,45.83,45.9,2600,0
2016-06-16,18:00:00,45.9,45.94,45.87,45.94,1200,0
2016-06-16,18:05:00,45.93,45.96,45.87,45.96,2010,0
2016-06-16,18:10:00,45.95,45.95,45.88,45.89,1200,0
2016-06-16,18:15:00,45.9,45.98,45.9,45.98,700,0
2016-06-16,18:20:00,45.94,46.09,45.87,46.09,6860,0
2016-06-16,18:25:00,46.12,46.2,46.1,46.16,1700,0
2016-06-16,18:30:00,46.19,46.2,46.12,46.18,1300,0
2016-06-16,18:35:00,46.19,46.2,46.09,46.09,2060,0
2016-06-16,18:40:00,46.16,46.22,46.12,46.22,2600,0
2016-06-16,18:45:00,46.27,46.28,46.18,46.26,4000,0
2016-06-16,18:50:00,46.26,46.26,46.11,46.14,1600,0
2016-06-16,18:55:00,46.15,46.2,46.15,46.19,2100,0
2016-06-16,19:00:00,46.14,46.17,46.02,46.03,2070,0
2016-06-16,19:05:00,46.07,46.2,46.03,46.16,4508,0
2016-06-16,19:10:00,46.09,46.11,45.94,46.08,4700,0
2016-06-16,19:15:00,46.06,46.08,46.03,46.05,2000,0
2016-06-16,19:20:00,46.01,46.03,45.95,46,1700,0
2016-06-16,19:25:00,46.03,46.08,45.88,45.9,7800,0
2016-06-16,19:30:00,45.9175,45.93,45.855,45.87,1787,0
2016-06-16,19:35:00,45.86,45.86,45.72,45.75,6900,0
2016-06-16,19:40:00,45.77,45.78,45.71,45.71,3965,0
2016-06-16,19:45:00,45.73,45.74,45.605,45.66,3737,0
2016-06-16,19:50:00,45.66,45.66,45.4,45.4,9700,0
2016-06-16,19:55:00,45.41,45.47,45.38,45.39,3880,0
2016-06-16,20:00:00,45.44,45.47,45.38,45.405,4000,0
2016-06-16,20:05:00,45.39,45.39,45.25,45.32,25519,0
2016-06-16,20:10:00,45.32,45.43,45.22,45.35,13334,0
2016-06-16,20:15:00,45.36,45.45,45.3,45.45,5800,0
2016-06-16,20:20:00,45.45,45.525,45.44,45.5,3025,0
2016-06-16,20:25:00,45.47,45.51,45.28,45.31,8300,0
2016-06-16,20:30:00,45.26,45.31,45.21,45.25,15231,0
2016-06-16,20:35:00,45.24,45.28,45.2,45.25,2181,0
2016-06-16,20:40:00,45.25,45.3,45.24,45.25,4988,0
2016-06-16,20:45:00,45.22,45.27,45.22,45.27,2015,0
2016-06-16,20:50:00,45.28,45.29,45.22,45.28,2900,0
2016-06-16,20:55:00,45.28,45.49,45.28,45.49,3600,0
2016-06-16,21:00:00,45.49,45.49,45.43,45.45,2200,0
2016-06-16,21:05:00,45.47,45.59,45.47,45.53,3800,0
2016-06-16,21:10:00,45.5288,45.68,45.52,45.61,4605,0
2016-06-16,21:15:00,45.61,45.68,45.59,45.64,3100,0
2016-06-16,21:20:00,45.66,45.75,45.66,45.75,2400,0
2016-06-16,21:25:00,45.72,45.75,45.62,45.74,5550,0
2016-06-16,21:30:00,45.77,45.81,45.71,45.81,2500,0
2016-06-16,21:35:00,45.83,45.88,45.81,45.83,2100,0
2016-06-16,21:40:00,45.8,45.93,45.74,45.78,7049,0
2016-06-16,21:45:00,45.78,45.99,45.78,45.8999,6000,0
2016-06-16,21:50:00,45.84,45.93,45.82,45.93,3475,0
2016-06-16,21:55:00,45.95,45.97,45.78,45.8,9331,0
2016-06-16,22:00:00,45.81,45.94,45.81,45.89,17655,0
2016-06-17,15:35:00,45.79,45.93,45.22,45.58,6471,0
2016-06-17,15:40:00,45.4,45.4,44.72,45.01,7575,0
2016-06-17,15:45:00,45.03,45.24,45.03,45.09,1925,0
2016-06-17,15:50:00,44.99,45.11,44.98,44.98,3500,0
2016-06-17,15:55:00,44.93,45.0399,44.877,44.94,6240,0
2016-06-17,16:00:00,44.97,45.05,44.95,44.97,2600,0
2016-06-17,16:05:00,45.01,45.43,44.92,45.355,23100,0
2016-06-17,16:10:00,45.39,45.55,45.27,45.45,26500,0
2016-06-17,16:15:00,45.45,45.45,45.15,45.2,33907,0
2016-06-17,16:20:00,45.22,45.29,45.19,45.22,9250,0
2016-06-17,16:25:00,45.22,45.34,45.18,45.19,19899,0
2016-06-17,16:30:00,45.2,45.31,45.2,45.28,12525,0
2016-06-17,16:35:00,45.24,45.2401,45.1,45.1,8320,0
2016-06-17,16:40:00,45.12,45.17,45.08,45.14,975,0
2016-06-17,16:45:00,45.17,45.24,45.17,45.23,1200,0
2016-06-17,16:50:00,45.24,45.37,45.24,45.31,1906,0
2016-06-17,16:55:00,45.32,45.3501,45.32,45.35,1000,0
2016-06-17,17:00:00,45.39,45.43,45.3,45.3,2900,0
2016-06-17,17:05:00,45.28,45.29,45.21,45.21,1300,0
2016-06-17,17:10:00,45.21,45.22,45.17,45.22,1703,0
2016-06-17,17:15:00,45.24,45.44,45.24,45.42,6856,0
2016-06-17,17:20:00,45.38,45.42,45.35,45.42,2473,0
2016-06-17,17:25:00,45.46,45.46,45.39,45.39,14200,0
2016-06-17,17:30:00,45.37,45.41,45.32,45.33,1900,0
2016-06-17,17:35:00,45.29,45.29,45.24,45.28,1900,0
2016-06-17,17:40:00,45.27,45.31,45.27,45.31,1000,0
2016-06-17,17:45:00,45.37,45.44,45.35,45.44,700,0
2016-06-17,17:50:00,45.49,45.49,45.36,45.405,2500,0
2016-06-17,17:55:00,45.39,45.4,45.35,45.36,2475,0
2016-06-17,18:00:00,45.3375,45.3375,45.13,45.13,3650,0
2016-06-17,18:05:00,45.18,45.2,45.15,45.17,3700,0
2016-06-17,18:10:00,45.16,45.16,45.01,45.08,5191,0
2016-06-17,18:15:00,45.07,45.1,45.02,45.0901,1700,0
2016-06-17,18:20:00,45.11,45.11,45.01,45.04,1500,0
2016-06-17,18:25:00,45.05,45.05,44.89,44.89,10052,0
2016-06-17,18:30:00,44.9,44.97,44.8,44.97,4311,0
2016-06-17,18:35:00,44.94,45,44.93,45,1400,0
2016-06-17,18:40:00,44.99,45.01,44.96,45,700,0
2016-06-17,18:45:00,45.03,45.1,45.03,45.1,1000,0
2016-06-17,18:50:00,45.1037,45.1037,45.01,45.065,2400,0
2016-06-17,18:55:00,45.0512,45.07,45.03,45.03,850,0
2016-06-17,19:00:00,45.02,45.04,44.98,44.98,3140,0
2016-06-17,19:05:00,44.97,45.1,44.92,44.99,26219,0
2016-06-17,19:10:00,44.93,45.05,44.83,44.95,17550,0
2016-06-17,19:15:00,44.96,45.09,44.93,45.04,16790,0
2016-06-17,19:20:00,45.11,45.22,45.02,45.2,10350,0
2016-06-17,19:25:00,45.245,45.245,45.15,45.18,1300,0
2016-06-17,19:30:00,45.2,45.22,45.1,45.12,5300,0
2016-06-17,19:35:00,45.11,45.26,45.09,45.21,14730,0
2016-06-17,19:40:00,45.18,45.2,45.09,45.2,14504,0
2016-06-17,19:45:00,45.2,45.2,45.16,45.19,8450,0
2016-06-17,19:50:00,45.18,45.2,45.17,45.19,1900,0
2016-06-17,19:55:00,45.14,45.2,45.13,45.16,1800,0
2016-06-17,20:00:00,45.1,45.22,45.1,45.2,9195,0
2016-06-17,20:05:00,45.18,45.27,45.18,45.21,1823,0
2016-06-17,20:10:00,45.19,45.19,45.14,45.14,800,0
2016-06-17,20:15:00,45.19,45.2,45.12,45.17,1500,0
2016-06-17,20:20:00,45.19,45.2,45.04,45.09,14113,0
2016-06-17,20:25:00,45.1,45.21,45.07,45.21,5524,0
2016-06-17,20:30:00,45.2,45.25,45.199,45.199,1477,0
2016-06-17,20:35:00,45.18,45.2,45.17,45.19,1600,0
2016-06-17,20:40:00,45.18,45.19,45.18,45.18,1100,0
2016-06-17,20:45:00,45.18,45.21,45.15,45.21,1610,0
2016-06-17,20:50:00,45.17,45.19,45.17,45.18,2200,0
2016-06-17,20:55:00,45.19,45.2299,45.17,45.2,2200,0
2016-06-17,21:00:00,45.19,45.19,45.14,45.16,500,0
2016-06-17,21:05:00,45.15,45.18,45.13,45.18,2200,0
2016-06-17,21:10:00,45.14,45.15,45.12,45.14,1600,0
2016-06-17,21:15:00,45.13,45.13,45.06,45.1,2500,0
2016-06-17,21:20:00,45.09,45.13,45.08,45.11,1500,0
2016-06-17,21:25:00,45.11,45.13,45.09,45.13,2000,0
2016-06-17,21:30:00,45.13,45.13,45.11,45.1201,1900,0
2016-06-17,21:35:00,45.12,45.12,45.02,45.04,4011,0
2016-06-17,21:40:00,45.04,45.05,45,45.015,4884,0
2016-06-17,21:45:00,45.03,45.08,45.01,45.02,4900,0
2016-06-17,21:50:00,45.08,45.08,45.05,45.065,3100,0
2016-06-17,21:55:00,45.0799,45.09,45.01,45.05,7501,0
2016-06-17,22:00:00,45.06,45.12,44.97,45.02,23987,0
2016-06-20,15:35:00,45.84,45.84,45.11,45.285,46369,0
2016-06-20,15:40:00,45.31,45.6,45.31,45.555,2230,0
2016-06-20,15:45:00,45.6,45.71,45.5001,45.6,12725,0
2016-06-20,15:50:00,45.59,45.65,45.49,45.53,3616,0
2016-06-20,15:55:00,45.59,45.65,45.51,45.5701,11057,0
2016-06-20,16:00:00,45.65,45.7,45.54,45.61,6548,0
2016-06-20,16:05:00,45.7,45.7,45.7,45.7,800,0
2016-06-20,16:10:00,45.7,45.7299,45.6375,45.71,4555,0
2016-06-20,16:15:00,45.69,45.69,45.67,45.67,900,0
2016-06-20,16:20:00,45.685,45.75,45.685,45.7301,3600,0
2016-06-20,16:25:00,45.73,45.74,45.6501,45.74,3475,0
2016-06-20,16:30:00,45.74,45.74,45.6301,45.6301,2200,0
2016-06-20,16:35:00,45.63,45.75,45.6,45.7101,12374,0
2016-06-20,16:40:00,45.74,45.7499,45.64,45.64,3537,0
2016-06-20,16:45:00,45.69,45.75,45.6301,45.6301,1900,0
2016-06-20,16:50:00,45.63,45.73,45.62,45.72,12295,0
2016-06-20,16:55:00,45.72,45.73,45.67,45.67,2600,0
2016-06-20,17:00:00,45.7,45.715,45.58,45.7,29545,0
2016-06-20,17:05:00,45.7199,45.73,45.7,45.715,1729,0
2016-06-20,17:10:00,45.74,45.75,45.64,45.66,2199,0
2016-06-20,17:15:00,45.62,45.68,45.6,45.66,3880,0
2016-06-20,17:20:00,45.63,45.6801,45.6001,45.6801,3622,0
2016-06-20,17:25:00,45.73,45.73,45.69,45.71,1000,0
2016-06-20,17:30:00,45.72,45.75,45.65,45.65,5377,0
2016-06-20,17:35:00,45.61,45.65,45.61,45.62,400,0
2016-06-20,17:40:00,45.66,45.66,45.66,45.66,100,0
2016-06-20,17:45:00,45.64,45.64,45.5701,45.5901,4067,0
2016-06-20,17:50:00,45.62,45.665,45.57,45.57,3814,0
2016-06-20,17:55:00,45.56,45.56,45.49,45.49,4251,0
2016-06-20,18:00:00,45.49,45.57,45.485,45.57,1200,0
2016-06-20,18:05:00,45.56,45.56,45.4801,45.5225,879,0
2016-06-20,18:15:00,45.52,45.52,45.29,45.29,10367,0
2016-06-20,18:20:00,45.32,45.32,45.27,45.27,600,0
2016-06-20,18:25:00,45.26,45.3,45.24,45.25,1481,0
2016-06-20,18:30:00,45.24,45.26,45.23,45.25,1400,0
2016-06-20,18:35:00,45.28,45.35,45.25,45.35,1719,0
2016-06-20,18:40:00,45.29,45.31,45.24,45.24,1295,0
2016-06-20,18:45:00,45.24,45.28,45.2001,45.27,4500,0
2016-06-20,18:50:00,45.25,45.29,45.2001,45.29,5785,0
2016-06-20,18:55:00,45.29,45.37,45.265,45.36,1000,0
2016-06-20,19:00:00,45.3801,45.3801,45.34,45.36,400,0
2016-06-20,19:05:00,45.33,45.39,45.3001,45.32,1729,0
2016-06-20,19:10:00,45.3001,45.3001,45.3,45.3,230,0
2016-06-20,19:15:00,45.26,45.33,45.2101,45.24,11333,0
2016-06-20,19:20:00,45.24,45.33,45.24,45.32,1800,0
2016-06-20,19:30:00,45.27,45.27,45.22,45.22,3162,0
2016-06-20,19:35:00,45.24,45.28,45.23,45.28,2900,0
2016-06-20,19:40:00,45.29,45.29,45.2301,45.2301,1100,0
2016-06-20,19:45:00,45.26,45.3201,45.25,45.3201,1100,0
2016-06-20,19:50:00,45.32,45.32,45.2,45.2,700,0
2016-06-20,20:00:00,45.22,45.22,45.16,45.18,4979,0
2016-06-20,20:05:00,45.2,45.24,45.2,45.21,1140,0
2016-06-20,20:10:00,45.17,45.19,45.12,45.12,2300,0
2016-06-20,20:15:00,45.13,45.23,45.13,45.1501,1292,0
2016-06-20,20:20:00,45.1664,45.1664,45.1664,45.1664,138,0
2016-06-20,20:30:00,45.16,45.24,45.15,45.18,1100,0
2016-06-20,20:35:00,45.19,45.23,45.1644,45.1801,2100,0
2016-06-20,20:45:00,45.23,45.28,45.22,45.2301,2200,0
2016-06-20,20:50:00,45.25,45.28,45.25,45.28,500,0
2016-06-20,20:55:00,45.27,45.27,45.2201,45.2201,1468,0
2016-06-20,21:00:00,45.28,45.28,45.28,45.28,100,0
2016-06-20,21:05:00,45.2471,45.3,45.21,45.3,4931,0
2016-06-20,21:10:00,45.3,45.3,45.19,45.23,1400,0
2016-06-20,21:15:00,45.24,45.28,45.2101,45.24,1000,0
2016-06-20,21:20:00,45.27,45.27,45.12,45.12,1800,0
2016-06-20,21:25:00,45.16,45.21,45.1501,45.16,1600,0
2016-06-20,21:30:00,45.15,45.15,45.07,45.13,3064,0
2016-06-20,21:35:00,45.1,45.11,45.05,45.05,1600,0
2016-06-20,21:40:00,45.04,45.14,45.03,45.09,4139,0
2016-06-20,21:45:00,45.11,45.18,45.0901,45.13,3500,0
2016-06-20,21:50:00,45.12,45.15,45.08,45.08,4767,0
2016-06-20,21:55:00,45.09,45.09,45.05,45.05,4187,0
2016-06-20,22:00:00,45.06,45.09,45.03,45.06,17196,0
2016-06-21,15:35:00,45.39,45.39,45.23,45.25,5220,0
2016-06-21,15:40:00,45.29,45.4603,45.29,45.29,2006,0
2016-06-21,15:45:00,45.3,45.34,45.25,45.25,3380,0
2016-06-21,15:50:00,45.31,45.31,45.23,45.28,900,0
2016-06-21,15:55:00,45.27,45.29,45.22,45.28,1631,0
2016-06-21,16:00:00,45.29,45.45,45.29,45.34,6489,0
2016-06-21,16:05:00,45.38,45.38,45.31,45.33,1100,0
2016-06-21,16:10:00,45.33,45.38,45.29,45.37,1150,0
2016-06-21,16:15:00,45.38,45.45,45.3201,45.37,1700,0
2016-06-21,16:20:00,45.42,45.42,45.4,45.4,600,0
2016-06-21,16:25:00,45.41,45.43,45.4,45.42,4050,0
2016-06-21,16:30:00,45.44,45.53,45.4101,45.43,8739,0
2016-06-21,16:35:00,45.435,45.5,45.43,45.4801,9853,0
2016-06-21,16:40:00,45.5,45.6,45.5,45.56,5884,0
2016-06-21,16:45:00,45.6,45.6,45.5301,45.57,3480,0
2016-06-21,16:50:00,45.57,45.57,45.49,45.51,2000,0
2016-06-21,16:55:00,45.54,45.54,45.48,45.495,2300,0
2016-06-21,17:00:00,45.49,45.495,45.42,45.43,6197,0
2016-06-21,17:05:00,45.41,45.51,45.41,45.51,1100,0
2016-06-21,17:10:00,45.54,45.6,45.54,45.6,500,0
2016-06-21,17:15:00,45.59,45.6,45.56,45.6,8311,0
2016-06-21,17:20:00,45.59,45.64,45.5401,45.6001,3983,0
2016-06-21,17:25:00,45.62,45.67,45.5801,45.59,2319,0
2016-06-21,17:30:00,45.65,45.65,45.57,45.59,1650,0
2016-06-21,17:35:00,45.57,45.63,45.5401,45.58,2360,0
2016-06-21,17:40:00,45.59,45.65,45.59,45.65,3000,0
2016-06-21,17:45:00,45.65,45.76,45.61,45.61,17708,0
2016-06-21,17:50:00,45.58,45.6005,45.43,45.505,9575,0
2016-06-21,17:55:00,45.53,45.53,45.48,45.48,1500,0
2016-06-21,18:00:00,45.51,45.6,45.5001,45.6,1400,0
2016-06-21,18:05:00,45.6293,45.6301,45.55,45.56,8844,0
2016-06-21,18:10:00,45.56,45.584,45.55,45.58,2430,0
2016-06-21,18:15:00,45.595,45.63,45.595,45.63,500,0
2016-06-21,18:20:00,45.64,45.65,45.62,45.64,1000,0
2016-06-21,18:25:00,45.65,45.65,45.59,45.61,1500,0
2016-06-21,18:30:00,45.61,45.61,45.56,45.6,1600,0
2016-06-21,18:35:00,45.61,45.64,45.5801,45.5801,1582,0
2016-06-21,18:40:00,45.61,45.64,45.59,45.6,2200,0
2016-06-21,18:45:00,45.63,45.64,45.59,45.6,1530,0
2016-06-21,18:50:00,45.6,45.62,45.54,45.57,8100,0
2016-06-21,18:55:00,45.57,45.59,45.54,45.54,300,0
2016-06-21,19:00:00,45.59,45.59,45.52,45.52,2452,0
2016-06-21,19:05:00,45.55,45.55,45.5,45.5,600,0
2016-06-21,19:10:00,45.55,45.56,45.48,45.5,3800,0
2016-06-21,19:15:00,45.49,45.52,45.47,45.5,2600,0
2016-06-21,19:20:00,45.51,45.51,45.44,45.47,400,0
2016-06-21,19:25:00,45.49,45.51,45.4,45.51,2547,0
2016-06-21,19:30:00,45.49,45.49,45.4301,45.4301,1400,0
2016-06-21,19:35:00,45.45,45.59,45.44,45.59,1700,0
2016-06-21,19:40:00,45.57,45.57,45.44,45.49,1510,0
2016-06-21,19:45:00,45.5,45.5,45.5,45.5,100,0
2016-06-21,19:50:00,45.52,45.52,45.4201,45.48,1300,0
2016-06-21,19:55:00,45.48,45.49,45.44,45.44,1100,0
2016-06-21,20:00:00,45.44,45.46,45.44,45.46,800,0
2016-06-21,20:05:00,45.45,45.45,45.42,45.42,300,0
2016-06-21,20:10:00,45.42,45.48,45.35,45.41,15795,0
2016-06-21,20:15:00,45.4,45.42,45.29,45.38,7537,0
2016-06-21,20:20:00,45.38,45.46,45.37,45.37,1034,0
2016-06-21,20:25:00,45.38,45.38,45.35,45.35,300,0
2016-06-21,20:30:00,45.35,45.41,45.3301,45.3301,1400,0
2016-06-21,20:35:00,45.33,45.37,45.32,45.37,500,0
2016-06-21,20:40:00,45.43,45.47,45.43,45.45,1900,0
2016-06-21,20:45:00,45.46,45.48,45.45,45.48,7024,0
2016-06-21,20:50:00,45.48,45.48,45.43,45.46,4734,0
2016-06-21,20:55:00,45.4201,45.49,45.42,45.4801,1200,0
2016-06-21,21:00:00,45.48,45.48,45.4201,45.45,1000,0
2016-06-21,21:05:00,45.48,45.48,45.4201,45.44,3000,0
2016-06-21,21:10:00,45.43,45.43,45.38,45.42,700,0
2016-06-21,21:15:00,45.37,45.43,45.37,45.37,1700,0
2016-06-21,21:20:00,45.42,45.52,45.42,45.51,1600,0
2016-06-21,21:25:00,45.5,45.525,45.46,45.48,2459,0
2016-06-21,21:30:00,45.48,45.49,45.43,45.47,2865,0
2016-06-21,21:35:00,45.45,45.4577,45.39,45.4,3510,0
2016-06-21,21:40:00,45.43,45.43,45.4,45.41,915,0
2016-06-21,21:45:00,45.41,45.41,45.33,45.39,2400,0
2016-06-21,21:50:00,45.44,45.44,45.38,45.41,3900,0
2016-06-21,21:55:00,45.42,45.49,45.41,45.41,5711,0
2016-06-21,22:00:00,45.41,45.43,45.3301,45.42,21068,0
2016-06-22,15:35:00,45.49,45.52,45.43,45.52,3835,0
2016-06-22,15:40:00,45.55,45.62,45.48,45.56,1312,0
2016-06-22,15:45:00,45.57,45.81,45.57,45.765,840,0
2016-06-22,15:50:00,45.73,45.74,45.65,45.73,3800,0
2016-06-22,15:55:00,45.74,45.78,45.7,45.76,2563,0
2016-06-22,16:00:00,45.755,45.755,45.69,45.69,1300,0
2016-06-22,16:05:00,45.66,45.69,45.64,45.675,700,0
2016-06-22,16:10:00,45.61,45.64,45.53,45.61,1700,0
2016-06-22,16:15:00,45.57,45.64,45.565,45.64,1100,0
2016-06-22,16:20:00,45.61,45.64,45.59,45.59,600,0
2016-06-22,16:25:00,45.57,45.6,45.57,45.59,730,0
2016-06-22,16:30:00,45.57,45.59,45.52,45.52,900,0
2016-06-22,16:35:00,45.51,45.51,45.47,45.49,3110,0
2016-06-22,16:40:00,45.49,45.5,45.465,45.47,4620,0
2016-06-22,16:45:00,45.47,45.51,45.45,45.46,3900,0
2016-06-22,16:50:00,45.47,45.49,45.425,45.425,3402,0
2016-06-22,16:55:00,45.42,45.43,45.41,45.42,1000,0
2016-06-22,17:00:00,45.41,45.42,45.38,45.42,1100,0
2016-06-22,17:05:00,45.4,45.43,45.38,45.385,2700,0
2016-06-22,17:10:00,45.38,45.38,45.32,45.32,2684,0
2016-06-22,17:15:00,45.371,45.405,45.34,45.34,2381,0
2016-06-22,17:20:00,45.355,45.41,45.355,45.37,1200,0
2016-06-22,17:25:00,45.42,45.42,45.42,45.42,300,0
2016-06-22,17:30:00,45.42,45.505,45.41,45.5,6623,0
2016-06-22,17:35:00,45.46,45.46,45.35,45.38,2920,0
2016-06-22,17:40:00,45.38,45.4,45.35,45.35,2500,0
2016-06-22,17:45:00,45.36,45.39,45.34,45.34,1000,0
2016-06-22,17:50:00,45.355,45.355,45.33,45.33,2600,0
2016-06-22,17:55:00,45.33,45.3375,45.25,45.26,8200,0
2016-06-22,18:00:00,45.26,45.275,45.15,45.19,7614,0
2016-06-22,18:05:00,45.2099,45.23,45.16,45.21,2600,0
2016-06-22,18:10:00,45.22,45.26,45.16,45.2,3754,0
2016-06-22,18:15:00,45.2,45.23,45.2,45.23,200,0
2016-06-22,18:20:00,45.23,45.23,45.2,45.2,400,0
2016-06-22,18:25:00,45.18,45.18,45.03,45.06,11373,0
2016-06-22,18:30:00,45.045,45.16,45.045,45.16,2630,0
2016-06-22,18:35:00,45.21,45.25,45.19,45.23,2289,0
2016-06-22,18:40:00,45.22,45.23,45.22,45.22,1100,0
2016-06-22,18:45:00,45.21,45.21,45.185,45.185,2000,0
2016-06-22,18:50:00,45.15,45.15,45.12,45.145,2784,0
2016-06-22,18:55:00,45.18,45.203,45.16,45.17,3250,0
2016-06-22,19:00:00,45.15,45.17,45.15,45.155,500,0
2016-06-22,19:05:00,45.14,45.15,45.12,45.12,900,0
2016-06-22,19:10:00,45.1,45.1,45.02,45.07,4933,0
2016-06-22,19:15:00,45.05,45.05,44.93,45,8700,0
2016-06-22,19:20:00,44.985,45.01,44.985,45.01,3663,0
2016-06-22,19:25:00,45.06,45.09,45.06,45.08,300,0
2016-06-22,19:30:00,45.04,45.18,45.04,45.18,1400,0
2016-06-22,19:35:00,45.16,45.18,45.16,45.1737,600,0
2016-06-22,19:40:00,45.13,45.16,45.13,45.15,300,0
2016-06-22,19:45:00,45.15,45.18,45.15,45.18,400,0
2016-06-22,19:50:00,45.18,45.19,45.18,45.19,300,0
2016-06-22,19:55:00,45.19,45.28,45.19,45.235,9410,0
2016-06-22,20:00:00,45.22,45.22,45.18,45.22,3200,0
2016-06-22,20:05:00,45.22,45.22,45.16,45.1701,3547,0
2016-06-22,20:10:00,45.19,45.23,45.16,45.1699,1900,0
2016-06-22,20:15:00,45.16,45.165,45.11,45.11,1200,0
2016-06-22,20:20:00,45.12,45.16,45.12,45.1599,2200,0
2016-06-22,20:25:00,45.13,45.15,45.08,45.13,1900,0
2016-06-22,20:30:00,45.13,45.13,45.07,45.07,1300,0
2016-06-22,20:35:00,45.06,45.09,45.06,45.06,1400,0
2016-06-22,20:40:00,45.05,45.07,45.02,45.06,3300,0
2016-06-22,20:45:00,45.065,45.08,44.99,44.99,1965,0
2016-06-22,20:50:00,45.02,45.14,45,45.12,3300,0
2016-06-22,20:55:00,45.09,45.12,45.07,45.1199,2200,0
2016-06-22,21:00:00,45.14,45.17,45.05,45.07,4300,0
2016-06-22,21:05:00,45.11,45.14,45.11,45.14,1400,0
2016-06-22,21:10:00,45.15,45.15,45.12,45.12,2500,0
2016-06-22,21:15:00,45.11,45.14,45.11,45.14,1579,0
2016-06-22,21:20:00,45.13,45.15,45.12,45.15,2900,0
2016-06-22,21:25:00,45.15,45.15,45.06,45.06,6497,0
2016-06-22,21:30:00,45.06,45.08,45.05,45.08,2300,0
2016-06-22,21:35:00,45.09,45.09,45.07,45.08,1835,0
2016-06-22,21:40:00,45.08,45.15,45.0599,45.15,5100,0
2016-06-22,21:45:00,45.16,45.2,45.13,45.2,6800,0
2016-06-22,21:50:00,45.21,45.25,45.2,45.2199,5800,0
2016-06-22,21:55:00,45.23,45.43,45.22,45.43,25624,0
2016-06-22,22:00:00,45.45,45.46,45.39,45.4,43579,0
2016-06-23,15:35:00,45.4,45.6,45.38,45.58,16375,0
2016-06-23,15:40:00,45.58,45.7,45.58,45.67,800,0
2016-06-23,15:45:00,45.595,45.68,45.55,45.68,1305,0
2016-06-23,15:50:00,45.7,45.74,45.57,45.57,3118,0
2016-06-23,15:55:00,45.54,45.54,45.4,45.4599,530,0
2016-06-23,16:00:00,45.37,45.43,45.32,45.39,3400,0
2016-06-23,16:05:00,45.32,45.525,45.32,45.51,1000,0
2016-06-23,16:10:00,45.51,45.63,45.505,45.53,2500,0
2016-06-23,16:15:00,45.56,45.59,45.56,45.57,600,0
2016-06-23,16:20:00,45.54,45.59,45.5296,45.56,543,0
2016-06-23,16:25:00,45.53,45.67,45.53,45.67,6760,0
2016-06-23,16:30:00,45.69,45.69,45.61,45.61,2200,0
2016-06-23,16:35:00,45.58,45.58,45.51,45.51,400,0
2016-06-23,16:40:00,45.4501,45.52,45.4501,45.52,500,0
2016-06-23,16:45:00,45.53,45.57,45.52,45.54,500,0
2016-06-23,16:50:00,45.52,45.57,45.5,45.54,600,0
2016-06-23,16:55:00,45.54,45.57,45.54,45.57,500,0
2016-06-23,17:00:00,45.58,45.58,45.56,45.57,300,0
2016-06-23,17:05:00,45.57,45.57,45.55,45.55,1310,0
2016-06-23,17:10:00,45.55,45.57,45.535,45.535,400,0
2016-06-23,17:15:00,45.51,45.57,45.51,45.53,400,0
2016-06-23,17:20:00,45.55,45.57,45.55,45.55,1300,0
2016-06-23,17:25:00,45.52,45.52,45.5,45.5,200,0
2016-06-23,17:30:00,45.48,45.53,45.44,45.53,1800,0
2016-06-23,17:35:00,45.55,45.58,45.55,45.57,800,0
2016-06-23,17:40:00,45.6,45.64,45.57,45.57,3357,0
2016-06-23,17:45:00,45.59,45.62,45.59,45.6,970,0
2016-06-23,17:50:00,45.64,45.65,45.5701,45.5701,1350,0
2016-06-23,17:55:00,45.6,45.75,45.6,45.72,24955,0
2016-06-23,18:00:00,45.74,45.79,45.69,45.76,14545,0
2016-06-23,18:05:00,45.79,45.8,45.77,45.77,6150,0
2016-06-23,18:10:00,45.75,45.79,45.73,45.79,1000,0
2016-06-23,18:15:00,45.75,45.78,45.74,45.77,600,0
2016-06-23,18:20:00,45.76,45.78,45.68,45.68,1283,0
2016-06-23,18:25:00,45.68,45.72,45.6501,45.72,1500,0
2016-06-23,18:30:00,45.74,45.76,45.73,45.76,500,0
2016-06-23,18:35:00,45.75,45.76,45.72,45.73,900,0
2016-06-23,18:40:00,45.73,45.75,45.73,45.74,600,0
2016-06-23,18:45:00,45.76,45.76,45.7,45.7,1813,0
2016-06-23,18:50:00,45.69,45.72,45.65,45.71,900,0
2016-06-23,18:55:00,45.71,45.74,45.71,45.74,500,0
2016-06-23,19:00:00,45.75,45.75,45.7,45.7,1000,0
2016-06-23,19:05:00,45.71,45.73,45.7,45.73,700,0
2016-06-23,19:10:00,45.7004,45.75,45.7004,45.75,1000,0
2016-06-23,19:15:00,45.78,45.78,45.7101,45.7101,1400,0
2016-06-23,19:20:00,45.71,45.76,45.71,45.76,1144,0
2016-06-23,19:25:00,45.78,45.8,45.76,45.76,6538,0
2016-06-23,19:30:00,45.76,45.8,45.76,45.8,4474,0
2016-06-23,19:35:00,45.78,45.86,45.78,45.86,5385,0
2016-06-23,19:40:00,45.87,45.92,45.87,45.8901,7789,0
2016-06-23,19:45:00,45.93,46,45.9,45.98,4004,0
2016-06-23,19:50:00,45.98,46,45.98,45.99,4640,0
2016-06-23,19:55:00,45.99,46,45.95,45.96,2918,0
2016-06-23,20:00:00,45.98,45.98,45.9,45.9,2150,0
2016-06-23,20:05:00,45.9,45.92,45.83,45.85,4800,0
2016-06-23,20:10:00,45.85,45.85,45.76,45.76,4750,0
2016-06-23,20:15:00,45.75,45.83,45.75,45.83,2885,0
2016-06-23,20:20:00,45.83,45.83,45.79,45.8,1800,0
2016-06-23,20:25:00,45.8,45.815,45.79,45.79,700,0
2016-06-23,20:30:00,45.7742,45.82,45.7742,45.79,1450,0
2016-06-23,20:35:00,45.8,45.84,45.79,45.8,2700,0
2016-06-23,20:40:00,45.82,45.82,45.795,45.81,3100,0
2016-06-23,20:45:00,45.81,45.82,45.79,45.815,1700,0
2016-06-23,20:50:00,45.81,45.89,45.8,45.86,4532,0
2016-06-23,20:55:00,45.86,45.9,45.84,45.9,2300,0
2016-06-23,21:00:00,45.9,45.91,45.87,45.87,1200,0
2016-06-23,21:05:00,45.88,45.88,45.83,45.835,2700,0
2016-06-23,21:10:00,45.85,45.85,45.82,45.825,3900,0
2016-06-23,21:15:00,45.82,45.83,45.81,45.81,1980,0
2016-06-23,21:20:00,45.8175,45.82,45.79,45.8,5656,0
2016-06-23,21:25:00,45.8,45.81,45.79,45.79,2100,0
2016-06-23,21:30:00,45.79,45.84,45.79,45.84,4978,0
2016-06-23,21:35:00,45.855,45.89,45.84,45.89,8000,0
2016-06-23,21:40:00,45.89,45.925,45.8875,45.9,5200,0
2016-06-23,21:45:00,45.9,45.94,45.9,45.9275,7849,0
2016-06-23,21:50:00,45.925,45.94,45.905,45.91,11000,0
2016-06-23,21:55:00,45.93,45.965,45.91,45.92,18086,0
2016-06-23,22:00:00,45.92,46.05,45.91,46.05,28134,0
2016-06-24,15:35:00,43.75,43.75,42.5,43.16,69626,0
2016-06-24,15:40:00,43.16,43.3299,42.81,42.91,28703,0
2016-06-24,15:45:00,43.05,43.55,42.995,43.37,15202,0
2016-06-24,15:50:00,43.27,43.5,43.11,43.4,22195,0
2016-06-24,15:55:00,43.47,43.88,43.36,43.88,9922,0
2016-06-24,16:00:00,43.95,44.06,43.88,44.02,21302,0
2016-06-24,16:05:00,44.02,44.22,43.965,44.13,15836,0
2016-06-24,16:10:00,44.19,44.59,44.19,44.59,3082,0
2016-06-24,16:15:00,44.61,44.61,44.26,44.32,26750,0
2016-06-24,16:20:00,44.32,44.34,44.14,44.14,8901,0
2016-06-24,16:25:00,44.14,44.14,43.96,44.09,10565,0
2016-06-24,16:30:00,44.06,44.13,43.95,44.02,3300,0
2016-06-24,16:35:00,44.122,44.23,44.1,44.17,5022,0
2016-06-24,16:40:00,44.2,44.33,44.12,44.31,5400,0
2016-06-24,16:45:00,44.36,44.56,44.31,44.54,3080,0
2016-06-24,16:50:00,44.49,44.56,44.226,44.226,9856,0
2016-06-24,16:55:00,44.32,44.47,44.32,44.47,2700,0
2016-06-24,17:00:00,44.502,44.515,44.32,44.33,2600,0
2016-06-24,17:05:00,44.32,44.385,44.25,44.25,3650,0
2016-06-24,17:10:00,44.28,44.38,44.28,44.3543,1000,0
2016-06-24,17:15:00,44.35,44.4,44.32,44.38,3349,0
2016-06-24,17:20:00,44.42,44.44,44.23,44.29,12839,0
2016-06-24,17:25:00,44.29,44.29,44.18,44.23,3356,0
2016-06-24,17:30:00,44.24,44.35,44.24,44.285,1721,0
2016-06-24,17:35:00,44.34,44.38,44.2501,44.31,2334,0
2016-06-24,17:40:00,44.31,44.35,44.31,44.34,1000,0
2016-06-24,17:45:00,44.36,44.36,44.31,44.36,1300,0
2016-06-24,17:50:00,44.4,44.46,44.35,44.35,700,0
2016-06-24,17:55:00,44.34,44.34,44.32,44.32,500,0
2016-06-24,18:00:00,44.36,44.4,44.36,44.4,400,0
2016-06-24,18:05:00,44.37,44.37,44.26,44.26,3700,0
2016-06-24,18:10:00,44.21,44.21,44.14,44.14,380,0
2016-06-24,18:15:00,44.14,44.17,44.11,44.16,2900,0
2016-06-24,18:25:00,44.15,44.15,44.13,44.13,2300,0
2016-06-24,18:30:00,44.06,44.085,44,44.085,3514,0
2016-06-24,18:35:00,44.095,44.12,44.03,44.045,2100,0
2016-06-24,18:40:00,44.0393,44.0393,44.03,44.03,200,0
2016-06-24,18:45:00,44.07,44.07,44.0394,44.0394,350,0
2016-06-24,18:50:00,44,44,43.5,43.63,33937,0
2016-06-24,18:55:00,43.58,43.58,43.45,43.5,8294,0
2016-06-24,19:00:00,43.49,43.55,43.48,43.54,2907,0
2016-06-24,19:05:00,43.57,43.63,43.57,43.63,1400,0
2016-06-24,19:10:00,43.6,43.61,43.55,43.6,920,0
2016-06-24,19:15:00,43.57,43.63,43.56,43.59,1000,0
2016-06-24,19:20:00,43.63,43.76,43.61,43.76,3524,0
2016-06-24,19:25:00,43.78,43.8,43.64,43.7,9449,0
2016-06-24,19:30:00,43.715,43.75,43.7,43.75,1200,0
2016-06-24,19:35:00,43.75,43.75,43.7,43.75,2144,0
2016-06-24,19:40:00,43.75,43.78,43.71,43.71,1300,0
2016-06-24,19:45:00,43.7025,43.74,43.63,43.63,1600,0
2016-06-24,19:50:00,43.65,43.66,43.52,43.52,1400,0
2016-06-24,19:55:00,43.55,43.61,43.55,43.61,2500,0
2016-06-24,20:00:00,43.62,43.66,43.59,43.65,1544,0
2016-06-24,20:05:00,43.69,43.75,43.68,43.74,1300,0
2016-06-24,20:10:00,43.74,43.74,43.61,43.61,1000,0
2016-06-24,20:15:00,43.59,43.66,43.59,43.66,3149,0
2016-06-24,20:20:00,43.63,43.63,43.61,43.63,5067,0
2016-06-24,20:25:00,43.6,43.66,43.6,43.66,5046,0
2016-06-24,20:30:00,43.65,43.68,43.62,43.68,4272,0
2016-06-24,20:35:00,43.68,43.68,43.65,43.68,2872,0
2016-06-24,20:40:00,43.68,43.76,43.63,43.76,13097,0
2016-06-24,20:45:00,43.74,43.78,43.73,43.78,2000,0
2016-06-24,20:50:00,43.74,43.78,43.7,43.78,3300,0
2016-06-24,20:55:00,43.77,43.99,43.77,43.95,1800,0
2016-06-24,21:00:00,44,44.05,43.91,43.95,2200,0
2016-06-24,21:05:00,43.94,43.94,43.83,43.83,3268,0
2016-06-24,21:10:00,43.85,43.85,43.75,43.75,1400,0
2016-06-24,21:15:00,43.75,43.7767,43.7001,43.74,2113,0
2016-06-24,21:20:00,43.75,43.75,43.7,43.72,12831,0
2016-06-24,21:25:00,43.72,43.76,43.72,43.76,1100,0
2016-06-24,21:30:00,43.72,43.75,43.7,43.75,5202,0
2016-06-24,21:35:00,43.73,43.89,43.7,43.87,13749,0
2016-06-24,21:40:00,43.87,43.99,43.71,43.78,27755,0
2016-06-24,21:45:00,43.81,43.89,43.78,43.83,4333,0
2016-06-24,21:50:00,43.86,43.99,43.81,43.92,6856,0
2016-06-24,21:55:00,43.92,44,43.88,44,7717,0
2016-06-24,22:00:00,44,44,43.81,43.87,32234,0
2016-06-27,15:35:00,43.49,43.6,42.5,42.65,26815,0
2016-06-27,15:40:00,42.69,42.8,42.56,42.56,8690,0
2016-06-27,15:45:00,42.59,42.78,42.54,42.645,15985,0
2016-06-27,15:50:00,42.67,42.8556,42.6,42.72,9015,0
2016-06-27,15:55:00,42.74,42.74,42.6,42.665,12090,0
2016-06-27,16:00:00,42.68,42.73,42.6,42.685,13329,0
2016-06-27,16:05:00,42.67,42.82,42.65,42.7,10873,0
2016-06-27,16:10:00,42.7,42.7,42.6,42.66,8500,0
2016-06-27,16:15:00,42.61,42.7,42.6,42.65,2931,0
2016-06-27,16:20:00,42.6,42.73,42.6,42.7,4870,0
2016-06-27,16:25:00,42.7,42.73,42.6802,42.72,3550,0
2016-06-27,16:30:00,42.6409,42.7,42.61,42.69,15127,0
2016-06-27,16:35:00,42.69,42.724,42.645,42.72,8152,0
2016-06-27,16:40:00,42.73,42.845,42.7201,42.82,6002,0
2016-06-27,16:45:00,42.84,43.03,42.84,43,15959,0
2016-06-27,16:50:00,42.96,42.96,42.71,42.71,3297,0
2016-06-27,16:55:00,42.71,42.715,42.59,42.69,18520,0
2016-06-27,17:00:00,42.69,42.7,42.66,42.68,5900,0
2016-06-27,17:05:00,42.68,42.74,42.63,42.74,1100,0
2016-06-27,17:10:00,42.682,42.81,42.682,42.78,2253,0
2016-06-27,17:15:00,42.75,42.75,42.67,42.67,2578,0
2016-06-27,17:20:00,42.69,42.7,42.56,42.7,10316,0
2016-06-27,17:25:00,42.72,42.73,42.65,42.65,1400,0
2016-06-27,17:30:00,42.655,42.76,42.65,42.76,13306,0
2016-06-27,17:35:00,42.76,42.76,42.7,42.7,9900,0
2016-06-27,17:40:00,42.725,42.79,42.64,42.79,18054,0
2016-06-27,17:45:00,42.77,42.87,42.76,42.86,7180,0
2016-06-27,17:50:00,42.87,42.92,42.87,42.91,600,0
2016-06-27,17:55:00,42.93,42.93,42.86,42.9,5572,0
2016-06-27,18:00:00,42.89,42.95,42.845,42.89,5549,0
2016-06-27,18:05:00,42.86,42.86,42.76,42.77,1300,0
2016-06-27,18:10:00,42.76,42.8,42.75,42.8,4200,0
2016-06-27,18:15:00,42.81,42.81,42.724,42.76,1310,0
2016-06-27,18:20:00,42.78,42.9994,42.78,42.98,3323,0
2016-06-27,18:25:00,42.98,43.07,42.97,43.06,2700,0
2016-06-27,18:30:00,43.06,43.1787,43.05,43.12,1550,0
2016-06-27,18:35:00,43.14,43.17,43.09,43.09,6309,0
2016-06-27,18:40:00,43.09,43.09,43.06,43.07,1100,0
2016-06-27,18:45:00,43.03,43.03,42.95,42.95,600,0
2016-06-27,18:50:00,42.95,43,42.95,43,1600,0
2016-06-27,18:55:00,43.02,43.09,42.96,42.96,1800,0
2016-06-27,19:00:00,42.99,43.0716,42.99,43.06,2700,0
2016-06-27,19:05:00,43.05,43.12,42.985,43.1,4747,0
2016-06-27,19:10:00,43.11,43.12,43.03,43.05,1100,0
2016-06-27,19:15:00,43.05,43.07,43.01,43.01,3400,0
2016-06-27,19:20:00,43.06,43.06,43.04,43.06,400,0
2016-06-27,19:25:00,43.02,43.07,43.02,43.05,1043,0
2016-06-27,19:30:00,43.08,43.14,43.08,43.09,1300,0
2016-06-27,19:35:00,43.084,43.09,42.96,42.9837,3081,0
2016-06-27,19:40:00,43.01,43.02,42.9,43,2300,0
2016-06-27,19:45:00,42.93,42.96,42.9,42.96,4589,0
2016-06-27,19:50:00,42.94,43.01,42.93,43,1500,0
2016-06-27,19:55:00,42.96,42.98,42.96,42.98,300,0
2016-06-27,20:00:00,42.96,43.02,42.87,42.97,7100,0
2016-06-27,20:05:00,42.95,43,42.93,42.99,1600,0
2016-06-27,20:10:00,42.97,42.97,42.9,42.9,5788,0
2016-06-27,20:15:00,42.91,42.99,42.91,42.93,2200,0
2016-06-27,20:20:00,42.88,42.925,42.81,42.81,1800,0
2016-06-27,20:25:00,42.81,42.92,42.81,42.83,2300,0
2016-06-27,20:30:00,42.86,42.92,42.8401,42.91,2926,0
2016-06-27,20:35:00,42.9,42.9,42.81,42.84,3920,0
2016-06-27,20:40:00,42.86,42.87,42.8,42.826,6310,0
2016-06-27,20:45:00,42.85,42.85,42.745,42.8,2400,0
2016-06-27,20:50:00,42.76,42.77,42.65,42.69,5300,0
2016-06-27,20:55:00,42.67,42.67,42.56,42.59,12500,0
2016-06-27,21:00:00,42.6,42.61,42.51,42.57,3541,0
2016-06-27,21:05:00,42.58,42.63,42.58,42.61,3400,0
2016-06-27,21:10:00,42.62,42.7,42.61,42.61,3450,0
2016-06-27,21:15:00,42.66,42.74,42.62,42.74,4200,0
2016-06-27,21:20:00,42.76,42.76,42.71,42.76,2909,0
2016-06-27,21:25:00,42.73,42.76,42.64,42.64,3011,0
2016-06-27,21:30:00,42.6599,42.73,42.6599,42.7,3100,0
2016-06-27,21:35:00,42.69,42.74,42.65,42.74,1400,0
2016-06-27,21:40:00,42.73,42.93,42.722,42.9,11218,0
2016-06-27,21:45:00,42.9,42.92,42.86,42.9,6726,0
2016-06-27,21:50:00,42.89,42.95,42.89,42.95,6755,0
2016-06-27,21:55:00,42.95,42.95,42.9,42.9,8638,0
2016-06-27,22:00:00,42.9,42.9,42.82,42.82,33782,0
2016-06-28,15:35:00,43.38,43.56,43,43.455,7106,0
2016-06-28,15:40:00,43.57,43.57,43.13,43.28,3600,0
2016-06-28,15:45:00,43.7199,44.14,43.64,44.14,7067,0
2016-06-28,15:50:00,44.14,44.19,43.98,44.14,4130,0
2016-06-28,15:55:00,44.07,44.27,44.05,44.27,3700,0
2016-06-28,16:00:00,44.2499,44.5,44.2499,44.5,4940,0
2016-06-28,16:05:00,44.56,44.655,44.53,44.57,6683,0
2016-06-28,16:10:00,44.5401,44.5401,44.43,44.48,2900,0
2016-06-28,16:15:00,44.47,44.53,44.47,44.53,2300,0
2016-06-28,16:20:00,44.54,44.88,44.535,44.88,27551,0
2016-06-28,16:25:00,44.89,44.92,44.41,44.49,24246,0
2016-06-28,16:30:00,44.57,44.64,44.51,44.59,4200,0
2016-06-28,16:35:00,44.54,44.71,44.48,44.71,12075,0
2016-06-28,16:40:00,44.72,44.72,44.6199,44.6199,2300,0
2016-06-28,16:45:00,44.58,44.7,44.56,44.6399,6330,0
2016-06-28,16:50:00,44.64,44.7,44.63,44.68,4525,0
2016-06-28,16:55:00,44.68,44.71,44.63,44.67,2400,0
2016-06-28,17:00:00,44.66,44.67,44.56,44.6,2300,0
2016-06-28,17:05:00,44.6,44.65,44.6,44.62,3100,0
2016-06-28,17:10:00,44.58,44.58,44.4801,44.5,5528,0
2016-06-28,17:15:00,44.5,44.52,44.46,44.5,5100,0
2016-06-28,17:20:00,44.51,44.53,44.4,44.53,8416,0
2016-06-28,17:25:00,44.51,44.56,44.41,44.51,6300,0
2016-06-28,17:30:00,44.55,44.56,44.51,44.53,4039,0
2016-06-28,17:35:00,44.546,44.63,44.546,44.63,2015,0
2016-06-28,17:40:00,44.6374,44.75,44.6374,44.64,12400,0
2016-06-28,17:45:00,44.71,44.76,44.69,44.75,2900,0
2016-06-28,17:50:00,44.75,44.76,44.66,44.71,6500,0
2016-06-28,17:55:00,44.77,44.88,44.77,44.87,11262,0
2016-06-28,18:00:00,44.85,44.9,44.85,44.85,2950,0
2016-06-28,18:05:00,44.8,44.81,44.73,44.75,1900,0
2016-06-28,18:10:00,44.76,44.81,44.76,44.78,700,0
2016-06-28,18:15:00,44.81,44.84,44.81,44.84,1000,0
2016-06-28,18:20:00,44.86,44.87,44.84,44.87,1140,0
2016-06-28,18:25:00,44.86,44.93,44.86,44.93,1425,0
2016-06-28,18:30:00,44.88,44.88,44.8,44.86,4900,0
2016-06-28,18:35:00,44.88,44.92,44.81,44.81,2720,0
2016-06-28,18:40:00,44.81,44.81,44.72,44.72,9500,0
2016-06-28,18:45:00,44.72,44.75,44.6575,44.6575,6460,0
2016-06-28,18:50:00,44.69,44.69,44.68,44.69,700,0
2016-06-28,18:55:00,44.67,44.68,44.66,44.68,1900,0
2016-06-28,19:00:00,44.67,44.7,44.67,44.7,2300,0
2016-06-28,19:05:00,44.7,44.7,44.65,44.65,1766,0
2016-06-28,19:10:00,44.69,44.69,44.66,44.67,1400,0
2016-06-28,19:15:00,44.67,44.72,44.67,44.68,4650,0
2016-06-28,19:20:00,44.68,44.68,44.56,44.586,4900,0
2016-06-28,19:25:00,44.62,44.62,44.6,44.62,3600,0
2016-06-28,19:30:00,44.61,44.67,44.6,44.64,8250,0
2016-06-28,19:35:00,44.59,44.7,44.575,44.68,2000,0
2016-06-28,19:40:00,44.7,44.73,44.67,44.72,3800,0
2016-06-28,19:45:00,44.74,44.74,44.71,44.72,1300,0
2016-06-28,19:50:00,44.715,44.715,44.65,44.65,1300,0
2016-06-28,19:55:00,44.69,44.69,44.66,44.67,2000,0
2016-06-28,20:00:00,44.655,44.655,44.59,44.63,3200,0
2016-06-28,20:05:00,44.62,44.62,44.5899,44.6,3100,0
2016-06-28,20:10:00,44.59,44.61,44.53,44.53,2000,0
2016-06-28,20:15:00,44.57,44.57,44.51,44.51,1750,0
2016-06-28,20:20:00,44.51,44.605,44.51,44.605,3000,0
2016-06-28,20:25:00,44.58,44.59,44.52,44.54,3600,0
2016-06-28,20:30:00,44.54,44.55,44.48,44.5,7600,0
2016-06-28,20:35:00,44.5,44.59,44.49,44.59,3200,0
2016-06-28,20:40:00,44.6,44.62,44.59,44.6,8422,0
2016-06-28,20:45:00,44.63,44.63,44.57,44.59,1600,0
2016-06-28,20:50:00,44.59,44.59,44.54,44.55,1300,0
2016-06-28,20:55:00,44.57,44.63,44.57,44.6,5910,0
2016-06-28,21:00:00,44.62,44.69,44.61,44.64,1800,0
2016-06-28,21:05:00,44.65,44.65,44.57,44.57,1600,0
2016-06-28,21:10:00,44.57,44.66,44.57,44.625,3100,0
2016-06-28,21:15:00,44.63,44.68,44.6,44.6629,2425,0
2016-06-28,21:20:00,44.65,44.65,44.61,44.61,4000,0
2016-06-28,21:25:00,44.6,44.63,44.6,44.62,3300,0
2016-06-28,21:30:00,44.62,44.62,44.54,44.59,2500,0
2016-06-28,21:35:00,44.59,44.6,44.54,44.55,3000,0
2016-06-28,21:40:00,44.55,44.61,44.54,44.61,4400,0
2016-06-28,21:45:00,44.61,44.615,44.58,44.61,9700,0
2016-06-28,21:50:00,44.6,44.62,44.58,44.59,6700,0
2016-06-28,21:55:00,44.61,44.64,44.58,44.64,11141,0
2016-06-28,22:00:00,44.64,44.72,44.63,44.72,42049,0
2016-06-29,15:35:00,45.26,45.5,45.03,45.38,11353,0
2016-06-29,15:40:00,45.615,45.62,45.4268,45.575,3239,0
2016-06-29,15:45:00,45.56,45.56,45.155,45.28,9173,0
2016-06-29,15:50:00,45.32,45.4,45.18,45.4,4124,0
2016-06-29,15:55:00,45.43,45.73,45.43,45.695,10958,0
2016-06-29,16:00:00,45.71,45.845,45.69,45.83,10276,0
2016-06-29,16:05:00,45.81,45.81,45.58,45.74,5263,0
2016-06-29,16:10:00,45.73,45.75,45.54,45.61,8937,0
2016-06-29,16:15:00,45.65,45.73,45.625,45.71,3000,0
2016-06-29,16:20:00,45.72,45.72,45.62,45.69,6487,0
2016-06-29,16:25:00,45.69,45.69,45.28,45.28,7700,0
2016-06-29,16:30:00,45.215,45.215,45.05,45.1,5260,0
2016-06-29,16:35:00,45.09,45.16,45.06,45.16,3800,0
2016-06-29,16:40:00,45.17,45.21,45.11,45.19,6002,0
2016-06-29,16:45:00,45.22,45.26,45.19,45.2,3100,0
2016-06-29,16:50:00,45.21,45.21,45.17,45.1974,1600,0
2016-06-29,16:55:00,45.15,45.22,45.14,45.14,3760,0
2016-06-29,17:00:00,45.13,45.1465,45.07,45.1465,4112,0
2016-06-29,17:05:00,45.16,45.16,45.16,45.16,200,0
2016-06-29,17:10:00,45.18,45.18,45.1001,45.1001,1268,0
2016-06-29,17:15:00,45.13,45.2,45.13,45.2,700,0
2016-06-29,17:20:00,45.14,45.16,45.13,45.13,2200,0
2016-06-29,17:25:00,45.12,45.12,45.1,45.105,2203,0
2016-06-29,17:30:00,45.12,45.12,45.12,45.12,550,0
2016-06-29,17:35:00,45.14,45.18,45.11,45.17,2847,0
2016-06-29,17:40:00,45.156,45.21,45.05,45.05,4413,0
2016-06-29,17:45:00,45.06,45.07,44.935,44.96,4200,0
2016-06-29,17:50:00,44.98,45.001,44.97,44.9801,1907,0
2016-06-29,17:55:00,44.995,45.1,44.995,45.09,2272,0
2016-06-29,18:00:00,45.09,45.11,45.02,45.02,900,0
2016-06-29,18:05:00,45.04,45.0601,45.04,45.05,700,0
2016-06-29,18:10:00,45.04,45.04,45.04,45.04,100,0
2016-06-29,18:15:00,45.04,45.08,44.99,45.08,2742,0
2016-06-29,18:20:00,45.09,45.2,45.07,45.2,5732,0
2016-06-29,18:25:00,45.22,45.2461,45.22,45.2461,583,0
2016-06-29,18:30:00,45.21,45.21,45.14,45.2,3898,0
2016-06-29,18:35:00,45.2,45.22,45.19,45.2,1100,0
2016-06-29,18:40:00,45.1981,45.2462,45.16,45.2462,1700,0
2016-06-29,18:45:00,45.23,45.23,45.23,45.23,500,0
2016-06-29,18:50:00,45.21,45.2167,45.2,45.2,810,0
2016-06-29,18:55:00,45.2,45.2,45.2,45.2,300,0
2016-06-29,19:00:00,45.21,45.28,45.2099,45.27,1150,0
2016-06-29,19:05:00,45.28,45.36,45.27,45.35,2400,0
2016-06-29,19:10:00,45.37,45.4,45.31,45.31,2834,0
2016-06-29,19:15:00,45.31,45.34,45.31,45.34,1700,0
2016-06-29,19:20:00,45.34,45.46,45.33,45.44,2379,0
2016-06-29,19:25:00,45.44,45.48,45.43,45.43,5500,0
2016-06-29,19:30:00,45.44,45.51,45.43,45.51,3514,0
2016-06-29,19:40:00,45.54,45.5456,45.5,45.5089,2110,0
2016-06-29,19:45:00,45.49,45.5,45.49,45.5,2200,0
2016-06-29,19:50:00,45.48,45.52,45.47,45.48,2600,0
2016-06-29,19:55:00,45.47,45.4975,45.47,45.4975,1000,0
2016-06-29,20:00:00,45.51,45.55,45.48,45.55,3800,0
2016-06-29,20:05:00,45.58,45.6,45.54,45.56,2710,0
2016-06-29,20:10:00,45.55,45.56,45.53,45.53,300,0
2016-06-29,20:15:00,45.5,45.55,45.485,45.54,5375,0
2016-06-29,20:20:00,45.53,45.53,45.52,45.53,800,0
2016-06-29,20:25:00,45.53,45.66,45.53,45.57,10144,0
2016-06-29,20:30:00,45.53,45.56,45.5076,45.56,3538,0
2016-06-29,20:35:00,45.59,45.59,45.52,45.55,2500,0
2016-06-29,20:40:00,45.54,45.55,45.53,45.54,2100,0
2016-06-29,20:45:00,45.55,45.7,45.53,45.7,14701,0
2016-06-29,20:50:00,45.7,45.8,45.66,45.73,5570,0
2016-06-29,20:55:00,45.635,45.635,45.58,45.58,2238,0
2016-06-29,21:00:00,45.59,45.62,45.565,45.6095,1400,0
2016-06-29,21:05:00,45.61,45.64,45.61,45.64,1928,0
2016-06-29,21:10:00,45.65,45.65,45.57,45.58,2099,0
2016-06-29,21:15:00,45.61,45.75,45.595,45.75,3345,0
2016-06-29,21:20:00,45.71,45.76,45.64,45.675,1800,0
2016-06-29,21:25:00,45.645,45.81,45.645,45.81,8206,0
2016-06-29,21:30:00,45.77,45.79,45.745,45.79,2600,0
2016-06-29,21:35:00,45.78,46,45.78,45.91,29915,0
2016-06-29,21:40:00,45.9,45.97,45.89,45.91,11732,0
2016-06-29,21:45:00,45.91,46,45.91,45.975,21168,0
2016-06-29,21:50:00,45.98,45.98,45.9,45.9,8652,0
2016-06-29,21:55:00,45.91,45.96,45.86,45.93,16244,0
2016-06-29,22:00:00,45.92,45.93,45.86,45.92,27934,0
2016-06-30,15:35:00,46.05,46.17,45.8296,45.89,2632,0
2016-06-30,15:40:00,46.02,46.2,45.87,45.9,3900,0
2016-06-30,15:45:00,45.9,46.37,45.85,46.36,15671,0
2016-06-30,15:50:00,46.37,46.5,46.25,46.5,10659,0
2016-06-30,15:55:00,46.5,46.5,46.2,46.21,5800,0
2016-06-30,16:00:00,46.235,46.31,46.22,46.2898,4500,0
2016-06-30,16:05:00,46.31,46.51,46.2925,46.4775,7842,0
2016-06-30,16:10:00,46.493,46.7,46.45,46.7,3681,0
2016-06-30,16:15:00,46.6518,46.86,46.6518,46.85,5745,0
2016-06-30,16:20:00,46.86,46.88,46.6701,46.68,5900,0
2016-06-30,16:25:00,46.6925,46.75,46.68,46.72,5200,0
2016-06-30,16:30:00,46.78,46.8,46.7,46.7,2700,0
2016-06-30,16:35:00,46.6975,46.9489,46.69,46.9489,20420,0
2016-06-30,16:40:00,46.945,47.06,46.945,47.04,16034,0
2016-06-30,16:45:00,47,47.31,47,47.31,16542,0
2016-06-30,16:50:00,47.34,47.42,47.26,47.26,5760,0
2016-06-30,16:55:00,47.29,47.3,47.2,47.25,5788,0
2016-06-30,17:00:00,47.28,47.47,47.28,47.4503,7200,0
2016-06-30,17:05:00,47.45,47.6599,47.42,47.59,14063,0
2016-06-30,17:10:00,47.63,47.65,47.5675,47.61,6400,0
2016-06-30,17:15:00,47.62,47.62,47.32,47.52,13491,0
2016-06-30,17:20:00,47.485,47.53,47.45,47.53,6500,0
2016-06-30,17:25:00,47.53,47.61,47.524,47.59,3300,0
2016-06-30,17:30:00,47.59,47.745,47.59,47.74,10497,0
2016-06-30,17:35:00,47.71,47.75,47.64,47.64,10850,0
2016-06-30,17:40:00,47.6188,47.6188,47.54,47.575,4060,0
2016-06-30,17:45:00,47.58,47.65,47.57,47.5975,5045,0
2016-06-30,17:50:00,47.615,47.77,47.59,47.71,3739,0
2016-06-30,17:55:00,47.72,47.78,47.69,47.78,5313,0
2016-06-30,18:00:00,47.76,47.765,47.702,47.73,4480,0
2016-06-30,18:05:00,47.715,47.755,47.61,47.72,10790,0
2016-06-30,18:10:00,47.69,47.7,47.66,47.682,2320,0
2016-06-30,18:15:00,47.71,47.74,47.69,47.7,2200,0
2016-06-30,18:20:00,47.71,47.74,47.7,47.7,5300,0
2016-06-30,18:25:00,47.68,47.695,47.56,47.62,10044,0
2016-06-30,18:30:00,47.61,47.62,47.45,47.5,7545,0
2016-06-30,18:35:00,47.48,47.48,47.44,47.45,7031,0
2016-06-30,18:40:00,47.45,47.51,47.41,47.49,5469,0
2016-06-30,18:45:00,47.485,47.56,47.48,47.56,3631,0
2016-06-30,18:50:00,47.55,47.56,47.53,47.535,1800,0
2016-06-30,18:55:00,47.55,47.55,47.46,47.46,6350,0
2016-06-30,19:00:00,47.46,47.55,47.46,47.54,4800,0
2016-06-30,19:05:00,47.54,47.55,47.49,47.5,7300,0
2016-06-30,19:10:00,47.5,47.5,47.38,47.38,2400,0
2016-06-30,19:15:00,47.4,47.47,47.3575,47.4,8711,0
2016-06-30,19:20:00,47.4,47.44,47.375,47.375,3100,0
2016-06-30,19:25:00,47.35,47.35,47.07,47.07,10180,0
2016-06-30,19:30:00,47.09,47.1099,47.01,47.05,4000,0
2016-06-30,19:35:00,47.05,47.12,47.05,47.12,1900,0
2016-06-30,19:40:00,47.14,47.38,47.14,47.38,1700,0
2016-06-30,19:45:00,47.37,47.38,47.14,47.14,3208,0
2016-06-30,19:50:00,47.14,47.14,46.97,47.03,3275,0
2016-06-30,19:55:00,47.03,47.11,47.02,47.11,5000,0
2016-06-30,20:00:00,47.12,47.21,47.12,47.21,4150,0
2016-06-30,20:05:00,47.28,47.28,47.21,47.21,2900,0
2016-06-30,20:10:00,47.21,47.34,47.21,47.3,4431,0
2016-06-30,20:15:00,47.33,47.4,47.29,47.39,11647,0
2016-06-30,20:20:00,47.38,47.44,47.37,47.44,2200,0
2016-06-30,20:25:00,47.44,47.48,47.41,47.48,1900,0
2016-06-30,20:30:00,47.48,47.48,47.34,47.34,3930,0
2016-06-30,20:35:00,47.35,47.41,47.34,47.39,6839,0
2016-06-30,20:40:00,47.38,47.407,47.35,47.365,4819,0
2016-06-30,20:45:00,47.34,47.42,47.31,47.42,6900,0
2016-06-30,20:50:00,47.4201,47.56,47.42,47.56,3599,0
2016-06-30,20:55:00,47.58,47.61,47.55,47.57,2900,0
2016-06-30,21:00:00,47.5601,47.7,47.55,47.57,9075,0
2016-06-30,21:05:00,47.63,47.67,47.63,47.63,3840,0
2016-06-30,21:10:00,47.63,47.71,47.62,47.62,10763,0
2016-06-30,21:15:00,47.62,47.64,47.55,47.64,5895,0
2016-06-30,21:20:00,47.64,47.66,47.54,47.6,7923,0
2016-06-30,21:25:00,47.61,47.67,47.61,47.67,4500,0
2016-06-30,21:30:00,47.67,47.79,47.67,47.77,4650,0
2016-06-30,21:35:00,47.76,47.77,47.63,47.685,9065,0
2016-06-30,21:40:00,47.69,47.69,47.56,47.64,7800,0
2016-06-30,21:45:00,47.66,47.66,47.57,47.6,5600,0
2016-06-30,21:50:00,47.59,47.62,47.56,47.58,7100,0
2016-06-30,21:55:00,47.58,47.69,47.57,47.69,16056,0
2016-06-30,22:00:00,47.67,47.8,47.63,47.745,54661,0
2016-07-01,15:35:00,47.88,48.17,47.5001,47.892,14563,0
2016-07-01,15:40:00,47.91,48.27,47.91,48.27,8504,0
2016-07-01,15:45:00,48.22,48.31,48.17,48.28,3121,0
2016-07-01,15:50:00,48.24,48.27,48.03,48.075,9424,0
2016-07-01,15:55:00,48.1,48.27,48.09,48.1604,7046,0
2016-07-01,16:00:00,48.19,48.29,48.19,48.2075,4599,0
2016-07-01,16:05:00,48.25,48.3,48.2,48.29,4732,0
2016-07-01,16:10:00,48.31,48.33,48.23,48.25,10450,0
2016-07-01,16:15:00,48.26,48.4,48.25,48.3146,8870,0
2016-07-01,16:20:00,48.35,48.4389,48.3073,48.3073,7250,0
2016-07-01,16:25:00,48.33,48.42,48.3,48.405,8300,0
2016-07-01,16:30:00,48.43,48.55,48.43,48.46,12156,0
2016-07-01,16:35:00,48.45,48.45,48.3,48.3,8450,0
2016-07-01,16:40:00,48.3,48.325,48.18,48.19,6753,0
2016-07-01,16:45:00,48.21,48.24,48.1,48.21,9841,0
2016-07-01,16:50:00,48.22,48.31,48.21,48.31,2500,0
2016-07-01,16:55:00,48.34,48.38,48.28,48.38,3803,0
2016-07-01,17:00:00,48.38,48.41,48.26,48.3,5170,0
2016-07-01,17:05:00,48.31,48.32,48.08,48.31,14600,0
2016-07-01,17:10:00,48.27,48.285,48.17,48.195,2400,0
2016-07-01,17:15:00,48.23,48.23,48.1,48.12,4700,0
2016-07-01,17:20:00,48.12,48.24,48.12,48.21,4315,0
2016-07-01,17:25:00,48.24,48.26,48.1,48.1,2200,0
2016-07-01,17:30:00,48.12,48.22,48.0701,48.22,1720,0
2016-07-01,17:35:00,48.19,48.26,48.18,48.25,1700,0
2016-07-01,17:40:00,48.2449,48.27,48.21,48.27,3400,0
2016-07-01,17:45:00,48.28,48.36,48.26,48.36,2100,0
2016-07-01,17:50:00,48.38,48.45,48.3401,48.45,3200,0
2016-07-01,17:55:00,48.42,48.5,48.42,48.47,3001,0
2016-07-01,18:00:00,48.45,48.45,48.31,48.32,5541,0
2016-07-01,18:05:00,48.31,48.32,48.11,48.11,3300,0
2016-07-01,18:10:00,48.17,48.1763,48.14,48.165,1100,0
2016-07-01,18:15:00,48.15,48.16,48.15,48.16,700,0
2016-07-01,18:20:00,48.16,48.175,48.12,48.12,1319,0
2016-07-01,18:25:00,48.11,48.11,47.92,47.92,11120,0
2016-07-01,18:30:00,47.89,47.89,47.85,47.89,1530,0
2016-07-01,18:35:00,47.89,47.92,47.86,47.88,2900,0
2016-07-01,18:40:00,47.89,47.89,47.83,47.835,2300,0
2016-07-01,18:45:00,47.87,47.96,47.85,47.94,2194,0
2016-07-01,18:50:00,47.96,48.02,47.94,48.02,2700,0
2016-07-01,18:55:00,48.01,48.01,47.94,47.98,2080,0
2016-07-01,19:00:00,47.985,47.985,47.93,47.93,900,0
2016-07-01,19:05:00,47.925,47.99,47.9101,47.98,850,0
2016-07-01,19:10:00,47.99,47.995,47.96,47.96,1700,0
2016-07-01,19:15:00,47.93,47.94,47.93,47.94,678,0
2016-07-01,19:20:00,47.91,47.91,47.87,47.87,2001,0
2016-07-01,19:25:00,47.855,47.91,47.83,47.875,6690,0
2016-07-01,19:30:00,47.86,47.86,47.815,47.815,1100,0
2016-07-01,19:35:00,47.8,47.81,47.71,47.81,11000,0
2016-07-01,19:40:00,47.79,47.81,47.74,47.8,3300,0
2016-07-01,19:45:00,47.85,47.85,47.7,47.785,10459,0
2016-07-01,19:50:00,47.78,47.96,47.78,47.91,9200,0
2016-07-01,19:55:00,47.91,48,47.9,47.91,8201,0
2016-07-01,20:00:00,47.94,48.02,47.92,47.97,8160,0
2016-07-01,20:05:00,48,48,47.98,47.98,1000,0
2016-07-01,20:10:00,47.95,48,47.87,47.88,5550,0
2016-07-01,20:15:00,47.91,47.92,47.77,47.77,1500,0
2016-07-01,20:20:00,47.77,47.8,47.75,47.78,2500,0
2016-07-01,20:25:00,47.78,47.8,47.755,47.755,3699,0
2016-07-01,20:30:00,47.76,47.8412,47.76,47.8412,3700,0
2016-07-01,20:35:00,47.82,47.82,47.77,47.77,5500,0
2016-07-01,20:40:00,47.76,47.86,47.74,47.82,6450,0
2016-07-01,20:45:00,47.82,47.9,47.75,47.8,8200,0
2016-07-01,20:50:00,47.8,47.96,47.8,47.86,11400,0
2016-07-01,20:55:00,47.93,48.01,47.86,47.94,9493,0
2016-07-01,21:00:00,47.97,47.98,47.95,47.96,2200,0
2016-07-01,21:05:00,47.98,48.01,47.97,47.97,3682,0
2016-07-01,21:10:00,48.03,48.08,48.005,48.005,2090,0
2016-07-01,21:15:00,48.01,48.07,47.96,48.07,3100,0
2016-07-01,21:20:00,48.08,48.08,48,48,1555,0
2016-07-01,21:25:00,47.99,48.01,47.9,47.9,2025,0
2016-07-01,21:30:00,47.92,47.92,47.83,47.85,4538,0
2016-07-01,21:35:00,47.85,47.93,47.84,47.85,12788,0
2016-07-01,21:40:00,47.85,47.905,47.77,47.83,9175,0
2016-07-01,21:45:00,47.86,47.912,47.84,47.85,3100,0
2016-07-01,21:50:00,47.83,47.83,47.8,47.82,12732,0
2016-07-01,21:55:00,47.82,47.9,47.8,47.87,10740,0
2016-07-01,22:00:00,47.87,47.93,47.81,47.81,25097,0
