Date,Time,Open,High,Low,Close,Volume,OpenInt
2015-12-30,15:35:00,15.1,15.1,15.1,15.1,950,0
2015-12-30,16:05:00,16.46,16.46,16.46,16.46,100,0
2015-12-30,16:35:00,15.283,15.283,15.21,15.21,972,0
2015-12-30,17:15:00,16.24,16.49,16.24,16.49,200,0
2015-12-30,19:05:00,15.308,15.308,15.3,15.3,300,0
2015-12-30,21:55:00,16.06,16.06,16.06,16.06,111,0
2015-12-31,20:10:00,15.3,15.3,15.2,15.2,514,0
2015-12-31,20:40:00,15.45,15.5,15.3,15.3,2738,0
2015-12-31,20:55:00,16,16,15.55,16,1600,0
2015-12-31,21:15:00,16,16,15.89,15.89,600,0
2015-12-31,22:00:00,16.1,16.1,16.09,16.09,500,0
2016-01-06,17:45:00,15.96,15.96,15.6974,15.6974,350,0
2016-01-06,17:50:00,15.6001,15.6296,15.6001,15.6296,500,0
2016-01-06,20:05:00,15.7501,15.7501,15.75,15.75,2000,0
2016-01-07,15:35:00,15.75,15.75,15.75,15.75,1100,0
2016-01-07,17:05:00,15.45,15.45,15.45,15.45,550,0
2016-01-07,17:35:00,15.45,15.45,15.45,15.45,100,0
2016-01-07,19:05:00,15.45,15.45,15.45,15.45,2450,0
2016-01-07,19:20:00,15.2,15.2,15.2,15.2,1000,0
2016-01-07,19:25:00,15.2,15.2,15.2,15.2,1000,0
2016-01-07,19:35:00,15.01,15.01,15,15,900,0
2016-01-07,20:50:00,15.35,15.35,15.35,15.35,3000,0
2016-01-07,21:25:00,15.35,15.35,15.34,15.35,4399,0
2016-01-07,21:30:00,15.35,15.35,15.35,15.35,4600,0
2016-01-07,21:35:00,15.35,15.35,15.35,15.35,200,0
2016-01-07,21:50:00,15.35,15.35,15.35,15.35,800,0
2016-01-07,21:55:00,15.35,15.35,15.35,15.35,300,0
2016-01-07,22:00:00,15.35,15.35,15.35,15.35,4100,0
2016-01-08,16:25:00,15.35,15.35,15.35,15.35,800,0
2016-01-08,17:05:00,15.3501,15.3501,15.35,15.35,5200,0
2016-01-08,17:40:00,15.35,15.35,15.35,15.35,500,0
2016-01-08,17:50:00,15.43,15.43,15.43,15.43,686,0
2016-01-08,19:20:00,15.35,15.35,15.35,15.35,4964,0
2016-01-08,20:00:00,15.35,15.35,15.35,15.35,300,0
2016-01-08,20:05:00,15.35,15.3579,15.35,15.3579,5000,0
2016-01-08,20:30:00,15.35,15.35,15.35,15.35,5000,0
2016-01-08,20:40:00,15.35,15.35,15.35,15.35,5000,0
2016-01-08,20:45:00,15.35,15.35,15.35,15.35,3500,0
2016-01-08,20:55:00,15.35,15.35,15.35,15.35,1500,0
2016-01-08,21:00:00,15.35,15.35,15.35,15.35,2100,0
2016-01-08,21:05:00,15.35,15.35,15.35,15.35,2600,0
2016-01-08,21:10:00,15.35,15.35,15.35,15.35,400,0
2016-01-08,21:15:00,15.35,15.35,15.35,15.35,900,0
2016-01-08,21:25:00,15.35,15.35,15.35,15.35,4787,0
2016-01-11,15:35:00,15.1,15.1,15.1,15.1,88,0
2016-01-11,16:55:00,15.5,15.5,15.5,15.5,100,0
2016-01-11,18:00:00,15.35,15.35,15.35,15.35,1600,0
2016-01-11,21:45:00,15.49,15.5,15.49,15.5,5400,0
2016-01-11,21:50:00,15.485,15.5,15.485,15.5,1300,0
2016-01-12,20:55:00,15.5,15.5,15.5,15.5,1100,0
2016-01-13,18:00:00,15.485,15.5,15.4835,15.5,1550,0
2016-01-13,18:50:00,15.38,15.38,15.35,15.35,7284,0
2016-01-13,19:10:00,15.3501,15.3501,15.3501,15.3501,1000,0
2016-01-13,19:25:00,15.35,15.35,15.35,15.35,1200,0
2016-01-13,19:30:00,15.35,15.35,15.35,15.35,3200,0
2016-01-13,19:45:00,15.35,15.35,15.35,15.35,8008,0
2016-01-13,22:00:00,15.4,15.4,15.4,15.4,5000,0
2016-01-14,20:00:00,15.4,15.4,15.4,15.4,5000,0
2016-01-15,15:35:00,199999.99,199999.99,199999.99,199999.99,1499,0
2016-01-15,16:00:00,16.9,16.9,16.9,16.9,500,0
2016-01-15,16:55:00,16.55,16.6,16.2645,16.2645,2598,0
2016-01-15,17:00:00,16.05,16.05,15.5,15.5015,4490,0
2016-01-15,17:20:00,15.5,15.5,15.01,15.01,5500,0
2016-01-15,19:45:00,15.75,15.75,15.75,15.75,100,0
2016-01-15,19:50:00,15.5,15.5,15.5,15.5,5000,0
2016-01-15,20:20:00,15.4,15.4756,15.4,15.4756,3146,0
2016-01-15,21:10:00,15.51,15.51,15.51,15.51,250,0
2016-01-15,21:15:00,15.56,15.5958,15.55,15.5958,8542,0
2016-01-15,21:40:00,15.55,15.55,15.55,15.55,1100,0
2016-01-15,21:50:00,15.55,15.55,15.51,15.55,2071,0
2016-01-15,21:55:00,15.55,15.55,15.55,15.55,2500,0
2016-01-19,19:55:00,15.43,15.43,15.43,15.43,70,0
2016-01-20,17:55:00,15.45,15.45,15.45,15.45,3000,0
2016-01-20,18:15:00,15.4,15.4158,15.4,15.4,3200,0
2016-01-20,19:20:00,15.42,15.42,15.4,15.4,4000,0
2016-01-20,19:35:00,15.42,15.42,15.4,15.4,4000,0
2016-01-20,19:40:00,15.4,15.4,15.4,15.4,100,0
2016-01-20,19:50:00,15.35,15.35,15.35,15.35,100,0
2016-01-20,20:50:00,15.35,15.35,15.35,15.35,1100,0
2016-01-21,16:15:00,15.3501,15.3501,15.35,15.35,3000,0
2016-01-21,17:45:00,15.35,15.35,15.35,15.35,811,0
2016-01-21,18:05:00,15.3,15.3,15.3,15.3,1100,0
2016-01-21,18:50:00,15.35,15.35,15.34,15.34,1300,0
2016-01-21,18:55:00,15.5,15.5,15.32,15.35,1500,0
2016-01-21,19:00:00,15.33,15.6,15.33,15.4,900,0
2016-01-21,19:15:00,15.42,15.42,15.42,15.42,900,0
2016-01-21,19:20:00,15.36,15.42,15.36,15.36,600,0
2016-01-21,19:25:00,15.45,15.45,15.4499,15.4499,600,0
2016-01-21,19:35:00,15.45,15.45,15.4485,15.4499,700,0
2016-01-21,19:40:00,15.4499,15.7,15.4499,15.7,6700,0
2016-01-21,19:45:00,16,16,15.76,15.76,6600,0
2016-01-21,19:50:00,15.8,15.8,15.7,15.8,2600,0
2016-01-21,19:55:00,15.7,15.76,15.7,15.76,400,0
2016-01-21,20:00:00,15.7001,15.78,15.7001,15.7001,1303,0
2016-01-21,20:05:00,15.76,15.76,15.7,15.7,400,0
2016-01-21,20:10:00,15.7001,15.7001,15.7001,15.7001,200,0
2016-01-21,20:15:00,15.7001,15.76,15.7001,15.735,1304,0
2016-01-21,20:20:00,15.7198,15.7198,15.7198,15.7198,200,0
2016-01-21,20:25:00,15.7001,15.7001,15.34,15.34,900,0
2016-01-21,20:30:00,15.4,15.42,15.4,15.4199,400,0
2016-01-21,20:35:00,15.3999,15.3999,15.3999,15.3999,200,0
2016-01-21,20:40:00,15.3999,15.3999,15.3999,15.3999,400,0
2016-01-21,20:45:00,15.35,15.4,15.34,15.4,4200,0
2016-01-21,20:50:00,15.38,15.6,15.38,15.6,5000,0
2016-01-21,20:55:00,15.7,15.92,15.7,15.82,4189,0
2016-01-21,21:00:00,15.91,15.91,15.8001,15.85,3189,0
2016-01-21,21:05:00,15.8001,15.8001,15.725,15.725,500,0
2016-01-21,21:15:00,15.55,15.55,15.41,15.41,300,0
2016-01-21,21:30:00,15.3099,15.3099,15.11,15.1799,3200,0
2016-01-21,21:35:00,15.45,15.66,15.45,15.53,3500,0
2016-01-21,21:40:00,15.66,15.66,15,15,4100,0
2016-01-21,21:45:00,15.9999,15.9999,15.9999,15.9999,375,0
2016-01-22,18:00:00,15.4,15.4,15.4,15.4,3750,0
2016-01-22,18:10:00,15.5,15.5,15.5,15.5,200,0
2016-01-22,18:15:00,15.55,15.55,15.12,15.12,2800,0
2016-01-22,18:20:00,15.3,15.65,15.3,15.54,5500,0
2016-01-22,18:25:00,15.54,15.65,15.5,15.58,2600,0
2016-01-22,18:30:00,15.52,15.52,15.4,15.4,600,0
2016-01-22,19:25:00,15.5,15.5,15.5,15.5,5000,0
2016-01-22,19:30:00,15.3,15.3,15.12,15.12,600,0
2016-01-22,19:35:00,15.16,15.16,15.16,15.16,100,0
2016-01-22,20:00:00,15.3,15.3,15.2999,15.3,5100,0
2016-01-22,20:05:00,15.2501,15.2501,15.2501,15.2501,593,0
2016-01-22,21:35:00,15.45,15.5518,15.45,15.5518,700,0
2016-01-22,21:40:00,15.4985,15.5,15.48,15.5,5000,0
2016-01-22,21:45:00,15.5,15.5,15.5,15.5,3900,0
2016-01-22,21:50:00,15.5,15.5,15.5,15.5,1400,0
2016-01-22,22:00:00,15.4,15.4,15.4,15.4,100,0
2016-01-25,18:25:00,15.4,15.5,15.3999,15.5,9800,0
2016-01-25,21:00:00,15.4,15.4,15.28,15.32,1000,0
2016-01-25,21:15:00,15.5,15.5,15.5,15.5,5000,0
2016-01-25,21:20:00,15.5,15.5,15.5,15.5,200,0
2016-01-25,21:30:00,15.6,15.6,15.6,15.6,9950,0
2016-01-25,22:00:00,15.6,15.6,15.6,15.6,3400,0
2016-01-26,15:55:00,15.4,15.4,15.4,15.4,100,0
2016-01-26,16:00:00,15.35,15.35,15.35,15.35,100,0
2016-01-27,19:00:00,15.4814,15.4814,15.4814,15.4814,500,0
2016-01-29,16:05:00,15.75,15.75,15.75,15.75,100,0
2016-01-29,16:10:00,15.75,15.75,15.75,15.75,100,0
2016-01-29,16:15:00,15.75,15.75,15.75,15.75,100,0
2016-01-29,16:25:00,15.75,15.75,15.75,15.75,100,0
2016-01-29,16:30:00,15.75,15.75,15.75,15.75,100,0
2016-01-29,16:35:00,15.75,15.75,15.75,15.75,100,0
2016-01-29,16:45:00,15.75,15.75,15.75,15.75,100,0
2016-01-29,16:50:00,15.75,15.75,15.75,15.75,100,0
2016-01-29,17:00:00,15.75,15.75,15.75,15.75,100,0
2016-01-29,17:05:00,15.75,15.75,15.75,15.75,100,0
2016-01-29,17:15:00,15.75,15.75,15.75,15.75,100,0
2016-01-29,17:25:00,15.75,15.75,15.75,15.75,100,0
2016-01-29,17:30:00,15.75,15.75,15.75,15.75,100,0
2016-01-29,17:40:00,15.75,15.75,15.75,15.75,100,0
2016-01-29,17:45:00,15.75,15.96,15.75,15.96,800,0
2016-01-29,18:05:00,16,16,16,16,187,0
2016-01-29,18:15:00,16,16,16,16,100,0
2016-01-29,19:35:00,15.49,15.49,15.49,15.49,100,0
2016-01-29,21:10:00,16,16,16,16,694,0
2016-01-29,22:00:00,16,16,16,16,100,0
2016-02-01,16:00:00,15.96,15.96,15.96,15.96,200,0
2016-02-01,16:20:00,15.96,15.96,15.96,15.96,100,0
2016-02-01,16:35:00,15.89,15.89,15.89,15.89,100,0
2016-02-01,16:45:00,15.9,15.9,15.9,15.9,100,0
2016-02-01,16:55:00,15.9,15.9,15.9,15.9,100,0
2016-02-01,17:10:00,15.9,15.9,15.9,15.9,100,0
2016-02-01,17:20:00,15.9,15.9,15.9,15.9,100,0
2016-02-01,17:35:00,15.9,15.9,15.9,15.9,100,0
2016-02-01,18:00:00,16,16,16,16,100,0
2016-02-01,18:15:00,16,16,16,16,100,0
2016-02-01,19:20:00,15.59,15.6671,15.56,15.6671,1206,0
2016-02-01,22:00:00,15.87,15.9,15.87,15.9,4750,0
2016-02-03,16:30:00,15.5515,15.5515,15.5515,15.5515,155,0
2016-02-03,18:00:00,15.55,15.55,15.55,15.55,1000,0
2016-02-03,18:40:00,15.55,15.55,15.55,15.55,2000,0
2016-02-03,19:40:00,15.6176,15.6176,15.6176,15.6176,420,0
2016-02-03,19:50:00,15.5501,15.5501,15.5501,15.5501,420,0
2016-02-05,19:10:00,15.55,15.55,15.55,15.55,1000,0
2016-02-05,19:20:00,15.55,15.55,15.55,15.55,1000,0
2016-02-08,15:35:00,15.9,15.9,15.9,15.9,100,0
2016-02-08,18:50:00,15.1,15.1,15.1,15.1,300,0
2016-02-08,18:55:00,15.1,15.1,15.0001,15.0001,300,0
2016-02-08,19:00:00,15.04,15.04,15,15,300,0
2016-02-08,19:05:00,15.0001,15.0001,15,15,400,0
2016-02-09,21:35:00,15,15,15,15,2633,0
2016-02-10,17:50:00,15,15,15,15,300,0
2016-02-11,15:50:00,15.1,15.1,15.1,15.1,250,0
2016-02-11,21:10:00,14.75,14.75,14.75,14.75,875,0
2016-02-11,21:30:00,14.9,14.9,14.9,14.9,200,0
2016-02-16,15:35:00,15,15,15,15,675,0
2016-02-17,18:30:00,15.09,15.09,15.09,15.09,140,0
2016-02-18,15:50:00,15.1,15.1,15,15,3400,0
2016-02-18,15:55:00,15,15,15,15,3000,0
2016-02-18,21:25:00,15.1,15.1,15.1,15.1,3400,0
2016-02-19,15:35:00,15.45,15.45,15.45,15.45,183,0
2016-02-19,19:00:00,15.15,15.15,15.15,15.15,1800,0
2016-02-19,20:35:00,15.1501,15.1501,15.1501,15.1501,1000,0
2016-02-19,22:00:00,15.35,15.35,15.35,15.35,100,0
2016-02-22,16:35:00,15.4499,15.4499,15.4499,15.4499,500,0
2016-02-23,15:55:00,15.35,15.35,15.35,15.35,100,0
2016-02-23,16:50:00,15.35,15.35,15.35,15.35,100,0
2016-02-23,18:05:00,15.35,15.35,15.35,15.35,100,0
2016-02-23,19:45:00,15.35,15.35,15.35,15.35,100,0
2016-02-23,21:05:00,15.35,15.35,15.35,15.35,100,0
2016-02-24,17:00:00,15.1101,15.1101,15.11,15.11,1000,0
2016-02-24,17:35:00,15.13,15.13,15.1101,15.1101,2200,0
2016-02-24,17:40:00,15.11,15.16,15.11,15.11,600,0
2016-02-24,17:45:00,15.22,15.22,15.11,15.11,200,0
2016-02-24,21:00:00,15.175,15.175,15.175,15.175,250,0
2016-02-25,19:50:00,15.12,15.12,15.11,15.11,400,0
2016-02-25,21:40:00,15.13,15.13,15.1,15.1,1500,0
2016-02-29,15:35:00,15.11,15.11,15.1,15.1,834,0
2016-02-29,16:35:00,15.5,15.5,15.5,15.5,100,0
2016-03-02,17:55:00,15.274,15.274,15.274,15.274,1000,0
2016-03-02,21:55:00,15.68,15.68,15.68,15.68,800,0
2016-03-07,18:00:00,15.17,15.74,15.15,15.74,500,0
2016-03-07,18:05:00,15.75,15.75,15.75,15.75,100,0
2016-03-07,18:15:00,15.75,15.75,15.75,15.75,100,0
2016-03-07,18:30:00,15.75,15.75,15.75,15.75,100,0
2016-03-07,18:35:00,15.75,15.75,15.75,15.75,300,0
2016-03-07,18:55:00,15.74,15.74,15.74,15.74,100,0
2016-03-07,20:30:00,15.75,15.75,15.75,15.75,200,0
2016-03-07,21:00:00,15.75,15.75,15.75,15.75,310,0
2016-03-07,21:10:00,15.75,15.75,15.75,15.75,200,0
2016-03-07,21:25:00,15.75,15.75,15.75,15.75,200,0
2016-03-07,21:35:00,15.75,15.75,15.75,15.75,100,0
2016-03-07,21:45:00,15.75,15.75,15.75,15.75,100,0
2016-03-07,21:50:00,15.71,15.75,15.67,15.67,300,0
2016-03-07,21:55:00,15.67,15.67,15.67,15.67,300,0
2016-03-07,22:00:00,15.74,15.9,15.74,15.9,700,0
2016-03-08,16:20:00,15.9,15.9,15.15,15.15,300,0
2016-03-08,16:35:00,15.87,15.9,15.87,15.9,200,0
2016-03-08,16:50:00,15.9,15.9,15.9,15.9,100,0
2016-03-08,16:55:00,15.9,15.9,15.9,15.9,100,0
2016-03-08,17:00:00,15.9,15.9,15.9,15.9,200,0
2016-03-08,17:10:00,15.9,15.9,15.9,15.9,100,0
2016-03-08,17:30:00,15.9,15.9,15.9,15.9,100,0
2016-03-08,17:50:00,15.9,15.9,15.9,15.9,200,0
2016-03-08,18:00:00,15.46,15.77,15.46,15.77,200,0
2016-03-08,18:05:00,15.21,15.21,15.21,15.21,100,0
2016-03-08,18:30:00,15.25,15.25,15.25,15.25,100,0
2016-03-08,18:50:00,15.9,15.9,15.9,15.9,100,0
2016-03-08,19:15:00,15.88,15.88,15.6,15.6,300,0
2016-03-08,19:40:00,15.9,15.9,15.9,15.9,100,0
2016-03-08,19:55:00,15.9,15.9,15.9,15.9,100,0
2016-03-08,20:20:00,15.9,15.9,15.61,15.89,300,0
2016-03-08,20:25:00,15.9,15.9,15.9,15.9,200,0
2016-03-08,20:35:00,15.9,15.9,15.9,15.9,100,0
2016-03-08,21:00:00,15.84,15.84,15.84,15.84,100,0
2016-03-08,21:15:00,15.85,15.85,15.84,15.84,200,0
2016-03-08,21:25:00,15.85,15.85,15.84,15.84,200,0
2016-03-08,21:40:00,15.84,15.84,15.84,15.84,100,0
2016-03-08,21:45:00,15.8,15.8,15.8,15.8,100,0
2016-03-08,21:50:00,15.8,15.8,15.8,15.8,100,0
2016-03-08,21:55:00,15.8,15.8,15.8,15.8,200,0
2016-03-08,22:00:00,15.79,15.85,15.79,15.85,400,0
2016-03-09,22:00:00,15.6,15.6,15.6,15.6,200,0
2016-03-10,15:35:00,15.6,15.6,15.6,15.6,200,0
2016-03-10,16:15:00,15.5,15.5,15.5,15.5,200,0
2016-03-10,16:20:00,15.15,15.5,15.15,15.5,5350,0
2016-03-10,16:25:00,15.5,15.5,15.5,15.5,100,0
2016-03-10,16:30:00,15.5,15.5,15.5,15.5,146,0
2016-03-10,16:35:00,15.5,15.5,15.5,15.5,100,0
2016-03-10,16:40:00,15.5,15.5,15.5,15.5,100,0
2016-03-10,16:55:00,15.25,15.5,15.25,15.5,179,0
2016-03-10,17:05:00,15.5,15.5,15.5,15.5,100,0
2016-03-10,17:10:00,15.5,15.5,15.5,15.5,100,0
2016-03-10,17:15:00,15.5,15.5,15.5,15.5,100,0
2016-03-10,17:20:00,15.5,15.5,15.5,15.5,100,0
2016-03-10,17:40:00,15.5,15.5,15.5,15.5,200,0
2016-03-10,17:45:00,15.5,15.5,15.5,15.5,100,0
2016-03-10,19:15:00,15.5,15.5,15.5,15.5,200,0
2016-03-10,20:40:00,15.5,15.5,15.5,15.5,200,0
2016-03-10,21:15:00,15.5,15.5,15.5,15.5,200,0
2016-03-10,21:30:00,15.49,15.49,15.49,15.49,100,0
2016-03-10,21:40:00,15.49,15.49,15.49,15.49,300,0
2016-03-10,21:45:00,15.49,15.49,15.49,15.49,100,0
2016-03-10,21:50:00,15.5,15.5,15.5,15.5,100,0
2016-03-10,21:55:00,15.5,15.5,15.5,15.5,200,0
2016-03-10,22:00:00,15.5,15.5,15.5,15.5,532,0
2016-03-11,17:25:00,15.5,15.6,15.5,15.6,2100,0
2016-03-11,17:40:00,15.6,15.6,15.6,15.6,100,0
2016-03-11,18:00:00,15.6,15.6,15.6,15.6,300,0
2016-03-11,18:10:00,15.85,15.85,15.85,15.85,100,0
2016-03-11,18:15:00,15.85,15.85,15.85,15.85,600,0
2016-03-11,18:35:00,15.85,15.85,15.85,15.85,100,0
2016-03-11,18:45:00,15.85,15.85,15.85,15.85,300,0
2016-03-11,19:15:00,15.85,15.85,15.85,15.85,200,0
2016-03-11,19:35:00,15.85,15.85,15.85,15.85,100,0
2016-03-11,19:40:00,15.85,15.85,15.85,15.85,100,0
2016-03-11,19:50:00,15.85,15.85,15.85,15.85,200,0
2016-03-11,20:05:00,15.85,15.85,15.85,15.85,100,0
2016-03-11,20:25:00,15.85,15.85,15.85,15.85,100,0
2016-03-11,20:40:00,15.85,15.85,15.85,15.85,100,0
2016-03-11,20:50:00,15.99,15.99,15.99,15.99,100,0
2016-03-11,21:00:00,15.99,15.99,15.99,15.99,200,0
2016-03-11,21:15:00,15.99,15.99,15.99,15.99,200,0
2016-03-11,21:20:00,15.99,15.99,15.99,15.99,100,0
2016-03-11,21:25:00,15.99,15.99,15.99,15.99,100,0
2016-03-11,21:30:00,15.99,15.99,15.99,15.99,200,0
2016-03-11,21:35:00,15.99,15.99,15.99,15.99,200,0
2016-03-11,21:40:00,15.99,15.99,15.99,15.99,200,0
2016-03-11,21:45:00,15.99,15.99,15.99,15.99,300,0
2016-03-11,21:50:00,15.99,15.99,15.99,15.99,100,0
2016-03-11,21:55:00,15.99,15.99,15.99,15.99,100,0
2016-03-11,22:00:00,15.99,15.99,15.99,15.99,578,0
2016-03-14,15:00:00,15.99,16.37,15.99,16.37,1762,0
2016-03-14,15:05:00,16,16,16,16,500,0
2016-03-14,15:10:00,15.99,15.99,15.99,15.99,100,0
2016-03-14,15:15:00,15.98,15.98,15.98,15.98,100,0
2016-03-14,15:20:00,15.99,15.99,15.99,15.99,1000,0
2016-03-14,15:25:00,15.99,15.99,15.99,15.99,300,0
2016-03-14,15:30:00,15.99,15.99,15.99,15.99,100,0
2016-03-14,15:35:00,15.99,15.99,15.99,15.99,300,0
2016-03-14,15:40:00,15.99,16,15.99,16,453,0
2016-03-14,15:45:00,15.99,15.99,15.99,15.99,200,0
2016-03-14,15:50:00,15.99,15.99,15.99,15.99,300,0
2016-03-14,15:55:00,15.99,15.99,15.99,15.99,100,0
2016-03-14,16:00:00,15.99,15.99,15.99,15.99,600,0
2016-03-14,16:05:00,15.99,15.99,15.99,15.99,300,0
2016-03-14,16:10:00,15.99,15.99,15.99,15.99,400,0
2016-03-14,16:15:00,15.99,15.99,15.99,15.99,100,0
2016-03-14,16:20:00,15.99,16.1,15.99,16.03,2100,0
2016-03-14,16:25:00,16.03,16.03,16.03,16.03,100,0
2016-03-14,16:30:00,15.95,15.95,15.95,15.95,100,0
2016-03-14,16:35:00,16.02,16.02,16.02,16.02,100,0
2016-03-14,16:45:00,16.03,16.03,16.03,16.03,200,0
2016-03-14,16:50:00,16.03,16.03,15.9,15.9,2500,0
2016-03-14,16:55:00,15.9,15.9,15.9,15.9,500,0
2016-03-14,17:00:00,15.9,15.9,15.9,15.9,100,0
2016-03-14,17:05:00,15.9,15.9,15.9,15.9,100,0
2016-03-14,17:10:00,15.9,16.02,15.9,16.02,400,0
2016-03-14,17:20:00,16,16,16,16,200,0
2016-03-14,17:30:00,16,16,16,16,100,0
2016-03-14,17:35:00,16,16,16,16,200,0
2016-03-14,17:55:00,16.1,16.1,16.1,16.1,100,0
2016-03-14,18:00:00,16.1,16.1,16.1,16.1,200,0
2016-03-14,18:05:00,16.1,16.1,16.1,16.1,100,0
2016-03-14,18:15:00,16.15,16.2,16.15,16.2,500,0
2016-03-14,18:20:00,16.2,16.2,16.2,16.2,100,0
2016-03-14,18:25:00,16.2,16.2,16.1,16.1,800,0
2016-03-14,18:30:00,16.1,16.1,16.1,16.1,200,0
2016-03-14,18:40:00,16.1,16.15,16.1,16.15,300,0
2016-03-14,18:45:00,16.15,16.15,16.15,16.15,200,0
2016-03-14,18:50:00,16.1,16.1,16.02,16.1,1100,0
2016-03-14,18:55:00,16.1,16.1,16.1,16.1,100,0
2016-03-14,19:00:00,16.02,16.06,16.02,16.02,5700,0
2016-03-14,19:05:00,16.07,16.095,16.07,16.09,800,0
2016-03-14,19:10:00,16.04,16.04,15.82,16,3857,0
2016-03-14,19:15:00,16.03,16.03,16.03,16.03,100,0
2016-03-14,19:20:00,16,16,16,16,1000,0
2016-03-14,19:25:00,16,16,16,16,500,0
2016-03-14,19:30:00,16.03,16.03,16,16.03,1400,0
2016-03-14,19:35:00,16.03,16.03,15.81,15.82,300,0
2016-03-14,19:40:00,16.03,16.03,16.03,16.03,100,0
2016-03-14,19:45:00,16.03,16.03,16.015,16.015,400,0
2016-03-14,19:50:00,16.03,16.05,16.03,16.05,357,0
2016-03-14,19:55:00,16.05,16.05,16.05,16.05,100,0
2016-03-14,20:05:00,16.09,16.09,16.09,16.09,400,0
2016-03-14,20:10:00,16.09,16.09,16.09,16.09,900,0
2016-03-14,20:15:00,16.09,16.09,16,16,2000,0
2016-03-14,20:20:00,16.05,16.05,16.05,16.05,700,0
2016-03-14,20:25:00,16.05,16.05,16.05,16.05,300,0
2016-03-14,20:30:00,16.05,16.05,16,16,1100,0
2016-03-14,20:35:00,16,16.05,16,16.01,600,0
2016-03-14,20:40:00,16.01,16.05,16.01,16.05,700,0
2016-03-14,20:45:00,16.02,16.05,16,16.025,1400,0
2016-03-14,20:50:00,16.05,16.05,16,16.05,800,0
2016-03-14,20:55:00,16.045,16.045,16.03,16.04,1705,0
2016-03-14,21:00:00,16.04,16.05,16.025,16.05,2000,0
2016-03-15,14:35:00,16.1,16.1,16.1,16.1,100,0
2016-03-15,14:45:00,16.1,16.24,16.1,16.23,3200,0
2016-03-15,14:55:00,16.25,16.49,16.25,16.49,2700,0
2016-03-15,15:00:00,16.77,16.85,16.67,16.67,1000,0
2016-03-15,15:05:00,16.7,16.7,16.7,16.7,300,0
2016-03-15,15:10:00,16.55,16.55,16.53,16.53,300,0
2016-03-15,15:20:00,16.75,16.75,16.41,16.41,754,0
2016-03-15,15:30:00,16.5,16.5,16.49,16.5,500,0
2016-03-15,15:35:00,16.66,16.66,16.44,16.44,881,0
2016-03-15,15:40:00,16.47,16.47,16.47,16.47,100,0
2016-03-15,16:00:00,16.74,16.74,16.74,16.74,100,0
2016-03-15,16:05:00,16.75,16.9,16.75,16.9,782,0
2016-03-15,16:10:00,16.9,17,16.89,16.89,3300,0
2016-03-15,16:20:00,16.96,16.96,16.96,16.96,100,0
2016-03-15,16:25:00,16.96,16.96,16.85,16.85,200,0
2016-03-15,16:30:00,16.94,16.94,16.85,16.85,200,0
2016-03-15,16:35:00,16.93,16.93,16.85,16.85,200,0
2016-03-15,16:40:00,16.92,16.92,16.83,16.89,300,0
2016-03-15,16:45:00,16.73,16.73,16.73,16.73,100,0
2016-03-15,16:50:00,16.89,16.89,16.81,16.81,500,0
2016-03-15,17:05:00,16.9,16.9,16.8,16.8,300,0
2016-03-15,17:10:00,16.78,16.78,16.78,16.78,200,0
2016-03-15,17:15:00,16.88,16.88,16.81,16.81,500,0
2016-03-15,17:30:00,16.71,16.71,16.71,16.71,400,0
2016-03-15,17:55:00,16.86,16.86,16.53,16.53,300,0
2016-03-15,18:05:00,16.84,16.84,16.54,16.54,200,0
2016-03-15,18:10:00,16.55,16.55,16.55,16.55,250,0
2016-03-15,18:15:00,16.82,16.83,16.64,16.83,500,0
2016-03-15,18:35:00,16.87,16.87,16.87,16.87,100,0
2016-03-15,18:40:00,16.9,16.9,16.9,16.9,200,0
2016-03-15,18:45:00,16.9,16.9,16.9,16.9,100,0
2016-03-15,18:50:00,16.9,16.9,16.9,16.9,200,0
2016-03-15,18:55:00,17,17,17,17,100,0
2016-03-15,19:00:00,16.98,16.98,16.98,16.98,100,0
2016-03-15,19:05:00,16.98,16.98,16.74,16.98,300,0
2016-03-15,19:15:00,16.98,16.98,16.98,16.98,100,0
2016-03-15,19:20:00,17,17,17,17,100,0
2016-03-15,19:35:00,16.75,17,16.75,17,400,0
2016-03-15,19:40:00,16.75,16.75,16.75,16.75,100,0
2016-03-15,19:45:00,17,17,17,17,100,0
2016-03-15,19:50:00,17,17,16.77,16.77,200,0
2016-03-15,19:55:00,16.99,16.99,16.75,16.75,200,0
2016-03-15,20:05:00,17,17,16.77,16.77,400,0
2016-03-15,20:10:00,17,17,16.75,17,500,0
2016-03-15,20:15:00,17,17,16.77,16.77,200,0
2016-03-15,20:20:00,16.98,16.98,16.75,16.75,200,0
2016-03-15,20:25:00,16.98,17,16.78,17,600,0
2016-03-15,20:30:00,16.81,16.97,16.8,16.97,300,0
2016-03-15,20:35:00,16.96,17,16.78,17,500,0
2016-03-15,20:40:00,17,17,16.77,17,400,0
2016-03-15,20:45:00,17,17,16.96,17,400,0
2016-03-15,20:50:00,17,17,16.87,16.87,1100,0
2016-03-15,20:55:00,16.98,17,16.98,17,400,0
2016-03-15,21:00:00,16.98,17.05,16.98,17.05,1300,0
2016-03-16,15:15:00,17,17,17,17,200,0
2016-03-16,15:20:00,17,17,17,17,800,0
2016-03-16,15:25:00,17,17,17,17,200,0
2016-03-16,15:35:00,17.05,17.05,17.05,17.05,1000,0
2016-03-16,15:40:00,17.05,17.05,17.05,17.05,100,0
2016-03-16,15:45:00,17.05,17.05,17.05,17.05,100,0
2016-03-16,15:50:00,17.05,17.1,17.05,17.1,421,0
2016-03-16,15:55:00,17.1,17.1,17,17,1100,0
2016-03-16,16:00:00,17.05,17.05,17,17,900,0
2016-03-16,16:05:00,17.04,17.04,16.69,16.69,700,0
2016-03-16,16:10:00,17.02,17.02,16.833,16.833,1100,0
2016-03-16,16:15:00,17.02,17.02,17,17,621,0
2016-03-16,16:20:00,17.02,17.02,17.02,17.02,200,0
2016-03-16,16:25:00,17.02,17.02,17.02,17.02,100,0
2016-03-16,16:30:00,16.98,16.98,16.98,16.98,100,0
2016-03-16,16:35:00,16.98,16.98,16.98,16.98,200,0
2016-03-16,16:40:00,16.97,16.97,16.97,16.97,100,0
2016-03-16,16:45:00,16.97,16.97,16.96,16.96,200,0
2016-03-16,16:55:00,17.01,17.01,16.96,16.96,200,0
2016-03-16,17:00:00,17.01,17.01,17.01,17.01,600,0
2016-03-16,17:05:00,17.01,17.01,17.01,17.01,100,0
2016-03-16,17:10:00,17.01,17.01,17.01,17.01,100,0
2016-03-16,17:20:00,17.01,17.01,17.01,17.01,100,0
2016-03-16,17:25:00,17.01,17.01,17.01,17.01,100,0
2016-03-16,17:30:00,17,17,17,17,100,0
2016-03-16,17:40:00,17,17,17,17,100,0
2016-03-16,17:45:00,17,17,17,17,100,0
2016-03-16,17:50:00,17,17,17,17,100,0
2016-03-16,17:55:00,17,17,17,17,100,0
2016-03-16,18:00:00,17,17,17,17,400,0
2016-03-16,18:15:00,17,17,17,17,100,0
2016-03-16,18:20:00,17,17,17,17,400,0
2016-03-16,18:30:00,16.99,16.99,16.99,16.99,100,0
2016-03-16,18:50:00,17,17,17,17,100,0
2016-03-16,19:00:00,17,17,17,17,100,0
2016-03-16,19:10:00,16.97,16.97,16.97,16.97,100,0
2016-03-16,19:35:00,17,17,17,17,400,0
2016-03-16,19:55:00,17,17,17,17,100,0
2016-03-16,20:00:00,17,17,17,17,1000,0
2016-03-16,20:05:00,17,17,17,17,1100,0
2016-03-16,20:10:00,17,17,17,17,100,0
2016-03-16,20:15:00,17,17.005,17,17,2300,0
2016-03-16,20:20:00,17,17,17,17,100,0
2016-03-16,20:25:00,17,17,17,17,300,0
2016-03-16,20:35:00,17,17,17,17,100,0
2016-03-16,20:40:00,17,17,17,17,200,0
2016-03-16,20:45:00,17,17.02,17,17,800,0
2016-03-16,20:50:00,17,17.02,17,17.02,400,0
2016-03-16,20:55:00,17,17,16.995,16.995,400,0
2016-03-16,21:00:00,17,17.015,16.99,17,800,0
2016-03-17,14:45:00,17.98,17.98,17.5,17.5,402,0
2016-03-17,14:55:00,17.28,17.28,17.28,17.28,600,0
2016-03-17,15:05:00,17.5,17.5,17.5,17.5,100,0
2016-03-17,15:10:00,17.5,17.5,17.5,17.5,200,0
2016-03-17,15:15:00,16.7858,17.5,16.7858,17.5,2100,0
2016-03-17,15:20:00,17.5,17.5,17.5,17.5,500,0
2016-03-17,15:25:00,17.5,17.5,17.5,17.5,400,0
2016-03-17,15:30:00,17.5,17.5,17.5,17.5,100,0
2016-03-17,15:35:00,17.5,17.5,17.5,17.5,100,0
2016-03-17,15:40:00,17.5,17.5,17.5,17.5,100,0
2016-03-17,15:45:00,17.28,17.5,17.28,17.5,700,0
2016-03-17,15:50:00,17.5,17.5,17.5,17.5,500,0
2016-03-17,15:55:00,17.5,17.5,17.491,17.5,1300,0
2016-03-17,16:00:00,17.5,17.5,17.5,17.5,300,0
2016-03-17,16:05:00,17.5,17.5,17.5,17.5,1100,0
2016-03-17,16:10:00,17.5,17.5,17.5,17.5,100,0
2016-03-17,16:15:00,17.5,17.5,17.5,17.5,100,0
2016-03-17,16:20:00,17.5,17.5,17.495,17.5,900,0
2016-03-17,16:25:00,17.5,17.5,17.5,17.5,100,0
2016-03-17,16:30:00,17.5,17.5,17.5,17.5,100,0
2016-03-17,16:35:00,17.5,17.5,17.5,17.5,200,0
2016-03-17,16:40:00,17.5,17.5,17.5,17.5,200,0
2016-03-17,16:45:00,17.5,17.5,17.5,17.5,100,0
2016-03-17,16:50:00,17.49,17.5,17.49,17.5,200,0
2016-03-17,16:55:00,17.5,17.5,17.5,17.5,100,0
2016-03-17,17:00:00,17.5,17.5,17.5,17.5,200,0
2016-03-17,17:05:00,17.5,17.5,17.5,17.5,600,0
2016-03-17,17:10:00,17.5,17.5,17.5,17.5,100,0
2016-03-17,17:15:00,17.49,17.49,17.48,17.48,500,0
2016-03-17,17:20:00,17.5,17.5,17.5,17.5,100,0
2016-03-17,17:25:00,17.38,17.5,17.38,17.5,200,0
2016-03-17,17:30:00,17.5,17.5,17.5,17.5,100,0
2016-03-17,17:40:00,17.5,17.5,17.5,17.5,100,0
2016-03-17,17:45:00,17.5,17.5,17.5,17.5,100,0
2016-03-17,17:50:00,17.5,17.5,17.5,17.5,100,0
2016-03-17,18:00:00,17.5,17.5,17.5,17.5,100,0
2016-03-17,18:05:00,17.5,17.5,17.5,17.5,100,0
2016-03-17,18:15:00,17.5,17.5,17.5,17.5,100,0
2016-03-17,18:20:00,17.5,17.5,17.5,17.5,100,0
2016-03-17,18:25:00,17.5,17.5,17.5,17.5,100,0
2016-03-17,18:35:00,17.35,17.35,17.35,17.35,100,0
2016-03-17,18:40:00,17.5,17.5,17.5,17.5,100,0
2016-03-17,18:45:00,17.5,17.5,17.5,17.5,200,0
2016-03-17,18:50:00,17.5,17.5,17.5,17.5,100,0
2016-03-17,18:55:00,17.5,17.5,17.5,17.5,100,0
2016-03-17,19:00:00,17.5,17.5,17.5,17.5,200,0
2016-03-17,19:05:00,17.5,17.5,17.5,17.5,400,0
2016-03-17,19:10:00,17.5,17.5,17.5,17.5,200,0
2016-03-17,19:15:00,17.5,17.5,17.5,17.5,100,0
2016-03-17,19:20:00,17.5,17.5,17.49,17.49,650,0
2016-03-17,19:25:00,17.49,17.5,17.49,17.5,200,0
2016-03-17,19:30:00,17.5,17.5,17.5,17.5,100,0
2016-03-17,19:35:00,17.5,17.5,17.5,17.5,100,0
2016-03-17,19:40:00,17.49,17.49,17.49,17.49,100,0
2016-03-17,19:45:00,17.5,17.5,17.5,17.5,500,0
2016-03-17,19:50:00,17.5,17.5,17.5,17.5,100,0
2016-03-17,19:55:00,17.5,17.5,17.5,17.5,100,0
2016-03-17,20:00:00,17.5,17.5,17.4917,17.5,1400,0
2016-03-17,20:05:00,17.5,17.5,17.5,17.5,400,0
2016-03-17,20:10:00,17.495,17.5,17.49,17.5,1400,0
2016-03-17,20:15:00,17.5,17.5,17.5,17.5,100,0
2016-03-17,20:20:00,17.5,17.5,17.5,17.5,100,0
2016-03-17,20:25:00,17.5,17.5,17.5,17.5,100,0
2016-03-17,20:30:00,17.5,17.5,17.5,17.5,100,0
2016-03-17,20:35:00,17.5,17.5,17.5,17.5,500,0
2016-03-17,20:40:00,17.5,17.5,17.5,17.5,200,0
2016-03-17,20:45:00,17.5,17.5,17.45,17.5,2377,0
2016-03-17,20:50:00,17.5,17.5,17.5,17.5,100,0
2016-03-17,20:55:00,17.5,17.5,17.47,17.5,500,0
2016-03-17,21:00:00,17.5,17.5,17.49,17.5,700,0
2016-03-18,15:10:00,17.5,17.5,17.5,17.5,100,0
2016-03-18,15:15:00,17.28,17.5,17.28,17.5,200,0
2016-03-18,15:20:00,17.49,17.49,17.48,17.48,200,0
2016-03-18,15:25:00,17.49,17.5,17.49,17.5,200,0
2016-03-18,15:40:00,17.5,17.5,17.5,17.5,400,0
2016-03-18,15:45:00,17.5,17.5,17.5,17.5,100,0
2016-03-18,15:50:00,17.5,17.5,17.5,17.5,100,0
2016-03-18,15:55:00,17.5,17.5,17.5,17.5,200,0
2016-03-18,16:00:00,17.5,17.5,17.5,17.5,100,0
2016-03-18,16:05:00,17.26,17.49,17.26,17.49,200,0
2016-03-18,16:10:00,17.4,17.4,17.3,17.3,200,0
2016-03-18,16:15:00,17.26,17.5,17.26,17.5,300,0
2016-03-18,16:20:00,17.5,17.5,17.5,17.5,100,0
2016-03-18,16:25:00,17.3,17.5,17.3,17.5,200,0
2016-03-18,16:30:00,17.31,17.31,17.26,17.26,300,0
2016-03-18,16:35:00,17.5,17.5,17.48,17.48,200,0
2016-03-18,16:40:00,17.5,17.5,17.5,17.5,200,0
2016-03-18,16:45:00,17.5,17.5,17.5,17.5,100,0
2016-03-18,16:50:00,17.5,17.5,17.49,17.49,300,0
2016-03-18,16:55:00,17.48,17.5,17.48,17.5,200,0
2016-03-18,17:00:00,17.49,17.55,17.49,17.55,2200,0
2016-03-18,17:05:00,17.55,17.55,17.55,17.55,500,0
2016-03-18,17:10:00,17.55,17.6,17.55,17.6,1700,0
2016-03-18,17:15:00,17.58,17.6,17.58,17.6,500,0
2016-03-18,17:20:00,17.6,17.98,17.6,17.98,500,0
2016-03-18,17:25:00,17.96,17.96,17.96,17.96,100,0
2016-03-18,17:30:00,17.98,17.98,17.95,17.95,500,0
2016-03-18,17:35:00,17.79,17.94,17.79,17.9,300,0
2016-03-18,17:40:00,17.93,17.93,17.9,17.9,500,0
2016-03-18,17:45:00,17.9,17.94,17.9,17.94,200,0
2016-03-18,17:50:00,17.86,17.86,17.86,17.86,100,0
2016-03-18,17:55:00,17.93,17.93,17.8,17.8,600,0
2016-03-18,18:00:00,17.8,17.95,17.8,17.95,400,0
2016-03-18,18:05:00,17.95,17.95,17.95,17.95,100,0
2016-03-18,18:10:00,17.94,17.94,17.94,17.94,100,0
2016-03-18,18:15:00,17.94,17.94,17.94,17.94,100,0
2016-03-18,18:20:00,17.9,17.9,17.9,17.9,300,0
2016-03-18,18:25:00,17.9,17.9,17.9,17.9,300,0
2016-03-18,18:30:00,17.9,17.9,17.9,17.9,300,0
2016-03-18,18:35:00,17.9,17.9,17.79,17.79,900,0
2016-03-18,18:40:00,17.79,17.79,17.79,17.79,300,0
2016-03-18,18:45:00,17.681,17.79,17.681,17.79,600,0
2016-03-18,18:50:00,17.6801,17.79,17.6801,17.77,700,0
2016-03-18,18:55:00,17.79,17.8,17.79,17.8,500,0
2016-03-18,19:00:00,17.8,17.8,17.8,17.8,100,0
2016-03-18,19:05:00,17.8,17.8,17.8,17.8,1500,0
2016-03-18,19:10:00,17.79,17.79,17.79,17.79,100,0
2016-03-18,19:15:00,17.8,17.8,17.8,17.8,100,0
2016-03-18,19:20:00,17.8,17.8,17.69,17.8,600,0
2016-03-18,19:25:00,17.8,17.8,17.8,17.8,400,0
2016-03-18,19:30:00,17.8,17.8,17.8,17.8,500,0
2016-03-18,19:35:00,17.8,17.8,17.8,17.8,500,0
2016-03-18,19:40:00,17.8,18,17.8,17.99,2900,0
2016-03-18,19:45:00,17.95,17.95,17.95,17.95,300,0
2016-03-18,19:50:00,17.95,17.95,17.9,17.94,600,0
2016-03-18,19:55:00,17.95,17.95,17.81,17.94,774,0
2016-03-18,20:00:00,17.94,17.99,17.94,17.99,375,0
2016-03-18,20:05:00,17.99,17.99,17.99,17.99,100,0
2016-03-18,20:10:00,17.98,18,17.98,18,800,0
2016-03-18,20:15:00,17.97,18,17.92,18,1700,0
2016-03-18,20:20:00,18,18,17.92,17.92,1400,0
2016-03-18,20:30:00,17.86,18,17.86,17.98,1000,0
2016-03-18,20:35:00,18,18,18,18,600,0
2016-03-18,20:40:00,17.99,18,17.99,18,500,0
2016-03-18,20:45:00,18,18,18,18,400,0
2016-03-18,20:50:00,18,18,18,18,600,0
2016-03-18,20:55:00,17.99,18.46,17.99,18.46,2702,0
2016-03-18,21:00:00,18.46,18.48,17.86,18.13,139446,0
2016-03-21,18:30:00,17.22,17.22,17.22,17.22,100,0
2016-03-21,18:35:00,17.32,17.32,17.32,17.32,100,0
2016-03-21,18:40:00,17.21,17.21,17.21,17.21,560,0
2016-03-21,18:50:00,17.26,17.26,17.26,17.26,100,0
2016-03-21,19:00:00,17.27,17.59,17.27,17.55,531,0
2016-03-21,19:05:00,17.79,17.79,17.36,17.36,200,0
2016-03-21,19:15:00,17.38,17.38,17.38,17.38,100,0
2016-03-21,19:20:00,17.6001,17.6001,17.6001,17.6001,100,0
2016-03-21,19:25:00,17.49,17.49,17.49,17.49,100,0
2016-03-21,19:35:00,17.33,17.33,17.33,17.33,100,0
2016-03-21,19:40:00,17.62,17.62,17.62,17.62,100,0
2016-03-21,19:50:00,17.4801,17.4801,17.4801,17.4801,100,0
2016-03-21,20:00:00,17.482,17.482,17.482,17.482,100,0
2016-03-21,21:00:00,17.54,17.54,17.54,17.54,200,0
2016-03-23,14:35:00,17.54,17.54,17.54,17.54,106,0
2016-03-23,16:00:00,17.6411,17.6411,17.6411,17.6411,189,0
2016-03-23,16:20:00,17.5,17.5,17.2,17.2,7437,0
2016-03-23,17:00:00,16.3542,16.3542,16.3542,16.3542,250,0
2016-03-23,18:35:00,16.6,16.6,16.5,16.5,200,0
2016-03-23,18:55:00,16.55,16.55,16.5,16.5,200,0
2016-03-23,19:15:00,16.5,16.5,16.5,16.5,100,0
2016-03-23,19:40:00,16.5,16.5,16.5,16.5,100,0
2016-03-23,20:00:00,16.5,16.5,16.5,16.5,100,0
2016-03-23,20:20:00,16.35,16.4,16.35,16.35,765,0
2016-03-23,20:25:00,16.43,16.43,16.43,16.43,100,0
2016-03-23,20:35:00,16.36,16.36,16.35,16.35,353,0
2016-03-23,20:45:00,16.35,16.35,16.35,16.35,300,0
2016-03-23,20:50:00,16.35,16.35,16.35,16.35,200,0
2016-03-23,20:55:00,16.3,16.3,16.3,16.3,100,0
2016-03-23,21:00:00,16.29,16.29,15.12,15.17,2999,0
2016-03-24,14:35:00,15.5,15.5,15.5,15.5,659,0
2016-03-24,17:15:00,16,16,16,16,300,0
2016-03-24,17:20:00,16,16,16,16,200,0
2016-03-24,19:55:00,15.96,15.96,15.96,15.96,100,0
2016-03-24,20:05:00,16.09,16.11,16.09,16.11,200,0
2016-03-24,20:15:00,16.39,16.91,16.39,16.91,2800,0
2016-03-24,20:20:00,17.03,17.03,17.03,17.03,100,0
2016-03-24,20:25:00,17.56,18.4,17.56,18.4,1400,0
2016-03-24,20:30:00,17.96,18,17.505,17.505,1200,0
2016-03-24,20:45:00,17.35,17.4771,17.35,17.4771,1400,0
2016-03-24,20:50:00,17.6869,17.8491,17.5582,17.8491,2400,0
2016-03-24,20:55:00,17.57,17.57,17.29,17.29,1800,0
2016-03-24,21:00:00,17.85,17.85,17.07,17.84,2866,0
2016-03-28,15:35:00,18.4,18.4,18.4,18.4,316,0
2016-03-28,15:40:00,18.4,18.4,18.3999,18.3999,200,0
2016-03-28,15:50:00,18.3999,18.4,18.3999,18.4,200,0
2016-03-28,15:55:00,18.4,18.4,18.39,18.39,900,0
2016-03-28,16:00:00,18.39,18.39,18.39,18.39,100,0
2016-03-28,16:25:00,18.4,18.4,18.4,18.4,100,0
2016-03-28,16:30:00,18.39,18.39,18.39,18.39,100,0
2016-03-28,16:35:00,18.36,18.36,18.36,18.36,100,0
2016-03-28,16:40:00,18.355,18.355,18.31,18.3101,700,0
2016-03-28,17:00:00,18.35,18.35,18.11,18.11,200,0
2016-03-28,17:20:00,18.35,18.35,18.35,18.35,100,0
2016-03-28,17:30:00,18.3499,18.3499,18.3499,18.3499,100,0
2016-03-28,17:35:00,18.35,18.35,18.34,18.34,200,0
2016-03-28,18:05:00,18.35,18.35,18.35,18.35,200,0
2016-03-28,18:15:00,18.35,18.35,18.35,18.35,100,0
2016-03-28,18:45:00,18.35,18.35,18.35,18.35,100,0
2016-03-28,18:50:00,18.35,18.35,18.35,18.35,100,0
2016-03-28,18:55:00,18.34,18.34,18.34,18.34,100,0
2016-03-28,19:25:00,18.25,18.25,18.25,18.25,165,0
2016-03-28,19:40:00,18.25,18.25,18.25,18.25,100,0
2016-03-28,19:45:00,18.2413,18.25,18.24,18.25,1400,0
2016-03-28,20:10:00,18.33,18.33,18.33,18.33,100,0
2016-03-28,20:45:00,18.3497,18.3497,18.3497,18.3497,100,0
2016-03-28,21:20:00,18.3497,18.3497,18.3497,18.3497,200,0
2016-03-28,21:50:00,18.3497,18.3497,18.3497,18.3497,100,0
2016-03-28,22:00:00,18.35,18.35,18.3497,18.3499,451,0
2016-03-29,15:35:00,18.35,18.35,18.35,18.35,100,0
2016-03-29,16:50:00,18.31,18.31,18.31,18.31,100,0
2016-03-29,17:05:00,18.3675,18.4,18.3675,18.4,1100,0
2016-03-29,17:30:00,18.4,18.4,18.4,18.4,600,0
2016-03-29,18:55:00,18.4,18.4,18.4,18.4,600,0
2016-03-29,19:05:00,18.4,18.4,18.4,18.4,700,0
2016-03-29,19:55:00,18.45,18.45,18.45,18.45,300,0
2016-03-29,21:20:00,18.27,18.27,17.83,17.83,1250,0
2016-03-29,21:30:00,18.115,18.115,18.115,18.115,100,0
2016-03-29,21:45:00,18.3999,18.3999,18.3999,18.3999,532,0
2016-03-29,21:55:00,18.1201,18.1201,18.1201,18.1201,1000,0
2016-03-29,22:00:00,18.2084,18.4,18.2084,18.4,700,0
2016-03-30,15:55:00,16.7049,16.7049,16.7049,16.7049,659,0
2016-03-30,17:05:00,18.3399,18.3399,18.3399,18.3399,100,0
2016-03-30,18:05:00,18.34,18.34,18.34,18.34,100,0
2016-03-30,22:00:00,18.26,18.34,18.26,18.34,200,0
2016-03-31,17:40:00,18.3568,18.3568,18.3432,18.3432,1500,0
2016-03-31,18:50:00,18.3401,18.3401,18.3401,18.3401,100,0
2016-03-31,18:55:00,18.34,18.34,18.34,18.34,100,0
2016-03-31,19:00:00,18.3401,18.3401,18.3401,18.3401,100,0
2016-03-31,19:05:00,18.34,18.34,18.34,18.34,100,0
2016-03-31,19:10:00,18.344,18.344,18.344,18.344,100,0
2016-03-31,19:15:00,18.3401,18.3401,18.3401,18.3401,100,0
2016-03-31,19:20:00,18.34,18.34,18.34,18.34,100,0
2016-03-31,19:25:00,18.34,18.34,18.34,18.34,271,0
2016-03-31,19:35:00,18.3415,18.3415,18.3415,18.3415,100,0
2016-03-31,19:40:00,18.34,18.34,18.34,18.34,100,0
2016-03-31,19:45:00,18.3568,18.42,18.3568,18.42,200,0
2016-03-31,19:50:00,18.3401,18.3401,18.3401,18.3401,100,0
2016-03-31,19:55:00,18.34,18.34,18.34,18.34,100,0
2016-03-31,20:00:00,18.34,18.34,18.34,18.34,100,0
2016-03-31,20:05:00,18.34,18.34,18.34,18.34,100,0
2016-03-31,20:10:00,18.34,18.34,18.34,18.34,100,0
2016-03-31,20:20:00,18.3401,18.3401,18.3401,18.3401,100,0
2016-03-31,20:25:00,18.3569,18.3569,18.3569,18.3569,100,0
2016-03-31,20:30:00,18.34,18.34,18.34,18.34,100,0
2016-03-31,20:35:00,18.34,18.34,18.34,18.34,100,0
2016-03-31,20:40:00,18.42,18.42,18.42,18.42,100,0
2016-03-31,20:45:00,18.34,18.34,18.34,18.34,100,0
2016-03-31,20:50:00,18.341,18.341,18.341,18.341,100,0
2016-03-31,21:00:00,18.3567,18.42,18.3567,18.42,200,0
2016-03-31,21:35:00,18.5,18.5,18.5,18.5,114,0
2016-03-31,22:00:00,18.5,18.5,18.5,18.5,196,0
2016-04-04,16:05:00,17.5201,17.5201,17.5201,17.5201,1000,0
2016-04-04,17:05:00,18.4,18.4,18.4,18.4,100,0
2016-04-04,17:20:00,18.4,18.4,18.4,18.4,100,0
2016-04-04,17:25:00,18.4,18.4,18.4,18.4,100,0
2016-04-04,17:45:00,18.03,18.1544,18.03,18.1544,340,0
2016-04-04,19:05:00,18.4,18.4,18.4,18.4,100,0
2016-04-04,20:15:00,18.49,18.49,18.49,18.49,100,0
2016-04-04,20:30:00,18.5,18.5,18.5,18.5,551,0
2016-04-04,21:00:00,18.5,18.5,18.5,18.5,100,0
2016-04-04,21:05:00,18.5,18.5,18.5,18.5,1254,0
2016-04-04,21:20:00,18.45,18.5,18.45,18.5,200,0
2016-04-04,21:25:00,18.48,18.48,18.48,18.48,100,0
2016-04-04,21:30:00,18.5,18.5,18.5,18.5,182,0
2016-04-04,21:35:00,18.5,18.5,18.5,18.5,100,0
2016-04-04,21:40:00,18.5,18.5,18.5,18.5,200,0
2016-04-04,21:45:00,18.5,18.5,18.5,18.5,200,0
2016-04-04,21:50:00,18.5,18.5,18.5,18.5,300,0
2016-04-04,21:55:00,18.5,18.5,18.5,18.5,100,0
2016-04-04,22:00:00,18.49,18.5,18.48,18.48,1433,0
2016-04-05,19:00:00,17.91,17.91,17.77,17.77,500,0
2016-04-05,19:05:00,17.66,17.66,17.66,17.66,100,0
2016-04-05,21:45:00,17.75,18.04,17.75,17.99,500,0
2016-04-06,15:35:00,17.72,17.72,17.72,17.72,300,0
2016-04-06,19:35:00,17.5,17.5,17.5,17.5,100,0
2016-04-06,22:00:00,17.5,18.38,17.5,17.58,713,0
2016-04-07,15:35:00,17.5,17.5,17.5,17.5,300,0
2016-04-08,16:20:00,17.105,17.105,17.105,17.105,300,0
2016-04-08,17:15:00,18.4,18.4,17.36,17.36,300,0
2016-04-08,22:00:00,18.5,18.5,17.72,17.72,200,0
2016-04-11,19:45:00,17.8,17.8,17.53,17.6,300,0
2016-04-11,22:00:00,17.64,17.64,17.61,17.61,481,0
2016-04-12,18:30:00,17.92,18,17.9,17.9,400,0
2016-04-12,18:35:00,17.8407,17.8407,17.8407,17.8407,206,0
2016-04-12,19:30:00,17.84,17.84,17.84,17.84,460,0
2016-04-12,20:30:00,17.84,17.9,17.84,17.9,800,0
2016-04-12,20:35:00,17.99,17.99,17.9,17.9,1600,0
2016-04-12,22:00:00,18.75,18.75,18.75,18.75,100,0
2016-04-13,16:20:00,17.5,17.5,17.5,17.5,100,0
2016-04-13,17:05:00,17.5001,17.5001,17.5001,17.5001,100,0
2016-04-13,17:40:00,17.54,17.54,17.5,17.5,1000,0
2016-04-13,21:15:00,17.835,17.835,17.835,17.835,100,0
2016-04-13,21:50:00,18.2,18.2,18.2,18.2,100,0
2016-04-14,18:35:00,17.61,18.4,17.61,18.4,406,0
2016-04-14,20:25:00,18.0597,18.0597,18.0597,18.0597,100,0
2016-04-14,21:20:00,18.75,18.75,18.75,18.75,100,0
2016-04-14,21:50:00,18.42,18.42,18.42,18.42,100,0
2016-04-19,15:35:00,17.68,17.68,17.68,17.68,100,0
2016-04-20,15:35:00,17.6,17.6,17.6,17.6,300,0
2016-04-20,15:45:00,17.58,17.6,17.58,17.6,500,0
2016-04-20,17:05:00,16.7939,16.7939,16.7939,16.7939,136,0
2016-04-20,18:30:00,16.7,16.7,16.7,16.7,119,0
2016-04-20,21:55:00,16.61,16.7,16.61,16.7,200,0
2016-04-21,17:35:00,16.5,16.5,16.5,16.5,37000,0
2016-04-22,22:00:00,16.65,16.65,16.65,16.65,108,0
2016-04-25,19:00:00,16.91,16.91,16.91,16.91,100,0
2016-04-25,22:00:00,17.32,18,17.32,18,1781,0
2016-04-26,17:05:00,18.677,18.75,18.02,18.02,1582,0
2016-04-26,19:55:00,17.4,17.4,17.4,17.4,100,0
2016-04-26,20:10:00,17.3303,17.3303,17.3303,17.3303,100,0
2016-04-26,20:20:00,17.3303,17.3303,17.3303,17.3303,100,0
2016-04-26,20:25:00,17.3303,17.3303,17.3303,17.3303,100,0
2016-04-26,20:30:00,17.33,17.33,17.33,17.33,100,0
2016-04-26,20:35:00,17.3303,17.3303,17.3303,17.3303,200,0
2016-04-26,20:50:00,17.47,17.47,17.47,17.47,100,0
2016-04-26,20:55:00,17.42,17.42,17.42,17.42,100,0
2016-04-26,21:00:00,17.33,17.33,17.33,17.33,100,0
2016-04-26,21:05:00,17.33,17.33,17.33,17.33,100,0
2016-04-26,21:20:00,16.69,16.69,16.69,16.69,100,0
2016-04-26,21:25:00,16.5903,16.5903,16.5803,16.5803,200,0
2016-04-26,21:35:00,16.66,16.66,16.66,16.66,200,0
2016-04-26,21:45:00,16.7,16.7,16.63,16.63,200,0
2016-04-26,21:50:00,16.6,16.63,16.6,16.63,200,0
2016-04-26,21:55:00,16.6,17.15,16.54,17.0035,600,0
2016-04-26,22:00:00,16.53,16.63,16.53,16.63,300,0
2016-04-27,16:10:00,16.75,16.75,16.75,16.75,100,0
2016-04-27,17:50:00,17.407,17.407,17.407,17.407,320,0
2016-04-27,17:55:00,16.69,16.69,16.69,16.69,100,0
2016-04-27,21:55:00,16.53,16.53,16.53,16.53,100,0
2016-04-28,15:35:00,16.53,16.53,16.53,16.53,100,0
2016-04-28,15:55:00,16.53,16.53,16.53,16.53,143,0
2016-04-28,16:00:00,16.5,16.5,16.5,16.5,300,0
2016-04-28,21:20:00,16.5,16.5,16.5,16.5,300,0
2016-04-28,21:30:00,16.5,16.5001,16.5,16.5001,300,0
2016-05-02,22:00:00,16.55,16.55,16.55,16.55,177,0
2016-05-03,19:40:00,16.55,16.55,16.55,16.55,409,0
2016-05-03,19:45:00,16.5,16.5,16.5,16.5,300,0
2016-05-04,17:35:00,16.51,16.51,16.5,16.51,2528,0
2016-05-04,18:35:00,16.53,16.53,16.53,16.53,100,0
2016-05-04,19:00:00,16.53,16.53,16.53,16.53,100,0
2016-05-04,20:55:00,16.5,16.5,16.5,16.5,100,0
2016-05-04,21:05:00,16.5,16.5,16.5,16.5,328,0
2016-05-04,21:25:00,16.5,16.5,16.5,16.5,200,0
2016-05-04,21:30:00,16.5,16.5,16.24,16.24,300,0
2016-05-04,21:55:00,16.04,16.04,16.04,16.04,100,0
2016-05-04,22:00:00,16.12,16.12,16.12,16.12,100,0
2016-05-06,15:35:00,15.25,15.25,15.25,15.25,100,0
2016-05-06,18:45:00,16,16,16,16,100,0
2016-05-06,19:15:00,16.4,16.4,16.4,16.4,100,0
2016-05-09,15:35:00,16,16,16,16,790,0
2016-05-09,16:10:00,16.0001,16.0001,16.0001,16.0001,101,0
2016-05-10,20:00:00,16.34,16.39,16.34,16.39,495,0
2016-05-11,19:45:00,16.004,16.004,16,16,919,0
2016-05-12,22:00:00,16.01,16.01,16.01,16.01,151,0
2016-05-13,22:00:00,16.35,16.35,16.35,16.35,109,0
2016-05-17,22:00:00,16,16,16,16,227,0
2016-05-18,15:45:00,16,16,16,16,300,0
2016-05-20,22:00:00,16.01,16.01,16.01,16.01,148,0
2016-05-24,19:55:00,16.2,16.2,16.1999,16.1999,200,0
2016-05-31,20:15:00,15.87,15.87,15.85,15.85,256,0
2016-05-31,21:05:00,15.87,15.87,15.87,15.87,100,0
2016-05-31,21:30:00,15.87,15.87,15.87,15.87,100,0
2016-05-31,21:45:00,15.85,15.85,15.85,15.85,100,0
2016-05-31,21:55:00,15.85,15.85,15.85,15.85,100,0
2016-05-31,22:00:00,15.79,15.79,15.79,15.79,100,0
2016-06-01,15:45:00,15.811,15.811,15.811,15.811,194,0
2016-06-01,18:35:00,15.7,15.7,15.5,15.5,550,0
2016-06-02,17:40:00,15.49,15.49,15.49,15.49,100,0
2016-06-02,22:00:00,15.25,15.25,15.25,15.25,221,0
2016-06-03,15:35:00,15.07,15.07,15.07,15.07,1452,0
2016-06-03,15:40:00,15.01,15.03,15,15.0001,500,0
2016-06-03,15:50:00,14.6496,14.6496,14.6496,14.6496,100,0
2016-06-03,16:40:00,14.78,14.8,14.78,14.8,1200,0
2016-06-03,16:45:00,14.9,14.9,14.85,14.9,1252,0
2016-06-03,18:30:00,15.14,15.14,15.102,15.102,284,0
2016-06-03,19:45:00,15.1,15.1,15.1,15.1,1663,0
2016-06-06,16:20:00,15.18,15.3,15.18,15.3,200,0
2016-06-06,16:25:00,14.61,14.61,14.61,14.61,100,0
2016-06-06,16:40:00,15.0299,15.0299,15.0299,15.0299,100,0
2016-06-06,17:00:00,15.18,15.18,15.18,15.18,100,0
2016-06-06,17:15:00,14.88,14.92,14.88,14.92,500,0
2016-06-06,17:20:00,14.88,15,14.88,15,1300,0
2016-06-06,17:30:00,15.03,15.06,15.03,15.06,200,0
2016-06-06,17:35:00,15.4201,15.4201,15.3,15.36,1488,0
2016-06-06,17:40:00,15.36,15.36,15.36,15.36,300,0
2016-06-06,17:45:00,14.905,14.9399,14.905,14.9399,200,0
2016-06-06,17:50:00,14.92,14.92,14.92,14.92,100,0
2016-06-06,18:50:00,14.95,15.05,14.95,15.05,1500,0
2016-06-06,18:55:00,15.07,15.1175,14.9999,15.0699,800,0
2016-06-06,19:00:00,15.12,15.12,15.12,15.12,100,0
2016-06-06,19:05:00,15.05,15.05,15.05,15.05,300,0
2016-06-06,19:10:00,14.905,15.05,14.905,15.05,500,0
2016-06-06,19:15:00,15.18,15.2,15.18,15.2,300,0
2016-06-06,19:20:00,15.19,15.3501,15.08,15.15,1834,0
2016-06-06,19:25:00,15.15,15.38,15.15,15.25,2300,0
2016-06-06,19:30:00,15.25,15.48,15.25,15.3601,3500,0
2016-06-06,19:35:00,15.4801,15.4801,15.3,15.4,1700,0
2016-06-06,19:40:00,15.42,15.61,15.25,15.25,1400,0
2016-06-06,19:45:00,15.47,15.47,15.47,15.47,1000,0
2016-06-06,19:50:00,15.11,15.28,15.11,15.28,1500,0
2016-06-06,19:55:00,15.22,15.22,15.19,15.19,600,0
2016-06-06,20:05:00,15.16,15.16,14.85,14.85,2052,0
2016-06-06,20:10:00,14.8999,14.8999,14.8999,14.8999,100,0
2016-06-06,20:15:00,14.9199,14.9199,14.9199,14.9199,100,0
2016-06-06,20:25:00,14.92,14.92,14.9199,14.9199,200,0
2016-06-06,20:30:00,15.05,15.2801,15.05,15.1501,600,0
2016-06-06,20:35:00,15.11,15.11,14.9199,14.9199,1100,0
2016-06-06,20:40:00,14.9399,15.05,14.9399,14.9999,500,0
2016-06-06,20:45:00,14.9899,15.2801,14.9899,15,900,0
2016-06-06,20:50:00,14.9499,14.9499,14.9499,14.9499,100,0
2016-06-06,20:55:00,14.9699,14.9699,14.9699,14.9699,400,0
2016-06-06,21:00:00,14.9699,15.01,14.9699,15.01,300,0
2016-06-06,21:05:00,15.1901,15.1901,15.1901,15.1901,100,0
2016-06-06,21:10:00,15.15,15.2199,15.05,15.2199,900,0
2016-06-06,21:15:00,15.18,15.2,14.9499,14.9499,1000,0
2016-06-06,21:20:00,14.9499,15.2701,14.9499,15.15,300,0
2016-06-06,21:25:00,15.1601,15.1601,15.1601,15.1601,100,0
2016-06-06,21:30:00,15.1,15.1,14.95,14.95,1300,0
2016-06-06,21:55:00,15.1,15.1,15.1,15.1,100,0
2016-06-06,22:00:00,15.11,15.11,15.11,15.11,230,0
2016-06-07,15:35:00,15.15,15.15,15.15,15.15,103,0
2016-06-07,15:45:00,15.58,15.58,15.5,15.5,500,0
2016-06-07,15:50:00,15.5,15.98,15.5,15.98,1800,0
2016-06-07,15:55:00,15.8,15.8,15.575,15.7,1100,0
2016-06-07,16:10:00,15.85,16,15.85,15.94,1276,0
2016-06-07,16:15:00,16.01,16.07,15.9,15.9,2964,0
2016-06-07,16:40:00,15.9,15.9,15.9,15.9,287,0
2016-06-07,17:00:00,15.71,15.7299,15.71,15.7299,200,0
2016-06-07,17:05:00,15.78,15.78,15.78,15.78,100,0
2016-06-07,18:25:00,15.49,15.6793,15.49,15.6793,2800,0
2016-06-07,18:30:00,15.7,15.79,15.66,15.74,600,0
2016-06-07,18:35:00,15.74,15.97,15.74,15.88,2488,0
2016-06-07,18:40:00,15.95,15.95,15.78,15.81,5708,0
2016-06-07,18:45:00,15.82,15.82,15.78,15.78,800,0
2016-06-07,18:50:00,15.74,15.78,15.675,15.77,3000,0
2016-06-07,18:55:00,15.72,15.8,15.7,15.7,3066,0
2016-06-07,19:00:00,15.76,15.76,15.76,15.76,300,0
2016-06-07,19:05:00,15.78,15.78,15.7,15.7,700,0
2016-06-07,19:10:00,15.77,15.77,15.62,15.62,1966,0
2016-06-07,19:20:00,15.64,15.64,15.611,15.611,400,0
2016-06-07,19:30:00,15.61,15.61,15.6,15.6,1075,0
2016-06-07,19:50:00,15.65,15.65,15.52,15.52,900,0
2016-06-07,19:55:00,15.55,15.66,15.38,15.38,4164,0
2016-06-07,20:00:00,15.31,15.33,15.27,15.29,1300,0
2016-06-07,21:30:00,15.5,15.5,15.5,15.5,1375,0
2016-06-07,21:40:00,15.5,15.5001,15.5,15.5001,1000,0
2016-06-07,21:55:00,15.5,15.5,15.5,15.5,200,0
2016-06-08,16:15:00,15.52,15.6084,15.5,15.6084,1344,0
2016-06-08,16:30:00,15.98,15.98,15.98,15.98,100,0
2016-06-08,18:55:00,15.95,15.95,15.95,15.95,1100,0
2016-06-08,19:35:00,15.95,15.95,15.95,15.95,500,0
2016-06-08,21:05:00,15.95,15.95,15.95,15.95,300,0
2016-06-08,21:50:00,15.96,15.96,15.96,15.96,100,0
2016-06-08,21:55:00,15.95,15.96,15.95,15.96,1978,0
2016-06-09,17:15:00,15.64,15.68,15.64,15.68,590,0
2016-06-09,17:20:00,15.68,15.68,15.68,15.68,100,0
2016-06-09,20:45:00,15.5,15.5,15.5,15.5,110,0
2016-06-10,19:05:00,15.25,15.26,15.25,15.26,200,0
2016-06-10,19:10:00,15.25,15.25,15.25,15.25,200,0
2016-06-10,19:15:00,15.29,15.29,15.25,15.25,200,0
2016-06-10,19:20:00,15.25,15.26,15.25,15.26,200,0
2016-06-10,19:25:00,15.28,15.28,15.28,15.28,100,0
2016-06-10,22:00:00,15.9,15.9,15.9,15.9,100,0
2016-06-13,20:00:00,15.88,15.88,15.88,15.88,106,0
2016-06-14,19:45:00,15.85,15.85,15.85,15.85,100,0
2016-06-14,20:00:00,15.29,15.29,15.29,15.29,200,0
2016-06-14,22:00:00,15.28,15.28,15.28,15.28,205,0
2016-06-15,15:35:00,15.33,15.33,15.33,15.33,100,0
2016-06-15,20:00:00,15.4,15.4,15.4,15.4,100,0
2016-06-16,18:50:00,15.55,15.55,15.55,15.55,100,0
2016-06-16,19:00:00,15.55,15.55,15.55,15.55,100,0
2016-06-16,19:05:00,15.56,15.56,15.56,15.56,100,0
2016-06-16,19:10:00,15.55,15.55,15.55,15.55,100,0
2016-06-16,19:15:00,15.55,15.55,15.55,15.55,200,0
2016-06-16,19:20:00,15.55,15.55,15.55,15.55,200,0
2016-06-16,19:25:00,15.55,15.55,15.55,15.55,100,0
2016-06-16,19:30:00,15.55,15.55,15.55,15.55,200,0
2016-06-16,19:35:00,15.55,15.55,15.55,15.55,200,0
2016-06-16,19:40:00,15.55,15.55,15.55,15.55,100,0
2016-06-16,19:45:00,15.55,15.55,15.55,15.55,200,0
2016-06-16,19:50:00,15.55,15.55,15.55,15.55,200,0
2016-06-16,19:55:00,15.55,15.55,15.55,15.55,100,0
2016-06-16,20:00:00,15.55,15.55,15.55,15.55,300,0
2016-06-16,21:15:00,15.77,15.78,15.77,15.78,200,0
2016-06-16,21:30:00,15.75,15.75,15.75,15.75,100,0
2016-06-16,21:35:00,15.75,15.75,15.75,15.75,100,0
2016-06-16,21:40:00,15.57,15.57,15.57,15.57,100,0
2016-06-16,21:50:00,15.6,15.6,15.55,15.55,481,0
2016-06-17,15:35:00,15.49,15.49,15.49,15.49,103,0
2016-06-17,16:40:00,15.1,15.12,15.1,15.12,1600,0
2016-06-17,21:55:00,15.47,15.49,15.47,15.49,200,0
2016-06-17,22:00:00,15.5,15.5,15.5,15.5,2561,0
2016-06-20,21:45:00,15.7,15.7,15.29,15.29,200,0
2016-06-21,17:55:00,15.75,15.75,15.75,15.75,900,0
2016-06-21,18:00:00,15.27,15.27,15.27,15.27,100,0
2016-06-21,18:05:00,15.75,15.75,15.75,15.75,500,0
2016-06-21,20:00:00,15.69,15.69,15.69,15.69,100,0
2016-06-21,20:10:00,15.33,15.33,15.33,15.33,100,0
2016-06-21,20:45:00,15.26,15.7,15.26,15.7,600,0
2016-06-21,20:55:00,15.36,15.36,15.36,15.36,100,0
2016-06-21,21:25:00,15.25,15.25,15.25,15.25,100,0
2016-06-21,22:00:00,15.48,15.48,15.3,15.3,364,0
2016-06-22,15:35:00,15.46,15.46,15.46,15.46,100,0
2016-06-22,19:30:00,15.2601,15.2601,15.2601,15.2601,1500,0
2016-06-22,20:00:00,15.66,15.66,15.66,15.66,100,0
2016-06-22,20:20:00,15.48,15.48,15.48,15.48,200,0
2016-06-23,19:15:00,15.67,15.7,15.67,15.7,300,0
2016-06-23,20:00:00,15.7,15.7,15.7,15.7,100,0
2016-06-23,20:35:00,15.67,15.7,15.67,15.7,4558,0
2016-06-23,20:45:00,15.66,15.66,15.66,15.66,100,0
2016-06-23,21:50:00,15.66,15.66,15.66,15.66,100,0
2016-06-23,22:00:00,15.7,15.7,15.49,15.49,696,0
2016-06-24,21:55:00,15.58,15.58,15.58,15.58,200,0
2016-06-28,16:30:00,15.5,15.5,15.5,15.5,108,0
2016-06-29,16:05:00,14.8,15.36,14.44,15.36,500,0
2016-06-29,18:10:00,14.79,14.79,14.21,14.215,900,0
2016-06-29,18:55:00,15,15,15,15,900,0
2016-06-29,19:00:00,15,15,15,15,400,0
2016-06-29,19:05:00,15,15,15,15,100,0
2016-06-29,20:10:00,15.2081,15.2081,15.2081,15.2081,500,0
2016-06-30,17:15:00,15.39,15.418,15.39,15.418,200,0
2016-06-30,17:30:00,16.19,16.19,16.19,16.19,100,0
2016-06-30,19:10:00,15.45,15.45,15.45,15.45,100,0
2016-06-30,19:45:00,16,16,16,16,100,0
2016-06-30,21:00:00,16,16,16,16,130,0
2016-07-01,16:45:00,15.29,15.88,15.25,15.88,1700,0
2016-07-01,20:00:00,15.3,15.36,15.3,15.3,1680,0
