Date,Time,Open,High,Low,Close,Volume,OpenInt
2016-06-03,15:35:00,4.12,4.12,4.12,4.12,112,0
2016-06-03,15:45:00,4.13,4.13,4.13,4.13,600,0
2016-06-03,15:50:00,4.15,4.15,4.15,4.15,300,0
2016-06-03,16:10:00,4.13,4.15,4.13,4.15,200,0
2016-06-03,16:15:00,4.13,4.14,4.13,4.14,400,0
2016-06-03,16:20:00,4.13,4.14,4.13,4.13,1800,0
2016-06-03,16:30:00,4.115,4.115,4.115,4.115,300,0
2016-06-03,16:35:00,4.115,4.115,4.115,4.115,200,0
2016-06-03,16:40:00,4.11,4.115,4.11,4.115,300,0
2016-06-03,16:45:00,4.115,4.115,4.115,4.115,200,0
2016-06-03,16:50:00,4.115,4.115,4.115,4.115,300,0
2016-06-03,16:55:00,4.115,4.13,4.115,4.13,200,0
2016-06-03,17:00:00,4.13,4.13,4.13,4.13,300,0
2016-06-03,17:05:00,4.13,4.13,4.11,4.11,1600,0
2016-06-03,17:10:00,4.13,4.13,4.125,4.125,300,0
2016-06-03,17:15:00,4.125,4.125,4.125,4.125,300,0
2016-06-03,17:20:00,4.125,4.125,4.125,4.125,300,0
2016-06-03,17:25:00,4.125,4.125,4.125,4.125,300,0
2016-06-03,17:30:00,4.125,4.13,4.125,4.13,200,0
2016-06-03,17:35:00,4.13,4.13,4.125,4.13,1700,0
2016-06-03,17:40:00,4.13,4.13,4.125,4.125,300,0
2016-06-03,17:45:00,4.13,4.13,4.125,4.125,400,0
2016-06-03,17:50:00,4.125,4.13,4.125,4.13,300,0
2016-06-03,17:55:00,4.125,4.125,4.125,4.125,300,0
2016-06-03,18:00:00,4.12,4.13,4.12,4.125,494,0
2016-06-03,18:05:00,4.13,4.13,4.13,4.13,300,0
2016-06-03,18:10:00,4.13,4.13,4.13,4.13,300,0
2016-06-03,18:15:00,4.14,4.14,4.14,4.14,100,0
2016-06-03,18:20:00,4.14,4.14,4.14,4.14,300,0
2016-06-03,18:25:00,4.14,4.14,4.14,4.14,200,0
2016-06-03,18:30:00,4.14,4.14,4.14,4.14,600,0
2016-06-03,18:35:00,4.14,4.14,4.14,4.14,300,0
2016-06-03,18:40:00,4.14,4.14,4.14,4.14,400,0
2016-06-03,18:45:00,4.14,4.14,4.14,4.14,300,0
2016-06-03,18:50:00,4.14,4.14,4.14,4.14,300,0
2016-06-03,18:55:00,4.14,4.14,4.14,4.14,500,0
2016-06-03,19:00:00,4.14,4.14,4.14,4.14,200,0
2016-06-03,19:05:00,4.14,4.14,4.14,4.14,500,0
2016-06-03,19:10:00,4.14,4.14,4.13,4.13,700,0
2016-06-03,19:30:00,4.13,4.13,4.13,4.13,300,0
2016-06-03,19:50:00,4.13,4.13,4.13,4.13,200,0
2016-06-03,19:55:00,4.145,4.16,4.12,4.12,900,0
2016-06-03,20:00:00,4.12,4.12,4.12,4.12,100,0
2016-06-03,20:10:00,4.12,4.16,4.12,4.13,3183,0
2016-06-03,20:15:00,4.15,4.15,4.12,4.12,300,0
2016-06-03,20:20:00,4.12,4.15,4.12,4.15,1315,0
2016-06-03,20:40:00,4.13,4.15,4.13,4.13,900,0
2016-06-03,20:45:00,4.13,4.145,4.13,4.145,800,0
2016-06-03,20:50:00,4.14,4.14,4.14,4.14,200,0
2016-06-03,20:55:00,4.14,4.14,4.14,4.14,200,0
2016-06-03,21:00:00,4.14,4.14,4.14,4.14,600,0
2016-06-03,21:05:00,4.14,4.14,4.14,4.14,100,0
2016-06-03,21:10:00,4.14,4.14,4.14,4.14,400,0
2016-06-03,21:15:00,4.14,4.14,4.14,4.14,600,0
2016-06-03,21:20:00,4.14,4.14,4.14,4.14,700,0
2016-06-03,21:25:00,4.14,4.14,4.14,4.14,200,0
2016-06-03,21:30:00,4.14,4.14,4.14,4.14,500,0
2016-06-03,21:35:00,4.14,4.14,4.13,4.13,1832,0
2016-06-03,21:40:00,4.13,4.13,4.13,4.13,700,0
2016-06-03,21:45:00,4.13,4.13,4.12,4.12,700,0
2016-06-03,21:50:00,4.12,4.12,4.11,4.12,1893,0
2016-06-03,21:55:00,4.13,4.14,4.12,4.12,900,0
2016-06-03,22:00:00,4.12,4.12,4.11,4.11,8899,0
2016-06-06,15:35:00,4.12,4.12,4.12,4.12,114,0
2016-06-06,16:10:00,4.19,4.19,4.14,4.14,700,0
2016-06-06,16:15:00,4.14,4.14,4.14,4.14,100,0
2016-06-06,16:25:00,4.14,4.14,4.14,4.14,200,0
2016-06-06,16:30:00,4.13,4.13,4.13,4.13,100,0
2016-06-06,16:40:00,4.12,4.12,4.12,4.12,500,0
2016-06-06,16:55:00,4.12,4.14,4.12,4.14,200,0
2016-06-06,17:05:00,4.13,4.14,4.13,4.14,500,0
2016-06-06,17:10:00,4.1499,4.17,4.13,4.17,1400,0
2016-06-06,17:15:00,4.17,4.17,4.17,4.17,100,0
2016-06-06,17:25:00,4.17,4.17,4.17,4.17,100,0
2016-06-06,17:35:00,4.16,4.16,4.16,4.16,100,0
2016-06-06,17:50:00,4.17,4.19,4.17,4.19,500,0
2016-06-06,18:00:00,4.18,4.2,4.18,4.18,6900,0
2016-06-06,18:20:00,4.2,4.2,4.2,4.2,400,0
2016-06-06,18:25:00,4.19,4.19,4.19,4.19,100,0
2016-06-06,18:30:00,4.18,4.18,4.18,4.18,100,0
2016-06-06,18:35:00,4.19,4.19,4.19,4.19,300,0
2016-06-06,18:45:00,4.18,4.183,4.18,4.1808,700,0
2016-06-06,18:55:00,4.19,4.19,4.19,4.19,367,0
2016-06-06,19:00:00,4.2,4.2,4.2,4.2,200,0
2016-06-06,19:05:00,4.2,4.2,4.2,4.2,600,0
2016-06-06,19:10:00,4.2,4.21,4.2,4.205,1000,0
2016-06-06,19:20:00,4.205,4.21,4.2,4.2,400,0
2016-06-06,19:25:00,4.205,4.21,4.2,4.2,400,0
2016-06-06,19:35:00,4.2,4.2,4.19,4.19,1100,0
2016-06-06,19:40:00,4.2,4.2,4.195,4.2,2100,0
2016-06-06,19:45:00,4.2,4.2,4.195,4.195,200,0
2016-06-06,19:55:00,4.2,4.2,4.2,4.2,400,0
2016-06-06,20:05:00,4.19,4.19,4.17,4.17,3019,0
2016-06-06,20:20:00,4.18,4.18,4.17,4.17,400,0
2016-06-06,20:25:00,4.17,4.17,4.17,4.17,1100,0
2016-06-06,20:30:00,4.16,4.16,4.16,4.16,1300,0
2016-06-06,20:40:00,4.17,4.17,4.15,4.17,300,0
2016-06-06,20:45:00,4.16,4.16,4.16,4.16,400,0
2016-06-06,20:50:00,4.17,4.17,4.15,4.15,500,0
2016-06-06,20:55:00,4.16,4.16,4.15,4.155,2100,0
2016-06-06,21:05:00,4.155,4.1599,4.15,4.1584,2500,0
2016-06-06,21:10:00,4.15,4.16,4.15,4.155,2400,0
2016-06-06,21:25:00,4.155,4.16,4.155,4.16,600,0
2016-06-06,21:30:00,4.16,4.17,4.16,4.16,1500,0
2016-06-06,21:35:00,4.165,4.17,4.165,4.165,600,0
2016-06-06,21:40:00,4.17,4.18,4.165,4.18,3600,0
2016-06-06,21:45:00,4.18,4.18,4.16,4.18,6953,0
2016-06-06,21:50:00,4.18,4.18,4.16,4.18,1800,0
2016-06-06,21:55:00,4.17,4.19,4.17,4.17,1000,0
2016-06-06,22:00:00,4.16,4.18,4.15,4.17,9850,0
2016-06-07,15:35:00,4.19,4.19,4.19,4.19,103,0
2016-06-07,16:10:00,4.19,4.19,4.18,4.18,800,0
2016-06-07,16:25:00,4.1801,4.1801,4.18,4.18,1600,0
2016-06-07,16:40:00,4.18,4.18,4.18,4.18,100,0
2016-06-07,16:50:00,4.18,4.18,4.18,4.18,100,0
2016-06-07,17:05:00,4.18,4.18,4.18,4.18,100,0
2016-06-07,17:15:00,4.18,4.18,4.18,4.18,100,0
2016-06-07,17:25:00,4.18,4.19,4.18,4.19,1100,0
2016-06-07,17:30:00,4.18,4.19,4.18,4.19,1400,0
2016-06-07,17:35:00,4.17,4.17,4.17,4.17,100,0
2016-06-07,17:45:00,4.17,4.17,4.17,4.17,100,0
2016-06-07,17:55:00,4.17,4.17,4.16,4.16,1700,0
2016-06-07,18:00:00,4.15,4.15,4.13,4.13,1599,0
2016-06-07,18:05:00,4.13,4.14,4.13,4.14,619,0
2016-06-07,18:10:00,4.13,4.13,4.13,4.13,200,0
2016-06-07,18:15:00,4.12,4.12,4.12,4.12,100,0
2016-06-07,18:20:00,4.12,4.12,4.12,4.12,600,0
2016-06-07,18:30:00,4.11,4.11,4.11,4.11,300,0
2016-06-07,18:35:00,4.1,4.115,4.1,4.115,300,0
2016-06-07,18:40:00,4.115,4.115,4.115,4.115,500,0
2016-06-07,18:45:00,4.11,4.12,4.11,4.12,600,0
2016-06-07,18:50:00,4.12,4.12,4.12,4.12,400,0
2016-06-07,18:55:00,4.12,4.13,4.11,4.13,600,0
2016-06-07,19:00:00,4.13,4.14,4.12,4.14,600,0
2016-06-07,19:05:00,4.14,4.14,4.14,4.14,100,0
2016-06-07,19:15:00,4.12,4.14,4.12,4.14,1400,0
2016-06-07,19:30:00,4.15,4.15,4.13,4.14,1700,0
2016-06-07,19:40:00,4.14,4.14,4.14,4.14,400,0
2016-06-07,19:50:00,4.13,4.13,4.13,4.13,600,0
2016-06-07,19:55:00,4.13,4.13,4.13,4.13,600,0
2016-06-07,20:05:00,4.13,4.13,4.13,4.13,100,0
2016-06-07,20:10:00,4.13,4.14,4.12,4.13,3080,0
2016-06-07,20:25:00,4.13,4.13,4.13,4.13,900,0
2016-06-07,20:35:00,4.13,4.14,4.12,4.13,3100,0
2016-06-07,20:40:00,4.13,4.14,4.13,4.14,200,0
2016-06-07,20:50:00,4.15,4.15,4.14,4.14,1000,0
2016-06-07,20:55:00,4.15,4.15,4.15,4.15,200,0
2016-06-07,21:00:00,4.15,4.15,4.14,4.14,200,0
2016-06-07,21:10:00,4.14,4.145,4.14,4.145,400,0
2016-06-07,21:15:00,4.14,4.14,4.14,4.14,110,0
2016-06-07,21:25:00,4.13,4.15,4.13,4.13,1400,0
2016-06-07,21:35:00,4.13,4.15,4.13,4.15,900,0
2016-06-07,21:40:00,4.13,4.14,4.13,4.14,400,0
2016-06-07,21:45:00,4.13,4.15,4.13,4.15,1900,0
2016-06-07,21:50:00,4.15,4.15,4.13,4.13,800,0
2016-06-07,21:55:00,4.13,4.135,4.12,4.12,2000,0
2016-06-07,22:00:00,4.135,4.15,4.11,4.12,9962,0
2016-06-08,15:55:00,4.1,4.1,4.1,4.1,200,0
2016-06-08,16:15:00,4.1,4.1,4.1,4.1,200,0
2016-06-08,16:30:00,4.1116,4.1116,4.1116,4.1116,395,0
2016-06-08,16:45:00,4.1,4.1,4.1,4.1,100,0
2016-06-08,16:50:00,4.1,4.1,4.1,4.1,200,0
2016-06-08,17:00:00,4.12,4.12,4.12,4.12,100,0
2016-06-08,17:05:00,4.1,4.1,4.1,4.1,100,0
2016-06-08,17:15:00,4.1,4.1,4.1,4.1,200,0
2016-06-08,17:20:00,4.1,4.12,4.1,4.12,1998,0
2016-06-08,17:25:00,4.1,4.1,4.1,4.1,100,0
2016-06-08,17:30:00,4.1,4.1,4.1,4.1,200,0
2016-06-08,17:35:00,4.1,4.1,4.1,4.1,11580,0
2016-06-08,17:40:00,4.1,4.1,4.1,4.1,100,0
2016-06-08,17:45:00,4.1,4.1,4.09,4.09,1865,0
2016-06-08,17:50:00,4.1,4.1,4.1,4.1,200,0
2016-06-08,17:55:00,4.09,4.1,4.09,4.09,400,0
2016-06-08,18:00:00,4.1,4.1,4.08,4.09,600,0
2016-06-08,18:05:00,4.1,4.1,4.08,4.09,600,0
2016-06-08,18:10:00,4.085,4.1,4.08,4.1,700,0
2016-06-08,18:15:00,4.11,4.11,4.1,4.1,400,0
2016-06-08,18:20:00,4.12,4.12,4.12,4.12,400,0
2016-06-08,18:25:00,4.12,4.12,4.1,4.1,1100,0
2016-06-08,18:30:00,4.12,4.12,4.1,4.12,500,0
2016-06-08,18:35:00,4.12,4.12,4.1,4.11,700,0
2016-06-08,18:40:00,4.11,4.12,4.11,4.115,600,0
2016-06-08,18:45:00,4.11,4.12,4.11,4.12,500,0
2016-06-08,18:50:00,4.12,4.12,4.11,4.11,1100,0
2016-06-08,18:55:00,4.12,4.12,4.115,4.12,1100,0
2016-06-08,19:00:00,4.12,4.12,4.11,4.12,500,0
2016-06-08,19:05:00,4.12,4.12,4.12,4.12,800,0
2016-06-08,19:10:00,4.12,4.12,4.115,4.12,3300,0
2016-06-08,19:15:00,4.12,4.12,4.11,4.12,500,0
2016-06-08,19:20:00,4.12,4.12,4.11,4.115,900,0
2016-06-08,19:25:00,4.12,4.12,4.11,4.11,2800,0
2016-06-08,19:30:00,4.12,4.12,4.12,4.12,200,0
2016-06-08,19:35:00,4.12,4.12,4.11,4.11,1600,0
2016-06-08,19:40:00,4.12,4.12,4.12,4.12,500,0
2016-06-08,19:45:00,4.12,4.12,4.11,4.115,1000,0
2016-06-08,19:50:00,4.115,4.115,4.115,4.115,400,0
2016-06-08,19:55:00,4.115,4.12,4.11,4.12,1000,0
2016-06-08,20:00:00,4.12,4.12,4.11,4.12,800,0
2016-06-08,20:05:00,4.12,4.12,4.12,4.12,300,0
2016-06-08,20:10:00,4.12,4.12,4.11,4.12,600,0
2016-06-08,20:15:00,4.12,4.12,4.11,4.12,1170,0
2016-06-08,20:20:00,4.11,4.12,4.11,4.12,400,0
2016-06-08,20:25:00,4.12,4.12,4.11,4.12,600,0
2016-06-08,20:30:00,4.12,4.13,4.12,4.13,700,0
2016-06-08,20:35:00,4.125,4.125,4.12,4.12,200,0
2016-06-08,20:40:00,4.13,4.13,4.13,4.13,615,0
2016-06-08,20:45:00,4.12,4.13,4.12,4.13,200,0
2016-06-08,20:50:00,4.12,4.12,4.12,4.12,100,0
2016-06-08,20:55:00,4.12,4.13,4.12,4.125,1964,0
2016-06-08,21:05:00,4.12,4.12,4.12,4.12,100,0
2016-06-08,21:10:00,4.12,4.13,4.12,4.12,2188,0
2016-06-08,21:20:00,4.12,4.13,4.12,4.13,1100,0
2016-06-08,21:30:00,4.12,4.12,4.12,4.12,1000,0
2016-06-08,21:35:00,4.12,4.12,4.12,4.12,100,0
2016-06-08,21:40:00,4.12,4.13,4.12,4.13,2763,0
2016-06-08,21:45:00,4.13,4.13,4.12,4.12,300,0
2016-06-08,21:50:00,4.12,4.13,4.11,4.12,2200,0
2016-06-08,21:55:00,4.12,4.13,4.11,4.13,1300,0
2016-06-08,22:00:00,4.13,4.13,4.08,4.12,11765,0
2016-06-09,15:35:00,4.11,4.11,4.08,4.08,308,0
2016-06-09,15:40:00,4.1,4.1,4.1,4.1,100,0
2016-06-09,15:55:00,4.12,4.12,4.12,4.12,100,0
2016-06-09,16:10:00,4.14,4.14,4.14,4.14,100,0
2016-06-09,16:15:00,4.1,4.102,4.1,4.1,2626,0
2016-06-09,16:55:00,4.1,4.1,4.1,4.1,100,0
2016-06-09,17:10:00,4.1,4.12,4.1,4.12,4425,0
2016-06-09,17:15:00,4.12,4.12,4.1,4.11,1000,0
2016-06-09,17:20:00,4.12,4.12,4.12,4.12,200,0
2016-06-09,17:25:00,4.11,4.11,4.11,4.11,300,0
2016-06-09,17:30:00,4.11,4.11,4.11,4.11,100,0
2016-06-09,17:35:00,4.11,4.11,4.11,4.11,400,0
2016-06-09,17:40:00,4.1,4.1,4.1,4.1,225,0
2016-06-09,17:45:00,4.09,4.11,4.09,4.1,800,0
2016-06-09,17:50:00,4.08,4.08,4.07,4.07,400,0
2016-06-09,17:55:00,4.07,4.07,4.07,4.07,100,0
2016-06-09,18:00:00,4.07,4.1,4.07,4.08,500,0
2016-06-09,18:05:00,4.08,4.1,4.08,4.1,400,0
2016-06-09,18:10:00,4.085,4.085,4.085,4.085,200,0
2016-06-09,18:15:00,4.085,4.1,4.085,4.1,400,0
2016-06-09,18:20:00,4.085,4.085,4.07,4.07,300,0
2016-06-09,18:25:00,4.08,4.1,4.08,4.1,300,0
2016-06-09,18:30:00,4.08,4.085,4.08,4.085,300,0
2016-06-09,18:35:00,4.07,4.09,4.07,4.09,1000,0
2016-06-09,18:40:00,4.075,4.075,4.075,4.075,300,0
2016-06-09,18:45:00,4.075,4.09,4.075,4.09,400,0
2016-06-09,18:50:00,4.075,4.075,4.075,4.075,200,0
2016-06-09,18:55:00,4.075,4.09,4.075,4.09,300,0
2016-06-09,19:00:00,4.09,4.09,4.075,4.075,400,0
2016-06-09,19:05:00,4.075,4.09,4.075,4.075,500,0
2016-06-09,19:10:00,4.075,4.075,4.075,4.075,300,0
2016-06-09,19:15:00,4.075,4.09,4.075,4.09,300,0
2016-06-09,19:20:00,4.075,4.09,4.075,4.075,300,0
2016-06-09,19:25:00,4.075,4.09,4.07,4.09,1000,0
2016-06-09,19:30:00,4.075,4.075,4.075,4.075,200,0
2016-06-09,19:35:00,4.075,4.09,4.075,4.09,400,0
2016-06-09,19:40:00,4.09,4.09,4.06,4.09,8637,0
2016-06-09,19:45:00,4.09,4.09,4.075,4.075,500,0
2016-06-09,19:50:00,4.075,4.09,4.07,4.07,400,0
2016-06-09,19:55:00,4.07,4.08,4.06,4.065,1400,0
2016-06-09,20:00:00,4.065,4.08,4.065,4.08,300,0
2016-06-09,20:05:00,4.08,4.09,4.07,4.09,700,0
2016-06-09,20:10:00,4.06,4.07,4.06,4.07,1300,0
2016-06-09,20:15:00,4.07,4.07,4.07,4.07,300,0
2016-06-09,20:20:00,4.07,4.07,4.07,4.07,400,0
2016-06-09,20:25:00,4.07,4.07,4.07,4.07,200,0
2016-06-09,20:30:00,4.07,4.08,4.07,4.08,500,0
2016-06-09,20:35:00,4.08,4.08,4.08,4.08,300,0
2016-06-09,20:40:00,4.08,4.08,4.08,4.08,300,0
2016-06-09,20:45:00,4.075,4.075,4.075,4.075,300,0
2016-06-09,20:50:00,4.075,4.09,4.075,4.075,400,0
2016-06-09,20:55:00,4.06,4.09,4.06,4.06,10953,0
2016-06-09,21:00:00,4.06,4.09,4.06,4.075,600,0
2016-06-09,21:05:00,4.075,4.09,4.075,4.075,400,0
2016-06-09,21:10:00,4.075,4.09,4.07,4.09,500,0
2016-06-09,21:15:00,4.08,4.09,4.07,4.09,700,0
2016-06-09,21:20:00,4.08,4.09,4.07,4.09,700,0
2016-06-09,21:25:00,4.07,4.09,4.07,4.08,1000,0
2016-06-09,21:30:00,4.08,4.09,4.08,4.08,500,0
2016-06-09,21:35:00,4.08,4.09,4.08,4.08,600,0
2016-06-09,21:40:00,4.08,4.09,4.08,4.085,1300,0
2016-06-09,21:45:00,4.09,4.09,4.08,4.08,800,0
2016-06-09,21:50:00,4.075,4.0899,4.075,4.075,400,0
2016-06-09,21:55:00,4.07,4.09,4.04,4.06,1950,0
2016-06-09,22:00:00,4.03,4.06,4.01,4.04,12689,0
2016-06-10,15:35:00,4.06,4.06,4.06,4.06,104,0
2016-06-10,15:45:00,4.05,4.05,4.05,4.05,100,0
2016-06-10,15:50:00,4.08,4.08,4.08,4.08,200,0
2016-06-10,15:55:00,4.08,4.08,4.02,4.02,400,0
2016-06-10,16:00:00,4.0489,4.0623,4.0489,4.06,1940,0
2016-06-10,16:05:00,4.06,4.06,4.05,4.05,300,0
2016-06-10,16:10:00,4.05,4.07,4.05,4.06,900,0
2016-06-10,16:15:00,4.065,4.065,4.055,4.055,200,0
2016-06-10,16:20:00,4.055,4.055,4.055,4.055,300,0
2016-06-10,16:25:00,4.055,4.055,4.055,4.055,200,0
2016-06-10,16:30:00,4.055,4.06,4.05,4.06,1600,0
2016-06-10,16:35:00,4.07,4.08,4.07,4.08,200,0
2016-06-10,16:40:00,4.08,4.08,4.075,4.075,700,0
2016-06-10,16:45:00,4.08,4.08,4.08,4.08,400,0
2016-06-10,16:50:00,4.08,4.09,4.08,4.09,1300,0
2016-06-10,16:55:00,4.1,4.1,4.09,4.09,300,0
2016-06-10,17:00:00,4.09,4.09,4.09,4.09,100,0
2016-06-10,17:05:00,4.09,4.09,4.09,4.09,300,0
2016-06-10,17:15:00,4.1,4.1,4.1,4.1,200,0
2016-06-10,17:30:00,4.08,4.11,4.08,4.085,1900,0
2016-06-10,17:40:00,4.085,4.085,4.085,4.085,884,0
2016-06-10,17:45:00,4.095,4.095,4.095,4.095,100,0
2016-06-10,18:00:00,4.09,4.09,4.09,4.09,100,0
2016-06-10,18:05:00,4.085,4.1,4.085,4.085,1500,0
2016-06-10,18:10:00,4.085,4.085,4.085,4.085,300,0
2016-06-10,18:15:00,4.1,4.1,4.095,4.1,400,0
2016-06-10,18:20:00,4.11,4.1101,4.11,4.1101,200,0
2016-06-10,18:30:00,4.12,4.12,4.12,4.12,100,0
2016-06-10,18:45:00,4.12,4.12,4.11,4.11,200,0
2016-06-10,18:50:00,4.1,4.1,4.09,4.09,300,0
2016-06-10,18:55:00,4.12,4.12,4.12,4.12,100,0
2016-06-10,19:00:00,4.09,4.09,4.09,4.09,300,0
2016-06-10,19:05:00,4.07,4.08,4.07,4.08,1021,0
2016-06-10,19:25:00,4.095,4.095,4.08,4.085,1370,0
2016-06-10,19:30:00,4.085,4.085,4.085,4.085,300,0
2016-06-10,19:35:00,4.085,4.11,4.085,4.09,4300,0
2016-06-10,19:40:00,4.1,4.1,4.1,4.1,500,0
2016-06-10,19:50:00,4.09,4.1,4.09,4.1,800,0
2016-06-10,20:00:00,4.09,4.1,4.09,4.1,700,0
2016-06-10,20:05:00,4.1,4.1,4.1,4.1,300,0
2016-06-10,20:10:00,4.09,4.1,4.09,4.09,6000,0
2016-06-10,20:15:00,4.07,4.09,4.07,4.085,500,0
2016-06-10,20:20:00,4.085,4.085,4.085,4.085,300,0
2016-06-10,20:25:00,4.085,4.09,4.085,4.09,200,0
2016-06-10,20:30:00,4.1,4.1,4.1,4.1,200,0
2016-06-10,20:35:00,4.1,4.1,4.1,4.1,400,0
2016-06-10,20:40:00,4.1,4.1,4.1,4.1,100,0
2016-06-10,21:00:00,4.07,4.1,4.07,4.1,1966,0
2016-06-10,21:05:00,4.1,4.1,4.1,4.1,300,0
2016-06-10,21:10:00,4.1,4.11,4.1,4.11,400,0
2016-06-10,21:15:00,4.08,4.08,4.08,4.08,100,0
2016-06-10,21:20:00,4.08,4.08,4.08,4.08,200,0
2016-06-10,21:25:00,4.07,4.085,4.07,4.085,1796,0
2016-06-10,21:30:00,4.09,4.1,4.09,4.095,400,0
2016-06-10,21:35:00,4.09,4.09,4.09,4.09,400,0
2016-06-10,21:40:00,4.09,4.09,4.09,4.09,300,0
2016-06-10,21:45:00,4.09,4.09,4.09,4.09,400,0
2016-06-10,21:50:00,4.08,4.1,4.08,4.1,1000,0
2016-06-10,21:55:00,4.08,4.085,4.07,4.07,1144,0
2016-06-10,22:00:00,4.07,4.09,4.06,4.06,9782,0
2016-06-13,15:35:00,3.98,4.03,3.8,4.03,7540,0
2016-06-13,15:40:00,4.01,4.01,3.99,3.99,200,0
2016-06-13,15:45:00,4,4,3.98,3.98,1200,0
2016-06-13,15:50:00,3.97,3.97,3.97,3.97,100,0
2016-06-13,15:55:00,3.98,3.98,3.94,3.94,500,0
2016-06-13,16:00:00,3.96,3.96,3.96,3.96,200,0
2016-06-13,16:05:00,3.96,3.96,3.96,3.96,100,0
2016-06-13,16:10:00,3.96,3.96,3.96,3.96,100,0
2016-06-13,16:15:00,3.98,3.98,3.98,3.98,200,0
2016-06-13,16:20:00,3.98,3.98,3.98,3.98,200,0
2016-06-13,16:25:00,3.98,3.98,3.98,3.98,100,0
2016-06-13,16:30:00,3.97,3.97,3.97,3.97,100,0
2016-06-13,16:35:00,3.97,3.97,3.97,3.97,100,0
2016-06-13,16:40:00,3.98,3.98,3.98,3.98,100,0
2016-06-13,16:45:00,3.98,3.99,3.9799,3.98,6300,0
2016-06-13,16:50:00,4,4,4,4,100,0
2016-06-13,16:55:00,4.02,4.02,3.94,3.94,4800,0
2016-06-13,17:00:00,3.95,3.95,3.95,3.95,400,0
2016-06-13,17:05:00,3.95,3.95,3.95,3.95,600,0
2016-06-13,17:10:00,3.94,3.95,3.93,3.95,1600,0
2016-06-13,17:15:00,3.95,3.95,3.95,3.95,600,0
2016-06-13,17:20:00,3.95,3.95,3.95,3.95,300,0
2016-06-13,17:25:00,3.95,3.95,3.95,3.95,500,0
2016-06-13,17:30:00,3.94,3.94,3.94,3.94,500,0
2016-06-13,17:35:00,3.94,3.94,3.94,3.94,200,0
2016-06-13,17:40:00,3.94,3.95,3.94,3.94,600,0
2016-06-13,17:45:00,3.94,3.95,3.94,3.95,800,0
2016-06-13,17:50:00,3.95,3.95,3.95,3.95,300,0
2016-06-13,17:55:00,3.94,3.94,3.94,3.94,300,0
2016-06-13,18:00:00,3.95,3.95,3.95,3.95,500,0
2016-06-13,18:05:00,3.95,3.95,3.95,3.95,1200,0
2016-06-13,18:10:00,3.95,3.95,3.95,3.95,600,0
2016-06-13,18:15:00,3.95,4,3.95,4,1042,0
2016-06-13,18:20:00,4.03,4.04,4.01,4.04,1300,0
2016-06-13,18:25:00,4.04,4.04,4.04,4.04,100,0
2016-06-13,18:30:00,4.06,4.1,4.06,4.1,500,0
2016-06-13,18:40:00,4.09,4.09,4.09,4.09,100,0
2016-06-13,18:45:00,4.07,4.07,4.07,4.07,700,0
2016-06-13,18:55:00,4.09,4.09,4.09,4.09,100,0
2016-06-13,19:00:00,4.055,4.055,4.055,4.055,100,0
2016-06-13,19:05:00,4.065,4.065,4.065,4.065,400,0
2016-06-13,19:10:00,4.05,4.05,4.05,4.05,400,0
2016-06-13,19:15:00,4.065,4.065,4.065,4.065,200,0
2016-06-13,19:20:00,4.05,4.05,4.05,4.05,200,0
2016-06-13,19:25:00,4.065,4.065,4.06,4.06,200,0
2016-06-13,19:35:00,4.05,4.05,4.05,4.05,939,0
2016-06-13,19:45:00,4.08,4.08,4.08,4.08,100,0
2016-06-13,19:50:00,4.055,4.055,4.055,4.055,200,0
2016-06-13,19:55:00,4.03,4.05,4.03,4.05,1200,0
2016-06-13,20:10:00,4.0799,4.09,4.05,4.055,2249,0
2016-06-13,20:15:00,4.06,4.06,4.06,4.06,300,0
2016-06-13,20:20:00,4.04,4.04,4.04,4.04,100,0
2016-06-13,20:25:00,4.08,4.08,4.055,4.055,200,0
2016-06-13,20:30:00,4.035,4.05,4.035,4.05,300,0
2016-06-13,20:40:00,4.05,4.08,4.03,4.05,800,0
2016-06-13,20:50:00,4.02,4.08,4.02,4.045,900,0
2016-06-13,20:55:00,4.045,4.05,4.02,4.03,800,0
2016-06-13,21:00:00,4.0699,4.0699,4.035,4.035,200,0
2016-06-13,21:05:00,4.08,4.08,4.04,4.05,1000,0
2016-06-13,21:10:00,4.02,4.05,4,4.02,900,0
2016-06-13,21:20:00,4.02,4.05,4.01,4.05,900,0
2016-06-13,21:25:00,4.05,4.05,4.02,4.041,708,0
2016-06-13,21:35:00,4.08,4.08,4.05,4.05,300,0
2016-06-13,21:40:00,4.03,4.08,4.02,4.045,1600,0
2016-06-13,21:45:00,4.02,4.05,4.02,4.05,800,0
2016-06-13,21:50:00,4.06,4.06,4.02,4.05,900,0
2016-06-13,21:55:00,4.02,4.05,4.02,4.05,2145,0
2016-06-13,22:00:00,4.02,4.06,4.01,4.03,9679,0
2016-06-14,15:40:00,4.15,4.16,4.11,4.11,2200,0
2016-06-14,15:50:00,4.05,4.05,4.05,4.05,100,0
2016-06-14,15:55:00,4.05,4.05,4.0004,4.0004,2000,0
2016-06-14,16:00:00,4.04,4.04,4.04,4.04,400,0
2016-06-14,16:10:00,4.06,4.06,4.06,4.06,200,0
2016-06-14,17:00:00,4.02,4.035,4,4,1600,0
2016-06-14,17:05:00,3.97,3.97,3.97,3.97,100,0
2016-06-14,17:15:00,3.94,3.94,3.94,3.94,300,0
2016-06-14,17:25:00,3.93,3.95,3.93,3.95,300,0
2016-06-14,17:30:00,3.95,3.95,3.95,3.95,200,0
2016-06-14,17:35:00,3.97,4,3.97,4,300,0
2016-06-14,17:40:00,4,4.01,3.981,4.01,3900,0
2016-06-14,17:45:00,4.01,4.01,4.01,4.01,300,0
2016-06-14,17:50:00,4.01,4.01,4.01,4.01,400,0
2016-06-14,17:55:00,4.01,4.01,4,4.005,1300,0
2016-06-14,18:00:00,4,4.01,4,4.01,700,0
2016-06-14,18:05:00,4,4,4,4,300,0
2016-06-14,18:10:00,4.005,4.01,4,4.005,600,0
2016-06-14,18:15:00,4.01,4.01,4.005,4.01,1500,0
2016-06-14,18:20:00,4.01,4.01,4.01,4.01,400,0
2016-06-14,18:30:00,4.02,4.02,4.02,4.02,100,0
2016-06-14,18:45:00,4.01,4.01,4.01,4.01,200,0
2016-06-14,18:50:00,4.01,4.01,4.01,4.01,300,0
2016-06-14,18:55:00,4.01,4.01,4,4,400,0
2016-06-14,19:00:00,4.005,4.005,4,4.005,400,0
2016-06-14,19:05:00,4.01,4.01,4,4.01,500,0
2016-06-14,19:10:00,4.01,4.01,4,4,800,0
2016-06-14,19:15:00,4.01,4.01,4.005,4.01,700,0
2016-06-14,19:20:00,4.005,4.01,4,4,400,0
2016-06-14,19:25:00,4.005,4.01,4.005,4.01,500,0
2016-06-14,19:35:00,4.02,4.02,4.01,4.01,900,0
2016-06-14,19:55:00,4.01,4.01,4,4,1366,0
2016-06-14,20:00:00,4.005,4.01,4,4,500,0
2016-06-14,20:05:00,4.0075,4.01,4,4,600,0
2016-06-14,20:10:00,4.01,4.01,3.97,4,1400,0
2016-06-14,20:15:00,4,4.01,4,4.01,700,0
2016-06-14,20:20:00,4.005,4.01,4.005,4.01,300,0
2016-06-14,20:25:00,4,4,4,4,100,0
2016-06-14,20:35:00,4.01,4.02,4.01,4.01,400,0
2016-06-14,20:40:00,4.01,4.01,4,4,500,0
2016-06-14,20:45:00,4,4.005,3.98,3.98,400,0
2016-06-14,20:50:00,4.01,4.01,4.01,4.01,200,0
2016-06-14,20:55:00,4.01,4.01,4,4,300,0
2016-06-14,21:00:00,4.01,4.01,4.005,4.01,400,0
2016-06-14,21:05:00,4.01,4.02,4,4.02,1000,0
2016-06-14,21:10:00,4.02,4.02,4.005,4.005,900,0
2016-06-14,21:15:00,4.005,4.01,3.97,3.97,900,0
2016-06-14,21:20:00,4,4.01,4,4,1000,0
2016-06-14,21:25:00,4,4.01,3.96,3.96,1100,0
2016-06-14,21:30:00,4,4.02,3.97,4.01,1500,0
2016-06-14,21:35:00,4.02,4.02,4,4,600,0
2016-06-14,21:40:00,4.01,4.01,4.01,4.01,500,0
2016-06-14,21:45:00,4.01,4.01,4.01,4.01,100,0
2016-06-14,21:50:00,4.01,4.01,4.01,4.01,300,0
2016-06-14,21:55:00,4.01,4.02,4,4.01,3800,0
2016-06-14,22:00:00,4.01,4.02,3.98,4,11966,0
2016-06-15,15:50:00,4.01,4.01,4.01,4.01,100,0
2016-06-15,16:25:00,3.995,4,3.995,4,200,0
2016-06-15,16:30:00,4,4,3.99,4,500,0
2016-06-15,16:35:00,3.98,3.98,3.98,3.98,300,0
2016-06-15,16:40:00,4,4,4,4,400,0
2016-06-15,16:45:00,4,4,3.99,4,300,0
2016-06-15,16:50:00,4.01,4.01,4.01,4.01,100,0
2016-06-15,16:55:00,4.01,4.01,4,4.01,456,0
2016-06-15,17:00:00,4.005,4.005,4.005,4.005,100,0
2016-06-15,17:05:00,4.01,4.01,4.01,4.01,100,0
2016-06-15,17:10:00,4.01,4.01,4.01,4.01,200,0
2016-06-15,17:15:00,4.01,4.01,4,4.01,1400,0
2016-06-15,17:20:00,4.01,4.01,4.001,4.001,304,0
2016-06-15,17:25:00,4.005,4.01,4.005,4.005,500,0
2016-06-15,17:30:00,4.01,4.01,4.01,4.01,500,0
2016-06-15,17:35:00,4.005,4.01,4.005,4.01,400,0
2016-06-15,17:40:00,4.01,4.01,4.005,4.005,600,0
2016-06-15,17:45:00,4.01,4.01,4.01,4.01,500,0
2016-06-15,17:50:00,4.01,4.01,4.01,4.01,500,0
2016-06-15,17:55:00,4.01,4.01,4.01,4.01,400,0
2016-06-15,18:00:00,4.01,4.01,4.005,4.005,700,0
2016-06-15,18:05:00,4.01,4.01,4.01,4.01,300,0
2016-06-15,18:10:00,4.01,4.01,4.01,4.01,600,0
2016-06-15,18:15:00,4.01,4.01,4.01,4.01,200,0
2016-06-15,18:20:00,4.02,4.02,4.02,4.02,200,0
2016-06-15,18:25:00,4.02,4.02,4.02,4.02,100,0
2016-06-15,18:40:00,4.01,4.01,4,4.01,1189,0
2016-06-15,18:50:00,4.02,4.02,4.015,4.02,1000,0
2016-06-15,19:20:00,4.015,4.02,4.015,4.02,600,0
2016-06-15,19:30:00,4.02,4.02,4.02,4.02,500,0
2016-06-15,19:35:00,4.019,4.02,4.019,4.02,700,0
2016-06-15,19:40:00,4.02,4.02,4.015,4.015,600,0
2016-06-15,19:45:00,4.02,4.02,4.02,4.02,300,0
2016-06-15,19:50:00,4.02,4.02,4.02,4.02,200,0
2016-06-15,20:00:00,4.02,4.02,4.02,4.02,700,0
2016-06-15,20:05:00,4.02,4.02,4.02,4.02,400,0
2016-06-15,20:10:00,4.01,4.02,4.01,4.01,500,0
2016-06-15,20:15:00,4.01,4.01,4.01,4.01,400,0
2016-06-15,20:20:00,4.01,4.01,4.01,4.01,500,0
2016-06-15,20:30:00,4.01,4.01,4.01,4.01,500,0
2016-06-15,20:35:00,4.01,4.01,4,4.01,700,0
2016-06-15,20:40:00,4.01,4.02,4.01,4.01,400,0
2016-06-15,20:45:00,4.01,4.01,4.01,4.01,600,0
2016-06-15,20:50:00,4.01,4.01,4.01,4.01,200,0
2016-06-15,20:55:00,4.01,4.01,4.01,4.01,400,0
2016-06-15,21:00:00,4.01,4.01,4.01,4.01,300,0
2016-06-15,21:05:00,4.01,4.01,4,4.01,1200,0
2016-06-15,21:10:00,4.015,4.02,4.015,4.015,1100,0
2016-06-15,21:20:00,4.01,4.01,4.01,4.01,500,0
2016-06-15,21:25:00,4.01,4.01,4.01,4.01,900,0
2016-06-15,21:35:00,4.01,4.01,4.01,4.01,700,0
2016-06-15,21:40:00,4.01,4.01,4.01,4.01,900,0
2016-06-15,21:45:00,4.01,4.01,4.01,4.01,900,0
2016-06-15,21:50:00,4.01,4.01,4,4.01,2200,0
2016-06-15,21:55:00,4,4.01,4,4.005,1400,0
2016-06-15,22:00:00,4.01,4.01,4,4.01,6848,0
2016-06-16,15:45:00,3.99,3.99,3.99,3.99,200,0
2016-06-16,15:55:00,3.95,3.95,3.94,3.95,2269,0
2016-06-16,16:00:00,3.99,3.99,3.99,3.99,100,0
2016-06-16,16:10:00,4,4,4,4,100,0
2016-06-16,16:15:00,3.9999,3.9999,3.9999,3.9999,250,0
2016-06-16,16:20:00,4,4.01,4,4.01,400,0
2016-06-16,18:25:00,3.98,3.98,3.98,3.98,300,0
2016-06-16,20:35:00,3.94,3.99,3.94,3.94,300,0
2016-06-16,20:45:00,3.92,3.92,3.92,3.92,100,0
2016-06-16,20:50:00,3.93,3.94,3.93,3.94,400,0
2016-06-16,21:05:00,3.92,3.96,3.92,3.96,2100,0
2016-06-16,21:30:00,3.89,3.89,3.89,3.89,100,0
2016-06-16,21:45:00,3.8901,3.91,3.89,3.9,800,0
2016-06-16,21:55:00,3.9,3.92,3.9,3.92,300,0
2016-06-16,22:00:00,3.94,3.96,3.93,3.95,2981,0
2016-06-17,15:35:00,3.96,3.96,3.96,3.96,55850,0
2016-06-17,15:40:00,3.96,3.96,3.96,3.96,100,0
2016-06-17,16:20:00,4.01,4.0118,4.0099,4.0118,1100,0
2016-06-17,16:45:00,3.99,3.99,3.99,3.99,100,0
2016-06-17,16:50:00,4.03,4.03,4.03,4.03,100,0
2016-06-17,17:20:00,4.04,4.04,4.03,4.03,200,0
2016-06-17,17:25:00,4.04,4.04,4.04,4.04,200,0
2016-06-17,17:30:00,4.04,4.04,4.04,4.04,200,0
2016-06-17,17:40:00,4.04,4.04,4.04,4.04,100,0
2016-06-17,17:45:00,4.03,4.03,4.03,4.03,100,0
2016-06-17,17:55:00,4.04,4.04,4.04,4.04,100,0
2016-06-17,18:05:00,4.04,4.04,4.04,4.04,100,0
2016-06-17,18:15:00,4.045,4.045,4.045,4.045,100,0
2016-06-17,18:20:00,4.03,4.03,4.03,4.03,100,0
2016-06-17,18:30:00,4.03,4.03,4.02,4.02,200,0
2016-06-17,18:35:00,4.03,4.03,4.03,4.03,100,0
2016-06-17,18:45:00,4.02,4.02,4.02,4.02,100,0
2016-06-17,18:50:00,4.02,4.02,4.02,4.02,200,0
2016-06-17,19:00:00,4.01,4.01,4.01,4.01,100,0
2016-06-17,19:05:00,4.01,4.01,4.01,4.01,100,0
2016-06-17,19:15:00,4,4,4,4,100,0
2016-06-17,19:20:00,4.01,4.01,4.01,4.01,100,0
2016-06-17,19:30:00,4,4,4,4,100,0
2016-06-17,19:35:00,4,4,4,4,100,0
2016-06-17,19:45:00,4,4,4,4,100,0
2016-06-17,19:50:00,4,4,4,4,100,0
2016-06-17,20:00:00,4,4,4,4,100,0
2016-06-17,20:05:00,4,4,4,4,100,0
2016-06-17,20:10:00,4,4,4,4,200,0
2016-06-17,20:15:00,3.98,3.98,3.98,3.98,100,0
2016-06-17,20:20:00,3.97,3.97,3.97,3.97,100,0
2016-06-17,20:25:00,3.95,3.95,3.95,3.95,100,0
2016-06-17,20:35:00,3.95,3.95,3.95,3.95,200,0
2016-06-17,20:45:00,3.96,3.96,3.96,3.96,100,0
2016-06-17,21:10:00,3.95,3.95,3.95,3.95,100,0
2016-06-17,21:30:00,3.92,3.93,3.92,3.93,300,0
2016-06-17,21:35:00,3.92,3.98,3.92,3.98,1500,0
2016-06-17,21:45:00,3.98,3.98,3.98,3.98,100,0
2016-06-17,21:55:00,3.98,3.98,3.98,3.98,1300,0
2016-06-17,22:00:00,3.98,3.99,3.97,3.97,15836,0
2016-06-20,15:35:00,3.98,3.98,3.98,3.98,256,0
2016-06-20,16:35:00,4.015,4.03,4.015,4.03,200,0
2016-06-20,17:10:00,4.01,4.04,4.01,4.04,1360,0
2016-06-20,18:00:00,4.0401,4.0401,4.0401,4.0401,200,0
2016-06-20,18:05:00,4.05,4.06,4.05,4.05,300,0
2016-06-20,18:10:00,4.04,4.04,4.025,4.03,2700,0
2016-06-20,18:15:00,4.0246,4.0246,4.01,4.01,700,0
2016-06-20,18:20:00,3.98,3.98,3.97,3.97,200,0
2016-06-20,18:30:00,3.9701,3.9701,3.9701,3.9701,200,0
2016-06-20,18:35:00,3.98,3.98,3.98,3.98,200,0
2016-06-20,18:45:00,3.98,3.98,3.97,3.97,300,0
2016-06-20,18:50:00,3.95,3.96,3.95,3.95,400,0
2016-06-20,18:55:00,3.9501,3.9501,3.9501,3.9501,100,0
2016-06-20,19:00:00,3.98,3.98,3.9501,3.9501,300,0
2016-06-20,19:10:00,3.9601,3.97,3.9601,3.97,200,0
2016-06-20,19:15:00,3.96,3.96,3.95,3.95,2100,0
2016-06-20,19:20:00,3.94,3.94,3.94,3.94,100,0
2016-06-20,19:25:00,3.97,3.97,3.965,3.965,200,0
2016-06-20,19:30:00,3.965,3.965,3.965,3.965,100,0
2016-06-20,19:40:00,3.97,3.97,3.97,3.97,200,0
2016-06-20,19:45:00,3.97,3.97,3.97,3.97,100,0
2016-06-20,19:55:00,3.96,3.97,3.9501,3.9501,800,0
2016-06-20,20:10:00,3.97,3.97,3.94,3.94,600,0
2016-06-20,20:15:00,3.9525,3.97,3.94,3.97,1190,0
2016-06-20,20:20:00,3.96,3.96,3.96,3.96,100,0
2016-06-20,20:30:00,3.97,3.97,3.97,3.97,200,0
2016-06-20,20:35:00,3.94,3.94,3.94,3.94,200,0
2016-06-20,20:40:00,3.965,3.965,3.95,3.96,400,0
2016-06-20,20:50:00,3.95,3.97,3.95,3.97,300,0
2016-06-20,21:05:00,3.9501,3.9501,3.9501,3.9501,200,0
2016-06-20,21:15:00,3.9501,3.9501,3.9501,3.9501,200,0
2016-06-20,21:25:00,3.97,3.97,3.97,3.97,168,0
2016-06-20,21:30:00,3.96,3.97,3.96,3.97,200,0
2016-06-20,21:40:00,3.97,3.97,3.96,3.96,300,0
2016-06-20,21:45:00,3.9501,3.9501,3.9501,3.9501,200,0
2016-06-20,21:50:00,3.97,3.97,3.97,3.97,658,0
2016-06-20,21:55:00,3.97,3.97,3.965,3.965,400,0
2016-06-20,22:00:00,3.96,3.98,3.95,3.98,4970,0
2016-06-21,15:35:00,3.99,3.99,3.99,3.99,118,0
2016-06-21,15:45:00,3.945,3.945,3.945,3.945,100,0
2016-06-21,15:50:00,3.95,3.95,3.95,3.95,100,0
2016-06-21,15:55:00,3.96,3.96,3.95,3.96,300,0
2016-06-21,16:00:00,3.97,3.97,3.945,3.945,200,0
2016-06-21,16:05:00,3.95,3.95,3.95,3.95,100,0
2016-06-21,16:25:00,3.97,3.97,3.97,3.97,100,0
2016-06-21,16:30:00,3.97,3.97,3.97,3.97,100,0
2016-06-21,16:35:00,3.965,3.965,3.96,3.96,200,0
2016-06-21,16:40:00,3.965,3.965,3.965,3.965,100,0
2016-06-21,16:55:00,3.97,3.97,3.97,3.97,100,0
2016-06-21,17:30:00,3.97,3.98,3.97,3.975,300,0
2016-06-21,17:40:00,3.96,3.97,3.96,3.97,200,0
2016-06-21,17:45:00,3.96,3.97,3.96,3.97,200,0
2016-06-21,17:50:00,3.97,3.97,3.965,3.97,300,0
2016-06-21,17:55:00,3.97,3.97,3.965,3.965,300,0
2016-06-21,18:00:00,3.97,3.97,3.965,3.97,300,0
2016-06-21,18:10:00,3.97,3.97,3.97,3.97,200,0
2016-06-21,18:15:00,3.95,3.97,3.95,3.97,300,0
2016-06-21,18:20:00,3.96,3.97,3.96,3.96,500,0
2016-06-21,18:25:00,3.97,3.97,3.97,3.97,100,0
2016-06-21,18:35:00,3.95,3.97,3.95,3.96,400,0
2016-06-21,18:45:00,3.965,3.965,3.965,3.965,200,0
2016-06-21,18:55:00,3.965,3.965,3.965,3.965,100,0
2016-06-21,19:10:00,3.94,3.975,3.94,3.975,400,0
2016-06-21,19:15:00,3.97,3.97,3.955,3.955,200,0
2016-06-21,19:25:00,3.95,3.97,3.93,3.93,800,0
2016-06-21,19:30:00,3.94,3.96,3.94,3.955,500,0
2016-06-21,19:40:00,3.95,3.98,3.95,3.98,200,0
2016-06-21,19:45:00,3.97,3.97,3.97,3.97,100,0
2016-06-21,19:55:00,3.96,3.97,3.96,3.97,200,0
2016-06-21,20:00:00,3.95,3.95,3.95,3.95,100,0
2016-06-21,20:10:00,3.965,3.98,3.96,3.98,400,0
2016-06-21,20:20:00,3.94,3.98,3.94,3.965,700,0
2016-06-21,20:25:00,3.965,3.97,3.955,3.955,800,0
2016-06-21,20:30:00,3.96,3.98,3.955,3.98,400,0
2016-06-21,20:40:00,3.97,3.99,3.97,3.99,300,0
2016-06-21,21:30:00,3.97,3.99,3.97,3.99,300,0
2016-06-21,21:40:00,3.985,3.985,3.985,3.985,100,0
2016-06-21,21:50:00,3.965,3.98,3.965,3.98,800,0
2016-06-21,21:55:00,3.97,3.98,3.97,3.98,800,0
2016-06-21,22:00:00,3.99,3.99,3.97,3.97,2003,0
2016-06-22,15:35:00,3.95,3.95,3.95,3.95,277,0
2016-06-22,15:40:00,4.02,4.02,4.02,4.02,100,0
2016-06-22,15:55:00,3.97,3.97,3.97,3.97,100,0
2016-06-22,16:05:00,3.9492,3.96,3.9492,3.96,600,0
2016-06-22,16:35:00,3.97,3.99,3.97,3.99,200,0
2016-06-22,17:15:00,3.995,3.995,3.995,3.995,100,0
2016-06-22,18:55:00,3.98,3.98,3.98,3.98,100,0
2016-06-22,19:55:00,3.9899,3.9899,3.98,3.98,400,0
2016-06-22,20:30:00,3.94,3.94,3.94,3.94,281,0
2016-06-22,20:35:00,3.94,3.96,3.94,3.96,200,0
2016-06-22,20:45:00,3.94,3.97,3.94,3.97,200,0
2016-06-22,21:20:00,3.97,3.97,3.97,3.97,300,0
2016-06-22,21:25:00,3.97,3.98,3.9675,3.9675,600,0
2016-06-22,21:55:00,3.96,3.98,3.96,3.97,600,0
2016-06-22,22:00:00,3.97,3.98,3.95,3.97,6888,0
2016-06-23,15:35:00,4.03,4.03,4.03,4.03,174,0
2016-06-23,16:05:00,4,4,4,4,200,0
2016-06-23,16:10:00,4.03,4.03,4.03,4.03,200,0
2016-06-23,16:20:00,4.06,4.06,4.06,4.06,100,0
2016-06-23,16:35:00,4.03,4.03,4.03,4.03,100,0
2016-06-23,16:40:00,4,4.03,4,4.03,300,0
2016-06-23,17:10:00,4.005,4.005,4.005,4.005,200,0
2016-06-23,17:15:00,4,4,4,4,600,0
2016-06-23,17:25:00,3.9999,4,3.9999,4,1200,0
2016-06-23,17:35:00,4,4,4,4,100,0
2016-06-23,17:45:00,4,4,4,4,100,0
2016-06-23,18:15:00,4,4.01,4,4,1100,0
2016-06-23,19:30:00,4.01,4.01,4.01,4.01,100,0
2016-06-23,20:15:00,4.01,4.01,4.01,4.01,100,0
2016-06-23,20:20:00,4.01,4.01,4.01,4.01,100,0
2016-06-23,20:40:00,4.01,4.01,4.01,4.01,200,0
2016-06-23,20:45:00,4,4,4,4,100,0
2016-06-23,20:50:00,4.01,4.01,4,4.01,1100,0
2016-06-23,21:00:00,4,4,4,4,800,0
2016-06-23,21:10:00,4,4.01,4,4.01,700,0
2016-06-23,21:15:00,4,4,4,4,300,0
2016-06-23,21:30:00,4.005,4.005,4.005,4.005,100,0
2016-06-23,21:35:00,4.02,4.02,4.01,4.01,300,0
2016-06-23,21:40:00,4.01,4.01,4.01,4.01,101,0
2016-06-23,21:50:00,4.02,4.03,4.01,4.03,1000,0
2016-06-23,22:00:00,4.005,4.04,3.99,4.04,5248,0
2016-06-24,15:35:00,3.89,3.89,3.87,3.88,1033,0
2016-06-24,15:45:00,3.9,3.9,3.9,3.9,400,0
2016-06-24,15:50:00,3.92,3.92,3.92,3.92,100,0
2016-06-24,15:55:00,3.92,3.94,3.92,3.92,400,0
2016-06-24,16:05:00,3.91,3.9899,3.91,3.9899,1100,0
2016-06-24,16:15:00,3.95,3.95,3.95,3.95,100,0
2016-06-24,16:20:00,3.95,3.96,3.95,3.96,1200,0
2016-06-24,16:25:00,3.96,3.96,3.96,3.96,100,0
2016-06-24,16:30:00,3.96,3.96,3.96,3.96,100,0
2016-06-24,16:40:00,3.96,3.96,3.96,3.96,100,0
2016-06-24,16:45:00,3.9428,3.98,3.9428,3.98,1200,0
2016-06-24,16:50:00,3.95,3.95,3.95,3.95,100,0
2016-06-24,17:00:00,3.96,3.96,3.93,3.93,200,0
2016-06-24,17:05:00,3.94,3.96,3.94,3.96,200,0
2016-06-24,17:25:00,3.96,3.96,3.96,3.96,400,0
2016-06-24,17:30:00,3.945,3.97,3.945,3.97,400,0
2016-06-24,17:45:00,3.96,3.96,3.955,3.955,300,0
2016-06-24,17:50:00,3.93,3.97,3.93,3.97,1000,0
2016-06-24,18:05:00,3.92,3.97,3.92,3.97,200,0
2016-06-24,18:10:00,3.96,3.96,3.95,3.95,300,0
2016-06-24,18:15:00,3.94,3.96,3.94,3.96,300,0
2016-06-24,18:25:00,3.945,3.945,3.945,3.945,100,0
2016-06-24,18:30:00,3.94,3.99,3.94,3.99,1500,0
2016-06-24,18:35:00,3.93,3.99,3.93,3.955,300,0
2016-06-24,18:40:00,3.96,3.96,3.96,3.96,100,0
2016-06-24,18:45:00,3.92,3.92,3.92,3.92,100,0
2016-06-24,18:50:00,3.96,3.96,3.96,3.96,200,0
2016-06-24,18:55:00,3.92,3.97,3.92,3.97,1600,0
2016-06-24,19:00:00,3.93,3.95,3.93,3.95,300,0
2016-06-24,19:05:00,3.96,3.97,3.96,3.97,500,0
2016-06-24,19:10:00,3.955,3.955,3.955,3.955,100,0
2016-06-24,19:15:00,3.97,3.97,3.97,3.97,300,0
2016-06-24,19:20:00,3.96,3.96,3.96,3.96,200,0
2016-06-24,19:25:00,3.965,3.965,3.955,3.955,200,0
2016-06-24,19:30:00,3.955,3.98,3.955,3.98,200,0
2016-06-24,19:35:00,3.955,3.955,3.955,3.955,200,0
2016-06-24,19:40:00,3.955,3.97,3.945,3.945,500,0
2016-06-24,19:45:00,3.97,3.97,3.945,3.97,600,0
2016-06-24,19:50:00,3.945,3.98,3.945,3.98,700,0
2016-06-24,19:55:00,3.965,3.965,3.955,3.955,200,0
2016-06-24,20:00:00,3.955,3.955,3.955,3.955,100,0
2016-06-24,20:05:00,3.955,3.955,3.955,3.955,100,0
2016-06-24,20:10:00,3.97,3.97,3.93,3.93,600,0
2016-06-24,20:15:00,3.97,3.99,3.97,3.99,300,0
2016-06-24,20:25:00,3.96,3.96,3.94,3.94,200,0
2016-06-24,20:35:00,3.96,3.98,3.96,3.98,400,0
2016-06-24,20:40:00,3.93,3.98,3.92,3.98,700,0
2016-06-24,20:45:00,3.97,3.99,3.97,3.99,300,0
2016-06-24,21:10:00,3.97,3.98,3.97,3.98,200,0
2016-06-24,21:15:00,3.98,3.98,3.98,3.98,300,0
2016-06-24,21:20:00,3.97,4,3.97,4,400,0
2016-06-24,21:30:00,4.01,4.01,4.01,4.01,100,0
2016-06-24,21:40:00,3.97,3.97,3.97,3.97,100,0
2016-06-24,21:45:00,3.96,4.01,3.96,4.01,700,0
2016-06-24,21:50:00,4.008,4.0104,4,4,332,0
2016-06-24,21:55:00,4.01,4.01,4.01,4.01,100,0
2016-06-24,22:00:00,4,4,3.96,3.99,1505,0
2016-06-27,15:35:00,3.96,3.96,3.96,3.96,191,0
2016-06-27,15:40:00,3.93,3.93,3.93,3.93,300,0
2016-06-27,15:45:00,3.96,3.96,3.96,3.96,500,0
2016-06-27,16:10:00,3.94,3.94,3.94,3.94,300,0
2016-06-27,16:15:00,3.8801,3.95,3.88,3.95,6600,0
2016-06-27,16:25:00,3.95,3.95,3.95,3.95,100,0
2016-06-27,16:30:00,3.97,3.97,3.97,3.97,200,0
2016-06-27,16:35:00,3.96,3.96,3.96,3.96,100,0
2016-06-27,16:40:00,3.925,3.925,3.89,3.925,1000,0
2016-06-27,16:45:00,3.91,3.91,3.88,3.88,931,0
2016-06-27,16:50:00,3.9199,3.93,3.9199,3.93,1130,0
2016-06-27,16:55:00,3.94,3.94,3.94,3.94,100,0
2016-06-27,17:00:00,3.93,3.93,3.93,3.93,200,0
2016-06-27,17:05:00,3.9,3.95,3.9,3.95,2100,0
2016-06-27,17:10:00,3.94,3.94,3.94,3.94,100,0
2016-06-27,17:15:00,3.94,3.94,3.94,3.94,100,0
2016-06-27,17:20:00,3.91,3.91,3.91,3.91,100,0
2016-06-27,17:30:00,3.88,3.89,3.86,3.89,2160,0
2016-06-27,17:35:00,3.86,3.86,3.831,3.831,300,0
2016-06-27,17:40:00,3.875,3.9,3.875,3.9,500,0
2016-06-27,17:45:00,3.92,3.92,3.92,3.92,100,0
2016-06-27,18:10:00,3.97,3.97,3.97,3.97,100,0
2016-06-27,18:40:00,3.94,3.94,3.94,3.94,200,0
2016-06-27,18:55:00,3.93,3.93,3.93,3.93,100,0
2016-06-27,19:00:00,3.9,3.9,3.9,3.9,100,0
2016-06-27,19:10:00,3.92,3.92,3.92,3.92,100,0
2016-06-27,19:15:00,3.91,3.91,3.91,3.91,300,0
2016-06-27,19:30:00,3.94,3.94,3.94,3.94,100,0
2016-06-27,20:25:00,3.92,3.94,3.92,3.94,700,0
2016-06-27,20:35:00,3.92,3.94,3.91,3.91,300,0
2016-06-27,20:40:00,3.91,3.91,3.89,3.89,200,0
2016-06-27,20:45:00,3.88,3.91,3.86,3.91,900,0
2016-06-27,20:50:00,3.87,3.93,3.87,3.91,600,0
2016-06-27,20:55:00,3.88,3.91,3.87,3.89,1200,0
2016-06-27,21:00:00,3.89,3.95,3.88,3.905,500,0
2016-06-27,21:05:00,3.89,3.94,3.8801,3.94,1400,0
2016-06-27,21:20:00,3.92,3.93,3.92,3.93,300,0
2016-06-27,21:25:00,3.91,3.91,3.91,3.91,100,0
2016-06-27,21:30:00,3.94,3.94,3.94,3.94,209,0
2016-06-27,21:35:00,3.93,3.9425,3.91,3.91,800,0
2016-06-27,21:40:00,3.91,3.91,3.91,3.91,100,0
2016-06-27,21:45:00,3.91,3.91,3.91,3.91,500,0
2016-06-27,21:50:00,3.91,3.94,3.91,3.94,300,0
2016-06-27,21:55:00,3.92,3.92,3.92,3.92,200,0
2016-06-27,22:00:00,3.91,3.93,3.91,3.91,8984,0
2016-06-28,15:35:00,3.94,3.9684,3.94,3.9684,395,0
2016-06-28,16:10:00,3.94,3.96,3.88,3.88,300,0
2016-06-28,16:15:00,3.9149,3.95,3.9149,3.95,600,0
2016-06-28,16:30:00,3.895,3.91,3.895,3.91,430,0
2016-06-28,16:40:00,3.9,3.94,3.9,3.94,700,0
2016-06-28,16:55:00,3.96,3.96,3.932,3.932,1400,0
2016-06-28,17:10:00,3.94,3.95,3.94,3.95,661,0
2016-06-28,17:30:00,3.95,3.95,3.95,3.95,100,0
2016-06-28,17:45:00,3.95,3.97,3.95,3.97,500,0
2016-06-28,17:50:00,3.96,3.96,3.96,3.96,179,0
2016-06-28,17:55:00,3.97,3.97,3.968,3.97,1400,0
2016-06-28,18:15:00,3.9635,3.9635,3.9635,3.9635,252,0
2016-06-28,18:30:00,3.96,3.96,3.96,3.96,100,0
2016-06-28,18:40:00,3.96,3.97,3.96,3.97,200,0
2016-06-28,18:45:00,3.96,3.97,3.9599,3.97,2800,0
2016-06-28,18:55:00,3.96,3.97,3.96,3.97,400,0
2016-06-28,19:00:00,3.96,3.96,3.96,3.96,100,0
2016-06-28,19:10:00,3.96,3.96,3.96,3.96,300,0
2016-06-28,19:50:00,3.97,3.97,3.96,3.97,7600,0
2016-06-28,19:55:00,3.97,3.97,3.97,3.97,100,0
2016-06-28,20:15:00,3.96,3.96,3.96,3.96,100,0
2016-06-28,20:25:00,3.96,3.97,3.96,3.97,400,0
2016-06-28,20:30:00,3.96,3.96,3.96,3.96,200,0
2016-06-28,20:40:00,3.97,3.97,3.97,3.97,200,0
2016-06-28,20:50:00,3.97,3.97,3.97,3.97,100,0
2016-06-28,20:55:00,3.95,3.96,3.95,3.96,300,0
2016-06-28,21:00:00,3.97,3.97,3.97,3.97,500,0
2016-06-28,21:20:00,3.97,3.97,3.97,3.97,100,0
2016-06-28,21:25:00,3.9699,3.97,3.96,3.97,1100,0
2016-06-28,21:30:00,3.955,3.955,3.9525,3.9525,200,0
2016-06-28,21:35:00,3.9599,3.9599,3.9599,3.9599,100,0
2016-06-28,21:40:00,3.96,3.97,3.96,3.96,700,0
2016-06-28,21:45:00,3.97,3.97,3.96,3.96,500,0
2016-06-28,21:50:00,3.9699,3.97,3.95,3.97,1300,0
2016-06-28,21:55:00,3.97,3.97,3.97,3.97,100,0
2016-06-28,22:00:00,3.96,3.97,3.94,3.97,11870,0
2016-06-29,15:35:00,4.01,4.01,4.01,4.01,118,0
2016-06-29,15:50:00,4,4,4,4,100,0
2016-06-29,16:00:00,4.0054,4.0054,4.0054,4.0054,1200,0
2016-06-29,16:10:00,4.03,4.03,4.03,4.03,200,0
2016-06-29,16:15:00,4,4.01,4,4.01,300,0
2016-06-29,16:20:00,4.01,4.01,4.01,4.01,100,0
2016-06-29,16:45:00,4.01,4.0256,4.01,4.01,2188,0
2016-06-29,16:50:00,4.01,4.01,4.01,4.01,900,0
2016-06-29,17:00:00,4.01,4.0133,4.01,4.0133,1108,0
2016-06-29,17:10:00,4.01,4.01,4.01,4.01,100,0
2016-06-29,17:15:00,4.01,4.015,4.01,4.01,3200,0
2016-06-29,17:25:00,4.01,4.01,4.01,4.01,100,0
2016-06-29,17:30:00,4.01,4.0166,4.005,4.005,6300,0
2016-06-29,17:35:00,4.01,4.0166,4.01,4.0166,1000,0
2016-06-29,17:40:00,4.01,4.01,4.01,4.01,200,0
2016-06-29,17:45:00,4.02,4.02,4.02,4.02,100,0
2016-06-29,17:50:00,4.01,4.0101,4,4,3450,0
2016-06-29,18:15:00,4,4,4,4,100,0
2016-06-29,18:35:00,3.99,4,3.98,4,600,0
2016-06-29,18:40:00,3.97,3.97,3.97,3.97,100,0
2016-06-29,18:45:00,4,4,3.98,3.98,1000,0
2016-06-29,18:50:00,3.965,3.965,3.965,3.965,100,0
2016-06-29,18:55:00,3.95,3.98,3.95,3.98,200,0
2016-06-29,19:00:00,3.98,3.98,3.98,3.98,200,0
2016-06-29,19:35:00,3.98,3.98,3.98,3.98,200,0
2016-06-29,19:50:00,3.97,3.97,3.97,3.97,200,0
2016-06-29,20:00:00,3.965,3.965,3.965,3.965,100,0
2016-06-29,20:25:00,3.96,3.96,3.96,3.96,100,0
2016-06-29,20:30:00,3.9799,3.98,3.96,3.96,500,0
2016-06-29,20:35:00,3.98,3.98,3.963,3.963,200,0
2016-06-29,20:50:00,3.96,3.98,3.96,3.963,300,0
2016-06-29,20:55:00,3.96,3.96,3.96,3.96,100,0
2016-06-29,21:00:00,3.96,3.98,3.96,3.96,2100,0
2016-06-29,21:10:00,3.97,3.97,3.97,3.97,100,0
2016-06-29,21:25:00,3.97,3.97,3.97,3.97,100,0
2016-06-29,21:35:00,3.97,3.97,3.97,3.97,100,0
2016-06-29,21:40:00,3.975,3.98,3.97,3.97,500,0
2016-06-29,21:45:00,3.97,3.97,3.97,3.97,1000,0
2016-06-29,21:50:00,3.95,3.95,3.95,3.95,100,0
2016-06-29,21:55:00,3.9599,3.96,3.9599,3.96,200,0
2016-06-29,22:00:00,3.96,3.97,3.96,3.97,300,0
2016-06-30,15:35:00,4,4,4,4,132,0
2016-06-30,16:10:00,3.99,3.99,3.94,3.965,600,0
2016-06-30,16:30:00,3.93,3.93,3.93,3.93,100,0
2016-06-30,16:40:00,3.93,3.93,3.92,3.925,400,0
2016-06-30,16:55:00,3.93,3.93,3.93,3.93,100,0
2016-06-30,17:00:00,3.92,3.92,3.915,3.915,900,0
2016-06-30,17:05:00,3.9,3.9,3.88,3.88,3400,0
2016-06-30,17:15:00,3.89,3.89,3.89,3.89,200,0
2016-06-30,17:20:00,3.875,3.875,3.875,3.875,100,0
2016-06-30,17:25:00,3.85,3.85,3.84,3.84,200,0
2016-06-30,17:30:00,3.85,3.85,3.85,3.85,100,0
2016-06-30,17:35:00,3.87,3.87,3.83,3.83,400,0
2016-06-30,17:40:00,3.85,3.85,3.85,3.85,150,0
2016-06-30,17:50:00,3.82,3.85,3.81,3.85,2600,0
2016-06-30,18:00:00,3.85,3.85,3.82,3.85,400,0
2016-06-30,18:10:00,3.82,3.82,3.8,3.8,300,0
2016-06-30,18:15:00,3.81,3.81,3.81,3.81,100,0
2016-06-30,18:20:00,3.8001,3.82,3.8,3.81,1500,0
2016-06-30,18:25:00,3.81,3.81,3.81,3.81,100,0
2016-06-30,18:30:00,3.8,3.82,3.8,3.82,300,0
2016-06-30,18:35:00,3.82,3.82,3.82,3.82,100,0
2016-06-30,18:50:00,3.85,3.85,3.82,3.82,200,0
2016-06-30,19:00:00,3.84,3.84,3.84,3.84,100,0
2016-06-30,19:05:00,3.84,3.84,3.84,3.84,100,0
2016-06-30,19:15:00,3.86,3.86,3.81,3.81,300,0
2016-06-30,19:25:00,3.81,3.84,3.81,3.84,200,0
2016-06-30,19:30:00,3.8,3.8,3.8,3.8,300,0
2016-06-30,19:40:00,3.8,3.82,3.8,3.8,605,0
2016-06-30,19:50:00,3.81,3.82,3.81,3.82,200,0
2016-06-30,19:55:00,3.8,3.8,3.8,3.8,100,0
2016-06-30,20:00:00,3.805,3.81,3.79,3.81,300,0
2016-06-30,20:05:00,3.81,3.81,3.81,3.81,100,0
2016-06-30,20:10:00,3.8,3.8,3.78,3.78,300,0
2016-06-30,20:15:00,3.81,3.82,3.81,3.82,500,0
2016-06-30,20:25:00,3.83,3.84,3.83,3.84,500,0
2016-06-30,20:40:00,3.83,3.83,3.83,3.83,100,0
2016-06-30,20:45:00,3.85,3.85,3.83,3.83,200,0
2016-06-30,20:50:00,3.82,3.84,3.82,3.82,300,0
2016-06-30,21:00:00,3.81,3.81,3.81,3.81,400,0
2016-06-30,21:10:00,3.83,3.84,3.83,3.84,200,0
2016-06-30,21:15:00,3.81,3.81,3.81,3.81,200,0
2016-06-30,21:20:00,3.84,3.84,3.81,3.81,400,0
2016-06-30,21:30:00,3.8,3.8,3.8,3.8,100,0
2016-06-30,21:35:00,3.8,3.82,3.8,3.81,500,0
2016-06-30,21:40:00,3.8,3.81,3.8,3.805,500,0
2016-06-30,21:45:00,3.8016,3.81,3.8,3.81,700,0
2016-06-30,21:50:00,3.8,3.81,3.8,3.8,4000,0
2016-06-30,21:55:00,3.805,3.81,3.8,3.81,1100,0
2016-06-30,22:00:00,3.8,3.82,3.8,3.81,9086,0
2016-07-01,15:35:00,3.88,3.88,3.82,3.82,1102,0
2016-07-01,15:45:00,3.8384,3.8384,3.78,3.8,730,0
2016-07-01,16:00:00,3.81,3.81,3.81,3.81,700,0
2016-07-01,16:05:00,3.802,3.802,3.802,3.802,300,0
2016-07-01,16:10:00,3.82,3.82,3.8014,3.8014,3741,0
2016-07-01,16:15:00,3.8,3.8,3.78,3.78,400,0
2016-07-01,16:35:00,3.77,3.77,3.77,3.77,1000,0
2016-07-01,16:40:00,3.77,3.77,3.77,3.77,100,0
2016-07-01,17:00:00,3.77,3.77,3.77,3.77,200,0
2016-07-01,17:10:00,3.77,3.78,3.75,3.75,3699,0
2016-07-01,17:20:00,3.78,3.78,3.78,3.78,700,0
2016-07-01,17:35:00,3.78,3.78,3.78,3.78,100,0
2016-07-01,17:50:00,3.79,3.79,3.79,3.79,200,0
2016-07-01,18:00:00,3.79,3.79,3.79,3.79,200,0
2016-07-01,18:15:00,3.79,3.79,3.77,3.77,520,0
2016-07-01,18:25:00,3.76,3.76,3.76,3.76,380,0
2016-07-01,18:35:00,3.75,3.75,3.75,3.75,100,0
2016-07-01,18:40:00,3.75,3.75,3.75,3.75,1000,0
2016-07-01,18:55:00,3.75,3.7599,3.75,3.7599,2200,0
2016-07-01,19:05:00,3.75,3.75,3.75,3.75,1000,0
2016-07-01,19:15:00,3.75,3.75,3.75,3.75,1800,0
2016-07-01,19:20:00,3.7599,3.7599,3.75,3.75,1300,0
2016-07-01,19:25:00,3.75,3.75,3.75,3.75,1100,0
2016-07-01,19:35:00,3.75,3.75,3.75,3.75,600,0
2016-07-01,19:40:00,3.75,3.75,3.75,3.75,1999,0
2016-07-01,19:45:00,3.75,3.76,3.75,3.76,600,0
2016-07-01,19:50:00,3.75,3.75,3.75,3.75,1100,0
2016-07-01,20:00:00,3.75,3.75,3.75,3.75,1000,0
2016-07-01,20:10:00,3.75,3.75,3.75,3.75,1100,0
2016-07-01,20:15:00,3.75,3.75,3.75,3.75,1620,0
2016-07-01,20:20:00,3.75,3.75,3.75,3.75,200,0
2016-07-01,20:25:00,3.75,3.75,3.75,3.75,2000,0
2016-07-01,20:30:00,3.75,3.75,3.75,3.75,500,0
2016-07-01,20:35:00,3.75,3.76,3.75,3.76,2400,0
2016-07-01,20:40:00,3.75,3.75,3.75,3.75,1000,0
2016-07-01,20:50:00,3.75,3.75,3.75,3.75,1200,0
2016-07-01,20:55:00,3.75,3.75,3.72,3.74,5800,0
2016-07-01,21:00:00,3.73,3.74,3.73,3.74,1800,0
2016-07-01,21:05:00,3.73,3.73,3.725,3.725,600,0
2016-07-01,21:10:00,3.72,3.73,3.72,3.73,600,0
2016-07-01,21:15:00,3.73,3.74,3.73,3.74,1100,0
2016-07-01,21:20:00,3.73,3.73,3.73,3.73,880,0
2016-07-01,21:25:00,3.725,3.725,3.725,3.725,600,0
2016-07-01,21:35:00,3.725,3.74,3.71,3.74,1425,0
2016-07-01,21:40:00,3.725,3.725,3.725,3.725,600,0
2016-07-01,21:45:00,3.71,3.715,3.71,3.715,1100,0
2016-07-01,21:50:00,3.69,3.71,3.67,3.67,1600,0
2016-07-01,21:55:00,3.7,3.71,3.67,3.685,1600,0
2016-07-01,22:00:00,3.68,3.72,3.67,3.7,6262,0
