Date,Time,Open,High,Low,Close,Volume,OpenInt
2016-06-10,15:35:00,17.63,17.63,17.63,17.63,624,0
2016-06-10,15:40:00,17.47,17.47,17.44,17.44,1100,0
2016-06-10,15:45:00,17.6,17.6,17.51,17.521,900,0
2016-06-10,15:50:00,17.49,17.5917,17.49,17.52,760,0
2016-06-10,15:55:00,17.52,17.52,17.52,17.52,200,0
2016-06-10,16:05:00,17.5625,17.5625,17.5625,17.5625,100,0
2016-06-10,16:10:00,17.58,17.58,17.58,17.58,100,0
2016-06-10,16:15:00,17.57,17.57,17.57,17.57,200,0
2016-06-10,16:20:00,17.53,17.55,17.475,17.55,1270,0
2016-06-10,16:25:00,17.51,17.51,17.51,17.51,100,0
2016-06-10,16:30:00,17.58,17.58,17.51,17.55,600,0
2016-06-10,16:35:00,17.55,17.55,17.55,17.55,100,0
2016-06-10,16:50:00,17.52,17.52,17.52,17.52,400,0
2016-06-10,16:55:00,17.51,17.61,17.51,17.61,2600,0
2016-06-10,17:00:00,17.6,17.6,17.6,17.6,100,0
2016-06-10,17:05:00,17.68,17.68,17.68,17.68,100,0
2016-06-10,17:10:00,17.645,17.71,17.645,17.65,1000,0
2016-06-10,17:15:00,17.7499,17.76,17.7499,17.76,486,0
2016-06-10,17:20:00,17.77,17.79,17.725,17.74,1000,0
2016-06-10,17:25:00,17.71,17.73,17.71,17.73,600,0
2016-06-10,17:30:00,17.73,17.73,17.73,17.73,100,0
2016-06-10,17:35:00,17.73,17.73,17.73,17.73,100,0
2016-06-10,17:40:00,17.74,17.74,17.73,17.73,200,0
2016-06-10,17:50:00,17.72,17.72,17.72,17.72,300,0
2016-06-10,18:00:00,17.76,17.76,17.73,17.75,599,0
2016-06-10,18:05:00,17.72,17.75,17.72,17.75,700,0
2016-06-10,18:25:00,17.72,17.72,17.7,17.72,600,0
2016-06-10,18:40:00,17.71,17.71,17.71,17.71,300,0
2016-06-10,18:55:00,17.73,17.73,17.72,17.72,200,0
2016-06-10,19:05:00,17.71,17.73,17.6916,17.73,745,0
2016-06-10,19:15:00,17.67,17.67,17.67,17.67,400,0
2016-06-10,19:20:00,17.67,17.67,17.66,17.67,600,0
2016-06-10,19:25:00,17.65,17.65,17.65,17.65,100,0
2016-06-10,19:30:00,17.69,17.69,17.69,17.69,100,0
2016-06-10,19:35:00,17.66,17.67,17.62,17.64,2100,0
2016-06-10,19:40:00,17.65,17.65,17.65,17.65,200,0
2016-06-10,19:45:00,17.65,17.66,17.65,17.66,200,0
2016-06-10,19:50:00,17.67,17.67,17.67,17.67,100,0
2016-06-10,19:55:00,17.63,17.63,17.62,17.62,300,0
2016-06-10,20:05:00,17.61,17.62,17.61,17.62,200,0
2016-06-10,20:10:00,17.59,17.59,17.55,17.58,500,0
2016-06-10,20:25:00,17.6,17.6,17.54,17.58,500,0
2016-06-10,20:40:00,17.58,17.64,17.58,17.6,800,0
2016-06-10,20:45:00,17.61,17.61,17.61,17.61,100,0
2016-06-10,20:55:00,17.59,17.595,17.55,17.58,800,0
2016-06-10,21:05:00,17.59,17.59,17.59,17.59,100,0
2016-06-10,21:10:00,17.5812,17.5812,17.5812,17.5812,284,0
2016-06-10,21:15:00,17.55,17.57,17.54,17.54,700,0
2016-06-10,21:20:00,17.5401,17.58,17.5401,17.57,4900,0
2016-06-10,21:25:00,17.58,17.61,17.58,17.61,400,0
2016-06-10,21:30:00,17.63,17.63,17.59,17.59,300,0
2016-06-10,21:35:00,17.61,17.67,17.61,17.67,600,0
2016-06-10,21:40:00,17.66,17.66,17.58,17.58,1000,0
2016-06-10,21:45:00,17.59,17.59,17.59,17.59,500,0
2016-06-10,21:50:00,17.61,17.64,17.594,17.64,875,0
2016-06-10,21:55:00,17.64,17.64,17.61,17.61,945,0
2016-06-10,22:00:00,17.61,17.63,17.58,17.59,7051,0
2016-06-13,15:35:00,17.51,17.695,17.51,17.695,1413,0
2016-06-13,15:40:00,17.62,17.725,17.62,17.725,400,0
2016-06-13,15:55:00,17.57,17.57,17.57,17.57,100,0
2016-06-13,16:05:00,17.57,17.57,17.56,17.56,1500,0
2016-06-13,16:10:00,17.5,17.52,17.5,17.52,1977,0
2016-06-13,16:15:00,17.53,17.53,17.53,17.53,100,0
2016-06-13,16:25:00,17.54,17.54,17.52,17.52,300,0
2016-06-13,16:30:00,17.49,17.49,17.49,17.49,100,0
2016-06-13,16:35:00,17.56,17.56,17.52,17.54,700,0
2016-06-13,16:40:00,17.46,17.46,17.46,17.46,100,0
2016-06-13,16:45:00,17.46,17.46,17.46,17.46,100,0
2016-06-13,16:50:00,17.46,17.46,17.45,17.45,300,0
2016-06-13,16:55:00,17.45,17.49,17.43,17.49,3800,0
2016-06-13,17:05:00,17.48,17.48,17.44,17.44,2868,0
2016-06-13,17:10:00,17.43,17.44,17.43,17.44,600,0
2016-06-13,17:20:00,17.4358,17.4358,17.4358,17.4358,200,0
2016-06-13,17:25:00,17.47,17.47,17.43,17.43,500,0
2016-06-13,17:30:00,17.44,17.45,17.42,17.45,1100,0
2016-06-13,17:35:00,17.5,17.5,17.5,17.5,100,0
2016-06-13,17:40:00,17.45,17.45,17.44,17.44,200,0
2016-06-13,17:50:00,17.42,17.42,17.42,17.42,200,0
2016-06-13,18:00:00,17.425,17.425,17.415,17.415,300,0
2016-06-13,18:05:00,17.415,17.415,17.38,17.38,2254,0
2016-06-13,18:10:00,17.4,17.4,17.38,17.4,600,0
2016-06-13,18:20:00,17.4,17.4,17.39,17.39,200,0
2016-06-13,18:25:00,17.37,17.37,17.37,17.37,200,0
2016-06-13,18:30:00,17.33,17.36,17.33,17.36,700,0
2016-06-13,18:35:00,17.332,17.332,17.332,17.332,147,0
2016-06-13,18:40:00,17.35,17.35,17.34,17.34,400,0
2016-06-13,19:05:00,17.32,17.32,17.3,17.3,400,0
2016-06-13,19:10:00,17.3,17.3,17.3,17.3,100,0
2016-06-13,19:15:00,17.3,17.3,17.29,17.3,500,0
2016-06-13,19:25:00,17.31,17.35,17.31,17.35,700,0
2016-06-13,19:30:00,17.39,17.39,17.39,17.39,100,0
2016-06-13,19:40:00,17.38,17.38,17.34,17.36,700,0
2016-06-13,19:45:00,17.28,17.33,17.28,17.33,200,0
2016-06-13,19:50:00,17.31,17.31,17.3,17.3,300,0
2016-06-13,19:55:00,17.2901,17.2901,17.25,17.25,1200,0
2016-06-13,20:00:00,17.25,17.25,17.25,17.25,100,0
2016-06-13,20:05:00,17.26,17.26,17.26,17.26,100,0
2016-06-13,20:15:00,17.26,17.26,17.25,17.25,400,0
2016-06-13,20:30:00,17.22,17.22,17.21,17.21,600,0
2016-06-13,20:35:00,17.186,17.186,17.186,17.186,500,0
2016-06-13,20:40:00,17.26,17.26,17.25,17.25,400,0
2016-06-13,20:55:00,17.26,17.27,17.25,17.27,500,0
2016-06-13,21:10:00,17.28,17.28,17.26,17.26,200,0
2016-06-13,21:15:00,17.21,17.21,17.2,17.2,200,0
2016-06-13,21:20:00,17.22,17.27,17.215,17.25,1400,0
2016-06-13,21:30:00,17.26,17.26,17.21,17.225,800,0
2016-06-13,21:35:00,17.25,17.26,17.25,17.25,400,0
2016-06-13,21:40:00,17.255,17.255,17.17,17.17,1000,0
2016-06-13,21:45:00,17.21,17.23,17.21,17.23,700,0
2016-06-13,21:50:00,17.23,17.23,17.17,17.17,600,0
2016-06-13,21:55:00,17.19,17.2,17.15,17.2,1400,0
2016-06-13,22:00:00,17.2,17.26,17.2,17.24,6679,0
2016-06-14,15:35:00,17.18,17.18,16.96,16.96,1974,0
2016-06-14,15:45:00,17.1,17.29,17.1,17.29,200,0
2016-06-14,15:50:00,17.295,17.295,17.27,17.27,200,0
2016-06-14,15:55:00,17.29,17.29,17.29,17.29,100,0
2016-06-14,16:00:00,17.25,17.28,17.25,17.28,400,0
2016-06-14,16:05:00,17.26,17.27,17.23,17.24,1800,0
2016-06-14,16:15:00,17.2279,17.27,17.2279,17.25,673,0
2016-06-14,16:25:00,17.23,17.24,17.17,17.24,1400,0
2016-06-14,16:40:00,17.24,17.24,17.21,17.22,952,0
2016-06-14,16:45:00,17.24,17.24,17.23,17.24,1100,0
2016-06-14,16:50:00,17.23,17.24,17.21,17.21,500,0
2016-06-14,16:55:00,17.21,17.21,17.21,17.21,100,0
2016-06-14,17:05:00,17.24,17.25,17.24,17.25,200,0
2016-06-14,17:10:00,17.24,17.25,17.23,17.25,1602,0
2016-06-14,17:15:00,17.24,17.24,17.19,17.19,500,0
2016-06-14,17:20:00,17.23,17.23,17.23,17.23,100,0
2016-06-14,17:25:00,17.24,17.25,17.24,17.25,500,0
2016-06-14,17:30:00,17.25,17.25,17.25,17.25,100,0
2016-06-14,17:35:00,17.25,17.26,17.25,17.26,200,0
2016-06-14,17:40:00,17.26,17.29,17.26,17.29,200,0
2016-06-14,17:45:00,17.24,17.24,17.195,17.22,800,0
2016-06-14,17:50:00,17.23,17.23,17.23,17.23,100,0
2016-06-14,17:55:00,17.23,17.23,17.22,17.22,400,0
2016-06-14,18:00:00,17.22,17.22,17.19,17.19,300,0
2016-06-14,18:05:00,17.2,17.21,17.19,17.19,300,0
2016-06-14,18:10:00,17.19,17.19,17.17,17.17,400,0
2016-06-14,18:15:00,17.21,17.24,17.21,17.24,200,0
2016-06-14,18:25:00,17.24,17.26,17.21,17.22,5873,0
2016-06-14,18:30:00,17.22,17.22,17.17,17.21,600,0
2016-06-14,18:35:00,17.15,17.19,17.15,17.15,300,0
2016-06-14,18:40:00,17.17,17.18,17.15,17.18,600,0
2016-06-14,18:45:00,17.17,17.18,17.167,17.18,446,0
2016-06-14,18:55:00,17.18,17.18,17.18,17.18,100,0
2016-06-14,19:00:00,17.16,17.16,17.16,17.16,100,0
2016-06-14,19:05:00,17.12,17.12,17.12,17.12,100,0
2016-06-14,19:20:00,17.12,17.14,17.12,17.125,1400,0
2016-06-14,19:25:00,17.11,17.1599,17.11,17.13,1800,0
2016-06-14,19:30:00,17.15,17.15,17.15,17.15,100,0
2016-06-14,19:35:00,17.15,17.15,17.14,17.14,200,0
2016-06-14,19:40:00,17.14,17.14,17.14,17.14,200,0
2016-06-14,19:45:00,17.12,17.15,17.12,17.15,200,0
2016-06-14,19:50:00,17.19,17.23,17.17,17.17,800,0
2016-06-14,20:00:00,17.18,17.18,17.17,17.17,300,0
2016-06-14,20:05:00,17.1684,17.1684,17.1684,17.1684,2000,0
2016-06-14,20:15:00,17.19,17.19,17.19,17.19,200,0
2016-06-14,20:25:00,17.18,17.18,17.18,17.18,100,0
2016-06-14,20:30:00,17.22,17.24,17.22,17.24,200,0
2016-06-14,20:35:00,17.22,17.22,17.2,17.21,600,0
2016-06-14,20:45:00,17.23,17.23,17.23,17.23,100,0
2016-06-14,20:50:00,17.24,17.24,17.23,17.23,600,0
2016-06-14,21:05:00,17.21,17.21,17.21,17.21,200,0
2016-06-14,21:10:00,17.26,17.27,17.245,17.245,300,0
2016-06-14,21:15:00,17.25,17.25,17.25,17.25,400,0
2016-06-14,21:20:00,17.25,17.25,17.25,17.25,1000,0
2016-06-14,21:25:00,17.25,17.25,17.24,17.24,980,0
2016-06-14,21:30:00,17.23,17.25,17.23,17.25,900,0
2016-06-14,21:35:00,17.24,17.24,17.21,17.21,3200,0
2016-06-14,21:40:00,17.21,17.22,17.19,17.21,2000,0
2016-06-14,21:50:00,17.19,17.2,17.16,17.2,1720,0
2016-06-14,21:55:00,17.18,17.21,17.16,17.21,800,0
2016-06-14,22:00:00,17.21,17.24,17.21,17.23,5136,0
2016-06-15,15:35:00,17.24,17.2611,17.24,17.2611,3530,0
2016-06-15,15:40:00,17.23,17.23,17.23,17.23,500,0
2016-06-15,15:50:00,17.1495,17.1495,17.1495,17.1495,1010,0
2016-06-15,16:35:00,17.19,17.24,17.19,17.24,700,0
2016-06-15,16:40:00,17.24,17.24,17.2,17.2,200,0
2016-06-15,16:50:00,17.24,17.24,17.22,17.22,300,0
2016-06-15,16:55:00,17.24,17.27,17.24,17.27,300,0
2016-06-15,17:05:00,17.24,17.25,17.24,17.25,500,0
2016-06-15,17:10:00,17.2566,17.2566,17.2566,17.2566,203,0
2016-06-15,17:15:00,17.21,17.21,17.21,17.21,300,0
2016-06-15,17:25:00,17.18,17.18,17.13,17.13,300,0
2016-06-15,17:35:00,17.08,17.08,17.08,17.08,100,0
2016-06-15,17:40:00,17.03,17.09,17,17.09,1100,0
2016-06-15,17:45:00,17.16,17.16,17.16,17.16,200,0
2016-06-15,17:50:00,17.14,17.14,17.14,17.14,200,0
2016-06-15,17:55:00,17.22,17.22,17.22,17.22,100,0
2016-06-15,18:05:00,17.24,17.24,17.24,17.24,200,0
2016-06-15,18:10:00,17.27,17.27,17.26,17.26,988,0
2016-06-15,18:20:00,17.26,17.26,17.26,17.26,100,0
2016-06-15,18:25:00,17.25,17.25,17.25,17.25,100,0
2016-06-15,18:45:00,17.19,17.19,17.19,17.19,100,0
2016-06-15,18:50:00,17.2,17.25,17.2,17.25,1600,0
2016-06-15,19:10:00,17.21,17.21,17.0956,17.15,1249,0
2016-06-15,19:15:00,17.17,17.17,17.17,17.17,100,0
2016-06-15,19:25:00,17.1566,17.18,17.0866,17.0866,3595,0
2016-06-15,19:30:00,17.0728,17.11,17.06,17.0866,1700,0
2016-06-15,19:35:00,17.06,17.06,17.06,17.06,100,0
2016-06-15,19:45:00,17.06,17.12,17.06,17.12,200,0
2016-06-15,19:55:00,17.13,17.13,17.13,17.13,100,0
2016-06-15,20:00:00,17.14,17.14,17.14,17.14,200,0
2016-06-15,20:05:00,17.13,17.13,17.06,17.08,900,0
2016-06-15,20:10:00,17.08,17.08,17.04,17.08,1500,0
2016-06-15,20:15:00,17.065,17.09,17.06,17.09,793,0
2016-06-15,20:20:00,17.1,17.17,17.1,17.17,750,0
2016-06-15,20:25:00,17.16,17.16,17.16,17.16,200,0
2016-06-15,20:35:00,17.13,17.15,17.13,17.15,200,0
2016-06-15,20:40:00,17.18,17.18,17.18,17.18,200,0
2016-06-15,20:45:00,17.19,17.19,17.17,17.17,300,0
2016-06-15,21:00:00,17.1601,17.2,17.1601,17.2,258,0
2016-06-15,21:10:00,17.23,17.23,17.22,17.22,200,0
2016-06-15,21:20:00,17.19,17.19,17.19,17.19,100,0
2016-06-15,21:30:00,17.19,17.21,17.19,17.21,700,0
2016-06-15,21:35:00,17.15,17.15,17.15,17.15,200,0
2016-06-15,21:40:00,17.11,17.12,17.05,17.07,600,0
2016-06-15,21:45:00,17.08,17.115,17.07,17.115,871,0
2016-06-15,21:50:00,17.1,17.1,17.05,17.09,2100,0
2016-06-15,21:55:00,17.09,17.09,17.06,17.06,900,0
2016-06-15,22:00:00,17.1,17.12,17.08,17.09,7973,0
2016-06-16,15:35:00,16.96,16.96,16.85,16.85,1264,0
2016-06-16,15:45:00,16.85,16.85,16.85,16.85,100,0
2016-06-16,16:10:00,16.87,16.87,16.87,16.87,100,0
2016-06-16,16:15:00,16.94,16.94,16.94,16.94,100,0
2016-06-16,16:30:00,16.85,16.8725,16.85,16.87,600,0
2016-06-16,16:35:00,16.88,16.92,16.88,16.92,700,0
2016-06-16,16:45:00,16.925,16.925,16.925,16.925,100,0
2016-06-16,16:50:00,16.98,16.98,16.98,16.98,200,0
2016-06-16,17:00:00,16.95,16.95,16.95,16.95,300,0
2016-06-16,17:05:00,16.95,16.95,16.95,16.95,200,0
2016-06-16,17:10:00,17.01,17.01,16.98,16.98,500,0
2016-06-16,17:15:00,16.9457,17.01,16.9457,17.01,730,0
2016-06-16,17:20:00,17,17,17,17,100,0
2016-06-16,17:30:00,17,17.03,17,17.03,1600,0
2016-06-16,17:35:00,17.03,17.05,17.03,17.03,1200,0
2016-06-16,17:50:00,17,17.005,17,17.005,800,0
2016-06-16,17:55:00,17,17,17,17,100,0
2016-06-16,18:00:00,17.03,17.03,17.0051,17.03,620,0
2016-06-16,18:05:00,17.03,17.03,17.03,17.03,100,0
2016-06-16,18:15:00,17,17,17,17,100,0
2016-06-16,18:25:00,17.05,17.05,17.05,17.05,100,0
2016-06-16,18:30:00,17.05,17.05,17.03,17.03,200,0
2016-06-16,18:40:00,17.04,17.04,17.04,17.04,100,0
2016-06-16,18:45:00,17.07,17.07,17.07,17.07,100,0
2016-06-16,18:50:00,17.05,17.05,17.05,17.05,100,0
2016-06-16,18:55:00,17.02,17.04,17.02,17.04,200,0
2016-06-16,19:00:00,17.02,17.02,17.02,17.02,100,0
2016-06-16,19:05:00,17.02,17.02,17.02,17.02,100,0
2016-06-16,19:10:00,17.02,17.02,16.985,17.01,300,0
2016-06-16,19:15:00,16.9275,16.9275,16.9275,16.9275,100,0
2016-06-16,19:20:00,16.93,16.93,16.915,16.915,200,0
2016-06-16,19:25:00,16.96,16.96,16.96,16.96,200,0
2016-06-16,19:30:00,16.91,16.93,16.91,16.93,200,0
2016-06-16,19:35:00,16.93,16.93,16.93,16.93,195,0
2016-06-16,19:40:00,16.885,16.91,16.885,16.91,200,0
2016-06-16,19:45:00,16.88,16.9,16.88,16.9,300,0
2016-06-16,19:50:00,16.8675,16.91,16.8675,16.91,400,0
2016-06-16,19:55:00,16.885,16.92,16.88,16.92,1700,0
2016-06-16,20:00:00,16.93,16.93,16.93,16.93,200,0
2016-06-16,20:05:00,16.91,16.94,16.9,16.9225,900,0
2016-06-16,20:10:00,16.9201,16.9376,16.9201,16.9376,214,0
2016-06-16,20:15:00,16.92,16.98,16.92,16.96,400,0
2016-06-16,20:20:00,17.01,17.01,16.95,16.97,400,0
2016-06-16,20:25:00,16.96,16.96,16.96,16.96,100,0
2016-06-16,20:30:00,16.96,16.97,16.96,16.96,600,0
2016-06-16,20:35:00,16.9575,16.9575,16.9575,16.9575,100,0
2016-06-16,20:40:00,16.965,16.98,16.965,16.98,400,0
2016-06-16,20:45:00,16.97,17,16.96,16.96,300,0
2016-06-16,20:50:00,16.975,16.975,16.975,16.975,100,0
2016-06-16,20:55:00,16.98,17.04,16.98,17.03,500,0
2016-06-16,21:00:00,17.07,17.07,17.07,17.07,100,0
2016-06-16,21:05:00,16.995,17.04,16.995,17.04,400,0
2016-06-16,21:10:00,17,17,17,17,100,0
2016-06-16,21:15:00,16.9875,17.04,16.9875,17.04,400,0
2016-06-16,21:20:00,17.0136,17.07,17.0136,17.07,1300,0
2016-06-16,21:25:00,17.05,17.08,17.035,17.08,500,0
2016-06-16,21:30:00,17.03,17.08,17.03,17.08,4100,0
2016-06-16,21:35:00,17.08,17.12,17.08,17.11,1500,0
2016-06-16,21:40:00,17.11,17.11,17.035,17.035,1400,0
2016-06-16,21:45:00,17.01,17.06,17.01,17.05,1100,0
2016-06-16,21:50:00,17.07,17.12,17.065,17.12,1800,0
2016-06-16,21:55:00,17.07,17.08,17.05,17.065,2700,0
2016-06-16,22:00:00,17.065,17.15,17.065,17.14,18604,0
2016-06-17,15:35:00,17.18,17.25,17.18,17.25,37273,0
2016-06-17,15:50:00,17.02,17.02,17.02,17.02,100,0
2016-06-17,16:00:00,17.03,17.03,17.03,17.03,100,0
2016-06-17,16:05:00,17.03,17.03,17.03,17.03,100,0
2016-06-17,16:10:00,17,17.01,16.92,17.01,1168,0
2016-06-17,16:15:00,17.01,17.01,16.98,16.99,700,0
2016-06-17,16:20:00,16.94,17.02,16.94,17.015,1700,0
2016-06-17,16:25:00,17.02,17.02,16.965,16.98,4400,0
2016-06-17,16:30:00,16.92,16.98,16.92,16.97,2400,0
2016-06-17,16:35:00,16.97,16.9999,16.95,16.9999,4400,0
2016-06-17,16:40:00,17,17,16.99,17,2100,0
2016-06-17,16:45:00,17.01,17.02,17.01,17.02,200,0
2016-06-17,16:50:00,17.04,17.04,17.04,17.04,100,0
2016-06-17,16:55:00,17.06,17.06,17.06,17.06,100,0
2016-06-17,17:00:00,17.08,17.08,17.08,17.08,100,0
2016-06-17,17:05:00,17.04,17.04,17.03,17.04,800,0
2016-06-17,17:15:00,16.93,16.97,16.92,16.95,3500,0
2016-06-17,17:20:00,16.95,16.965,16.95,16.95,900,0
2016-06-17,17:25:00,16.96,16.99,16.96,16.99,300,0
2016-06-17,17:30:00,17.04,17.04,17.005,17.005,300,0
2016-06-17,17:40:00,16.935,16.97,16.935,16.97,300,0
2016-06-17,17:45:00,16.965,16.98,16.965,16.98,300,0
2016-06-17,17:50:00,16.98,17.03,16.98,17.03,500,0
2016-06-17,18:00:00,16.97,16.97,16.92,16.92,2000,0
2016-06-17,18:05:00,16.95,16.95,16.95,16.95,506,0
2016-06-17,18:10:00,16.96,16.96,16.96,16.96,100,0
2016-06-17,18:15:00,16.97,16.97,16.97,16.97,100,0
2016-06-17,18:20:00,17,17,16.94,16.94,300,0
2016-06-17,18:25:00,16.95,16.95,16.925,16.95,1100,0
2016-06-17,18:30:00,16.99,16.99,16.99,16.99,100,0
2016-06-17,18:40:00,16.98,16.98,16.98,16.98,200,0
2016-06-17,18:50:00,16.95,16.95,16.95,16.95,100,0
2016-06-17,19:00:00,16.91,16.91,16.8601,16.91,1220,0
2016-06-17,19:05:00,16.93,16.93,16.93,16.93,100,0
2016-06-17,19:10:00,16.93,16.96,16.92,16.96,1200,0
2016-06-17,19:25:00,16.97,16.98,16.97,16.98,400,0
2016-06-17,19:30:00,16.98,16.99,16.97,16.97,1000,0
2016-06-17,19:35:00,16.96,16.96,16.96,16.96,100,0
2016-06-17,19:40:00,16.97,16.97,16.97,16.97,100,0
2016-06-17,19:45:00,17.005,17.005,16.97,16.97,200,0
2016-06-17,19:50:00,16.97,17.01,16.97,17.01,500,0
2016-06-17,20:00:00,17,17,17,17,200,0
2016-06-17,20:05:00,16.98,16.98,16.98,16.98,200,0
2016-06-17,20:10:00,17,17,16.94,16.94,200,0
2016-06-17,20:20:00,17,17.01,17,17.01,300,0
2016-06-17,20:30:00,17.05,17.06,17.025,17.035,1689,0
2016-06-17,20:40:00,17.04,17.04,17.04,17.04,100,0
2016-06-17,20:45:00,17.05,17.06,17.03,17.06,1200,0
2016-06-17,20:55:00,17.09,17.09,17.075,17.075,200,0
2016-06-17,21:00:00,17.1,17.1,17.1,17.1,100,0
2016-06-17,21:05:00,17.08,17.08,17.08,17.08,100,0
2016-06-17,21:10:00,17.08,17.08,17.06,17.07,300,0
2016-06-17,21:20:00,17.06,17.06,17.02,17.025,1300,0
2016-06-17,21:25:00,17.04,17.04,17.04,17.04,100,0
2016-06-17,21:30:00,17.01,17.035,17.01,17.03,600,0
2016-06-17,21:35:00,17.03,17.08,17.01,17.08,1100,0
2016-06-17,21:40:00,17.06,17.07,17.05,17.07,1100,0
2016-06-17,21:45:00,17.07,17.07,17.025,17.03,4832,0
2016-06-17,21:50:00,17.045,17.045,17.01,17.025,2300,0
2016-06-17,21:55:00,17.04,17.09,17.04,17.08,1600,0
2016-06-17,22:00:00,17.08,17.12,17.04,17.12,22834,0
2016-06-20,15:35:00,17.25,17.8499,17.23,17.23,1213,0
2016-06-20,15:45:00,17.35,17.49,17.35,17.49,300,0
2016-06-20,15:50:00,17.4999,17.5,17.49,17.49,800,0
2016-06-20,15:55:00,17.51,17.54,17.48,17.48,2000,0
2016-06-20,16:00:00,17.47,17.52,17.47,17.49,300,0
2016-06-20,16:05:00,17.51,17.55,17.51,17.55,200,0
2016-06-20,16:10:00,17.5,17.5,17.48,17.48,400,0
2016-06-20,16:15:00,17.45,17.45,17.45,17.45,300,0
2016-06-20,16:20:00,17.45,17.45,17.45,17.45,200,0
2016-06-20,16:25:00,17.45,17.46,17.4,17.4,500,0
2016-06-20,16:35:00,17.37,17.465,17.37,17.465,800,0
2016-06-20,16:40:00,17.485,17.485,17.45,17.46,1200,0
2016-06-20,16:45:00,17.48,17.48,17.45,17.45,1300,0
2016-06-20,16:50:00,17.44,17.4646,17.41,17.41,2300,0
2016-06-20,17:00:00,17.39,17.39,17.39,17.39,100,0
2016-06-20,17:05:00,17.36,17.36,17.33,17.33,200,0
2016-06-20,17:10:00,17.33,17.33,17.29,17.29,400,0
2016-06-20,17:15:00,17.26,17.3,17.26,17.3,600,0
2016-06-20,17:20:00,17.3,17.3,17.29,17.3,300,0
2016-06-20,17:25:00,17.32,17.32,17.29,17.29,1000,0
2016-06-20,17:35:00,17.31,17.31,17.31,17.31,300,0
2016-06-20,17:45:00,17.34,17.34,17.33,17.34,500,0
2016-06-20,17:50:00,17.33,17.33,17.33,17.33,100,0
2016-06-20,18:00:00,17.29,17.37,17.29,17.37,500,0
2016-06-20,18:05:00,17.35,17.37,17.35,17.36,800,0
2016-06-20,18:10:00,17.37,17.37,17.34,17.34,1000,0
2016-06-20,18:15:00,17.34,17.34,17.25,17.25,500,0
2016-06-20,18:20:00,17.28,17.29,17.24,17.24,300,0
2016-06-20,18:25:00,17.25,17.25,17.25,17.25,100,0
2016-06-20,18:30:00,17.29,17.31,17.28,17.31,600,0
2016-06-20,18:35:00,17.3,17.3,17.3,17.3,100,0
2016-06-20,18:45:00,17.3,17.31,17.26,17.31,5836,0
2016-06-20,18:50:00,17.3,17.3,17.3,17.3,300,0
2016-06-20,19:00:00,17.29,17.29,17.29,17.29,200,0
2016-06-20,19:05:00,17.275,17.275,17.25,17.275,714,0
2016-06-20,19:15:00,17.28,17.28,17.2,17.26,10548,0
2016-06-20,19:20:00,17.26,17.26,17.22,17.26,5086,0
2016-06-20,19:25:00,17.27,17.34,17.27,17.34,600,0
2016-06-20,19:35:00,17.3335,17.3335,17.3335,17.3335,1270,0
2016-06-20,19:40:00,17.32,17.32,17.28,17.28,400,0
2016-06-20,19:50:00,17.26,17.26,17.26,17.26,100,0
2016-06-20,19:55:00,17.29,17.315,17.27,17.27,1100,0
2016-06-20,20:00:00,17.26,17.26,17.26,17.26,100,0
2016-06-20,20:10:00,17.31,17.31,17.31,17.31,200,0
2016-06-20,20:15:00,17.305,17.305,17.265,17.265,1347,0
2016-06-20,20:25:00,17.25,17.27,17.25,17.27,900,0
2016-06-20,20:30:00,17.28,17.28,17.27,17.27,600,0
2016-06-20,20:40:00,17.33,17.33,17.32,17.32,700,0
2016-06-20,20:50:00,17.28,17.305,17.27,17.27,2296,0
2016-06-20,21:05:00,17.3,17.3,17.28,17.28,300,0
2016-06-20,21:15:00,17.28,17.3,17.26,17.28,3217,0
2016-06-20,21:20:00,17.29,17.29,17.29,17.29,100,0
2016-06-20,21:25:00,17.3,17.3,17.29,17.29,800,0
2016-06-20,21:30:00,17.29,17.29,17.27,17.27,400,0
2016-06-20,21:35:00,17.26,17.26,17.2,17.2,500,0
2016-06-20,21:40:00,17.195,17.195,17.17,17.17,300,0
2016-06-20,21:45:00,17.17,17.18,17.15,17.15,1200,0
2016-06-20,21:50:00,17.17,17.19,17.09,17.165,4731,0
2016-06-20,21:55:00,17.2,17.2,17.17,17.17,1000,0
2016-06-20,22:00:00,17.15,17.155,17.08,17.12,14559,0
2016-06-21,15:35:00,17.08,17.15,17.08,17.15,1969,0
2016-06-21,16:00:00,17.03,17.09,17.03,17.09,200,0
2016-06-21,16:05:00,17.0999,17.14,17.0999,17.14,1000,0
2016-06-21,16:15:00,17.13,17.14,17.13,17.14,200,0
2016-06-21,16:20:00,17.11,17.13,17.09,17.13,300,0
2016-06-21,16:25:00,17.13,17.13,17.13,17.13,100,0
2016-06-21,16:30:00,17.08,17.12,17.08,17.12,300,0
2016-06-21,16:40:00,17.08,17.08,17.03,17.04,1010,0
2016-06-21,16:45:00,17.04,17.06,17.03,17.03,400,0
2016-06-21,16:55:00,17,17.07,17,17.07,300,0
2016-06-21,17:00:00,17.13,17.14,17.13,17.14,200,0
2016-06-21,17:05:00,17.08,17.08,17.08,17.08,200,0
2016-06-21,17:10:00,17.06,17.06,17.06,17.06,200,0
2016-06-21,17:15:00,17.05,17.06,16.98,16.98,900,0
2016-06-21,17:20:00,16.97,17.01,16.97,17.01,400,0
2016-06-21,17:25:00,17.07,17.11,17.07,17.11,200,0
2016-06-21,17:30:00,17.08,17.08,17.08,17.08,100,0
2016-06-21,17:35:00,17.06,17.1,17,17.01,600,0
2016-06-21,17:45:00,16.99,17.05,16.98,17.025,850,0
2016-06-21,17:50:00,17.05,17.05,16.97,16.97,400,0
2016-06-21,18:00:00,17.01,17.01,17.01,17.01,100,0
2016-06-21,18:05:00,17.01,17.03,17.01,17.03,300,0
2016-06-21,18:15:00,16.98,16.98,16.98,16.98,100,0
2016-06-21,18:20:00,17,17.01,16.97,17.01,1200,0
2016-06-21,18:30:00,16.98,16.98,16.98,16.98,100,0
2016-06-21,18:40:00,17.02,17.02,17.02,17.02,200,0
2016-06-21,18:55:00,17.02,17.02,16.9972,17,1652,0
2016-06-21,19:00:00,17.01,17.02,17.01,17.02,200,0
2016-06-21,19:05:00,17.01,17.01,16.97,16.98,1200,0
2016-06-21,19:10:00,16.96,16.97,16.96,16.97,300,0
2016-06-21,19:15:00,16.97,16.98,16.95,16.96,600,0
2016-06-21,19:20:00,16.96,16.97,16.96,16.97,500,0
2016-06-21,19:25:00,16.95,16.96,16.95,16.96,400,0
2016-06-21,19:30:00,16.95,16.96,16.95,16.95,800,0
2016-06-21,19:35:00,16.99,16.99,16.99,16.99,100,0
2016-06-21,19:40:00,16.96,16.96,16.95,16.95,900,0
2016-06-21,19:50:00,16.95,16.98,16.95,16.95,300,0
2016-06-21,19:55:00,16.95,16.98,16.95,16.98,300,0
2016-06-21,20:05:00,17,17,16.99,16.99,900,0
2016-06-21,20:10:00,17.01,17.01,17.005,17.005,600,0
2016-06-21,20:15:00,17.01,17.01,16.99,16.99,900,0
2016-06-21,20:20:00,16.99,17.01,16.99,17.01,300,0
2016-06-21,20:25:00,17.01,17.01,17,17.01,2000,0
2016-06-21,20:30:00,17,17.02,17,17.02,516,0
2016-06-21,20:35:00,17.03,17.08,17.03,17.08,800,0
2016-06-21,20:40:00,17.12,17.21,17.12,17.21,700,0
2016-06-21,20:45:00,17.22,17.22,17.14,17.14,1923,0
2016-06-21,20:50:00,17.15,17.16,17.14,17.16,800,0
2016-06-21,20:55:00,17.16,17.16,17.15,17.15,300,0
2016-06-21,21:00:00,17.14,17.14,17.14,17.14,100,0
2016-06-21,21:05:00,17.14,17.16,17.14,17.14,1500,0
2016-06-21,21:10:00,17.14,17.16,17.14,17.15,700,0
2016-06-21,21:15:00,17.16,17.2,17.16,17.16,1500,0
2016-06-21,21:20:00,17.16,17.16,17.16,17.16,100,0
2016-06-21,21:25:00,17.18,17.18,17.14,17.14,300,0
2016-06-21,21:30:00,17.1576,17.17,17.12,17.13,1554,0
2016-06-21,21:35:00,17.14,17.14,17.12,17.12,600,0
2016-06-21,21:40:00,17.14,17.14,17.1,17.12,3000,0
2016-06-21,21:45:00,17.11,17.13,17.09,17.12,2700,0
2016-06-21,21:50:00,17.11,17.16,17.07,17.16,2800,0
2016-06-21,21:55:00,17.14,17.19,17.14,17.18,2625,0
2016-06-21,22:00:00,17.17,17.17,17.14,17.14,2048,0
2016-06-22,15:35:00,17.23,17.23,17.23,17.23,462,0
2016-06-22,15:50:00,17.1301,17.1301,17.1301,17.1301,150,0
2016-06-22,16:10:00,17.18,17.18,17.01,17.01,400,0
2016-06-22,16:25:00,17.03,17.03,17.03,17.03,100,0
2016-06-22,16:30:00,17,17,17,17,100,0
2016-06-22,16:35:00,17,17,17,17,100,0
2016-06-22,16:45:00,17.03,17.04,17.03,17.04,200,0
2016-06-22,16:50:00,17.02,17.03,17.02,17.03,300,0
2016-06-22,16:55:00,17.06,17.06,17.06,17.06,100,0
2016-06-22,17:00:00,17.08,17.08,17.08,17.08,100,0
2016-06-22,17:10:00,17.13,17.13,17.13,17.13,100,0
2016-06-22,17:20:00,17.12,17.14,17.12,17.14,300,0
2016-06-22,17:40:00,17.12,17.13,17.12,17.12,300,0
2016-06-22,17:45:00,17.15,17.15,17.15,17.15,200,0
2016-06-22,18:10:00,17.17,17.17,16.99,16.99,4600,0
2016-06-22,18:15:00,17,17.02,16.99,17.005,1400,0
2016-06-22,18:20:00,17.03,17.03,17.03,17.03,100,0
2016-06-22,18:25:00,17.04,17.04,17.04,17.04,100,0
2016-06-22,18:45:00,16.99,16.99,16.99,16.99,100,0
2016-06-22,18:50:00,16.98,16.98,16.98,16.98,200,0
2016-06-22,18:55:00,16.96,16.96,16.96,16.96,200,0
2016-06-22,19:00:00,16.94,16.96,16.94,16.96,300,0
2016-06-22,19:05:00,16.96,16.965,16.96,16.965,300,0
2016-06-22,19:10:00,16.96,16.96,16.9525,16.955,500,0
2016-06-22,19:15:00,16.96,16.96,16.94,16.94,270,0
2016-06-22,19:20:00,16.94,16.94,16.94,16.94,100,0
2016-06-22,19:30:00,16.94,16.94,16.925,16.93,2753,0
2016-06-22,19:35:00,16.93,16.93,16.93,16.93,100,0
2016-06-22,20:00:00,16.9,16.9,16.9,16.9,400,0
2016-06-22,20:10:00,16.85,16.85,16.85,16.85,200,0
2016-06-22,20:20:00,16.8605,16.88,16.8605,16.88,400,0
2016-06-22,20:25:00,16.89,16.9,16.88,16.9,402,0
2016-06-22,20:30:00,16.88,16.88,16.88,16.88,100,0
2016-06-22,20:40:00,16.87,16.87,16.8401,16.8401,393,0
2016-06-22,20:55:00,16.865,16.865,16.865,16.865,100,0
2016-06-22,21:00:00,16.86,16.86,16.85,16.86,300,0
2016-06-22,21:10:00,16.865,16.865,16.86,16.86,200,0
2016-06-22,21:15:00,16.87,16.88,16.87,16.87,1200,0
2016-06-22,21:25:00,16.8716,16.88,16.8716,16.88,400,0
2016-06-22,21:30:00,16.87,16.9,16.865,16.895,2100,0
2016-06-22,21:35:00,16.89,16.895,16.885,16.895,1000,0
2016-06-22,21:40:00,16.9,16.9,16.89,16.895,600,0
2016-06-22,21:45:00,16.88,16.88,16.8564,16.86,300,0
2016-06-22,21:50:00,16.87,16.87,16.86,16.86,300,0
2016-06-22,21:55:00,16.87,16.87,16.81,16.82,1800,0
2016-06-22,22:00:00,16.8132,16.84,16.81,16.82,2663,0
2016-06-23,15:35:00,17.03,17.03,17.03,17.03,904,0
2016-06-23,15:50:00,16.85,16.85,16.85,16.85,100,0
2016-06-23,16:05:00,16.97,16.97,16.97,16.97,200,0
2016-06-23,16:30:00,17.01,17.01,17.01,17.01,500,0
2016-06-23,16:45:00,16.93,16.93,16.92,16.92,200,0
2016-06-23,16:50:00,16.9,16.9,16.9,16.9,100,0
2016-06-23,17:00:00,16.91,16.91,16.9,16.9,400,0
2016-06-23,17:10:00,16.9,16.9,16.9,16.9,100,0
2016-06-23,17:15:00,16.92,16.96,16.92,16.96,200,0
2016-06-23,17:25:00,17.05,17.06,17.05,17.06,200,0
2016-06-23,17:30:00,17.1,17.13,17.07,17.1,600,0
2016-06-23,17:35:00,17.1,17.1,17.1,17.1,100,0
2016-06-23,17:40:00,17.08,17.11,17.08,17.11,500,0
2016-06-23,17:45:00,17.05,17.05,17.05,17.05,100,0
2016-06-23,17:55:00,17.1,17.13,17.1,17.13,1600,0
2016-06-23,18:05:00,17.13,17.14,17.12,17.14,300,0
2016-06-23,18:20:00,17.17,17.17,17.17,17.17,291,0
2016-06-23,18:25:00,17.19,17.21,17.19,17.21,600,0
2016-06-23,18:30:00,17.2,17.2,17.2,17.2,100,0
2016-06-23,18:35:00,17.21,17.21,17.2,17.2,1010,0
2016-06-23,18:40:00,17.21,17.21,17.21,17.21,300,0
2016-06-23,18:50:00,17.21,17.21,17.16,17.16,700,0
2016-06-23,18:55:00,17.14,17.14,17.13,17.13,300,0
2016-06-23,19:15:00,17.14,17.14,17.13,17.13,600,0
2016-06-23,19:30:00,17.09,17.1,17.09,17.1,200,0
2016-06-23,19:40:00,17.03,17.07,17.02,17.07,800,0
2016-06-23,20:00:00,17.06,17.06,17.06,17.06,100,0
2016-06-23,20:15:00,17.11,17.11,17.11,17.11,100,0
2016-06-23,20:20:00,17.12,17.12,17.08,17.08,500,0
2016-06-23,20:30:00,17.05,17.08,17.05,17.08,300,0
2016-06-23,20:35:00,17.12,17.12,17.12,17.12,100,0
2016-06-23,20:40:00,17.16,17.16,17.16,17.16,100,0
2016-06-23,20:45:00,17.14,17.16,17.08,17.16,550,0
2016-06-23,20:50:00,17.13,17.17,17.13,17.17,300,0
2016-06-23,20:55:00,17.165,17.165,17.13,17.13,500,0
2016-06-23,21:05:00,17.12,17.12,17.1,17.1,402,0
2016-06-23,21:20:00,17.09,17.1,17.08,17.08,600,0
2016-06-23,21:25:00,17.08,17.08,17.08,17.08,100,0
2016-06-23,21:30:00,17.04,17.04,17.03,17.03,200,0
2016-06-23,21:35:00,17.05,17.0666,17.05,17.0666,821,0
2016-06-23,21:40:00,17.07,17.08,17.07,17.08,300,0
2016-06-23,21:45:00,17.056,17.09,17.056,17.09,1060,0
2016-06-23,21:50:00,17.07,17.1,17,17,2100,0
2016-06-23,21:55:00,16.98,17.06,16.98,16.99,3200,0
2016-06-23,22:00:00,16.97,17.06,16.92,17.06,9748,0
2016-06-24,15:35:00,16.11,16.11,16.11,16.11,5485,0
2016-06-24,15:40:00,16.2,16.41,16.2,16.4,300,0
2016-06-24,15:45:00,16.41,16.4599,16.3001,16.3001,3200,0
2016-06-24,15:50:00,16.32,16.3635,16.32,16.3635,500,0
2016-06-24,15:55:00,16.29,16.35,16.29,16.35,1200,0
2016-06-24,16:05:00,16.385,16.385,16.385,16.385,100,0
2016-06-24,16:10:00,16.38,16.42,16.38,16.42,300,0
2016-06-24,16:15:00,16.5,16.5,16.5,16.5,100,0
2016-06-24,16:20:00,16.47,16.47,16.46,16.46,700,0
2016-06-24,16:25:00,16.41,16.4234,16.4,16.4234,1300,0
2016-06-24,16:30:00,16.39,16.42,16.38,16.38,300,0
2016-06-24,16:35:00,16.42,16.42,16.32,16.32,841,0
2016-06-24,16:40:00,16.32,16.41,16.32,16.39,900,0
2016-06-24,16:45:00,16.39,16.39,16.34,16.34,200,0
2016-06-24,16:55:00,16.3999,16.4,16.36,16.4,1056,0
2016-06-24,17:00:00,16.38,16.38,16.38,16.38,100,0
2016-06-24,17:05:00,16.38,16.38,16.35,16.35,600,0
2016-06-24,17:10:00,16.32,16.3399,16.3166,16.3399,1382,0
2016-06-24,17:15:00,16.29,16.29,16.27,16.29,600,0
2016-06-24,17:25:00,16.32,16.33,16.32,16.33,600,0
2016-06-24,17:35:00,16.3,16.31,16.29,16.31,400,0
2016-06-24,17:40:00,16.29,16.38,16.29,16.38,600,0
2016-06-24,17:45:00,16.38,16.4,16.297,16.297,4900,0
2016-06-24,17:50:00,16.32,16.33,16.28,16.31,3514,0
2016-06-24,18:00:00,16.27,16.28,16.27,16.28,200,0
2016-06-24,18:05:00,16.25,16.25,16.22,16.22,200,0
2016-06-24,18:10:00,16.2,16.2,16.2,16.2,100,0
2016-06-24,18:15:00,16.2,16.2,16.2,16.2,200,0
2016-06-24,18:20:00,16.18,16.2,16.18,16.2,300,0
2016-06-24,18:25:00,16.22,16.25,16.22,16.22,400,0
2016-06-24,18:30:00,16.25,16.25,16.25,16.25,100,0
2016-06-24,18:35:00,16.23,16.23,16.22,16.225,400,0
2016-06-24,18:40:00,16.2,16.24,16.2,16.24,400,0
2016-06-24,18:45:00,16.26,16.26,16.2,16.2,256,0
2016-06-24,18:50:00,16.25,16.26,16.23,16.26,300,0
2016-06-24,18:55:00,16.27,16.29,16.27,16.29,200,0
2016-06-24,19:00:00,16.3,16.3,16.22,16.22,704,0
2016-06-24,19:05:00,16.22,16.245,16.22,16.23,300,0
2016-06-24,19:10:00,16.22,16.23,16.22,16.22,792,0
2016-06-24,19:15:00,16.22,16.25,16.21,16.25,800,0
2016-06-24,19:20:00,16.27,16.27,16.27,16.27,100,0
2016-06-24,19:25:00,16.31,16.31,16.27,16.31,500,0
2016-06-24,19:30:00,16.32,16.33,16.32,16.33,300,0
2016-06-24,19:35:00,16.33,16.33,16.33,16.33,100,0
2016-06-24,19:40:00,16.3336,16.3599,16.29,16.29,440,0
2016-06-24,19:45:00,16.26,16.29,16.22,16.22,800,0
2016-06-24,19:50:00,16.25,16.25,16.25,16.25,100,0
2016-06-24,19:55:00,16.2166,16.24,16.2166,16.22,1700,0
2016-06-24,20:00:00,16.25,16.25,16.24,16.24,300,0
2016-06-24,20:05:00,16.26,16.29,16.26,16.29,400,0
2016-06-24,20:10:00,16.29,16.31,16.29,16.31,200,0
2016-06-24,20:15:00,16.32,16.35,16.32,16.34,300,0
2016-06-24,20:25:00,16.34,16.34,16.34,16.34,100,0
2016-06-24,20:30:00,16.25,16.25,16.25,16.25,200,0
2016-06-24,20:35:00,16.23,16.29,16.22,16.23,800,0
2016-06-24,20:40:00,16.21,16.22,16.14,16.21,2300,0
2016-06-24,20:45:00,16.24,16.24,16.18,16.22,300,0
2016-06-24,20:50:00,16.21,16.21,16.21,16.21,100,0
2016-06-24,20:55:00,16.2,16.24,16.2,16.23,300,0
2016-06-24,21:00:00,16.27,16.27,16.2415,16.2415,400,0
2016-06-24,21:10:00,16.26,16.26,16.26,16.26,100,0
2016-06-24,21:20:00,16.16,16.17,16.15,16.17,780,0
2016-06-24,21:25:00,16.15,16.15,16.1,16.12,500,0
2016-06-24,21:30:00,16.1,16.15,16.08,16.15,9200,0
2016-06-24,21:35:00,16.17,16.21,16.1699,16.2,9017,0
2016-06-24,21:40:00,16.18,16.29,16.17,16.2,3546,0
2016-06-24,21:45:00,16.18,16.21,16.18,16.21,1300,0
2016-06-24,21:50:00,16.26,16.26,16.24,16.24,400,0
2016-06-24,21:55:00,16.26,16.31,16.24,16.27,3600,0
2016-06-24,22:00:00,16.3,16.31,16.26,16.3,88029,0
2016-06-27,15:35:00,16.14,16.14,16.04,16.04,1449,0
2016-06-27,15:40:00,16.0201,16.09,16.02,16.02,965,0
2016-06-27,15:45:00,16.02,16.08,16.02,16.02,1000,0
2016-06-27,15:50:00,16.13,16.13,16.03,16.03,200,0
2016-06-27,16:00:00,15.98,15.98,15.96,15.96,739,0
2016-06-27,16:05:00,15.95,16.01,15.95,16,1000,0
2016-06-27,16:15:00,15.97,15.97,15.97,15.97,100,0
2016-06-27,16:20:00,15.95,15.95,15.925,15.94,3400,0
2016-06-27,16:25:00,15.95,16.01,15.94,15.94,984,0
2016-06-27,16:30:00,15.9604,15.9604,15.9604,15.9604,500,0
2016-06-27,16:35:00,15.93,15.93,15.86,15.9,800,0
2016-06-27,16:40:00,15.92,15.93,15.9189,15.9189,703,0
2016-06-27,16:45:00,15.9,15.9,15.9,15.9,500,0
2016-06-27,16:50:00,15.9,15.9,15.83,15.83,300,0
2016-06-27,16:55:00,15.789,15.79,15.789,15.79,400,0
2016-06-27,17:00:00,15.77,15.78,15.76,15.76,800,0
2016-06-27,17:05:00,15.73,15.75,15.73,15.75,300,0
2016-06-27,17:10:00,15.76,15.76,15.76,15.76,100,0
2016-06-27,17:15:00,15.73,15.73,15.71,15.71,400,0
2016-06-27,17:20:00,15.67,15.69,15.67,15.6899,1250,0
2016-06-27,17:25:00,15.67,15.72,15.67,15.67,1567,0
2016-06-27,17:30:00,15.7,15.79,15.7,15.79,400,0
2016-06-27,17:35:00,15.83,15.83,15.8,15.8,300,0
2016-06-27,17:40:00,15.8,15.8,15.76,15.785,1500,0
2016-06-27,17:45:00,15.7976,15.7976,15.7976,15.7976,1000,0
2016-06-27,17:50:00,15.8,15.835,15.8,15.835,900,0
2016-06-27,17:55:00,15.84,15.87,15.8,15.87,1200,0
2016-06-27,18:00:00,15.92,15.92,15.92,15.92,300,0
2016-06-27,18:05:00,15.9,15.9,15.9,15.9,100,0
2016-06-27,18:10:00,15.87,15.88,15.87,15.88,300,0
2016-06-27,18:15:00,15.84,15.84,15.84,15.84,100,0
2016-06-27,18:20:00,15.86,15.87,15.86,15.87,300,0
2016-06-27,18:30:00,15.9,15.9,15.9,15.9,100,0
2016-06-27,18:40:00,15.98,15.98,15.9201,15.9201,244,0
2016-06-27,18:45:00,15.92,15.92,15.89,15.89,800,0
2016-06-27,18:50:00,15.9,15.9,15.9,15.9,100,0
2016-06-27,18:55:00,15.91,15.91,15.9,15.9,500,0
2016-06-27,19:00:00,15.9,15.93,15.9,15.93,1100,0
2016-06-27,19:25:00,15.92,15.92,15.9,15.91,1200,0
2016-06-27,19:35:00,15.92,15.92,15.9,15.9,300,0
2016-06-27,19:45:00,15.87,15.87,15.82,15.82,600,0
2016-06-27,19:50:00,15.8,15.82,15.8,15.82,700,0
2016-06-27,19:55:00,15.83,15.83,15.83,15.83,100,0
2016-06-27,20:00:00,15.85,15.85,15.85,15.85,400,0
2016-06-27,20:05:00,15.84,15.8799,15.83,15.8301,1040,0
2016-06-27,20:25:00,15.82,15.82,15.82,15.82,311,0
2016-06-27,20:30:00,15.79,15.815,15.79,15.815,600,0
2016-06-27,20:35:00,15.82,15.82,15.77,15.77,400,0
2016-06-27,20:40:00,15.76,15.77,15.74,15.77,1400,0
2016-06-27,20:45:00,15.76,15.76,15.71,15.73,900,0
2016-06-27,20:50:00,15.7,15.7,15.66,15.685,300,0
2016-06-27,20:55:00,15.66,15.69,15.65,15.65,5942,0
2016-06-27,21:00:00,15.6,15.65,15.6,15.65,1100,0
2016-06-27,21:05:00,15.66,15.67,15.66,15.67,702,0
2016-06-27,21:15:00,15.665,15.69,15.665,15.69,400,0
2016-06-27,21:25:00,15.72,15.73,15.65,15.65,2273,0
2016-06-27,21:30:00,15.69,15.7,15.67,15.67,400,0
2016-06-27,21:35:00,15.67,15.69,15.67,15.69,767,0
2016-06-27,21:40:00,15.705,15.73,15.705,15.73,600,0
2016-06-27,21:45:00,15.76,15.78,15.74,15.74,2000,0
2016-06-27,21:50:00,15.74,15.84,15.74,15.84,1000,0
2016-06-27,21:55:00,15.82,15.82,15.76,15.78,4973,0
2016-06-27,22:00:00,15.8,15.8,15.75,15.75,23173,0
2016-06-28,15:35:00,15.95,16.01,15.95,16,2089,0
2016-06-28,15:40:00,15.6501,15.9799,15.6501,15.9799,1280,0
2016-06-28,15:45:00,15.98,15.98,15.96,15.96,200,0
2016-06-28,15:50:00,16.07,16.07,16.07,16.07,100,0
2016-06-28,15:55:00,16.19,16.19,16.19,16.19,200,0
2016-06-28,16:00:00,16.2,16.2,16.16,16.2,400,0
2016-06-28,16:05:00,16.02,16.047,16.02,16.04,2000,0
2016-06-28,16:10:00,16.05,16.05,16.05,16.05,300,0
2016-06-28,16:15:00,16.05,16.05,16.05,16.05,100,0
2016-06-28,16:20:00,16.07,16.07,16.07,16.07,114,0
2016-06-28,16:25:00,16.07,16.12,16.07,16.12,500,0
2016-06-28,16:30:00,16.07,16.07,16,16.04,1300,0
2016-06-28,16:35:00,16,16.1,15.93,16.1,6600,0
2016-06-28,16:45:00,16.03,16.06,16.03,16.06,200,0
2016-06-28,16:50:00,16.07,16.11,16.07,16.11,400,0
2016-06-28,16:55:00,16.12,16.17,16.12,16.17,300,0
2016-06-28,17:00:00,16.15,16.15,16.15,16.15,600,0
2016-06-28,17:05:00,16.14,16.14,16.02,16.02,900,0
2016-06-28,17:10:00,16.0201,16.03,16,16,500,0
2016-06-28,17:15:00,16,16,16,16,300,0
2016-06-28,17:20:00,15.97,15.97,15.97,15.97,100,0
2016-06-28,17:30:00,16,16,15.94,15.96,600,0
2016-06-28,17:50:00,15.94,16,15.94,16,2300,0
2016-06-28,17:55:00,16,16.01,16,16.01,300,0
2016-06-28,18:00:00,16.05,16.05,16.02,16.02,800,0
2016-06-28,18:05:00,16,16,15.95,15.95,300,0
2016-06-28,18:10:00,15.99,16,15.99,16,600,0
2016-06-28,18:15:00,16.03,16.03,16.01,16.01,600,0
2016-06-28,18:20:00,16.02,16.02,16.02,16.02,100,0
2016-06-28,18:25:00,16.02,16.0201,16.02,16.0201,600,0
2016-06-28,18:30:00,16.02,16.0201,15.98,16.02,1804,0
2016-06-28,18:40:00,16.03,16.08,16.03,16.06,700,0
2016-06-28,18:45:00,16.08,16.08,16.08,16.08,100,0
2016-06-28,18:50:00,16.0201,16.0201,16.0101,16.02,900,0
2016-06-28,18:55:00,16.03,16.03,16.03,16.03,100,0
2016-06-28,19:00:00,16.03,16.0432,16.03,16.0432,200,0
2016-06-28,19:05:00,16.04,16.04,16.04,16.04,300,0
2016-06-28,19:10:00,16.0401,16.0401,16,16,600,0
2016-06-28,19:15:00,16.01,16.01,16.01,16.01,400,0
2016-06-28,19:20:00,16.02,16.02,15.97,15.98,730,0
2016-06-28,19:25:00,15.98,16,15.98,16,400,0
2016-06-28,19:30:00,16,16,15.95,16,300,0
2016-06-28,19:35:00,16,16.03,16,16,400,0
2016-06-28,19:45:00,16,16,16,16,1000,0
2016-06-28,19:50:00,15.98,15.98,15.94,15.94,300,0
2016-06-28,20:00:00,16,16,16,16,100,0
2016-06-28,20:10:00,15.94,15.94,15.94,15.94,200,0
2016-06-28,20:15:00,15.94,15.94,15.89,15.89,400,0
2016-06-28,20:20:00,15.88,15.88,15.88,15.88,100,0
2016-06-28,20:35:00,15.93,15.94,15.93,15.94,400,0
2016-06-28,20:40:00,15.96,15.9999,15.96,15.9999,500,0
2016-06-28,20:45:00,16,16,15.97,15.97,200,0
2016-06-28,21:00:00,15.99,15.99,15.96,15.97,2200,0
2016-06-28,21:05:00,15.965,15.965,15.96,15.96,500,0
2016-06-28,21:15:00,15.955,15.96,15.955,15.96,400,0
2016-06-28,21:20:00,15.95,15.95,15.93,15.93,400,0
2016-06-28,21:25:00,15.92,15.92,15.92,15.92,100,0
2016-06-28,21:30:00,15.85,15.85,15.79,15.82,1500,0
2016-06-28,21:35:00,15.82,15.84,15.805,15.84,1900,0
2016-06-28,21:40:00,15.84,15.85,15.84,15.84,700,0
2016-06-28,21:45:00,15.8401,15.86,15.8401,15.86,283,0
2016-06-28,21:50:00,15.84,15.86,15.84,15.86,1199,0
2016-06-28,21:55:00,15.86,15.92,15.85,15.87,2700,0
2016-06-28,22:00:00,15.87,15.9,15.82,15.84,4991,0
2016-06-29,15:35:00,15.97,15.97,15.97,15.97,750,0
2016-06-29,15:40:00,15.86,15.87,15.86,15.87,200,0
2016-06-29,16:00:00,15.9,15.91,15.9,15.91,600,0
2016-06-29,16:05:00,15.82,15.82,15.82,15.82,200,0
2016-06-29,16:10:00,15.78,15.83,15.73,15.82,3430,0
2016-06-29,16:15:00,15.83,15.87,15.81,15.81,2800,0
2016-06-29,16:20:00,15.8,15.8,15.78,15.78,200,0
2016-06-29,16:25:00,15.8099,15.8099,15.8099,15.8099,900,0
2016-06-29,16:30:00,15.79,15.79,15.71,15.71,1989,0
2016-06-29,16:35:00,15.71,15.74,15.71,15.74,600,0
2016-06-29,16:40:00,15.71,15.71,15.69,15.69,300,0
2016-06-29,16:45:00,15.66,15.71,15.65,15.71,600,0
2016-06-29,16:55:00,15.73,15.74,15.72,15.72,400,0
2016-06-29,17:00:00,15.71,15.71,15.69,15.69,1539,0
2016-06-29,17:05:00,15.71,15.71,15.71,15.71,300,0
2016-06-29,17:15:00,15.69,15.75,15.69,15.75,3119,0
2016-06-29,17:20:00,15.75,15.75,15.73,15.73,200,0
2016-06-29,17:25:00,15.72,15.7299,15.71,15.71,2100,0
2016-06-29,17:30:00,15.72,15.73,15.72,15.72,400,0
2016-06-29,17:35:00,15.7101,15.7101,15.7099,15.7099,960,0
2016-06-29,17:40:00,15.73,15.75,15.73,15.75,700,0
2016-06-29,17:55:00,15.75,15.76,15.73,15.74,900,0
2016-06-29,18:05:00,15.79,15.79,15.7501,15.7501,300,0
2016-06-29,18:15:00,15.76,15.76,15.75,15.75,700,0
2016-06-29,18:20:00,15.75,15.75,15.7401,15.7401,200,0
2016-06-29,18:30:00,15.7401,15.7401,15.7401,15.7401,200,0
2016-06-29,18:35:00,15.76,15.76,15.76,15.76,400,0
2016-06-29,18:40:00,15.76,15.78,15.76,15.78,300,0
2016-06-29,18:45:00,15.775,15.79,15.74,15.79,1900,0
2016-06-29,18:50:00,15.78,15.78,15.76,15.76,700,0
2016-06-29,18:55:00,15.8,15.8,15.8,15.8,100,0
2016-06-29,19:00:00,15.77,15.77,15.76,15.77,700,0
2016-06-29,19:05:00,15.7501,15.7501,15.7501,15.7501,200,0
2016-06-29,19:10:00,15.76,15.76,15.74,15.74,900,0
2016-06-29,19:15:00,15.74,15.75,15.74,15.75,1000,0
2016-06-29,19:20:00,15.7501,15.7501,15.7501,15.7501,200,0
2016-06-29,19:25:00,15.7501,15.7501,15.7501,15.7501,200,0
2016-06-29,19:30:00,15.755,15.7799,15.75,15.76,1094,0
2016-06-29,19:35:00,15.75,15.77,15.75,15.77,600,0
2016-06-29,19:40:00,15.76,15.8,15.76,15.8,800,0
2016-06-29,19:45:00,15.78,15.7801,15.77,15.77,800,0
2016-06-29,19:50:00,15.77,15.77,15.76,15.77,1056,0
2016-06-29,19:55:00,15.7701,15.7701,15.77,15.77,500,0
2016-06-29,20:00:00,15.78,15.8,15.77,15.795,1694,0
2016-06-29,20:05:00,15.795,15.795,15.79,15.7901,889,0
2016-06-29,20:10:00,15.7901,15.8,15.79,15.8,4563,0
2016-06-29,20:15:00,15.79,15.81,15.76,15.7772,5993,0
2016-06-29,20:20:00,15.77,15.8,15.77,15.8,700,0
2016-06-29,20:25:00,15.78,15.78,15.74,15.75,1100,0
2016-06-29,20:30:00,15.7401,15.75,15.74,15.74,700,0
2016-06-29,20:35:00,15.75,15.75,15.7299,15.73,1095,0
2016-06-29,20:40:00,15.72,15.75,15.71,15.71,1300,0
2016-06-29,20:45:00,15.71,15.71,15.7,15.71,900,0
2016-06-29,20:50:00,15.73,15.73,15.69,15.69,3209,0
2016-06-29,20:55:00,15.66,15.66,15.6,15.61,1700,0
2016-06-29,21:00:00,15.61,15.61,15.58,15.6,1680,0
2016-06-29,21:05:00,15.63,15.63,15.6,15.62,900,0
2016-06-29,21:10:00,15.61,15.65,15.6001,15.6301,1400,0
2016-06-29,21:15:00,15.6401,15.6601,15.6401,15.6601,1125,0
2016-06-29,21:20:00,15.675,15.68,15.6001,15.62,3480,0
2016-06-29,21:25:00,15.6201,15.63,15.61,15.61,1300,0
2016-06-29,21:30:00,15.59,15.59,15.58,15.5801,1900,0
2016-06-29,21:35:00,15.59,15.59,15.525,15.57,4821,0
2016-06-29,21:40:00,15.57,15.62,15.565,15.57,4300,0
2016-06-29,21:45:00,15.57,15.57,15.52,15.53,3100,0
2016-06-29,21:50:00,15.535,15.55,15.5,15.5,4100,0
2016-06-29,21:55:00,15.51,15.54,15.51,15.53,7139,0
2016-06-29,22:00:00,15.535,15.6,15.53,15.58,18793,0
2016-06-30,15:35:00,15.56,15.56,15.56,15.56,635,0
2016-06-30,15:40:00,15.4292,15.4292,15.4292,15.4292,1960,0
2016-06-30,15:45:00,15.33,15.33,15.33,15.33,300,0
2016-06-30,15:50:00,15.64,15.64,15.64,15.64,100,0
2016-06-30,15:55:00,15.62,15.62,15.62,15.62,200,0
2016-06-30,16:00:00,15.53,15.53,15.46,15.46,1300,0
2016-06-30,16:05:00,15.5,15.5,15.46,15.46,325,0
2016-06-30,16:15:00,15.4718,15.525,15.465,15.525,1119,0
2016-06-30,16:20:00,15.52,15.57,15.52,15.57,1918,0
2016-06-30,16:25:00,15.55,15.55,15.55,15.55,300,0
2016-06-30,16:30:00,15.52,15.53,15.52,15.53,500,0
2016-06-30,16:35:00,15.55,15.57,15.55,15.56,600,0
2016-06-30,16:40:00,15.55,15.56,15.55,15.55,500,0
2016-06-30,16:45:00,15.55,15.555,15.54,15.54,900,0
2016-06-30,16:50:00,15.54,15.55,15.54,15.55,500,0
2016-06-30,16:55:00,15.57,15.57,15.57,15.57,200,0
2016-06-30,17:00:00,15.61,15.62,15.61,15.62,600,0
2016-06-30,17:05:00,15.67,15.67,15.6403,15.6403,200,0
2016-06-30,17:10:00,15.65,15.67,15.65,15.67,600,0
2016-06-30,17:15:00,15.67,15.68,15.65,15.68,900,0
2016-06-30,17:20:00,15.65,15.65,15.64,15.64,300,0
2016-06-30,17:25:00,15.64,15.64,15.64,15.64,500,0
2016-06-30,17:30:00,15.69,15.69,15.69,15.69,300,0
2016-06-30,17:35:00,15.69,15.69,15.69,15.69,200,0
2016-06-30,17:40:00,15.7,15.7,15.7,15.7,200,0
2016-06-30,17:50:00,15.72,15.75,15.72,15.75,600,0
2016-06-30,17:55:00,15.79,15.79,15.79,15.79,100,0
2016-06-30,18:00:00,15.79,15.83,15.785,15.83,600,0
2016-06-30,18:10:00,15.81,15.81,15.76,15.81,1200,0
2016-06-30,18:15:00,15.81,15.83,15.81,15.83,400,0
2016-06-30,18:20:00,15.89,15.89,15.89,15.89,100,0
2016-06-30,18:25:00,15.94,15.95,15.94,15.95,200,0
2016-06-30,18:30:00,15.92,15.95,15.92,15.95,400,0
2016-06-30,18:40:00,15.94,15.94,15.92,15.92,300,0
2016-06-30,18:45:00,15.89,15.89,15.89,15.89,100,0
2016-06-30,18:50:00,15.9,15.9,15.9,15.9,100,0
2016-06-30,18:55:00,15.92,15.93,15.915,15.93,900,0
2016-06-30,19:00:00,15.93,15.93,15.93,15.93,200,0
2016-06-30,19:05:00,15.93,15.93,15.93,15.93,200,0
2016-06-30,19:10:00,15.96,15.96,15.95,15.95,400,0
2016-06-30,19:15:00,15.95,15.95,15.95,15.95,200,0
2016-06-30,19:20:00,15.93,15.94,15.87,15.87,500,0
2016-06-30,19:25:00,15.85,15.85,15.85,15.85,100,0
2016-06-30,19:30:00,15.88,15.9,15.88,15.9,600,0
2016-06-30,19:35:00,15.9,15.9,15.88,15.9,600,0
2016-06-30,19:40:00,15.91,15.92,15.91,15.92,500,0
2016-06-30,19:50:00,15.96,15.9899,15.96,15.9899,500,0
2016-06-30,19:55:00,15.9892,15.99,15.98,15.99,500,0
2016-06-30,20:00:00,15.97,15.97,15.97,15.97,100,0
2016-06-30,20:05:00,15.98,15.98,15.97,15.97,200,0
2016-06-30,20:10:00,15.98,15.985,15.965,15.985,500,0
2016-06-30,20:15:00,16,16,16,16,100,0
2016-06-30,20:20:00,15.97,15.97,15.97,15.97,100,0
2016-06-30,20:25:00,16.01,16.01,16.01,16.01,300,0
2016-06-30,20:30:00,16,16.02,15.99,15.99,1000,0
2016-06-30,20:40:00,15.985,15.99,15.985,15.99,500,0
2016-06-30,20:45:00,16.005,16.005,16.001,16.001,900,0
2016-06-30,20:50:00,16.02,16.04,16.02,16.02,600,0
2016-06-30,20:55:00,16.09,16.12,16.06,16.12,300,0
2016-06-30,21:00:00,16.13,16.17,16.12,16.13,3499,0
2016-06-30,21:05:00,16.12,16.14,16.12,16.14,800,0
2016-06-30,21:10:00,16.15,16.17,16.15,16.17,400,0
2016-06-30,21:15:00,16.175,16.18,16.14,16.16,3600,0
2016-06-30,21:20:00,16.17,16.17,16.14,16.14,2000,0
2016-06-30,21:25:00,16.13,16.135,16.12,16.135,1400,0
2016-06-30,21:30:00,16.14,16.16,16.135,16.16,1700,0
2016-06-30,21:35:00,16.15,16.155,16.1101,16.1101,3482,0
2016-06-30,21:40:00,16.12,16.13,16.11,16.11,900,0
2016-06-30,21:45:00,16.13,16.19,16.13,16.19,2429,0
2016-06-30,21:50:00,16.17,16.2,16.155,16.2,2100,0
2016-06-30,21:55:00,16.24,16.33,16.2,16.31,11424,0
2016-06-30,22:00:00,16.31,16.4,16.29,16.38,35755,0
2016-07-01,15:35:00,16.33,16.53,16.33,16.44,913,0
2016-07-01,15:40:00,16.45,16.575,16.45,16.575,210,0
2016-07-01,15:45:00,16.47,16.47,16.25,16.25,500,0
2016-07-01,15:50:00,16.24,16.3,16.24,16.3,400,0
2016-07-01,16:00:00,16.31,16.31,16.31,16.31,143,0
2016-07-01,16:10:00,16.2702,16.3,16.26,16.3,864,0
2016-07-01,16:15:00,16.26,16.31,16.26,16.31,2100,0
2016-07-01,16:20:00,16.35,16.39,16.35,16.39,700,0
2016-07-01,16:30:00,16.39,16.41,16.39,16.41,200,0
2016-07-01,16:35:00,16.4,16.44,16.37,16.44,600,0
2016-07-01,16:40:00,16.44,16.49,16.44,16.4899,600,0
2016-07-01,16:45:00,16.46,16.46,16.46,16.46,1134,0
2016-07-01,16:50:00,16.51,16.51,16.51,16.51,300,0
2016-07-01,16:55:00,16.54,16.54,16.48,16.48,700,0
2016-07-01,17:10:00,16.52,16.53,16.52,16.53,500,0
2016-07-01,17:15:00,16.5,16.5,16.46,16.47,800,0
2016-07-01,17:20:00,16.47,16.47,16.44,16.44,2494,0
2016-07-01,17:35:00,16.4,16.4,16.4,16.4,200,0
2016-07-01,17:40:00,16.44,16.44,16.42,16.42,200,0
2016-07-01,17:45:00,16.41,16.425,16.41,16.42,1000,0
2016-07-01,17:50:00,16.44,16.44,16.44,16.44,300,0
2016-07-01,18:05:00,16.47,16.47,16.42,16.42,200,0
2016-07-01,18:10:00,16.42,16.445,16.42,16.445,200,0
2016-07-01,18:15:00,16.45,16.45,16.45,16.45,100,0
2016-07-01,18:25:00,16.43,16.43,16.43,16.43,500,0
2016-07-01,18:30:00,16.43,16.44,16.38,16.39,3700,0
2016-07-01,18:35:00,16.41,16.41,16.41,16.41,100,0
2016-07-01,18:40:00,16.36,16.37,16.36,16.36,600,0
2016-07-01,18:45:00,16.32,16.32,16.32,16.32,100,0
2016-07-01,18:50:00,16.33,16.33,16.31,16.31,1400,0
2016-07-01,19:00:00,16.3,16.3,16.3,16.3,100,0
2016-07-01,19:05:00,16.29,16.29,16.28,16.289,611,0
2016-07-01,19:10:00,16.27,16.285,16.25,16.25,500,0
2016-07-01,19:15:00,16.25,16.25,16.24,16.24,218,0
2016-07-01,19:20:00,16.235,16.235,16.235,16.235,200,0
2016-07-01,19:25:00,16.26,16.26,16.26,16.26,100,0
2016-07-01,19:35:00,16.25,16.25,16.23,16.23,500,0
2016-07-01,19:40:00,16.21,16.21,16.2,16.2,400,0
2016-07-01,19:45:00,16.18,16.18,16.18,16.18,100,0
2016-07-01,19:50:00,16.18,16.18,16.14,16.14,1400,0
2016-07-01,19:55:00,16.11,16.11,16.11,16.11,400,0
2016-07-01,20:00:00,16.12,16.15,16.12,16.15,200,0
2016-07-01,20:05:00,16.12,16.12,16.06,16.06,800,0
2016-07-01,20:10:00,16.026,16.08,16.02,16.08,2800,0
2016-07-01,20:15:00,16.04,16.06,16.04,16.04,300,0
2016-07-01,20:40:00,16.03,16.0448,16.03,16.0448,301,0
2016-07-01,20:45:00,16.03,16.05,15.99,15.99,4306,0
2016-07-01,20:50:00,16.01,16.01,16.01,16.01,100,0
2016-07-01,20:55:00,16.01,16.06,16.01,16.02,1458,0
2016-07-01,21:00:00,16.16,16.16,16.16,16.16,100,0
2016-07-01,21:05:00,16.145,16.17,16.12,16.12,1489,0
2016-07-01,21:10:00,16.13,16.16,16.13,16.16,200,0
2016-07-01,21:15:00,16.17,16.17,16.14,16.14,307,0
2016-07-01,21:20:00,16.16,16.18,16.15,16.165,400,0
2016-07-01,21:30:00,16.21,16.21,16.21,16.21,200,0
2016-07-01,21:35:00,16.22,16.22,16.17,16.17,600,0
2016-07-01,21:40:00,16.2,16.23,16.1108,16.12,3500,0
2016-07-01,21:45:00,16.11,16.25,16.11,16.25,3000,0
2016-07-01,21:50:00,16.25,16.29,16.21,16.21,2305,0
2016-07-01,21:55:00,16.25,16.27,16.23,16.23,1600,0
2016-07-01,22:00:00,16.24,16.25,16.21,16.23,8205,0
