Date,Time,Open,High,Low,Close,Volume,OpenInt
2016-05-03,15:35:00,1.55,1.55,1.55,1.55,340,0
2016-05-03,16:00:00,1.5999,1.5999,1.5999,1.5999,105,0
2016-05-03,16:50:00,1.56,1.59,1.56,1.5601,2100,0
2016-05-03,16:55:00,1.59,1.59,1.56,1.56,2100,0
2016-05-03,17:05:00,1.55,1.55,1.55,1.55,116,0
2016-05-03,17:45:00,1.5899,1.59,1.5899,1.59,285,0
2016-05-03,19:05:00,1.5677,1.5677,1.56,1.56,380,0
2016-05-03,19:15:00,1.59,1.59,1.59,1.59,100,0
2016-05-03,19:25:00,1.575,1.575,1.5701,1.5701,200,0
2016-05-03,19:30:00,1.56,1.59,1.56,1.59,400,0
2016-05-03,19:50:00,1.563,1.563,1.563,1.563,300,0
2016-05-03,20:40:00,1.57,1.574,1.56,1.574,1825,0
2016-05-03,21:05:00,1.59,1.59,1.59,1.59,200,0
2016-05-03,22:00:00,1.57,1.57,1.56,1.57,547,0
2016-05-04,15:35:00,1.59,1.59,1.59,1.59,250,0
2016-05-04,16:30:00,1.59,1.59,1.59,1.59,100,0
2016-05-04,17:20:00,1.59,1.59,1.59,1.59,100,0
2016-05-04,17:30:00,1.56,1.58,1.55,1.56,2461,0
2016-05-04,18:25:00,1.58,1.58,1.58,1.58,100,0
2016-05-04,18:55:00,1.57,1.57,1.57,1.57,100,0
2016-05-04,19:00:00,1.5716,1.5716,1.5716,1.5716,100,0
2016-05-04,20:05:00,1.6,1.61,1.6,1.61,15056,0
2016-05-04,20:15:00,1.62,1.62,1.62,1.62,600,0
2016-05-04,20:45:00,1.62,1.62,1.62,1.62,200,0
2016-05-04,21:10:00,1.6193,1.6193,1.6193,1.6193,1250,0
2016-05-04,21:35:00,1.62,1.62,1.62,1.62,100,0
2016-05-04,22:00:00,1.6,1.61,1.6,1.61,593,0
2016-05-05,15:35:00,1.63,1.63,1.63,1.63,308,0
2016-05-05,15:50:00,1.61,1.61,1.55,1.55,6050,0
2016-05-05,17:40:00,1.5733,1.5733,1.5733,1.5733,400,0
2016-05-05,17:45:00,1.56,1.56,1.55,1.55,2210,0
2016-05-05,17:55:00,1.558,1.558,1.558,1.558,1000,0
2016-05-05,18:45:00,1.564,1.59,1.564,1.59,317,0
2016-05-05,19:30:00,1.5859,1.5859,1.5859,1.5859,250,0
2016-05-05,19:35:00,1.59,1.59,1.59,1.59,100,0
2016-05-05,21:45:00,1.585,1.6,1.5707,1.6,300,0
2016-05-05,22:00:00,1.58,1.58,1.5701,1.571,855,0
2016-05-06,15:35:00,1.55,1.55,1.55,1.55,670,0
2016-05-06,18:55:00,1.5701,1.6,1.5701,1.59,2200,0
2016-05-06,20:40:00,1.57,1.59,1.55,1.58,6200,0
2016-05-06,21:15:00,1.58,1.58,1.58,1.58,100,0
2016-05-06,22:00:00,1.56,1.58,1.56,1.58,200,0
2016-05-09,15:55:00,1.5899,1.5899,1.5899,1.5899,500,0
2016-05-09,21:45:00,1.55,1.55,1.55,1.55,200,0
2016-05-09,21:50:00,1.52,1.52,1.51,1.51,2230,0
2016-05-09,22:00:00,1.58,1.58,1.58,1.58,100,0
2016-05-10,15:40:00,1.5109,1.5109,1.5109,1.5109,3300,0
2016-05-10,15:50:00,1.57,1.57,1.57,1.57,100,0
2016-05-10,16:00:00,1.5315,1.536,1.531,1.536,2000,0
2016-05-10,16:05:00,1.56,1.56,1.56,1.56,2000,0
2016-05-10,17:05:00,1.5345,1.5345,1.5345,1.5345,328,0
2016-05-10,17:55:00,1.56,1.56,1.56,1.56,100,0
2016-05-10,18:40:00,1.55,1.55,1.55,1.55,100,0
2016-05-10,19:10:00,1.545,1.545,1.545,1.545,500,0
2016-05-10,19:15:00,1.52,1.52,1.52,1.52,1300,0
2016-05-10,19:20:00,1.55,1.55,1.55,1.55,100,0
2016-05-10,19:25:00,1.51,1.53,1.51,1.53,2440,0
2016-05-10,20:00:00,1.52,1.53,1.51,1.51,4475,0
2016-05-10,20:10:00,1.52,1.52,1.52,1.52,100,0
2016-05-10,20:25:00,1.54,1.54,1.54,1.54,100,0
2016-05-10,21:00:00,1.51,1.51,1.51,1.51,660,0
2016-05-10,21:10:00,1.52,1.54,1.51,1.51,2300,0
2016-05-10,21:40:00,1.55,1.55,1.51,1.51,350,0
2016-05-10,21:45:00,1.54,1.54,1.5128,1.5128,600,0
2016-05-10,22:00:00,1.51,1.55,1.5,1.5,12600,0
2016-05-11,15:35:00,1.5,1.5,1.5,1.5,1451,0
2016-05-11,15:45:00,1.48,1.48,1.48,1.48,900,0
2016-05-11,16:05:00,1.48,1.48,1.48,1.48,100,0
2016-05-11,16:15:00,1.493,1.493,1.493,1.493,213,0
2016-05-11,17:10:00,1.48,1.49,1.48,1.48,703,0
2016-05-11,17:45:00,1.48,1.48,1.47,1.47,725,0
2016-05-11,17:55:00,1.48,1.48,1.48,1.48,100,0
2016-05-11,18:05:00,1.47,1.47,1.47,1.47,1500,0
2016-05-11,18:15:00,1.48,1.48,1.47,1.47,1300,0
2016-05-11,18:20:00,1.47,1.47,1.47,1.47,200,0
2016-05-11,21:10:00,1.4774,1.48,1.47,1.47,2300,0
2016-05-11,21:25:00,1.47,1.47,1.45,1.45,3474,0
2016-05-11,21:30:00,1.47,1.47,1.47,1.47,100,0
2016-05-11,21:45:00,1.47,1.47,1.46,1.46,828,0
2016-05-11,22:00:00,1.45,1.47,1.45,1.45,1228,0
2016-05-12,15:35:00,1.44,1.44,1.44,1.44,350,0
2016-05-12,15:45:00,1.4815,1.4815,1.45,1.45,300,0
2016-05-12,16:20:00,1.5,1.5,1.5,1.5,100,0
2016-05-12,17:10:00,1.4501,1.4501,1.45,1.45,266,0
2016-05-12,17:50:00,1.49,1.49,1.49,1.49,100,0
2016-05-12,17:55:00,1.4676,1.48,1.4676,1.48,1050,0
2016-05-12,18:40:00,1.4632,1.4632,1.4632,1.4632,181,0
2016-05-12,18:45:00,1.46,1.46,1.46,1.46,200,0
2016-05-12,19:40:00,1.48,1.48,1.48,1.48,100,0
2016-05-12,20:00:00,1.48,1.49,1.46,1.46,2500,0
2016-05-12,20:05:00,1.47,1.47,1.47,1.47,100,0
2016-05-12,21:15:00,1.462,1.462,1.462,1.462,750,0
2016-05-12,21:40:00,1.464,1.48,1.46,1.46,1405,0
2016-05-12,21:55:00,1.45,1.45,1.45,1.45,600,0
2016-05-12,22:00:00,1.45,1.45,1.45,1.45,100,0
2016-05-13,15:40:00,1.45,1.45,0.92,0.92,58617,0
2016-05-13,15:45:00,1.218,1.218,1.218,1.218,1000,0
2016-05-13,15:50:00,1.15,1.2299,1.15,1.17,2600,0
2016-05-13,15:55:00,1.16,1.19,1.16,1.18,4801,0
2016-05-13,16:00:00,1.18,1.1899,1.18,1.1875,3345,0
2016-05-13,16:05:00,1.19,1.25,1.19,1.25,3749,0
2016-05-13,16:10:00,1.2201,1.27,1.2201,1.24,7500,0
2016-05-13,16:15:00,1.26,1.26,1.26,1.26,100,0
2016-05-13,16:25:00,1.295,1.295,1.295,1.295,100,0
2016-05-13,16:30:00,1.36,1.36,1.3293,1.3293,450,0
2016-05-13,16:35:00,1.3,1.34,1.3,1.34,9451,0
2016-05-13,16:40:00,1.34,1.35,1.3301,1.35,2400,0
2016-05-13,16:50:00,1.35,1.35,1.35,1.35,100,0
2016-05-13,17:05:00,1.35,1.35,1.34,1.34,500,0
2016-05-13,17:10:00,1.34,1.34,1.33,1.33,1076,0
2016-05-13,17:15:00,1.31,1.31,1.31,1.31,100,0
2016-05-13,17:20:00,1.28,1.28,1.28,1.28,6200,0
2016-05-13,17:40:00,1.2699,1.2699,1.2699,1.2699,106,0
2016-05-13,18:25:00,1.2574,1.27,1.25,1.26,2900,0
2016-05-13,18:30:00,1.25,1.25,1.25,1.25,100,0
2016-05-13,18:35:00,1.262,1.31,1.2545,1.2545,8200,0
2016-05-13,18:40:00,1.2535,1.2535,1.2535,1.2535,250,0
2016-05-13,18:50:00,1.2502,1.2502,1.2502,1.2502,300,0
2016-05-13,18:55:00,1.26,1.26,1.26,1.26,100,0
2016-05-13,19:05:00,1.25,1.25,1.25,1.25,114,0
2016-05-13,19:15:00,1.26,1.26,1.26,1.26,100,0
2016-05-13,19:45:00,1.2599,1.26,1.25,1.26,7186,0
2016-05-13,20:20:00,1.275,1.2999,1.2701,1.2999,2890,0
2016-05-13,20:40:00,1.28,1.28,1.28,1.28,100,0
2016-05-13,20:45:00,1.27,1.27,1.27,1.27,200,0
2016-05-13,20:55:00,1.27,1.27,1.27,1.27,4000,0
2016-05-13,21:05:00,1.26,1.26,1.195,1.2,13102,0
2016-05-13,21:15:00,1.2,1.2,1.19,1.19,1700,0
2016-05-13,21:25:00,1.24,1.24,1.24,1.24,100,0
2016-05-13,21:30:00,1.24,1.24,1.24,1.24,100,0
2016-05-13,21:35:00,1.24,1.24,1.21,1.221,2200,0
2016-05-13,21:40:00,1.21,1.21,1.14,1.15,4982,0
2016-05-13,21:45:00,1.15,1.24,1.15,1.24,3186,0
2016-05-13,21:50:00,1.21,1.31,1.2068,1.3,11200,0
2016-05-13,21:55:00,1.25,1.25,1.22,1.25,5200,0
2016-05-13,22:00:00,1.25,1.3,1.23,1.23,1717,0
2016-05-16,15:35:00,1.27,1.27,1.26,1.26,351,0
2016-05-16,15:40:00,1.28,1.3,1.28,1.2999,1200,0
2016-05-16,15:50:00,1.3,1.3,1.3,1.3,200,0
2016-05-16,16:05:00,1.3,1.3,1.3,1.3,100,0
2016-05-16,16:35:00,1.3,1.3,1.3,1.3,100,0
2016-05-16,16:40:00,1.2707,1.3,1.2707,1.3,1200,0
2016-05-16,16:55:00,1.3,1.365,1.29,1.34,2400,0
2016-05-16,17:00:00,1.3699,1.3699,1.25,1.25,2100,0
2016-05-16,17:05:00,1.28,1.28,1.28,1.28,100,0
2016-05-16,17:15:00,1.28,1.3,1.2712,1.3,500,0
2016-05-16,17:20:00,1.276,1.276,1.276,1.276,200,0
2016-05-16,17:45:00,1.3,1.3,1.271,1.3,1900,0
2016-05-16,17:50:00,1.3,1.3,1.3,1.3,1000,0
2016-05-16,18:00:00,1.3,1.3,1.3,1.3,700,0
2016-05-16,18:20:00,1.3,1.3,1.3,1.3,500,0
2016-05-16,18:25:00,1.3,1.3,1.3,1.3,200,0
2016-05-16,18:35:00,1.3,1.3,1.3,1.3,100,0
2016-05-16,19:00:00,1.3,1.3,1.3,1.3,100,0
2016-05-16,19:10:00,1.3,1.3,1.3,1.3,200,0
2016-05-16,19:25:00,1.2941,1.2941,1.2941,1.2941,351,0
2016-05-16,20:00:00,1.3,1.3,1.3,1.3,100,0
2016-05-16,20:05:00,1.3,1.3355,1.3,1.3355,1200,0
2016-05-16,20:10:00,1.3,1.3,1.3,1.3,100,0
2016-05-16,20:15:00,1.2801,1.2801,1.28,1.28,2000,0
2016-05-16,20:20:00,1.29,1.29,1.265,1.265,2443,0
2016-05-16,20:40:00,1.2633,1.27,1.2633,1.265,2300,0
2016-05-16,21:05:00,1.27,1.27,1.27,1.27,500,0
2016-05-16,21:30:00,1.27,1.27,1.27,1.27,200,0
2016-05-16,21:40:00,1.27,1.27,1.27,1.27,100,0
2016-05-16,21:45:00,1.262,1.35,1.262,1.35,6400,0
2016-05-16,21:50:00,1.35,1.35,1.35,1.35,361,0
2016-05-16,21:55:00,1.36,1.36,1.36,1.36,100,0
2016-05-16,22:00:00,1.32,1.32,1.31,1.31,200,0
2016-05-17,15:35:00,1.3002,1.3002,1.3002,1.3002,100,0
2016-05-17,15:40:00,1.31,1.31,1.31,1.31,100,0
2016-05-17,15:55:00,1.33,1.33,1.31,1.31,300,0
2016-05-17,16:00:00,1.32,1.32,1.32,1.32,400,0
2016-05-17,16:15:00,1.325,1.325,1.325,1.325,100,0
2016-05-17,16:25:00,1.325,1.33,1.325,1.33,200,0
2016-05-17,16:30:00,1.4,1.4,1.39,1.3975,6700,0
2016-05-17,16:35:00,1.4001,1.405,1.36,1.36,1150,0
2016-05-17,16:40:00,1.35,1.355,1.35,1.355,400,0
2016-05-17,16:45:00,1.36,1.36,1.36,1.36,100,0
2016-05-17,16:50:00,1.36,1.36,1.36,1.36,100,0
2016-05-17,17:05:00,1.385,1.385,1.385,1.385,500,0
2016-05-17,17:10:00,1.405,1.405,1.405,1.405,100,0
2016-05-17,17:15:00,1.4474,1.4474,1.4474,1.4474,1000,0
2016-05-17,17:20:00,1.375,1.39,1.36,1.36,700,0
2016-05-17,17:25:00,1.379,1.46,1.37,1.46,2900,0
2016-05-17,17:30:00,1.415,1.415,1.37,1.38,700,0
2016-05-17,18:05:00,1.47,1.47,1.47,1.47,100,0
2016-05-17,18:10:00,1.45,1.45,1.41,1.41,1100,0
2016-05-17,18:35:00,1.47,1.47,1.4391,1.4391,1100,0
2016-05-17,18:45:00,1.4599,1.46,1.4599,1.46,200,0
2016-05-17,18:50:00,1.45,1.46,1.43,1.44,600,0
2016-05-17,19:35:00,1.46,1.47,1.44,1.44,800,0
2016-05-17,19:45:00,1.47,1.47,1.47,1.47,100,0
2016-05-17,20:00:00,1.47,1.47,1.425,1.425,1426,0
2016-05-17,20:05:00,1.43,1.43,1.43,1.43,100,0
2016-05-17,20:20:00,1.47,1.5,1.47,1.48,1760,0
2016-05-17,20:25:00,1.44,1.44,1.44,1.44,200,0
2016-05-17,20:30:00,1.48,1.48,1.48,1.48,100,0
2016-05-17,20:45:00,1.48,1.54,1.48,1.48,995,0
2016-05-17,20:50:00,1.52,1.52,1.46,1.46,336,0
2016-05-17,21:10:00,1.52,1.52,1.46,1.46,1100,0
2016-05-17,21:20:00,1.52,1.52,1.48,1.48,990,0
2016-05-17,21:35:00,1.49,1.49,1.46,1.46,1100,0
2016-05-17,21:40:00,1.47,1.47,1.45,1.45,500,0
2016-05-17,21:45:00,1.47,1.47,1.47,1.47,1001,0
2016-05-17,21:50:00,1.45,1.49,1.45,1.49,200,0
2016-05-17,22:00:00,1.47,1.49,1.47,1.49,1700,0
2016-05-18,15:35:00,1.41,1.41,1.4,1.4,542,0
2016-05-18,15:40:00,1.42,1.42,1.39,1.39,2300,0
2016-05-18,16:05:00,1.43,1.44,1.43,1.44,600,0
2016-05-18,16:10:00,1.45,1.45,1.39,1.39,300,0
2016-05-18,16:40:00,1.4115,1.4115,1.4115,1.4115,500,0
2016-05-18,16:45:00,1.39,1.39,1.39,1.39,100,0
2016-05-18,17:15:00,1.4,1.43,1.4,1.43,1224,0
2016-05-18,17:30:00,1.45,1.45,1.45,1.45,100,0
2016-05-18,17:50:00,1.4,1.4,1.4,1.4,100,0
2016-05-18,19:40:00,1.45,1.5,1.42,1.42,4676,0
2016-05-18,19:45:00,1.43,1.44,1.43,1.43,360,0
2016-05-18,19:55:00,1.42,1.44,1.42,1.43,2400,0
2016-05-18,20:00:00,1.42,1.42,1.42,1.42,100,0
2016-05-18,21:20:00,1.4699,1.4699,1.4699,1.4699,150,0
2016-05-18,21:30:00,1.47,1.47,1.47,1.47,200,0
2016-05-18,21:50:00,1.47,1.47,1.42,1.42,680,0
2016-05-18,21:55:00,1.4201,1.4201,1.4201,1.4201,100,0
2016-05-18,22:00:00,1.5,1.5,1.42,1.42,1416,0
2016-05-19,15:35:00,1.4,1.4,1.38,1.38,250,0
2016-05-19,16:40:00,1.3801,1.391,1.38,1.38,925,0
2016-05-19,17:05:00,1.4,1.4,1.4,1.4,100,0
2016-05-19,19:05:00,1.381,1.396,1.36,1.396,5100,0
2016-05-19,19:10:00,1.36,1.4,1.36,1.38,1700,0
2016-05-19,19:15:00,1.37,1.37,1.37,1.37,100,0
2016-05-19,20:10:00,1.4,1.4,1.4,1.4,100,0
2016-05-19,20:20:00,1.4,1.4,1.4,1.4,100,0
2016-05-19,21:00:00,1.42,1.42,1.42,1.42,100,0
2016-05-19,21:35:00,1.42,1.42,1.38,1.38,300,0
2016-05-19,21:55:00,1.39,1.39,1.39,1.39,100,0
2016-05-19,22:00:00,1.39,1.42,1.39,1.42,300,0
2016-05-20,15:35:00,1.46,1.46,1.45,1.45,849,0
2016-05-20,15:40:00,1.46,1.46,1.46,1.46,1800,0
2016-05-20,15:50:00,1.4663,1.48,1.46,1.46,2000,0
2016-05-20,15:55:00,1.46,1.48,1.46,1.46,2500,0
2016-05-20,16:00:00,1.46,1.46,1.46,1.46,2800,0
2016-05-20,16:05:00,1.46,1.46,1.45,1.45,1018,0
2016-05-20,16:10:00,1.45,1.45,1.45,1.45,100,0
2016-05-20,16:20:00,1.45,1.45,1.42,1.42,600,0
2016-05-20,16:40:00,1.44,1.44,1.44,1.44,100,0
2016-05-20,16:50:00,1.43,1.43,1.43,1.43,100,0
2016-05-20,17:05:00,1.4398,1.4398,1.43,1.43,4700,0
2016-05-20,17:10:00,1.43,1.43,1.42,1.42,400,0
2016-05-20,17:15:00,1.41,1.41,1.39,1.39,400,0
2016-05-20,17:20:00,1.39,1.39,1.39,1.39,400,0
2016-05-20,17:25:00,1.39,1.39,1.37,1.376,683,0
2016-05-20,17:40:00,1.395,1.395,1.395,1.395,100,0
2016-05-20,17:55:00,1.4,1.4,1.38,1.38,300,0
2016-05-20,18:55:00,1.39,1.39,1.39,1.39,200,0
2016-05-20,19:00:00,1.405,1.405,1.38,1.4,400,0
2016-05-20,19:10:00,1.45,1.45,1.45,1.45,100,0
2016-05-20,19:30:00,1.44,1.44,1.42,1.42,500,0
2016-05-20,19:35:00,1.42,1.42,1.42,1.42,100,0
2016-05-20,19:45:00,1.42,1.42,1.42,1.42,200,0
2016-05-20,20:30:00,1.44,1.44,1.44,1.44,200,0
2016-05-20,20:45:00,1.44,1.45,1.43,1.43,1118,0
2016-05-20,20:50:00,1.44,1.44,1.44,1.44,100,0
2016-05-20,20:55:00,1.44,1.44,1.44,1.44,100,0
2016-05-20,21:00:00,1.44,1.44,1.43,1.43,550,0
2016-05-20,21:05:00,1.4,1.4015,1.4,1.4015,200,0
2016-05-20,21:15:00,1.4,1.4,1.4,1.4,100,0
2016-05-20,21:20:00,1.4,1.4,1.4,1.4,300,0
2016-05-20,21:35:00,1.4,1.4015,1.4,1.4,9400,0
2016-05-20,21:40:00,1.4,1.4,1.35,1.35,11499,0
2016-05-20,21:45:00,1.3516,1.3516,1.2916,1.2916,600,0
2016-05-20,21:50:00,1.3,1.3064,1.2744,1.2744,1438,0
2016-05-20,21:55:00,1.3112,1.35,1.3112,1.34,1100,0
2016-05-20,22:00:00,1.32,1.34,1.298,1.32,500,0
2016-05-23,15:35:00,1.3,1.3,1.3,1.3,924,0
2016-05-23,15:45:00,1.35,1.35,1.35,1.35,250,0
2016-05-23,15:55:00,1.38,1.38,1.38,1.38,100,0
2016-05-23,16:10:00,1.3501,1.3501,1.3501,1.3501,140,0
2016-05-23,16:35:00,1.4199,1.4199,1.35,1.35,575,0
2016-05-23,17:10:00,1.36,1.36,1.35,1.35,600,0
2016-05-23,18:05:00,1.37,1.39,1.35,1.38,4600,0
2016-05-23,18:15:00,1.39,1.39,1.39,1.39,200,0
2016-05-23,18:30:00,1.35,1.35,1.35,1.35,100,0
2016-05-23,19:10:00,1.3566,1.3566,1.35,1.35,1300,0
2016-05-23,19:35:00,1.35,1.35,1.35,1.35,100,0
2016-05-23,19:40:00,1.3501,1.3501,1.35,1.35,1550,0
2016-05-23,19:55:00,1.355,1.43,1.355,1.4299,4000,0
2016-05-23,20:10:00,1.4,1.4,1.4,1.4,100,0
2016-05-23,20:35:00,1.36,1.36,1.35,1.35,600,0
2016-05-23,21:15:00,1.35,1.35,1.35,1.35,100,0
2016-05-23,21:20:00,1.35,1.35,1.35,1.35,100,0
2016-05-23,21:30:00,1.38,1.38,1.36,1.36,500,0
2016-05-23,21:45:00,1.36,1.36,1.36,1.36,200,0
2016-05-23,21:55:00,1.375,1.375,1.375,1.375,100,0
2016-05-23,22:00:00,1.36,1.37,1.36,1.3699,720,0
2016-05-24,15:35:00,1.35,1.35,1.35,1.35,500,0
2016-05-24,16:00:00,1.3401,1.3401,1.34,1.34,350,0
2016-05-24,16:15:00,1.35,1.35,1.35,1.35,300,0
2016-05-24,16:20:00,1.4,1.4,1.39,1.4,1800,0
2016-05-24,16:25:00,1.37,1.3999,1.36,1.36,2600,0
2016-05-24,16:30:00,1.36,1.42,1.36,1.42,600,0
2016-05-24,17:25:00,1.39,1.39,1.39,1.39,100,0
2016-05-24,17:40:00,1.3902,1.3902,1.38,1.3836,1256,0
2016-05-24,17:45:00,1.38,1.38,1.38,1.38,100,0
2016-05-24,17:50:00,1.38,1.38,1.38,1.38,100,0
2016-05-24,18:05:00,1.38,1.38,1.38,1.38,100,0
2016-05-24,18:20:00,1.38,1.38,1.38,1.38,200,0
2016-05-24,18:40:00,1.36,1.36,1.36,1.36,100,0
2016-05-24,18:55:00,1.36,1.375,1.36,1.375,200,0
2016-05-24,19:25:00,1.36,1.36,1.36,1.36,100,0
2016-05-24,19:40:00,1.36,1.36,1.36,1.36,200,0
2016-05-24,19:50:00,1.36,1.36,1.36,1.36,100,0
2016-05-24,20:05:00,1.362,1.362,1.362,1.362,190,0
2016-05-24,20:10:00,1.35,1.38,1.35,1.35,500,0
2016-05-24,20:20:00,1.35,1.35,1.35,1.35,671,0
2016-05-24,20:30:00,1.35,1.36,1.35,1.36,200,0
2016-05-24,20:35:00,1.36,1.39,1.36,1.37,400,0
2016-05-24,20:50:00,1.3404,1.36,1.34,1.35,2325,0
2016-05-24,21:05:00,1.38,1.38,1.38,1.38,100,0
2016-05-24,21:20:00,1.37,1.37,1.37,1.37,200,0
2016-05-24,21:30:00,1.37,1.37,1.37,1.37,100,0
2016-05-24,21:35:00,1.365,1.365,1.365,1.365,100,0
2016-05-24,21:55:00,1.35,1.37,1.35,1.36,600,0
2016-05-24,22:00:00,1.4,1.4,1.35,1.38,2868,0
2016-05-25,16:00:00,1.3868,1.3868,1.3868,1.3868,160,0
2016-05-25,16:30:00,1.4,1.4,1.4,1.4,125,0
2016-05-25,19:55:00,1.3999,1.4,1.3999,1.4,2075,0
2016-05-25,20:00:00,1.41,1.45,1.41,1.41,600,0
2016-05-25,20:20:00,1.43,1.45,1.41,1.41,2340,0
2016-05-25,20:25:00,1.41,1.41,1.41,1.41,100,0
2016-05-25,20:45:00,1.45,1.45,1.42,1.42,2100,0
2016-05-25,20:50:00,1.42,1.42,1.42,1.42,200,0
2016-05-25,20:55:00,1.43,1.43,1.42,1.42,2480,0
2016-05-25,21:00:00,1.42,1.42,1.42,1.42,200,0
2016-05-25,21:35:00,1.4201,1.4201,1.42,1.42,600,0
2016-05-25,22:00:00,1.44,1.44,1.44,1.44,100,0
2016-05-26,15:35:00,1.44,1.44,1.35,1.35,325,0
2016-05-26,17:50:00,1.45,1.45,1.45,1.45,100,0
2016-05-26,18:10:00,1.45,1.45,1.39,1.39,550,0
2016-05-26,18:55:00,1.4481,1.45,1.4,1.42,3044,0
2016-05-26,19:00:00,1.42,1.42,1.42,1.42,100,0
2016-05-26,20:00:00,1.43,1.43,1.43,1.43,100,0
2016-05-26,20:05:00,1.424,1.424,1.424,1.424,100,0
2016-05-26,20:40:00,1.45,1.45,1.45,1.45,100,0
2016-05-26,20:55:00,1.45,1.45,1.45,1.45,100,0
2016-05-26,21:00:00,1.42,1.42,1.4,1.4,400,0
2016-05-26,21:25:00,1.41,1.41,1.38,1.41,2300,0
2016-05-26,21:50:00,1.43,1.43,1.41,1.41,200,0
2016-05-26,21:55:00,1.4,1.41,1.4,1.41,1000,0
2016-05-26,22:00:00,1.4101,1.42,1.41,1.42,1528,0
2016-05-27,17:05:00,1.42,1.42,1.42,1.42,1300,0
2016-05-27,17:10:00,1.41,1.41,1.41,1.41,200,0
2016-05-27,17:35:00,1.42,1.42,1.41,1.41,200,0
2016-05-27,19:25:00,1.42,1.42,1.41,1.41,4124,0
2016-05-27,19:30:00,1.41,1.41,1.41,1.41,200,0
2016-05-27,20:10:00,1.41,1.41,1.41,1.41,200,0
2016-05-27,20:20:00,1.42,1.42,1.415,1.415,200,0
2016-05-27,21:00:00,1.42,1.43,1.42,1.43,1400,0
2016-05-27,21:10:00,1.44,1.44,1.43,1.43,200,0
2016-05-27,21:55:00,1.44,1.44,1.44,1.44,100,0
2016-05-27,22:00:00,1.43,1.45,1.43,1.45,200,0
2016-05-31,15:35:00,1.43,1.43,1.43,1.43,400,0
2016-05-31,15:50:00,1.45,1.45,1.45,1.45,400,0
2016-05-31,16:55:00,1.45,1.45,1.44,1.44,200,0
2016-05-31,17:00:00,1.45,1.45,1.43,1.44,3480,0
2016-05-31,17:05:00,1.44,1.44,1.44,1.44,100,0
2016-05-31,17:10:00,1.45,1.45,1.44,1.44,400,0
2016-05-31,17:35:00,1.45,1.45,1.45,1.45,100,0
2016-05-31,17:40:00,1.45,1.45,1.45,1.45,100,0
2016-05-31,18:00:00,1.45,1.45,1.45,1.45,100,0
2016-05-31,18:05:00,1.45,1.45,1.45,1.45,100,0
2016-05-31,18:20:00,1.45,1.45,1.44,1.44,200,0
2016-05-31,18:40:00,1.45,1.45,1.45,1.45,100,0
2016-05-31,19:10:00,1.45,1.45,1.45,1.45,100,0
2016-05-31,19:15:00,1.44,1.44,1.43,1.43,2567,0
2016-05-31,19:20:00,1.43,1.43,1.43,1.43,100,0
2016-05-31,19:30:00,1.4301,1.44,1.43,1.43,2900,0
2016-05-31,19:55:00,1.44,1.44,1.43,1.43,200,0
2016-05-31,20:00:00,1.44,1.44,1.43,1.43,3500,0
2016-05-31,20:05:00,1.43,1.43,1.38,1.4,10965,0
2016-05-31,20:10:00,1.39,1.4,1.37,1.39,3700,0
2016-05-31,20:15:00,1.37,1.39,1.37,1.39,200,0
2016-05-31,20:25:00,1.4,1.41,1.4,1.41,600,0
2016-05-31,20:30:00,1.41,1.41,1.41,1.41,500,0
2016-05-31,20:40:00,1.4,1.4,1.4,1.4,800,0
2016-05-31,20:45:00,1.41,1.41,1.41,1.41,300,0
2016-05-31,20:50:00,1.38,1.41,1.38,1.41,1100,0
2016-05-31,20:55:00,1.416,1.416,1.4,1.41,3487,0
2016-05-31,21:00:00,1.42,1.43,1.42,1.43,600,0
2016-05-31,21:05:00,1.43,1.43,1.42,1.42,200,0
2016-05-31,21:10:00,1.43,1.43,1.43,1.43,300,0
2016-05-31,21:15:00,1.43,1.44,1.42,1.43,1000,0
2016-05-31,21:20:00,1.43,1.45,1.42,1.42,4551,0
2016-05-31,21:25:00,1.42,1.42,1.39,1.39,300,0
2016-05-31,21:30:00,1.42,1.42,1.42,1.42,100,0
2016-05-31,21:55:00,1.4,1.4,1.4,1.4,200,0
2016-05-31,22:00:00,1.39,1.4,1.39,1.4,300,0
2016-06-01,15:40:00,1.4299,1.4299,1.4299,1.4299,100,0
2016-06-01,15:50:00,1.36,1.37,1.36,1.37,200,0
2016-06-01,16:20:00,1.4,1.4,1.3999,1.3999,200,0
2016-06-01,16:40:00,1.43,1.43,1.43,1.43,100,0
2016-06-01,18:05:00,1.42,1.42,1.4,1.4,2690,0
2016-06-01,18:10:00,1.4,1.4,1.4,1.4,100,0
2016-06-01,18:20:00,1.4037,1.4037,1.4037,1.4037,341,0
2016-06-01,18:35:00,1.4023,1.4023,1.4023,1.4023,158,0
2016-06-01,18:45:00,1.41,1.41,1.4,1.4,200,0
2016-06-01,19:10:00,1.4,1.41,1.4,1.4015,2600,0
2016-06-01,19:15:00,1.41,1.41,1.41,1.41,100,0
2016-06-01,19:20:00,1.42,1.42,1.42,1.42,100,0
2016-06-01,19:30:00,1.4,1.4001,1.38,1.38,3500,0
2016-06-01,19:55:00,1.4,1.4,1.38,1.38,200,0
2016-06-01,20:00:00,1.38,1.38,1.38,1.38,200,0
2016-06-01,20:25:00,1.4,1.4,1.4,1.4,100,0
2016-06-01,20:30:00,1.4,1.4,1.39,1.39,9220,0
2016-06-01,21:20:00,1.42,1.42,1.42,1.42,100,0
2016-06-01,21:40:00,1.39,1.405,1.39,1.405,200,0
2016-06-01,21:45:00,1.4,1.4,1.4,1.4,100,0
2016-06-01,21:55:00,1.3999,1.4,1.39,1.4,1600,0
2016-06-01,22:00:00,1.4,1.42,1.4,1.42,200,0
2016-06-02,15:35:00,1.38,1.38,1.37,1.37,4321,0
2016-06-02,15:40:00,1.38,1.38,1.38,1.38,100,0
2016-06-02,16:20:00,1.41,1.4199,1.39,1.39,3320,0
2016-06-02,16:25:00,1.39,1.3911,1.39,1.3911,1172,0
2016-06-02,16:30:00,1.39,1.39,1.39,1.39,200,0
2016-06-02,16:35:00,1.395,1.395,1.395,1.395,100,0
2016-06-02,17:10:00,1.393,1.393,1.393,1.393,185,0
2016-06-02,18:20:00,1.38,1.38,1.38,1.38,100,0
2016-06-02,19:10:00,1.39,1.49,1.39,1.49,14130,0
2016-06-02,19:15:00,1.42,1.43,1.4,1.42,2700,0
2016-06-02,19:25:00,1.425,1.425,1.4,1.4,11900,0
2016-06-02,19:30:00,1.4,1.4,1.39,1.39,300,0
2016-06-02,19:35:00,1.391,1.391,1.39,1.39,730,0
2016-06-02,19:40:00,1.4,1.4,1.4,1.4,200,0
2016-06-02,20:05:00,1.4,1.4,1.4,1.4,100,0
2016-06-02,20:10:00,1.41,1.41,1.4,1.4,4290,0
2016-06-02,20:15:00,1.41,1.41,1.41,1.41,100,0
2016-06-02,20:25:00,1.41,1.41,1.4,1.4,300,0
2016-06-02,20:40:00,1.41,1.41,1.41,1.41,200,0
2016-06-02,20:45:00,1.41,1.41,1.41,1.41,100,0
2016-06-02,20:50:00,1.41,1.41,1.41,1.41,100,0
2016-06-02,20:55:00,1.41,1.41,1.41,1.41,100,0
2016-06-02,21:05:00,1.41,1.41,1.4,1.41,300,0
2016-06-02,21:15:00,1.41,1.41,1.41,1.41,200,0
2016-06-02,21:30:00,1.41,1.41,1.41,1.41,100,0
2016-06-02,21:40:00,1.41,1.41,1.4,1.41,500,0
2016-06-02,21:50:00,1.4024,1.41,1.4,1.41,2700,0
2016-06-02,21:55:00,1.41,1.41,1.4,1.4,300,0
2016-06-02,22:00:00,1.41,1.41,1.38,1.38,1366,0
2016-06-03,15:35:00,1.39,1.39,1.38,1.38,200,0
2016-06-03,15:40:00,1.39,1.39,1.39,1.39,100,0
2016-06-03,16:25:00,1.3886,1.39,1.3886,1.39,600,0
2016-06-03,16:30:00,1.38,1.38,1.38,1.38,100,0
2016-06-03,16:55:00,1.39,1.39,1.39,1.39,200,0
2016-06-03,17:10:00,1.38,1.38,1.38,1.38,1184,0
2016-06-03,17:15:00,1.38,1.38,1.38,1.38,100,0
2016-06-03,20:00:00,1.3899,1.3899,1.38,1.38,200,0
2016-06-03,20:15:00,1.39,1.39,1.38,1.38,1400,0
2016-06-03,21:15:00,1.38,1.38,1.38,1.38,100,0
2016-06-03,21:35:00,1.38,1.39,1.38,1.38,750,0
2016-06-03,22:00:00,1.39,1.39,1.38,1.39,400,0
2016-06-06,15:35:00,1.4,1.4,1.39,1.39,1675,0
2016-06-06,15:50:00,1.3999,1.3999,1.38,1.38,1100,0
2016-06-06,16:40:00,1.38,1.39,1.38,1.39,200,0
2016-06-06,17:15:00,1.38,1.39,1.38,1.39,200,0
2016-06-06,17:25:00,1.4,1.4,1.39,1.39,500,0
2016-06-06,17:30:00,1.3993,1.4,1.3993,1.4,200,0
2016-06-06,17:40:00,1.4,1.4,1.39,1.39,400,0
2016-06-06,17:50:00,1.39,1.39,1.39,1.39,100,0
2016-06-06,18:05:00,1.4,1.4,1.4,1.4,100,0
2016-06-06,18:10:00,1.4,1.4,1.4,1.4,200,0
2016-06-06,18:30:00,1.39,1.4,1.39,1.4,1110,0
2016-06-06,18:35:00,1.41,1.41,1.4,1.4,800,0
2016-06-06,18:40:00,1.41,1.41,1.4,1.4,3100,0
2016-06-06,18:45:00,1.4,1.4,1.4,1.4,200,0
2016-06-06,18:55:00,1.41,1.41,1.41,1.41,700,0
2016-06-06,19:00:00,1.41,1.41,1.41,1.41,300,0
2016-06-06,19:05:00,1.42,1.43,1.41,1.42,6989,0
2016-06-06,19:10:00,1.42,1.42,1.42,1.42,300,0
2016-06-06,19:15:00,1.43,1.43,1.43,1.43,100,0
2016-06-06,19:25:00,1.43,1.43,1.43,1.43,200,0
2016-06-06,19:30:00,1.44,1.44,1.44,1.44,100,0
2016-06-06,20:00:00,1.43,1.43,1.42,1.42,200,0
2016-06-06,20:05:00,1.42,1.43,1.42,1.43,400,0
2016-06-06,20:45:00,1.42,1.42,1.42,1.42,100,0
2016-06-06,20:55:00,1.44,1.44,1.42,1.42,500,0
2016-06-06,21:15:00,1.425,1.425,1.425,1.425,100,0
2016-06-06,21:20:00,1.42,1.42,1.42,1.42,510,0
2016-06-06,21:30:00,1.42,1.42,1.42,1.42,2000,0
2016-06-06,21:35:00,1.42,1.42,1.42,1.42,100,0
2016-06-06,21:40:00,1.43,1.43,1.42,1.42,200,0
2016-06-06,21:50:00,1.42,1.42,1.42,1.42,100,0
2016-06-06,21:55:00,1.43,1.43,1.42,1.42,400,0
2016-06-06,22:00:00,1.42,1.43,1.41,1.43,1168,0
2016-06-07,15:35:00,1.43,1.43,1.43,1.43,300,0
2016-06-07,15:40:00,1.42,1.42,1.41,1.415,1900,0
2016-06-07,15:45:00,1.42,1.46,1.42,1.46,4500,0
2016-06-07,15:50:00,1.4301,1.4301,1.42,1.42,2700,0
2016-06-07,16:00:00,1.44,1.44,1.41,1.41,4880,0
2016-06-07,16:05:00,1.41,1.41,1.41,1.41,100,0
2016-06-07,16:35:00,1.4022,1.41,1.4,1.405,1300,0
2016-06-07,16:50:00,1.41,1.41,1.41,1.41,100,0
2016-06-07,17:10:00,1.41,1.41,1.4099,1.41,400,0
2016-06-07,17:15:00,1.412,1.412,1.412,1.412,309,0
2016-06-07,17:20:00,1.41,1.41,1.41,1.41,300,0
2016-06-07,17:25:00,1.42,1.43,1.4178,1.42,2000,0
2016-06-07,17:30:00,1.42,1.42,1.42,1.42,300,0
2016-06-07,17:40:00,1.42,1.42,1.42,1.42,100,0
2016-06-07,17:55:00,1.41,1.41,1.41,1.41,100,0
2016-06-07,18:00:00,1.41,1.41,1.41,1.41,100,0
2016-06-07,18:15:00,1.4182,1.42,1.4182,1.42,300,0
2016-06-07,18:25:00,1.43,1.46,1.43,1.46,15000,0
2016-06-07,18:30:00,1.46,1.46,1.43,1.43,5100,0
2016-06-07,18:40:00,1.43,1.43,1.42,1.42,200,0
2016-06-07,18:50:00,1.43,1.43,1.43,1.43,100,0
2016-06-07,19:05:00,1.42,1.42,1.42,1.42,100,0
2016-06-07,19:10:00,1.43,1.43,1.43,1.43,100,0
2016-06-07,19:25:00,1.43,1.43,1.41,1.41,400,0
2016-06-07,20:00:00,1.4277,1.43,1.42,1.43,9100,0
2016-06-07,20:05:00,1.43,1.43,1.43,1.43,1300,0
2016-06-07,20:10:00,1.43,1.44,1.43,1.44,400,0
2016-06-07,20:20:00,1.44,1.44,1.44,1.44,100,0
2016-06-07,20:40:00,1.44,1.44,1.43,1.43,200,0
2016-06-07,20:50:00,1.44,1.44,1.43,1.43,550,0
2016-06-07,20:55:00,1.44,1.44,1.44,1.44,300,0
2016-06-07,21:15:00,1.44,1.44,1.44,1.44,100,0
2016-06-07,21:30:00,1.44,1.44,1.43,1.43,200,0
2016-06-07,21:35:00,1.4399,1.4399,1.43,1.43,300,0
2016-06-07,21:50:00,1.435,1.435,1.435,1.435,100,0
2016-06-07,21:55:00,1.43,1.43,1.41,1.41,5300,0
2016-06-07,22:00:00,1.41,1.43,1.41,1.43,617,0
2016-06-08,15:35:00,1.43,1.43,1.4,1.4,400,0
2016-06-08,15:50:00,1.399,1.399,1.399,1.399,400,0
2016-06-08,16:05:00,1.402,1.41,1.402,1.41,1200,0
2016-06-08,16:35:00,1.4,1.41,1.4,1.4,300,0
2016-06-08,16:40:00,1.41,1.41,1.41,1.41,100,0
2016-06-08,17:05:00,1.41,1.41,1.37,1.37,3750,0
2016-06-08,17:10:00,1.37,1.37,1.37,1.37,100,0
2016-06-08,17:40:00,1.3844,1.3844,1.3844,1.3844,300,0
2016-06-08,17:45:00,1.38,1.38,1.37,1.37,200,0
2016-06-08,17:50:00,1.39,1.39,1.3899,1.3899,1100,0
2016-06-08,17:55:00,1.38,1.38,1.37,1.37,7700,0
2016-06-08,18:00:00,1.375,1.375,1.37,1.37,300,0
2016-06-08,18:10:00,1.38,1.38,1.37,1.38,1200,0
2016-06-08,18:25:00,1.37,1.37,1.37,1.37,100,0
2016-06-08,18:30:00,1.3701,1.38,1.37,1.37,500,0
2016-06-08,18:55:00,1.4,1.4,1.4,1.4,100,0
2016-06-08,19:15:00,1.38,1.38,1.38,1.38,100,0
2016-06-08,19:40:00,1.39,1.41,1.39,1.41,300,0
2016-06-08,20:15:00,1.4208,1.4208,1.41,1.41,3700,0
2016-06-08,20:20:00,1.41,1.41,1.41,1.41,100,0
2016-06-08,20:25:00,1.42,1.42,1.42,1.42,100,0
2016-06-08,20:35:00,1.42,1.42,1.39,1.39,400,0
2016-06-08,20:45:00,1.4,1.4,1.37,1.375,2600,0
2016-06-08,20:50:00,1.37,1.3701,1.3019,1.3019,2839,0
2016-06-08,20:55:00,1.3,1.38,1.3,1.38,1455,0
2016-06-08,21:00:00,1.38,1.4,1.38,1.4,600,0
2016-06-08,21:05:00,1.4,1.4,1.34,1.35,400,0
2016-06-08,21:15:00,1.36,1.4,1.36,1.38,900,0
2016-06-08,21:20:00,1.3821,1.3821,1.38,1.38,867,0
2016-06-08,21:30:00,1.3923,1.3923,1.37,1.37,2300,0
2016-06-08,21:35:00,1.37,1.37,1.36,1.36,12500,0
2016-06-08,21:40:00,1.36,1.3632,1.3,1.3,12030,0
2016-06-08,21:45:00,1.3,1.3,1.3,1.3,100,0
2016-06-08,21:50:00,1.305,1.305,1.3,1.3,200,0
2016-06-08,21:55:00,1.31,1.41,1.3,1.3,5706,0
2016-06-08,22:00:00,1.27,1.3,1.27,1.3,1200,0
2016-06-09,15:35:00,1.2999,1.2999,1.2999,1.2999,150,0
2016-06-09,15:40:00,1.2999,1.2999,1.2999,1.2999,600,0
2016-06-09,15:50:00,1.3,1.3,1.27,1.2799,1400,0
2016-06-09,16:10:00,1.28,1.3,1.28,1.3,700,0
2016-06-09,16:25:00,1.29,1.29,1.29,1.29,100,0
2016-06-09,16:30:00,1.2901,1.2901,1.2901,1.2901,500,0
2016-06-09,16:40:00,1.2928,1.2928,1.2928,1.2928,100,0
2016-06-09,16:50:00,1.29,1.29,1.29,1.29,100,0
2016-06-09,17:20:00,1.29,1.3,1.29,1.3,600,0
2016-06-09,17:35:00,1.2933,1.3,1.29,1.3,2500,0
2016-06-09,17:50:00,1.29,1.29,1.29,1.29,100,0
2016-06-09,18:00:00,1.3,1.3,1.3,1.3,100,0
2016-06-09,18:10:00,1.2904,1.2904,1.2904,1.2904,1000,0
2016-06-09,18:20:00,1.29,1.29,1.29,1.29,100,0
2016-06-09,18:25:00,1.29,1.3,1.29,1.3,400,0
2016-06-09,19:00:00,1.29,1.3,1.29,1.3,200,0
2016-06-09,19:05:00,1.2921,1.2921,1.2921,1.2921,300,0
2016-06-09,19:10:00,1.3,1.3,1.3,1.3,100,0
2016-06-09,19:20:00,1.295,1.36,1.295,1.35,2300,0
2016-06-09,19:25:00,1.35,1.35,1.35,1.35,100,0
2016-06-09,19:30:00,1.32,1.32,1.32,1.32,100,0
2016-06-09,20:45:00,1.33,1.33,1.33,1.33,100,0
2016-06-09,20:55:00,1.33,1.33,1.33,1.33,100,0
2016-06-09,21:00:00,1.33,1.33,1.32,1.32,200,0
2016-06-09,21:05:00,1.32,1.32,1.32,1.32,200,0
2016-06-09,21:10:00,1.3434,1.3434,1.3434,1.3434,100,0
2016-06-09,21:15:00,1.33,1.33,1.32,1.33,1600,0
2016-06-09,21:20:00,1.32,1.3499,1.32,1.3215,6200,0
2016-06-09,21:25:00,1.32,1.32,1.32,1.32,100,0
2016-06-09,21:30:00,1.32,1.32,1.32,1.32,195,0
2016-06-09,21:50:00,1.33,1.335,1.33,1.335,300,0
2016-06-09,21:55:00,1.335,1.37,1.335,1.35,1125,0
2016-06-09,22:00:00,1.38,1.39,1.38,1.39,500,0
2016-06-10,15:50:00,1.41,1.41,1.36,1.36,200,0
2016-06-10,16:15:00,1.37,1.37,1.37,1.37,150,0
2016-06-10,16:50:00,1.3501,1.37,1.325,1.35,3482,0
2016-06-10,16:55:00,1.33,1.33,1.33,1.33,200,0
2016-06-10,17:00:00,1.3165,1.3165,1.31,1.31,200,0
2016-06-10,17:05:00,1.32,1.32,1.32,1.32,100,0
2016-06-10,17:10:00,1.302,1.31,1.3,1.3,7600,0
2016-06-10,17:15:00,1.3,1.3,1.3,1.3,125,0
2016-06-10,17:40:00,1.3,1.3,1.3,1.3,100,0
2016-06-10,17:55:00,1.295,1.295,1.295,1.295,100,0
2016-06-10,18:00:00,1.3,1.3,1.3,1.3,100,0
2016-06-10,18:10:00,1.3,1.3,1.3,1.3,100,0
2016-06-10,18:30:00,1.29,1.29,1.15,1.15,4447,0
2016-06-10,18:35:00,1.245,1.269,1.245,1.269,400,0
2016-06-10,18:40:00,1.265,1.265,1.25,1.25,2100,0
2016-06-10,18:45:00,1.27,1.27,1.27,1.27,285,0
2016-06-10,18:55:00,1.26,1.26,1.26,1.26,300,0
2016-06-10,19:00:00,1.27,1.27,1.26,1.27,1988,0
2016-06-10,19:05:00,1.273,1.273,1.273,1.273,300,0
2016-06-10,19:10:00,1.2999,1.2999,1.2999,1.2999,1000,0
2016-06-10,19:55:00,1.295,1.295,1.29,1.29,200,0
2016-06-10,20:10:00,1.29,1.3,1.29,1.3,200,0
2016-06-10,20:25:00,1.29,1.29,1.29,1.29,200,0
2016-06-10,20:30:00,1.3,1.3,1.3,1.3,100,0
2016-06-10,20:50:00,1.2999,1.2999,1.2999,1.2999,155,0
2016-06-10,21:00:00,1.29,1.29,1.25,1.25,400,0
2016-06-10,21:05:00,1.27,1.27,1.27,1.27,200,0
2016-06-10,21:10:00,1.29,1.29,1.29,1.29,800,0
2016-06-10,21:15:00,1.2701,1.28,1.2701,1.28,1700,0
2016-06-10,21:30:00,1.29,1.29,1.29,1.29,100,0
2016-06-10,21:40:00,1.28,1.29,1.28,1.28,300,0
2016-06-10,21:50:00,1.28,1.28,1.28,1.28,100,0
2016-06-10,21:55:00,1.28,1.28,1.28,1.28,100,0
2016-06-10,22:00:00,1.28,1.29,1.28,1.29,400,0
2016-06-13,15:35:00,1.29,1.29,1.29,1.29,156,0
2016-06-13,16:15:00,1.3,1.3,1.29,1.29,300,0
2016-06-13,16:20:00,1.29,1.29,1.29,1.29,100,0
2016-06-13,16:35:00,1.286,1.286,1.286,1.286,1551,0
2016-06-13,16:40:00,1.29,1.29,1.29,1.29,600,0
2016-06-13,16:45:00,1.29,1.29,1.29,1.29,400,0
2016-06-13,16:50:00,1.29,1.29,1.29,1.29,500,0
2016-06-13,16:55:00,1.29,1.29,1.29,1.29,400,0
2016-06-13,17:00:00,1.29,1.29,1.28,1.28,700,0
2016-06-13,17:05:00,1.28,1.28,1.28,1.28,500,0
2016-06-13,17:10:00,1.28,1.28,1.28,1.28,400,0
2016-06-13,17:15:00,1.28,1.28,1.28,1.28,400,0
2016-06-13,17:20:00,1.28,1.28,1.27,1.28,2900,0
2016-06-13,17:25:00,1.28,1.28,1.28,1.28,400,0
2016-06-13,17:30:00,1.28,1.29,1.28,1.29,400,0
2016-06-13,17:55:00,1.3,1.3,1.295,1.295,1300,0
2016-06-13,18:00:00,1.31,1.31,1.31,1.31,600,0
2016-06-13,18:05:00,1.31,1.31,1.31,1.31,200,0
2016-06-13,18:25:00,1.35,1.35,1.31,1.31,300,0
2016-06-13,18:45:00,1.31,1.31,1.31,1.31,300,0
2016-06-13,18:50:00,1.31,1.31,1.29,1.29,400,0
2016-06-13,19:20:00,1.3001,1.31,1.3001,1.31,2400,0
2016-06-13,20:15:00,1.33,1.33,1.3,1.3,300,0
2016-06-13,20:45:00,1.31,1.32,1.31,1.32,700,0
2016-06-13,21:05:00,1.32,1.32,1.32,1.32,200,0
2016-06-13,21:30:00,1.315,1.315,1.315,1.315,200,0
2016-06-13,21:40:00,1.32,1.32,1.32,1.32,100,0
2016-06-13,21:50:00,1.32,1.39,1.32,1.39,2597,0
2016-06-13,22:00:00,1.38,1.4,1.31,1.31,3604,0
2016-06-14,16:50:00,1.3101,1.39,1.3101,1.39,783,0
2016-06-14,18:05:00,1.34,1.34,1.33,1.33,300,0
2016-06-14,18:10:00,1.35,1.35,1.32,1.32,4105,0
2016-06-14,18:55:00,1.32,1.33,1.3,1.3,700,0
2016-06-14,19:00:00,1.3,1.31,1.3,1.31,2200,0
2016-06-14,19:20:00,1.3,1.3,1.3,1.3,200,0
2016-06-14,19:50:00,1.3,1.3,1.3,1.3,1200,0
2016-06-14,19:55:00,1.25,1.25,1.23,1.23,22400,0
2016-06-14,20:05:00,1.25,1.25,1.25,1.25,100,0
2016-06-14,20:10:00,1.2999,1.2999,1.24,1.24,700,0
2016-06-14,20:20:00,1.25,1.25,1.25,1.25,100,0
2016-06-14,20:25:00,1.24,1.24,1.24,1.24,200,0
2016-06-14,20:30:00,1.29,1.29,1.29,1.29,100,0
2016-06-14,20:35:00,1.25,1.39,1.24,1.39,6000,0
2016-06-14,20:50:00,1.36,1.36,1.36,1.36,100,0
2016-06-14,21:05:00,1.29,1.32,1.29,1.32,200,0
2016-06-14,21:10:00,1.35,1.35,1.35,1.35,100,0
2016-06-14,21:20:00,1.325,1.34,1.325,1.34,1000,0
2016-06-14,21:25:00,1.34,1.34,1.34,1.34,100,0
2016-06-14,21:30:00,1.33,1.33,1.33,1.33,100,0
2016-06-14,21:45:00,1.33,1.33,1.33,1.33,200,0
2016-06-14,21:50:00,1.33,1.3301,1.315,1.315,400,0
2016-06-14,21:55:00,1.29,1.29,1.29,1.29,200,0
2016-06-14,22:00:00,1.29,1.34,1.29,1.29,1449,0
2016-06-15,15:35:00,1.3,1.3,1.3,1.3,572,0
2016-06-15,16:50:00,1.37,1.37,1.37,1.37,200,0
2016-06-15,17:20:00,1.355,1.355,1.355,1.355,100,0
2016-06-15,18:15:00,1.35,1.35,1.35,1.35,100,0
2016-06-15,18:40:00,1.35,1.35,1.32,1.32,200,0
2016-06-15,19:30:00,1.34,1.34,1.334,1.34,3000,0
2016-06-15,19:55:00,1.37,1.37,1.37,1.37,100,0
2016-06-15,20:15:00,1.37,1.37,1.355,1.355,200,0
2016-06-15,20:30:00,1.37,1.37,1.37,1.37,100,0
2016-06-15,20:45:00,1.36,1.36,1.29,1.32,6090,0
2016-06-15,20:50:00,1.3,1.3,1.29,1.29,600,0
2016-06-15,21:00:00,1.34,1.34,1.34,1.34,100,0
2016-06-15,21:05:00,1.34,1.34,1.34,1.34,100,0
2016-06-15,21:10:00,1.325,1.325,1.325,1.325,100,0
2016-06-15,21:30:00,1.34,1.34,1.34,1.34,100,0
2016-06-15,21:50:00,1.3372,1.34,1.325,1.335,1800,0
2016-06-15,21:55:00,1.335,1.34,1.31,1.31,2400,0
2016-06-15,22:00:00,1.325,1.3499,1.12,1.12,5219,0
2016-06-16,15:35:00,1.16,1.16,1.16,1.16,1900,0
2016-06-16,15:50:00,1.2,1.2,1.2,1.2,500,0
2016-06-16,16:00:00,1.22,1.22,1.22,1.22,1014,0
2016-06-16,16:20:00,1.2999,1.2999,1.2999,1.2999,300,0
2016-06-16,16:25:00,1.2999,1.3,1.28,1.3,746,0
2016-06-16,16:40:00,1.32,1.32,1.32,1.32,145,0
2016-06-16,16:45:00,1.3144,1.3199,1.2901,1.3083,759,0
2016-06-16,17:00:00,1.2843,1.31,1.2843,1.31,1850,0
2016-06-16,17:10:00,1.31,1.31,1.31,1.31,1395,0
2016-06-16,17:15:00,1.3199,1.3199,1.3199,1.3199,125,0
2016-06-16,17:25:00,1.32,1.32,1.32,1.32,100,0
2016-06-16,17:35:00,1.32,1.32,1.32,1.32,100,0
2016-06-16,17:45:00,1.32,1.32,1.32,1.32,100,0
2016-06-16,18:00:00,1.32,1.32,1.32,1.32,200,0
2016-06-16,18:10:00,1.32,1.32,1.32,1.32,100,0
2016-06-16,18:25:00,1.32,1.32,1.32,1.32,100,0
2016-06-16,19:00:00,1.3,1.32,1.3,1.32,700,0
2016-06-16,19:10:00,1.32,1.32,1.32,1.32,100,0
2016-06-16,19:15:00,1.31,1.31,1.305,1.305,200,0
2016-06-16,19:20:00,1.3099,1.3099,1.3099,1.3099,1000,0
2016-06-16,19:25:00,1.31,1.31,1.31,1.31,200,0
2016-06-16,19:30:00,1.31,1.31,1.31,1.31,445,0
2016-06-16,19:45:00,1.31,1.31,1.31,1.31,100,0
2016-06-16,19:55:00,1.31,1.31,1.31,1.31,200,0
2016-06-16,20:10:00,1.31,1.32,1.3,1.32,700,0
2016-06-16,20:15:00,1.32,1.32,1.32,1.32,100,0
2016-06-16,20:35:00,1.32,1.32,1.32,1.32,100,0
2016-06-16,20:40:00,1.32,1.32,1.32,1.32,200,0
2016-06-16,20:45:00,1.32,1.32,1.3,1.3,200,0
2016-06-16,20:55:00,1.3,1.3,1.3,1.3,200,0
2016-06-16,21:05:00,1.32,1.32,1.32,1.32,200,0
2016-06-16,21:10:00,1.32,1.32,1.32,1.32,200,0
2016-06-16,21:15:00,1.32,1.34,1.32,1.34,400,0
2016-06-16,21:20:00,1.34,1.35,1.34,1.35,300,0
2016-06-16,21:30:00,1.35,1.35,1.35,1.35,100,0
2016-06-16,21:35:00,1.35,1.35,1.35,1.35,300,0
2016-06-16,21:45:00,1.35,1.35,1.35,1.35,400,0
2016-06-16,21:50:00,1.35,1.35,1.35,1.35,200,0
2016-06-16,21:55:00,1.33,1.35,1.32,1.33,2700,0
2016-06-16,22:00:00,1.32,1.35,1.31,1.31,3600,0
2016-06-17,15:35:00,1.37,1.37,1.37,1.37,202,0
2016-06-17,15:40:00,1.31,1.31,1.31,1.31,100,0
2016-06-17,16:00:00,1.3821,1.3821,1.3821,1.3821,175,0
2016-06-17,16:05:00,1.3999,1.3999,1.38,1.38,1750,0
2016-06-17,16:25:00,1.3999,1.3999,1.3999,1.3999,500,0
2016-06-17,16:35:00,1.37,1.37,1.37,1.37,100,0
2016-06-17,16:45:00,1.4,1.4,1.4,1.4,100,0
2016-06-17,16:55:00,1.3701,1.3895,1.3701,1.3895,2300,0
2016-06-17,17:35:00,1.39,1.39,1.39,1.39,100,0
2016-06-17,18:05:00,1.37,1.37,1.37,1.37,200,0
2016-06-17,18:30:00,1.3899,1.39,1.3899,1.39,400,0
2016-06-17,18:35:00,1.37,1.37,1.37,1.37,100,0
2016-06-17,18:45:00,1.37,1.37,1.37,1.37,216,0
2016-06-17,19:00:00,1.36,1.36,1.36,1.36,100,0
2016-06-17,19:10:00,1.36,1.36,1.36,1.36,500,0
2016-06-17,19:25:00,1.35,1.35,1.35,1.35,2481,0
2016-06-17,19:30:00,1.32,1.3464,1.32,1.3464,750,0
2016-06-17,20:05:00,1.35,1.35,1.33,1.33,200,0
2016-06-17,20:20:00,1.32,1.32,1.32,1.32,100,0
2016-06-17,20:40:00,1.32,1.35,1.32,1.35,600,0
2016-06-17,21:30:00,1.35,1.35,1.35,1.35,100,0
2016-06-17,21:35:00,1.35,1.35,1.35,1.35,100,0
2016-06-17,22:00:00,1.34,1.34,1.32,1.32,8457,0
2016-06-20,15:35:00,1.31,1.31,1.31,1.31,3500,0
2016-06-20,16:15:00,1.39,1.39,1.39,1.39,100,0
2016-06-20,16:55:00,1.309,1.309,1.309,1.309,500,0
2016-06-20,17:10:00,1.37,1.37,1.37,1.37,200,0
2016-06-20,17:25:00,1.3366,1.37,1.3366,1.37,1100,0
2016-06-20,17:35:00,1.38,1.38,1.38,1.38,1500,0
2016-06-20,17:40:00,1.38,1.38,1.38,1.38,100,0
2016-06-20,17:55:00,1.38,1.38,1.38,1.38,130,0
2016-06-20,18:25:00,1.355,1.38,1.355,1.38,615,0
2016-06-20,18:35:00,1.3564,1.3564,1.3564,1.3564,100,0
2016-06-20,19:00:00,1.352,1.352,1.352,1.352,300,0
2016-06-20,19:15:00,1.3605,1.38,1.3605,1.37,2400,0
2016-06-20,19:45:00,1.396,1.399,1.3569,1.3569,1100,0
2016-06-20,19:50:00,1.38,1.38,1.38,1.38,100,0
2016-06-20,19:55:00,1.38,1.39,1.37,1.39,13300,0
2016-06-20,20:00:00,1.39,1.39,1.39,1.39,100,0
2016-06-20,20:10:00,1.4,1.4,1.4,1.4,1700,0
2016-06-20,20:15:00,1.4,1.4,1.4,1.4,100,0
2016-06-20,20:25:00,1.38,1.39,1.38,1.39,600,0
2016-06-20,20:35:00,1.38,1.38,1.38,1.38,1543,0
2016-06-20,20:50:00,1.4,1.4,1.37,1.37,642,0
2016-06-20,20:55:00,1.38,1.38,1.38,1.38,200,0
2016-06-20,21:30:00,1.32,1.32,1.32,1.32,100,0
2016-06-20,21:45:00,1.36,1.36,1.36,1.36,100,0
2016-06-20,21:50:00,1.34,1.34,1.34,1.34,100,0
2016-06-20,21:55:00,1.33,1.3899,1.33,1.3899,200,0
2016-06-20,22:00:00,1.36,1.4,1.36,1.38,929,0
2016-06-21,15:40:00,1.32,1.32,1.31,1.31,16480,0
2016-06-21,15:50:00,1.33,1.34,1.33,1.34,1900,0
2016-06-21,16:05:00,1.3352,1.3352,1.3352,1.3352,100,0
2016-06-21,17:10:00,1.32,1.32,1.32,1.32,300,0
2016-06-21,18:10:00,1.3201,1.3201,1.3201,1.3201,100,0
2016-06-21,18:15:00,1.32,1.32,1.32,1.32,100,0
2016-06-21,18:20:00,1.34,1.34,1.3278,1.3278,300,0
2016-06-21,18:30:00,1.32,1.326,1.32,1.32,800,0
2016-06-21,18:50:00,1.32,1.32,1.32,1.32,100,0
2016-06-21,18:55:00,1.34,1.34,1.33,1.335,1000,0
2016-06-21,19:00:00,1.39,1.39,1.38,1.38,200,0
2016-06-21,19:05:00,1.38,1.38,1.38,1.38,200,0
2016-06-21,19:10:00,1.38,1.38,1.38,1.38,200,0
2016-06-21,19:15:00,1.4,1.4,1.4,1.4,200,0
2016-06-21,19:20:00,1.4,1.4,1.4,1.4,200,0
2016-06-21,19:25:00,1.39,1.39,1.39,1.39,200,0
2016-06-21,19:30:00,1.39,1.39,1.39,1.39,200,0
2016-06-21,19:35:00,1.39,1.39,1.39,1.39,200,0
2016-06-21,19:40:00,1.39,1.39,1.3701,1.385,450,0
2016-06-21,19:45:00,1.385,1.385,1.385,1.385,100,0
2016-06-21,20:35:00,1.35,1.35,1.35,1.35,100,0
2016-06-21,20:50:00,1.36,1.36,1.36,1.36,100,0
2016-06-21,21:10:00,1.3999,1.3999,1.36,1.38,2700,0
2016-06-21,21:15:00,1.37,1.37,1.37,1.37,200,0
2016-06-21,21:25:00,1.37,1.37,1.37,1.37,100,0
2016-06-22,16:15:00,1.3599,1.3599,1.3599,1.3599,1000,0
2016-06-22,17:15:00,1.34,1.34,1.34,1.34,100,0
2016-06-22,18:55:00,1.34,1.34,1.34,1.34,100,0
2016-06-22,19:55:00,1.3474,1.358,1.34,1.358,1300,0
2016-06-22,20:40:00,1.3402,1.358,1.3402,1.358,600,0
2016-06-22,20:50:00,1.36,1.36,1.34,1.34,300,0
2016-06-22,21:45:00,1.3567,1.3567,1.34,1.34,6600,0
2016-06-22,21:50:00,1.35,1.35,1.35,1.35,100,0
2016-06-22,21:55:00,1.36,1.36,1.36,1.36,100,0
2016-06-22,22:00:00,1.36,1.36,1.36,1.36,259,0
2016-06-23,16:20:00,1.37,1.37,1.37,1.37,210,0
2016-06-23,16:40:00,1.35,1.35,1.3,1.31,3173,0
2016-06-23,16:45:00,1.31,1.31,1.31,1.31,100,0
2016-06-23,17:45:00,1.32,1.32,1.32,1.32,1500,0
2016-06-23,18:00:00,1.33,1.33,1.33,1.33,300,0
2016-06-23,18:40:00,1.3345,1.3345,1.3345,1.3345,100,0
2016-06-23,18:55:00,1.34,1.34,1.34,1.34,200,0
2016-06-23,19:15:00,1.35,1.35,1.35,1.35,100,0
2016-06-23,19:50:00,1.36,1.36,1.36,1.36,100,0
2016-06-23,20:10:00,1.36,1.36,1.36,1.36,400,0
2016-06-23,20:45:00,1.36,1.37,1.36,1.37,300,0
2016-06-23,20:55:00,1.37,1.37,1.36,1.36,300,0
2016-06-23,21:20:00,1.37,1.37,1.37,1.37,100,0
2016-06-23,21:45:00,1.35,1.35,1.32,1.32,3100,0
2016-06-23,21:50:00,1.34,1.34,1.31,1.31,2800,0
2016-06-23,22:00:00,1.335,1.37,1.32,1.32,1799,0
2016-06-24,15:35:00,1.3,1.304,1.3,1.3,1850,0
2016-06-24,16:00:00,1.3062,1.3062,1.3062,1.3062,2000,0
2016-06-24,16:10:00,1.3001,1.3001,1.3001,1.3001,183,0
2016-06-24,16:15:00,1.3039,1.3039,1.3039,1.3039,381,0
2016-06-24,16:30:00,1.3,1.3,1.3,1.3,200,0
2016-06-24,16:50:00,1.3,1.3,1.3,1.3,200,0
2016-06-24,16:55:00,1.3,1.3,1.3,1.3,200,0
2016-06-24,17:05:00,1.3,1.3,1.3,1.3,100,0
2016-06-24,18:00:00,1.3,1.3,1.3,1.3,300,0
2016-06-24,18:10:00,1.3,1.3,1.3,1.3,100,0
2016-06-24,18:25:00,1.303,1.303,1.303,1.303,500,0
2016-06-24,18:30:00,1.3001,1.3001,1.3001,1.3001,150,0
2016-06-24,18:40:00,1.3,1.3,1.3,1.3,500,0
2016-06-24,18:45:00,1.3,1.3,1.255,1.28,10464,0
2016-06-24,18:50:00,1.24,1.28,1.24,1.28,800,0
2016-06-24,19:00:00,1.29,1.29,1.28,1.29,1300,0
2016-06-24,19:05:00,1.26,1.26,1.26,1.26,100,0
2016-06-24,19:10:00,1.28,1.3,1.28,1.28,700,0
2016-06-24,19:35:00,1.29,1.3,1.29,1.3,200,0
2016-06-24,19:50:00,1.29,1.29,1.29,1.29,200,0
2016-06-24,20:10:00,1.285,1.3,1.285,1.3,500,0
2016-06-24,20:25:00,1.3,1.31,1.3,1.31,585,0
2016-06-24,21:05:00,1.3,1.31,1.3,1.305,1139,0
2016-06-24,21:15:00,1.31,1.31,1.31,1.31,200,0
2016-06-24,21:40:00,1.2803,1.2803,1.2803,1.2803,200,0
2016-06-24,21:45:00,1.27,1.27,1.27,1.27,100,0
2016-06-24,21:55:00,1.28,1.29,1.28,1.29,260,0
2016-06-24,22:00:00,1.285,1.29,1.26,1.26,950,0
2016-06-27,15:35:00,1.21,1.2235,1.21,1.2235,5302,0
2016-06-27,16:25:00,1.204,1.204,1.204,1.204,100,0
2016-06-27,16:35:00,1.235,1.235,1.235,1.235,100,0
2016-06-27,17:25:00,1.23,1.23,1.23,1.23,100,0
2016-06-27,17:45:00,1.245,1.26,1.245,1.26,1100,0
2016-06-27,18:35:00,1.24,1.24,1.24,1.24,100,0
2016-06-27,19:30:00,1.24,1.24,1.24,1.24,783,0
2016-06-27,19:40:00,1.24,1.24,1.24,1.24,300,0
2016-06-27,20:00:00,1.2404,1.2404,1.21,1.215,4137,0
2016-06-27,20:20:00,1.24,1.24,1.23,1.23,700,0
2016-06-27,20:40:00,1.23,1.23,1.23,1.23,100,0
2016-06-27,21:00:00,1.22,1.22,1.22,1.22,100,0
2016-06-27,21:05:00,1.21,1.22,1.21,1.22,300,0
2016-06-27,21:10:00,1.205,1.205,1.205,1.205,100,0
2016-06-27,21:20:00,1.21,1.21,1.205,1.21,3200,0
2016-06-27,21:25:00,1.205,1.205,1.205,1.205,100,0
2016-06-27,21:30:00,1.205,1.205,1.205,1.205,100,0
2016-06-27,21:55:00,1.205,1.205,1.204,1.204,216,0
2016-06-27,22:00:00,1.21,1.27,1.19,1.19,1100,0
2016-06-28,15:35:00,1.39,1.39,1.39,1.39,8600,0
2016-06-28,15:50:00,1.32,1.32,1.254,1.27,1360,0
2016-06-28,15:55:00,1.29,1.29,1.29,1.29,100,0
2016-06-28,16:05:00,1.3,1.3,1.295,1.3,4700,0
2016-06-28,16:10:00,1.325,1.325,1.3075,1.3075,850,0
2016-06-28,16:20:00,1.3199,1.32,1.3199,1.32,2600,0
2016-06-28,17:00:00,1.3,1.3,1.3,1.3,200,0
2016-06-28,17:10:00,1.285,1.3,1.285,1.3,200,0
2016-06-28,17:15:00,1.27,1.27,1.27,1.27,100,0
2016-06-28,18:50:00,1.29,1.29,1.29,1.29,100,0
2016-06-28,19:10:00,1.28,1.28,1.28,1.28,100,0
2016-06-28,20:20:00,1.28,1.28,1.28,1.28,100,0
2016-06-28,20:35:00,1.278,1.278,1.278,1.278,300,0
2016-06-28,20:45:00,1.27,1.27,1.27,1.27,200,0
2016-06-28,21:05:00,1.29,1.32,1.29,1.315,827,0
2016-06-28,21:25:00,1.32,1.32,1.32,1.32,100,0
2016-06-28,21:40:00,1.3101,1.32,1.3101,1.315,1779,0
2016-06-28,21:45:00,1.35,1.35,1.35,1.35,200,0
2016-06-28,21:50:00,1.36,1.36,1.36,1.36,100,0
2016-06-28,22:00:00,1.36,1.37,1.3519,1.37,2200,0
2016-06-29,15:35:00,1.39,1.49,1.39,1.49,29361,0
2016-06-29,15:40:00,1.3993,1.3993,1.3993,1.3993,350,0
2016-06-29,15:55:00,1.35,1.35,1.3442,1.3442,1100,0
2016-06-29,19:20:00,1.3601,1.3601,1.3601,1.3601,100,0
2016-06-29,19:25:00,1.36,1.375,1.36,1.375,800,0
2016-06-29,19:30:00,1.3775,1.3775,1.36,1.36,2100,0
2016-06-29,19:50:00,1.3636,1.3636,1.36,1.36,5200,0
2016-06-29,20:00:00,1.3765,1.3765,1.3765,1.3765,100,0
2016-06-29,20:05:00,1.36,1.36,1.36,1.36,100,0
2016-06-29,20:55:00,1.36,1.36,1.36,1.36,100,0
2016-06-29,21:00:00,1.3601,1.373,1.36,1.373,2400,0
2016-06-29,21:15:00,1.379,1.379,1.36,1.36,1100,0
2016-06-29,22:00:00,1.3401,1.36,1.34,1.36,5517,0
2016-06-30,15:40:00,1.3245,1.3245,1.3245,1.3245,150,0
2016-06-30,15:50:00,1.37,1.37,1.37,1.37,100,0
2016-06-30,16:00:00,1.313,1.34,1.28,1.34,2400,0
2016-06-30,16:20:00,1.34,1.34,1.34,1.34,160,0
2016-06-30,16:25:00,1.2986,1.2986,1.2986,1.2986,200,0
2016-06-30,17:30:00,1.34,1.34,1.32,1.33,806,0
2016-06-30,17:40:00,1.34,1.34,1.34,1.34,100,0
2016-06-30,17:45:00,1.3201,1.3201,1.3201,1.3201,400,0
2016-06-30,17:55:00,1.34,1.34,1.3399,1.34,2640,0
2016-06-30,18:05:00,1.34,1.34,1.34,1.34,100,0
2016-06-30,18:45:00,1.34,1.34,1.34,1.34,100,0
2016-06-30,18:55:00,1.34,1.34,1.34,1.34,100,0
2016-06-30,19:05:00,1.34,1.34,1.34,1.34,100,0
2016-06-30,19:25:00,1.34,1.34,1.34,1.34,100,0
2016-06-30,20:25:00,1.34,1.34,1.33,1.33,200,0
2016-06-30,20:45:00,1.34,1.34,1.34,1.34,100,0
2016-06-30,20:50:00,1.34,1.34,1.34,1.34,358,0
2016-06-30,20:55:00,1.34,1.34,1.34,1.34,100,0
2016-06-30,21:00:00,1.34,1.34,1.34,1.34,200,0
2016-06-30,21:10:00,1.34,1.34,1.3312,1.3312,1000,0
2016-06-30,21:20:00,1.34,1.34,1.34,1.34,395,0
2016-06-30,21:25:00,1.34,1.3401,1.34,1.3401,750,0
2016-06-30,21:30:00,1.36,1.36,1.36,1.36,100,0
2016-06-30,21:40:00,1.37,1.37,1.37,1.37,100,0
2016-06-30,21:45:00,1.37,1.37,1.37,1.37,100,0
2016-06-30,21:55:00,1.34,1.36,1.34,1.36,500,0
2016-06-30,22:00:00,1.36,1.36,1.33,1.33,2061,0
2016-07-01,15:35:00,1.32,1.32,1.29,1.3008,10202,0
2016-07-01,15:40:00,1.3001,1.32,1.3001,1.32,2600,0
2016-07-01,15:45:00,1.32,1.32,1.32,1.32,100,0
2016-07-01,15:50:00,1.32,1.32,1.32,1.32,100,0
2016-07-01,16:40:00,1.3199,1.32,1.3199,1.32,4100,0
2016-07-01,16:50:00,1.32,1.32,1.32,1.32,100,0
2016-07-01,16:55:00,1.32,1.32,1.32,1.32,500,0
2016-07-01,17:35:00,1.3199,1.3199,1.3199,1.3199,3000,0
2016-07-01,17:40:00,1.32,1.32,1.32,1.32,300,0
2016-07-01,17:55:00,1.32,1.32,1.32,1.32,100,0
2016-07-01,18:00:00,1.32,1.32,1.3,1.32,1450,0
2016-07-01,18:55:00,1.32,1.32,1.32,1.32,200,0
2016-07-01,19:00:00,1.32,1.32,1.32,1.32,100,0
2016-07-01,19:30:00,1.3139,1.3139,1.3139,1.3139,490,0
2016-07-01,19:35:00,1.32,1.32,1.32,1.32,400,0
2016-07-01,19:40:00,1.32,1.32,1.32,1.32,100,0
2016-07-01,19:50:00,1.32,1.32,1.32,1.32,100,0
2016-07-01,20:15:00,1.32,1.32,1.32,1.32,100,0
2016-07-01,20:35:00,1.32,1.32,1.32,1.32,100,0
2016-07-01,20:45:00,1.32,1.32,1.32,1.32,100,0
2016-07-01,20:50:00,1.32,1.32,1.32,1.32,200,0
2016-07-01,21:25:00,1.32,1.32,1.32,1.32,100,0
2016-07-01,21:35:00,1.312,1.312,1.312,1.312,1000,0
2016-07-01,21:40:00,1.32,1.32,1.32,1.32,400,0
2016-07-01,21:55:00,1.32,1.32,1.32,1.32,100,0
2016-07-01,22:00:00,1.32,1.32,1.32,1.32,100,0
