Date,Time,Open,High,Low,Close,Volume,OpenInt
2016-06-15,15:35:00,1.84,1.87,1.84,1.87,8750,0
2016-06-15,15:40:00,1.86,1.9,1.86,1.885,20750,0
2016-06-15,15:45:00,1.87,1.9,1.87,1.89,600,0
2016-06-15,15:50:00,1.88,1.9,1.88,1.8898,6225,0
2016-06-15,15:55:00,1.87,1.9,1.87,1.89,900,0
2016-06-15,16:00:00,1.89,1.89,1.89,1.89,500,0
2016-06-15,16:25:00,1.87,1.88,1.87,1.88,6400,0
2016-06-15,16:30:00,1.88,1.88,1.88,1.88,100,0
2016-06-15,16:35:00,1.88,1.89,1.88,1.89,800,0
2016-06-15,16:40:00,1.89,1.89,1.88,1.89,1600,0
2016-06-15,16:45:00,1.89,1.89,1.88,1.88,200,0
2016-06-15,16:50:00,1.88,1.88,1.88,1.88,100,0
2016-06-15,16:55:00,1.88,1.89,1.88,1.89,700,0
2016-06-15,17:00:00,1.89,1.89,1.89,1.89,100,0
2016-06-15,17:05:00,1.89,1.89,1.86,1.88,5800,0
2016-06-15,17:10:00,1.87,1.89,1.87,1.89,400,0
2016-06-15,17:15:00,1.89,1.9,1.89,1.89,15695,0
2016-06-15,17:20:00,1.9,1.9,1.8999,1.8999,600,0
2016-06-15,17:25:00,1.89,1.899,1.89,1.89,2900,0
2016-06-15,17:30:00,1.9,1.9,1.9,1.9,100,0
2016-06-15,17:35:00,1.9,1.9,1.89,1.89,2300,0
2016-06-15,17:40:00,1.9,1.9,1.89,1.9,400,0
2016-06-15,17:45:00,1.8901,1.9,1.89,1.9,700,0
2016-06-15,17:50:00,1.89,1.9,1.89,1.9,3497,0
2016-06-15,17:55:00,1.89,1.9,1.89,1.9,9287,0
2016-06-15,18:00:00,1.89,1.9,1.89,1.899,7226,0
2016-06-15,18:05:00,1.89,1.89,1.89,1.89,100,0
2016-06-15,18:10:00,1.89,1.9,1.89,1.895,1263,0
2016-06-15,18:15:00,1.894,1.9,1.89,1.895,3189,0
2016-06-15,18:20:00,1.895,1.91,1.895,1.905,18300,0
2016-06-15,18:25:00,1.91,1.925,1.905,1.925,7844,0
2016-06-15,18:30:00,1.93,1.93,1.92,1.92,1600,0
2016-06-15,18:35:00,1.9399,1.9399,1.9399,1.9399,147,0
2016-06-15,18:40:00,1.93,1.93,1.92,1.93,1100,0
2016-06-15,18:50:00,1.92,1.93,1.92,1.93,200,0
2016-06-15,18:55:00,1.93,1.93,1.92,1.92,1600,0
2016-06-15,19:00:00,1.93,1.94,1.925,1.94,600,0
2016-06-15,19:05:00,1.92,1.9399,1.92,1.93,850,0
2016-06-15,19:10:00,1.925,1.93,1.925,1.93,650,0
2016-06-15,19:15:00,1.93,1.93,1.92,1.92,200,0
2016-06-15,19:20:00,1.92,1.93,1.92,1.93,2200,0
2016-06-15,19:25:00,1.936,1.936,1.93,1.93,1600,0
2016-06-15,19:30:00,1.93,1.93,1.925,1.925,1500,0
2016-06-15,19:35:00,1.92,1.93,1.92,1.925,900,0
2016-06-15,19:40:00,1.93,1.93,1.9201,1.925,4850,0
2016-06-15,19:45:00,1.92,1.925,1.92,1.92,2111,0
2016-06-15,19:50:00,1.92,1.93,1.92,1.93,300,0
2016-06-15,19:55:00,1.93,1.93,1.92,1.925,27360,0
2016-06-15,20:00:00,1.925,1.925,1.92,1.925,400,0
2016-06-15,20:05:00,1.925,1.93,1.92,1.93,700,0
2016-06-15,20:10:00,1.93,1.94,1.93,1.9338,4050,0
2016-06-15,20:15:00,1.93,1.935,1.92,1.93,2100,0
2016-06-15,20:20:00,1.925,1.925,1.925,1.925,100,0
2016-06-15,20:25:00,1.925,1.925,1.925,1.925,100,0
2016-06-15,20:30:00,1.93,1.93,1.9,1.9039,13400,0
2016-06-15,20:35:00,1.9085,1.91,1.9085,1.91,1100,0
2016-06-15,20:40:00,1.9099,1.9099,1.9,1.9032,1400,0
2016-06-15,20:45:00,1.9,1.91,1.9,1.905,1400,0
2016-06-15,20:50:00,1.91,1.91,1.9,1.9,300,0
2016-06-15,20:55:00,1.91,1.91,1.9,1.9,200,0
2016-06-15,21:00:00,1.9,1.91,1.9,1.905,300,0
2016-06-15,21:05:00,1.9036,1.91,1.9036,1.905,700,0
2016-06-15,21:10:00,1.91,1.91,1.9,1.905,1000,0
2016-06-15,21:15:00,1.905,1.91,1.905,1.91,600,0
2016-06-15,21:20:00,1.905,1.905,1.9,1.9,300,0
2016-06-15,21:25:00,1.905,1.91,1.905,1.905,300,0
2016-06-15,21:30:00,1.905,1.91,1.9,1.905,600,0
2016-06-15,21:35:00,1.9099,1.9099,1.905,1.905,900,0
2016-06-15,21:40:00,1.905,1.91,1.9,1.905,1076,0
2016-06-15,21:45:00,1.905,1.91,1.9,1.9,6400,0
2016-06-15,21:50:00,1.9,1.905,1.9,1.905,400,0
2016-06-15,21:55:00,1.905,1.91,1.9,1.905,3070,0
2016-06-15,22:00:00,1.9,1.91,1.9,1.91,10772,0
2016-06-16,15:35:00,1.9,1.93,1.9,1.9144,4783,0
2016-06-16,15:40:00,1.894,1.9,1.85,1.86,5250,0
2016-06-16,15:45:00,1.86,1.87,1.86,1.87,1800,0
2016-06-16,15:50:00,1.87,1.87,1.865,1.87,2400,0
2016-06-16,15:55:00,1.87,1.87,1.865,1.87,1800,0
2016-06-16,16:00:00,1.87,1.87,1.86,1.865,4340,0
2016-06-16,16:05:00,1.87,1.87,1.86,1.87,5400,0
2016-06-16,16:10:00,1.88,1.89,1.88,1.89,300,0
2016-06-16,16:20:00,1.8801,1.8801,1.88,1.88,2202,0
2016-06-16,16:25:00,1.89,1.9,1.885,1.9,2880,0
2016-06-16,16:30:00,1.89,1.89,1.89,1.89,100,0
2016-06-16,16:35:00,1.88,1.88,1.88,1.88,1200,0
2016-06-16,16:40:00,1.88,1.88,1.85,1.85,107090,0
2016-06-16,16:45:00,1.85,1.85,1.84,1.84,7245,0
2016-06-16,16:50:00,1.85,1.85,1.84,1.85,975,0
2016-06-16,16:55:00,1.85,1.85,1.85,1.85,800,0
2016-06-16,17:00:00,1.85,1.86,1.85,1.86,1100,0
2016-06-16,17:05:00,1.85,1.86,1.85,1.86,1500,0
2016-06-16,17:10:00,1.86,1.86,1.86,1.86,500,0
2016-06-16,17:15:00,1.86,1.86,1.85,1.853,945,0
2016-06-16,17:20:00,1.86,1.86,1.85,1.86,600,0
2016-06-16,17:25:00,1.86,1.87,1.85,1.87,2900,0
2016-06-16,17:30:00,1.87,1.87,1.87,1.87,700,0
2016-06-16,17:35:00,1.87,1.87,1.87,1.87,400,0
2016-06-16,17:40:00,1.88,1.88,1.86,1.88,900,0
2016-06-16,17:45:00,1.863,1.88,1.86,1.86,4050,0
2016-06-16,17:50:00,1.88,1.88,1.86,1.88,600,0
2016-06-16,17:55:00,1.8784,1.88,1.86,1.86,1800,0
2016-06-16,18:00:00,1.8767,1.88,1.86,1.87,4600,0
2016-06-16,18:05:00,1.8663,1.87,1.86,1.87,800,0
2016-06-16,18:10:00,1.86,1.86,1.85,1.86,2500,0
2016-06-16,18:15:00,1.86,1.86,1.86,1.86,400,0
2016-06-16,18:20:00,1.86,1.86,1.855,1.86,500,0
2016-06-16,18:25:00,1.8599,1.86,1.8599,1.86,680,0
2016-06-16,18:30:00,1.855,1.86,1.855,1.86,600,0
2016-06-16,18:35:00,1.86,1.86,1.86,1.86,400,0
2016-06-16,18:40:00,1.86,1.86,1.86,1.86,900,0
2016-06-16,18:45:00,1.86,1.87,1.86,1.87,400,0
2016-06-16,18:50:00,1.87,1.87,1.865,1.87,1000,0
2016-06-16,18:55:00,1.87,1.87,1.87,1.87,800,0
2016-06-16,19:00:00,1.87,1.87,1.87,1.87,400,0
2016-06-16,19:05:00,1.87,1.875,1.865,1.87,2100,0
2016-06-16,19:10:00,1.87,1.875,1.86,1.87,700,0
2016-06-16,19:15:00,1.8678,1.88,1.8678,1.87,300,0
2016-06-16,19:25:00,1.86,1.86,1.86,1.86,200,0
2016-06-16,19:30:00,1.86,1.87,1.86,1.86,600,0
2016-06-16,19:35:00,1.86,1.87,1.86,1.87,798,0
2016-06-16,19:40:00,1.86,1.8665,1.86,1.8665,421,0
2016-06-16,19:45:00,1.86,1.86,1.86,1.86,1305,0
2016-06-16,19:50:00,1.86,1.86,1.86,1.86,100,0
2016-06-16,20:00:00,1.87,1.87,1.85,1.86,1100,0
2016-06-16,20:05:00,1.86,1.86,1.855,1.86,2500,0
2016-06-16,20:10:00,1.86,1.86,1.86,1.86,200,0
2016-06-16,20:15:00,1.86,1.86,1.8525,1.86,4700,0
2016-06-16,20:20:00,1.86,1.86,1.85,1.86,15414,0
2016-06-16,20:25:00,1.86,1.8633,1.85,1.8633,3700,0
2016-06-16,20:35:00,1.86,1.86,1.8565,1.86,1027,0
2016-06-16,20:40:00,1.86,1.86,1.86,1.86,900,0
2016-06-16,20:45:00,1.85,1.85,1.85,1.85,500,0
2016-06-16,20:50:00,1.86,1.86,1.86,1.86,300,0
2016-06-16,20:55:00,1.8599,1.86,1.855,1.86,1600,0
2016-06-16,21:00:00,1.85,1.86,1.85,1.86,800,0
2016-06-16,21:05:00,1.85,1.86,1.85,1.86,700,0
2016-06-16,21:10:00,1.86,1.86,1.86,1.86,2300,0
2016-06-16,21:15:00,1.851,1.86,1.851,1.855,440,0
2016-06-16,21:25:00,1.85,1.86,1.85,1.8501,2200,0
2016-06-16,21:30:00,1.8524,1.86,1.8524,1.855,3000,0
2016-06-16,21:35:00,1.85,1.86,1.85,1.855,6650,0
2016-06-16,21:40:00,1.86,1.86,1.86,1.86,800,0
2016-06-16,21:45:00,1.85,1.86,1.85,1.85,600,0
2016-06-16,21:50:00,1.86,1.86,1.85,1.855,700,0
2016-06-16,21:55:00,1.855,1.86,1.85,1.85,34032,0
2016-06-16,22:00:00,1.85,1.85,1.84,1.84,28153,0
2016-06-17,15:35:00,1.85,1.85,1.85,1.85,9023,0
2016-06-17,15:40:00,1.859,1.86,1.855,1.855,2878,0
2016-06-17,15:45:00,1.851,1.86,1.851,1.86,530,0
2016-06-17,15:50:00,1.86,1.8629,1.86,1.86,1000,0
2016-06-17,16:10:00,1.87,1.87,1.865,1.865,3317,0
2016-06-17,16:15:00,1.87,1.87,1.87,1.87,2604,0
2016-06-17,16:25:00,1.861,1.87,1.861,1.87,700,0
2016-06-17,16:30:00,1.865,1.8728,1.865,1.8728,1700,0
2016-06-17,16:35:00,1.875,1.875,1.87,1.875,300,0
2016-06-17,16:40:00,1.87,1.88,1.86,1.88,6890,0
2016-06-17,16:45:00,1.875,1.875,1.87,1.8735,1033,0
2016-06-17,16:50:00,1.8781,1.8781,1.8781,1.8781,815,0
2016-06-17,16:55:00,1.875,1.8772,1.87,1.875,2200,0
2016-06-17,17:00:00,1.875,1.875,1.87,1.8701,1315,0
2016-06-17,17:05:00,1.875,1.875,1.875,1.875,600,0
2016-06-17,17:10:00,1.88,1.88,1.88,1.88,300,0
2016-06-17,17:15:00,1.88,1.88,1.88,1.88,200,0
2016-06-17,17:20:00,1.88,1.89,1.88,1.8898,13943,0
2016-06-17,17:25:00,1.89,1.89,1.8844,1.8844,1204,0
2016-06-17,17:30:00,1.89,1.89,1.89,1.89,400,0
2016-06-17,17:35:00,1.8999,1.8999,1.89,1.89,2300,0
2016-06-17,17:40:00,1.895,1.895,1.885,1.885,2945,0
2016-06-17,17:45:00,1.885,1.885,1.885,1.885,200,0
2016-06-17,17:50:00,1.8839,1.885,1.8839,1.885,700,0
2016-06-17,17:55:00,1.885,1.885,1.885,1.885,100,0
2016-06-17,18:00:00,1.885,1.885,1.885,1.885,300,0
2016-06-17,18:10:00,1.88,1.885,1.88,1.885,300,0
2016-06-17,18:15:00,1.885,1.885,1.885,1.885,900,0
2016-06-17,18:20:00,1.8899,1.89,1.885,1.89,650,0
2016-06-17,18:30:00,1.885,1.885,1.885,1.885,100,0
2016-06-17,18:35:00,1.89,1.89,1.885,1.89,1421,0
2016-06-17,18:40:00,1.8899,1.8899,1.885,1.885,1100,0
2016-06-17,18:45:00,1.89,1.89,1.885,1.885,1174,0
2016-06-17,18:55:00,1.8801,1.89,1.8801,1.89,358,0
2016-06-17,19:00:00,1.89,1.89,1.885,1.8889,2500,0
2016-06-17,19:05:00,1.88,1.88,1.871,1.871,1800,0
2016-06-17,19:10:00,1.87,1.87,1.86,1.8635,700,0
2016-06-17,19:15:00,1.87,1.87,1.87,1.87,100,0
2016-06-17,19:20:00,1.86,1.865,1.86,1.865,2600,0
2016-06-17,19:35:00,1.865,1.87,1.865,1.865,7700,0
2016-06-17,19:40:00,1.865,1.87,1.865,1.8683,812,0
2016-06-17,19:45:00,1.87,1.87,1.87,1.87,200,0
2016-06-17,19:55:00,1.8697,1.87,1.8697,1.87,5300,0
2016-06-17,20:00:00,1.8629,1.87,1.8629,1.87,600,0
2016-06-17,20:05:00,1.8627,1.8627,1.8627,1.8627,100,0
2016-06-17,20:10:00,1.87,1.87,1.86,1.86,200,0
2016-06-17,20:15:00,1.87,1.87,1.87,1.87,400,0
2016-06-17,20:25:00,1.87,1.87,1.87,1.87,100,0
2016-06-17,20:30:00,1.87,1.87,1.87,1.87,100,0
2016-06-17,20:40:00,1.87,1.88,1.87,1.87,1324,0
2016-06-17,20:45:00,1.87,1.87,1.87,1.87,200,0
2016-06-17,20:50:00,1.87,1.87,1.8601,1.8601,1090,0
2016-06-17,20:55:00,1.863,1.87,1.863,1.87,800,0
2016-06-17,21:00:00,1.86,1.865,1.84,1.84,18353,0
2016-06-17,21:05:00,1.84,1.855,1.84,1.8516,4193,0
2016-06-17,21:10:00,1.85,1.855,1.85,1.855,1200,0
2016-06-17,21:15:00,1.86,1.86,1.855,1.86,400,0
2016-06-17,21:20:00,1.8516,1.8516,1.85,1.85,200,0
2016-06-17,21:25:00,1.855,1.86,1.85,1.8525,1500,0
2016-06-17,21:30:00,1.86,1.86,1.86,1.86,200,0
2016-06-17,21:35:00,1.86,1.86,1.85,1.86,300,0
2016-06-17,21:40:00,1.86,1.86,1.85,1.86,10300,0
2016-06-17,21:45:00,1.85,1.88,1.85,1.86,24330,0
2016-06-17,21:50:00,1.86,1.86,1.85,1.85,26055,0
2016-06-17,21:55:00,1.85,1.86,1.84,1.86,28376,0
2016-06-17,22:00:00,1.85,1.86,1.84,1.84,56501,0
2016-06-20,15:35:00,1.9,1.9,1.89,1.89,10247,0
2016-06-20,15:40:00,1.9007,1.93,1.9007,1.92,5600,0
2016-06-20,15:45:00,1.93,1.93,1.911,1.93,9114,0
2016-06-20,15:50:00,1.91,1.93,1.905,1.93,53193,0
2016-06-20,15:55:00,1.922,1.93,1.9143,1.92,70563,0
2016-06-20,16:00:00,1.93,1.93,1.93,1.93,306,0
2016-06-20,16:05:00,1.93,1.93,1.92,1.93,5400,0
2016-06-20,16:10:00,1.9201,1.93,1.92,1.93,19912,0
2016-06-20,16:15:00,1.93,1.93,1.92,1.93,23500,0
2016-06-20,16:20:00,1.92,1.93,1.92,1.93,3100,0
2016-06-20,16:25:00,1.93,1.93,1.9201,1.925,19398,0
2016-06-20,16:30:00,1.93,1.95,1.9225,1.9305,237343,0
2016-06-20,16:35:00,1.945,1.945,1.9,1.92,46700,0
2016-06-20,16:40:00,1.93,1.93,1.9266,1.9266,300,0
2016-06-20,16:45:00,1.92,1.925,1.91,1.91,11100,0
2016-06-20,16:50:00,1.914,1.914,1.9,1.905,9100,0
2016-06-20,16:55:00,1.905,1.906,1.89,1.893,7695,0
2016-06-20,17:00:00,1.9,1.9,1.895,1.8965,1150,0
2016-06-20,17:05:00,1.9,1.9,1.895,1.9,1500,0
2016-06-20,17:10:00,1.9,1.9,1.895,1.895,6200,0
2016-06-20,17:15:00,1.895,1.9,1.89,1.89,6558,0
2016-06-20,17:20:00,1.8902,1.9,1.89,1.89,1600,0
2016-06-20,17:25:00,1.895,1.9,1.895,1.895,300,0
2016-06-20,17:30:00,1.9,1.9,1.89,1.895,800,0
2016-06-20,17:35:00,1.89,1.9,1.89,1.895,4860,0
2016-06-20,17:40:00,1.9,1.9,1.89,1.9,1200,0
2016-06-20,17:45:00,1.895,1.9,1.89,1.89,500,0
2016-06-20,17:50:00,1.9,1.9,1.895,1.9,400,0
2016-06-20,17:55:00,1.9,1.9,1.89,1.89,3000,0
2016-06-20,18:00:00,1.89,1.89,1.89,1.89,1300,0
2016-06-20,18:05:00,1.895,1.896,1.895,1.896,300,0
2016-06-20,18:10:00,1.8931,1.9,1.89,1.9,2100,0
2016-06-20,18:15:00,1.89,1.9,1.89,1.89,2050,0
2016-06-20,18:20:00,1.9,1.9,1.89,1.9,1300,0
2016-06-20,18:25:00,1.895,1.9,1.89,1.9,1000,0
2016-06-20,18:30:00,1.895,1.9,1.89,1.89,2100,0
2016-06-20,18:35:00,1.8935,1.897,1.89,1.895,1661,0
2016-06-20,18:40:00,1.9,1.9,1.89,1.9,400,0
2016-06-20,18:45:00,1.895,1.9,1.89,1.89,2900,0
2016-06-20,18:50:00,1.895,1.9,1.89,1.9,1400,0
2016-06-20,18:55:00,1.89,1.8933,1.89,1.893,1800,0
2016-06-20,19:00:00,1.9,1.9,1.9,1.9,300,0
2016-06-20,19:05:00,1.895,1.9,1.895,1.895,2200,0
2016-06-20,19:10:00,1.895,1.9,1.895,1.9,2500,0
2016-06-20,19:15:00,1.895,1.9,1.8901,1.899,650,0
2016-06-20,19:20:00,1.895,1.9,1.89,1.9,6900,0
2016-06-20,19:25:00,1.895,1.9,1.895,1.9,800,0
2016-06-20,19:30:00,1.895,1.895,1.89,1.895,3500,0
2016-06-20,19:35:00,1.8999,1.9,1.89,1.9,6100,0
2016-06-20,19:40:00,1.895,1.9,1.89,1.8901,8200,0
2016-06-20,19:45:00,1.89,1.9,1.89,1.9,1200,0
2016-06-20,19:50:00,1.9,1.9,1.89,1.895,2960,0
2016-06-20,19:55:00,1.895,1.9,1.89,1.8999,2200,0
2016-06-20,20:00:00,1.8901,1.895,1.89,1.895,6600,0
2016-06-20,20:05:00,1.895,1.9,1.88,1.88,14181,0
2016-06-20,20:10:00,1.885,1.885,1.87,1.87,1567,0
2016-06-20,20:15:00,1.88,1.88,1.87,1.875,1630,0
2016-06-20,20:20:00,1.89,1.89,1.88,1.88,600,0
2016-06-20,20:25:00,1.8766,1.88,1.87,1.88,1865,0
2016-06-20,20:30:00,1.88,1.88,1.88,1.88,200,0
2016-06-20,20:35:00,1.89,1.89,1.87,1.8778,540,0
2016-06-20,20:40:00,1.89,1.89,1.88,1.89,5829,0
2016-06-20,20:45:00,1.885,1.89,1.885,1.89,1200,0
2016-06-20,20:50:00,1.885,1.89,1.885,1.885,500,0
2016-06-20,20:55:00,1.88,1.89,1.88,1.89,1300,0
2016-06-20,21:00:00,1.89,1.89,1.88,1.885,2400,0
2016-06-20,21:05:00,1.885,1.89,1.8801,1.885,850,0
2016-06-20,21:10:00,1.89,1.89,1.88,1.89,5200,0
2016-06-20,21:15:00,1.89,1.89,1.88,1.88,1500,0
2016-06-20,21:20:00,1.885,1.8899,1.885,1.885,455,0
2016-06-20,21:25:00,1.885,1.89,1.885,1.885,400,0
2016-06-20,21:30:00,1.89,1.89,1.88,1.88,5968,0
2016-06-20,21:35:00,1.8715,1.8766,1.8715,1.875,1665,0
2016-06-20,21:40:00,1.87,1.88,1.86,1.865,10929,0
2016-06-20,21:45:00,1.87,1.87,1.865,1.865,200,0
2016-06-20,21:50:00,1.87,1.87,1.86,1.86,1100,0
2016-06-20,21:55:00,1.865,1.87,1.865,1.87,1000,0
2016-06-20,22:00:00,1.865,1.87,1.85,1.85,23911,0
2016-06-21,15:35:00,1.86,1.86,1.86,1.86,2392,0
2016-06-21,15:40:00,1.87,1.87,1.83,1.87,30688,0
2016-06-21,15:50:00,1.89,1.89,1.86,1.88,5700,0
2016-06-21,15:55:00,1.88,1.88,1.86,1.88,2679,0
2016-06-21,16:00:00,1.8799,1.8799,1.86,1.86,623,0
2016-06-21,16:05:00,1.88,1.88,1.87,1.87,400,0
2016-06-21,16:10:00,1.89,1.89,1.87,1.87,2037,0
2016-06-21,16:20:00,1.89,1.89,1.87,1.89,500,0
2016-06-21,16:25:00,1.87,1.87,1.87,1.87,900,0
2016-06-21,16:30:00,1.88,1.88,1.86,1.86,2300,0
2016-06-21,16:40:00,1.8676,1.88,1.8676,1.88,1744,0
2016-06-21,16:45:00,1.88,1.88,1.88,1.88,170,0
2016-06-21,16:50:00,1.88,1.88,1.86,1.8601,4799,0
2016-06-21,16:55:00,1.88,1.88,1.88,1.88,100,0
2016-06-21,17:05:00,1.87,1.87,1.86,1.87,1400,0
2016-06-21,17:10:00,1.8601,1.8601,1.8601,1.8601,800,0
2016-06-21,17:15:00,1.88,1.88,1.86,1.86,9171,0
2016-06-21,17:20:00,1.86,1.86,1.84,1.85,4661,0
2016-06-21,17:25:00,1.85,1.85,1.85,1.85,1500,0
2016-06-21,17:30:00,1.8571,1.86,1.8571,1.86,6516,0
2016-06-21,17:35:00,1.86,1.86,1.84,1.85,4900,0
2016-06-21,17:40:00,1.8567,1.8567,1.8466,1.8466,1525,0
2016-06-21,17:45:00,1.85,1.85,1.84,1.8499,4340,0
2016-06-21,17:50:00,1.85,1.85,1.85,1.85,1400,0
2016-06-21,17:55:00,1.85,1.85,1.85,1.85,300,0
2016-06-21,18:00:00,1.85,1.85,1.84,1.85,3741,0
2016-06-21,18:05:00,1.85,1.85,1.85,1.85,300,0
2016-06-21,18:10:00,1.85,1.85,1.8439,1.85,475,0
2016-06-21,18:15:00,1.845,1.85,1.84,1.85,3794,0
2016-06-21,18:20:00,1.8467,1.85,1.8467,1.85,722,0
2016-06-21,18:25:00,1.85,1.85,1.844,1.85,1575,0
2016-06-21,18:30:00,1.85,1.85,1.85,1.85,500,0
2016-06-21,18:35:00,1.85,1.85,1.84,1.8473,2700,0
2016-06-21,18:40:00,1.85,1.85,1.8461,1.8461,3600,0
2016-06-21,18:45:00,1.85,1.855,1.85,1.85,5800,0
2016-06-21,18:50:00,1.855,1.86,1.855,1.86,3100,0
2016-06-21,18:55:00,1.855,1.86,1.85,1.86,1700,0
2016-06-21,19:00:00,1.86,1.86,1.85,1.855,900,0
2016-06-21,19:05:00,1.85,1.86,1.85,1.86,8473,0
2016-06-21,19:10:00,1.85,1.85,1.85,1.85,400,0
2016-06-21,19:15:00,1.8425,1.8425,1.8425,1.8425,500,0
2016-06-21,19:20:00,1.86,1.86,1.85,1.85,672,0
2016-06-21,19:25:00,1.855,1.86,1.855,1.86,300,0
2016-06-21,19:30:00,1.86,1.86,1.84,1.84,6000,0
2016-06-21,19:35:00,1.85,1.85,1.85,1.85,200,0
2016-06-21,19:40:00,1.8499,1.85,1.84,1.85,2287,0
2016-06-21,19:45:00,1.85,1.85,1.84,1.8439,10677,0
2016-06-21,19:50:00,1.84,1.85,1.82,1.8228,47270,0
2016-06-21,19:55:00,1.82,1.83,1.82,1.83,4390,0
2016-06-21,20:00:00,1.825,1.83,1.82,1.83,699,0
2016-06-21,20:05:00,1.83,1.83,1.8299,1.83,2300,0
2016-06-21,20:10:00,1.83,1.83,1.83,1.83,600,0
2016-06-21,20:15:00,1.83,1.83,1.83,1.83,100,0
2016-06-21,20:20:00,1.83,1.83,1.83,1.83,100,0
2016-06-21,20:25:00,1.83,1.83,1.82,1.83,7741,0
2016-06-21,20:30:00,1.83,1.83,1.83,1.83,300,0
2016-06-21,20:35:00,1.83,1.83,1.8227,1.83,3800,0
2016-06-21,20:40:00,1.83,1.83,1.83,1.83,300,0
2016-06-21,20:45:00,1.83,1.83,1.83,1.83,520,0
2016-06-21,20:50:00,1.83,1.83,1.83,1.83,400,0
2016-06-21,20:55:00,1.83,1.83,1.8299,1.8299,1680,0
2016-06-21,21:00:00,1.83,1.83,1.83,1.83,400,0
2016-06-21,21:05:00,1.83,1.835,1.83,1.835,1600,0
2016-06-21,21:10:00,1.84,1.84,1.84,1.84,200,0
2016-06-21,21:15:00,1.83,1.84,1.83,1.84,900,0
2016-06-21,21:20:00,1.84,1.84,1.84,1.84,900,0
2016-06-21,21:25:00,1.84,1.84,1.8334,1.84,2000,0
2016-06-21,21:30:00,1.84,1.84,1.8361,1.84,700,0
2016-06-21,21:35:00,1.84,1.85,1.84,1.85,17746,0
2016-06-21,21:40:00,1.85,1.86,1.85,1.86,3250,0
2016-06-21,21:45:00,1.85,1.86,1.85,1.86,3395,0
2016-06-21,21:50:00,1.86,1.86,1.8501,1.86,8220,0
2016-06-21,21:55:00,1.86,1.88,1.86,1.865,20156,0
2016-06-21,22:00:00,1.865,1.87,1.84,1.85,43153,0
2016-06-22,15:35:00,1.85,1.85,1.85,1.85,2728,0
2016-06-22,15:40:00,1.869,1.869,1.86,1.86,3200,0
2016-06-22,15:45:00,1.85,1.85,1.84,1.8499,10170,0
2016-06-22,15:50:00,1.85,1.85,1.85,1.85,300,0
2016-06-22,15:55:00,1.85,1.85,1.85,1.85,200,0
2016-06-22,16:00:00,1.85,1.85,1.85,1.85,600,0
2016-06-22,16:05:00,1.85,1.87,1.85,1.869,33800,0
2016-06-22,16:10:00,1.87,1.87,1.86,1.87,2270,0
2016-06-22,16:15:00,1.865,1.87,1.865,1.865,2404,0
2016-06-22,16:20:00,1.87,1.87,1.865,1.865,700,0
2016-06-22,16:25:00,1.865,1.87,1.865,1.8675,700,0
2016-06-22,16:30:00,1.865,1.87,1.865,1.87,1267,0
2016-06-22,16:35:00,1.86,1.88,1.86,1.879,6948,0
2016-06-22,16:40:00,1.88,1.88,1.8701,1.8701,5741,0
2016-06-22,16:45:00,1.8701,1.88,1.87,1.8701,12432,0
2016-06-22,16:50:00,1.875,1.89,1.86,1.875,15057,0
2016-06-22,16:55:00,1.88,1.89,1.875,1.89,3600,0
2016-06-22,17:00:00,1.88,1.88,1.88,1.88,200,0
2016-06-22,17:05:00,1.88,1.89,1.88,1.88,1200,0
2016-06-22,17:10:00,1.88,1.88,1.88,1.88,600,0
2016-06-22,17:15:00,1.88,1.89,1.88,1.89,1275,0
2016-06-22,17:20:00,1.88,1.89,1.88,1.89,600,0
2016-06-22,17:25:00,1.89,1.89,1.8832,1.885,1105,0
2016-06-22,17:30:00,1.885,1.89,1.885,1.89,400,0
2016-06-22,17:35:00,1.885,1.89,1.875,1.875,4167,0
2016-06-22,17:40:00,1.87,1.88,1.87,1.88,500,0
2016-06-22,17:45:00,1.875,1.875,1.87,1.87,1903,0
2016-06-22,17:50:00,1.87,1.88,1.86,1.8799,1007,0
2016-06-22,17:55:00,1.88,1.88,1.88,1.88,400,0
2016-06-22,18:00:00,1.88,1.88,1.88,1.88,300,0
2016-06-22,18:05:00,1.88,1.88,1.865,1.88,3500,0
2016-06-22,18:10:00,1.87,1.88,1.87,1.88,800,0
2016-06-22,18:15:00,1.88,1.88,1.86,1.88,800,0
2016-06-22,18:20:00,1.88,1.89,1.88,1.885,8000,0
2016-06-22,18:25:00,1.885,1.885,1.87,1.87,4212,0
2016-06-22,18:30:00,1.875,1.875,1.87,1.87,2023,0
2016-06-22,18:35:00,1.87,1.87,1.87,1.87,1900,0
2016-06-22,18:40:00,1.87,1.87,1.87,1.87,200,0
2016-06-22,18:45:00,1.87,1.88,1.86,1.88,1500,0
2016-06-22,18:50:00,1.88,1.88,1.86,1.865,2300,0
2016-06-22,18:55:00,1.861,1.87,1.86,1.86,13400,0
2016-06-22,19:00:00,1.86,1.87,1.86,1.86,18821,0
2016-06-22,19:05:00,1.865,1.8685,1.865,1.865,1400,0
2016-06-22,19:10:00,1.863,1.87,1.861,1.865,1100,0
2016-06-22,19:15:00,1.87,1.87,1.865,1.87,300,0
2016-06-22,19:20:00,1.86,1.86,1.853,1.853,11170,0
2016-06-22,19:25:00,1.865,1.865,1.865,1.865,100,0
2016-06-22,19:30:00,1.865,1.87,1.865,1.87,300,0
2016-06-22,19:35:00,1.86,1.87,1.86,1.87,1600,0
2016-06-22,19:40:00,1.865,1.87,1.86,1.865,1471,0
2016-06-22,19:45:00,1.87,1.87,1.865,1.865,500,0
2016-06-22,19:50:00,1.865,1.87,1.865,1.87,300,0
2016-06-22,19:55:00,1.87,1.87,1.865,1.865,370,0
2016-06-22,20:00:00,1.86,1.87,1.86,1.865,1813,0
2016-06-22,20:05:00,1.86,1.87,1.86,1.87,500,0
2016-06-22,20:10:00,1.87,1.87,1.865,1.865,300,0
2016-06-22,20:15:00,1.87,1.87,1.87,1.87,300,0
2016-06-22,20:20:00,1.86,1.87,1.86,1.8633,1690,0
2016-06-22,20:25:00,1.865,1.87,1.84,1.85,62306,0
2016-06-22,20:30:00,1.85,1.85,1.84,1.84,500,0
2016-06-22,20:35:00,1.85,1.85,1.849,1.8499,4800,0
2016-06-22,20:40:00,1.84,1.85,1.83,1.83,14700,0
2016-06-22,20:45:00,1.84,1.84,1.84,1.84,500,0
2016-06-22,20:50:00,1.84,1.84,1.84,1.84,300,0
2016-06-22,20:55:00,1.84,1.85,1.84,1.85,6200,0
2016-06-22,21:00:00,1.85,1.85,1.8436,1.85,600,0
2016-06-22,21:05:00,1.85,1.86,1.85,1.85,1400,0
2016-06-22,21:10:00,1.85,1.85,1.8405,1.85,1617,0
2016-06-22,21:15:00,1.85,1.85,1.85,1.85,1100,0
2016-06-22,21:20:00,1.85,1.85,1.85,1.85,1300,0
2016-06-22,21:25:00,1.85,1.85,1.85,1.85,1000,0
2016-06-22,21:30:00,1.85,1.85,1.84,1.85,5530,0
2016-06-22,21:35:00,1.85,1.85,1.84,1.85,12478,0
2016-06-22,21:40:00,1.85,1.85,1.84,1.85,2300,0
2016-06-22,21:45:00,1.85,1.85,1.84,1.85,2400,0
2016-06-22,21:50:00,1.85,1.85,1.84,1.85,3289,0
2016-06-22,21:55:00,1.85,1.85,1.845,1.85,4000,0
2016-06-22,22:00:00,1.85,1.85,1.81,1.81,59145,0
2016-06-23,15:35:00,1.85,1.85,1.85,1.85,3370,0
2016-06-23,15:40:00,1.832,1.832,1.83,1.83,8742,0
2016-06-23,15:50:00,1.8301,1.85,1.8,1.84,41272,0
2016-06-23,15:55:00,1.83,1.84,1.83,1.84,800,0
2016-06-23,16:00:00,1.839,1.839,1.8,1.81,32402,0
2016-06-23,16:10:00,1.81,1.81,1.8069,1.8069,4775,0
2016-06-23,16:15:00,1.81,1.81,1.7901,1.7925,18776,0
2016-06-23,16:20:00,1.8,1.8,1.8,1.8,100,0
2016-06-23,16:25:00,1.795,1.795,1.77,1.78,20304,0
2016-06-23,16:30:00,1.775,1.775,1.77,1.77,332,0
2016-06-23,16:35:00,1.77,1.7799,1.75,1.76,50124,0
2016-06-23,16:40:00,1.7641,1.79,1.7641,1.79,5000,0
2016-06-23,16:45:00,1.79,1.79,1.79,1.79,900,0
2016-06-23,16:50:00,1.7801,1.79,1.78,1.785,2800,0
2016-06-23,17:00:00,1.79,1.8,1.78,1.8,2100,0
2016-06-23,17:05:00,1.795,1.8,1.79,1.8,2467,0
2016-06-23,17:10:00,1.795,1.7999,1.79,1.7999,469,0
2016-06-23,17:15:00,1.8,1.8,1.8,1.8,300,0
2016-06-23,17:20:00,1.7973,1.7973,1.79,1.795,2949,0
2016-06-23,17:25:00,1.79,1.79,1.79,1.79,589,0
2016-06-23,17:30:00,1.795,1.796,1.79,1.795,2755,0
2016-06-23,17:35:00,1.79,1.8,1.79,1.79,2800,0
2016-06-23,17:40:00,1.79,1.8,1.79,1.79,3400,0
2016-06-23,17:45:00,1.79,1.79,1.79,1.79,900,0
2016-06-23,17:50:00,1.795,1.8,1.79,1.8,55200,0
2016-06-23,17:55:00,1.8,1.8,1.79,1.795,5734,0
2016-06-23,18:00:00,1.8,1.8,1.78,1.78,9534,0
2016-06-23,18:05:00,1.79,1.8,1.77,1.77,30050,0
2016-06-23,18:10:00,1.78,1.78,1.77,1.77,3618,0
2016-06-23,18:15:00,1.775,1.775,1.772,1.772,350,0
2016-06-23,18:20:00,1.7799,1.78,1.775,1.78,2000,0
2016-06-23,18:25:00,1.78,1.78,1.7701,1.7701,5100,0
2016-06-23,18:30:00,1.775,1.776,1.77,1.77,6531,0
2016-06-23,18:35:00,1.78,1.78,1.77,1.775,3149,0
2016-06-23,18:40:00,1.775,1.775,1.77,1.77,600,0
2016-06-23,18:45:00,1.77,1.78,1.77,1.775,2200,0
2016-06-23,18:50:00,1.77,1.77,1.765,1.77,5341,0
2016-06-23,18:55:00,1.7799,1.78,1.7799,1.78,1100,0
2016-06-23,19:00:00,1.78,1.78,1.775,1.78,1200,0
2016-06-23,19:05:00,1.78,1.78,1.77,1.78,400,0
2016-06-23,19:10:00,1.78,1.78,1.76,1.76,27171,0
2016-06-23,19:15:00,1.77,1.77,1.76,1.7601,2200,0
2016-06-23,19:20:00,1.765,1.765,1.765,1.765,100,0
2016-06-23,19:25:00,1.7685,1.7685,1.71,1.74,59821,0
2016-06-23,19:30:00,1.74,1.74,1.71,1.734,55336,0
2016-06-23,19:35:00,1.734,1.739,1.7201,1.7325,5159,0
2016-06-23,19:40:00,1.73,1.74,1.7201,1.7358,8800,0
2016-06-23,19:45:00,1.734,1.74,1.7201,1.7285,13704,0
2016-06-23,19:50:00,1.725,1.73,1.72,1.73,12053,0
2016-06-23,19:55:00,1.7291,1.73,1.72,1.72,1924,0
2016-06-23,20:00:00,1.73,1.73,1.725,1.725,17584,0
2016-06-23,20:05:00,1.72,1.73,1.72,1.73,7393,0
2016-06-23,20:10:00,1.7298,1.74,1.725,1.74,8246,0
2016-06-23,20:15:00,1.73,1.75,1.73,1.75,900,0
2016-06-23,20:20:00,1.745,1.747,1.725,1.725,23957,0
2016-06-23,20:25:00,1.725,1.74,1.725,1.74,6300,0
2016-06-23,20:30:00,1.74,1.75,1.74,1.744,9635,0
2016-06-23,20:35:00,1.7475,1.7475,1.7456,1.7456,2600,0
2016-06-23,20:40:00,1.75,1.75,1.74,1.74,14800,0
2016-06-23,20:45:00,1.74,1.745,1.72,1.72,24375,0
2016-06-23,20:50:00,1.72,1.73,1.72,1.72,30500,0
2016-06-23,20:55:00,1.72,1.73,1.72,1.72,48608,0
2016-06-23,21:00:00,1.72,1.73,1.71,1.71,54540,0
2016-06-23,21:05:00,1.71,1.7196,1.7,1.7,39659,0
2016-06-23,21:10:00,1.7,1.7099,1.7,1.7,31540,0
2016-06-23,21:15:00,1.7,1.71,1.6999,1.6999,46599,0
2016-06-23,21:20:00,1.6916,1.7,1.691,1.7,32560,0
2016-06-23,21:25:00,1.6999,1.7,1.6916,1.7,29841,0
2016-06-23,21:30:00,1.7,1.71,1.69,1.7,46634,0
2016-06-23,21:35:00,1.705,1.735,1.7016,1.735,7162,0
2016-06-23,21:40:00,1.73,1.735,1.7,1.7299,28800,0
2016-06-23,21:45:00,1.725,1.73,1.72,1.72,1354,0
2016-06-23,21:50:00,1.72,1.72,1.69,1.7,20283,0
2016-06-23,21:55:00,1.7,1.71,1.67,1.68,57258,0
2016-06-23,22:00:00,1.68,1.68,1.6701,1.675,53977,0
2016-06-24,15:35:00,1.65,1.653,1.62,1.6238,22443,0
2016-06-24,15:40:00,1.63,1.63,1.61,1.61,19778,0
2016-06-24,15:45:00,1.6101,1.63,1.61,1.61,33969,0
2016-06-24,15:50:00,1.63,1.63,1.61,1.63,2596,0
2016-06-24,15:55:00,1.625,1.63,1.615,1.6212,9005,0
2016-06-24,16:00:00,1.62,1.63,1.62,1.625,2200,0
2016-06-24,16:05:00,1.625,1.64,1.625,1.635,13200,0
2016-06-24,16:10:00,1.64,1.64,1.62,1.635,13625,0
2016-06-24,16:15:00,1.635,1.64,1.63,1.64,6600,0
2016-06-24,16:20:00,1.63,1.6385,1.63,1.63,6606,0
2016-06-24,16:25:00,1.63,1.64,1.62,1.63,9949,0
2016-06-24,16:30:00,1.63,1.64,1.63,1.63,1100,0
2016-06-24,16:35:00,1.63,1.6361,1.63,1.63,450,0
2016-06-24,16:40:00,1.63,1.64,1.62,1.63,7731,0
2016-06-24,16:45:00,1.62,1.63,1.62,1.625,6050,0
2016-06-24,16:50:00,1.62,1.63,1.61,1.61,32484,0
2016-06-24,16:55:00,1.61,1.61,1.6,1.6099,15529,0
2016-06-24,17:00:00,1.6,1.61,1.6,1.6087,16950,0
2016-06-24,17:05:00,1.605,1.605,1.6,1.6,10400,0
2016-06-24,17:10:00,1.6,1.6075,1.6,1.6062,7859,0
2016-06-24,17:15:00,1.6,1.61,1.6,1.6,4200,0
2016-06-24,17:20:00,1.61,1.61,1.6,1.6,7900,0
2016-06-24,17:25:00,1.6,1.61,1.6,1.6,4707,0
2016-06-24,17:30:00,1.6,1.61,1.6,1.6,2046,0
2016-06-24,17:35:00,1.6,1.61,1.6,1.6,8170,0
2016-06-24,17:40:00,1.6,1.6099,1.57,1.5801,35717,0
2016-06-24,17:45:00,1.59,1.61,1.5899,1.59,5034,0
2016-06-24,17:50:00,1.59,1.59,1.58,1.58,5750,0
2016-06-24,17:55:00,1.59,1.6,1.577,1.59,25747,0
2016-06-24,18:00:00,1.5954,1.61,1.595,1.608,26538,0
2016-06-24,18:05:00,1.6,1.6,1.59,1.59,925,0
2016-06-24,18:10:00,1.6099,1.61,1.598,1.598,2026,0
2016-06-24,18:15:00,1.6,1.6,1.59,1.5991,1600,0
2016-06-24,18:20:00,1.59,1.6,1.59,1.595,6800,0
2016-06-24,18:25:00,1.5972,1.5972,1.591,1.595,1890,0
2016-06-24,18:30:00,1.5953,1.6,1.5901,1.595,5013,0
2016-06-24,18:35:00,1.5973,1.6,1.59,1.59,1599,0
2016-06-24,18:40:00,1.59,1.6,1.59,1.5999,4335,0
2016-06-24,18:45:00,1.59,1.5999,1.5801,1.5801,13106,0
2016-06-24,18:50:00,1.5801,1.59,1.58,1.585,16743,0
2016-06-24,18:55:00,1.58,1.58,1.58,1.58,513,0
2016-06-24,19:00:00,1.588,1.59,1.58,1.5848,12525,0
2016-06-24,19:05:00,1.5848,1.585,1.58,1.585,6500,0
2016-06-24,19:10:00,1.59,1.59,1.585,1.59,600,0
2016-06-24,19:15:00,1.5801,1.59,1.5801,1.585,13600,0
2016-06-24,19:20:00,1.585,1.59,1.58,1.5874,4587,0
2016-06-24,19:25:00,1.5884,1.59,1.58,1.59,1501,0
2016-06-24,19:30:00,1.5867,1.5867,1.5867,1.5867,300,0
2016-06-24,19:35:00,1.59,1.6,1.585,1.6,6289,0
2016-06-24,19:40:00,1.59,1.595,1.58,1.585,12720,0
2016-06-24,19:45:00,1.58,1.59,1.58,1.585,3500,0
2016-06-24,19:50:00,1.59,1.59,1.58,1.585,2200,0
2016-06-24,19:55:00,1.5801,1.605,1.5801,1.605,13100,0
2016-06-24,20:00:00,1.6,1.6099,1.6,1.6099,3100,0
2016-06-24,20:05:00,1.6,1.6,1.59,1.5916,15573,0
2016-06-24,20:10:00,1.6,1.6,1.59,1.59,1814,0
2016-06-24,20:15:00,1.58,1.5973,1.58,1.59,15048,0
2016-06-24,20:20:00,1.59,1.59,1.58,1.58,12140,0
2016-06-24,20:25:00,1.585,1.59,1.58,1.585,17800,0
2016-06-24,20:30:00,1.58,1.59,1.58,1.5899,16252,0
2016-06-24,20:35:00,1.58,1.59,1.58,1.59,3353,0
2016-06-24,20:40:00,1.589,1.59,1.585,1.59,5400,0
2016-06-24,20:45:00,1.58,1.58,1.58,1.58,100,0
2016-06-24,20:50:00,1.5856,1.5856,1.58,1.58,400,0
2016-06-24,20:55:00,1.5861,1.59,1.58,1.58,6018,0
2016-06-24,21:00:00,1.5801,1.59,1.5801,1.5899,6900,0
2016-06-24,21:05:00,1.59,1.59,1.58,1.5833,1400,0
2016-06-24,21:10:00,1.585,1.59,1.58,1.58,8345,0
2016-06-24,21:15:00,1.58,1.59,1.58,1.585,6600,0
2016-06-24,21:20:00,1.585,1.59,1.54,1.5747,278571,0
2016-06-24,21:25:00,1.57,1.58,1.57,1.58,9450,0
2016-06-24,21:30:00,1.5784,1.58,1.57,1.58,1630,0
2016-06-24,21:35:00,1.58,1.58,1.5601,1.565,12673,0
2016-06-24,21:40:00,1.57,1.57,1.56,1.57,20665,0
2016-06-24,21:45:00,1.57,1.58,1.56,1.5675,41740,0
2016-06-24,21:50:00,1.57,1.57,1.545,1.55,37187,0
2016-06-24,21:55:00,1.5499,1.57,1.545,1.5684,54318,0
2016-06-24,22:00:00,1.57,1.5728,1.53,1.55,96059,0
2016-06-27,15:35:00,1.54,1.6,1.5,1.56,39701,0
2016-06-27,15:40:00,1.61,1.61,1.56,1.57,38558,0
2016-06-27,15:45:00,1.56,1.565,1.54,1.55,6299,0
2016-06-27,15:50:00,1.535,1.5399,1.5201,1.5201,4745,0
2016-06-27,15:55:00,1.52,1.52,1.52,1.52,3900,0
2016-06-27,16:00:00,1.51,1.51,1.49,1.49,63650,0
2016-06-27,16:05:00,1.49,1.5,1.49,1.49,12825,0
2016-06-27,16:10:00,1.49,1.49,1.46,1.48,22928,0
2016-06-27,16:15:00,1.47,1.48,1.45,1.47,18502,0
2016-06-27,16:20:00,1.467,1.47,1.46,1.47,6700,0
2016-06-27,16:25:00,1.47,1.48,1.4601,1.4699,4174,0
2016-06-27,16:30:00,1.4799,1.4799,1.475,1.4761,3214,0
2016-06-27,16:35:00,1.47,1.475,1.46,1.47,6400,0
2016-06-27,16:40:00,1.467,1.47,1.467,1.47,1700,0
2016-06-27,16:45:00,1.47,1.475,1.47,1.475,7585,0
2016-06-27,16:50:00,1.47,1.47,1.46,1.46,21540,0
2016-06-27,16:55:00,1.46,1.47,1.45,1.45,7000,0
2016-06-27,17:00:00,1.47,1.47,1.45,1.45,10692,0
2016-06-27,17:05:00,1.45,1.45,1.434,1.445,82755,0
2016-06-27,17:10:00,1.45,1.46,1.45,1.455,18700,0
2016-06-27,17:15:00,1.455,1.46,1.45,1.46,27300,0
2016-06-27,17:20:00,1.45,1.46,1.4485,1.45,70318,0
2016-06-27,17:25:00,1.45,1.45,1.45,1.45,4101,0
2016-06-27,17:30:00,1.45,1.45,1.4462,1.45,1598,0
2016-06-27,17:35:00,1.45,1.46,1.45,1.459,7126,0
2016-06-27,17:40:00,1.455,1.46,1.45,1.46,6200,0
2016-06-27,17:45:00,1.455,1.46,1.455,1.455,4523,0
2016-06-27,17:50:00,1.46,1.46,1.45,1.45,9200,0
2016-06-27,17:55:00,1.455,1.455,1.45,1.45,1000,0
2016-06-27,18:00:00,1.457,1.46,1.45,1.45,7023,0
2016-06-27,18:05:00,1.4599,1.46,1.45,1.46,1500,0
2016-06-27,18:10:00,1.455,1.46,1.45,1.46,5500,0
2016-06-27,18:15:00,1.455,1.46,1.45,1.455,2600,0
2016-06-27,18:20:00,1.46,1.46,1.46,1.46,6700,0
2016-06-27,18:25:00,1.4599,1.46,1.455,1.46,5900,0
2016-06-27,18:30:00,1.45,1.46,1.45,1.455,20932,0
2016-06-27,18:35:00,1.46,1.465,1.45,1.46,1582,0
2016-06-27,18:40:00,1.46,1.46,1.45,1.457,11260,0
2016-06-27,18:45:00,1.456,1.46,1.456,1.46,800,0
2016-06-27,18:50:00,1.4535,1.46,1.45,1.455,3972,0
2016-06-27,18:55:00,1.46,1.46,1.45,1.45,2850,0
2016-06-27,19:00:00,1.46,1.46,1.45,1.46,1200,0
2016-06-27,19:05:00,1.46,1.46,1.455,1.4587,4576,0
2016-06-27,19:10:00,1.455,1.46,1.451,1.457,13170,0
2016-06-27,19:15:00,1.45,1.45,1.45,1.45,100,0
2016-06-27,19:20:00,1.46,1.465,1.455,1.46,9400,0
2016-06-27,19:25:00,1.455,1.46,1.455,1.46,36000,0
2016-06-27,19:30:00,1.455,1.46,1.455,1.455,21600,0
2016-06-27,19:35:00,1.46,1.46,1.4569,1.46,5500,0
2016-06-27,19:40:00,1.46,1.47,1.45,1.455,34420,0
2016-06-27,19:45:00,1.46,1.46,1.45,1.46,5900,0
2016-06-27,19:50:00,1.46,1.46,1.45,1.46,5800,0
2016-06-27,19:55:00,1.46,1.46,1.46,1.46,500,0
2016-06-27,20:00:00,1.46,1.46,1.45,1.46,4372,0
2016-06-27,20:05:00,1.455,1.46,1.455,1.455,9038,0
2016-06-27,20:10:00,1.455,1.46,1.45,1.455,7265,0
2016-06-27,20:15:00,1.46,1.46,1.45,1.45,7604,0
2016-06-27,20:20:00,1.46,1.46,1.46,1.46,200,0
2016-06-27,20:25:00,1.455,1.46,1.4501,1.46,1501,0
2016-06-27,20:30:00,1.46,1.46,1.45,1.45,61500,0
2016-06-27,20:35:00,1.4593,1.46,1.4593,1.46,700,0
2016-06-27,20:40:00,1.46,1.46,1.45,1.455,4109,0
2016-06-27,20:45:00,1.455,1.46,1.45,1.45,14800,0
2016-06-27,20:50:00,1.455,1.46,1.45,1.4599,4400,0
2016-06-27,20:55:00,1.455,1.455,1.45,1.45,5600,0
2016-06-27,21:00:00,1.46,1.46,1.4593,1.46,600,0
2016-06-27,21:05:00,1.455,1.46,1.455,1.46,1128,0
2016-06-27,21:10:00,1.455,1.46,1.455,1.46,900,0
2016-06-27,21:15:00,1.455,1.46,1.455,1.46,700,0
2016-06-27,21:20:00,1.46,1.465,1.45,1.45,46998,0
2016-06-27,21:25:00,1.454,1.455,1.45,1.455,2700,0
2016-06-27,21:30:00,1.46,1.46,1.45,1.4515,138637,0
2016-06-27,21:35:00,1.4539,1.46,1.45,1.455,13396,0
2016-06-27,21:40:00,1.455,1.46,1.45,1.45,16500,0
2016-06-27,21:45:00,1.46,1.46,1.45,1.45,14638,0
2016-06-27,21:50:00,1.455,1.46,1.45,1.45,14669,0
2016-06-27,21:55:00,1.455,1.46,1.45,1.455,23321,0
2016-06-27,22:00:00,1.455,1.46,1.45,1.46,58060,0
2016-06-28,15:35:00,1.51,1.54,1.5,1.5199,55921,0
2016-06-28,15:40:00,1.52,1.5324,1.5101,1.52,8187,0
2016-06-28,15:45:00,1.52,1.5399,1.52,1.5359,3148,0
2016-06-28,15:50:00,1.54,1.54,1.5391,1.5399,2300,0
2016-06-28,15:55:00,1.5399,1.55,1.539,1.55,16204,0
2016-06-28,16:00:00,1.55,1.58,1.5462,1.57,15783,0
2016-06-28,16:05:00,1.57,1.58,1.565,1.575,12000,0
2016-06-28,16:10:00,1.5601,1.5601,1.5601,1.5601,100,0
2016-06-28,16:15:00,1.59,1.59,1.56,1.57,6850,0
2016-06-28,16:20:00,1.589,1.595,1.58,1.5925,15200,0
2016-06-28,16:25:00,1.6,1.6,1.593,1.5944,5423,0
2016-06-28,16:30:00,1.59,1.62,1.59,1.605,11075,0
2016-06-28,16:35:00,1.61,1.62,1.61,1.62,2509,0
2016-06-28,16:40:00,1.61,1.62,1.61,1.61,12147,0
2016-06-28,16:45:00,1.61,1.61,1.61,1.61,6998,0
2016-06-28,16:50:00,1.606,1.6131,1.6,1.6131,1677,0
2016-06-28,16:55:00,1.62,1.62,1.62,1.62,2700,0
2016-06-28,17:00:00,1.61,1.6225,1.61,1.6225,6375,0
2016-06-28,17:05:00,1.62,1.63,1.62,1.63,1901,0
2016-06-28,17:10:00,1.6201,1.63,1.62,1.63,6563,0
2016-06-28,17:15:00,1.61,1.62,1.61,1.615,10700,0
2016-06-28,17:20:00,1.61,1.63,1.61,1.63,6560,0
2016-06-28,17:25:00,1.63,1.64,1.62,1.64,18094,0
2016-06-28,17:30:00,1.6434,1.6434,1.63,1.643,11012,0
2016-06-28,17:35:00,1.64,1.65,1.64,1.65,400,0
2016-06-28,17:40:00,1.65,1.65,1.64,1.645,22120,0
2016-06-28,17:45:00,1.645,1.65,1.63,1.64,43139,0
2016-06-28,17:50:00,1.64,1.64,1.63,1.64,3500,0
2016-06-28,17:55:00,1.634,1.64,1.62,1.62,15065,0
2016-06-28,18:00:00,1.64,1.64,1.63,1.63,300,0
2016-06-28,18:05:00,1.64,1.64,1.6299,1.6299,400,0
2016-06-28,18:10:00,1.63,1.63,1.63,1.63,100,0
2016-06-28,18:15:00,1.6299,1.63,1.62,1.62,8280,0
2016-06-28,18:20:00,1.63,1.63,1.63,1.63,19874,0
2016-06-28,18:25:00,1.6365,1.65,1.6365,1.65,3200,0
2016-06-28,18:30:00,1.65,1.65,1.6435,1.6435,5443,0
2016-06-28,18:35:00,1.65,1.655,1.647,1.6536,4905,0
2016-06-28,18:40:00,1.655,1.66,1.65,1.65,3400,0
2016-06-28,18:45:00,1.655,1.66,1.65,1.655,2700,0
2016-06-28,18:50:00,1.65,1.66,1.65,1.655,6000,0
2016-06-28,18:55:00,1.65,1.655,1.65,1.655,2806,0
2016-06-28,19:00:00,1.655,1.655,1.64,1.64,8697,0
2016-06-28,19:05:00,1.64,1.64,1.61,1.64,10551,0
2016-06-28,19:10:00,1.64,1.65,1.64,1.645,2800,0
2016-06-28,19:15:00,1.65,1.65,1.65,1.65,200,0
2016-06-28,19:20:00,1.65,1.655,1.65,1.65,900,0
2016-06-28,19:25:00,1.65,1.65,1.6465,1.65,1900,0
2016-06-28,19:30:00,1.65,1.65,1.64,1.6401,8124,0
2016-06-28,19:35:00,1.64,1.6401,1.64,1.6401,200,0
2016-06-28,19:40:00,1.64,1.64,1.64,1.64,1780,0
2016-06-28,19:45:00,1.65,1.65,1.64,1.64,300,0
2016-06-28,19:50:00,1.65,1.65,1.65,1.65,200,0
2016-06-28,19:55:00,1.65,1.65,1.64,1.64,1043,0
2016-06-28,20:00:00,1.645,1.65,1.645,1.65,9199,0
2016-06-28,20:05:00,1.65,1.65,1.64,1.65,2600,0
2016-06-28,20:10:00,1.65,1.65,1.64,1.6499,7400,0
2016-06-28,20:15:00,1.64,1.65,1.64,1.65,7533,0
2016-06-28,20:20:00,1.65,1.65,1.64,1.64,6300,0
2016-06-28,20:25:00,1.6493,1.65,1.6493,1.65,2100,0
2016-06-28,20:30:00,1.64,1.65,1.64,1.65,800,0
2016-06-28,20:35:00,1.64,1.65,1.64,1.643,5100,0
2016-06-28,20:40:00,1.64,1.65,1.64,1.65,600,0
2016-06-28,20:45:00,1.6484,1.6484,1.64,1.64,600,0
2016-06-28,20:50:00,1.65,1.65,1.6499,1.65,5200,0
2016-06-28,20:55:00,1.6416,1.65,1.6416,1.65,1600,0
2016-06-28,21:00:00,1.65,1.65,1.6499,1.65,1900,0
2016-06-28,21:10:00,1.65,1.65,1.65,1.65,2300,0
2016-06-28,21:15:00,1.65,1.6763,1.65,1.6763,20466,0
2016-06-28,21:20:00,1.6799,1.6799,1.67,1.6799,11200,0
2016-06-28,21:25:00,1.68,1.69,1.6799,1.69,6120,0
2016-06-28,21:30:00,1.69,1.695,1.6899,1.6899,32702,0
2016-06-28,21:35:00,1.6894,1.6894,1.68,1.6868,6000,0
2016-06-28,21:40:00,1.69,1.69,1.68,1.68,1890,0
2016-06-28,21:45:00,1.68,1.685,1.67,1.67,10876,0
2016-06-28,21:50:00,1.67,1.675,1.67,1.67,12680,0
2016-06-28,21:55:00,1.6799,1.6799,1.67,1.675,1419,0
2016-06-28,22:00:00,1.67,1.68,1.65,1.67,32118,0
2016-06-29,15:35:00,1.72,1.72,1.67,1.68,24830,0
2016-06-29,15:40:00,1.69,1.69,1.68,1.68,900,0
2016-06-29,15:45:00,1.67,1.6701,1.6438,1.666,9954,0
2016-06-29,15:50:00,1.66,1.66,1.645,1.645,300,0
2016-06-29,15:55:00,1.6402,1.65,1.6402,1.65,5600,0
2016-06-29,16:00:00,1.6401,1.67,1.64,1.65,3500,0
2016-06-29,16:05:00,1.65,1.65,1.65,1.65,100,0
2016-06-29,16:10:00,1.64,1.65,1.64,1.64,6500,0
2016-06-29,16:15:00,1.63,1.6428,1.62,1.6428,3750,0
2016-06-29,16:20:00,1.65,1.65,1.6401,1.65,21850,0
2016-06-29,16:25:00,1.65,1.65,1.63,1.64,25290,0
2016-06-29,16:30:00,1.65,1.65,1.6301,1.64,3793,0
2016-06-29,16:35:00,1.66,1.66,1.63,1.633,7468,0
2016-06-29,16:40:00,1.64,1.64,1.6,1.603,35011,0
2016-06-29,16:45:00,1.6,1.62,1.6,1.603,5100,0
2016-06-29,16:50:00,1.6061,1.63,1.6061,1.63,2800,0
2016-06-29,16:55:00,1.63,1.63,1.63,1.63,200,0
2016-06-29,17:00:00,1.64,1.65,1.63,1.65,1423,0
2016-06-29,17:05:00,1.65,1.65,1.636,1.65,1100,0
2016-06-29,17:10:00,1.65,1.65,1.63,1.65,1400,0
2016-06-29,17:15:00,1.65,1.65,1.63,1.645,33000,0
2016-06-29,17:20:00,1.65,1.65,1.65,1.65,454,0
2016-06-29,17:25:00,1.64,1.66,1.64,1.66,28200,0
2016-06-29,17:30:00,1.66,1.67,1.65,1.665,4300,0
2016-06-29,17:35:00,1.67,1.67,1.66,1.66,4779,0
2016-06-29,17:40:00,1.67,1.67,1.66,1.67,7403,0
2016-06-29,17:45:00,1.67,1.68,1.66,1.68,13600,0
2016-06-29,17:50:00,1.6799,1.69,1.67,1.6801,34230,0
2016-06-29,17:55:00,1.7,1.72,1.695,1.72,1526,0
2016-06-29,18:00:00,1.72,1.72,1.71,1.71,600,0
2016-06-29,18:05:00,1.71,1.71,1.68,1.7,6360,0
2016-06-29,18:10:00,1.69,1.7,1.69,1.7,300,0
2016-06-29,18:15:00,1.7,1.7,1.69,1.7,9300,0
2016-06-29,18:20:00,1.7,1.7,1.6985,1.7,1300,0
2016-06-29,18:25:00,1.69,1.7,1.69,1.7,6400,0
2016-06-29,18:30:00,1.69,1.69,1.68,1.68,7200,0
2016-06-29,18:35:00,1.68,1.69,1.68,1.69,300,0
2016-06-29,18:40:00,1.69,1.69,1.69,1.69,1100,0
2016-06-29,18:45:00,1.69,1.69,1.68,1.69,500,0
2016-06-29,18:50:00,1.69,1.69,1.683,1.683,473,0
2016-06-29,18:55:00,1.69,1.69,1.69,1.69,300,0
2016-06-29,19:00:00,1.6899,1.69,1.68,1.685,7000,0
2016-06-29,19:05:00,1.68,1.685,1.64,1.65,49650,0
2016-06-29,19:10:00,1.64,1.66,1.64,1.65,4203,0
2016-06-29,19:15:00,1.65,1.66,1.65,1.66,1100,0
2016-06-29,19:20:00,1.66,1.66,1.655,1.66,1500,0
2016-06-29,19:25:00,1.6501,1.66,1.65,1.6527,3000,0
2016-06-29,19:30:00,1.66,1.66,1.6501,1.6599,1300,0
2016-06-29,19:35:00,1.66,1.66,1.65,1.65,2861,0
2016-06-29,19:40:00,1.655,1.655,1.65,1.65,500,0
2016-06-29,19:45:00,1.653,1.66,1.65,1.65,1300,0
2016-06-29,19:50:00,1.66,1.66,1.66,1.66,200,0
2016-06-29,19:55:00,1.66,1.66,1.655,1.66,800,0
2016-06-29,20:00:00,1.66,1.66,1.65,1.66,2500,0
2016-06-29,20:05:00,1.67,1.67,1.67,1.67,650,0
2016-06-29,20:10:00,1.6665,1.67,1.6665,1.67,1200,0
2016-06-29,20:15:00,1.67,1.67,1.66,1.67,900,0
2016-06-29,20:20:00,1.67,1.67,1.6699,1.6699,600,0
2016-06-29,20:25:00,1.67,1.67,1.66,1.66,200,0
2016-06-29,20:30:00,1.67,1.68,1.67,1.67,2300,0
2016-06-29,20:35:00,1.677,1.68,1.677,1.68,1400,0
2016-06-29,20:40:00,1.68,1.68,1.68,1.68,200,0
2016-06-29,20:45:00,1.68,1.68,1.6773,1.68,2800,0
2016-06-29,20:50:00,1.68,1.7,1.68,1.7,114531,0
2016-06-29,20:55:00,1.7,1.7,1.69,1.7,2120,0
2016-06-29,21:00:00,1.695,1.7,1.695,1.695,1700,0
2016-06-29,21:05:00,1.695,1.695,1.695,1.695,100,0
2016-06-29,21:10:00,1.7,1.7,1.68,1.69,5500,0
2016-06-29,21:15:00,1.685,1.69,1.68,1.69,3500,0
2016-06-29,21:20:00,1.69,1.69,1.69,1.69,400,0
2016-06-29,21:25:00,1.69,1.7,1.6813,1.7,3269,0
2016-06-29,21:30:00,1.69,1.7,1.69,1.6901,1100,0
2016-06-29,21:35:00,1.7,1.7,1.69,1.6999,2890,0
2016-06-29,21:40:00,1.69,1.72,1.69,1.715,36100,0
2016-06-29,21:45:00,1.7,1.72,1.7,1.71,72200,0
2016-06-29,21:50:00,1.71,1.72,1.71,1.71,7190,0
2016-06-29,21:55:00,1.715,1.735,1.71,1.725,170745,0
2016-06-29,22:00:00,1.73,1.73,1.67,1.68,142726,0
2016-06-30,15:35:00,1.7,1.71,1.7,1.71,3336,0
2016-06-30,15:40:00,1.7,1.7099,1.68,1.68,4651,0
2016-06-30,15:45:00,1.6739,1.68,1.6739,1.6799,1750,0
2016-06-30,15:50:00,1.68,1.68,1.67,1.67,4910,0
2016-06-30,15:55:00,1.65,1.67,1.55,1.6,222825,0
2016-06-30,16:00:00,1.6,1.63,1.5972,1.63,4406,0
2016-06-30,16:05:00,1.63,1.65,1.63,1.63,1796,0
2016-06-30,16:10:00,1.65,1.65,1.65,1.65,200,0
2016-06-30,16:15:00,1.64,1.66,1.64,1.66,9600,0
2016-06-30,16:20:00,1.67,1.68,1.67,1.68,9700,0
2016-06-30,16:25:00,1.68,1.68,1.6761,1.6761,2200,0
2016-06-30,16:30:00,1.68,1.68,1.67,1.67,300,0
2016-06-30,16:35:00,1.6701,1.69,1.6701,1.68,3300,0
2016-06-30,16:40:00,1.6869,1.6869,1.6869,1.6869,2702,0
2016-06-30,16:45:00,1.68,1.685,1.68,1.685,1000,0
2016-06-30,16:50:00,1.69,1.69,1.69,1.69,300,0
2016-06-30,16:55:00,1.68,1.69,1.68,1.6861,4972,0
2016-06-30,17:00:00,1.69,1.6982,1.69,1.6982,5395,0
2016-06-30,17:05:00,1.697,1.7,1.697,1.697,1300,0
2016-06-30,17:10:00,1.698,1.705,1.698,1.7,3300,0
2016-06-30,17:15:00,1.7,1.705,1.7,1.7,2275,0
2016-06-30,17:20:00,1.7,1.7,1.65,1.65,38515,0
2016-06-30,17:25:00,1.64,1.66,1.64,1.65,3900,0
2016-06-30,17:30:00,1.66,1.66,1.65,1.65,300,0
2016-06-30,17:35:00,1.651,1.651,1.64,1.6401,1960,0
2016-06-30,17:40:00,1.6472,1.6472,1.6472,1.6472,100,0
2016-06-30,17:45:00,1.66,1.66,1.66,1.66,100,0
2016-06-30,17:50:00,1.64,1.67,1.64,1.665,10289,0
2016-06-30,17:55:00,1.6401,1.67,1.64,1.64,13900,0
2016-06-30,18:00:00,1.65,1.65,1.642,1.642,200,0
2016-06-30,18:05:00,1.64,1.645,1.64,1.64,1100,0
2016-06-30,18:15:00,1.645,1.645,1.64,1.64,300,0
2016-06-30,18:25:00,1.65,1.65,1.64,1.64,2300,0
2016-06-30,18:30:00,1.6444,1.6444,1.6444,1.6444,590,0
2016-06-30,18:35:00,1.64,1.65,1.64,1.65,300,0
2016-06-30,18:40:00,1.645,1.65,1.64,1.65,500,0
2016-06-30,18:45:00,1.645,1.65,1.645,1.65,2000,0
2016-06-30,18:55:00,1.6465,1.6599,1.6465,1.6599,1050,0
2016-06-30,19:05:00,1.64,1.66,1.64,1.65,1500,0
2016-06-30,19:15:00,1.66,1.66,1.6577,1.6577,1000,0
2016-06-30,19:20:00,1.66,1.66,1.6514,1.6514,800,0
2016-06-30,19:25:00,1.65,1.65,1.65,1.65,100,0
2016-06-30,19:30:00,1.65,1.6599,1.65,1.6599,1006,0
2016-06-30,19:35:00,1.65,1.65,1.65,1.65,100,0
2016-06-30,19:40:00,1.6501,1.6599,1.6501,1.6562,5700,0
2016-06-30,19:45:00,1.65,1.66,1.65,1.655,400,0
2016-06-30,19:55:00,1.66,1.66,1.655,1.655,3400,0
2016-06-30,20:00:00,1.66,1.67,1.65,1.67,4645,0
2016-06-30,20:05:00,1.665,1.665,1.665,1.665,100,0
2016-06-30,20:10:00,1.6601,1.665,1.6601,1.665,2600,0
2016-06-30,20:15:00,1.665,1.67,1.665,1.665,1130,0
2016-06-30,20:20:00,1.66,1.665,1.66,1.665,500,0
2016-06-30,20:25:00,1.6665,1.67,1.6665,1.67,1550,0
2016-06-30,20:30:00,1.6701,1.675,1.6701,1.675,1600,0
2016-06-30,20:35:00,1.67,1.67,1.67,1.67,1300,0
2016-06-30,20:40:00,1.675,1.68,1.675,1.675,1900,0
2016-06-30,20:45:00,1.675,1.68,1.675,1.675,1300,0
2016-06-30,20:50:00,1.68,1.68,1.68,1.68,800,0
2016-06-30,20:55:00,1.67,1.67,1.67,1.67,500,0
2016-06-30,21:00:00,1.67,1.6784,1.67,1.67,1300,0
2016-06-30,21:05:00,1.676,1.68,1.67,1.67,800,0
2016-06-30,21:10:00,1.68,1.68,1.6716,1.6716,1600,0
2016-06-30,21:15:00,1.67,1.67,1.67,1.67,100,0
2016-06-30,21:20:00,1.6716,1.68,1.67,1.68,7100,0
2016-06-30,21:25:00,1.68,1.68,1.67,1.67,2318,0
2016-06-30,21:30:00,1.6716,1.68,1.67,1.67,14778,0
2016-06-30,21:35:00,1.6716,1.68,1.67,1.67,11462,0
2016-06-30,21:40:00,1.675,1.7,1.67,1.6999,30340,0
2016-06-30,21:45:00,1.6916,1.6981,1.68,1.685,11825,0
2016-06-30,21:50:00,1.68,1.685,1.68,1.68,2600,0
2016-06-30,21:55:00,1.68,1.69,1.68,1.685,9500,0
2016-06-30,22:00:00,1.69,1.69,1.67,1.67,60591,0
2016-07-01,15:35:00,1.67,1.67,1.67,1.67,8202,0
2016-07-01,15:40:00,1.7,1.7,1.6878,1.69,684,0
2016-07-01,15:45:00,1.695,1.7,1.695,1.7,11256,0
2016-07-01,15:50:00,1.7,1.7,1.7,1.7,395,0
2016-07-01,15:55:00,1.7,1.71,1.69,1.695,1866,0
2016-07-01,16:00:00,1.6901,1.695,1.69,1.695,18301,0
2016-07-01,16:05:00,1.6967,1.7,1.69,1.7,4871,0
2016-07-01,16:10:00,1.7,1.7,1.69,1.69,3190,0
2016-07-01,16:15:00,1.69,1.7,1.69,1.7,4105,0
2016-07-01,16:20:00,1.6975,1.7,1.69,1.69,6100,0
2016-07-01,16:25:00,1.6975,1.7,1.69,1.695,28751,0
2016-07-01,16:30:00,1.6904,1.7,1.69,1.69,2900,0
2016-07-01,16:35:00,1.7,1.7,1.69,1.69,1000,0
2016-07-01,16:40:00,1.6901,1.7186,1.69,1.71,17876,0
2016-07-01,16:45:00,1.7199,1.73,1.71,1.73,4021,0
2016-07-01,16:50:00,1.73,1.73,1.71,1.72,400,0
2016-07-01,16:55:00,1.73,1.73,1.72,1.72,2650,0
2016-07-01,17:00:00,1.73,1.734,1.72,1.72,3100,0
2016-07-01,17:05:00,1.74,1.74,1.72,1.725,14400,0
2016-07-01,17:10:00,1.72,1.725,1.69,1.69,10457,0
2016-07-01,17:15:00,1.69,1.69,1.69,1.69,500,0
2016-07-01,17:20:00,1.69,1.697,1.69,1.69,1070,0
2016-07-01,17:25:00,1.7,1.7,1.69,1.69,2072,0
2016-07-01,17:30:00,1.69,1.6936,1.69,1.6936,300,0
2016-07-01,17:35:00,1.7,1.7,1.69,1.7,1410,0
2016-07-01,17:40:00,1.69,1.69,1.69,1.69,100,0
2016-07-01,17:45:00,1.7,1.7,1.69,1.69,762,0
2016-07-01,17:50:00,1.6901,1.695,1.68,1.685,4637,0
2016-07-01,17:55:00,1.6801,1.69,1.68,1.69,3218,0
2016-07-01,18:00:00,1.6899,1.69,1.68,1.69,1300,0
2016-07-01,18:05:00,1.68,1.69,1.66,1.6602,9038,0
2016-07-01,18:10:00,1.66,1.6699,1.66,1.66,2890,0
2016-07-01,18:15:00,1.66,1.6691,1.66,1.66,3400,0
2016-07-01,18:20:00,1.67,1.67,1.66,1.66,300,0
2016-07-01,18:25:00,1.66,1.67,1.66,1.67,1583,0
2016-07-01,18:30:00,1.6699,1.67,1.6699,1.67,1300,0
2016-07-01,18:40:00,1.67,1.67,1.67,1.67,1300,0
2016-07-01,18:45:00,1.665,1.665,1.665,1.665,300,0
2016-07-01,18:50:00,1.6699,1.6699,1.6699,1.6699,150,0
2016-07-01,18:55:00,1.66,1.66,1.66,1.66,200,0
2016-07-01,19:00:00,1.67,1.67,1.67,1.67,1000,0
2016-07-01,19:05:00,1.6699,1.6699,1.6699,1.6699,1000,0
2016-07-01,19:10:00,1.6699,1.6699,1.6699,1.6699,727,0
2016-07-01,19:15:00,1.6697,1.6697,1.66,1.66,3300,0
2016-07-01,19:20:00,1.665,1.67,1.66,1.67,1500,0
2016-07-01,19:25:00,1.66,1.66,1.66,1.66,200,0
2016-07-01,19:30:00,1.66,1.66,1.65,1.65,24375,0
2016-07-01,19:35:00,1.64,1.64,1.64,1.64,200,0
2016-07-01,19:40:00,1.65,1.65,1.64,1.6422,1281,0
2016-07-01,19:45:00,1.65,1.65,1.64,1.6462,5310,0
2016-07-01,19:55:00,1.64,1.649,1.64,1.649,1300,0
2016-07-01,20:00:00,1.65,1.655,1.65,1.655,2310,0
2016-07-01,20:05:00,1.65,1.65,1.65,1.65,100,0
2016-07-01,20:10:00,1.66,1.66,1.66,1.66,1300,0
2016-07-01,20:15:00,1.6637,1.6637,1.6637,1.6637,1000,0
2016-07-01,20:20:00,1.66,1.66,1.66,1.66,100,0
2016-07-01,20:25:00,1.666,1.67,1.66,1.67,7000,0
2016-07-01,20:30:00,1.66,1.6699,1.66,1.6699,2600,0
2016-07-01,20:35:00,1.665,1.665,1.66,1.66,300,0
2016-07-01,20:40:00,1.6685,1.6685,1.66,1.6616,800,0
2016-07-01,20:45:00,1.67,1.67,1.66,1.66,800,0
2016-07-01,20:50:00,1.66,1.66,1.66,1.66,100,0
2016-07-01,20:55:00,1.66,1.6628,1.66,1.6628,1600,0
2016-07-01,21:00:00,1.66,1.66,1.66,1.66,200,0
2016-07-01,21:05:00,1.66,1.67,1.66,1.6616,400,0
2016-07-01,21:10:00,1.66,1.67,1.66,1.67,4400,0
2016-07-01,21:15:00,1.6616,1.67,1.6616,1.67,200,0
2016-07-01,21:20:00,1.67,1.67,1.67,1.67,500,0
2016-07-01,21:25:00,1.67,1.675,1.67,1.675,1400,0
2016-07-01,21:30:00,1.68,1.68,1.6716,1.6716,500,0
2016-07-01,21:35:00,1.6716,1.68,1.6716,1.68,600,0
2016-07-01,21:40:00,1.6827,1.6827,1.6816,1.6816,750,0
2016-07-01,21:45:00,1.69,1.69,1.6838,1.69,2800,0
2016-07-01,21:50:00,1.6877,1.7,1.68,1.69,4500,0
2016-07-01,21:55:00,1.695,1.7,1.66,1.67,33930,0
2016-07-01,22:00:00,1.66,1.69,1.66,1.67,27985,0
