Date,Time,Open,High,Low,Close,Volume,OpenInt
2016-05-19,15:35:00,0.09,0.09,0.088,0.09,127486,0
2016-05-19,15:40:00,0.09,0.09,0.088,0.0886,21040,0
2016-05-19,15:45:00,0.09,0.09,0.09,0.09,1200,0
2016-05-19,15:50:00,0.09,0.09,0.089,0.089,7800,0
2016-05-19,15:55:00,0.0899,0.0899,0.08,0.08,208893,0
2016-05-19,16:00:00,0.0841,0.0899,0.084,0.0885,7179,0
2016-05-19,16:05:00,0.0885,0.0899,0.085,0.0899,78831,0
2016-05-19,16:10:00,0.0899,0.0899,0.0888,0.0888,15000,0
2016-05-19,16:15:00,0.0885,0.0898,0.085,0.085,83747,0
2016-05-19,16:20:00,0.084,0.0892,0.081,0.081,38879,0
2016-05-19,16:25:00,0.0821,0.0896,0.0821,0.0896,18600,0
2016-05-19,16:30:00,0.0896,0.0896,0.085,0.085,2100,0
2016-05-19,16:35:00,0.0896,0.0896,0.0881,0.0881,6100,0
2016-05-19,16:40:00,0.0891,0.0896,0.0891,0.0896,4865,0
2016-05-19,16:45:00,0.0896,0.0899,0.0881,0.0899,11735,0
2016-05-19,16:50:00,0.0881,0.0899,0.0881,0.0899,10425,0
2016-05-19,16:55:00,0.0862,0.0864,0.0829,0.085,31324,0
2016-05-19,17:00:00,0.0825,0.088,0.0825,0.088,1501,0
2016-05-19,17:05:00,0.0825,0.0825,0.0821,0.0822,5700,0
2016-05-19,17:10:00,0.0822,0.088,0.0822,0.0831,3600,0
2016-05-19,17:15:00,0.0831,0.088,0.083,0.0831,43300,0
2016-05-19,17:20:00,0.0831,0.088,0.0831,0.0831,2300,0
2016-05-19,17:25:00,0.0831,0.0847,0.0831,0.0841,2400,0
2016-05-19,17:30:00,0.0841,0.0848,0.0841,0.0848,35300,0
2016-05-19,17:35:00,0.0849,0.085,0.0831,0.085,14088,0
2016-05-19,17:40:00,0.085,0.088,0.085,0.0851,4098,0
2016-05-19,17:45:00,0.0851,0.088,0.085,0.085,6800,0
2016-05-19,17:50:00,0.085,0.088,0.0831,0.0831,1450,0
2016-05-19,17:55:00,0.0831,0.088,0.0831,0.0832,1400,0
2016-05-19,18:00:00,0.0832,0.088,0.0807,0.0807,85586,0
2016-05-19,18:05:00,0.081,0.084,0.081,0.082,1900,0
2016-05-19,18:10:00,0.0878,0.0878,0.0851,0.0851,32300,0
2016-05-19,18:15:00,0.0878,0.0878,0.085,0.085,6900,0
2016-05-19,18:20:00,0.085,0.0851,0.085,0.085,11500,0
2016-05-19,18:25:00,0.0851,0.0878,0.085,0.0852,7817,0
2016-05-19,18:30:00,0.0852,0.0878,0.0852,0.0852,1200,0
2016-05-19,18:35:00,0.0852,0.0878,0.0851,0.0851,1320,0
2016-05-19,18:40:00,0.0851,0.0878,0.0851,0.0851,4900,0
2016-05-19,18:45:00,0.0851,0.087,0.0851,0.0851,700,0
2016-05-19,18:50:00,0.0851,0.087,0.0851,0.0852,900,0
2016-05-19,18:55:00,0.087,0.087,0.0852,0.0852,1100,0
2016-05-19,19:00:00,0.0852,0.087,0.0852,0.087,3598,0
2016-05-19,19:05:00,0.0852,0.087,0.0852,0.087,1404,0
2016-05-19,19:10:00,0.0852,0.0852,0.0852,0.0852,800,0
2016-05-19,19:15:00,0.0852,0.0878,0.0852,0.0852,1100,0
2016-05-19,19:20:00,0.0852,0.0878,0.0852,0.0852,1840,0
2016-05-19,19:25:00,0.0878,0.0878,0.0852,0.0878,6800,0
2016-05-19,19:30:00,0.0852,0.0865,0.0852,0.0852,900,0
2016-05-19,19:35:00,0.0852,0.0852,0.0852,0.0852,2115,0
2016-05-19,19:40:00,0.0852,0.0872,0.0852,0.0871,5700,0
2016-05-19,19:45:00,0.087,0.0878,0.087,0.0871,14200,0
2016-05-19,19:50:00,0.0871,0.0878,0.087,0.087,2106,0
2016-05-19,19:55:00,0.087,0.0871,0.087,0.087,3750,0
2016-05-19,20:00:00,0.087,0.0871,0.087,0.087,3524,0
2016-05-19,20:05:00,0.0878,0.09,0.087,0.09,119680,0
2016-05-19,20:10:00,0.09,0.09,0.088,0.0891,15611,0
2016-05-19,20:15:00,0.09,0.09,0.0891,0.0891,49139,0
2016-05-19,20:20:00,0.09,0.09,0.0891,0.0891,35958,0
2016-05-19,20:25:00,0.0891,0.0891,0.0891,0.0891,600,0
2016-05-19,20:30:00,0.0891,0.0891,0.0891,0.0891,700,0
2016-05-19,20:35:00,0.0891,0.0891,0.0891,0.0891,600,0
2016-05-19,20:40:00,0.0891,0.0893,0.0891,0.0892,10500,0
2016-05-19,20:45:00,0.087,0.088,0.0844,0.088,12600,0
2016-05-19,20:50:00,0.0844,0.088,0.0844,0.0845,1145,0
2016-05-19,20:55:00,0.0845,0.088,0.0845,0.0876,1900,0
2016-05-19,21:00:00,0.088,0.088,0.0876,0.0876,1600,0
2016-05-19,21:05:00,0.0876,0.088,0.0876,0.0876,1700,0
2016-05-19,21:10:00,0.088,0.088,0.0845,0.085,8077,0
2016-05-19,21:15:00,0.085,0.0879,0.085,0.085,12070,0
2016-05-19,21:20:00,0.085,0.088,0.085,0.085,1200,0
2016-05-19,21:25:00,0.085,0.0879,0.085,0.085,6000,0
2016-05-19,21:30:00,0.085,0.0879,0.085,0.085,2100,0
2016-05-19,21:35:00,0.085,0.0852,0.085,0.0852,1300,0
2016-05-19,21:40:00,0.0853,0.0879,0.0852,0.0854,5250,0
2016-05-19,21:45:00,0.0854,0.088,0.0854,0.0861,7300,0
2016-05-19,21:50:00,0.0861,0.09,0.0861,0.0881,21200,0
2016-05-19,21:55:00,0.0899,0.0899,0.082,0.0823,108170,0
2016-05-19,22:00:00,0.0823,0.0858,0.081,0.082,189669,0
2016-05-20,15:35:00,0.0821,0.0892,0.082,0.0887,74945,0
2016-05-20,15:40:00,0.089,0.0999,0.085,0.085,130231,0
2016-05-20,15:45:00,0.0825,0.0969,0.0825,0.0969,32045,0
2016-05-20,15:50:00,0.0998,0.105,0.095,0.1044,196802,0
2016-05-20,15:55:00,0.1046,0.1089,0.103,0.104,246235,0
2016-05-20,16:00:00,0.1037,0.11,0.1012,0.1085,140001,0
2016-05-20,16:05:00,0.1088,0.1299,0.1088,0.126,238206,0
2016-05-20,16:10:00,0.1259,0.1259,0.112,0.112,223894,0
2016-05-20,16:15:00,0.1149,0.1176,0.1149,0.116,23009,0
2016-05-20,16:20:00,0.115,0.1169,0.1101,0.115,158203,0
2016-05-20,16:25:00,0.1106,0.1132,0.1012,0.1029,147023,0
2016-05-20,16:30:00,0.1005,0.1087,0.1005,0.1041,16990,0
2016-05-20,16:35:00,0.1075,0.115,0.1057,0.1148,95500,0
2016-05-20,16:40:00,0.1124,0.118,0.11,0.116,147964,0
2016-05-20,16:45:00,0.116,0.1249,0.115,0.115,166336,0
2016-05-20,16:50:00,0.1151,0.13,0.115,0.12,82004,0
2016-05-20,16:55:00,0.1199,0.1199,0.113,0.1199,77864,0
2016-05-20,17:05:00,0.1199,0.12,0.112,0.1199,24900,0
2016-05-20,17:10:00,0.1199,0.1199,0.1121,0.1121,15079,0
2016-05-20,17:15:00,0.1187,0.1187,0.1187,0.1187,300,0
2016-05-20,17:20:00,0.1187,0.1199,0.1178,0.1178,10070,0
2016-05-20,17:25:00,0.1178,0.1194,0.1121,0.1178,24844,0
2016-05-20,17:30:00,0.1122,0.13,0.1122,0.1178,153762,0
2016-05-20,17:35:00,0.1251,0.129,0.115,0.1173,40950,0
2016-05-20,17:40:00,0.1196,0.1289,0.1196,0.1286,139717,0
2016-05-20,17:45:00,0.128,0.1288,0.115,0.115,187235,0
2016-05-20,17:50:00,0.1208,0.1214,0.1151,0.1151,9700,0
2016-05-20,17:55:00,0.1249,0.1249,0.1152,0.123,32289,0
2016-05-20,18:00:00,0.1152,0.123,0.1152,0.123,9000,0
2016-05-20,18:05:00,0.123,0.124,0.116,0.116,17003,0
2016-05-20,18:10:00,0.123,0.1248,0.1227,0.1227,26760,0
2016-05-20,18:15:00,0.1227,0.1227,0.1227,0.1227,5000,0
2016-05-20,18:20:00,0.125,0.125,0.1227,0.1227,2491,0
2016-05-20,18:25:00,0.1227,0.1249,0.1155,0.1249,19728,0
2016-05-20,18:30:00,0.1247,0.125,0.1247,0.1247,87252,0
2016-05-20,18:35:00,0.1248,0.1248,0.1248,0.1248,8000,0
2016-05-20,18:40:00,0.1248,0.1265,0.1248,0.1265,52590,0
2016-05-20,18:45:00,0.125,0.125,0.125,0.125,4533,0
2016-05-20,18:50:00,0.126,0.1265,0.1247,0.125,103600,0
2016-05-20,18:55:00,0.1265,0.1265,0.1256,0.1265,9500,0
2016-05-20,19:00:00,0.1252,0.1265,0.1252,0.1265,18300,0
2016-05-20,19:05:00,0.1265,0.1265,0.1255,0.1255,3700,0
2016-05-20,19:10:00,0.1265,0.1288,0.1247,0.1247,35354,0
2016-05-20,19:15:00,0.1288,0.1288,0.1248,0.1248,23705,0
2016-05-20,19:20:00,0.1287,0.1287,0.1287,0.1287,1150,0
2016-05-20,19:25:00,0.127,0.127,0.125,0.125,11679,0
2016-05-20,19:30:00,0.1268,0.1268,0.1268,0.1268,500,0
2016-05-20,19:35:00,0.1268,0.1268,0.1251,0.126,800,0
2016-05-20,19:40:00,0.126,0.1268,0.1252,0.1268,49500,0
2016-05-20,19:45:00,0.1268,0.1268,0.1252,0.1252,6017,0
2016-05-20,19:50:00,0.1252,0.1268,0.1252,0.1252,4900,0
2016-05-20,19:55:00,0.1268,0.1268,0.1255,0.1255,1350,0
2016-05-20,20:00:00,0.1259,0.1268,0.1255,0.1255,19212,0
2016-05-20,20:05:00,0.1255,0.1255,0.1247,0.1251,10679,0
2016-05-20,20:10:00,0.1249,0.1249,0.113,0.113,160544,0
2016-05-20,20:15:00,0.1131,0.1131,0.113,0.113,33400,0
2016-05-20,20:20:00,0.1178,0.12,0.1178,0.1196,3845,0
2016-05-20,20:25:00,0.12,0.1235,0.1131,0.1233,12060,0
2016-05-20,20:30:00,0.1233,0.1239,0.1204,0.1239,700,0
2016-05-20,20:35:00,0.122,0.1239,0.1201,0.1239,23100,0
2016-05-20,20:40:00,0.1239,0.1239,0.1235,0.1235,700,0
2016-05-20,20:45:00,0.1239,0.1239,0.1202,0.1202,18556,0
2016-05-20,20:50:00,0.1202,0.1235,0.1202,0.1235,2300,0
2016-05-20,20:55:00,0.1202,0.1223,0.1202,0.1203,9800,0
2016-05-20,21:00:00,0.1223,0.1223,0.1203,0.1203,300,0
2016-05-20,21:05:00,0.1204,0.1211,0.1203,0.1211,900,0
2016-05-20,21:10:00,0.121,0.1229,0.121,0.1229,2000,0
2016-05-20,21:15:00,0.1229,0.1229,0.1223,0.1224,4304,0
2016-05-20,21:20:00,0.1223,0.1224,0.1223,0.1223,2042,0
2016-05-20,21:25:00,0.1224,0.1224,0.12,0.12,11037,0
2016-05-20,21:30:00,0.113,0.121,0.113,0.1205,18340,0
2016-05-20,21:35:00,0.1197,0.1197,0.1197,0.1197,100,0
2016-05-20,21:40:00,0.12,0.12,0.1131,0.1131,528,0
2016-05-20,21:45:00,0.1135,0.1145,0.1,0.105,159884,0
2016-05-20,21:50:00,0.1198,0.1198,0.105,0.112,2300,0
2016-05-20,21:55:00,0.11,0.1119,0.105,0.11,113337,0
2016-05-20,22:00:00,0.1094,0.112,0.1052,0.106,437550,0
2016-05-23,15:35:00,0.1191,0.129,0.1113,0.124,140949,0
2016-05-23,15:40:00,0.129,0.13,0.124,0.13,124175,0
2016-05-23,15:45:00,0.129,0.129,0.1115,0.121,188293,0
2016-05-23,15:50:00,0.124,0.124,0.117,0.117,16986,0
2016-05-23,15:55:00,0.124,0.124,0.1173,0.1224,16848,0
2016-05-23,16:00:00,0.1222,0.123,0.1182,0.1229,2150,0
2016-05-23,16:05:00,0.1228,0.1228,0.117,0.1198,2830,0
2016-05-23,16:10:00,0.1198,0.1229,0.1198,0.1229,3100,0
2016-05-23,16:15:00,0.1229,0.1229,0.117,0.1229,6900,0
2016-05-23,16:20:00,0.1198,0.1229,0.1175,0.1198,7683,0
2016-05-23,16:25:00,0.1219,0.1219,0.1175,0.1199,5463,0
2016-05-23,16:30:00,0.1175,0.1196,0.116,0.1187,82530,0
2016-05-23,16:35:00,0.1188,0.124,0.117,0.117,18090,0
2016-05-23,16:40:00,0.1228,0.1228,0.116,0.12,14225,0
2016-05-23,16:45:00,0.12,0.1219,0.12,0.1219,5686,0
2016-05-23,16:50:00,0.1199,0.12,0.1199,0.12,747,0
2016-05-23,16:55:00,0.1162,0.1181,0.116,0.1181,4540,0
2016-05-23,17:00:00,0.1197,0.1197,0.116,0.1162,28200,0
2016-05-23,17:05:00,0.1172,0.1195,0.116,0.1165,17775,0
2016-05-23,17:10:00,0.116,0.1166,0.11,0.1102,98343,0
2016-05-23,17:15:00,0.1126,0.1149,0.1115,0.1115,16300,0
2016-05-23,17:20:00,0.111,0.1175,0.111,0.1175,15268,0
2016-05-23,17:25:00,0.1175,0.1175,0.1111,0.1172,2080,0
2016-05-23,17:30:00,0.1156,0.1156,0.115,0.115,12100,0
2016-05-23,17:35:00,0.115,0.124,0.115,0.124,77087,0
2016-05-23,17:40:00,0.121,0.1255,0.12,0.1201,112932,0
2016-05-23,17:45:00,0.122,0.1255,0.122,0.1255,56072,0
2016-05-23,17:50:00,0.1251,0.1287,0.12,0.12,32100,0
2016-05-23,17:55:00,0.113,0.1249,0.113,0.124,4050,0
2016-05-23,18:00:00,0.1249,0.1249,0.1187,0.1246,20634,0
2016-05-23,18:05:00,0.1246,0.1246,0.12,0.1224,8060,0
2016-05-23,18:10:00,0.122,0.1249,0.122,0.123,21318,0
2016-05-23,18:15:00,0.1231,0.124,0.122,0.122,4949,0
2016-05-23,18:20:00,0.122,0.124,0.122,0.124,10100,0
2016-05-23,18:25:00,0.124,0.125,0.1221,0.125,7898,0
2016-05-23,18:30:00,0.125,0.127,0.123,0.125,140771,0
2016-05-23,18:35:00,0.124,0.124,0.123,0.124,41072,0
2016-05-23,18:40:00,0.1239,0.1269,0.1239,0.1269,37945,0
2016-05-23,18:45:00,0.127,0.131,0.1269,0.131,119418,0
2016-05-23,18:50:00,0.1289,0.135,0.1289,0.1348,55371,0
2016-05-23,18:55:00,0.134,0.1496,0.134,0.134,283444,0
2016-05-23,19:00:00,0.14,0.14,0.135,0.135,96350,0
2016-05-23,19:05:00,0.137,0.1389,0.135,0.1351,136984,0
2016-05-23,19:10:00,0.1387,0.1388,0.1366,0.1372,18622,0
2016-05-23,19:15:00,0.1372,0.1388,0.135,0.1388,55926,0
2016-05-23,19:20:00,0.1369,0.139,0.1369,0.139,134222,0
2016-05-23,19:25:00,0.139,0.1449,0.135,0.135,154178,0
2016-05-23,19:30:00,0.1399,0.1419,0.139,0.14,53100,0
2016-05-23,19:35:00,0.14,0.142,0.139,0.142,10200,0
2016-05-23,19:40:00,0.144,0.1449,0.1406,0.1449,1335,0
2016-05-23,19:45:00,0.141,0.141,0.14,0.14,37900,0
2016-05-23,19:50:00,0.1401,0.1439,0.139,0.1439,97786,0
2016-05-23,19:55:00,0.1439,0.1439,0.1414,0.1414,8193,0
2016-05-23,20:00:00,0.1414,0.1414,0.14,0.1403,11100,0
2016-05-23,20:05:00,0.14,0.1401,0.136,0.1369,76539,0
2016-05-23,20:10:00,0.14,0.14,0.1352,0.1352,600,0
2016-05-23,20:15:00,0.1352,0.1352,0.1352,0.1352,20100,0
2016-05-23,20:20:00,0.135,0.1373,0.135,0.1373,11550,0
2016-05-23,20:25:00,0.136,0.1369,0.135,0.1368,18150,0
2016-05-23,20:30:00,0.135,0.1395,0.135,0.1394,194900,0
2016-05-23,20:35:00,0.1394,0.144,0.1394,0.144,38250,0
2016-05-23,20:40:00,0.144,0.144,0.14,0.1433,45000,0
2016-05-23,20:45:00,0.1425,0.1425,0.141,0.142,15070,0
2016-05-23,20:50:00,0.1424,0.1448,0.1424,0.1448,73741,0
2016-05-23,20:55:00,0.142,0.1449,0.142,0.1447,3242,0
2016-05-23,21:00:00,0.1445,0.1445,0.1419,0.144,8069,0
2016-05-23,21:05:00,0.144,0.145,0.14,0.1437,71960,0
2016-05-23,21:10:00,0.14,0.1439,0.14,0.1424,103466,0
2016-05-23,21:15:00,0.1423,0.145,0.1419,0.142,50382,0
2016-05-23,21:20:00,0.145,0.145,0.142,0.142,10628,0
2016-05-23,21:25:00,0.142,0.142,0.142,0.142,9507,0
2016-05-23,21:30:00,0.1449,0.15,0.1419,0.142,3632,0
2016-05-23,21:35:00,0.1449,0.15,0.1449,0.1498,56466,0
2016-05-23,21:40:00,0.1477,0.15,0.145,0.145,64300,0
2016-05-23,21:45:00,0.1459,0.1497,0.14,0.14,118115,0
2016-05-23,21:50:00,0.1399,0.14,0.1351,0.1399,9358,0
2016-05-23,21:55:00,0.1352,0.1424,0.1352,0.1413,24131,0
2016-05-23,22:00:00,0.1417,0.145,0.1402,0.1402,171705,0
2016-05-24,15:35:00,0.15,0.1598,0.15,0.1555,201137,0
2016-05-24,15:40:00,0.1555,0.1699,0.1555,0.163,449372,0
2016-05-24,15:45:00,0.1629,0.175,0.1622,0.1725,501080,0
2016-05-24,15:50:00,0.1725,0.1771,0.17,0.175,172424,0
2016-05-24,15:55:00,0.175,0.175,0.162,0.165,102504,0
2016-05-24,16:00:00,0.1645,0.1649,0.1535,0.1535,148566,0
2016-05-24,16:05:00,0.155,0.1596,0.153,0.157,64688,0
2016-05-24,16:10:00,0.156,0.1688,0.15,0.1588,313673,0
2016-05-24,16:15:00,0.15,0.1649,0.15,0.1595,75147,0
2016-05-24,16:20:00,0.1594,0.1633,0.1549,0.1632,43956,0
2016-05-24,16:25:00,0.16,0.16,0.151,0.151,52023,0
2016-05-24,16:30:00,0.1579,0.1579,0.1575,0.1575,300,0
2016-05-24,16:35:00,0.157,0.1578,0.1527,0.1558,19820,0
2016-05-24,16:40:00,0.1578,0.1599,0.1578,0.1598,22607,0
2016-05-24,16:45:00,0.1598,0.1598,0.155,0.1598,39240,0
2016-05-24,16:50:00,0.1598,0.1598,0.1472,0.1472,67376,0
2016-05-24,16:55:00,0.1498,0.15,0.1201,0.15,212363,0
2016-05-24,17:00:00,0.145,0.15,0.145,0.1485,3400,0
2016-05-24,17:05:00,0.148,0.1485,0.14,0.14,28035,0
2016-05-24,17:10:00,0.144,0.15,0.144,0.1499,33644,0
2016-05-24,17:15:00,0.15,0.1504,0.1495,0.1495,15423,0
2016-05-24,17:20:00,0.1495,0.1495,0.145,0.145,98805,0
2016-05-24,17:25:00,0.145,0.1524,0.145,0.1498,40864,0
2016-05-24,17:30:00,0.1451,0.1499,0.1451,0.1459,5300,0
2016-05-24,17:35:00,0.145,0.1452,0.14,0.1401,22465,0
2016-05-24,17:40:00,0.1471,0.1473,0.1428,0.1472,14150,0
2016-05-24,17:45:00,0.147,0.1471,0.147,0.1471,10599,0
2016-05-24,17:50:00,0.147,0.1471,0.1401,0.1471,20445,0
2016-05-24,17:55:00,0.1471,0.1471,0.1471,0.1471,12140,0
2016-05-24,18:00:00,0.1471,0.1471,0.1402,0.1471,24080,0
2016-05-24,18:05:00,0.147,0.147,0.1402,0.147,5390,0
2016-05-24,18:10:00,0.1469,0.147,0.1469,0.1469,8300,0
2016-05-24,18:15:00,0.145,0.1459,0.145,0.1459,1000,0
2016-05-24,18:20:00,0.145,0.145,0.142,0.1431,15090,0
2016-05-24,18:25:00,0.1459,0.1459,0.142,0.1459,1708,0
2016-05-24,18:30:00,0.1459,0.1459,0.142,0.1459,43200,0
2016-05-24,18:40:00,0.1458,0.1458,0.142,0.142,1700,0
2016-05-24,18:45:00,0.142,0.1457,0.142,0.1452,5156,0
2016-05-24,18:50:00,0.1457,0.1459,0.1453,0.1453,15612,0
2016-05-24,18:55:00,0.1453,0.1453,0.1449,0.1449,1250,0
2016-05-24,19:00:00,0.1451,0.1451,0.1451,0.1451,2760,0
2016-05-24,19:05:00,0.1449,0.1451,0.141,0.1451,154161,0
2016-05-24,19:10:00,0.1451,0.1451,0.1451,0.1451,1150,0
2016-05-24,19:15:00,0.143,0.1443,0.1401,0.1422,8800,0
2016-05-24,19:20:00,0.1414,0.145,0.1401,0.1449,14650,0
2016-05-24,19:25:00,0.1415,0.1435,0.1401,0.1435,12886,0
2016-05-24,19:30:00,0.1435,0.1435,0.1402,0.1402,60127,0
2016-05-24,19:35:00,0.1402,0.1402,0.1402,0.1402,10000,0
2016-05-24,19:40:00,0.1421,0.1448,0.1421,0.144,13200,0
2016-05-24,19:50:00,0.1439,0.1439,0.1439,0.1439,1000,0
2016-05-24,19:55:00,0.1416,0.1437,0.1416,0.1437,400,0
2016-05-24,20:05:00,0.1436,0.1436,0.1435,0.1436,2200,0
2016-05-24,20:10:00,0.1436,0.1436,0.1435,0.1436,1690,0
2016-05-24,20:15:00,0.1435,0.1436,0.1405,0.1431,5505,0
2016-05-24,20:20:00,0.1429,0.1429,0.1405,0.1405,400,0
2016-05-24,20:25:00,0.1429,0.1429,0.14,0.1413,31842,0
2016-05-24,20:30:00,0.1425,0.1425,0.1406,0.1414,3500,0
2016-05-24,20:35:00,0.1405,0.1425,0.14,0.1401,37170,0
2016-05-24,20:40:00,0.1423,0.1436,0.142,0.1436,121966,0
2016-05-24,20:45:00,0.1448,0.145,0.1448,0.145,1450,0
2016-05-24,20:50:00,0.145,0.1453,0.145,0.1453,2700,0
2016-05-24,20:55:00,0.1453,0.146,0.1449,0.1449,1150,0
2016-05-24,21:00:00,0.1449,0.146,0.1445,0.146,4300,0
2016-05-24,21:05:00,0.1445,0.1445,0.1425,0.1425,15000,0
2016-05-24,21:15:00,0.145,0.1453,0.145,0.1453,600,0
2016-05-24,21:20:00,0.1451,0.147,0.145,0.147,60580,0
2016-05-24,21:25:00,0.1435,0.1435,0.1435,0.1435,1000,0
2016-05-24,21:30:00,0.1435,0.1435,0.1435,0.1435,4681,0
2016-05-24,21:35:00,0.1468,0.1499,0.1468,0.1498,30300,0
2016-05-24,21:40:00,0.1497,0.1497,0.1497,0.1497,700,0
2016-05-24,21:45:00,0.1494,0.1494,0.1435,0.1488,13200,0
2016-05-24,21:50:00,0.149,0.1493,0.1488,0.1493,1900,0
2016-05-24,21:55:00,0.1488,0.1488,0.1435,0.1453,1900,0
2016-05-24,22:00:00,0.1456,0.1456,0.14,0.1435,139511,0
2016-05-25,15:35:00,0.15,0.1584,0.1435,0.1445,46123,0
2016-05-25,15:40:00,0.1586,0.1587,0.14,0.14,32153,0
2016-05-25,15:45:00,0.14,0.14,0.14,0.14,11070,0
2016-05-25,15:50:00,0.147,0.147,0.133,0.133,105742,0
2016-05-25,15:55:00,0.135,0.1391,0.123,0.1263,138690,0
2016-05-25,16:00:00,0.1292,0.135,0.1292,0.135,57596,0
2016-05-25,16:05:00,0.1301,0.135,0.13,0.135,20489,0
2016-05-25,16:10:00,0.135,0.135,0.13,0.1301,61194,0
2016-05-25,16:15:00,0.1301,0.1301,0.1255,0.1256,54417,0
2016-05-25,16:20:00,0.13,0.13,0.1255,0.13,94099,0
2016-05-25,16:25:00,0.1297,0.13,0.1296,0.13,13505,0
2016-05-25,16:30:00,0.1299,0.13,0.1299,0.13,7200,0
2016-05-25,16:35:00,0.1299,0.13,0.128,0.13,9247,0
2016-05-25,16:40:00,0.1281,0.13,0.1281,0.13,9820,0
2016-05-25,16:45:00,0.13,0.13,0.1281,0.1299,3400,0
2016-05-25,16:50:00,0.1281,0.1281,0.125,0.125,66420,0
2016-05-25,16:55:00,0.125,0.13,0.123,0.1261,122437,0
2016-05-25,17:00:00,0.1232,0.1275,0.11,0.11,431566,0
2016-05-25,17:05:00,0.1101,0.121,0.1101,0.12,167081,0
2016-05-25,17:10:00,0.12,0.1275,0.1171,0.1275,32357,0
2016-05-25,17:15:00,0.1275,0.1275,0.122,0.1263,79255,0
2016-05-25,17:20:00,0.1221,0.1275,0.1221,0.1248,14750,0
2016-05-25,17:25:00,0.125,0.125,0.125,0.125,650,0
2016-05-25,17:30:00,0.125,0.125,0.1237,0.124,3650,0
2016-05-25,17:35:00,0.1226,0.1227,0.1226,0.1227,3102,0
2016-05-25,17:40:00,0.1238,0.1238,0.122,0.1223,14890,0
2016-05-25,17:50:00,0.124,0.125,0.124,0.125,1500,0
2016-05-25,17:55:00,0.124,0.125,0.1223,0.124,23380,0
2016-05-25,18:05:00,0.1225,0.1225,0.1225,0.1225,950,0
2016-05-25,18:10:00,0.1249,0.1249,0.124,0.124,2102,0
2016-05-25,18:15:00,0.1241,0.1241,0.1241,0.1241,1000,0
2016-05-25,18:25:00,0.1241,0.125,0.1241,0.125,1677,0
2016-05-25,18:30:00,0.1241,0.125,0.124,0.1241,12607,0
2016-05-25,18:35:00,0.1241,0.125,0.1241,0.1246,19100,0
2016-05-25,18:40:00,0.1246,0.125,0.1245,0.1246,8500,0
2016-05-25,18:45:00,0.1246,0.125,0.1241,0.1246,650,0
2016-05-25,18:50:00,0.1246,0.125,0.1241,0.1241,28618,0
2016-05-25,18:55:00,0.1275,0.1275,0.1245,0.1245,5350,0
2016-05-25,19:00:00,0.1245,0.1275,0.1245,0.1275,18153,0
2016-05-25,19:05:00,0.1263,0.1275,0.1263,0.1275,7700,0
2016-05-25,19:10:00,0.1297,0.1297,0.1266,0.1266,4627,0
2016-05-25,19:15:00,0.1266,0.1295,0.1231,0.1295,6525,0
2016-05-25,19:20:00,0.1271,0.1278,0.1271,0.1271,1900,0
2016-05-25,19:25:00,0.1295,0.1295,0.1295,0.1295,152,0
2016-05-25,19:30:00,0.1295,0.1297,0.1271,0.1271,21280,0
2016-05-25,19:35:00,0.1297,0.1297,0.1297,0.1297,9300,0
2016-05-25,19:40:00,0.1273,0.1297,0.1273,0.1297,4100,0
2016-05-25,19:45:00,0.1297,0.13,0.1264,0.1264,7800,0
2016-05-25,19:50:00,0.134,0.134,0.1328,0.1328,5400,0
2016-05-25,19:55:00,0.1328,0.1328,0.1327,0.1327,1200,0
2016-05-25,20:00:00,0.13,0.13,0.13,0.13,2200,0
2016-05-25,20:05:00,0.13,0.1347,0.13,0.1345,54590,0
2016-05-25,20:10:00,0.1261,0.1339,0.1261,0.1339,13353,0
2016-05-25,20:15:00,0.1339,0.1339,0.1339,0.1339,100,0
2016-05-25,20:20:00,0.1267,0.1348,0.1267,0.1276,14086,0
2016-05-25,20:30:00,0.1303,0.132,0.13,0.132,24100,0
2016-05-25,20:35:00,0.1261,0.134,0.1261,0.134,11735,0
2016-05-25,20:40:00,0.134,0.134,0.1261,0.1338,10990,0
2016-05-25,20:45:00,0.1338,0.134,0.1338,0.1338,3600,0
2016-05-25,20:50:00,0.1338,0.1338,0.132,0.132,3166,0
2016-05-25,20:55:00,0.1317,0.132,0.1317,0.132,920,0
2016-05-25,21:00:00,0.132,0.132,0.1263,0.1264,13144,0
2016-05-25,21:05:00,0.1282,0.13,0.125,0.13,20100,0
2016-05-25,21:10:00,0.1293,0.1293,0.1293,0.1293,300,0
2016-05-25,21:15:00,0.1295,0.1295,0.1251,0.1251,10866,0
2016-05-25,21:20:00,0.1281,0.1288,0.1281,0.1281,5051,0
2016-05-25,21:25:00,0.1288,0.129,0.1281,0.129,1001,0
2016-05-25,21:30:00,0.129,0.129,0.1286,0.1288,15500,0
2016-05-25,21:35:00,0.1288,0.129,0.1281,0.1288,21300,0
2016-05-25,21:40:00,0.1284,0.1284,0.1284,0.1284,4400,0
2016-05-25,21:45:00,0.1287,0.132,0.1287,0.132,52102,0
2016-05-25,21:50:00,0.132,0.132,0.1301,0.1301,10427,0
2016-05-25,21:55:00,0.1301,0.132,0.1301,0.1302,9926,0
2016-05-25,22:00:00,0.132,0.135,0.1319,0.132,58628,0
2016-05-26,15:35:00,0.137,0.142,0.13,0.1396,189826,0
2016-05-26,15:40:00,0.1396,0.1396,0.13,0.1396,14911,0
2016-05-26,15:45:00,0.1365,0.1386,0.132,0.1386,2929,0
2016-05-26,15:50:00,0.132,0.136,0.132,0.136,31085,0
2016-05-26,15:55:00,0.1359,0.1359,0.1356,0.1356,1700,0
2016-05-26,16:00:00,0.1321,0.1356,0.132,0.132,45968,0
2016-05-26,16:05:00,0.132,0.1358,0.128,0.13,45027,0
2016-05-26,16:10:00,0.1345,0.1349,0.1301,0.132,6300,0
2016-05-26,16:15:00,0.132,0.1349,0.132,0.1345,10300,0
2016-05-26,16:20:00,0.1341,0.135,0.1341,0.135,1700,0
2016-05-26,16:25:00,0.135,0.1396,0.135,0.135,45300,0
2016-05-26,16:30:00,0.1396,0.1396,0.135,0.135,39800,0
2016-05-26,16:40:00,0.135,0.135,0.135,0.135,1700,0
2016-05-26,16:45:00,0.1349,0.1393,0.1349,0.1393,2225,0
2016-05-26,16:50:00,0.135,0.135,0.132,0.132,7890,0
2016-05-26,16:55:00,0.1354,0.1354,0.133,0.133,381,0
2016-05-26,17:00:00,0.133,0.133,0.132,0.132,11297,0
2016-05-26,17:05:00,0.1306,0.132,0.1258,0.132,15454,0
2016-05-26,17:10:00,0.1349,0.1349,0.1319,0.132,5200,0
2016-05-26,17:15:00,0.1287,0.14,0.1287,0.1396,147064,0
2016-05-26,17:20:00,0.1258,0.139,0.12,0.139,135127,0
2016-05-26,17:25:00,0.1301,0.1383,0.1301,0.1301,2502,0
2016-05-26,17:30:00,0.1311,0.139,0.1311,0.139,75700,0
2016-05-26,17:35:00,0.137,0.137,0.1351,0.1351,4539,0
2016-05-26,17:45:00,0.1389,0.1389,0.1351,0.1351,4720,0
2016-05-26,17:50:00,0.1351,0.1385,0.132,0.1385,8600,0
2016-05-26,18:00:00,0.1385,0.1385,0.1321,0.1321,10100,0
2016-05-26,18:05:00,0.1382,0.1382,0.1321,0.1321,1000,0
2016-05-26,18:15:00,0.1351,0.1351,0.1297,0.13,59213,0
2016-05-26,18:20:00,0.1369,0.1369,0.1369,0.1369,200,0
2016-05-26,18:25:00,0.1366,0.137,0.1251,0.13,15700,0
2016-05-26,18:30:00,0.1301,0.137,0.1301,0.137,200,0
2016-05-26,18:35:00,0.132,0.137,0.132,0.132,29000,0
2016-05-26,18:50:00,0.1323,0.1323,0.1323,0.1323,300,0
2016-05-26,19:00:00,0.1321,0.1321,0.132,0.132,9300,0
2016-05-26,19:05:00,0.1322,0.1322,0.1321,0.1321,400,0
2016-05-26,19:15:00,0.1321,0.139,0.132,0.132,120434,0
2016-05-26,19:25:00,0.1362,0.1366,0.1362,0.1366,800,0
2016-05-26,19:35:00,0.1363,0.1366,0.1363,0.1366,1750,0
2016-05-26,19:40:00,0.1331,0.1366,0.1331,0.1333,700,0
2016-05-26,19:50:00,0.1331,0.1331,0.1331,0.1331,16600,0
2016-05-26,20:05:00,0.1354,0.1385,0.1331,0.1331,98628,0
2016-05-26,20:10:00,0.136,0.136,0.136,0.136,900,0
2016-05-26,20:15:00,0.1365,0.138,0.1365,0.1368,29935,0
2016-05-26,20:20:00,0.133,0.133,0.133,0.133,1000,0
2016-05-26,20:25:00,0.1331,0.1385,0.133,0.1385,21100,0
2016-05-26,20:30:00,0.133,0.133,0.133,0.133,200,0
2016-05-26,20:35:00,0.133,0.1381,0.133,0.1381,625,0
2016-05-26,20:40:00,0.1333,0.1333,0.133,0.133,600,0
2016-05-26,20:45:00,0.133,0.133,0.133,0.133,400,0
2016-05-26,20:55:00,0.133,0.1348,0.133,0.1348,4700,0
2016-05-26,21:00:00,0.1335,0.1335,0.1335,0.1335,1111,0
2016-05-26,21:05:00,0.1349,0.1385,0.133,0.133,17200,0
2016-05-26,21:10:00,0.135,0.135,0.135,0.135,1700,0
2016-05-26,21:15:00,0.133,0.1349,0.133,0.1349,10300,0
2016-05-26,21:20:00,0.1336,0.1346,0.133,0.1346,1350,0
2016-05-26,21:25:00,0.1346,0.1381,0.1346,0.1377,500,0
2016-05-26,21:35:00,0.1332,0.1377,0.1332,0.1377,56577,0
2016-05-26,21:45:00,0.1355,0.1368,0.1355,0.1368,4200,0
2016-05-26,21:50:00,0.1368,0.1368,0.1333,0.1333,800,0
2016-05-26,21:55:00,0.1331,0.1377,0.1331,0.1377,1000,0
2016-05-26,22:00:00,0.1331,0.1332,0.133,0.133,8090,0
2016-05-27,15:35:00,0.1397,0.14,0.1397,0.1397,12851,0
2016-05-27,15:40:00,0.1396,0.1396,0.1396,0.1396,2193,0
2016-05-27,15:45:00,0.1396,0.1396,0.1351,0.1351,1856,0
2016-05-27,15:50:00,0.1351,0.1395,0.1351,0.1394,9615,0
2016-05-27,15:55:00,0.1394,0.1396,0.1351,0.1396,18828,0
2016-05-27,16:00:00,0.1396,0.1396,0.137,0.1396,1819,0
2016-05-27,16:05:00,0.137,0.137,0.137,0.137,4430,0
2016-05-27,16:10:00,0.136,0.136,0.1359,0.1359,5700,0
2016-05-27,16:15:00,0.1358,0.136,0.1358,0.136,600,0
2016-05-27,16:20:00,0.136,0.1397,0.1359,0.1397,12255,0
2016-05-27,16:25:00,0.1352,0.1397,0.1352,0.1397,15500,0
2016-05-27,16:30:00,0.1397,0.1397,0.1353,0.1353,3300,0
2016-05-27,16:35:00,0.1397,0.1397,0.1353,0.1397,10966,0
2016-05-27,16:40:00,0.1353,0.1353,0.1353,0.1353,1000,0
2016-05-27,16:45:00,0.1353,0.1353,0.1353,0.1353,200,0
2016-05-27,16:50:00,0.1353,0.1353,0.1351,0.1351,8472,0
2016-05-27,16:55:00,0.1385,0.1385,0.1385,0.1385,1000,0
2016-05-27,17:00:00,0.1353,0.1353,0.1353,0.1353,1812,0
2016-05-27,17:05:00,0.1352,0.1352,0.1352,0.1352,2700,0
2016-05-27,17:10:00,0.1352,0.1352,0.1351,0.1351,200,0
2016-05-27,17:15:00,0.1351,0.1351,0.135,0.135,6304,0
2016-05-27,17:20:00,0.133,0.1349,0.13,0.1349,8082,0
2016-05-27,17:25:00,0.1349,0.1349,0.1349,0.1349,200,0
2016-05-27,17:30:00,0.135,0.135,0.1316,0.1316,8700,0
2016-05-27,17:35:00,0.135,0.135,0.135,0.135,2200,0
2016-05-27,17:40:00,0.1338,0.1338,0.133,0.133,2000,0
2016-05-27,17:45:00,0.133,0.133,0.133,0.133,3250,0
2016-05-27,17:50:00,0.1316,0.1385,0.1316,0.1385,22502,0
2016-05-27,17:55:00,0.1318,0.1384,0.1318,0.1384,750,0
2016-05-27,18:00:00,0.1384,0.1384,0.1384,0.1384,300,0
2016-05-27,18:05:00,0.132,0.1383,0.132,0.1383,2150,0
2016-05-27,18:15:00,0.1377,0.1377,0.1377,0.1377,2000,0
2016-05-27,18:20:00,0.1371,0.1377,0.1315,0.135,3601,0
2016-05-27,18:30:00,0.1376,0.1376,0.135,0.135,9251,0
2016-05-27,18:35:00,0.1376,0.1376,0.1367,0.1376,770,0
2016-05-27,18:50:00,0.135,0.1367,0.135,0.1367,600,0
2016-05-27,18:55:00,0.1367,0.1367,0.135,0.135,18100,0
2016-05-27,19:00:00,0.135,0.1369,0.1313,0.1369,2757,0
2016-05-27,19:05:00,0.135,0.1369,0.135,0.1369,5625,0
2016-05-27,19:10:00,0.1367,0.1367,0.135,0.135,1200,0
2016-05-27,19:15:00,0.1368,0.1368,0.1368,0.1368,150,0
2016-05-27,19:20:00,0.136,0.136,0.1359,0.1359,700,0
2016-05-27,19:25:00,0.1359,0.1359,0.135,0.135,13000,0
2016-05-27,19:30:00,0.135,0.1358,0.135,0.1358,11088,0
2016-05-27,19:35:00,0.1358,0.1359,0.1358,0.1359,314,0
2016-05-27,19:40:00,0.135,0.1358,0.133,0.1358,7144,0
2016-05-27,20:00:00,0.133,0.133,0.133,0.133,200,0
2016-05-27,20:05:00,0.1358,0.1358,0.1315,0.1358,10850,0
2016-05-27,20:15:00,0.1358,0.1358,0.1358,0.1358,2000,0
2016-05-27,20:20:00,0.1356,0.1357,0.1315,0.1357,4308,0
2016-05-27,20:25:00,0.1356,0.1356,0.1356,0.1356,177,0
2016-05-27,20:35:00,0.1359,0.1359,0.1358,0.1358,525,0
2016-05-27,20:40:00,0.1352,0.1352,0.1352,0.1352,100,0
2016-05-27,20:45:00,0.135,0.1357,0.135,0.1357,8320,0
2016-05-27,20:50:00,0.1351,0.1351,0.135,0.135,2900,0
2016-05-27,21:05:00,0.1316,0.135,0.1316,0.135,2116,0
2016-05-27,21:10:00,0.1349,0.1349,0.1317,0.1317,6475,0
2016-05-27,21:15:00,0.1344,0.1349,0.1344,0.1349,10300,0
2016-05-27,21:20:00,0.1334,0.135,0.1334,0.135,400,0
2016-05-27,21:25:00,0.1318,0.1349,0.1318,0.1349,1777,0
2016-05-27,21:30:00,0.1334,0.135,0.1317,0.1317,4178,0
2016-05-27,21:35:00,0.1349,0.1349,0.1349,0.1349,3590,0
2016-05-27,21:40:00,0.1317,0.135,0.1317,0.1334,400,0
2016-05-27,21:45:00,0.1349,0.1349,0.132,0.1349,1219,0
2016-05-27,21:50:00,0.1349,0.135,0.1335,0.1349,5500,0
2016-05-27,21:55:00,0.1349,0.1358,0.1327,0.1358,62972,0
2016-05-27,22:00:00,0.1358,0.1377,0.134,0.134,34472,0
2016-05-31,15:35:00,0.14,0.14,0.1375,0.14,69706,0
2016-05-31,15:40:00,0.14,0.14,0.1375,0.14,25950,0
2016-05-31,15:45:00,0.14,0.1499,0.14,0.1499,148140,0
2016-05-31,15:50:00,0.1499,0.1499,0.1451,0.148,12481,0
2016-05-31,15:55:00,0.1452,0.1479,0.142,0.142,40638,0
2016-05-31,16:00:00,0.142,0.15,0.1409,0.145,10880,0
2016-05-31,16:05:00,0.145,0.145,0.141,0.145,12595,0
2016-05-31,16:10:00,0.141,0.1449,0.141,0.1436,5521,0
2016-05-31,16:15:00,0.1449,0.1449,0.1449,0.1449,500,0
2016-05-31,16:20:00,0.1449,0.1449,0.134,0.134,33866,0
2016-05-31,16:25:00,0.1447,0.1447,0.1407,0.1407,439,0
2016-05-31,16:30:00,0.1447,0.1447,0.1341,0.1341,13764,0
2016-05-31,16:35:00,0.14,0.1428,0.1352,0.1352,6484,0
2016-05-31,16:40:00,0.135,0.1399,0.135,0.135,1900,0
2016-05-31,16:45:00,0.135,0.1399,0.135,0.136,1750,0
2016-05-31,16:50:00,0.138,0.1397,0.136,0.136,4600,0
2016-05-31,16:55:00,0.136,0.136,0.134,0.134,17249,0
2016-05-31,17:00:00,0.134,0.134,0.134,0.134,2850,0
2016-05-31,17:10:00,0.1388,0.1388,0.1385,0.1385,200,0
2016-05-31,17:15:00,0.1387,0.1387,0.134,0.134,16422,0
2016-05-31,17:20:00,0.1343,0.1389,0.134,0.1389,9313,0
2016-05-31,17:25:00,0.134,0.136,0.134,0.134,7700,0
2016-05-31,17:35:00,0.134,0.1392,0.134,0.1392,22519,0
2016-05-31,17:40:00,0.1391,0.1391,0.1391,0.1391,10000,0
2016-05-31,17:45:00,0.1342,0.1342,0.1342,0.1342,4400,0
2016-05-31,17:50:00,0.1342,0.139,0.1342,0.1365,1850,0
2016-05-31,17:55:00,0.1341,0.1341,0.134,0.1341,12011,0
2016-05-31,18:00:00,0.134,0.134,0.1325,0.1325,4777,0
2016-05-31,18:05:00,0.1312,0.1392,0.13,0.1392,26055,0
2016-05-31,18:10:00,0.1338,0.1377,0.1338,0.1365,7155,0
2016-05-31,18:20:00,0.1379,0.1379,0.1379,0.1379,2600,0
2016-05-31,18:25:00,0.1301,0.1379,0.1301,0.1379,2450,0
2016-05-31,18:30:00,0.1367,0.1367,0.1367,0.1367,600,0
2016-05-31,18:35:00,0.138,0.138,0.138,0.138,200,0
2016-05-31,18:40:00,0.137,0.137,0.137,0.137,400,0
2016-05-31,18:45:00,0.1366,0.1369,0.1366,0.1366,600,0
2016-05-31,18:50:00,0.1366,0.137,0.1366,0.137,500,0
2016-05-31,19:00:00,0.1368,0.1368,0.1368,0.1368,100,0
2016-05-31,19:05:00,0.1366,0.1368,0.1366,0.1368,235,0
2016-05-31,19:20:00,0.1322,0.1363,0.13,0.1363,62000,0
2016-05-31,19:25:00,0.1361,0.1362,0.1361,0.1362,250,0
2016-05-31,19:35:00,0.1363,0.1363,0.136,0.136,10200,0
2016-05-31,19:40:00,0.1301,0.1362,0.1301,0.1362,745,0
2016-05-31,19:45:00,0.1307,0.1307,0.1307,0.1307,2200,0
2016-05-31,19:50:00,0.1361,0.1361,0.1361,0.1361,444,0
2016-05-31,19:55:00,0.1361,0.1361,0.1361,0.1361,1000,0
2016-05-31,20:00:00,0.1353,0.1353,0.1353,0.1353,100,0
2016-05-31,20:05:00,0.1306,0.1306,0.1305,0.1305,1000,0
2016-05-31,20:10:00,0.1305,0.1305,0.13,0.13,14602,0
2016-05-31,20:15:00,0.1349,0.1349,0.1349,0.1349,700,0
2016-05-31,20:20:00,0.131,0.131,0.131,0.131,3000,0
2016-05-31,20:25:00,0.1349,0.1349,0.1349,0.1349,100,0
2016-05-31,20:30:00,0.1312,0.1348,0.1311,0.1311,2000,0
2016-05-31,20:35:00,0.1334,0.1334,0.1334,0.1334,500,0
2016-05-31,20:40:00,0.1334,0.1348,0.1334,0.1348,285,0
2016-05-31,20:45:00,0.1345,0.1345,0.1345,0.1345,1183,0
2016-05-31,20:50:00,0.131,0.1348,0.131,0.1348,400,0
2016-05-31,20:55:00,0.1342,0.1348,0.131,0.1348,1200,0
2016-05-31,21:00:00,0.1342,0.1348,0.1342,0.1348,573,0
2016-05-31,21:05:00,0.1348,0.1348,0.1348,0.1348,100,0
2016-05-31,21:15:00,0.1348,0.1348,0.1348,0.1348,200,0
2016-05-31,21:25:00,0.1347,0.1347,0.132,0.132,200,0
2016-05-31,21:30:00,0.132,0.132,0.13,0.13,20526,0
2016-05-31,21:35:00,0.13,0.1346,0.13,0.1346,10500,0
2016-05-31,21:40:00,0.13,0.1346,0.13,0.1345,8300,0
2016-05-31,21:50:00,0.1338,0.1338,0.133,0.133,200,0
2016-05-31,21:55:00,0.1348,0.1349,0.13,0.13,18842,0
2016-05-31,22:00:00,0.1302,0.134,0.1302,0.1339,400,0
2016-06-01,15:35:00,0.1356,0.14,0.1339,0.1339,11481,0
2016-06-01,15:40:00,0.13,0.13,0.12,0.12,40970,0
2016-06-01,15:45:00,0.125,0.1289,0.12,0.1289,9398,0
2016-06-01,15:50:00,0.125,0.1313,0.125,0.1312,1647,0
2016-06-01,15:55:00,0.1311,0.1311,0.1311,0.1311,25000,0
2016-06-01,16:00:00,0.13,0.13,0.127,0.1271,900,0
2016-06-01,16:05:00,0.125,0.1272,0.125,0.1271,26050,0
2016-06-01,16:10:00,0.125,0.1271,0.125,0.1271,44205,0
2016-06-01,16:20:00,0.125,0.13,0.125,0.125,3150,0
2016-06-01,16:25:00,0.134,0.134,0.126,0.1331,10708,0
2016-06-01,16:30:00,0.126,0.126,0.125,0.125,19038,0
2016-06-01,16:35:00,0.125,0.1258,0.121,0.1258,6540,0
2016-06-01,16:40:00,0.1257,0.1259,0.1257,0.1258,6412,0
2016-06-01,16:45:00,0.1249,0.1249,0.1249,0.1249,21550,0
2016-06-01,16:50:00,0.124,0.1249,0.1135,0.1249,54160,0
2016-06-01,16:55:00,0.12,0.1248,0.1135,0.1248,11994,0
2016-06-01,17:05:00,0.1228,0.1228,0.1228,0.1228,5000,0
2016-06-01,17:10:00,0.1247,0.1248,0.1247,0.1247,550,0
2016-06-01,17:15:00,0.1247,0.1247,0.1247,0.1247,100,0
2016-06-01,17:20:00,0.1239,0.1239,0.1239,0.1239,239,0
2016-06-01,17:25:00,0.124,0.124,0.124,0.124,3268,0
2016-06-01,17:35:00,0.1239,0.1239,0.1239,0.1239,150,0
2016-06-01,17:40:00,0.12,0.1201,0.1135,0.1135,19674,0
2016-06-01,17:45:00,0.12,0.12,0.1199,0.1199,920,0
2016-06-01,17:50:00,0.1199,0.1199,0.115,0.1199,44656,0
2016-06-01,17:55:00,0.12,0.12,0.1199,0.1199,2100,0
2016-06-01,18:05:00,0.1199,0.1199,0.1194,0.1194,300,0
2016-06-01,18:10:00,0.1198,0.1296,0.1189,0.1296,61545,0
2016-06-01,18:15:00,0.1296,0.1296,0.114,0.114,7612,0
2016-06-01,18:20:00,0.1288,0.1336,0.115,0.1322,50310,0
2016-06-01,18:25:00,0.1208,0.1208,0.1208,0.1208,5000,0
2016-06-01,18:30:00,0.1269,0.1269,0.1212,0.1212,463,0
2016-06-01,18:45:00,0.1228,0.1229,0.1228,0.1229,900,0
2016-06-01,18:50:00,0.131,0.131,0.1228,0.1292,4994,0
2016-06-01,18:55:00,0.1228,0.1228,0.1228,0.1228,2000,0
2016-06-01,19:00:00,0.1289,0.129,0.1228,0.129,650,0
2016-06-01,19:05:00,0.1273,0.1273,0.1273,0.1273,1000,0
2016-06-01,19:10:00,0.1299,0.1299,0.1299,0.1299,183,0
2016-06-01,19:15:00,0.129,0.129,0.129,0.129,100,0
2016-06-01,19:30:00,0.1274,0.129,0.1274,0.129,400,0
2016-06-01,19:40:00,0.1299,0.1299,0.1299,0.1299,100,0
2016-06-01,19:45:00,0.1299,0.1299,0.1299,0.1299,110,0
2016-06-01,19:55:00,0.1281,0.1281,0.1281,0.1281,1050,0
2016-06-01,20:00:00,0.1297,0.1297,0.1212,0.1212,1600,0
2016-06-01,20:05:00,0.1244,0.1244,0.1213,0.1221,4506,0
2016-06-01,20:10:00,0.1243,0.1244,0.1242,0.1244,1594,0
2016-06-01,20:20:00,0.1243,0.1243,0.1243,0.1243,600,0
2016-06-01,20:25:00,0.1244,0.1244,0.1244,0.1244,100,0
2016-06-01,20:30:00,0.1243,0.1243,0.1243,0.1243,500,0
2016-06-01,20:35:00,0.1243,0.1243,0.1243,0.1243,1049,0
2016-06-01,20:40:00,0.1243,0.1244,0.1243,0.1244,600,0
2016-06-01,20:45:00,0.1243,0.13,0.1214,0.1214,30566,0
2016-06-01,20:50:00,0.1214,0.1298,0.1214,0.1298,300,0
2016-06-01,20:55:00,0.1251,0.1251,0.125,0.125,200,0
2016-06-01,21:05:00,0.1296,0.1297,0.126,0.126,14700,0
2016-06-01,21:10:00,0.126,0.126,0.126,0.126,816,0
2016-06-01,21:15:00,0.126,0.1296,0.126,0.1296,4200,0
2016-06-01,21:25:00,0.126,0.126,0.125,0.125,11057,0
2016-06-01,21:30:00,0.1259,0.126,0.1259,0.126,700,0
2016-06-01,21:35:00,0.125,0.125,0.12,0.12,49700,0
2016-06-01,21:40:00,0.126,0.126,0.126,0.126,300,0
2016-06-01,21:45:00,0.1209,0.126,0.1209,0.1209,1400,0
2016-06-01,21:50:00,0.1209,0.1209,0.12,0.1209,1700,0
2016-06-01,21:55:00,0.126,0.126,0.1217,0.1217,1977,0
2016-06-01,22:00:00,0.1249,0.13,0.1249,0.13,3566,0
2016-06-02,15:35:00,0.1205,0.129,0.1205,0.129,4917,0
2016-06-02,15:40:00,0.1205,0.1265,0.12,0.12,12750,0
2016-06-02,15:45:00,0.1222,0.1222,0.1221,0.1222,15100,0
2016-06-02,15:50:00,0.1222,0.1222,0.1222,0.1222,10456,0
2016-06-02,15:55:00,0.1222,0.1222,0.1222,0.1222,100,0
2016-06-02,16:00:00,0.1208,0.121,0.12,0.12,4212,0
2016-06-02,16:05:00,0.12,0.1221,0.12,0.122,2250,0
2016-06-02,16:10:00,0.121,0.1221,0.121,0.1221,2080,0
2016-06-02,16:15:00,0.1221,0.1221,0.122,0.122,9661,0
2016-06-02,16:20:00,0.1221,0.1221,0.12,0.1221,89250,0
2016-06-02,16:25:00,0.1221,0.1221,0.1221,0.1221,2000,0
2016-06-02,16:30:00,0.1221,0.1221,0.1221,0.1221,300,0
2016-06-02,16:35:00,0.1249,0.1249,0.123,0.123,1500,0
2016-06-02,16:40:00,0.1249,0.1249,0.1249,0.1249,200,0
2016-06-02,16:45:00,0.1249,0.1249,0.1249,0.1249,100,0
2016-06-02,16:50:00,0.1239,0.1249,0.12,0.1249,10698,0
2016-06-02,16:55:00,0.1249,0.1249,0.1249,0.1249,200,0
2016-06-02,17:00:00,0.1226,0.1226,0.1226,0.1226,100,0
2016-06-02,17:05:00,0.1205,0.1247,0.1205,0.1247,2245,0
2016-06-02,17:10:00,0.1205,0.1246,0.1205,0.1246,1375,0
2016-06-02,17:15:00,0.1244,0.1244,0.1244,0.1244,200,0
2016-06-02,17:30:00,0.1205,0.1243,0.12,0.1228,1350,0
2016-06-02,17:35:00,0.12,0.1242,0.12,0.12,5512,0
2016-06-02,17:40:00,0.1242,0.1242,0.12,0.1242,5134,0
2016-06-02,17:55:00,0.1241,0.1241,0.1241,0.1241,200,0
2016-06-02,18:00:00,0.1227,0.124,0.12,0.12,6000,0
2016-06-02,18:05:00,0.12,0.1245,0.12,0.1245,475,0
2016-06-02,18:10:00,0.124,0.124,0.124,0.124,4000,0
2016-06-02,18:15:00,0.124,0.124,0.124,0.124,8834,0
2016-06-02,18:20:00,0.1234,0.1234,0.121,0.121,6003,0
2016-06-02,18:25:00,0.121,0.121,0.121,0.121,500,0
2016-06-02,18:30:00,0.1208,0.124,0.1208,0.121,5804,0
2016-06-02,18:35:00,0.1209,0.1239,0.1209,0.1239,1566,0
2016-06-02,18:40:00,0.1239,0.1239,0.1239,0.1239,200,0
2016-06-02,18:45:00,0.1209,0.1209,0.1209,0.1209,200,0
2016-06-02,18:55:00,0.1213,0.1238,0.121,0.1234,4100,0
2016-06-02,19:15:00,0.1236,0.1236,0.1236,0.1236,100,0
2016-06-02,19:25:00,0.1234,0.1234,0.1234,0.1234,100,0
2016-06-02,19:30:00,0.1234,0.1234,0.1234,0.1234,200,0
2016-06-02,19:35:00,0.1222,0.1222,0.1209,0.1209,6619,0
2016-06-02,19:40:00,0.1233,0.1233,0.1232,0.1232,8100,0
2016-06-02,19:50:00,0.1232,0.1232,0.1209,0.1209,4260,0
2016-06-02,19:55:00,0.122,0.1231,0.122,0.1231,7500,0
2016-06-02,20:05:00,0.123,0.123,0.1225,0.1225,1100,0
2016-06-02,20:10:00,0.1225,0.1229,0.1225,0.1228,16100,0
2016-06-02,20:15:00,0.1233,0.1234,0.1233,0.1234,3200,0
2016-06-02,20:20:00,0.123,0.123,0.123,0.123,400,0
2016-06-02,20:25:00,0.1233,0.1234,0.1233,0.1234,4100,0
2016-06-02,20:30:00,0.1231,0.1231,0.123,0.123,200,0
2016-06-02,20:35:00,0.123,0.123,0.1226,0.1226,7700,0
2016-06-02,20:40:00,0.1233,0.1233,0.1225,0.1228,865,0
2016-06-02,20:50:00,0.1226,0.1226,0.1226,0.1226,200,0
2016-06-02,20:55:00,0.1226,0.1226,0.121,0.121,900,0
2016-06-02,21:00:00,0.1209,0.121,0.1205,0.1206,86849,0
2016-06-02,21:05:00,0.1206,0.1206,0.1206,0.1206,1314,0
2016-06-02,21:10:00,0.1205,0.1205,0.1205,0.1205,4125,0
2016-06-02,21:15:00,0.1205,0.1205,0.1205,0.1205,600,0
2016-06-02,21:20:00,0.1206,0.1206,0.1205,0.1206,1530,0
2016-06-02,21:25:00,0.1206,0.1206,0.12,0.1201,32056,0
2016-06-02,21:30:00,0.12,0.1201,0.12,0.1201,3300,0
2016-06-02,21:35:00,0.1201,0.1201,0.12,0.12,1700,0
2016-06-02,21:40:00,0.1201,0.1201,0.12,0.1201,61869,0
2016-06-02,21:45:00,0.1201,0.1201,0.1201,0.1201,33183,0
2016-06-02,21:50:00,0.1201,0.122,0.12,0.12,56440,0
2016-06-02,21:55:00,0.12,0.1201,0.1,0.1001,270253,0
2016-06-02,22:00:00,0.1,0.1001,0.09,0.0945,493088,0
2016-06-03,15:35:00,0.065,0.07,0.056,0.057,1502856,0
2016-06-03,15:40:00,0.0579,0.0636,0.052,0.06,756676,0
2016-06-03,15:45:00,0.0634,0.0634,0.055,0.0556,1130935,0
2016-06-03,15:50:00,0.0559,0.0634,0.055,0.0591,783385,0
2016-06-03,15:55:00,0.06,0.06,0.0576,0.0591,507418,0
2016-06-03,16:00:00,0.06,0.0634,0.0591,0.061,227429,0
2016-06-03,16:05:00,0.062,0.067,0.0609,0.0641,437763,0
2016-06-03,16:10:00,0.067,0.07,0.0641,0.0669,403457,0
2016-06-03,16:15:00,0.0669,0.068,0.0642,0.0642,490317,0
2016-06-03,16:20:00,0.0642,0.0659,0.062,0.0622,252321,0
2016-06-03,16:25:00,0.0623,0.065,0.0615,0.0615,123529,0
2016-06-03,16:30:00,0.0615,0.063,0.06,0.0602,457734,0
2016-06-03,16:35:00,0.061,0.065,0.0602,0.063,111717,0
2016-06-03,16:40:00,0.0639,0.0648,0.0602,0.0625,491226,0
2016-06-03,16:45:00,0.0626,0.0626,0.061,0.061,65915,0
2016-06-03,16:50:00,0.0614,0.0618,0.0603,0.0603,162766,0
2016-06-03,16:55:00,0.0603,0.0618,0.0603,0.061,40150,0
2016-06-03,17:00:00,0.061,0.0632,0.0603,0.0632,86252,0
2016-06-03,17:05:00,0.063,0.0635,0.063,0.0635,114326,0
2016-06-03,17:10:00,0.0635,0.064,0.062,0.063,67602,0
2016-06-03,17:15:00,0.063,0.066,0.063,0.065,105244,0
2016-06-03,17:20:00,0.065,0.067,0.0634,0.065,227466,0
2016-06-03,17:25:00,0.065,0.065,0.063,0.063,152405,0
2016-06-03,17:30:00,0.0649,0.0649,0.062,0.0621,353443,0
2016-06-03,17:35:00,0.0621,0.0647,0.0621,0.0622,23400,0
2016-06-03,17:40:00,0.0622,0.0648,0.0622,0.0623,116404,0
2016-06-03,17:45:00,0.0623,0.0645,0.0623,0.0623,45194,0
2016-06-03,17:50:00,0.0623,0.0648,0.0623,0.0626,141823,0
2016-06-03,17:55:00,0.0627,0.066,0.0625,0.063,248998,0
2016-06-03,18:00:00,0.0632,0.068,0.0631,0.0651,182857,0
2016-06-03,18:05:00,0.065,0.0678,0.064,0.0651,119900,0
2016-06-03,18:10:00,0.0652,0.0678,0.0652,0.0655,91014,0
2016-06-03,18:15:00,0.066,0.0689,0.0655,0.066,157486,0
2016-06-03,18:20:00,0.0661,0.0689,0.0652,0.0654,105316,0
2016-06-03,18:25:00,0.0654,0.069,0.0654,0.0654,27755,0
2016-06-03,18:30:00,0.0654,0.069,0.0653,0.0656,92162,0
2016-06-03,18:35:00,0.0656,0.0689,0.0654,0.0656,133600,0
2016-06-03,18:40:00,0.0654,0.0661,0.0654,0.066,5200,0
2016-06-03,18:45:00,0.0675,0.0689,0.066,0.066,239353,0
2016-06-03,18:50:00,0.066,0.069,0.065,0.066,95786,0
2016-06-03,18:55:00,0.0687,0.0687,0.0651,0.0663,100869,0
2016-06-03,19:00:00,0.066,0.0675,0.065,0.065,47886,0
2016-06-03,19:05:00,0.065,0.0675,0.065,0.0651,81722,0
2016-06-03,19:10:00,0.0651,0.0675,0.065,0.065,54795,0
2016-06-03,19:15:00,0.065,0.0675,0.065,0.065,24800,0
2016-06-03,19:20:00,0.0651,0.068,0.0651,0.0652,56679,0
2016-06-03,19:25:00,0.0652,0.0679,0.0652,0.0675,43335,0
2016-06-03,19:30:00,0.066,0.0688,0.0659,0.066,21234,0
2016-06-03,19:35:00,0.066,0.0684,0.0659,0.0659,12500,0
2016-06-03,19:40:00,0.0659,0.0684,0.0659,0.066,60581,0
2016-06-03,19:45:00,0.0669,0.0684,0.0651,0.0651,115700,0
2016-06-03,19:50:00,0.0651,0.0679,0.0651,0.0655,63670,0
2016-06-03,19:55:00,0.0655,0.0679,0.0655,0.0656,24004,0
2016-06-03,20:00:00,0.0656,0.0683,0.0656,0.0657,64951,0
2016-06-03,20:05:00,0.0657,0.0683,0.0655,0.066,117193,0
2016-06-03,20:10:00,0.066,0.0679,0.0655,0.0678,75817,0
2016-06-03,20:15:00,0.0667,0.0679,0.0655,0.0655,187044,0
2016-06-03,20:20:00,0.066,0.0679,0.0656,0.067,69900,0
2016-06-03,20:25:00,0.0659,0.0678,0.0657,0.066,91963,0
2016-06-03,20:30:00,0.067,0.0677,0.0657,0.0657,66722,0
2016-06-03,20:35:00,0.0658,0.0677,0.0657,0.0657,42930,0
2016-06-03,20:40:00,0.0657,0.0674,0.065,0.0671,96850,0
2016-06-03,20:45:00,0.065,0.0671,0.065,0.0671,21730,0
2016-06-03,20:50:00,0.065,0.0679,0.065,0.0655,61200,0
2016-06-03,20:55:00,0.0655,0.0667,0.0654,0.0656,47300,0
2016-06-03,21:00:00,0.0656,0.0665,0.065,0.065,58500,0
2016-06-03,21:05:00,0.065,0.0667,0.0616,0.0616,162145,0
2016-06-03,21:10:00,0.0616,0.065,0.061,0.0612,154937,0
2016-06-03,21:15:00,0.0612,0.0646,0.06,0.06,225004,0
2016-06-03,21:20:00,0.061,0.0643,0.06,0.064,188075,0
2016-06-03,21:25:00,0.06,0.063,0.06,0.061,142775,0
2016-06-03,21:30:00,0.061,0.063,0.058,0.058,248568,0
2016-06-03,21:35:00,0.058,0.06,0.058,0.0581,142593,0
2016-06-03,21:40:00,0.058,0.0595,0.058,0.0591,191566,0
2016-06-03,21:45:00,0.059,0.0594,0.058,0.058,169397,0
2016-06-03,21:50:00,0.058,0.063,0.0577,0.0581,283681,0
2016-06-03,21:55:00,0.0581,0.0582,0.056,0.056,363574,0
2016-06-03,22:00:00,0.056,0.062,0.052,0.052,1664248,0
2016-06-06,15:35:00,0.06,0.069,0.06,0.0659,1226696,0
2016-06-06,15:40:00,0.0659,0.0661,0.0611,0.0641,530840,0
2016-06-06,15:45:00,0.064,0.0641,0.0621,0.0641,268172,0
2016-06-06,15:50:00,0.0641,0.0666,0.0625,0.0649,458342,0
2016-06-06,15:55:00,0.063,0.0649,0.061,0.064,317069,0
2016-06-06,16:00:00,0.0646,0.066,0.063,0.064,333017,0
2016-06-06,16:05:00,0.0659,0.0686,0.064,0.068,179775,0
2016-06-06,16:10:00,0.0684,0.0875,0.066,0.0849,1918105,0
2016-06-06,16:15:00,0.0825,0.0875,0.08,0.0843,1279760,0
2016-06-06,16:20:00,0.0841,0.087,0.0821,0.0821,531680,0
2016-06-06,16:25:00,0.084,0.0859,0.081,0.0831,646090,0
2016-06-06,16:30:00,0.0838,0.0838,0.073,0.0731,1320485,0
2016-06-06,16:35:00,0.0731,0.08,0.0731,0.0794,1141475,0
2016-06-06,16:40:00,0.0794,0.0798,0.0765,0.0775,372567,0
2016-06-06,16:45:00,0.0784,0.083,0.0768,0.0811,665155,0
2016-06-06,16:50:00,0.0803,0.081,0.0765,0.0771,478399,0
2016-06-06,16:55:00,0.0799,0.08,0.0772,0.0772,267101,0
2016-06-06,17:00:00,0.0794,0.0795,0.07,0.0732,509277,0
2016-06-06,17:05:00,0.0732,0.0772,0.0716,0.075,210484,0
2016-06-06,17:10:00,0.077,0.0782,0.0752,0.0752,256957,0
2016-06-06,17:15:00,0.074,0.0764,0.0717,0.0746,194888,0
2016-06-06,17:20:00,0.074,0.0759,0.072,0.0759,138637,0
2016-06-06,17:25:00,0.0755,0.0759,0.0721,0.0721,111244,0
2016-06-06,17:30:00,0.0739,0.0756,0.0721,0.0735,203589,0
2016-06-06,17:35:00,0.0727,0.0745,0.072,0.072,215972,0
2016-06-06,17:40:00,0.072,0.073,0.071,0.0725,240129,0
2016-06-06,17:45:00,0.0725,0.0725,0.071,0.072,172702,0
2016-06-06,17:50:00,0.0719,0.073,0.0719,0.0725,164023,0
2016-06-06,17:55:00,0.0725,0.073,0.072,0.073,56199,0
2016-06-06,18:00:00,0.0729,0.0736,0.0713,0.0735,195508,0
2016-06-06,18:05:00,0.075,0.075,0.072,0.0739,76168,0
2016-06-06,18:10:00,0.0745,0.0745,0.0735,0.0739,76321,0
2016-06-06,18:15:00,0.0739,0.074,0.0738,0.074,84124,0
2016-06-06,18:20:00,0.074,0.0765,0.0739,0.0759,232456,0
2016-06-06,18:25:00,0.076,0.076,0.0759,0.0759,69620,0
2016-06-06,18:30:00,0.076,0.0764,0.076,0.0764,19379,0
2016-06-06,18:35:00,0.0763,0.0785,0.0763,0.0784,116414,0
2016-06-06,18:40:00,0.0785,0.08,0.076,0.08,602275,0
2016-06-06,18:45:00,0.0793,0.082,0.076,0.082,617150,0
2016-06-06,18:50:00,0.082,0.0829,0.0793,0.0801,352655,0
2016-06-06,18:55:00,0.0801,0.0828,0.08,0.0827,383001,0
2016-06-06,19:00:00,0.0827,0.0865,0.082,0.082,347843,0
2016-06-06,19:05:00,0.0808,0.0828,0.08,0.0826,235939,0
2016-06-06,19:10:00,0.0819,0.0826,0.079,0.0825,95027,0
2016-06-06,19:15:00,0.0825,0.0828,0.08,0.08,52749,0
2016-06-06,19:20:00,0.0805,0.0823,0.0805,0.082,173767,0
2016-06-06,19:25:00,0.0819,0.082,0.079,0.079,323398,0
2016-06-06,19:30:00,0.0815,0.0818,0.0802,0.0818,60093,0
2016-06-06,19:35:00,0.0814,0.0818,0.0801,0.0808,66794,0
2016-06-06,19:40:00,0.0808,0.0815,0.0807,0.0808,22914,0
2016-06-06,19:45:00,0.0808,0.0815,0.079,0.079,183550,0
2016-06-06,19:50:00,0.079,0.08,0.079,0.079,106000,0
2016-06-06,19:55:00,0.0791,0.08,0.0791,0.08,34158,0
2016-06-06,20:00:00,0.08,0.08,0.0799,0.0799,33500,0
2016-06-06,20:05:00,0.0799,0.08,0.0799,0.0799,10160,0
2016-06-06,20:10:00,0.08,0.08,0.08,0.08,51010,0
2016-06-06,20:15:00,0.0799,0.0815,0.0799,0.0815,139175,0
2016-06-06,20:20:00,0.0808,0.0815,0.079,0.0803,194920,0
2016-06-06,20:25:00,0.0803,0.0803,0.0795,0.0795,5624,0
2016-06-06,20:30:00,0.0796,0.0803,0.079,0.079,121146,0
2016-06-06,20:35:00,0.0791,0.0798,0.078,0.0797,53698,0
2016-06-06,20:40:00,0.079,0.08,0.079,0.08,112970,0
2016-06-06,20:45:00,0.0798,0.08,0.0798,0.0798,8000,0
2016-06-06,20:50:00,0.08,0.08,0.0798,0.0798,50700,0
2016-06-06,20:55:00,0.0798,0.08,0.0798,0.0799,25400,0
2016-06-06,21:00:00,0.0799,0.0799,0.0798,0.0799,52900,0
2016-06-06,21:05:00,0.0798,0.0799,0.0798,0.0799,29638,0
2016-06-06,21:10:00,0.0799,0.0799,0.075,0.075,251257,0
2016-06-06,21:15:00,0.075,0.077,0.065,0.065,1072298,0
2016-06-06,21:20:00,0.07,0.07,0.063,0.0694,146842,0
2016-06-06,21:25:00,0.0693,0.0693,0.065,0.0693,60520,0
2016-06-06,21:30:00,0.0692,0.0775,0.0681,0.0747,355037,0
2016-06-06,21:35:00,0.0746,0.0748,0.0706,0.074,92270,0
2016-06-06,21:40:00,0.074,0.0774,0.073,0.0738,121119,0
2016-06-06,21:45:00,0.074,0.074,0.0711,0.0713,293517,0
2016-06-06,21:50:00,0.0713,0.074,0.071,0.0725,129213,0
2016-06-06,21:55:00,0.0725,0.0767,0.0725,0.0767,372800,0
2016-06-06,22:00:00,0.0765,0.0765,0.0725,0.074,421722,0
2016-06-07,15:35:00,0.08,0.085,0.079,0.084,1099761,0
2016-06-07,15:40:00,0.0839,0.089,0.083,0.0888,606335,0
2016-06-07,15:45:00,0.0889,0.0948,0.0857,0.092,753748,0
2016-06-07,15:50:00,0.092,0.1049,0.09,0.1,1539142,0
2016-06-07,15:55:00,0.1,0.128,0.1,0.115,1994783,0
2016-06-07,16:00:00,0.1133,0.1177,0.0958,0.1025,2180088,0
2016-06-07,16:05:00,0.1025,0.1048,0.0977,0.0977,727248,0
2016-06-07,16:10:00,0.0977,0.1083,0.0977,0.1018,559667,0
2016-06-07,16:15:00,0.1049,0.105,0.0965,0.1,425266,0
2016-06-07,16:20:00,0.1,0.103,0.0975,0.0996,216712,0
2016-06-07,16:25:00,0.0996,0.1029,0.096,0.1004,279430,0
2016-06-07,16:30:00,0.1029,0.1077,0.1029,0.104,660688,0
2016-06-07,16:35:00,0.1049,0.1065,0.1021,0.1022,191722,0
2016-06-07,16:40:00,0.1039,0.1074,0.1022,0.106,427175,0
2016-06-07,16:45:00,0.105,0.1069,0.1,0.1048,707942,0
2016-06-07,16:50:00,0.1042,0.1043,0.1022,0.1042,83209,0
2016-06-07,16:55:00,0.1031,0.1046,0.1022,0.1033,599209,0
2016-06-07,17:00:00,0.1033,0.1041,0.1022,0.1035,107497,0
2016-06-07,17:05:00,0.1035,0.1041,0.1022,0.104,250255,0
2016-06-07,17:10:00,0.104,0.104,0.1025,0.1034,79790,0
2016-06-07,17:15:00,0.1034,0.1035,0.1033,0.1033,46999,0
2016-06-07,17:20:00,0.1033,0.1041,0.1033,0.104,89886,0
2016-06-07,17:25:00,0.1041,0.1097,0.1035,0.1043,294012,0
2016-06-07,17:30:00,0.1056,0.115,0.1044,0.1086,815133,0
2016-06-07,17:35:00,0.11,0.1118,0.104,0.1062,251359,0
2016-06-07,17:40:00,0.1098,0.1098,0.1058,0.1092,101527,0
2016-06-07,17:45:00,0.1093,0.1094,0.1062,0.1071,58138,0
2016-06-07,17:50:00,0.1071,0.1093,0.1071,0.109,98901,0
2016-06-07,17:55:00,0.109,0.1094,0.108,0.108,314455,0
2016-06-07,18:00:00,0.1081,0.1085,0.1046,0.1046,630147,0
2016-06-07,18:05:00,0.1042,0.1072,0.104,0.1041,74166,0
2016-06-07,18:10:00,0.1041,0.1069,0.104,0.1069,32310,0
2016-06-07,18:15:00,0.1069,0.1069,0.1041,0.1063,28887,0
2016-06-07,18:20:00,0.105,0.1059,0.1046,0.1047,5713,0
2016-06-07,18:25:00,0.1048,0.108,0.1048,0.1079,67964,0
2016-06-07,18:30:00,0.1061,0.108,0.1061,0.1064,134200,0
2016-06-07,18:35:00,0.108,0.1085,0.1063,0.1083,77940,0
2016-06-07,18:40:00,0.1079,0.1079,0.1046,0.1065,146200,0
2016-06-07,18:45:00,0.1047,0.1065,0.1047,0.1052,14142,0
2016-06-07,18:50:00,0.1052,0.1064,0.1045,0.105,98994,0
2016-06-07,18:55:00,0.105,0.1055,0.1045,0.1049,19633,0
2016-06-07,19:00:00,0.1045,0.1065,0.1045,0.1045,89100,0
2016-06-07,19:05:00,0.1056,0.106,0.1041,0.1052,270976,0
2016-06-07,19:10:00,0.1051,0.1051,0.104,0.104,371939,0
2016-06-07,19:15:00,0.1035,0.1035,0.0898,0.0951,1001728,0
2016-06-07,19:20:00,0.0979,0.0995,0.0965,0.0989,266000,0
2016-06-07,19:25:00,0.0989,0.104,0.097,0.0999,365882,0
2016-06-07,19:30:00,0.0996,0.1,0.0935,0.098,377980,0
2016-06-07,19:35:00,0.0987,0.1,0.0961,0.098,150140,0
2016-06-07,19:40:00,0.098,0.0999,0.097,0.099,126655,0
2016-06-07,19:45:00,0.098,0.0999,0.098,0.0999,90646,0
2016-06-07,19:50:00,0.0996,0.104,0.0995,0.1,114261,0
2016-06-07,19:55:00,0.1,0.1039,0.0999,0.1011,4700,0
2016-06-07,20:00:00,0.1019,0.103,0.101,0.103,174379,0
2016-06-07,20:05:00,0.1004,0.103,0.1,0.102,28909,0
2016-06-07,20:10:00,0.102,0.103,0.099,0.099,306939,0
2016-06-07,20:15:00,0.098,0.1024,0.098,0.102,146295,0
2016-06-07,20:20:00,0.102,0.102,0.097,0.0992,87207,0
2016-06-07,20:25:00,0.0991,0.101,0.0991,0.101,16734,0
2016-06-07,20:30:00,0.1,0.1015,0.1,0.1015,180306,0
2016-06-07,20:35:00,0.1015,0.1016,0.098,0.1014,28827,0
2016-06-07,20:40:00,0.1,0.1019,0.1,0.1019,100980,0
2016-06-07,20:45:00,0.1013,0.1025,0.1,0.1,101397,0
2016-06-07,20:50:00,0.1001,0.1001,0.095,0.099,288153,0
2016-06-07,20:55:00,0.0986,0.1,0.096,0.1,34331,0
2016-06-07,21:00:00,0.0962,0.1,0.0962,0.0968,13390,0
2016-06-07,21:05:00,0.0968,0.099,0.096,0.0969,52551,0
2016-06-07,21:10:00,0.099,0.099,0.097,0.099,7230,0
2016-06-07,21:15:00,0.099,0.1,0.097,0.099,94301,0
2016-06-07,21:20:00,0.0981,0.1,0.0971,0.0998,60883,0
2016-06-07,21:25:00,0.098,0.0986,0.09,0.09,695567,0
2016-06-07,21:30:00,0.09,0.09,0.085,0.085,627382,0
2016-06-07,21:35:00,0.0869,0.087,0.0761,0.077,971395,0
2016-06-07,21:40:00,0.077,0.0848,0.0765,0.0824,593732,0
2016-06-07,21:45:00,0.0824,0.0824,0.0711,0.0711,648168,0
2016-06-07,21:50:00,0.0759,0.0788,0.0711,0.0767,212089,0
2016-06-07,21:55:00,0.072,0.083,0.072,0.082,255399,0
2016-06-07,22:00:00,0.082,0.086,0.08,0.086,698506,0
