Date,Time,Open,High,Low,Close,Volume,OpenInt
2016-06-16,15:35:00,100.68,100.9999,99.84,100.24,62302,0
2016-06-16,15:40:00,100.2502,101.15,100.01,100.83,59157,0
2016-06-16,15:45:00,100.83,101.11,100.5,100.52,38594,0
2016-06-16,15:50:00,100.445,100.54,99.65,99.82,76128,0
2016-06-16,15:55:00,99.824,99.92,99.47,99.48,69293,0
2016-06-16,16:00:00,99.49,100.05,99.49,99.8,55127,0
2016-06-16,16:05:00,99.833,99.885,99.51,99.54,40022,0
2016-06-16,16:10:00,99.58,99.98,99.18,99.98,95452,0
2016-06-16,16:15:00,99.99,100.54,99.81,100.38,58754,0
2016-06-16,16:20:00,100.46,100.5599,100.04,100.34,26903,0
2016-06-16,16:25:00,100.3199,100.32,99.85,99.91,24378,0
2016-06-16,16:30:00,99.94,100.23,99.71,100.21,29663,0
2016-06-16,16:35:00,100.2,100.26,99.78,99.78,20622,0
2016-06-16,16:40:00,99.8,100.12,99.67,99.72,22230,0
2016-06-16,16:45:00,99.7,100.15,99.63,100.15,10081,0
2016-06-16,16:50:00,100.14,100.48,100.14,100.3425,20524,0
2016-06-16,16:55:00,100.32,100.32,99.835,100.1,30814,0
2016-06-16,17:00:00,100.22,100.39,100.2,100.39,15234,0
2016-06-16,17:05:00,100.38,100.59,100.14,100.43,18444,0
2016-06-16,17:10:00,100.46,100.56,100.35,100.38,11462,0
2016-06-16,17:15:00,100.359,100.93,100.33,100.93,45348,0
2016-06-16,17:20:00,100.94,100.94,100.51,100.57,15345,0
2016-06-16,17:25:00,100.5,100.96,100.42,100.96,28911,0
2016-06-16,17:30:00,100.93,101.285,100.81,100.9,31863,0
2016-06-16,17:35:00,100.88,101.26,100.8125,100.94,48505,0
2016-06-16,17:40:00,100.95,100.99,100.7501,100.81,11311,0
2016-06-16,17:45:00,100.78,100.81,100.6,100.6,9708,0
2016-06-16,17:50:00,100.6101,100.795,100.36,100.675,22001,0
2016-06-16,17:55:00,100.61,100.63,100.25,100.5439,44814,0
2016-06-16,18:00:00,100.57,100.635,100.17,100.18,10087,0
2016-06-16,18:05:00,100.21,100.3672,100.16,100.21,24358,0
2016-06-16,18:10:00,100.26,100.43,99.98,100.37,19910,0
2016-06-16,18:15:00,100.42,100.45,100.0801,100.35,17350,0
2016-06-16,18:20:00,100.3,100.53,100.17,100.5022,9744,0
2016-06-16,18:25:00,100.5,100.87,100.46,100.7401,21133,0
2016-06-16,18:30:00,100.83,100.94,100.7177,100.94,12635,0
2016-06-16,18:35:00,100.92,100.92,100.59,100.76,12910,0
2016-06-16,18:40:00,100.74,100.9,100.57,100.84,8850,0
2016-06-16,18:45:00,100.82,101.16,100.73,101.095,13853,0
2016-06-16,18:50:00,101.13,101.16,100.8101,100.8101,15684,0
2016-06-16,18:55:00,100.91,100.97,100.69,100.71,8428,0
2016-06-16,19:00:00,100.72,100.86,100.72,100.76,6472,0
2016-06-16,19:05:00,100.71,101.066,100.7,100.92,9044,0
2016-06-16,19:10:00,101.01,101.04,100.88,100.89,14027,0
2016-06-16,19:15:00,100.9075,100.97,100.73,100.74,18568,0
2016-06-16,19:20:00,100.76,100.76,100.52,100.63,11284,0
2016-06-16,19:25:00,100.64,100.78,100.55,100.74,12351,0
2016-06-16,19:30:00,100.73,100.87,100.64,100.72,31131,0
2016-06-16,19:35:00,100.72,100.9,100.649,100.74,8395,0
2016-06-16,19:40:00,100.71,100.9,100.64,100.87,13778,0
2016-06-16,19:45:00,100.8791,100.92,100.7,100.7,10889,0
2016-06-16,19:50:00,100.65,100.73,100.47,100.57,8521,0
2016-06-16,19:55:00,100.47,100.49,100.28,100.31,9406,0
2016-06-16,20:00:00,100.31,100.42,100.17,100.19,8731,0
2016-06-16,20:05:00,100.24,100.72,100.23,100.72,9953,0
2016-06-16,20:10:00,100.71,100.71,100.53,100.5716,6104,0
2016-06-16,20:15:00,100.5339,100.94,100.48,100.9199,13697,0
2016-06-16,20:20:00,100.92,101.14,100.92,101.08,20746,0
2016-06-16,20:25:00,101.04,101.1,100.91,101.05,7642,0
2016-06-16,20:30:00,101.03,101.0549,100.71,100.77,15136,0
2016-06-16,20:35:00,100.77,100.92,100.77,100.82,6148,0
2016-06-16,20:40:00,100.83,101.104,100.83,101.104,12015,0
2016-06-16,20:45:00,101.1,101.17,101.03,101.115,14200,0
2016-06-16,20:50:00,101.125,101.25,101.04,101.16,18250,0
2016-06-16,20:55:00,101.17,101.2931,101.1,101.2931,11114,0
2016-06-16,21:00:00,101.289,101.289,100.99,101.1,8884,0
2016-06-16,21:05:00,101.1,101.26,101.08,101.24,10628,0
2016-06-16,21:10:00,101.2,101.21,101.03,101.16,11185,0
2016-06-16,21:15:00,101.16,101.23,101.04,101.17,13750,0
2016-06-16,21:20:00,101.18,101.2462,101.11,101.14,9358,0
2016-06-16,21:25:00,101.16,101.33,101.11,101.29,18925,0
2016-06-16,21:30:00,101.285,101.49,101.25,101.47,24192,0
2016-06-16,21:35:00,101.49,101.59,101.25,101.3,41918,0
2016-06-16,21:40:00,101.285,101.32,101.15,101.2,10988,0
2016-06-16,21:45:00,101.21,101.39,101.19,101.27,32010,0
2016-06-16,21:50:00,101.28,101.3495,101.22,101.26,22329,0
2016-06-16,21:55:00,101.24,101.34,101.21,101.25,31165,0
2016-06-16,22:00:00,101.24,101.32,101.11,101.2,76466,0
2016-06-17,15:35:00,102.31,102.92,101.6,102.55,124973,0
2016-06-17,15:40:00,102.55,102.72,102.21,102.533,25326,0
2016-06-17,15:45:00,102.4133,103.47,102.4133,103.34,48703,0
2016-06-17,15:50:00,103.36,103.4813,102.89,103.4,37763,0
2016-06-17,15:55:00,103.43,103.75,103.2801,103.47,76808,0
2016-06-17,16:00:00,103.36,103.43,102.8001,103.0516,21583,0
2016-06-17,16:05:00,103.0323,103.1,102.787,102.94,14732,0
2016-06-17,16:10:00,102.95,103.13,102.75,103.06,29742,0
2016-06-17,16:15:00,103,103.3665,102.99,103.19,17666,0
2016-06-17,16:20:00,103.19,103.4,103.1688,103.3675,14300,0
2016-06-17,16:25:00,103.36,103.3684,103.01,103.0372,8400,0
2016-06-17,16:30:00,103,103.14,102.7505,102.785,16414,0
2016-06-17,16:35:00,102.78,102.9,102.42,102.8,22851,0
2016-06-17,16:40:00,102.7535,103.0199,102.75,103,27444,0
2016-06-17,16:45:00,102.94,103.09,102.86,103.09,14940,0
2016-06-17,16:50:00,103.06,103.45,103.03,103.36,41637,0
2016-06-17,16:55:00,103.39,103.56,103.34,103.46,37228,0
2016-06-17,17:00:00,103.46,103.59,103.24,103.28,33706,0
2016-06-17,17:05:00,103.3318,103.36,102.59,102.72,29730,0
2016-06-17,17:10:00,102.64,102.84,102.52,102.7,17456,0
2016-06-17,17:15:00,102.69,102.8975,102.6,102.77,7159,0
2016-06-17,17:20:00,102.74,103.1,102.7,102.95,9417,0
2016-06-17,17:25:00,103.04,103.3,102.94,102.94,8596,0
2016-06-17,17:30:00,102.94,103.14,102.68,102.68,11593,0
2016-06-17,17:35:00,102.675,102.84,102.61,102.61,17310,0
2016-06-17,17:40:00,102.615,102.736,102.46,102.59,12950,0
2016-06-17,17:45:00,102.605,102.92,102.605,102.7775,15983,0
2016-06-17,17:50:00,102.74,102.92,102.73,102.87,11806,0
2016-06-17,17:55:00,102.87,102.9,102.4938,102.4938,15461,0
2016-06-17,18:00:00,102.57,102.73,102.48,102.73,5500,0
2016-06-17,18:05:00,102.68,102.97,102.64,102.87,6133,0
2016-06-17,18:10:00,102.83,103.19,102.7992,103.11,12101,0
2016-06-17,18:15:00,103.16,103.25,102.9438,102.98,17251,0
2016-06-17,18:20:00,102.9495,103.04,102.7475,102.9299,9879,0
2016-06-17,18:25:00,102.84,102.89,102.71,102.81,4697,0
2016-06-17,18:30:00,102.77,102.8,102.52,102.76,9760,0
2016-06-17,18:35:00,102.7731,102.78,102.59,102.67,9624,0
2016-06-17,18:40:00,102.62,102.86,102.5968,102.74,5416,0
2016-06-17,18:45:00,102.79,102.94,102.69,102.8872,5022,0
2016-06-17,18:50:00,102.88,102.9299,102.7,102.7,3242,0
2016-06-17,18:55:00,102.65,102.85,102.6042,102.63,16663,0
2016-06-17,19:00:00,102.5801,102.73,102.53,102.62,4268,0
2016-06-17,19:05:00,102.63,102.64,102.31,102.56,16553,0
2016-06-17,19:10:00,102.561,102.84,102.5,102.77,9089,0
2016-06-17,19:15:00,102.74,102.79,102.56,102.65,6313,0
2016-06-17,19:20:00,102.64,102.67,102.52,102.54,2600,0
2016-06-17,19:25:00,102.52,102.7202,102.52,102.7202,4932,0
2016-06-17,19:30:00,102.75,102.86,102.66,102.66,7487,0
2016-06-17,19:35:00,102.64,102.8,102.59,102.7001,8650,0
2016-06-17,19:40:00,102.71,102.77,102.67,102.77,5800,0
2016-06-17,19:45:00,102.74,103.05,102.74,102.95,14870,0
2016-06-17,19:50:00,102.9725,103.15,102.96,103.08,12919,0
2016-06-17,19:55:00,103.1046,103.15,102.92,102.92,13415,0
2016-06-17,20:00:00,102.97,103.11,102.97,103.03,5609,0
2016-06-17,20:05:00,102.98,103.06,102.89,102.89,6814,0
2016-06-17,20:10:00,102.91,103.04,102.82,102.91,8383,0
2016-06-17,20:15:00,102.92,103.15,102.9,103.12,17886,0
2016-06-17,20:20:00,103.11,103.33,103.04,103.04,17820,0
2016-06-17,20:25:00,103.07,103.5,103.07,103.3,30583,0
2016-06-17,20:30:00,103.28,103.29,103.15,103.1501,7854,0
2016-06-17,20:35:00,103.25,103.42,103.18,103.29,12081,0
2016-06-17,20:40:00,103.3125,103.33,103.15,103.19,10104,0
2016-06-17,20:45:00,103.23,103.34,103.1,103.227,11677,0
2016-06-17,20:50:00,103.18,103.33,103.16,103.28,9501,0
2016-06-17,20:55:00,103.29,103.41,103.04,103.06,29346,0
2016-06-17,21:00:00,103.06,103.1,102.89,103.02,33317,0
2016-06-17,21:05:00,103.03,103.16,102.99,103.07,12088,0
2016-06-17,21:10:00,103.05,103.05,102.95,103.05,17435,0
2016-06-17,21:15:00,103.04,103.12,102.97,103.05,9835,0
2016-06-17,21:20:00,103.059,103.1,102.935,102.99,13849,0
2016-06-17,21:25:00,103.04,103.125,102.97,103.0699,14244,0
2016-06-17,21:30:00,103.02,103.16,102.97,103.08,14480,0
2016-06-17,21:35:00,103.06,103.13,103,103.13,17651,0
2016-06-17,21:40:00,103.14,103.34,103.11,103.24,27250,0
2016-06-17,21:45:00,103.23,103.4,103.09,103.31,37507,0
2016-06-17,21:50:00,103.31,103.47,103.25,103.28,43861,0
2016-06-17,21:55:00,103.25,103.34,103.11,103.2,50756,0
2016-06-17,22:00:00,103.17,103.34,103.1601,103.19,350693,0
2016-06-20,15:35:00,104.02,105.69,104.02,104.97,132197,0
2016-06-20,15:40:00,104.81,105.1,104.2,104.3665,61745,0
2016-06-20,15:45:00,104.48,104.79,104.26,104.678,56546,0
2016-06-20,15:50:00,104.73,104.98,104.2575,104.666,57184,0
2016-06-20,15:55:00,104.5,104.5,103.72,103.9319,24893,0
2016-06-20,16:00:00,103.915,104,103.67,103.8574,25720,0
2016-06-20,16:05:00,103.9,104.17,103.75,104.12,31419,0
2016-06-20,16:10:00,104.17,104.38,103.7,103.74,27582,0
2016-06-20,16:15:00,103.78,103.79,103.12,103.19,46547,0
2016-06-20,16:20:00,103.1538,103.24,102.62,102.69,78457,0
2016-06-20,16:25:00,102.68,102.79,102.26,102.36,68757,0
2016-06-20,16:30:00,102.3201,102.37,102,102.14,52532,0
2016-06-20,16:35:00,102.1399,102.38,101.56,101.58,99250,0
2016-06-20,16:40:00,101.648,101.9999,101.58,101.9999,73665,0
2016-06-20,16:45:00,101.955,102.379,101.95,102.01,40712,0
2016-06-20,16:50:00,101.99,102.27,101.97,102.23,15379,0
2016-06-20,16:55:00,102.2,102.41,102.05,102.225,19870,0
2016-06-20,17:00:00,102.2,102.41,102.07,102.26,39376,0
2016-06-20,17:05:00,102.26,102.49,102.22,102.24,15617,0
2016-06-20,17:10:00,102.201,102.33,102.18,102.2,22699,0
2016-06-20,17:15:00,102.22,102.49,102.06,102.41,26423,0
2016-06-20,17:20:00,102.38,102.485,102.22,102.29,13935,0
2016-06-20,17:25:00,102.35,102.38,101.85,101.85,28934,0
2016-06-20,17:30:00,101.84,101.9001,101.4649,101.59,45093,0
2016-06-20,17:35:00,101.5799,101.5799,101.25,101.52,30184,0
2016-06-20,17:40:00,101.5,101.78,101.4675,101.64,23769,0
2016-06-20,17:45:00,101.64,101.73,101.31,101.36,27125,0
2016-06-20,17:50:00,101.35,101.38,100.74,101.01,61313,0
2016-06-20,17:55:00,101.06,101.06,100.64,100.7,42845,0
2016-06-20,18:00:00,100.72,101.05,100.57,100.93,64218,0
2016-06-20,18:05:00,100.93,101.18,100.78,101.1799,22074,0
2016-06-20,18:10:00,101.1,101.27,101.03,101.25,14772,0
2016-06-20,18:15:00,101.25,101.553,101.23,101.4,26443,0
2016-06-20,18:20:00,101.42,101.88,101.41,101.7967,52937,0
2016-06-20,18:25:00,101.7908,101.92,101.7908,101.895,19516,0
2016-06-20,18:30:00,101.895,101.91,101.74,101.77,7615,0
2016-06-20,18:35:00,101.78,101.9,101.74,101.9,6172,0
2016-06-20,18:40:00,101.91,101.98,101.7228,101.7329,13076,0
2016-06-20,18:45:00,101.72,101.72,101.52,101.56,11038,0
2016-06-20,18:50:00,101.54,101.55,101.39,101.47,11476,0
2016-06-20,18:55:00,101.47,101.709,101.46,101.66,8418,0
2016-06-20,19:00:00,101.67,101.88,101.56,101.615,15297,0
2016-06-20,19:05:00,101.67,101.67,101.5,101.6,7057,0
2016-06-20,19:10:00,101.6,101.6551,101.47,101.58,10329,0
2016-06-20,19:15:00,101.57,101.57,101.17,101.18,10915,0
2016-06-20,19:20:00,101.14,101.35,101.09,101.27,10252,0
2016-06-20,19:25:00,101.31,101.54,101.27,101.54,9260,0
2016-06-20,19:30:00,101.6,101.6,101.38,101.47,6659,0
2016-06-20,19:35:00,101.44,101.49,101.34,101.4,9580,0
2016-06-20,19:40:00,101.42,101.58,101.3901,101.495,9031,0
2016-06-20,19:45:00,101.53,101.53,101.4,101.4305,8410,0
2016-06-20,19:50:00,101.4,101.4,101.26,101.37,8724,0
2016-06-20,19:55:00,101.39,101.47,101.35,101.395,11764,0
2016-06-20,20:00:00,101.38,101.49,101.3775,101.49,5710,0
2016-06-20,20:05:00,101.43,101.44,101.28,101.3,12474,0
2016-06-20,20:10:00,101.27,101.32,101.17,101.2804,12495,0
2016-06-20,20:15:00,101.24,101.28,101.04,101.13,17691,0
2016-06-20,20:20:00,101.15,101.2,100.88,100.88,45692,0
2016-06-20,20:25:00,100.9076,100.9076,100.75,100.86,18790,0
2016-06-20,20:30:00,100.88,100.88,100.61,100.63,32063,0
2016-06-20,20:35:00,100.62,100.698,100.58,100.65,13668,0
2016-06-20,20:40:00,100.68,100.85,100.53,100.59,26744,0
2016-06-20,20:45:00,100.63,100.7999,100.6,100.61,17055,0
2016-06-20,20:50:00,100.6475,100.91,100.635,100.91,14600,0
2016-06-20,20:55:00,100.88,101.07,100.856,101.001,8649,0
2016-06-20,21:00:00,100.98,101.14,100.97,101.04,19996,0
2016-06-20,21:05:00,101.04,101.06,100.81,100.9,16589,0
2016-06-20,21:10:00,100.89,100.89,100.72,100.8625,18019,0
2016-06-20,21:15:00,100.85,101.058,100.81,101.037,26445,0
2016-06-20,21:20:00,101.05,101.05,100.86,100.925,20547,0
2016-06-20,21:25:00,100.91,100.99,100.86,100.9301,20315,0
2016-06-20,21:30:00,100.93,100.93,100.72,100.72,25485,0
2016-06-20,21:35:00,100.71,100.745,100.535,100.66,44761,0
2016-06-20,21:40:00,100.66,100.81,100.61,100.65,23279,0
2016-06-20,21:45:00,100.65,100.65,100.28,100.28,74939,0
2016-06-20,21:50:00,100.34,100.53,100.3,100.39,39766,0
2016-06-20,21:55:00,100.37,100.37,100.1375,100.15,64480,0
2016-06-20,22:00:00,100.17,100.38,100.16,100.29,165842,0
2016-06-21,15:35:00,100.52,100.61,99.59,99.845,61529,0
2016-06-21,15:40:00,99.7,100.935,99.53,100.51,96373,0
2016-06-21,15:45:00,100.39,101.34,100.21,101.11,47352,0
2016-06-21,15:50:00,101.032,101.16,100.7505,100.8,32586,0
2016-06-21,15:55:00,100.989,101.3,100.74,101.22,20981,0
2016-06-21,16:00:00,101.08,101.26,100.61,101.01,44427,0
2016-06-21,16:05:00,101.13,101.152,100.5,100.6,31861,0
2016-06-21,16:10:00,100.56,100.616,100.2501,100.616,54284,0
2016-06-21,16:15:00,100.56,101.19,100.49,101.11,30140,0
2016-06-21,16:20:00,101.16,101.16,100.55,100.79,17494,0
2016-06-21,16:25:00,100.775,100.775,100.16,100.42,24004,0
2016-06-21,16:30:00,100.42,100.62,100.34,100.5,22503,0
2016-06-21,16:35:00,100.54,100.63,100.08,100.2,27403,0
2016-06-21,16:40:00,100.2499,100.328,100.1,100.24,19749,0
2016-06-21,16:45:00,100.24,100.4,99.98,100.0331,30698,0
2016-06-21,16:50:00,100.03,100.03,99.787,99.91,25473,0
2016-06-21,16:55:00,99.91,100.45,99.67,100.31,50248,0
2016-06-21,17:00:00,100.32,100.37,100.1,100.33,19359,0
2016-06-21,17:05:00,100.32,100.91,100.26,100.91,23692,0
2016-06-21,17:10:00,100.91,100.91,100.61,100.66,31714,0
2016-06-21,17:15:00,100.65,101.07,100.51,101.052,28726,0
2016-06-21,17:20:00,101.05,101.31,101.02,101.17,29249,0
2016-06-21,17:25:00,101.25,101.36,101.05,101.15,25714,0
2016-06-21,17:30:00,101.16,101.49,101.1185,101.24,36687,0
2016-06-21,17:35:00,101.21,101.26,100.66,100.79,17431,0
2016-06-21,17:40:00,100.83,100.84,100.64,100.84,17200,0
2016-06-21,17:45:00,100.8,100.84,100.7,100.78,11988,0
2016-06-21,17:50:00,100.76,100.99,100.715,100.81,16824,0
2016-06-21,17:55:00,100.8399,100.85,100.62,100.68,13204,0
2016-06-21,18:00:00,100.71,100.98,100.71,100.95,9835,0
2016-06-21,18:05:00,100.98,101.1,100.87,100.87,8749,0
2016-06-21,18:10:00,100.82,100.93,100.64,100.81,12295,0
2016-06-21,18:15:00,100.81,100.9,100.71,100.82,10663,0
2016-06-21,18:20:00,100.82,100.97,100.78,100.86,11435,0
2016-06-21,18:25:00,100.83,100.8355,100.64,100.79,10029,0
2016-06-21,18:30:00,100.8,100.8,100.67,100.67,5700,0
2016-06-21,18:35:00,100.68,100.78,100.67,100.67,8589,0
2016-06-21,18:40:00,100.7,100.83,100.69,100.83,7730,0
2016-06-21,18:45:00,100.78,100.86,100.735,100.86,11023,0
2016-06-21,18:50:00,100.86,101.06,100.86,101.06,14710,0
2016-06-21,18:55:00,101.01,101.01,100.88,100.9687,13177,0
2016-06-21,19:00:00,100.93,101.05,100.91,101,11075,0
2016-06-21,19:05:00,100.997,101.02,100.9083,100.93,9286,0
2016-06-21,19:10:00,100.98,101.25,100.98,101.17,21871,0
2016-06-21,19:15:00,101.17,101.17,101.0469,101.05,5899,0
2016-06-21,19:20:00,101.08,101.23,101.08,101.14,9734,0
2016-06-21,19:25:00,101.09,101.14,100.84,100.88,18379,0
2016-06-21,19:30:00,100.88,100.9,100.67,100.74,12922,0
2016-06-21,19:35:00,100.76,101.08,100.69,100.99,12500,0
2016-06-21,19:40:00,100.985,101.01,100.8,100.96,9811,0
2016-06-21,19:45:00,100.94,101.05,100.865,101.0475,8829,0
2016-06-21,19:50:00,101.06,101.06,100.875,100.92,5701,0
2016-06-21,19:55:00,100.93,101,100.92,100.97,8069,0
2016-06-21,20:00:00,100.97,101.1175,100.94,101,11254,0
2016-06-21,20:05:00,101,101.0097,100.86,100.87,17221,0
2016-06-21,20:10:00,100.89,101,100.805,101,10473,0
2016-06-21,20:15:00,101.02,101.07,100.89,101.04,17551,0
2016-06-21,20:20:00,101.05,101.1,101,101.07,8258,0
2016-06-21,20:25:00,101.06,101.16,100.95,101.16,8754,0
2016-06-21,20:30:00,101.1875,101.5,101.15,101.4475,44068,0
2016-06-21,20:35:00,101.41,101.47,101.26,101.4299,19193,0
2016-06-21,20:40:00,101.4007,101.65,101.4,101.554,17093,0
2016-06-21,20:45:00,101.56,101.61,101.35,101.51,12664,0
2016-06-21,20:50:00,101.595,101.65,101.53,101.57,8378,0
2016-06-21,20:55:00,101.578,101.59,101.345,101.38,17368,0
2016-06-21,21:00:00,101.37,101.63,101.37,101.49,11700,0
2016-06-21,21:05:00,101.452,101.48,101.22,101.23,18349,0
2016-06-21,21:10:00,101.23,101.41,101.215,101.41,15861,0
2016-06-21,21:15:00,101.44,101.49,101.39,101.49,12180,0
2016-06-21,21:20:00,101.49,101.93,101.49,101.9162,43878,0
2016-06-21,21:25:00,101.9,101.92,101.74,101.855,31811,0
2016-06-21,21:30:00,101.84,101.88,101.7,101.7,24368,0
2016-06-21,21:35:00,101.7,101.88,101.62,101.88,26264,0
2016-06-21,21:40:00,101.87,102.05,101.851,101.851,29866,0
2016-06-21,21:45:00,101.875,101.875,101.69,101.82,19022,0
2016-06-21,21:50:00,101.83,102.0199,101.81,101.87,28105,0
2016-06-21,21:55:00,101.87,101.91,101.81,101.89,40714,0
2016-06-21,22:00:00,101.89,101.93,101.77,101.8,47453,0
2016-06-22,15:35:00,102.35,102.88,102.14,102.39,27372,0
2016-06-22,15:40:00,102.4396,102.5287,101.615,101.795,34086,0
2016-06-22,15:45:00,101.7825,101.84,101.2301,101.6125,34699,0
2016-06-22,15:50:00,101.46,101.5044,101.18,101.48,12407,0
2016-06-22,15:55:00,101.4832,101.55,101.235,101.4,19538,0
2016-06-22,16:00:00,101.4113,102.37,101.36,101.73,62974,0
2016-06-22,16:05:00,101.7,101.99,101.634,101.685,23487,0
2016-06-22,16:10:00,101.68,101.97,101.68,101.77,14003,0
2016-06-22,16:15:00,101.75,101.75,101.24,101.39,21257,0
2016-06-22,16:20:00,101.34,102.07,101.34,101.9,47427,0
2016-06-22,16:25:00,101.87,101.93,101.57,101.65,12500,0
2016-06-22,16:30:00,101.63,102.04,101.52,101.925,25176,0
2016-06-22,16:35:00,101.88,102.01,101.728,102.01,12948,0
2016-06-22,16:40:00,102,102,101.695,101.81,17280,0
2016-06-22,16:45:00,101.77,101.91,101.62,101.91,14737,0
2016-06-22,16:50:00,101.94,102.055,101.8,101.9499,12363,0
2016-06-22,16:55:00,101.96,102.425,101.96,102.425,32152,0
2016-06-22,17:00:00,102.41,102.41,102.07,102.1858,23427,0
2016-06-22,17:05:00,102.15,102.2133,101.94,101.94,7855,0
2016-06-22,17:10:00,101.93,101.93,101.44,101.44,19733,0
2016-06-22,17:15:00,101.42,101.645,101.4,101.6,15622,0
2016-06-22,17:20:00,101.56,101.75,101.49,101.63,27136,0
2016-06-22,17:25:00,101.65,101.75,101.58,101.68,14923,0
2016-06-22,17:30:00,101.6746,101.98,101.65,101.97,14041,0
2016-06-22,17:35:00,101.99,101.99,101.31,101.352,20631,0
2016-06-22,17:40:00,101.34,101.64,101.34,101.61,35685,0
2016-06-22,17:45:00,101.61,101.67,101.4,101.4,14790,0
2016-06-22,17:50:00,101.4,101.4,101.19,101.3,24522,0
2016-06-22,17:55:00,101.27,101.49,101.237,101.4,11968,0
2016-06-22,18:00:00,101.37,101.6999,101.37,101.6999,18767,0
2016-06-22,18:05:00,101.66,101.77,101.55,101.66,8295,0
2016-06-22,18:10:00,101.64,101.73,101.37,101.43,11900,0
2016-06-22,18:15:00,101.41,101.6475,101.34,101.6475,21701,0
2016-06-22,18:20:00,101.66,101.78,101.42,101.445,17252,0
2016-06-22,18:25:00,101.42,101.435,101.2038,101.235,26672,0
2016-06-22,18:30:00,101.222,101.29,101.091,101.15,31347,0
2016-06-22,18:35:00,101.13,101.27,101.13,101.26,21549,0
2016-06-22,18:40:00,101.28,101.28,101.08,101.08,9394,0
2016-06-22,18:45:00,101.041,101.47,100.95,101.47,40693,0
2016-06-22,18:50:00,101.43,101.43,101.21,101.24,13251,0
2016-06-22,18:55:00,101.24,101.28,101.14,101.2,10694,0
2016-06-22,19:00:00,101.21,101.36,101.18,101.34,5100,0
2016-06-22,19:05:00,101.33,101.33,101.09,101.1,9758,0
2016-06-22,19:10:00,101.101,101.18,100.8,100.8,23503,0
2016-06-22,19:15:00,100.77,100.94,100.67,100.94,21288,0
2016-06-22,19:20:00,100.95,101.2,100.84,101.116,12134,0
2016-06-22,19:25:00,101.1,101.19,101.07,101.19,8958,0
2016-06-22,19:30:00,101.18,101.3489,101.16,101.32,19757,0
2016-06-22,19:35:00,101.29,101.42,101.27,101.39,9623,0
2016-06-22,19:40:00,101.33,101.37,101.22,101.24,10748,0
2016-06-22,19:45:00,101.223,101.37,101.223,101.3126,7583,0
2016-06-22,19:50:00,101.2701,101.37,101.215,101.34,4450,0
2016-06-22,19:55:00,101.38,101.46,101.34,101.4,12419,0
2016-06-22,20:00:00,101.4,101.42,101.23,101.31,7624,0
2016-06-22,20:05:00,101.29,101.42,101.24,101.34,8422,0
2016-06-22,20:10:00,101.33,101.37,101.26,101.28,5672,0
2016-06-22,20:15:00,101.31,101.37,101.29,101.37,5916,0
2016-06-22,20:20:00,101.38,101.43,101.26,101.26,9829,0
2016-06-22,20:25:00,101.27,101.43,101.21,101.34,13077,0
2016-06-22,20:30:00,101.4,101.45,101.3,101.305,16233,0
2016-06-22,20:35:00,101.35,101.4,101.23,101.24,5392,0
2016-06-22,20:40:00,101.23,101.33,101.2,101.23,8402,0
2016-06-22,20:45:00,101.225,101.225,101.12,101.12,8934,0
2016-06-22,20:50:00,101.13,101.13,100.93,100.98,19636,0
2016-06-22,20:55:00,101,101.11,100.96,101.11,8919,0
2016-06-22,21:00:00,101.1162,101.19,101.06,101.08,9936,0
2016-06-22,21:05:00,101.07,101.285,101.06,101.17,11020,0
2016-06-22,21:10:00,101.19,101.19,100.92,100.99,12166,0
2016-06-22,21:15:00,101,101.01,100.91,100.97,8450,0
2016-06-22,21:20:00,100.95,101.07,100.91,100.94,13242,0
2016-06-22,21:25:00,100.91,100.97,100.86,100.96,40608,0
2016-06-22,21:30:00,100.98,101.01,100.8,100.86,11715,0
2016-06-22,21:35:00,100.87,100.88,100.72,100.83,20138,0
2016-06-22,21:40:00,100.82,100.9,100.72,100.898,12588,0
2016-06-22,21:45:00,100.91,101.08,100.91,101,37288,0
2016-06-22,21:50:00,101,101.02,100.87,100.885,17140,0
2016-06-22,21:55:00,100.93,100.96,100.6901,100.76,36692,0
2016-06-22,22:00:00,100.78,100.82,100.64,100.71,77676,0
2016-06-23,15:35:00,102,102.49,101.73,101.74,33696,0
2016-06-23,15:40:00,101.82,101.82,101.14,101.41,19934,0
2016-06-23,15:45:00,101.5,101.75,101.4,101.683,12290,0
2016-06-23,15:50:00,101.53,102.145,101.53,101.9612,10349,0
2016-06-23,15:55:00,102.035,102.06,101.56,101.91,17877,0
2016-06-23,16:00:00,101.96,102.27,101.92,102.16,35126,0
2016-06-23,16:05:00,102.15,102.38,101.87,102.2835,47541,0
2016-06-23,16:10:00,102.28,102.5,102.17,102.44,49394,0
2016-06-23,16:15:00,102.43,102.5,102.34,102.49,36835,0
2016-06-23,16:20:00,102.49,102.8,102.44,102.471,41641,0
2016-06-23,16:25:00,102.48,102.87,102.4701,102.7501,54819,0
2016-06-23,16:30:00,102.75,102.9,102.352,102.45,32431,0
2016-06-23,16:35:00,102.45,102.45,102.06,102.15,16167,0
2016-06-23,16:40:00,102.25,102.45,102.13,102.45,4700,0
2016-06-23,16:45:00,102.44,102.54,102.22,102.455,7379,0
2016-06-23,16:50:00,102.45,102.46,102.21,102.24,8700,0
2016-06-23,16:55:00,102.28,102.44,102.24,102.3955,11549,0
2016-06-23,17:00:00,102.39,102.43,102.26,102.26,10535,0
2016-06-23,17:05:00,102.31,102.53,102.24,102.38,28072,0
2016-06-23,17:10:00,102.4,102.43,102.27,102.35,12061,0
2016-06-23,17:15:00,102.34,102.46,102.27,102.45,10438,0
2016-06-23,17:20:00,102.44,102.5,102.335,102.39,17967,0
2016-06-23,17:25:00,102.4,102.62,102.22,102.53,35640,0
2016-06-23,17:30:00,102.54,102.755,102.44,102.74,12304,0
2016-06-23,17:35:00,102.72,102.77,102.59,102.69,16361,0
2016-06-23,17:40:00,102.65,102.75,102.58,102.725,11745,0
2016-06-23,17:45:00,102.75,102.75,102.53,102.63,31340,0
2016-06-23,17:50:00,102.58,102.58,102.2,102.495,25354,0
2016-06-23,17:55:00,102.54,102.59,102.44,102.48,10919,0
2016-06-23,18:00:00,102.4691,102.53,102.34,102.475,16475,0
2016-06-23,18:05:00,102.47,102.5,102.3,102.37,13105,0
2016-06-23,18:10:00,102.33,102.425,102.23,102.415,6300,0
2016-06-23,18:15:00,102.425,102.425,102.17,102.3,19521,0
2016-06-23,18:20:00,102.3,102.31,102.16,102.16,3400,0
2016-06-23,18:25:00,102.21,102.215,102.07,102.09,7152,0
2016-06-23,18:30:00,102.12,102.23,102.12,102.12,3293,0
2016-06-23,18:35:00,102.13,102.2,102.06,102.06,4280,0
2016-06-23,18:40:00,102.05,102.105,101.943,102.04,5946,0
2016-06-23,18:45:00,102.04,102.21,101.91,101.96,5401,0
2016-06-23,18:50:00,102,102,101.79,101.8,5772,0
2016-06-23,18:55:00,101.77,101.96,101.77,101.88,6604,0
2016-06-23,19:00:00,101.95,101.95,101.84,101.84,3376,0
2016-06-23,19:05:00,101.92,102.185,101.91,102.08,9744,0
2016-06-23,19:10:00,102.02,102.2,101.98,102.16,5207,0
2016-06-23,19:15:00,102.13,102.22,102.11,102.1726,5178,0
2016-06-23,19:20:00,102.2,102.2,101.96,102.01,15449,0
2016-06-23,19:25:00,101.98,102.04,101.94,101.97,2300,0
2016-06-23,19:30:00,101.94,102.05,101.92,101.95,4900,0
2016-06-23,19:35:00,102.0256,102.1,101.94,102,3699,0
2016-06-23,19:40:00,102.01,102.025,101.91,101.98,5628,0
2016-06-23,19:45:00,101.98,102.12,101.95,102.12,13000,0
2016-06-23,19:50:00,102.09,102.19,102.05,102.124,6917,0
2016-06-23,19:55:00,102.1,102.25,102.03,102.24,30850,0
2016-06-23,20:00:00,102.245,102.27,102.115,102.14,7318,0
2016-06-23,20:05:00,102.125,102.31,102.09,102.29,4654,0
2016-06-23,20:10:00,102.29,102.35,102.18,102.24,6102,0
2016-06-23,20:15:00,102.28,102.32,102.235,102.3,4500,0
2016-06-23,20:20:00,102.3,102.35,102.21,102.31,7228,0
2016-06-23,20:25:00,102.26,102.31,102.1153,102.12,5634,0
2016-06-23,20:30:00,102.17,102.26,102.17,102.26,2300,0
2016-06-23,20:35:00,102.3,102.37,102.16,102.21,13677,0
2016-06-23,20:40:00,102.26,102.26,102.15,102.225,8450,0
2016-06-23,20:45:00,102.24,102.24,102.13,102.19,5200,0
2016-06-23,20:50:00,102.19,102.27,102.14,102.185,15833,0
2016-06-23,20:55:00,102.18,102.18,102.05,102.05,12852,0
2016-06-23,21:00:00,102.07,102.0852,101.83,101.83,22247,0
2016-06-23,21:05:00,101.84,101.86,101.67,101.7,17948,0
2016-06-23,21:10:00,101.66,101.72,101.64,101.68,15354,0
2016-06-23,21:15:00,101.67,101.94,101.67,101.9,11303,0
2016-06-23,21:20:00,101.9,101.94,101.85,101.92,7150,0
2016-06-23,21:25:00,101.89,101.95,101.82,101.82,7662,0
2016-06-23,21:30:00,101.8475,101.86,101.69,101.72,14298,0
2016-06-23,21:35:00,101.71,101.9,101.7,101.9,18731,0
2016-06-23,21:40:00,101.91,101.93,101.63,101.63,29959,0
2016-06-23,21:45:00,101.61,101.62,101.44,101.62,41498,0
2016-06-23,21:50:00,101.63,101.71,101.57,101.6575,37506,0
2016-06-23,21:55:00,101.65,101.78,101.65,101.6501,54857,0
2016-06-23,22:00:00,101.65,101.7,101.57,101.7,134065,0
2016-06-24,15:35:00,97.87,99.65,97.52,98.408,109339,0
2016-06-24,15:40:00,98.463,98.8452,98.12,98.82,55683,0
2016-06-24,15:45:00,98.71,99.19,98.53,98.665,59545,0
2016-06-24,15:50:00,98.7,98.79,97.78,98.2037,70270,0
2016-06-24,15:55:00,98.11,98.3,97.55,97.884,55121,0
2016-06-24,16:00:00,97.9,98.24,97.7,98.06,79391,0
2016-06-24,16:05:00,98.05,98.22,97.85,98.075,51046,0
2016-06-24,16:10:00,98.038,98.14,97.74,98.14,54048,0
2016-06-24,16:15:00,98.17,98.75,98.05,98.6188,62683,0
2016-06-24,16:20:00,98.605,98.69,98.3,98.45,59148,0
2016-06-24,16:25:00,98.39,98.45,97.94,98.09,61423,0
2016-06-24,16:30:00,98.03,98.14,97.75,97.82,42229,0
2016-06-24,16:35:00,97.85,98.05,97.83,97.86,32482,0
2016-06-24,16:40:00,97.8,97.9,97.65,97.89,37100,0
2016-06-24,16:45:00,97.94,98.048,97.7988,97.8401,30499,0
2016-06-24,16:50:00,97.87,97.89,97.61,97.715,44917,0
2016-06-24,16:55:00,97.72,97.82,97.55,97.73,41468,0
2016-06-24,17:00:00,97.74,97.87,97.37,97.37,45856,0
2016-06-24,17:05:00,97.41,97.44,96.6808,96.85,132250,0
2016-06-24,17:10:00,96.85,97.16,96.85,97.15,40593,0
2016-06-24,17:15:00,97.168,97.21,96.92,97.05,75965,0
2016-06-24,17:20:00,97.01,97.119,96.95,97.0206,21582,0
2016-06-24,17:25:00,96.99,97.1,96.62,96.62,55000,0
2016-06-24,17:30:00,96.67,96.77,96.55,96.69,40068,0
2016-06-24,17:35:00,96.725,96.83,96.465,96.54,59654,0
2016-06-24,17:40:00,96.58,96.59,96.04,96.13,68576,0
2016-06-24,17:45:00,96.13,96.2399,95.83,95.94,53277,0
2016-06-24,17:50:00,95.92,96.25,95.86,95.9,28918,0
2016-06-24,17:55:00,95.95,96,95.61,95.64,19182,0
2016-06-24,18:00:00,95.655,95.96,95.655,95.9217,44252,0
2016-06-24,18:05:00,95.89,95.96,95.7,95.82,30835,0
2016-06-24,18:10:00,95.79,95.91,95.72,95.73,18890,0
2016-06-24,18:15:00,95.7468,95.7468,95.48,95.5,42900,0
2016-06-24,18:20:00,95.5,95.53,95.23,95.48,39331,0
2016-06-24,18:25:00,95.5,95.61,95.18,95.22,41254,0
2016-06-24,18:30:00,95.22,95.24,95.08,95.17,40440,0
2016-06-24,18:35:00,95.17,95.53,95.17,95.42,31788,0
2016-06-24,18:40:00,95.43,95.65,95.43,95.56,21181,0
2016-06-24,18:45:00,95.55,95.6,95.1,95.3,31142,0
2016-06-24,18:50:00,95.29,95.3,95.155,95.2263,11736,0
2016-06-24,18:55:00,95.21,95.26,94.95,95.26,40119,0
2016-06-24,19:00:00,95.27,95.39,95.22,95.36,17480,0
2016-06-24,19:05:00,95.34,95.49,95.2,95.2417,19467,0
2016-06-24,19:10:00,95.22,95.289,94.96,95.0002,31071,0
2016-06-24,19:15:00,94.96,95.12,94.86,95.03,48091,0
2016-06-24,19:20:00,95.03,95.0599,94.73,94.79,53704,0
2016-06-24,19:25:00,94.79,94.9,94.59,94.5925,30401,0
2016-06-24,19:30:00,94.59,94.73,94.565,94.69,31960,0
2016-06-24,19:35:00,94.665,94.74,94.57,94.61,26963,0
2016-06-24,19:40:00,94.6,94.67,94.53,94.595,28451,0
2016-06-24,19:45:00,94.575,94.7,94.535,94.59,27293,0
2016-06-24,19:50:00,94.6,94.6,94.1001,94.14,117197,0
2016-06-24,19:55:00,94.12,94.16,93.85,94.11,70302,0
2016-06-24,20:00:00,94.1,94.26,94.0993,94.21,21264,0
2016-06-24,20:05:00,94.21,94.24,93.9,94.1,27868,0
2016-06-24,20:10:00,94.095,94.135,94.04,94.12,18137,0
2016-06-24,20:15:00,94.12,94.26,94.05,94.07,33973,0
2016-06-24,20:20:00,94.1,94.13,93.9,94.0127,44411,0
2016-06-24,20:25:00,93.99,94.06,93.9,93.97,46430,0
2016-06-24,20:30:00,93.96,94.14,93.91,93.94,19730,0
2016-06-24,20:35:00,93.95,93.98,93.23,93.28,66350,0
2016-06-24,20:40:00,93.26,93.38,93.13,93.36,34608,0
2016-06-24,20:45:00,93.33,93.4799,93.32,93.34,23158,0
2016-06-24,20:50:00,93.31,93.31,92.872,93.058,40650,0
2016-06-24,20:55:00,93.06,93.23,92.9101,93.23,23369,0
2016-06-24,21:00:00,93.24,93.38,93.03,93.06,33507,0
2016-06-24,21:05:00,93.05,93.2,92.97,93.07,40077,0
2016-06-24,21:10:00,93.1,93.133,93.01,93.08,13412,0
2016-06-24,21:15:00,93.06,93.085,92.81,92.931,39987,0
2016-06-24,21:20:00,92.91,92.96,92.5,92.53,87079,0
2016-06-24,21:25:00,92.51,92.5599,92.29,92.315,70464,0
2016-06-24,21:30:00,92.3,92.39,91.95,92.025,56147,0
2016-06-24,21:35:00,92.03,92.34,91.98,92.28,155516,0
2016-06-24,21:40:00,92.27,92.5015,92.0201,92.05,72458,0
2016-06-24,21:45:00,92.04,92.29,92.03,92.26,81997,0
2016-06-24,21:50:00,92.3,92.51,92.26,92.43,96075,0
2016-06-24,21:55:00,92.43,92.7,92.43,92.5,213995,0
2016-06-24,22:00:00,92.4999,92.5,92.21,92.29,301281,0
2016-06-27,15:35:00,90.75,90.75,88.8,89.91,226417,0
2016-06-27,15:40:00,89.99,90.44,89.55,89.803,114485,0
2016-06-27,15:45:00,89.6801,89.9299,88.6,89.0005,150792,0
2016-06-27,15:50:00,88.975,89.4,88.83,89.01,110176,0
2016-06-27,15:55:00,89.02,89.54,88.96,89.1,109960,0
2016-06-27,16:00:00,89,89.23,88.7,89.1218,111219,0
2016-06-27,16:05:00,89.13,89.41,88.54,88.69,105615,0
2016-06-27,16:10:00,88.64,88.97,87.92,88.01,142234,0
2016-06-27,16:15:00,88.02,88.43,87.9,88.3,92994,0
2016-06-27,16:20:00,88.1901,88.37,87.51,87.92,75120,0
2016-06-27,16:25:00,87.96,88.26,87.8201,88.043,65935,0
2016-06-27,16:30:00,88.03,88.09,87.78,88.09,41627,0
2016-06-27,16:35:00,88.08,88.26,87.95,88.26,66143,0
2016-06-27,16:40:00,88.26,88.42,88.02,88.185,42895,0
2016-06-27,16:45:00,88.24,88.68,88.24,88.54,42106,0
2016-06-27,16:50:00,88.52,88.55,88.1001,88.19,27819,0
2016-06-27,16:55:00,88.18,88.19,87.691,87.73,83794,0
2016-06-27,17:00:00,87.72,87.805,87.18,87.2,116418,0
2016-06-27,17:05:00,87.16,87.45,87.14,87.33,67087,0
2016-06-27,17:10:00,87.327,88.03,87.32,87.95,76407,0
2016-06-27,17:15:00,87.95,87.96,87.52,87.58,45311,0
2016-06-27,17:20:00,87.61,87.62,86.86,86.8961,84364,0
2016-06-27,17:25:00,86.92,86.95,86.34,86.47,89933,0
2016-06-27,17:30:00,86.434,87.04,86.38,87.04,55597,0
2016-06-27,17:35:00,87.05,87.2,86.85,87.07,56333,0
2016-06-27,17:40:00,87.08,87.69,87.07,87.525,42411,0
2016-06-27,17:45:00,87.49,88,87.36,87.85,73529,0
2016-06-27,17:50:00,87.9279,87.99,87.59,87.61,41276,0
2016-06-27,17:55:00,87.58,87.65,87,87.07,48229,0
2016-06-27,18:00:00,87.12,87.12,86.69,86.89,44515,0
2016-06-27,18:05:00,86.86,87.11,86.79,86.998,40331,0
2016-06-27,18:10:00,86.96,87.1,86.81,87.02,40667,0
2016-06-27,18:15:00,86.99,87.2,86.79,86.88,59751,0
2016-06-27,18:20:00,86.88,87.14,86.84,87.03,22648,0
2016-06-27,18:25:00,87.02,87.5,87.01,87.5,44955,0
2016-06-27,18:30:00,87.5099,88.0199,87.41,87.962,69881,0
2016-06-27,18:35:00,87.97,88.11,87.82,87.86,47082,0
2016-06-27,18:40:00,87.87,88.06,87.71,87.71,29423,0
2016-06-27,18:45:00,87.73,88.01,87.67,87.8,30249,0
2016-06-27,18:50:00,87.83,87.9899,87.719,87.975,24873,0
2016-06-27,18:55:00,87.97,88.15,87.93,88.09,29645,0
2016-06-27,19:00:00,88.12,88.52,88.12,88.51,43009,0
2016-06-27,19:05:00,88.52,88.86,88.45,88.66,56488,0
2016-06-27,19:10:00,88.69,88.69,88.52,88.525,31653,0
2016-06-27,19:15:00,88.55,88.73,88.5,88.59,26067,0
2016-06-27,19:20:00,88.6,88.92,88.6,88.775,29141,0
2016-06-27,19:25:00,88.77,88.87,88.61,88.76,33428,0
2016-06-27,19:30:00,88.79,88.96,88.61,88.61,39047,0
2016-06-27,19:35:00,88.65,88.78,88.425,88.45,54049,0
2016-06-27,19:40:00,88.4999,88.6399,88.45,88.61,23023,0
2016-06-27,19:45:00,88.53,88.71,88.25,88.32,31299,0
2016-06-27,19:50:00,88.31,88.43,88,88.022,23668,0
2016-06-27,19:55:00,87.92,88.11,87.9,88.0875,13456,0
2016-06-27,20:00:00,88.05,88.1,87.86,87.87,17311,0
2016-06-27,20:05:00,87.86,87.88,87.43,87.43,42755,0
2016-06-27,20:10:00,87.42,87.5,87.19,87.42,26231,0
2016-06-27,20:15:00,87.41,87.69,86.99,87.13,28556,0
2016-06-27,20:20:00,87.12,87.39,86.869,86.869,19342,0
2016-06-27,20:25:00,86.85,87.16,86.85,86.93,22658,0
2016-06-27,20:30:00,86.97,87.24,86.85,87.17,26915,0
2016-06-27,20:35:00,87.11,87.36,87.07,87.28,26935,0
2016-06-27,20:40:00,87.25,87.7437,87.24,87.502,19762,0
2016-06-27,20:45:00,87.56,87.83,87.45,87.71,28983,0
2016-06-27,20:50:00,87.75,87.75,87.3,87.35,31441,0
2016-06-27,20:55:00,87.34,87.35,86.9335,86.97,70366,0
2016-06-27,21:00:00,86.97,87,86.87,86.89,55067,0
2016-06-27,21:05:00,86.9,86.9,86.83,86.89,66234,0
2016-06-27,21:10:00,86.88,87.1,86.71,86.9438,113663,0
2016-06-27,21:15:00,86.97,87.38,86.95,87.35,33940,0
2016-06-27,21:20:00,87.355,87.355,87.13,87.225,32501,0
2016-06-27,21:25:00,87.23,87.24,86.82,86.89,51265,0
2016-06-27,21:30:00,86.895,87.1,86.77,86.82,59750,0
2016-06-27,21:35:00,86.81,87.12,86.72,87.035,60267,0
2016-06-27,21:40:00,87.035,87.57,86.93,87.56,67614,0
2016-06-27,21:45:00,87.56,87.69,87.14,87.25,74503,0
2016-06-27,21:50:00,87.28,87.75,87.27,87.71,96972,0
2016-06-27,21:55:00,87.72,87.76,87.51,87.72,118029,0
2016-06-27,22:00:00,87.72,87.79,87.63,87.72,287566,0
2016-06-28,15:35:00,90.2,90.48,89.5,90.48,131181,0
2016-06-28,15:40:00,90.42,90.46,89.26,89.26,83681,0
2016-06-28,15:45:00,89.326,89.7625,89.04,89.108,68474,0
2016-06-28,15:50:00,89.06,89.59,88.91,89.19,59132,0
2016-06-28,15:55:00,89.28,90.04,89.2301,89.951,54733,0
2016-06-28,16:00:00,89.9231,89.99,89.3003,89.384,56173,0
2016-06-28,16:05:00,89.41,89.83,89.115,89.798,36653,0
2016-06-28,16:10:00,89.81,89.8437,89.1301,89.195,26694,0
2016-06-28,16:15:00,89.16,89.195,88.36,88.385,84320,0
2016-06-28,16:20:00,88.4,89.01,88.34,89.01,71397,0
2016-06-28,16:25:00,89.01,89.2,88.68,88.69,43572,0
2016-06-28,16:30:00,88.68,88.71,88.3748,88.4156,27314,0
2016-06-28,16:35:00,88.43,88.6,88.27,88.52,31705,0
2016-06-28,16:40:00,88.56,88.865,88.49,88.74,27932,0
2016-06-28,16:45:00,88.745,89.16,88.6059,89.16,30569,0
2016-06-28,16:50:00,89.1502,89.25,88.94,89.02,42407,0
2016-06-28,16:55:00,89.05,89.105,88.92,88.9672,44385,0
2016-06-28,17:00:00,88.955,89.02,88.64,88.68,26716,0
2016-06-28,17:05:00,88.6786,88.7,88.53,88.555,21586,0
2016-06-28,17:10:00,88.57,88.73,88.38,88.51,21691,0
2016-06-28,17:15:00,88.57,88.72,88.52,88.58,15275,0
2016-06-28,17:20:00,88.585,88.735,88.52,88.67,20950,0
2016-06-28,17:25:00,88.63,88.9,88.598,88.74,18363,0
2016-06-28,17:30:00,88.74,88.83,88.59,88.7,11965,0
2016-06-28,17:35:00,88.75,88.76,88.44,88.58,17076,0
2016-06-28,17:40:00,88.57,88.64,88.3401,88.39,18746,0
2016-06-28,17:45:00,88.41,88.48,88.32,88.39,17443,0
2016-06-28,17:50:00,88.385,88.66,88.322,88.63,20379,0
2016-06-28,17:55:00,88.645,88.74,88.53,88.64,19942,0
2016-06-28,18:00:00,88.64,88.73,88.3913,88.46,22240,0
2016-06-28,18:05:00,88.42,88.49,88.13,88.133,29146,0
2016-06-28,18:10:00,88.18,88.4,88.13,88.185,22959,0
2016-06-28,18:15:00,88.185,88.63,88.185,88.505,18789,0
2016-06-28,18:20:00,88.48,88.61,88.365,88.41,18275,0
2016-06-28,18:25:00,88.4,88.52,88.3001,88.42,13213,0
2016-06-28,18:30:00,88.41,88.47,88.375,88.43,7440,0
2016-06-28,18:35:00,88.39,88.42,88.28,88.32,19455,0
2016-06-28,18:40:00,88.31,88.44,88.31,88.39,16378,0
2016-06-28,18:45:00,88.39,88.5199,88.19,88.245,18798,0
2016-06-28,18:50:00,88.245,88.3,87.96,88.073,79944,0
2016-06-28,18:55:00,88.06,88.06,87.98,88.02,42743,0
2016-06-28,19:00:00,87.98,88.03,87.8,87.9299,44250,0
2016-06-28,19:05:00,87.915,88.14,87.83,88.13,28358,0
2016-06-28,19:10:00,88.1551,88.24,88.01,88.105,19464,0
2016-06-28,19:15:00,88.13,88.4,88.13,88.33,16138,0
2016-06-28,19:20:00,88.325,88.38,88.15,88.22,25705,0
2016-06-28,19:25:00,88.23,88.23,88.04,88.05,13121,0
2016-06-28,19:30:00,88.03,88.25,88.03,88.16,19255,0
2016-06-28,19:35:00,88.14,88.14,87.75,87.76,44198,0
2016-06-28,19:40:00,87.76,88.02,87.75,87.95,25986,0
2016-06-28,19:45:00,88,88.09,88,88.05,10532,0
2016-06-28,19:50:00,88.045,88.119,87.81,87.82,52615,0
2016-06-28,19:55:00,87.8499,87.95,87.83,87.92,46325,0
2016-06-28,20:00:00,87.92,87.95,87.81,87.88,31208,0
2016-06-28,20:05:00,87.88,88.1,87.85,88.04,31903,0
2016-06-28,20:10:00,88.03,88.07,87.8401,87.85,37655,0
2016-06-28,20:15:00,87.86,87.9,87.75,87.79,29255,0
2016-06-28,20:20:00,87.79,87.8178,87.4,87.53,66084,0
2016-06-28,20:25:00,87.51,87.61,87.46,87.5,31710,0
2016-06-28,20:30:00,87.5,87.73,87.48,87.69,19758,0
2016-06-28,20:35:00,87.69,87.76,87.62,87.7,44680,0
2016-06-28,20:40:00,87.66,87.92,87.65,87.86,37937,0
2016-06-28,20:45:00,87.84,87.89,87.584,87.61,21207,0
2016-06-28,20:50:00,87.63,87.71,87.62,87.63,31312,0
2016-06-28,20:55:00,87.65,87.95,87.65,87.92,43779,0
2016-06-28,21:00:00,87.94,88.07,87.85,87.875,71719,0
2016-06-28,21:05:00,87.8707,87.89,87.7538,87.78,42639,0
2016-06-28,21:10:00,87.77,87.9625,87.77,87.88,77566,0
2016-06-28,21:15:00,87.87,88.13,87.86,88.12,48189,0
2016-06-28,21:20:00,88.128,88.17,88.05,88.145,27002,0
2016-06-28,21:25:00,88.138,88.3,88.13,88.21,61663,0
2016-06-28,21:30:00,88.21,88.23,88.06,88.13,67552,0
2016-06-28,21:35:00,88.14,88.29,87.89,87.89,42727,0
2016-06-28,21:40:00,87.87,88.12,87.87,88.105,40013,0
2016-06-28,21:45:00,88.1,88.15,87.95,88.07,77167,0
2016-06-28,21:50:00,88.05,88.56,88.05,88.55,88678,0
2016-06-28,21:55:00,88.55,88.56,88.035,88.07,139761,0
2016-06-28,22:00:00,88.09,88.27,88.05,88.27,214920,0
2016-06-29,15:35:00,90,90.5,89.6,89.8476,126840,0
2016-06-29,15:40:00,89.8788,90,88.9001,89.67,57078,0
2016-06-29,15:45:00,89.62,89.89,89.33,89.8,27646,0
2016-06-29,15:50:00,89.88,90.24,89.77,90.211,44496,0
2016-06-29,15:55:00,90.19,90.65,90,90.65,53397,0
2016-06-29,16:00:00,90.66,91.1,90.65,91,61831,0
2016-06-29,16:05:00,90.96,91.11,90.71,90.75,49478,0
2016-06-29,16:10:00,90.69,90.8524,90.44,90.63,31076,0
2016-06-29,16:15:00,90.635,90.92,90.5838,90.89,28183,0
2016-06-29,16:20:00,90.8501,91.05,90.79,90.94,41645,0
2016-06-29,16:25:00,90.94,91.08,90.91,91.01,39843,0
2016-06-29,16:30:00,91.02,91.09,90.88,90.91,38982,0
2016-06-29,16:35:00,90.95,91.08,90.86,90.985,21727,0
2016-06-29,16:40:00,90.965,91.44,90.965,91.27,45571,0
2016-06-29,16:45:00,91.31,91.31,91.001,91.1,16227,0
2016-06-29,16:50:00,91.08,91.55,91.08,91.55,23310,0
2016-06-29,16:55:00,91.58,91.67,91.36,91.46,18350,0
2016-06-29,17:00:00,91.42,91.43,91.15,91.36,18081,0
2016-06-29,17:05:00,91.38,91.85,91.38,91.77,38528,0
2016-06-29,17:10:00,91.79,91.79,91.5401,91.61,12857,0
2016-06-29,17:15:00,91.6199,91.8037,91.6199,91.67,18050,0
2016-06-29,17:20:00,91.7,91.9464,91.66,91.74,36055,0
2016-06-29,17:25:00,91.67,91.93,91.58,91.9166,13520,0
2016-06-29,17:30:00,91.934,91.99,91.63,91.64,21731,0
2016-06-29,17:35:00,91.66,91.71,91.53,91.62,15400,0
2016-06-29,17:40:00,91.63,91.66,91.42,91.6475,14748,0
2016-06-29,17:45:00,91.69,91.79,91.57,91.64,23130,0
2016-06-29,17:50:00,91.64,91.72,91.5,91.72,9766,0
2016-06-29,17:55:00,91.76,91.99,91.76,91.9872,26331,0
2016-06-29,18:00:00,91.965,91.98,91.77,91.78,18861,0
2016-06-29,18:05:00,91.76,91.85,91.74,91.76,10220,0
2016-06-29,18:10:00,91.7851,91.85,91.69,91.82,17214,0
2016-06-29,18:15:00,91.81,91.85,91.65,91.6545,12180,0
2016-06-29,18:20:00,91.63,91.69,91.42,91.68,15722,0
2016-06-29,18:25:00,91.6466,91.83,91.64,91.71,19471,0
2016-06-29,18:30:00,91.71,91.78,91.563,91.69,16087,0
2016-06-29,18:35:00,91.68,91.8,91.6225,91.79,23987,0
2016-06-29,18:40:00,91.77,92.035,91.71,91.97,25197,0
2016-06-29,18:45:00,91.94,91.94,91.72,91.79,12520,0
2016-06-29,18:50:00,91.7739,91.865,91.65,91.6601,15170,0
2016-06-29,18:55:00,91.7,91.84,91.7,91.84,8028,0
2016-06-29,19:00:00,91.81,91.92,91.69,91.71,8270,0
2016-06-29,19:05:00,91.69,91.735,91.42,91.47,24854,0
2016-06-29,19:10:00,91.476,91.58,91.3301,91.3301,20741,0
2016-06-29,19:15:00,91.33,91.47,91.19,91.285,17492,0
2016-06-29,19:20:00,91.28,91.43,91.18,91.43,27769,0
2016-06-29,19:25:00,91.425,91.49,91.38,91.39,14540,0
2016-06-29,19:30:00,91.38,91.43,91.3,91.4,16851,0
2016-06-29,19:35:00,91.4299,91.56,91.3601,91.3601,10695,0
2016-06-29,19:40:00,91.37,91.6199,91.355,91.6,17223,0
2016-06-29,19:45:00,91.5999,91.63,91.44,91.56,15792,0
2016-06-29,19:50:00,91.5684,91.58,91.46,91.48,8850,0
2016-06-29,19:55:00,91.47,91.47,91.24,91.268,14423,0
2016-06-29,20:00:00,91.28,91.6,91.28,91.58,13114,0
2016-06-29,20:05:00,91.58,91.72,91.53,91.69,14242,0
2016-06-29,20:10:00,91.67,91.67,91.57,91.65,13872,0
2016-06-29,20:15:00,91.68,91.84,91.585,91.795,17335,0
2016-06-29,20:20:00,91.83,91.83,91.55,91.58,20228,0
2016-06-29,20:25:00,91.61,91.87,91.54,91.83,42954,0
2016-06-29,20:30:00,91.83,91.83,91.565,91.64,19047,0
2016-06-29,20:35:00,91.68,91.78,91.57,91.57,11649,0
2016-06-29,20:40:00,91.57,91.68,91.5,91.63,24928,0
2016-06-29,20:45:00,91.66,91.88,91.657,91.84,19171,0
2016-06-29,20:50:00,91.85,91.94,91.53,91.58,23368,0
2016-06-29,20:55:00,91.6,91.6,91.27,91.355,23991,0
2016-06-29,21:00:00,91.38,91.59,91.33,91.54,16075,0
2016-06-29,21:05:00,91.575,91.82,91.48,91.8,18649,0
2016-06-29,21:10:00,91.78,91.84,91.58,91.58,23165,0
2016-06-29,21:15:00,91.56,91.782,91.56,91.7,23881,0
2016-06-29,21:20:00,91.7,91.81,91.66,91.78,12971,0
2016-06-29,21:25:00,91.77,91.8,91.58,91.6,21783,0
2016-06-29,21:30:00,91.56,91.71,91.54,91.59,22148,0
2016-06-29,21:35:00,91.59,91.69,91.35,91.69,41157,0
2016-06-29,21:40:00,91.72,91.79,91.52,91.52,27829,0
2016-06-29,21:45:00,91.52,91.55,91.32,91.45,40622,0
2016-06-29,21:50:00,91.44,91.58,91.34,91.58,47938,0
2016-06-29,21:55:00,91.57,91.575,91.1974,91.24,88092,0
2016-06-29,22:00:00,91.23,91.34,91.19,91.28,221378,0
2016-06-30,15:35:00,91.44,92,90.62,91.15,60701,0
2016-06-30,15:40:00,91.24,91.4299,90.7,91.107,75894,0
2016-06-30,15:45:00,91.1,91.19,90.75,90.9,104658,0
2016-06-30,15:50:00,90.91,90.91,90.14,90.515,40776,0
2016-06-30,15:55:00,90.55,90.62,89.72,89.72,52204,0
2016-06-30,16:00:00,89.73,90.23,89.7,90.2125,42665,0
2016-06-30,16:05:00,90.26,90.33,89.9,89.9,43117,0
2016-06-30,16:10:00,89.93,89.98,89.38,89.3908,51791,0
2016-06-30,16:15:00,89.44,89.78,89.4,89.68,60964,0
2016-06-30,16:20:00,89.69,89.78,89.45,89.46,42416,0
2016-06-30,16:25:00,89.48,89.76,89.15,89.755,73647,0
2016-06-30,16:30:00,89.7273,89.79,89.39,89.39,29871,0
2016-06-30,16:35:00,89.38,89.67,89.3,89.51,63100,0
2016-06-30,16:40:00,89.52,89.52,89.321,89.425,15007,0
2016-06-30,16:45:00,89.41,89.58,89.17,89.58,29639,0
2016-06-30,16:50:00,89.57,89.91,89.465,89.85,31502,0
2016-06-30,16:55:00,89.82,89.885,89.58,89.59,34083,0
2016-06-30,17:00:00,89.58,89.78,89.42,89.67,45468,0
2016-06-30,17:05:00,89.675,90.18,89.67,90.18,33460,0
2016-06-30,17:10:00,90.19,90.22,90,90.12,29801,0
2016-06-30,17:15:00,90.1313,90.335,90.07,90.215,16845,0
2016-06-30,17:20:00,90.24,90.32,89.9,90.0238,22734,0
2016-06-30,17:25:00,90.05,90.1,89.94,90.04,11986,0
2016-06-30,17:30:00,90.01,90.48,90.01,90.39,23109,0
2016-06-30,17:35:00,90.4314,90.6706,90.405,90.54,24108,0
2016-06-30,17:40:00,90.565,90.61,90.33,90.5148,15853,0
2016-06-30,17:45:00,90.5,90.5907,90.42,90.45,12551,0
2016-06-30,17:50:00,90.47,90.67,90.43,90.67,7787,0
2016-06-30,17:55:00,90.666,90.68,90.55,90.65,11959,0
2016-06-30,18:00:00,90.65,90.72,90.53,90.57,13663,0
2016-06-30,18:05:00,90.6,90.795,90.58,90.59,26196,0
2016-06-30,18:10:00,90.56,90.6,90.36,90.39,19107,0
2016-06-30,18:15:00,90.37,90.65,90.3301,90.56,9769,0
2016-06-30,18:20:00,90.62,90.72,90.51,90.71,9873,0
2016-06-30,18:25:00,90.71,90.74,90.6126,90.72,12387,0
2016-06-30,18:30:00,90.72,90.72,90.54,90.61,7592,0
2016-06-30,18:35:00,90.65,90.85,90.63,90.68,19895,0
2016-06-30,18:40:00,90.64,90.7,90.54,90.59,7750,0
2016-06-30,18:45:00,90.63,90.64,90.44,90.485,9525,0
2016-06-30,18:50:00,90.51,90.62,90.51,90.5901,7478,0
2016-06-30,18:55:00,90.63,90.8,90.48,90.595,9020,0
2016-06-30,19:00:00,90.62,90.7,90.5,90.52,4987,0
2016-06-30,19:05:00,90.5,90.64,90.49,90.51,5246,0
2016-06-30,19:10:00,90.5,90.62,90.48,90.53,15260,0
2016-06-30,19:15:00,90.51,90.69,90.5,90.61,7050,0
2016-06-30,19:20:00,90.62,90.66,90.43,90.49,19855,0
2016-06-30,19:25:00,90.51,90.57,90.46,90.55,7459,0
2016-06-30,19:30:00,90.58,90.61,90.41,90.47,9895,0
2016-06-30,19:35:00,90.53,90.636,90.45,90.48,16828,0
2016-06-30,19:40:00,90.51,90.55,90.46,90.48,6574,0
2016-06-30,19:45:00,90.485,90.74,90.45,90.74,20563,0
2016-06-30,19:50:00,90.72,90.73,90.57,90.62,8306,0
2016-06-30,19:55:00,90.57,90.67,90.56,90.58,9900,0
2016-06-30,20:00:00,90.56,90.72,90.53,90.72,11160,0
2016-06-30,20:05:00,90.7112,90.84,90.61,90.84,11986,0
2016-06-30,20:10:00,90.86,90.97,90.8,90.95,19776,0
2016-06-30,20:15:00,90.99,91.08,90.95,91.03,10070,0
2016-06-30,20:20:00,91.0109,91.08,90.88,91.01,26805,0
2016-06-30,20:25:00,90.9952,91.06,90.88,90.94,22246,0
2016-06-30,20:30:00,90.9,90.91,90.57,90.65,23902,0
2016-06-30,20:35:00,90.72,90.78,90.615,90.66,25590,0
2016-06-30,20:40:00,90.69,90.8082,90.69,90.79,12056,0
2016-06-30,20:45:00,90.8088,90.811,90.655,90.68,21018,0
2016-06-30,20:50:00,90.67,90.73,90.63,90.72,27027,0
2016-06-30,20:55:00,90.735,90.87,90.72,90.86,8851,0
2016-06-30,21:00:00,90.86,90.9,90.74,90.83,11400,0
2016-06-30,21:05:00,90.85,90.91,90.68,90.68,12581,0
2016-06-30,21:10:00,90.7,90.77,90.64,90.67,17028,0
2016-06-30,21:15:00,90.69,90.77,90.6,90.71,8955,0
2016-06-30,21:20:00,90.71,90.71,90.45,90.55,43123,0
2016-06-30,21:25:00,90.55,90.64,90.475,90.64,16962,0
2016-06-30,21:30:00,90.62,90.7,90.58,90.6514,8400,0
2016-06-30,21:35:00,90.66,90.68,90.49,90.55,23100,0
2016-06-30,21:40:00,90.5624,90.6,90.48,90.54,31338,0
2016-06-30,21:45:00,90.55,90.55,90.44,90.5,42869,0
2016-06-30,21:50:00,90.5,90.69,90.48,90.52,34085,0
2016-06-30,21:55:00,90.515,90.57,90.49,90.56,95601,0
2016-06-30,22:00:00,90.56,90.67,90.52,90.64,121684,0
2016-07-01,15:35:00,90.8,91.6572,90.64,91.63,109833,0
2016-07-01,15:40:00,91.635,92.55,91.43,92.48,107245,0
2016-07-01,15:45:00,92.57,92.91,92.25,92.82,120155,0
2016-07-01,15:50:00,92.8384,92.8699,92.22,92.48,135466,0
2016-07-01,15:55:00,92.56,92.8599,92.49,92.65,42203,0
2016-07-01,16:00:00,92.69,92.86,92.52,92.71,40454,0
2016-07-01,16:05:00,92.7,93.48,92.68,93.269,54831,0
2016-07-01,16:10:00,93.3149,93.37,92.93,93.1,60250,0
2016-07-01,16:15:00,93.18,93.37,93.03,93.23,73408,0
2016-07-01,16:20:00,93.2225,93.42,93.2225,93.35,43544,0
2016-07-01,16:25:00,93.38,93.53,93.08,93.1101,51378,0
2016-07-01,16:30:00,93.11,93.492,93.07,93.31,15005,0
2016-07-01,16:35:00,93.3,93.307,93.04,93.11,14689,0
2016-07-01,16:40:00,93.145,93.31,93.14,93.22,13243,0
2016-07-01,16:45:00,93.2,93.442,93.19,93.3,23696,0
2016-07-01,16:50:00,93.34,93.38,93.17,93.32,19090,0
2016-07-01,16:55:00,93.4,93.75,93.4,93.64,42787,0
2016-07-01,17:00:00,93.67,93.95,93.66,93.85,26373,0
2016-07-01,17:05:00,93.83,93.87,93.685,93.69,18406,0
2016-07-01,17:10:00,93.72,93.78,93.37,93.39,38523,0
2016-07-01,17:15:00,93.4,93.4,93.14,93.2,46686,0
2016-07-01,17:20:00,93.195,93.2228,92.77,92.77,46418,0
2016-07-01,17:25:00,92.76,92.85,92.45,92.4601,44946,0
2016-07-01,17:30:00,92.45,92.535,92.28,92.41,27178,0
2016-07-01,17:35:00,92.42,92.75,92.27,92.71,31670,0
2016-07-01,17:40:00,92.76,92.86,92.46,92.5,22621,0
2016-07-01,17:45:00,92.48,92.59,92.25,92.54,20413,0
2016-07-01,17:50:00,92.48,92.48,92.27,92.3,20617,0
2016-07-01,17:55:00,92.3527,92.61,92.33,92.53,23108,0
2016-07-01,18:00:00,92.56,92.68,92.36,92.405,41253,0
2016-07-01,18:05:00,92.3966,92.4691,91.982,92.016,32835,0
2016-07-01,18:10:00,92.07,92.32,92.07,92.19,17653,0
2016-07-01,18:15:00,92.18,92.263,92.06,92.263,19430,0
2016-07-01,18:20:00,92.27,92.29,92.17,92.21,9504,0
2016-07-01,18:25:00,92.22,92.255,92.01,92.21,27432,0
2016-07-01,18:30:00,92.19,92.24,91.977,92,33504,0
2016-07-01,18:35:00,91.99,92.03,91.76,91.82,56791,0
2016-07-01,18:40:00,91.8,91.8,91.64,91.655,19708,0
2016-07-01,18:45:00,91.65,91.85,91.56,91.8275,23390,0
2016-07-01,18:50:00,91.83,92.0599,91.83,92.01,26186,0
2016-07-01,18:55:00,91.98,92.2,91.91,92.14,10679,0
2016-07-01,19:00:00,92.12,92.5,92.12,92.32,34602,0
2016-07-01,19:05:00,92.34,92.44,92.25,92.38,10298,0
2016-07-01,19:10:00,92.384,92.5,92.34,92.34,9790,0
2016-07-01,19:15:00,92.34,92.4799,92.2301,92.26,24892,0
2016-07-01,19:20:00,92.22,92.28,92.185,92.27,9258,0
2016-07-01,19:25:00,92.25,92.28,92.15,92.259,6311,0
2016-07-01,19:30:00,92.31,92.33,91.794,91.84,24975,0
2016-07-01,19:35:00,91.8,92.02,91.727,92.0198,36115,0
2016-07-01,19:40:00,92,92,91.8,91.85,10659,0
2016-07-01,19:45:00,91.88,92.01,91.79,91.96,13929,0
2016-07-01,19:50:00,91.98,92.1512,91.84,92.12,8288,0
2016-07-01,19:55:00,92.13,92.13,92.0001,92.11,5927,0
2016-07-01,20:00:00,92.1,92.2,92.01,92.02,9663,0
2016-07-01,20:05:00,92.05,92.11,91.95,91.9725,11382,0
2016-07-01,20:10:00,91.97,91.97,91.8,91.825,27532,0
2016-07-01,20:15:00,91.8001,91.92,91.79,91.79,6500,0
2016-07-01,20:20:00,91.79,91.84,91.76,91.84,6050,0
2016-07-01,20:25:00,91.82,91.86,91.72,91.75,6690,0
2016-07-01,20:30:00,91.79,91.8,91.63,91.69,11452,0
2016-07-01,20:35:00,91.696,91.75,91.58,91.58,5200,0
2016-07-01,20:40:00,91.56,91.68,91.56,91.61,8410,0
2016-07-01,20:45:00,91.61,91.61,91.3,91.48,41425,0
2016-07-01,20:50:00,91.5,91.62,91.47,91.62,23980,0
2016-07-01,20:55:00,91.63,91.85,91.63,91.69,20873,0
2016-07-01,21:00:00,91.67,92.02,91.67,92.02,10000,0
2016-07-01,21:05:00,92.01,92.1,91.94,91.94,12904,0
2016-07-01,21:10:00,91.93,92.24,91.93,92.14,15741,0
2016-07-01,21:15:00,92.15,92.2,91.86,91.885,44633,0
2016-07-01,21:20:00,91.91,92.05,91.85,92.03,20156,0
2016-07-01,21:25:00,92.035,92.05,91.94,91.94,33657,0
2016-07-01,21:30:00,91.97,92.04,91.89,91.93,19463,0
2016-07-01,21:35:00,91.93,92.01,91.79,91.89,41720,0
2016-07-01,21:40:00,91.92,91.95,91.58,91.77,28180,0
2016-07-01,21:45:00,91.775,91.82,91.68,91.69,31544,0
2016-07-01,21:50:00,91.7,91.82,91.69,91.775,45838,0
2016-07-01,21:55:00,91.79,91.81,91.67,91.67,35243,0
2016-07-01,22:00:00,91.7,91.93,91.68,91.79,140869,0
